 LHC=           1 sqrts=   8000.0000000000000      ang=           4 mode=fital                                                                                               scalescheme=           1 R=  0.69999999999999996     
 NNPDF23_nlo_as_0118                                                                                           50
 Bin information: chid, chiu, md, mu, mu0
   0.0000000000000000       0.50000000000000000        114.00000000000000        133.00000000000000        123.50000000000000     
 9 scales(muf, mur)*(LO(38), NLO(38))
  0.500  0.500
  -0.1013D+02   0.0000D+00  -0.1550D+02   0.0000D+00   0.0000D+00   0.0000D+00  -0.1621D+02   0.0000D+00  -0.1013D+02   0.0000D+00  -0.1550D+02   0.0000D+00
   0.5130D+00   0.0000D+00   0.9513D-01   0.0000D+00   0.1120D+00   0.0000D+00   0.2216D+00   0.0000D+00   0.4924D-01   0.0000D+00   0.0000D+00   0.0000D+00   0.5130D+00   0.0000D+00   0.9513D-01   0.0000D+00   0.1120D+00   0.0000D+00
   0.0000D+00   0.0000D+00   0.0000D+00   0.0000D+00   0.0000D+00   0.0000D+00   0.0000D+00   0.0000D+00
  -0.6947D+01   0.2711D+01  -0.1247D+02   0.1626D+01   0.1310D+01  -0.1949D+01  -0.1441D+02  -0.1688D+00  -0.6947D+01   0.2711D+01  -0.1247D+02   0.1626D+01
   0.8214D+00  -0.1650D-01   0.1520D+00  -0.7234D-02   0.1299D+00  -0.5785D-01   0.3289D+00   0.0000D+00   0.8440D-01   0.7228D-02   0.3283D-02   0.2365D-01   0.8214D+00  -0.1650D-01   0.1520D+00  -0.7234D-02   0.1299D+00  -0.5785D-01
  -0.6558D-03  -0.6343D-02  -0.3876D-02  -0.1248D-01  -0.6558D-03  -0.6343D-02  -0.3876D-02  -0.1248D-01
  0.500  1.000
  -0.9119D+01   0.0000D+00  -0.1395D+02   0.0000D+00   0.0000D+00   0.0000D+00  -0.1459D+02   0.0000D+00  -0.9119D+01   0.0000D+00  -0.1395D+02   0.0000D+00
   0.5130D+00   0.0000D+00   0.9513D-01   0.0000D+00   0.1120D+00   0.0000D+00   0.2216D+00   0.0000D+00   0.4924D-01   0.0000D+00   0.0000D+00   0.0000D+00   0.5130D+00   0.0000D+00   0.9513D-01   0.0000D+00   0.1120D+00   0.0000D+00
   0.0000D+00   0.0000D+00   0.0000D+00   0.0000D+00   0.0000D+00   0.0000D+00   0.0000D+00   0.0000D+00
  -0.7421D+01   0.2196D+01  -0.1284D+02   0.1317D+01   0.1060D+01  -0.1578D+01  -0.1454D+02  -0.1367D+00  -0.7421D+01   0.2196D+01  -0.1284D+02   0.1317D+01
   0.7930D+00  -0.1485D-01   0.1467D+00  -0.6510D-02   0.1286D+00  -0.5206D-01   0.3190D+00   0.0000D+00   0.8110D-01   0.6505D-02   0.3004D-02   0.2129D-01   0.7930D+00  -0.1485D-01   0.1467D+00  -0.6510D-02   0.1286D+00  -0.5206D-01
  -0.5900D-03  -0.5709D-02  -0.3488D-02  -0.1124D-01  -0.5900D-03  -0.5709D-02  -0.3488D-02  -0.1124D-01
  0.500  2.000
  -0.8328D+01   0.0000D+00  -0.1274D+02   0.0000D+00   0.0000D+00   0.0000D+00  -0.1333D+02   0.0000D+00  -0.8328D+01   0.0000D+00  -0.1274D+02   0.0000D+00
   0.5130D+00   0.0000D+00   0.9513D-01   0.0000D+00   0.1120D+00   0.0000D+00   0.2216D+00   0.0000D+00   0.4924D-01   0.0000D+00   0.0000D+00   0.0000D+00   0.5130D+00   0.0000D+00   0.9513D-01   0.0000D+00   0.1120D+00   0.0000D+00
   0.0000D+00   0.0000D+00   0.0000D+00   0.0000D+00   0.0000D+00   0.0000D+00   0.0000D+00   0.0000D+00
  -0.7648D+01   0.1831D+01  -0.1294D+02   0.1098D+01   0.8831D+00  -0.1316D+01  -0.1446D+02  -0.1140D+00  -0.7648D+01   0.1831D+01  -0.1294D+02   0.1098D+01
   0.7707D+00  -0.1356D-01   0.1426D+00  -0.5946D-02   0.1277D+00  -0.4755D-01   0.3111D+00   0.0000D+00   0.7850D-01   0.5942D-02   0.2776D-02   0.1944D-01   0.7707D+00  -0.1356D-01   0.1426D+00  -0.5946D-02   0.1277D+00  -0.4755D-01
  -0.5387D-03  -0.5215D-02  -0.3185D-02  -0.1026D-01  -0.5387D-03  -0.5215D-02  -0.3185D-02  -0.1026D-01
  1.000  0.500
  -0.1025D+02   0.0000D+00  -0.1600D+02   0.0000D+00   0.0000D+00   0.0000D+00  -0.1692D+02   0.0000D+00  -0.1025D+02   0.0000D+00  -0.1600D+02   0.0000D+00
   0.5294D+00   0.0000D+00   0.9804D-01   0.0000D+00   0.1138D+00   0.0000D+00   0.2300D+00   0.0000D+00   0.5111D-01   0.0000D+00   0.0000D+00   0.0000D+00   0.5294D+00   0.0000D+00   0.9804D-01   0.0000D+00   0.1138D+00   0.0000D+00
   0.0000D+00   0.0000D+00   0.0000D+00   0.0000D+00   0.0000D+00   0.0000D+00   0.0000D+00   0.0000D+00
  -0.6857D+01   0.2827D+01  -0.1242D+02   0.1686D+01   0.1336D+01  -0.2030D+01  -0.1476D+02  -0.1739D+00  -0.6857D+01   0.2827D+01  -0.1242D+02   0.1686D+01
   0.7991D+00  -0.1662D-01   0.1473D+00  -0.7397D-02   0.1232D+00  -0.5973D-01   0.3219D+00   0.0000D+00   0.8287D-01   0.7470D-02   0.3713D-02   0.2445D-01   0.7991D+00  -0.1662D-01   0.1473D+00  -0.7397D-02   0.1232D+00  -0.5973D-01
  -0.6787D-03  -0.6579D-02  -0.4093D-02  -0.1282D-01  -0.6787D-03  -0.6579D-02  -0.4093D-02  -0.1282D-01
  1.000  1.000
  -0.9227D+01   0.0000D+00  -0.1440D+02   0.0000D+00   0.0000D+00   0.0000D+00  -0.1523D+02   0.0000D+00  -0.9227D+01   0.0000D+00  -0.1440D+02   0.0000D+00
   0.5294D+00   0.0000D+00   0.9804D-01   0.0000D+00   0.1138D+00   0.0000D+00   0.2300D+00   0.0000D+00   0.5111D-01   0.0000D+00   0.0000D+00   0.0000D+00   0.5294D+00   0.0000D+00   0.9804D-01   0.0000D+00   0.1138D+00   0.0000D+00
   0.0000D+00   0.0000D+00   0.0000D+00   0.0000D+00   0.0000D+00   0.0000D+00   0.0000D+00   0.0000D+00
  -0.7372D+01   0.2289D+01  -0.1289D+02   0.1366D+01   0.1082D+01  -0.1644D+01  -0.1495D+02  -0.1409D+00  -0.7372D+01   0.2289D+01  -0.1289D+02   0.1366D+01
   0.7774D+00  -0.1496D-01   0.1432D+00  -0.6657D-02   0.1237D+00  -0.5375D-01   0.3140D+00   0.0000D+00   0.8005D-01   0.6723D-02   0.3371D-02   0.2200D-01   0.7774D+00  -0.1496D-01   0.1432D+00  -0.6657D-02   0.1237D+00  -0.5375D-01
  -0.6107D-03  -0.5921D-02  -0.3683D-02  -0.1153D-01  -0.6107D-03  -0.5921D-02  -0.3683D-02  -0.1153D-01
  1.000  2.000
  -0.8427D+01   0.0000D+00  -0.1315D+02   0.0000D+00   0.0000D+00   0.0000D+00  -0.1391D+02   0.0000D+00  -0.8427D+01   0.0000D+00  -0.1315D+02   0.0000D+00
   0.5294D+00   0.0000D+00   0.9804D-01   0.0000D+00   0.1138D+00   0.0000D+00   0.2300D+00   0.0000D+00   0.5111D-01   0.0000D+00   0.0000D+00   0.0000D+00   0.5294D+00   0.0000D+00   0.9804D-01   0.0000D+00   0.1138D+00   0.0000D+00
   0.0000D+00   0.0000D+00   0.0000D+00   0.0000D+00   0.0000D+00   0.0000D+00   0.0000D+00   0.0000D+00
  -0.7620D+01   0.1909D+01  -0.1305D+02   0.1139D+01   0.9014D+00  -0.1371D+01  -0.1490D+02  -0.1175D+00  -0.7620D+01   0.1909D+01  -0.1305D+02   0.1139D+01
   0.7534D+00  -0.1366D-01   0.1389D+00  -0.6080D-02   0.1218D+00  -0.4909D-01   0.3066D+00   0.0000D+00   0.7747D-01   0.6140D-02   0.3125D-02   0.2010D-01   0.7534D+00  -0.1366D-01   0.1389D+00  -0.6080D-02   0.1218D+00  -0.4909D-01
  -0.5575D-03  -0.5408D-02  -0.3363D-02  -0.1053D-01  -0.5575D-03  -0.5408D-02  -0.3363D-02  -0.1053D-01
  2.000  0.500
  -0.1022D+02   0.0000D+00  -0.1641D+02   0.0000D+00   0.0000D+00   0.0000D+00  -0.1726D+02   0.0000D+00  -0.1022D+02   0.0000D+00  -0.1641D+02   0.0000D+00
   0.5351D+00   0.0000D+00   0.1001D+00   0.0000D+00   0.1147D+00   0.0000D+00   0.2322D+00   0.0000D+00   0.5159D-01   0.0000D+00   0.0000D+00   0.0000D+00   0.5351D+00   0.0000D+00   0.1001D+00   0.0000D+00   0.1147D+00   0.0000D+00
   0.0000D+00   0.0000D+00   0.0000D+00   0.0000D+00   0.0000D+00   0.0000D+00   0.0000D+00   0.0000D+00
  -0.6671D+01   0.2876D+01  -0.1269D+02   0.1722D+01   0.1352D+01  -0.2081D+01  -0.1478D+02  -0.1756D+00  -0.6671D+01   0.2876D+01  -0.1269D+02   0.1722D+01
   0.7707D+00  -0.1676D-01   0.1448D+00  -0.7549D-02   0.1172D+00  -0.6088D-01   0.3116D+00   0.0000D+00   0.8149D-01   0.7552D-02   0.3248D-02   0.2471D-01   0.7707D+00  -0.1676D-01   0.1448D+00  -0.7549D-02   0.1172D+00  -0.6088D-01
  -0.7029D-03  -0.6570D-02  -0.4218D-02  -0.1304D-01  -0.7029D-03  -0.6570D-02  -0.4218D-02  -0.1304D-01
  2.000  1.000
  -0.9196D+01   0.0000D+00  -0.1477D+02   0.0000D+00   0.0000D+00   0.0000D+00  -0.1553D+02   0.0000D+00  -0.9196D+01   0.0000D+00  -0.1477D+02   0.0000D+00
   0.5351D+00   0.0000D+00   0.1001D+00   0.0000D+00   0.1147D+00   0.0000D+00   0.2322D+00   0.0000D+00   0.5159D-01   0.0000D+00   0.0000D+00   0.0000D+00   0.5351D+00   0.0000D+00   0.1001D+00   0.0000D+00   0.1147D+00   0.0000D+00
   0.0000D+00   0.0000D+00   0.0000D+00   0.0000D+00   0.0000D+00   0.0000D+00   0.0000D+00   0.0000D+00
  -0.7226D+01   0.2329D+01  -0.1320D+02   0.1395D+01   0.1095D+01  -0.1685D+01  -0.1503D+02  -0.1422D+00  -0.7226D+01   0.2329D+01  -0.1320D+02   0.1395D+01
   0.7599D+00  -0.1508D-01   0.1425D+00  -0.6794D-02   0.1205D+00  -0.5479D-01   0.3065D+00   0.0000D+00   0.7935D-01   0.6796D-02   0.2978D-02   0.2224D-01   0.7599D+00  -0.1508D-01   0.1425D+00  -0.6794D-02   0.1205D+00  -0.5479D-01
  -0.6324D-03  -0.5913D-02  -0.3796D-02  -0.1174D-01  -0.6324D-03  -0.5913D-02  -0.3796D-02  -0.1174D-01
  2.000  2.000
  -0.8399D+01   0.0000D+00  -0.1348D+02   0.0000D+00   0.0000D+00   0.0000D+00  -0.1418D+02   0.0000D+00  -0.8399D+01   0.0000D+00  -0.1348D+02   0.0000D+00
   0.5351D+00   0.0000D+00   0.1001D+00   0.0000D+00   0.1147D+00   0.0000D+00   0.2322D+00   0.0000D+00   0.5159D-01   0.0000D+00   0.0000D+00   0.0000D+00   0.5351D+00   0.0000D+00   0.1001D+00   0.0000D+00   0.1147D+00   0.0000D+00
   0.0000D+00   0.0000D+00   0.0000D+00   0.0000D+00   0.0000D+00   0.0000D+00   0.0000D+00   0.0000D+00
  -0.7516D+01   0.1942D+01  -0.1339D+02   0.1163D+01   0.9121D+00  -0.1406D+01  -0.1504D+02  -0.1186D+00  -0.7516D+01   0.1942D+01  -0.1339D+02   0.1163D+01
   0.7553D+00  -0.1378D-01   0.1413D+00  -0.6205D-02   0.1244D+00  -0.5004D-01   0.3032D+00   0.0000D+00   0.7791D-01   0.6207D-02   0.2761D-02   0.2031D-01   0.7553D+00  -0.1378D-01   0.1413D+00  -0.6205D-02   0.1244D+00  -0.5004D-01
  -0.5774D-03  -0.5400D-02  -0.3467D-02  -0.1072D-01  -0.5774D-03  -0.5400D-02  -0.3467D-02  -0.1072D-01
