 LHC=           1 sqrts=   8000.0000000000000      ang=           4 mode=fital                                                                                               scalescheme=           1 R=  0.69999999999999996     
 CT10nlo_rand5678                                                                                             336
 Bin information: chid, chiu, md, mu, mu0
   0.0000000000000000       0.50000000000000000        592.00000000000000        638.00000000000000        615.00000000000000     
 9 scales(muf, mur)*(LO(38), NLO(38))
  0.500  0.500
  -0.5705D+00   0.0000D+00  -0.5055D+00   0.0000D+00   0.0000D+00   0.0000D+00  -0.3627D+00   0.0000D+00  -0.5705D+00   0.0000D+00  -0.5055D+00   0.0000D+00
   0.5451D+00   0.0000D+00   0.9072D-01   0.0000D+00   0.1834D+00   0.0000D+00   0.1469D+00   0.0000D+00   0.3264D-01   0.0000D+00   0.0000D+00   0.0000D+00   0.5451D+00   0.0000D+00   0.9072D-01   0.0000D+00   0.1834D+00   0.0000D+00
   0.0000D+00   0.0000D+00   0.0000D+00   0.0000D+00   0.0000D+00   0.0000D+00   0.0000D+00   0.0000D+00
  -0.4321D+00   0.6648D-01  -0.4376D+00   0.3882D-01   0.4090D-01  -0.3461D-01  -0.3310D+00   0.5761D-02  -0.4321D+00   0.6648D-01  -0.4376D+00   0.3882D-01
   0.4500D+00  -0.2137D-01   0.7779D-01  -0.7082D-02   0.1010D+00  -0.4743D-01   0.1315D+00   0.0000D+00   0.3301D-01   0.3804D-02  -0.3221D-02   0.1245D-01   0.4500D+00  -0.2137D-01   0.7779D-01  -0.7082D-02   0.1010D+00  -0.4743D-01
  -0.1961D-02  -0.6231D-02  -0.3411D-02  -0.8021D-02  -0.1961D-02  -0.6231D-02  -0.3411D-02  -0.8021D-02
  0.500  1.000
  -0.5246D+00   0.0000D+00  -0.4648D+00   0.0000D+00   0.0000D+00   0.0000D+00  -0.3335D+00   0.0000D+00  -0.5246D+00   0.0000D+00  -0.4648D+00   0.0000D+00
   0.5451D+00   0.0000D+00   0.9072D-01   0.0000D+00   0.1834D+00   0.0000D+00   0.1469D+00   0.0000D+00   0.3264D-01   0.0000D+00   0.0000D+00   0.0000D+00   0.5451D+00   0.0000D+00   0.9072D-01   0.0000D+00   0.1834D+00   0.0000D+00
   0.0000D+00   0.0000D+00   0.0000D+00   0.0000D+00   0.0000D+00   0.0000D+00   0.0000D+00   0.0000D+00
  -0.4484D+00   0.5620D-01  -0.4436D+00   0.3282D-01   0.3458D-01  -0.2925D-01  -0.3327D+00   0.4870D-02  -0.4484D+00   0.5620D-01  -0.4436D+00   0.3282D-01
   0.4578D+00  -0.1965D-01   0.7885D-01  -0.6511D-02   0.1076D+00  -0.4361D-01   0.1328D+00   0.0000D+00   0.3298D-01   0.3497D-02  -0.2961D-02   0.1145D-01   0.4578D+00  -0.1965D-01   0.7885D-01  -0.6511D-02   0.1076D+00  -0.4361D-01
  -0.1803D-02  -0.5729D-02  -0.3136D-02  -0.7374D-02  -0.1803D-02  -0.5729D-02  -0.3136D-02  -0.7374D-02
  0.500  2.000
  -0.4855D+00   0.0000D+00  -0.4302D+00   0.0000D+00   0.0000D+00   0.0000D+00  -0.3087D+00   0.0000D+00  -0.4855D+00   0.0000D+00  -0.4302D+00   0.0000D+00
   0.5451D+00   0.0000D+00   0.9072D-01   0.0000D+00   0.1834D+00   0.0000D+00   0.1469D+00   0.0000D+00   0.3264D-01   0.0000D+00   0.0000D+00   0.0000D+00   0.5451D+00   0.0000D+00   0.9072D-01   0.0000D+00   0.1834D+00   0.0000D+00
   0.0000D+00   0.0000D+00   0.0000D+00   0.0000D+00   0.0000D+00   0.0000D+00   0.0000D+00   0.0000D+00
  -0.4553D+00   0.4815D-01  -0.4430D+00   0.2812D-01   0.2963D-01  -0.2506D-01  -0.3302D+00   0.4173D-02  -0.4553D+00   0.4815D-01  -0.4430D+00   0.2812D-01
   0.4644D+00  -0.1818D-01   0.7975D-01  -0.6027D-02   0.1133D+00  -0.4036D-01   0.1339D+00   0.0000D+00   0.3296D-01   0.3237D-02  -0.2741D-02   0.1059D-01   0.4644D+00  -0.1818D-01   0.7975D-01  -0.6027D-02   0.1133D+00  -0.4036D-01
  -0.1668D-02  -0.5303D-02  -0.2903D-02  -0.6826D-02  -0.1668D-02  -0.5303D-02  -0.2903D-02  -0.6826D-02
  1.000  0.500
  -0.5270D+00   0.0000D+00  -0.4682D+00   0.0000D+00   0.0000D+00   0.0000D+00  -0.3343D+00   0.0000D+00  -0.5270D+00   0.0000D+00  -0.4682D+00   0.0000D+00
   0.5032D+00   0.0000D+00   0.8339D-01   0.0000D+00   0.1697D+00   0.0000D+00   0.1355D+00   0.0000D+00   0.3010D-01   0.0000D+00   0.0000D+00   0.0000D+00   0.5032D+00   0.0000D+00   0.8339D-01   0.0000D+00   0.1697D+00   0.0000D+00
   0.0000D+00   0.0000D+00   0.0000D+00   0.0000D+00   0.0000D+00   0.0000D+00   0.0000D+00   0.0000D+00
  -0.4423D+00   0.6157D-01  -0.4423D+00   0.3586D-01   0.3790D-01  -0.3187D-01  -0.3306D+00   0.5366D-02  -0.4423D+00   0.6157D-01  -0.4423D+00   0.3586D-01
   0.4535D+00  -0.1976D-01   0.7766D-01  -0.6541D-02   0.1059D+00  -0.4375D-01   0.1317D+00   0.0000D+00   0.3274D-01   0.3506D-02  -0.3007D-02   0.1147D-01   0.4535D+00  -0.1976D-01   0.7766D-01  -0.6541D-02   0.1059D+00  -0.4375D-01
  -0.1816D-02  -0.5768D-02  -0.3154D-02  -0.7423D-02  -0.1816D-02  -0.5768D-02  -0.3154D-02  -0.7423D-02
  1.000  1.000
  -0.4846D+00   0.0000D+00  -0.4305D+00   0.0000D+00   0.0000D+00   0.0000D+00  -0.3074D+00   0.0000D+00  -0.4846D+00   0.0000D+00  -0.4305D+00   0.0000D+00
   0.5032D+00   0.0000D+00   0.8339D-01   0.0000D+00   0.1697D+00   0.0000D+00   0.1355D+00   0.0000D+00   0.3010D-01   0.0000D+00   0.0000D+00   0.0000D+00   0.5032D+00   0.0000D+00   0.8339D-01   0.0000D+00   0.1697D+00   0.0000D+00
   0.0000D+00   0.0000D+00   0.0000D+00   0.0000D+00   0.0000D+00   0.0000D+00   0.0000D+00   0.0000D+00
  -0.4507D+00   0.5205D-01  -0.4421D+00   0.3032D-01   0.3203D-01  -0.2694D-01  -0.3282D+00   0.4536D-02  -0.4507D+00   0.5205D-01  -0.4421D+00   0.3032D-01
   0.4576D+00  -0.1816D-01   0.7815D-01  -0.6014D-02   0.1111D+00  -0.4022D-01   0.1321D+00   0.0000D+00   0.3254D-01   0.3223D-02  -0.2765D-02   0.1055D-01   0.4576D+00  -0.1816D-01   0.7815D-01  -0.6014D-02   0.1111D+00  -0.4022D-01
  -0.1669D-02  -0.5304D-02  -0.2900D-02  -0.6825D-02  -0.1669D-02  -0.5304D-02  -0.2900D-02  -0.6825D-02
  1.000  2.000
  -0.4485D+00   0.0000D+00  -0.3985D+00   0.0000D+00   0.0000D+00   0.0000D+00  -0.2845D+00   0.0000D+00  -0.4485D+00   0.0000D+00  -0.3985D+00   0.0000D+00
   0.5032D+00   0.0000D+00   0.8339D-01   0.0000D+00   0.1697D+00   0.0000D+00   0.1355D+00   0.0000D+00   0.3010D-01   0.0000D+00   0.0000D+00   0.0000D+00   0.5032D+00   0.0000D+00   0.8339D-01   0.0000D+00   0.1697D+00   0.0000D+00
   0.0000D+00   0.0000D+00   0.0000D+00   0.0000D+00   0.0000D+00   0.0000D+00   0.0000D+00   0.0000D+00
  -0.4518D+00   0.4459D-01  -0.4371D+00   0.2597D-01   0.2745D-01  -0.2308D-01  -0.3228D+00   0.3886D-02  -0.4518D+00   0.4459D-01  -0.4371D+00   0.2597D-01
   0.4611D+00  -0.1681D-01   0.7855D-01  -0.5566D-02   0.1154D+00  -0.3723D-01   0.1323D+00   0.0000D+00   0.3236D-01   0.2984D-02  -0.2560D-02   0.9764D-02   0.4611D+00  -0.1681D-01   0.7855D-01  -0.5566D-02   0.1154D+00  -0.3723D-01
  -0.1545D-02  -0.4909D-02  -0.2685D-02  -0.6317D-02  -0.1545D-02  -0.4909D-02  -0.2685D-02  -0.6317D-02
  2.000  0.500
  -0.4896D+00   0.0000D+00  -0.4345D+00   0.0000D+00   0.0000D+00   0.0000D+00  -0.3100D+00   0.0000D+00  -0.4896D+00   0.0000D+00  -0.4345D+00   0.0000D+00
   0.4657D+00   0.0000D+00   0.7732D-01   0.0000D+00   0.1573D+00   0.0000D+00   0.1251D+00   0.0000D+00   0.2780D-01   0.0000D+00   0.0000D+00   0.0000D+00   0.4657D+00   0.0000D+00   0.7732D-01   0.0000D+00   0.1573D+00   0.0000D+00
   0.0000D+00   0.0000D+00   0.0000D+00   0.0000D+00   0.0000D+00   0.0000D+00   0.0000D+00   0.0000D+00
  -0.4500D+00   0.5720D-01  -0.4458D+00   0.3328D-01   0.3493D-01  -0.2954D-01  -0.3325D+00   0.5012D-02  -0.4500D+00   0.5720D-01  -0.4458D+00   0.3328D-01
   0.4565D+00  -0.1833D-01   0.7824D-01  -0.6058D-02   0.1111D+00  -0.4055D-01   0.1321D+00   0.0000D+00   0.3251D-01   0.3237D-02  -0.2771D-02   0.1060D-01   0.4565D+00  -0.1833D-01   0.7824D-01  -0.6058D-02   0.1111D+00  -0.4055D-01
  -0.1690D-02  -0.5321D-02  -0.2927D-02  -0.6837D-02  -0.1690D-02  -0.5321D-02  -0.2927D-02  -0.6837D-02
  2.000  1.000
  -0.4501D+00   0.0000D+00  -0.3995D+00   0.0000D+00   0.0000D+00   0.0000D+00  -0.2850D+00   0.0000D+00  -0.4501D+00   0.0000D+00  -0.3995D+00   0.0000D+00
   0.4657D+00   0.0000D+00   0.7732D-01   0.0000D+00   0.1573D+00   0.0000D+00   0.1251D+00   0.0000D+00   0.2780D-01   0.0000D+00   0.0000D+00   0.0000D+00   0.4657D+00   0.0000D+00   0.7732D-01   0.0000D+00   0.1573D+00   0.0000D+00
   0.0000D+00   0.0000D+00   0.0000D+00   0.0000D+00   0.0000D+00   0.0000D+00   0.0000D+00   0.0000D+00
  -0.4517D+00   0.4836D-01  -0.4401D+00   0.2813D-01   0.2953D-01  -0.2497D-01  -0.3262D+00   0.4237D-02  -0.4517D+00   0.4836D-01  -0.4401D+00   0.2813D-01
   0.4574D+00  -0.1685D-01   0.7818D-01  -0.5570D-02   0.1149D+00  -0.3728D-01   0.1316D+00   0.0000D+00   0.3214D-01   0.2977D-02  -0.2548D-02   0.9741D-02   0.4574D+00  -0.1685D-01   0.7818D-01  -0.5570D-02   0.1149D+00  -0.3728D-01
  -0.1554D-02  -0.4892D-02  -0.2691D-02  -0.6286D-02  -0.1554D-02  -0.4892D-02  -0.2691D-02  -0.6286D-02
  2.000  2.000
  -0.4166D+00   0.0000D+00  -0.3698D+00   0.0000D+00   0.0000D+00   0.0000D+00  -0.2638D+00   0.0000D+00  -0.4166D+00   0.0000D+00  -0.3698D+00   0.0000D+00
   0.4657D+00   0.0000D+00   0.7732D-01   0.0000D+00   0.1573D+00   0.0000D+00   0.1251D+00   0.0000D+00   0.2780D-01   0.0000D+00   0.0000D+00   0.0000D+00   0.4657D+00   0.0000D+00   0.7732D-01   0.0000D+00   0.1573D+00   0.0000D+00
   0.0000D+00   0.0000D+00   0.0000D+00   0.0000D+00   0.0000D+00   0.0000D+00   0.0000D+00   0.0000D+00
  -0.4480D+00   0.4143D-01  -0.4312D+00   0.2410D-01   0.2530D-01  -0.2139D-01  -0.3181D+00   0.3630D-02  -0.4480D+00   0.4143D-01  -0.4312D+00   0.2410D-01
   0.4581D+00  -0.1560D-01   0.7813D-01  -0.5155D-02   0.1181D+00  -0.3451D-01   0.1311D+00   0.0000D+00   0.3182D-01   0.2755D-02  -0.2359D-02   0.9017D-02   0.4581D+00  -0.1560D-01   0.7813D-01  -0.5155D-02   0.1181D+00  -0.3451D-01
  -0.1438D-02  -0.4528D-02  -0.2491D-02  -0.5818D-02  -0.1438D-02  -0.4528D-02  -0.2491D-02  -0.5818D-02
