 LHC=           1 sqrts=   8000.0000000000000      ang=           4 mode=fital                                                                                               scalescheme=           1 R=  0.69999999999999996     
 CT10nlo_rand5678                                                                                             490
 Bin information: chid, chiu, md, mu, mu0
   0.0000000000000000       0.50000000000000000        638.00000000000000        686.00000000000000        662.00000000000000     
 9 scales(muf, mur)*(LO(38), NLO(38))
  0.500  0.500
  -0.4701D+00   0.0000D+00  -0.3882D+00   0.0000D+00   0.0000D+00   0.0000D+00  -0.2648D+00   0.0000D+00  -0.4701D+00   0.0000D+00  -0.3882D+00   0.0000D+00
   0.4916D+00   0.0000D+00   0.8011D-01   0.0000D+00   0.1754D+00   0.0000D+00   0.1237D+00   0.0000D+00   0.2748D-01   0.0000D+00   0.0000D+00   0.0000D+00   0.4916D+00   0.0000D+00   0.8011D-01   0.0000D+00   0.1754D+00   0.0000D+00
   0.0000D+00   0.0000D+00   0.0000D+00   0.0000D+00   0.0000D+00   0.0000D+00   0.0000D+00   0.0000D+00
  -0.3624D+00   0.5033D-01  -0.3360D+00   0.2953D-01   0.3152D-01  -0.2500D-01  -0.2390D+00   0.5132D-02  -0.3624D+00   0.5033D-01  -0.3360D+00   0.2953D-01
   0.3998D+00  -0.2024D-01   0.6713D-01  -0.6473D-02   0.9786D-01  -0.4220D-01   0.1102D+00   0.0000D+00   0.2738D-01   0.3171D-02  -0.3310D-02   0.1038D-01   0.3998D+00  -0.2024D-01   0.6713D-01  -0.6473D-02   0.9786D-01  -0.4220D-01
  -0.1901D-02  -0.5730D-02  -0.2972D-02  -0.6899D-02  -0.1901D-02  -0.5730D-02  -0.2972D-02  -0.6899D-02
  0.500  1.000
  -0.4325D+00   0.0000D+00  -0.3572D+00   0.0000D+00   0.0000D+00   0.0000D+00  -0.2437D+00   0.0000D+00  -0.4325D+00   0.0000D+00  -0.3572D+00   0.0000D+00
   0.4916D+00   0.0000D+00   0.8011D-01   0.0000D+00   0.1754D+00   0.0000D+00   0.1237D+00   0.0000D+00   0.2748D-01   0.0000D+00   0.0000D+00   0.0000D+00   0.4916D+00   0.0000D+00   0.8011D-01   0.0000D+00   0.1754D+00   0.0000D+00
   0.0000D+00   0.0000D+00   0.0000D+00   0.0000D+00   0.0000D+00   0.0000D+00   0.0000D+00   0.0000D+00
  -0.3748D+00   0.4261D-01  -0.3405D+00   0.2500D-01   0.2669D-01  -0.2116D-01  -0.2407D+00   0.4345D-02  -0.3748D+00   0.4261D-01  -0.3405D+00   0.2500D-01
   0.4072D+00  -0.1862D-01   0.6818D-01  -0.5956D-02   0.1041D+00  -0.3883D-01   0.1113D+00   0.0000D+00   0.2739D-01   0.2918D-02  -0.3045D-02   0.9550D-02   0.4072D+00  -0.1862D-01   0.6818D-01  -0.5956D-02   0.1041D+00  -0.3883D-01
  -0.1749D-02  -0.5272D-02  -0.2734D-02  -0.6348D-02  -0.1749D-02  -0.5272D-02  -0.2734D-02  -0.6348D-02
  0.500  2.000
  -0.4006D+00   0.0000D+00  -0.3308D+00   0.0000D+00   0.0000D+00   0.0000D+00  -0.2257D+00   0.0000D+00  -0.4006D+00   0.0000D+00  -0.3308D+00   0.0000D+00
   0.4916D+00   0.0000D+00   0.8011D-01   0.0000D+00   0.1754D+00   0.0000D+00   0.1237D+00   0.0000D+00   0.2748D-01   0.0000D+00   0.0000D+00   0.0000D+00   0.4916D+00   0.0000D+00   0.8011D-01   0.0000D+00   0.1754D+00   0.0000D+00
   0.0000D+00   0.0000D+00   0.0000D+00   0.0000D+00   0.0000D+00   0.0000D+00   0.0000D+00   0.0000D+00
  -0.3797D+00   0.3656D-01  -0.3402D+00   0.2145D-01   0.2289D-01  -0.1815D-01  -0.2392D+00   0.3728D-02  -0.3797D+00   0.3656D-01  -0.3402D+00   0.2145D-01
   0.4135D+00  -0.1725D-01   0.6908D-01  -0.5517D-02   0.1094D+00  -0.3596D-01   0.1123D+00   0.0000D+00   0.2740D-01   0.2703D-02  -0.2821D-02   0.8846D-02   0.4135D+00  -0.1725D-01   0.6908D-01  -0.5517D-02   0.1094D+00  -0.3596D-01
  -0.1620D-02  -0.4883D-02  -0.2533D-02  -0.5880D-02  -0.1620D-02  -0.4883D-02  -0.2533D-02  -0.5880D-02
  1.000  0.500
  -0.4319D+00   0.0000D+00  -0.3572D+00   0.0000D+00   0.0000D+00   0.0000D+00  -0.2425D+00   0.0000D+00  -0.4319D+00   0.0000D+00  -0.3572D+00   0.0000D+00
   0.4519D+00   0.0000D+00   0.7359D-01   0.0000D+00   0.1610D+00   0.0000D+00   0.1134D+00   0.0000D+00   0.2519D-01   0.0000D+00   0.0000D+00   0.0000D+00   0.4519D+00   0.0000D+00   0.7359D-01   0.0000D+00   0.1610D+00   0.0000D+00
   0.0000D+00   0.0000D+00   0.0000D+00   0.0000D+00   0.0000D+00   0.0000D+00   0.0000D+00   0.0000D+00
  -0.3666D+00   0.4628D-01  -0.3390D+00   0.2709D-01   0.2902D-01  -0.2290D-01  -0.2391D+00   0.4753D-02  -0.3666D+00   0.4628D-01  -0.3390D+00   0.2709D-01
   0.4034D+00  -0.1858D-01   0.6767D-01  -0.5947D-02   0.1021D+00  -0.3872D-01   0.1103D+00   0.0000D+00   0.2718D-01   0.2907D-02  -0.3004D-02   0.9513D-02   0.4034D+00  -0.1858D-01   0.6767D-01  -0.5947D-02   0.1021D+00  -0.3872D-01
  -0.1745D-02  -0.5267D-02  -0.2734D-02  -0.6325D-02  -0.1745D-02  -0.5267D-02  -0.2734D-02  -0.6325D-02
  1.000  1.000
  -0.3974D+00   0.0000D+00  -0.3287D+00   0.0000D+00   0.0000D+00   0.0000D+00  -0.2231D+00   0.0000D+00  -0.3974D+00   0.0000D+00  -0.3287D+00   0.0000D+00
   0.4519D+00   0.0000D+00   0.7359D-01   0.0000D+00   0.1610D+00   0.0000D+00   0.1134D+00   0.0000D+00   0.2519D-01   0.0000D+00   0.0000D+00   0.0000D+00   0.4519D+00   0.0000D+00   0.7359D-01   0.0000D+00   0.1610D+00   0.0000D+00
   0.0000D+00   0.0000D+00   0.0000D+00   0.0000D+00   0.0000D+00   0.0000D+00   0.0000D+00   0.0000D+00
  -0.3728D+00   0.3918D-01  -0.3386D+00   0.2293D-01   0.2457D-01  -0.1939D-01  -0.2375D+00   0.4024D-02  -0.3728D+00   0.3918D-01  -0.3386D+00   0.2293D-01
   0.4074D+00  -0.1710D-01   0.6816D-01  -0.5472D-02   0.1068D+00  -0.3562D-01   0.1106D+00   0.0000D+00   0.2703D-01   0.2675D-02  -0.2764D-02   0.8753D-02   0.4074D+00  -0.1710D-01   0.6816D-01  -0.5472D-02   0.1068D+00  -0.3562D-01
  -0.1606D-02  -0.4846D-02  -0.2516D-02  -0.5820D-02  -0.1606D-02  -0.4846D-02  -0.2516D-02  -0.5820D-02
  1.000  2.000
  -0.3681D+00   0.0000D+00  -0.3044D+00   0.0000D+00   0.0000D+00   0.0000D+00  -0.2067D+00   0.0000D+00  -0.3681D+00   0.0000D+00  -0.3044D+00   0.0000D+00
   0.4519D+00   0.0000D+00   0.7359D-01   0.0000D+00   0.1610D+00   0.0000D+00   0.1134D+00   0.0000D+00   0.2519D-01   0.0000D+00   0.0000D+00   0.0000D+00   0.4519D+00   0.0000D+00   0.7359D-01   0.0000D+00   0.1610D+00   0.0000D+00
   0.0000D+00   0.0000D+00   0.0000D+00   0.0000D+00   0.0000D+00   0.0000D+00   0.0000D+00   0.0000D+00
  -0.3733D+00   0.3361D-01  -0.3347D+00   0.1967D-01   0.2108D-01  -0.1663D-01  -0.2337D+00   0.3452D-02  -0.3733D+00   0.3361D-01  -0.3347D+00   0.1967D-01
   0.4107D+00  -0.1584D-01   0.6857D-01  -0.5068D-02   0.1108D+00  -0.3300D-01   0.1108D+00   0.0000D+00   0.2690D-01   0.2477D-02  -0.2561D-02   0.8108D-02   0.4107D+00  -0.1584D-01   0.6857D-01  -0.5068D-02   0.1108D+00  -0.3300D-01
  -0.1487D-02  -0.4489D-02  -0.2330D-02  -0.5391D-02  -0.1487D-02  -0.4489D-02  -0.2330D-02  -0.5391D-02
  2.000  0.500
  -0.3990D+00   0.0000D+00  -0.3310D+00   0.0000D+00   0.0000D+00   0.0000D+00  -0.2233D+00   0.0000D+00  -0.3990D+00   0.0000D+00  -0.3310D+00   0.0000D+00
   0.4170D+00   0.0000D+00   0.6794D-01   0.0000D+00   0.1489D+00   0.0000D+00   0.1044D+00   0.0000D+00   0.2320D-01   0.0000D+00   0.0000D+00   0.0000D+00   0.4170D+00   0.0000D+00   0.6794D-01   0.0000D+00   0.1489D+00   0.0000D+00
   0.0000D+00   0.0000D+00   0.0000D+00   0.0000D+00   0.0000D+00   0.0000D+00   0.0000D+00   0.0000D+00
  -0.3765D+00   0.4291D-01  -0.3422D+00   0.2503D-01   0.2638D-01  -0.2109D-01  -0.2393D+00   0.4424D-02  -0.3765D+00   0.4291D-01  -0.3422D+00   0.2503D-01
   0.4069D+00  -0.1718D-01   0.6831D-01  -0.5496D-02   0.1077D+00  -0.3565D-01   0.1105D+00   0.0000D+00   0.2701D-01   0.2677D-02  -0.2739D-02   0.8762D-02   0.4069D+00  -0.1718D-01   0.6831D-01  -0.5496D-02   0.1077D+00  -0.3565D-01
  -0.1617D-02  -0.4847D-02  -0.2530D-02  -0.5827D-02  -0.1617D-02  -0.4847D-02  -0.2530D-02  -0.5827D-02
  2.000  1.000
  -0.3672D+00   0.0000D+00  -0.3046D+00   0.0000D+00   0.0000D+00   0.0000D+00  -0.2055D+00   0.0000D+00  -0.3672D+00   0.0000D+00  -0.3046D+00   0.0000D+00
   0.4170D+00   0.0000D+00   0.6794D-01   0.0000D+00   0.1489D+00   0.0000D+00   0.1044D+00   0.0000D+00   0.2320D-01   0.0000D+00   0.0000D+00   0.0000D+00   0.4170D+00   0.0000D+00   0.6794D-01   0.0000D+00   0.1489D+00   0.0000D+00
   0.0000D+00   0.0000D+00   0.0000D+00   0.0000D+00   0.0000D+00   0.0000D+00   0.0000D+00   0.0000D+00
  -0.3765D+00   0.3633D-01  -0.3376D+00   0.2119D-01   0.2233D-01  -0.1786D-01  -0.2349D+00   0.3745D-02  -0.3765D+00   0.3633D-01  -0.3376D+00   0.2119D-01
   0.4078D+00  -0.1581D-01   0.6829D-01  -0.5057D-02   0.1110D+00  -0.3281D-01   0.1101D+00   0.0000D+00   0.2671D-01   0.2463D-02  -0.2521D-02   0.8062D-02   0.4078D+00  -0.1581D-01   0.6829D-01  -0.5057D-02   0.1110D+00  -0.3281D-01
  -0.1488D-02  -0.4460D-02  -0.2328D-02  -0.5361D-02  -0.1488D-02  -0.4460D-02  -0.2328D-02  -0.5361D-02
  2.000  2.000
  -0.3401D+00   0.0000D+00  -0.2821D+00   0.0000D+00   0.0000D+00   0.0000D+00  -0.1903D+00   0.0000D+00  -0.3401D+00   0.0000D+00  -0.2821D+00   0.0000D+00
   0.4170D+00   0.0000D+00   0.6794D-01   0.0000D+00   0.1489D+00   0.0000D+00   0.1044D+00   0.0000D+00   0.2320D-01   0.0000D+00   0.0000D+00   0.0000D+00   0.4170D+00   0.0000D+00   0.6794D-01   0.0000D+00   0.1489D+00   0.0000D+00
   0.0000D+00   0.0000D+00   0.0000D+00   0.0000D+00   0.0000D+00   0.0000D+00   0.0000D+00   0.0000D+00
  -0.3724D+00   0.3117D-01  -0.3306D+00   0.1818D-01   0.1916D-01  -0.1532D-01  -0.2291D+00   0.3213D-02  -0.3724D+00   0.3117D-01  -0.3306D+00   0.1818D-01
   0.4085D+00  -0.1464D-01   0.6828D-01  -0.4684D-02   0.1138D+00  -0.3038D-01   0.1097D+00   0.0000D+00   0.2645D-01   0.2282D-02  -0.2335D-02   0.7468D-02   0.4085D+00  -0.1464D-01   0.6828D-01  -0.4684D-02   0.1138D+00  -0.3038D-01
  -0.1378D-02  -0.4131D-02  -0.2156D-02  -0.4966D-02  -0.1378D-02  -0.4131D-02  -0.2156D-02  -0.4966D-02
