 LHC=           1 sqrts=   8000.0000000000000      ang=           4 mode=fital                                                                                               scalescheme=           1 R=  0.69999999999999996     
 CT10nlo_rand5678                                                                                             490
 Bin information: chid, chiu, md, mu, mu0
   0.0000000000000000       0.50000000000000000        1327.0000000000000        1410.0000000000000        1368.5000000000000     
 9 scales(muf, mur)*(LO(38), NLO(38))
  0.500  0.500
  -0.3316D-01   0.0000D+00  -0.2191D-01   0.0000D+00   0.0000D+00   0.0000D+00  -0.1023D-01   0.0000D+00  -0.3316D-01   0.0000D+00  -0.2191D-01   0.0000D+00
   0.1288D+00   0.0000D+00   0.1934D-01   0.0000D+00   0.5561D-01   0.0000D+00   0.2030D-01   0.0000D+00   0.4512D-02   0.0000D+00   0.0000D+00   0.0000D+00   0.1288D+00   0.0000D+00   0.1934D-01   0.0000D+00   0.5561D-01   0.0000D+00
   0.0000D+00   0.0000D+00   0.0000D+00   0.0000D+00   0.0000D+00   0.0000D+00   0.0000D+00   0.0000D+00
  -0.2774D-01   0.2516D-02  -0.1937D-01   0.1448D-02   0.1197D-02  -0.8851D-03  -0.8969D-02   0.5112D-03  -0.2774D-01   0.2516D-02  -0.1937D-01   0.1448D-02
   0.9575D-01  -0.5884D-02   0.1471D-01  -0.1691D-02   0.3222D-01  -0.9939D-02   0.1699D-01   0.0000D+00   0.4187D-02   0.4773D-03  -0.8989D-03   0.1562D-02   0.9575D-01  -0.5884D-02   0.1471D-01  -0.1691D-02   0.3222D-01  -0.9939D-02
  -0.6130D-03  -0.1503D-02  -0.6268D-03  -0.1332D-02  -0.6130D-03  -0.1503D-02  -0.6268D-03  -0.1332D-02
  0.500  1.000
  -0.3072D-01   0.0000D+00  -0.2030D-01   0.0000D+00   0.0000D+00   0.0000D+00  -0.9477D-02   0.0000D+00  -0.3072D-01   0.0000D+00  -0.2030D-01   0.0000D+00
   0.1288D+00   0.0000D+00   0.1934D-01   0.0000D+00   0.5561D-01   0.0000D+00   0.2030D-01   0.0000D+00   0.4512D-02   0.0000D+00   0.0000D+00   0.0000D+00   0.1288D+00   0.0000D+00   0.1934D-01   0.0000D+00   0.5561D-01   0.0000D+00
   0.0000D+00   0.0000D+00   0.0000D+00   0.0000D+00   0.0000D+00   0.0000D+00   0.0000D+00   0.0000D+00
  -0.2826D-01   0.2160D-02  -0.1956D-01   0.1243D-02   0.1027D-02  -0.7598D-03  -0.9070D-02   0.4388D-03  -0.2826D-01   0.2160D-02  -0.1956D-01   0.1243D-02
   0.9819D-01  -0.5452D-02   0.1505D-01  -0.1566D-02   0.3394D-01  -0.9209D-02   0.1724D-01   0.0000D+00   0.4212D-02   0.4422D-03  -0.8329D-03   0.1447D-02   0.9819D-01  -0.5452D-02   0.1505D-01  -0.1566D-02   0.3394D-01  -0.9209D-02
  -0.5680D-03  -0.1393D-02  -0.5807D-03  -0.1234D-02  -0.5680D-03  -0.1393D-02  -0.5807D-03  -0.1234D-02
  0.500  2.000
  -0.2862D-01   0.0000D+00  -0.1891D-01   0.0000D+00   0.0000D+00   0.0000D+00  -0.8829D-02   0.0000D+00  -0.2862D-01   0.0000D+00  -0.1891D-01   0.0000D+00
   0.1288D+00   0.0000D+00   0.1934D-01   0.0000D+00   0.5561D-01   0.0000D+00   0.2030D-01   0.0000D+00   0.4512D-02   0.0000D+00   0.0000D+00   0.0000D+00   0.1288D+00   0.0000D+00   0.1934D-01   0.0000D+00   0.5561D-01   0.0000D+00
   0.0000D+00   0.0000D+00   0.0000D+00   0.0000D+00   0.0000D+00   0.0000D+00   0.0000D+00   0.0000D+00
  -0.2838D-01   0.1875D-02  -0.1953D-01   0.1079D-02   0.8918D-03  -0.6595D-03  -0.9062D-02   0.3809D-03  -0.2838D-01   0.1875D-02  -0.1953D-01   0.1079D-02
   0.1003D+00  -0.5079D-02   0.1535D-01  -0.1459D-02   0.3542D-01  -0.8580D-02   0.1745D-01   0.0000D+00   0.4232D-02   0.4120D-03  -0.7760D-03   0.1348D-02   0.1003D+00  -0.5079D-02   0.1535D-01  -0.1459D-02   0.3542D-01  -0.8580D-02
  -0.5292D-03  -0.1298D-02  -0.5410D-03  -0.1150D-02  -0.5292D-03  -0.1298D-02  -0.5410D-03  -0.1150D-02
  1.000  0.500
  -0.2886D-01   0.0000D+00  -0.1906D-01   0.0000D+00   0.0000D+00   0.0000D+00  -0.8894D-02   0.0000D+00  -0.2886D-01   0.0000D+00  -0.1906D-01   0.0000D+00
   0.1120D+00   0.0000D+00   0.1681D-01   0.0000D+00   0.4836D-01   0.0000D+00   0.1766D-01   0.0000D+00   0.3925D-02   0.0000D+00   0.0000D+00   0.0000D+00   0.1120D+00   0.0000D+00   0.1681D-01   0.0000D+00   0.4836D-01   0.0000D+00
   0.0000D+00   0.0000D+00   0.0000D+00   0.0000D+00   0.0000D+00   0.0000D+00   0.0000D+00   0.0000D+00
  -0.2816D-01   0.2188D-02  -0.1951D-01   0.1259D-02   0.1035D-02  -0.7696D-03  -0.9040D-02   0.4454D-03  -0.2816D-01   0.2188D-02  -0.1951D-01   0.1259D-02
   0.9855D-01  -0.5116D-02   0.1512D-01  -0.1469D-02   0.3474D-01  -0.8648D-02   0.1719D-01   0.0000D+00   0.4187D-02   0.4152D-03  -0.7839D-03   0.1359D-02   0.9855D-01  -0.5116D-02   0.1512D-01  -0.1469D-02   0.3474D-01  -0.8648D-02
  -0.5342D-03  -0.1326D-02  -0.5447D-03  -0.1159D-02  -0.5342D-03  -0.1326D-02  -0.5447D-03  -0.1159D-02
  1.000  1.000
  -0.2674D-01   0.0000D+00  -0.1766D-01   0.0000D+00   0.0000D+00   0.0000D+00  -0.8240D-02   0.0000D+00  -0.2674D-01   0.0000D+00  -0.1766D-01   0.0000D+00
   0.1120D+00   0.0000D+00   0.1681D-01   0.0000D+00   0.4836D-01   0.0000D+00   0.1766D-01   0.0000D+00   0.3925D-02   0.0000D+00   0.0000D+00   0.0000D+00   0.1120D+00   0.0000D+00   0.1681D-01   0.0000D+00   0.4836D-01   0.0000D+00
   0.0000D+00   0.0000D+00   0.0000D+00   0.0000D+00   0.0000D+00   0.0000D+00   0.0000D+00   0.0000D+00
  -0.2804D-01   0.1878D-02  -0.1930D-01   0.1081D-02   0.8886D-03  -0.6606D-03  -0.8952D-02   0.3824D-03  -0.2804D-01   0.1878D-02  -0.1930D-01   0.1081D-02
   0.9955D-01  -0.4740D-02   0.1524D-01  -0.1361D-02   0.3575D-01  -0.8012D-02   0.1723D-01   0.0000D+00   0.4168D-02   0.3847D-03  -0.7264D-03   0.1259D-02   0.9955D-01  -0.4740D-02   0.1524D-01  -0.1361D-02   0.3575D-01  -0.8012D-02
  -0.4949D-03  -0.1229D-02  -0.5047D-03  -0.1074D-02  -0.4949D-03  -0.1229D-02  -0.5047D-03  -0.1074D-02
  1.000  2.000
  -0.2491D-01   0.0000D+00  -0.1645D-01   0.0000D+00   0.0000D+00   0.0000D+00  -0.7677D-02   0.0000D+00  -0.2491D-01   0.0000D+00  -0.1645D-01   0.0000D+00
   0.1120D+00   0.0000D+00   0.1681D-01   0.0000D+00   0.4836D-01   0.0000D+00   0.1766D-01   0.0000D+00   0.3925D-02   0.0000D+00   0.0000D+00   0.0000D+00   0.1120D+00   0.0000D+00   0.1681D-01   0.0000D+00   0.4836D-01   0.0000D+00
   0.0000D+00   0.0000D+00   0.0000D+00   0.0000D+00   0.0000D+00   0.0000D+00   0.0000D+00   0.0000D+00
  -0.2769D-01   0.1630D-02  -0.1897D-01   0.9380D-03   0.7714D-03  -0.5734D-03  -0.8804D-02   0.3319D-03  -0.2769D-01   0.1630D-02  -0.1897D-01   0.9380D-03
   0.1004D+00  -0.4416D-02   0.1535D-01  -0.1268D-02   0.3661D-01  -0.7465D-02   0.1726D-01   0.0000D+00   0.4152D-02   0.3584D-03  -0.6768D-03   0.1173D-02   0.1004D+00  -0.4416D-02   0.1535D-01  -0.1268D-02   0.3661D-01  -0.7465D-02
  -0.4611D-03  -0.1145D-02  -0.4702D-03  -0.1001D-02  -0.4611D-03  -0.1145D-02  -0.4702D-03  -0.1001D-02
  2.000  0.500
  -0.2537D-01   0.0000D+00  -0.1674D-01   0.0000D+00   0.0000D+00   0.0000D+00  -0.7807D-02   0.0000D+00  -0.2537D-01   0.0000D+00  -0.1674D-01   0.0000D+00
   0.9819D-01   0.0000D+00   0.1476D-01   0.0000D+00   0.4256D-01   0.0000D+00   0.1550D-01   0.0000D+00   0.3443D-02   0.0000D+00   0.0000D+00   0.0000D+00   0.9819D-01   0.0000D+00   0.1476D-01   0.0000D+00   0.4256D-01   0.0000D+00
   0.0000D+00   0.0000D+00   0.0000D+00   0.0000D+00   0.0000D+00   0.0000D+00   0.0000D+00   0.0000D+00
  -0.2830D-01   0.1921D-02  -0.1950D-01   0.1105D-02   0.9067D-03  -0.6752D-03  -0.9040D-02   0.3915D-03  -0.2830D-01   0.1921D-02  -0.1950D-01   0.1105D-02
   0.1002D+00  -0.4500D-02   0.1536D-01  -0.1290D-02   0.3646D-01  -0.7573D-02   0.1727D-01   0.0000D+00   0.4159D-02   0.3643D-03  -0.6848D-03   0.1192D-02   0.1002D+00  -0.4500D-02   0.1536D-01  -0.1290D-02   0.3646D-01  -0.7573D-02
  -0.4702D-03  -0.1157D-02  -0.4784D-03  -0.1018D-02  -0.4702D-03  -0.1157D-02  -0.4784D-03  -0.1018D-02
  2.000  1.000
  -0.2351D-01   0.0000D+00  -0.1551D-01   0.0000D+00   0.0000D+00   0.0000D+00  -0.7233D-02   0.0000D+00  -0.2351D-01   0.0000D+00  -0.1551D-01   0.0000D+00
   0.9819D-01   0.0000D+00   0.1476D-01   0.0000D+00   0.4256D-01   0.0000D+00   0.1550D-01   0.0000D+00   0.3443D-02   0.0000D+00   0.0000D+00   0.0000D+00   0.9819D-01   0.0000D+00   0.1476D-01   0.0000D+00   0.4256D-01   0.0000D+00
   0.0000D+00   0.0000D+00   0.0000D+00   0.0000D+00   0.0000D+00   0.0000D+00   0.0000D+00   0.0000D+00
  -0.2769D-01   0.1649D-02  -0.1898D-01   0.9484D-03   0.7784D-03  -0.5796D-03  -0.8806D-02   0.3361D-03  -0.2769D-01   0.1649D-02  -0.1898D-01   0.9484D-03
   0.1001D+00  -0.4169D-02   0.1532D-01  -0.1195D-02   0.3691D-01  -0.7016D-02   0.1714D-01   0.0000D+00   0.4107D-02   0.3375D-03  -0.6345D-03   0.1105D-02   0.1001D+00  -0.4169D-02   0.1532D-01  -0.1195D-02   0.3691D-01  -0.7016D-02
  -0.4357D-03  -0.1072D-02  -0.4432D-03  -0.9434D-03  -0.4357D-03  -0.1072D-02  -0.4432D-03  -0.9434D-03
  2.000  2.000
  -0.2190D-01   0.0000D+00  -0.1445D-01   0.0000D+00   0.0000D+00   0.0000D+00  -0.6739D-02   0.0000D+00  -0.2190D-01   0.0000D+00  -0.1445D-01   0.0000D+00
   0.9819D-01   0.0000D+00   0.1476D-01   0.0000D+00   0.4256D-01   0.0000D+00   0.1550D-01   0.0000D+00   0.3443D-02   0.0000D+00   0.0000D+00   0.0000D+00   0.9819D-01   0.0000D+00   0.1476D-01   0.0000D+00   0.4256D-01   0.0000D+00
   0.0000D+00   0.0000D+00   0.0000D+00   0.0000D+00   0.0000D+00   0.0000D+00   0.0000D+00   0.0000D+00
  -0.2699D-01   0.1431D-02  -0.1842D-01   0.8232D-03   0.6757D-03  -0.5031D-03  -0.8551D-02   0.2917D-03  -0.2699D-01   0.1431D-02  -0.1842D-01   0.8232D-03
   0.9996D-01  -0.3884D-02   0.1528D-01  -0.1114D-02   0.3730D-01  -0.6537D-02   0.1703D-01   0.0000D+00   0.4061D-02   0.3144D-03  -0.5912D-03   0.1029D-02   0.9996D-01  -0.3884D-02   0.1528D-01  -0.1114D-02   0.3730D-01  -0.6537D-02
  -0.4059D-03  -0.9987D-03  -0.4129D-03  -0.8789D-03  -0.4059D-03  -0.9987D-03  -0.4129D-03  -0.8789D-03
