 LHC=           1 sqrts=   8000.0000000000000      ang=           4 mode=fital                                                                                               scalescheme=           1 R=  0.69999999999999996     
 CT10nlo_rand5678                                                                                             294
 Bin information: chid, chiu, md, mu, mu0
   0.0000000000000000       0.50000000000000000        1032.0000000000000        1101.0000000000000        1066.5000000000000     
 9 scales(muf, mur)*(LO(38), NLO(38))
  0.500  0.500
  -0.1081D+00   0.0000D+00  -0.7632D-01   0.0000D+00   0.0000D+00   0.0000D+00  -0.4240D-01   0.0000D+00  -0.1081D+00   0.0000D+00  -0.7632D-01   0.0000D+00
   0.2669D+00   0.0000D+00   0.4120D-01   0.0000D+00   0.1085D+00   0.0000D+00   0.5180D-01   0.0000D+00   0.1151D-01   0.0000D+00   0.0000D+00   0.0000D+00   0.2669D+00   0.0000D+00   0.4120D-01   0.0000D+00   0.1085D+00   0.0000D+00
   0.0000D+00   0.0000D+00   0.0000D+00   0.0000D+00   0.0000D+00   0.0000D+00   0.0000D+00   0.0000D+00
  -0.8765D-01   0.9147D-02  -0.6670D-01   0.5353D-02   0.5139D-02  -0.3777D-02  -0.3768D-01   0.1478D-02  -0.8765D-01   0.9147D-02  -0.6670D-01   0.5353D-02
   0.2015D+00  -0.1181D-01   0.3209D-01  -0.3509D-02   0.6101D-01  -0.2136D-01   0.4364D-01   0.0000D+00   0.1090D-01   0.1253D-02  -0.1799D-02   0.4100D-02   0.2015D+00  -0.1181D-01   0.3209D-01  -0.3509D-02   0.6101D-01  -0.2136D-01
  -0.1194D-02  -0.3138D-02  -0.1417D-02  -0.3105D-02  -0.1194D-02  -0.3138D-02  -0.1417D-02  -0.3105D-02
  0.500  1.000
  -0.9993D-01   0.0000D+00  -0.7056D-01   0.0000D+00   0.0000D+00   0.0000D+00  -0.3919D-01   0.0000D+00  -0.9993D-01   0.0000D+00  -0.7056D-01   0.0000D+00
   0.2669D+00   0.0000D+00   0.4120D-01   0.0000D+00   0.1085D+00   0.0000D+00   0.5180D-01   0.0000D+00   0.1151D-01   0.0000D+00   0.0000D+00   0.0000D+00   0.2669D+00   0.0000D+00   0.4120D-01   0.0000D+00   0.1085D+00   0.0000D+00
   0.0000D+00   0.0000D+00   0.0000D+00   0.0000D+00   0.0000D+00   0.0000D+00   0.0000D+00   0.0000D+00
  -0.8977D-01   0.7816D-02  -0.6749D-01   0.4574D-02   0.4392D-02  -0.3228D-02  -0.3803D-01   0.1263D-02  -0.8977D-01   0.7816D-02  -0.6749D-01   0.4574D-02
   0.2065D+00  -0.1092D-01   0.3279D-01  -0.3244D-02   0.6461D-01  -0.1975D-01   0.4426D-01   0.0000D+00   0.1095D-01   0.1158D-02  -0.1663D-02   0.3790D-02   0.2065D+00  -0.1092D-01   0.3279D-01  -0.3244D-02   0.6461D-01  -0.1975D-01
  -0.1103D-02  -0.2900D-02  -0.1310D-02  -0.2870D-02  -0.1103D-02  -0.2900D-02  -0.1310D-02  -0.2870D-02
  0.500  2.000
  -0.9292D-01   0.0000D+00  -0.6561D-01   0.0000D+00   0.0000D+00   0.0000D+00  -0.3645D-01   0.0000D+00  -0.9292D-01   0.0000D+00  -0.6561D-01   0.0000D+00
   0.2669D+00   0.0000D+00   0.4120D-01   0.0000D+00   0.1085D+00   0.0000D+00   0.5180D-01   0.0000D+00   0.1151D-01   0.0000D+00   0.0000D+00   0.0000D+00   0.2669D+00   0.0000D+00   0.4120D-01   0.0000D+00   0.1085D+00   0.0000D+00
   0.0000D+00   0.0000D+00   0.0000D+00   0.0000D+00   0.0000D+00   0.0000D+00   0.0000D+00   0.0000D+00
  -0.9045D-01   0.6759D-02  -0.6742D-01   0.3956D-02   0.3798D-02  -0.2791D-02  -0.3792D-01   0.1092D-02  -0.9045D-01   0.6759D-02  -0.6742D-01   0.3956D-02
   0.2108D+00  -0.1015D-01   0.3338D-01  -0.3017D-02   0.6769D-01  -0.1836D-01   0.4479D-01   0.0000D+00   0.1099D-01   0.1077D-02  -0.1546D-02   0.3524D-02   0.2108D+00  -0.1015D-01   0.3338D-01  -0.3017D-02   0.6769D-01  -0.1836D-01
  -0.1026D-02  -0.2697D-02  -0.1218D-02  -0.2669D-02  -0.1026D-02  -0.2697D-02  -0.1218D-02  -0.2669D-02
  1.000  0.500
  -0.9646D-01   0.0000D+00  -0.6809D-01   0.0000D+00   0.0000D+00   0.0000D+00  -0.3762D-01   0.0000D+00  -0.9646D-01   0.0000D+00  -0.6809D-01   0.0000D+00
   0.2372D+00   0.0000D+00   0.3661D-01   0.0000D+00   0.9663D-01   0.0000D+00   0.4586D-01   0.0000D+00   0.1019D-01   0.0000D+00   0.0000D+00   0.0000D+00   0.2372D+00   0.0000D+00   0.3661D-01   0.0000D+00   0.9663D-01   0.0000D+00
   0.0000D+00   0.0000D+00   0.0000D+00   0.0000D+00   0.0000D+00   0.0000D+00   0.0000D+00   0.0000D+00
  -0.8925D-01   0.8138D-02  -0.6720D-01   0.4754D-02   0.4539D-02  -0.3352D-02  -0.3788D-01   0.1320D-02  -0.8925D-01   0.8138D-02  -0.6720D-01   0.4754D-02
   0.2063D+00  -0.1052D-01   0.3269D-01  -0.3124D-02   0.6554D-01  -0.1896D-01   0.4417D-01   0.0000D+00   0.1086D-01   0.1110D-02  -0.1568D-02   0.3632D-02   0.2063D+00  -0.1052D-01   0.3269D-01  -0.3124D-02   0.6554D-01  -0.1896D-01
  -0.1064D-02  -0.2796D-02  -0.1259D-02  -0.2753D-02  -0.1064D-02  -0.2796D-02  -0.1259D-02  -0.2753D-02
  1.000  1.000
  -0.8917D-01   0.0000D+00  -0.6294D-01   0.0000D+00   0.0000D+00   0.0000D+00  -0.3477D-01   0.0000D+00  -0.8917D-01   0.0000D+00  -0.6294D-01   0.0000D+00
   0.2372D+00   0.0000D+00   0.3661D-01   0.0000D+00   0.9663D-01   0.0000D+00   0.4586D-01   0.0000D+00   0.1019D-01   0.0000D+00   0.0000D+00   0.0000D+00   0.2372D+00   0.0000D+00   0.3661D-01   0.0000D+00   0.9663D-01   0.0000D+00
   0.0000D+00   0.0000D+00   0.0000D+00   0.0000D+00   0.0000D+00   0.0000D+00   0.0000D+00   0.0000D+00
  -0.8953D-01   0.6954D-02  -0.6678D-01   0.4062D-02   0.3879D-02  -0.2864D-02  -0.3754D-01   0.1128D-02  -0.8953D-01   0.6954D-02  -0.6678D-01   0.4062D-02
   0.2087D+00  -0.9728D-02   0.3299D-01  -0.2888D-02   0.6790D-01  -0.1753D-01   0.4431D-01   0.0000D+00   0.1081D-01   0.1026D-02  -0.1450D-02   0.3358D-02   0.2087D+00  -0.9728D-02   0.3299D-01  -0.2888D-02   0.6790D-01  -0.1753D-01
  -0.9840D-03  -0.2585D-02  -0.1164D-02  -0.2545D-02  -0.9840D-03  -0.2585D-02  -0.1164D-02  -0.2545D-02
  1.000  2.000
  -0.8292D-01   0.0000D+00  -0.5853D-01   0.0000D+00   0.0000D+00   0.0000D+00  -0.3233D-01   0.0000D+00  -0.8292D-01   0.0000D+00  -0.5853D-01   0.0000D+00
   0.2372D+00   0.0000D+00   0.3661D-01   0.0000D+00   0.9663D-01   0.0000D+00   0.4586D-01   0.0000D+00   0.1019D-01   0.0000D+00   0.0000D+00   0.0000D+00   0.2372D+00   0.0000D+00   0.3661D-01   0.0000D+00   0.9663D-01   0.0000D+00
   0.0000D+00   0.0000D+00   0.0000D+00   0.0000D+00   0.0000D+00   0.0000D+00   0.0000D+00   0.0000D+00
  -0.8887D-01   0.6013D-02  -0.6583D-01   0.3513D-02   0.3355D-02  -0.2477D-02  -0.3693D-01   0.9753D-03  -0.8887D-01   0.6013D-02  -0.6583D-01   0.3513D-02
   0.2107D+00  -0.9046D-02   0.3325D-01  -0.2686D-02   0.6992D-01  -0.1630D-01   0.4442D-01   0.0000D+00   0.1077D-01   0.9541D-03  -0.1348D-02   0.3123D-02   0.2107D+00  -0.9046D-02   0.3325D-01  -0.2686D-02   0.6992D-01  -0.1630D-01
  -0.9150D-03  -0.2404D-02  -0.1082D-02  -0.2366D-02  -0.9150D-03  -0.2404D-02  -0.1082D-02  -0.2366D-02
  2.000  0.500
  -0.8665D-01   0.0000D+00  -0.6105D-01   0.0000D+00   0.0000D+00   0.0000D+00  -0.3365D-01   0.0000D+00  -0.8665D-01   0.0000D+00  -0.6105D-01   0.0000D+00
   0.2126D+00   0.0000D+00   0.3278D-01   0.0000D+00   0.8679D-01   0.0000D+00   0.4096D-01   0.0000D+00   0.9103D-02   0.0000D+00   0.0000D+00   0.0000D+00   0.2126D+00   0.0000D+00   0.3278D-01   0.0000D+00   0.8679D-01   0.0000D+00
   0.0000D+00   0.0000D+00   0.0000D+00   0.0000D+00   0.0000D+00   0.0000D+00   0.0000D+00   0.0000D+00
  -0.9041D-01   0.7303D-02  -0.6766D-01   0.4261D-02   0.4042D-02  -0.2999D-02  -0.3817D-01   0.1188D-02  -0.9041D-01   0.7303D-02  -0.6766D-01   0.4261D-02
   0.2102D+00  -0.9450D-02   0.3317D-01  -0.2797D-02   0.6913D-01  -0.1696D-01   0.4433D-01   0.0000D+00   0.1082D-01   0.9912D-03  -0.1403D-02   0.3244D-02   0.2102D+00  -0.9450D-02   0.3317D-01  -0.2797D-02   0.6913D-01  -0.1696D-01
  -0.9566D-03  -0.2514D-02  -0.1129D-02  -0.2464D-02  -0.9566D-03  -0.2514D-02  -0.1129D-02  -0.2464D-02
  2.000  1.000
  -0.8010D-01   0.0000D+00  -0.5643D-01   0.0000D+00   0.0000D+00   0.0000D+00  -0.3111D-01   0.0000D+00  -0.8010D-01   0.0000D+00  -0.5643D-01   0.0000D+00
   0.2126D+00   0.0000D+00   0.3278D-01   0.0000D+00   0.8679D-01   0.0000D+00   0.4096D-01   0.0000D+00   0.9103D-02   0.0000D+00   0.0000D+00   0.0000D+00   0.2126D+00   0.0000D+00   0.3278D-01   0.0000D+00   0.8679D-01   0.0000D+00
   0.0000D+00   0.0000D+00   0.0000D+00   0.0000D+00   0.0000D+00   0.0000D+00   0.0000D+00   0.0000D+00
  -0.8918D-01   0.6241D-02  -0.6621D-01   0.3641D-02   0.3455D-02  -0.2563D-02  -0.3725D-01   0.1016D-02  -0.8918D-01   0.6241D-02  -0.6621D-01   0.3641D-02
   0.2104D+00  -0.8736D-02   0.3314D-01  -0.2585D-02   0.7048D-01  -0.1568D-01   0.4408D-01   0.0000D+00   0.1069D-01   0.9163D-03  -0.1297D-02   0.2999D-02   0.2104D+00  -0.8736D-02   0.3314D-01  -0.2585D-02   0.7048D-01  -0.1568D-01
  -0.8843D-03  -0.2324D-02  -0.1043D-02  -0.2278D-02  -0.8843D-03  -0.2324D-02  -0.1043D-02  -0.2278D-02
  2.000  2.000
  -0.7448D-01   0.0000D+00  -0.5248D-01   0.0000D+00   0.0000D+00   0.0000D+00  -0.2893D-01   0.0000D+00  -0.7448D-01   0.0000D+00  -0.5248D-01   0.0000D+00
   0.2126D+00   0.0000D+00   0.3278D-01   0.0000D+00   0.8679D-01   0.0000D+00   0.4096D-01   0.0000D+00   0.9103D-02   0.0000D+00   0.0000D+00   0.0000D+00   0.2126D+00   0.0000D+00   0.3278D-01   0.0000D+00   0.8679D-01   0.0000D+00
   0.0000D+00   0.0000D+00   0.0000D+00   0.0000D+00   0.0000D+00   0.0000D+00   0.0000D+00   0.0000D+00
  -0.8740D-01   0.5396D-02  -0.6450D-01   0.3148D-02   0.2988D-02  -0.2216D-02  -0.3620D-01   0.8781D-03  -0.8740D-01   0.5396D-02  -0.6450D-01   0.3148D-02
   0.2106D+00  -0.8123D-02   0.3312D-01  -0.2404D-02   0.7163D-01  -0.1458D-01   0.4387D-01   0.0000D+00   0.1058D-01   0.8520D-03  -0.1206D-02   0.2788D-02   0.2106D+00  -0.8123D-02   0.3312D-01  -0.2404D-02   0.7163D-01  -0.1458D-01
  -0.8223D-03  -0.2161D-02  -0.9701D-03  -0.2118D-02  -0.8223D-03  -0.2161D-02  -0.9701D-03  -0.2118D-02
