 LHC=           1 sqrts=   8000.0000000000000      ang=           4 mode=fital                                                                                               scalescheme=           1 R=  0.69999999999999996     
 NNPDF23_nlo_as_0118                                                                                           18
 Bin information: chid, chiu, md, mu, mu0
   0.0000000000000000       0.50000000000000000        430.00000000000000        468.00000000000000        449.00000000000000     
 9 scales(muf, mur)*(LO(38), NLO(38))
  0.500  0.500
  -0.1143D+01   0.0000D+00  -0.1099D+01   0.0000D+00   0.0000D+00   0.0000D+00  -0.9129D+00   0.0000D+00  -0.1143D+01   0.0000D+00  -0.1099D+01   0.0000D+00
   0.6227D+00   0.0000D+00   0.1059D+00   0.0000D+00   0.1930D+00   0.0000D+00   0.1974D+00   0.0000D+00   0.4387D-01   0.0000D+00   0.0000D+00   0.0000D+00   0.6227D+00   0.0000D+00   0.1059D+00   0.0000D+00   0.1930D+00   0.0000D+00
   0.0000D+00   0.0000D+00   0.0000D+00   0.0000D+00   0.0000D+00   0.0000D+00   0.0000D+00   0.0000D+00
  -0.8536D+00   0.1545D+00  -0.9454D+00   0.9268D-01   0.9523D-01  -0.9087D-01  -0.8407D+00   0.5650D-02  -0.8536D+00   0.1545D+00  -0.9454D+00   0.9268D-01
   0.5596D+00  -0.2348D-01   0.9785D-01  -0.8189D-02   0.1142D+00  -0.5702D-01   0.1864D+00   0.0000D+00   0.4644D-01   0.5340D-02  -0.2988D-02   0.1748D-01   0.5596D+00  -0.2348D-01   0.9785D-01  -0.8189D-02   0.1142D+00  -0.5702D-01
  -0.1953D-02  -0.7331D-02  -0.4157D-02  -0.1038D-01  -0.1953D-02  -0.7331D-02  -0.4157D-02  -0.1038D-01
  0.500  1.000
  -0.1056D+01   0.0000D+00  -0.1014D+01   0.0000D+00   0.0000D+00   0.0000D+00  -0.8430D+00   0.0000D+00  -0.1056D+01   0.0000D+00  -0.1014D+01   0.0000D+00
   0.6227D+00   0.0000D+00   0.1059D+00   0.0000D+00   0.1930D+00   0.0000D+00   0.1974D+00   0.0000D+00   0.4387D-01   0.0000D+00   0.0000D+00   0.0000D+00   0.6227D+00   0.0000D+00   0.1059D+00   0.0000D+00   0.1930D+00   0.0000D+00
   0.0000D+00   0.0000D+00   0.0000D+00   0.0000D+00   0.0000D+00   0.0000D+00   0.0000D+00   0.0000D+00
  -0.8950D+00   0.1317D+00  -0.9668D+00   0.7903D-01   0.8120D-01  -0.7748D-01  -0.8503D+00   0.4818D-02  -0.8950D+00   0.1317D+00  -0.9668D+00   0.7903D-01
   0.5647D+00  -0.2168D-01   0.9850D-01  -0.7562D-02   0.1202D+00  -0.5266D-01   0.1873D+00   0.0000D+00   0.4625D-01   0.4931D-02  -0.2759D-02   0.1614D-01   0.5647D+00  -0.2168D-01   0.9850D-01  -0.7562D-02   0.1202D+00  -0.5266D-01
  -0.1803D-02  -0.6769D-02  -0.3839D-02  -0.9586D-02  -0.1803D-02  -0.6769D-02  -0.3839D-02  -0.9586D-02
  0.500  2.000
  -0.9807D+00   0.0000D+00  -0.9424D+00   0.0000D+00   0.0000D+00   0.0000D+00  -0.7832D+00   0.0000D+00  -0.9807D+00   0.0000D+00  -0.9424D+00   0.0000D+00
   0.6227D+00   0.0000D+00   0.1059D+00   0.0000D+00   0.1930D+00   0.0000D+00   0.1974D+00   0.0000D+00   0.4387D-01   0.0000D+00   0.0000D+00   0.0000D+00   0.6227D+00   0.0000D+00   0.1059D+00   0.0000D+00   0.1930D+00   0.0000D+00
   0.0000D+00   0.0000D+00   0.0000D+00   0.0000D+00   0.0000D+00   0.0000D+00   0.0000D+00   0.0000D+00
  -0.9165D+00   0.1137D+00  -0.9728D+00   0.6821D-01   0.7008D-01  -0.6687D-01  -0.8489D+00   0.4159D-02  -0.9165D+00   0.1137D+00  -0.9728D+00   0.6821D-01
   0.5689D+00  -0.2014D-01   0.9905D-01  -0.7025D-02   0.1255D+00  -0.4892D-01   0.1880D+00   0.0000D+00   0.4609D-01   0.4581D-02  -0.2563D-02   0.1499D-01   0.5689D+00  -0.2014D-01   0.9905D-01  -0.7025D-02   0.1255D+00  -0.4892D-01
  -0.1675D-02  -0.6289D-02  -0.3566D-02  -0.8906D-02  -0.1675D-02  -0.6289D-02  -0.3566D-02  -0.8906D-02
  1.000  0.500
  -0.1075D+01   0.0000D+00  -0.1037D+01   0.0000D+00   0.0000D+00   0.0000D+00  -0.8559D+00   0.0000D+00  -0.1075D+01   0.0000D+00  -0.1037D+01   0.0000D+00
   0.5825D+00   0.0000D+00   0.9942D-01   0.0000D+00   0.1809D+00   0.0000D+00   0.1845D+00   0.0000D+00   0.4100D-01   0.0000D+00   0.0000D+00   0.0000D+00   0.5825D+00   0.0000D+00   0.9942D-01   0.0000D+00   0.1809D+00   0.0000D+00
   0.0000D+00   0.0000D+00   0.0000D+00   0.0000D+00   0.0000D+00   0.0000D+00   0.0000D+00   0.0000D+00
  -0.8735D+00   0.1456D+00  -0.9528D+00   0.8683D-01   0.8917D-01  -0.8526D-01  -0.8424D+00   0.5488D-02  -0.8735D+00   0.1456D+00  -0.9528D+00   0.8683D-01
   0.5541D+00  -0.2201D-01   0.9683D-01  -0.7689D-02   0.1176D+00  -0.5349D-01   0.1856D+00   0.0000D+00   0.4593D-01   0.4991D-02  -0.2783D-02   0.1633D-01   0.5541D+00  -0.2201D-01   0.9683D-01  -0.7689D-02   0.1176D+00  -0.5349D-01
  -0.1841D-02  -0.6932D-02  -0.3918D-02  -0.9707D-02  -0.1841D-02  -0.6932D-02  -0.3918D-02  -0.9707D-02
  1.000  1.000
  -0.9931D+00   0.0000D+00  -0.9573D+00   0.0000D+00   0.0000D+00   0.0000D+00  -0.7904D+00   0.0000D+00  -0.9931D+00   0.0000D+00  -0.9573D+00   0.0000D+00
   0.5825D+00   0.0000D+00   0.9942D-01   0.0000D+00   0.1809D+00   0.0000D+00   0.1845D+00   0.0000D+00   0.4100D-01   0.0000D+00   0.0000D+00   0.0000D+00   0.5825D+00   0.0000D+00   0.9942D-01   0.0000D+00   0.1809D+00   0.0000D+00
   0.0000D+00   0.0000D+00   0.0000D+00   0.0000D+00   0.0000D+00   0.0000D+00   0.0000D+00   0.0000D+00
  -0.9021D+00   0.1242D+00  -0.9641D+00   0.7405D-01   0.7604D-01  -0.7271D-01  -0.8434D+00   0.4680D-02  -0.9021D+00   0.1242D+00  -0.9641D+00   0.7405D-01
   0.5565D+00  -0.2032D-01   0.9705D-01  -0.7101D-02   0.1225D+00  -0.4940D-01   0.1856D+00   0.0000D+00   0.4557D-01   0.4609D-02  -0.2570D-02   0.1508D-01   0.5565D+00  -0.2032D-01   0.9705D-01  -0.7101D-02   0.1225D+00  -0.4940D-01
  -0.1700D-02  -0.6401D-02  -0.3618D-02  -0.8965D-02  -0.1700D-02  -0.6401D-02  -0.3618D-02  -0.8965D-02
  1.000  2.000
  -0.9226D+00   0.0000D+00  -0.8893D+00   0.0000D+00   0.0000D+00   0.0000D+00  -0.7343D+00   0.0000D+00  -0.9226D+00   0.0000D+00  -0.8893D+00   0.0000D+00
   0.5825D+00   0.0000D+00   0.9942D-01   0.0000D+00   0.1809D+00   0.0000D+00   0.1845D+00   0.0000D+00   0.4100D-01   0.0000D+00   0.0000D+00   0.0000D+00   0.5825D+00   0.0000D+00   0.9942D-01   0.0000D+00   0.1809D+00   0.0000D+00
   0.0000D+00   0.0000D+00   0.0000D+00   0.0000D+00   0.0000D+00   0.0000D+00   0.0000D+00   0.0000D+00
  -0.9140D+00   0.1072D+00  -0.9627D+00   0.6391D-01   0.6562D-01  -0.6275D-01  -0.8358D+00   0.4039D-02  -0.9140D+00   0.1072D+00  -0.9627D+00   0.6391D-01
   0.5585D+00  -0.1888D-01   0.9725D-01  -0.6597D-02   0.1267D+00  -0.4589D-01   0.1855D+00   0.0000D+00   0.4525D-01   0.4282D-02  -0.2388D-02   0.1401D-01   0.5585D+00  -0.1888D-01   0.9725D-01  -0.6597D-02   0.1267D+00  -0.4589D-01
  -0.1579D-02  -0.5947D-02  -0.3361D-02  -0.8328D-02  -0.1579D-02  -0.5947D-02  -0.3361D-02  -0.8328D-02
  2.000  0.500
  -0.1010D+01   0.0000D+00  -0.9788D+00   0.0000D+00   0.0000D+00   0.0000D+00  -0.8049D+00   0.0000D+00  -0.1010D+01   0.0000D+00  -0.9788D+00   0.0000D+00
   0.5477D+00   0.0000D+00   0.9355D-01   0.0000D+00   0.1702D+00   0.0000D+00   0.1731D+00   0.0000D+00   0.3846D-01   0.0000D+00   0.0000D+00   0.0000D+00   0.5477D+00   0.0000D+00   0.9355D-01   0.0000D+00   0.1702D+00   0.0000D+00
   0.0000D+00   0.0000D+00   0.0000D+00   0.0000D+00   0.0000D+00   0.0000D+00   0.0000D+00   0.0000D+00
  -0.8838D+00   0.1379D+00  -0.9676D+00   0.8200D-01   0.8550D-01  -0.8015D-01  -0.8467D+00   0.5340D-02  -0.8838D+00   0.1379D+00  -0.9676D+00   0.8200D-01
   0.5554D+00  -0.2070D-01   0.9717D-01  -0.7209D-02   0.1204D+00  -0.5010D-01   0.1848D+00   0.0000D+00   0.4568D-01   0.4680D-02  -0.2552D-02   0.1532D-01   0.5554D+00  -0.2070D-01   0.9717D-01  -0.7209D-02   0.1204D+00  -0.5010D-01
  -0.1743D-02  -0.6443D-02  -0.3699D-02  -0.9137D-02  -0.1743D-02  -0.6443D-02  -0.3699D-02  -0.9137D-02
  2.000  1.000
  -0.9331D+00   0.0000D+00  -0.9038D+00   0.0000D+00   0.0000D+00   0.0000D+00  -0.7432D+00   0.0000D+00  -0.9331D+00   0.0000D+00  -0.9038D+00   0.0000D+00
   0.5477D+00   0.0000D+00   0.9355D-01   0.0000D+00   0.1702D+00   0.0000D+00   0.1731D+00   0.0000D+00   0.3846D-01   0.0000D+00   0.0000D+00   0.0000D+00   0.5477D+00   0.0000D+00   0.9355D-01   0.0000D+00   0.1702D+00   0.0000D+00
   0.0000D+00   0.0000D+00   0.0000D+00   0.0000D+00   0.0000D+00   0.0000D+00   0.0000D+00   0.0000D+00
  -0.9012D+00   0.1176D+00  -0.9680D+00   0.6992D-01   0.7289D-01  -0.6835D-01  -0.8396D+00   0.4554D-02  -0.9012D+00   0.1176D+00  -0.9680D+00   0.6992D-01
   0.5547D+00  -0.1912D-01   0.9687D-01  -0.6657D-02   0.1241D+00  -0.4627D-01   0.1839D+00   0.0000D+00   0.4513D-01   0.4322D-02  -0.2354D-02   0.1414D-01   0.5547D+00  -0.1912D-01   0.9687D-01  -0.6657D-02   0.1241D+00  -0.4627D-01
  -0.1609D-02  -0.5950D-02  -0.3416D-02  -0.8438D-02  -0.1609D-02  -0.5950D-02  -0.3416D-02  -0.8438D-02
  2.000  2.000
  -0.8668D+00   0.0000D+00  -0.8397D+00   0.0000D+00   0.0000D+00   0.0000D+00  -0.6905D+00   0.0000D+00  -0.8668D+00   0.0000D+00  -0.8397D+00   0.0000D+00
   0.5477D+00   0.0000D+00   0.9355D-01   0.0000D+00   0.1702D+00   0.0000D+00   0.1731D+00   0.0000D+00   0.3846D-01   0.0000D+00   0.0000D+00   0.0000D+00   0.5477D+00   0.0000D+00   0.9355D-01   0.0000D+00   0.1702D+00   0.0000D+00
   0.0000D+00   0.0000D+00   0.0000D+00   0.0000D+00   0.0000D+00   0.0000D+00   0.0000D+00   0.0000D+00
  -0.9051D+00   0.1015D+00  -0.9588D+00   0.6034D-01   0.6291D-01  -0.5899D-01  -0.8260D+00   0.3930D-02  -0.9051D+00   0.1015D+00  -0.9588D+00   0.6034D-01
   0.5543D+00  -0.1776D-01   0.9666D-01  -0.6184D-02   0.1274D+00  -0.4298D-01   0.1832D+00   0.0000D+00   0.4466D-01   0.4015D-02  -0.2187D-02   0.1314D-01   0.5543D+00  -0.1776D-01   0.9666D-01  -0.6184D-02   0.1274D+00  -0.4298D-01
  -0.1495D-02  -0.5527D-02  -0.3173D-02  -0.7839D-02  -0.1495D-02  -0.5527D-02  -0.3173D-02  -0.7839D-02
