 LHC=           1 sqrts=   8000.0000000000000      ang=           4 mode=fital                                                                                               scalescheme=           1 R=  0.69999999999999996     
 CT10nlo_rand5678                                                                                             473
 Bin information: chid, chiu, md, mu, mu0
   0.0000000000000000       0.50000000000000000        468.00000000000000        507.00000000000000        487.50000000000000     
 9 scales(muf, mur)*(LO(38), NLO(38))
  0.500  0.500
  -0.9053D+00   0.0000D+00  -0.8741D+00   0.0000D+00   0.0000D+00   0.0000D+00  -0.7008D+00   0.0000D+00  -0.9053D+00   0.0000D+00  -0.8741D+00   0.0000D+00
   0.5750D+00   0.0000D+00   0.9764D-01   0.0000D+00   0.1805D+00   0.0000D+00   0.1772D+00   0.0000D+00   0.3938D-01   0.0000D+00   0.0000D+00   0.0000D+00   0.5750D+00   0.0000D+00   0.9764D-01   0.0000D+00   0.1805D+00   0.0000D+00
   0.0000D+00   0.0000D+00   0.0000D+00   0.0000D+00   0.0000D+00   0.0000D+00   0.0000D+00   0.0000D+00
  -0.6760D+00   0.1202D+00  -0.7555D+00   0.7116D-01   0.7233D-01  -0.6880D-01  -0.6464D+00   0.5539D-02  -0.6760D+00   0.1202D+00  -0.7555D+00   0.7116D-01
   0.5044D+00  -0.2167D-01   0.8820D-01  -0.7511D-02   0.1042D+00  -0.5202D-01   0.1657D+00   0.0000D+00   0.4130D-01   0.4725D-02  -0.2719D-02   0.1546D-01   0.5044D+00  -0.2167D-01   0.8820D-01  -0.7511D-02   0.1042D+00  -0.5202D-01
  -0.1857D-02  -0.6649D-02  -0.3828D-02  -0.9315D-02  -0.1857D-02  -0.6649D-02  -0.3828D-02  -0.9315D-02
  0.500  1.000
  -0.8303D+00   0.0000D+00  -0.8016D+00   0.0000D+00   0.0000D+00   0.0000D+00  -0.6427D+00   0.0000D+00  -0.8303D+00   0.0000D+00  -0.8016D+00   0.0000D+00
   0.5750D+00   0.0000D+00   0.9764D-01   0.0000D+00   0.1805D+00   0.0000D+00   0.1772D+00   0.0000D+00   0.3938D-01   0.0000D+00   0.0000D+00   0.0000D+00   0.5750D+00   0.0000D+00   0.9764D-01   0.0000D+00   0.1805D+00   0.0000D+00
   0.0000D+00   0.0000D+00   0.0000D+00   0.0000D+00   0.0000D+00   0.0000D+00   0.0000D+00   0.0000D+00
  -0.7039D+00   0.1011D+00  -0.7661D+00   0.5985D-01   0.6084D-01  -0.5787D-01  -0.6484D+00   0.4659D-02  -0.7039D+00   0.1011D+00  -0.7661D+00   0.5985D-01
   0.5104D+00  -0.1987D-01   0.8901D-01  -0.6889D-02   0.1106D+00  -0.4771D-01   0.1667D+00   0.0000D+00   0.4116D-01   0.4334D-02  -0.2493D-02   0.1418D-01   0.5104D+00  -0.1987D-01   0.8901D-01  -0.6889D-02   0.1106D+00  -0.4771D-01
  -0.1703D-02  -0.6098D-02  -0.3511D-02  -0.8543D-02  -0.1703D-02  -0.6098D-02  -0.3511D-02  -0.8543D-02
  0.500  2.000
  -0.7669D+00   0.0000D+00  -0.7404D+00   0.0000D+00   0.0000D+00   0.0000D+00  -0.5937D+00   0.0000D+00  -0.7669D+00   0.0000D+00  -0.7404D+00   0.0000D+00
   0.5750D+00   0.0000D+00   0.9764D-01   0.0000D+00   0.1805D+00   0.0000D+00   0.1772D+00   0.0000D+00   0.3938D-01   0.0000D+00   0.0000D+00   0.0000D+00   0.5750D+00   0.0000D+00   0.9764D-01   0.0000D+00   0.1805D+00   0.0000D+00
   0.0000D+00   0.0000D+00   0.0000D+00   0.0000D+00   0.0000D+00   0.0000D+00   0.0000D+00   0.0000D+00
  -0.7158D+00   0.8627D-01  -0.7649D+00   0.5106D-01   0.5190D-01  -0.4937D-01  -0.6424D+00   0.3975D-02  -0.7158D+00   0.8627D-01  -0.7649D+00   0.5106D-01
   0.5155D+00  -0.1835D-01   0.8969D-01  -0.6363D-02   0.1159D+00  -0.4407D-01   0.1675D+00   0.0000D+00   0.4103D-01   0.4003D-02  -0.2302D-02   0.1310D-01   0.5155D+00  -0.1835D-01   0.8969D-01  -0.6363D-02   0.1159D+00  -0.4407D-01
  -0.1573D-02  -0.5632D-02  -0.3243D-02  -0.7891D-02  -0.1573D-02  -0.5632D-02  -0.3243D-02  -0.7891D-02
  1.000  0.500
  -0.8471D+00   0.0000D+00  -0.8157D+00   0.0000D+00   0.0000D+00   0.0000D+00  -0.6552D+00   0.0000D+00  -0.8471D+00   0.0000D+00  -0.8157D+00   0.0000D+00
   0.5390D+00   0.0000D+00   0.9127D-01   0.0000D+00   0.1689D+00   0.0000D+00   0.1654D+00   0.0000D+00   0.3676D-01   0.0000D+00   0.0000D+00   0.0000D+00   0.5390D+00   0.0000D+00   0.9127D-01   0.0000D+00   0.1689D+00   0.0000D+00
   0.0000D+00   0.0000D+00   0.0000D+00   0.0000D+00   0.0000D+00   0.0000D+00   0.0000D+00   0.0000D+00
  -0.6867D+00   0.1125D+00  -0.7573D+00   0.6666D-01   0.6871D-01  -0.6430D-01  -0.6466D+00   0.5290D-02  -0.6867D+00   0.1125D+00  -0.7573D+00   0.6666D-01
   0.5050D+00  -0.2026D-01   0.8790D-01  -0.7013D-02   0.1075D+00  -0.4856D-01   0.1643D+00   0.0000D+00   0.4087D-01   0.4408D-02  -0.2499D-02   0.1443D-01   0.5050D+00  -0.2026D-01   0.8790D-01  -0.7013D-02   0.1075D+00  -0.4856D-01
  -0.1745D-02  -0.6242D-02  -0.3588D-02  -0.8719D-02  -0.1745D-02  -0.6242D-02  -0.3588D-02  -0.8719D-02
  1.000  1.000
  -0.7769D+00   0.0000D+00  -0.7481D+00   0.0000D+00   0.0000D+00   0.0000D+00  -0.6008D+00   0.0000D+00  -0.7769D+00   0.0000D+00  -0.7481D+00   0.0000D+00
   0.5390D+00   0.0000D+00   0.9127D-01   0.0000D+00   0.1689D+00   0.0000D+00   0.1654D+00   0.0000D+00   0.3676D-01   0.0000D+00   0.0000D+00   0.0000D+00   0.5390D+00   0.0000D+00   0.9127D-01   0.0000D+00   0.1689D+00   0.0000D+00
   0.0000D+00   0.0000D+00   0.0000D+00   0.0000D+00   0.0000D+00   0.0000D+00   0.0000D+00   0.0000D+00
  -0.7042D+00   0.9460D-01  -0.7589D+00   0.5606D-01   0.5779D-01  -0.5408D-01  -0.6418D+00   0.4450D-02  -0.7042D+00   0.9460D-01  -0.7589D+00   0.5606D-01
   0.5080D+00  -0.1858D-01   0.8821D-01  -0.6431D-02   0.1126D+00  -0.4454D-01   0.1645D+00   0.0000D+00   0.4054D-01   0.4043D-02  -0.2291D-02   0.1323D-01   0.5080D+00  -0.1858D-01   0.8821D-01  -0.6431D-02   0.1126D+00  -0.4454D-01
  -0.1601D-02  -0.5725D-02  -0.3290D-02  -0.7997D-02  -0.1601D-02  -0.5725D-02  -0.3290D-02  -0.7997D-02
  1.000  2.000
  -0.7176D+00   0.0000D+00  -0.6910D+00   0.0000D+00   0.0000D+00   0.0000D+00  -0.5550D+00   0.0000D+00  -0.7176D+00   0.0000D+00  -0.6910D+00   0.0000D+00
   0.5390D+00   0.0000D+00   0.9127D-01   0.0000D+00   0.1689D+00   0.0000D+00   0.1654D+00   0.0000D+00   0.3676D-01   0.0000D+00   0.0000D+00   0.0000D+00   0.5390D+00   0.0000D+00   0.9127D-01   0.0000D+00   0.1689D+00   0.0000D+00
   0.0000D+00   0.0000D+00   0.0000D+00   0.0000D+00   0.0000D+00   0.0000D+00   0.0000D+00   0.0000D+00
  -0.7086D+00   0.8071D-01  -0.7513D+00   0.4783D-01   0.4930D-01  -0.4614D-01  -0.6309D+00   0.3796D-02  -0.7086D+00   0.8071D-01  -0.7513D+00   0.4783D-01
   0.5105D+00  -0.1716D-01   0.8847D-01  -0.5941D-02   0.1169D+00  -0.4114D-01   0.1646D+00   0.0000D+00   0.4026D-01   0.3734D-02  -0.2116D-02   0.1222D-01   0.5105D+00  -0.1716D-01   0.8847D-01  -0.5941D-02   0.1169D+00  -0.4114D-01
  -0.1478D-02  -0.5288D-02  -0.3039D-02  -0.7386D-02  -0.1478D-02  -0.5288D-02  -0.3039D-02  -0.7386D-02
  2.000  0.500
  -0.7950D+00   0.0000D+00  -0.7669D+00   0.0000D+00   0.0000D+00   0.0000D+00  -0.6137D+00   0.0000D+00  -0.7950D+00   0.0000D+00  -0.7669D+00   0.0000D+00
   0.5064D+00   0.0000D+00   0.8571D-01   0.0000D+00   0.1583D+00   0.0000D+00   0.1546D+00   0.0000D+00   0.3436D-01   0.0000D+00   0.0000D+00   0.0000D+00   0.5064D+00   0.0000D+00   0.8571D-01   0.0000D+00   0.1583D+00   0.0000D+00
   0.0000D+00   0.0000D+00   0.0000D+00   0.0000D+00   0.0000D+00   0.0000D+00   0.0000D+00   0.0000D+00
  -0.7005D+00   0.1059D+00  -0.7628D+00   0.6270D-01   0.6381D-01  -0.6032D-01  -0.6490D+00   0.5090D-02  -0.7005D+00   0.1059D+00  -0.7628D+00   0.6270D-01
   0.5069D+00  -0.1900D-01   0.8823D-01  -0.6589D-02   0.1108D+00  -0.4559D-01   0.1644D+00   0.0000D+00   0.4058D-01   0.4121D-02  -0.2556D-02   0.1349D-01   0.5069D+00  -0.1900D-01   0.8823D-01  -0.6589D-02   0.1108D+00  -0.4559D-01
  -0.1647D-02  -0.5880D-02  -0.3376D-02  -0.8188D-02  -0.1647D-02  -0.5880D-02  -0.3376D-02  -0.8188D-02
  2.000  1.000
  -0.7291D+00   0.0000D+00  -0.7033D+00   0.0000D+00   0.0000D+00   0.0000D+00  -0.5628D+00   0.0000D+00  -0.7291D+00   0.0000D+00  -0.7033D+00   0.0000D+00
   0.5064D+00   0.0000D+00   0.8571D-01   0.0000D+00   0.1583D+00   0.0000D+00   0.1546D+00   0.0000D+00   0.3436D-01   0.0000D+00   0.0000D+00   0.0000D+00   0.5064D+00   0.0000D+00   0.8571D-01   0.0000D+00   0.1583D+00   0.0000D+00
   0.0000D+00   0.0000D+00   0.0000D+00   0.0000D+00   0.0000D+00   0.0000D+00   0.0000D+00   0.0000D+00
  -0.7080D+00   0.8904D-01  -0.7562D+00   0.5274D-01   0.5367D-01  -0.5073D-01  -0.6376D+00   0.4282D-02  -0.7080D+00   0.8904D-01  -0.7562D+00   0.5274D-01
   0.5070D+00  -0.1742D-01   0.8805D-01  -0.6043D-02   0.1148D+00  -0.4181D-01   0.1636D+00   0.0000D+00   0.4008D-01   0.3779D-02  -0.2344D-02   0.1237D-01   0.5070D+00  -0.1742D-01   0.8805D-01  -0.6043D-02   0.1148D+00  -0.4181D-01
  -0.1510D-02  -0.5392D-02  -0.3096D-02  -0.7510D-02  -0.1510D-02  -0.5392D-02  -0.3096D-02  -0.7510D-02
  2.000  2.000
  -0.6734D+00   0.0000D+00  -0.6496D+00   0.0000D+00   0.0000D+00   0.0000D+00  -0.5199D+00   0.0000D+00  -0.6734D+00   0.0000D+00  -0.6496D+00   0.0000D+00
   0.5064D+00   0.0000D+00   0.8571D-01   0.0000D+00   0.1583D+00   0.0000D+00   0.1546D+00   0.0000D+00   0.3436D-01   0.0000D+00   0.0000D+00   0.0000D+00   0.5064D+00   0.0000D+00   0.8571D-01   0.0000D+00   0.1583D+00   0.0000D+00
   0.0000D+00   0.0000D+00   0.0000D+00   0.0000D+00   0.0000D+00   0.0000D+00   0.0000D+00   0.0000D+00
  -0.7052D+00   0.7596D-01  -0.7428D+00   0.4499D-01   0.4578D-01  -0.4328D-01  -0.6220D+00   0.3653D-02  -0.7052D+00   0.7596D-01  -0.7428D+00   0.4499D-01
   0.5071D+00  -0.1609D-01   0.8789D-01  -0.5581D-02   0.1182D+00  -0.3862D-01   0.1630D+00   0.0000D+00   0.3965D-01   0.3491D-02  -0.2165D-02   0.1142D-01   0.5071D+00  -0.1609D-01   0.8789D-01  -0.5581D-02   0.1182D+00  -0.3862D-01
  -0.1395D-02  -0.4981D-02  -0.2860D-02  -0.6936D-02  -0.1395D-02  -0.4981D-02  -0.2860D-02  -0.6936D-02
