 LHC=           1 sqrts=   8000.0000000000000      ang=           4 mode=fital                                                                                               scalescheme=           1 R=  0.69999999999999996     
 CT10nlo_rand5678                                                                                             473
 Bin information: chid, chiu, md, mu, mu0
   0.0000000000000000       0.50000000000000000        638.00000000000000        686.00000000000000        662.00000000000000     
 9 scales(muf, mur)*(LO(38), NLO(38))
  0.500  0.500
  -0.4622D+00   0.0000D+00  -0.3947D+00   0.0000D+00   0.0000D+00   0.0000D+00  -0.2763D+00   0.0000D+00  -0.4622D+00   0.0000D+00  -0.3947D+00   0.0000D+00
   0.4969D+00   0.0000D+00   0.8168D-01   0.0000D+00   0.1731D+00   0.0000D+00   0.1295D+00   0.0000D+00   0.2877D-01   0.0000D+00   0.0000D+00   0.0000D+00   0.4969D+00   0.0000D+00   0.8168D-01   0.0000D+00   0.1731D+00   0.0000D+00
   0.0000D+00   0.0000D+00   0.0000D+00   0.0000D+00   0.0000D+00   0.0000D+00   0.0000D+00   0.0000D+00
  -0.3547D+00   0.5133D-01  -0.3426D+00   0.3005D-01   0.3184D-01  -0.2608D-01  -0.2514D+00   0.4808D-02  -0.3547D+00   0.5133D-01  -0.3426D+00   0.3005D-01
   0.4053D+00  -0.1996D-01   0.6877D-01  -0.6478D-02   0.9563D-01  -0.4274D-01   0.1151D+00   0.0000D+00   0.2874D-01   0.3320D-02  -0.3035D-02   0.1086D-01   0.4053D+00  -0.1996D-01   0.6877D-01  -0.6478D-02   0.9563D-01  -0.4274D-01
  -0.1865D-02  -0.5722D-02  -0.3058D-02  -0.7107D-02  -0.1865D-02  -0.5722D-02  -0.3058D-02  -0.7107D-02
  0.500  1.000
  -0.4253D+00   0.0000D+00  -0.3632D+00   0.0000D+00   0.0000D+00   0.0000D+00  -0.2543D+00   0.0000D+00  -0.4253D+00   0.0000D+00  -0.3632D+00   0.0000D+00
   0.4969D+00   0.0000D+00   0.8168D-01   0.0000D+00   0.1731D+00   0.0000D+00   0.1295D+00   0.0000D+00   0.2877D-01   0.0000D+00   0.0000D+00   0.0000D+00   0.4969D+00   0.0000D+00   0.8168D-01   0.0000D+00   0.1731D+00   0.0000D+00
   0.0000D+00   0.0000D+00   0.0000D+00   0.0000D+00   0.0000D+00   0.0000D+00   0.0000D+00   0.0000D+00
  -0.3671D+00   0.4345D-01  -0.3471D+00   0.2544D-01   0.2695D-01  -0.2208D-01  -0.2528D+00   0.4071D-02  -0.3671D+00   0.4345D-01  -0.3471D+00   0.2544D-01
   0.4127D+00  -0.1837D-01   0.6982D-01  -0.5961D-02   0.1018D+00  -0.3933D-01   0.1163D+00   0.0000D+00   0.2875D-01   0.3055D-02  -0.2792D-02   0.9997D-02   0.4127D+00  -0.1837D-01   0.6982D-01  -0.5961D-02   0.1018D+00  -0.3933D-01
  -0.1716D-02  -0.5265D-02  -0.2814D-02  -0.6540D-02  -0.1716D-02  -0.5265D-02  -0.2814D-02  -0.6540D-02
  0.500  2.000
  -0.3939D+00   0.0000D+00  -0.3364D+00   0.0000D+00   0.0000D+00   0.0000D+00  -0.2355D+00   0.0000D+00  -0.3939D+00   0.0000D+00  -0.3364D+00   0.0000D+00
   0.4969D+00   0.0000D+00   0.8168D-01   0.0000D+00   0.1731D+00   0.0000D+00   0.1295D+00   0.0000D+00   0.2877D-01   0.0000D+00   0.0000D+00   0.0000D+00   0.4969D+00   0.0000D+00   0.8168D-01   0.0000D+00   0.1731D+00   0.0000D+00
   0.0000D+00   0.0000D+00   0.0000D+00   0.0000D+00   0.0000D+00   0.0000D+00   0.0000D+00   0.0000D+00
  -0.3722D+00   0.3728D-01  -0.3466D+00   0.2182D-01   0.2312D-01  -0.1894D-01  -0.2511D+00   0.3492D-02  -0.3722D+00   0.3728D-01  -0.3466D+00   0.2182D-01
   0.4190D+00  -0.1702D-01   0.7071D-01  -0.5521D-02   0.1071D+00  -0.3643D-01   0.1173D+00   0.0000D+00   0.2876D-01   0.2829D-02  -0.2587D-02   0.9260D-02   0.4190D+00  -0.1702D-01   0.7071D-01  -0.5521D-02   0.1071D+00  -0.3643D-01
  -0.1590D-02  -0.4877D-02  -0.2606D-02  -0.6057D-02  -0.1590D-02  -0.4877D-02  -0.2606D-02  -0.6057D-02
  1.000  0.500
  -0.4251D+00   0.0000D+00  -0.3634D+00   0.0000D+00   0.0000D+00   0.0000D+00  -0.2531D+00   0.0000D+00  -0.4251D+00   0.0000D+00  -0.3634D+00   0.0000D+00
   0.4568D+00   0.0000D+00   0.7503D-01   0.0000D+00   0.1589D+00   0.0000D+00   0.1186D+00   0.0000D+00   0.2635D-01   0.0000D+00   0.0000D+00   0.0000D+00   0.4568D+00   0.0000D+00   0.7503D-01   0.0000D+00   0.1589D+00   0.0000D+00
   0.0000D+00   0.0000D+00   0.0000D+00   0.0000D+00   0.0000D+00   0.0000D+00   0.0000D+00   0.0000D+00
  -0.3588D+00   0.4721D-01  -0.3455D+00   0.2757D-01   0.2939D-01  -0.2389D-01  -0.2512D+00   0.4465D-02  -0.3588D+00   0.4721D-01  -0.3455D+00   0.2757D-01
   0.4088D+00  -0.1834D-01   0.6929D-01  -0.5954D-02   0.9980D-01  -0.3922D-01   0.1152D+00   0.0000D+00   0.2853D-01   0.3041D-02  -0.2765D-02   0.9952D-02   0.4088D+00  -0.1834D-01   0.6929D-01  -0.5954D-02   0.9980D-01  -0.3922D-01
  -0.1714D-02  -0.5262D-02  -0.2813D-02  -0.6515D-02  -0.1714D-02  -0.5262D-02  -0.2813D-02  -0.6515D-02
  1.000  1.000
  -0.3911D+00   0.0000D+00  -0.3344D+00   0.0000D+00   0.0000D+00   0.0000D+00  -0.2329D+00   0.0000D+00  -0.3911D+00   0.0000D+00  -0.3344D+00   0.0000D+00
   0.4568D+00   0.0000D+00   0.7503D-01   0.0000D+00   0.1589D+00   0.0000D+00   0.1186D+00   0.0000D+00   0.2635D-01   0.0000D+00   0.0000D+00   0.0000D+00   0.4568D+00   0.0000D+00   0.7503D-01   0.0000D+00   0.1589D+00   0.0000D+00
   0.0000D+00   0.0000D+00   0.0000D+00   0.0000D+00   0.0000D+00   0.0000D+00   0.0000D+00   0.0000D+00
  -0.3652D+00   0.3997D-01  -0.3450D+00   0.2334D-01   0.2488D-01  -0.2023D-01  -0.2492D+00   0.3780D-02  -0.3652D+00   0.3997D-01  -0.3450D+00   0.2334D-01
   0.4127D+00  -0.1688D-01   0.6976D-01  -0.5478D-02   0.1046D+00  -0.3609D-01   0.1155D+00   0.0000D+00   0.2836D-01   0.2798D-02  -0.2544D-02   0.9157D-02   0.4127D+00  -0.1688D-01   0.6976D-01  -0.5478D-02   0.1046D+00  -0.3609D-01
  -0.1577D-02  -0.4842D-02  -0.2589D-02  -0.5994D-02  -0.1577D-02  -0.4842D-02  -0.2589D-02  -0.5994D-02
  1.000  2.000
  -0.3622D+00   0.0000D+00  -0.3097D+00   0.0000D+00   0.0000D+00   0.0000D+00  -0.2157D+00   0.0000D+00  -0.3622D+00   0.0000D+00  -0.3097D+00   0.0000D+00
   0.4568D+00   0.0000D+00   0.7503D-01   0.0000D+00   0.1589D+00   0.0000D+00   0.1186D+00   0.0000D+00   0.2635D-01   0.0000D+00   0.0000D+00   0.0000D+00   0.4568D+00   0.0000D+00   0.7503D-01   0.0000D+00   0.1589D+00   0.0000D+00
   0.0000D+00   0.0000D+00   0.0000D+00   0.0000D+00   0.0000D+00   0.0000D+00   0.0000D+00   0.0000D+00
  -0.3659D+00   0.3429D-01  -0.3410D+00   0.2002D-01   0.2135D-01  -0.1735D-01  -0.2451D+00   0.3243D-02  -0.3659D+00   0.3429D-01  -0.3410D+00   0.2002D-01
   0.4160D+00  -0.1563D-01   0.7016D-01  -0.5074D-02   0.1086D+00  -0.3342D-01   0.1157D+00   0.0000D+00   0.2822D-01   0.2591D-02  -0.2356D-02   0.8481D-02   0.4160D+00  -0.1563D-01   0.7016D-01  -0.5074D-02   0.1086D+00  -0.3342D-01
  -0.1461D-02  -0.4485D-02  -0.2398D-02  -0.5552D-02  -0.1461D-02  -0.4485D-02  -0.2398D-02  -0.5552D-02
  2.000  0.500
  -0.3930D+00   0.0000D+00  -0.3369D+00   0.0000D+00   0.0000D+00   0.0000D+00  -0.2330D+00   0.0000D+00  -0.3930D+00   0.0000D+00  -0.3369D+00   0.0000D+00
   0.4217D+00   0.0000D+00   0.6927D-01   0.0000D+00   0.1471D+00   0.0000D+00   0.1091D+00   0.0000D+00   0.2425D-01   0.0000D+00   0.0000D+00   0.0000D+00   0.4217D+00   0.0000D+00   0.6927D-01   0.0000D+00   0.1471D+00   0.0000D+00
   0.0000D+00   0.0000D+00   0.0000D+00   0.0000D+00   0.0000D+00   0.0000D+00   0.0000D+00   0.0000D+00
  -0.3688D+00   0.4379D-01  -0.3487D+00   0.2548D-01   0.2677D-01  -0.2201D-01  -0.2511D+00   0.4168D-02  -0.3688D+00   0.4379D-01  -0.3487D+00   0.2548D-01
   0.4122D+00  -0.1697D-01   0.6991D-01  -0.5505D-02   0.1054D+00  -0.3612D-01   0.1154D+00   0.0000D+00   0.2833D-01   0.2799D-02  -0.2530D-02   0.9160D-02   0.4122D+00  -0.1697D-01   0.6991D-01  -0.5505D-02   0.1054D+00  -0.3612D-01
  -0.1590D-02  -0.4844D-02  -0.2604D-02  -0.6000D-02  -0.1590D-02  -0.4844D-02  -0.2604D-02  -0.6000D-02
  2.000  1.000
  -0.3616D+00   0.0000D+00  -0.3100D+00   0.0000D+00   0.0000D+00   0.0000D+00  -0.2144D+00   0.0000D+00  -0.3616D+00   0.0000D+00  -0.3100D+00   0.0000D+00
   0.4217D+00   0.0000D+00   0.6927D-01   0.0000D+00   0.1471D+00   0.0000D+00   0.1091D+00   0.0000D+00   0.2425D-01   0.0000D+00   0.0000D+00   0.0000D+00   0.4217D+00   0.0000D+00   0.6927D-01   0.0000D+00   0.1471D+00   0.0000D+00
   0.0000D+00   0.0000D+00   0.0000D+00   0.0000D+00   0.0000D+00   0.0000D+00   0.0000D+00   0.0000D+00
  -0.3690D+00   0.3708D-01  -0.3439D+00   0.2157D-01   0.2266D-01  -0.1863D-01  -0.2463D+00   0.3529D-02  -0.3690D+00   0.3708D-01  -0.3439D+00   0.2157D-01
   0.4130D+00  -0.1561D-01   0.6987D-01  -0.5065D-02   0.1088D+00  -0.3324D-01   0.1150D+00   0.0000D+00   0.2801D-01   0.2575D-02  -0.2328D-02   0.8429D-02   0.4130D+00  -0.1561D-01   0.6987D-01  -0.5065D-02   0.1088D+00  -0.3324D-01
  -0.1463D-02  -0.4457D-02  -0.2396D-02  -0.5521D-02  -0.1463D-02  -0.4457D-02  -0.2396D-02  -0.5521D-02
  2.000  2.000
  -0.3349D+00   0.0000D+00  -0.2871D+00   0.0000D+00   0.0000D+00   0.0000D+00  -0.1986D+00   0.0000D+00  -0.3349D+00   0.0000D+00  -0.2871D+00   0.0000D+00
   0.4217D+00   0.0000D+00   0.6927D-01   0.0000D+00   0.1471D+00   0.0000D+00   0.1091D+00   0.0000D+00   0.2425D-01   0.0000D+00   0.0000D+00   0.0000D+00   0.4217D+00   0.0000D+00   0.6927D-01   0.0000D+00   0.1471D+00   0.0000D+00
   0.0000D+00   0.0000D+00   0.0000D+00   0.0000D+00   0.0000D+00   0.0000D+00   0.0000D+00   0.0000D+00
  -0.3652D+00   0.3181D-01  -0.3368D+00   0.1851D-01   0.1944D-01  -0.1598D-01  -0.2401D+00   0.3027D-02  -0.3652D+00   0.3181D-01  -0.3368D+00   0.1851D-01
   0.4137D+00  -0.1446D-01   0.6984D-01  -0.4691D-02   0.1116D+00  -0.3079D-01   0.1145D+00   0.0000D+00   0.2773D-01   0.2385D-02  -0.2156D-02   0.7807D-02   0.4137D+00  -0.1446D-01   0.6984D-01  -0.4691D-02   0.1116D+00  -0.3079D-01
  -0.1355D-02  -0.4128D-02  -0.2219D-02  -0.5114D-02  -0.1355D-02  -0.4128D-02  -0.2219D-02  -0.5114D-02
