 LHC=           1 sqrts=   8000.0000000000000      ang=           4 mode=fital                                                                                               scalescheme=           1 R=  0.69999999999999996     
 CT10nlo_rand5678                                                                                             473
 Bin information: chid, chiu, md, mu, mu0
   0.0000000000000000       0.50000000000000000        3250.0000000000000        3500.0000000000000        3375.0000000000000     
 9 scales(muf, mur)*(LO(38), NLO(38))
  0.500  0.500
  -0.4993D-07   0.0000D+00  -0.6441D-07   0.0000D+00   0.0000D+00   0.0000D+00  -0.3426D-07   0.0000D+00  -0.4993D-07   0.0000D+00  -0.6441D-07   0.0000D+00
   0.1986D-05   0.0000D+00   0.3512D-06   0.0000D+00   0.5406D-06   0.0000D+00   0.4211D-06   0.0000D+00   0.9357D-07   0.0000D+00   0.0000D+00   0.0000D+00   0.1986D-05   0.0000D+00   0.3512D-06   0.0000D+00   0.5406D-06   0.0000D+00
   0.0000D+00   0.0000D+00   0.0000D+00   0.0000D+00   0.0000D+00   0.0000D+00   0.0000D+00   0.0000D+00
  -0.5356D-07   0.6781D-08  -0.6882D-07   0.3207D-08   0.2248D-08  -0.2690D-08  -0.3538D-07   0.1168D-08  -0.5356D-07   0.6781D-08  -0.6882D-07   0.3207D-08
   0.1841D-05  -0.5191D-07   0.3288D-06  -0.1967D-07   0.3855D-06  -0.1447D-06   0.3964D-06   0.0000D+00   0.9701D-07   0.8982D-08  -0.7734D-09   0.2939D-07   0.1841D-05  -0.5191D-07   0.3288D-06  -0.1967D-07   0.3855D-06  -0.1447D-06
  -0.5822D-08  -0.1508D-07  -0.1161D-07  -0.2294D-07  -0.5822D-08  -0.1508D-07  -0.1161D-07  -0.2294D-07
  0.500  1.000
  -0.4658D-07   0.0000D+00  -0.6010D-07   0.0000D+00   0.0000D+00   0.0000D+00  -0.3196D-07   0.0000D+00  -0.4658D-07   0.0000D+00  -0.6010D-07   0.0000D+00
   0.1986D-05   0.0000D+00   0.3512D-06   0.0000D+00   0.5406D-06   0.0000D+00   0.4211D-06   0.0000D+00   0.9357D-07   0.0000D+00   0.0000D+00   0.0000D+00   0.1986D-05   0.0000D+00   0.3512D-06   0.0000D+00   0.5406D-06   0.0000D+00
   0.0000D+00   0.0000D+00   0.0000D+00   0.0000D+00   0.0000D+00   0.0000D+00   0.0000D+00   0.0000D+00
  -0.5277D-07   0.5903D-08  -0.6784D-07   0.2791D-08   0.1957D-08  -0.2342D-08  -0.3502D-07   0.1016D-08  -0.5277D-07   0.5903D-08  -0.6784D-07   0.2791D-08
   0.1851D-05  -0.4843D-07   0.3303D-06  -0.1835D-07   0.3959D-06  -0.1350D-06   0.3981D-06   0.0000D+00   0.9678D-07   0.8380D-08  -0.7215D-09   0.2743D-07   0.1851D-05  -0.4843D-07   0.3303D-06  -0.1835D-07   0.3959D-06  -0.1350D-06
  -0.5432D-08  -0.1407D-07  -0.1084D-07  -0.2140D-07  -0.5432D-08  -0.1407D-07  -0.1084D-07  -0.2140D-07
  0.500  2.000
  -0.4366D-07   0.0000D+00  -0.5633D-07   0.0000D+00   0.0000D+00   0.0000D+00  -0.2996D-07   0.0000D+00  -0.4366D-07   0.0000D+00  -0.5633D-07   0.0000D+00
   0.1986D-05   0.0000D+00   0.3512D-06   0.0000D+00   0.5406D-06   0.0000D+00   0.4211D-06   0.0000D+00   0.9357D-07   0.0000D+00   0.0000D+00   0.0000D+00   0.1986D-05   0.0000D+00   0.3512D-06   0.0000D+00   0.5406D-06   0.0000D+00
   0.0000D+00   0.0000D+00   0.0000D+00   0.0000D+00   0.0000D+00   0.0000D+00   0.0000D+00   0.0000D+00
  -0.5176D-07   0.5186D-08  -0.6656D-07   0.2452D-08   0.1720D-08  -0.2058D-08  -0.3447D-07   0.8930D-09  -0.5176D-07   0.5186D-08  -0.6656D-07   0.2452D-08
   0.1859D-05  -0.4540D-07   0.3316D-06  -0.1720D-07   0.4049D-06  -0.1266D-06   0.3995D-06   0.0000D+00   0.9658D-07   0.7855D-08  -0.6763D-09   0.2571D-07   0.1859D-05  -0.4540D-07   0.3316D-06  -0.1720D-07   0.4049D-06  -0.1266D-06
  -0.5092D-08  -0.1319D-07  -0.1016D-07  -0.2006D-07  -0.5092D-08  -0.1319D-07  -0.1016D-07  -0.2006D-07
  1.000  0.500
  -0.3765D-07   0.0000D+00  -0.4892D-07   0.0000D+00   0.0000D+00   0.0000D+00  -0.2623D-07   0.0000D+00  -0.3765D-07   0.0000D+00  -0.4892D-07   0.0000D+00
   0.1508D-05   0.0000D+00   0.2669D-06   0.0000D+00   0.4081D-06   0.0000D+00   0.3236D-06   0.0000D+00   0.7191D-07   0.0000D+00   0.0000D+00   0.0000D+00   0.1508D-05   0.0000D+00   0.2669D-06   0.0000D+00   0.4081D-06   0.0000D+00
   0.0000D+00   0.0000D+00   0.0000D+00   0.0000D+00   0.0000D+00   0.0000D+00   0.0000D+00   0.0000D+00
  -0.5101D-07   0.5152D-08  -0.6576D-07   0.2438D-08   0.1773D-08  -0.2060D-08  -0.3409D-07   0.8751D-09  -0.5101D-07   0.5152D-08  -0.6576D-07   0.2438D-08
   0.1815D-05  -0.3919D-07   0.3233D-06  -0.1489D-07   0.4052D-06  -0.1099D-06   0.3904D-06   0.0000D+00   0.9355D-07   0.6902D-08  -0.4294D-09   0.2259D-07   0.1815D-05  -0.3919D-07   0.3233D-06  -0.1489D-07   0.4052D-06  -0.1099D-06
  -0.4390D-08  -0.1143D-07  -0.8855D-08  -0.1752D-07  -0.4390D-08  -0.1143D-07  -0.8855D-08  -0.1752D-07
  1.000  1.000
  -0.3513D-07   0.0000D+00  -0.4564D-07   0.0000D+00   0.0000D+00   0.0000D+00  -0.2447D-07   0.0000D+00  -0.3513D-07   0.0000D+00  -0.4564D-07   0.0000D+00
   0.1508D-05   0.0000D+00   0.2669D-06   0.0000D+00   0.4081D-06   0.0000D+00   0.3236D-06   0.0000D+00   0.7191D-07   0.0000D+00   0.0000D+00   0.0000D+00   0.1508D-05   0.0000D+00   0.2669D-06   0.0000D+00   0.4081D-06   0.0000D+00
   0.0000D+00   0.0000D+00   0.0000D+00   0.0000D+00   0.0000D+00   0.0000D+00   0.0000D+00   0.0000D+00
  -0.4903D-07   0.4485D-08  -0.6326D-07   0.2122D-08   0.1543D-08  -0.1793D-08  -0.3290D-07   0.7618D-09  -0.4903D-07   0.4485D-08  -0.6326D-07   0.2122D-08
   0.1794D-05  -0.3656D-07   0.3195D-06  -0.1389D-07   0.4054D-06  -0.1026D-06   0.3859D-06   0.0000D+00   0.9210D-07   0.6440D-08  -0.4006D-09   0.2108D-07   0.1794D-05  -0.3656D-07   0.3195D-06  -0.1389D-07   0.4054D-06  -0.1026D-06
  -0.4096D-08  -0.1066D-07  -0.8261D-08  -0.1635D-07  -0.4096D-08  -0.1066D-07  -0.8261D-08  -0.1635D-07
  1.000  2.000
  -0.3293D-07   0.0000D+00  -0.4278D-07   0.0000D+00   0.0000D+00   0.0000D+00  -0.2294D-07   0.0000D+00  -0.3293D-07   0.0000D+00  -0.4278D-07   0.0000D+00
   0.1508D-05   0.0000D+00   0.2669D-06   0.0000D+00   0.4081D-06   0.0000D+00   0.3236D-06   0.0000D+00   0.7191D-07   0.0000D+00   0.0000D+00   0.0000D+00   0.1508D-05   0.0000D+00   0.2669D-06   0.0000D+00   0.4081D-06   0.0000D+00
   0.0000D+00   0.0000D+00   0.0000D+00   0.0000D+00   0.0000D+00   0.0000D+00   0.0000D+00   0.0000D+00
  -0.4715D-07   0.3940D-08  -0.6087D-07   0.1865D-08   0.1356D-08  -0.1575D-08  -0.3174D-07   0.6693D-09  -0.4715D-07   0.3940D-08  -0.6087D-07   0.1865D-08
   0.1776D-05  -0.3427D-07   0.3162D-06  -0.1302D-07   0.4056D-06  -0.9613D-07   0.3820D-06   0.0000D+00   0.9084D-07   0.6036D-08  -0.3754D-09   0.1976D-07   0.1776D-05  -0.3427D-07   0.3162D-06  -0.1302D-07   0.4056D-06  -0.9613D-07
  -0.3839D-08  -0.9996D-08  -0.7744D-08  -0.1532D-07  -0.3839D-08  -0.9996D-08  -0.7744D-08  -0.1532D-07
  2.000  0.500
  -0.2895D-07   0.0000D+00  -0.3779D-07   0.0000D+00   0.0000D+00   0.0000D+00  -0.2042D-07   0.0000D+00  -0.2895D-07   0.0000D+00  -0.3779D-07   0.0000D+00
   0.1166D-05   0.0000D+00   0.2066D-06   0.0000D+00   0.3140D-06   0.0000D+00   0.2529D-06   0.0000D+00   0.5619D-07   0.0000D+00   0.0000D+00   0.0000D+00   0.1166D-05   0.0000D+00   0.2066D-06   0.0000D+00   0.3140D-06   0.0000D+00
   0.0000D+00   0.0000D+00   0.0000D+00   0.0000D+00   0.0000D+00   0.0000D+00   0.0000D+00   0.0000D+00
  -0.4738D-07   0.3984D-08  -0.6124D-07   0.1888D-08   0.1349D-08  -0.1604D-08  -0.3208D-07   0.6688D-09  -0.4738D-07   0.3984D-08  -0.6124D-07   0.1888D-08
   0.1727D-05  -0.3015D-07   0.3074D-06  -0.1150D-07   0.3998D-06  -0.8492D-07   0.3723D-06   0.0000D+00   0.8797D-07   0.5394D-08  -0.3677D-09   0.1765D-07   0.1727D-05  -0.3015D-07   0.3074D-06  -0.1150D-07   0.3998D-06  -0.8492D-07
  -0.3376D-08  -0.8817D-08  -0.6864D-08  -0.1360D-07  -0.3376D-08  -0.8817D-08  -0.6864D-08  -0.1360D-07
  2.000  1.000
  -0.2701D-07   0.0000D+00  -0.3526D-07   0.0000D+00   0.0000D+00   0.0000D+00  -0.1905D-07   0.0000D+00  -0.2701D-07   0.0000D+00  -0.3526D-07   0.0000D+00
   0.1166D-05   0.0000D+00   0.2066D-06   0.0000D+00   0.3140D-06   0.0000D+00   0.2529D-06   0.0000D+00   0.5619D-07   0.0000D+00   0.0000D+00   0.0000D+00   0.1166D-05   0.0000D+00   0.2066D-06   0.0000D+00   0.3140D-06   0.0000D+00
   0.0000D+00   0.0000D+00   0.0000D+00   0.0000D+00   0.0000D+00   0.0000D+00   0.0000D+00   0.0000D+00
  -0.4480D-07   0.3468D-08  -0.5796D-07   0.1643D-08   0.1175D-08  -0.1397D-08  -0.3044D-07   0.5822D-09  -0.4480D-07   0.3468D-08  -0.5796D-07   0.1643D-08
   0.1689D-05  -0.2813D-07   0.3006D-06  -0.1073D-07   0.3940D-06  -0.7923D-07   0.3643D-06   0.0000D+00   0.8585D-07   0.5033D-08  -0.3430D-09   0.1647D-07   0.1689D-05  -0.2813D-07   0.3006D-06  -0.1073D-07   0.3940D-06  -0.7923D-07
  -0.3150D-08  -0.8227D-08  -0.6404D-08  -0.1269D-07  -0.3150D-08  -0.8227D-08  -0.6404D-08  -0.1269D-07
  2.000  2.000
  -0.2531D-07   0.0000D+00  -0.3305D-07   0.0000D+00   0.0000D+00   0.0000D+00  -0.1786D-07   0.0000D+00  -0.2531D-07   0.0000D+00  -0.3305D-07   0.0000D+00
   0.1166D-05   0.0000D+00   0.2066D-06   0.0000D+00   0.3140D-06   0.0000D+00   0.2529D-06   0.0000D+00   0.5619D-07   0.0000D+00   0.0000D+00   0.0000D+00   0.1166D-05   0.0000D+00   0.2066D-06   0.0000D+00   0.3140D-06   0.0000D+00
   0.0000D+00   0.0000D+00   0.0000D+00   0.0000D+00   0.0000D+00   0.0000D+00   0.0000D+00   0.0000D+00
  -0.4249D-07   0.3047D-08  -0.5501D-07   0.1444D-08   0.1032D-08  -0.1227D-08  -0.2895D-07   0.5115D-09  -0.4249D-07   0.3047D-08  -0.5501D-07   0.1444D-08
   0.1657D-05  -0.2636D-07   0.2947D-06  -0.1006D-07   0.3890D-06  -0.7426D-07   0.3573D-06   0.0000D+00   0.8399D-07   0.4718D-08  -0.3215D-09   0.1544D-07   0.1657D-05  -0.2636D-07   0.2947D-06  -0.1006D-07   0.3890D-06  -0.7426D-07
  -0.2952D-08  -0.7711D-08  -0.6003D-08  -0.1189D-07  -0.2952D-08  -0.7711D-08  -0.6003D-08  -0.1189D-07
