 LHC=           1 sqrts=   8000.0000000000000      ang=           4 mode=fital                                                                                               scalescheme=           1 R=  0.69999999999999996     
 NNPDF23_nlo_as_0118                                                                                           75
 Bin information: chid, chiu, md, mu, mu0
   0.0000000000000000       0.50000000000000000        196.00000000000000        220.00000000000000        208.00000000000000     
 9 scales(muf, mur)*(LO(38), NLO(38))
  0.500  0.500
  -0.4135D+01   0.0000D+00  -0.5513D+01   0.0000D+00   0.0000D+00   0.0000D+00  -0.5551D+01   0.0000D+00  -0.4135D+01   0.0000D+00  -0.5513D+01   0.0000D+00
   0.5758D+00   0.0000D+00   0.1047D+00   0.0000D+00   0.1408D+00   0.0000D+00   0.2363D+00   0.0000D+00   0.5251D-01   0.0000D+00   0.0000D+00   0.0000D+00   0.5758D+00   0.0000D+00   0.1047D+00   0.0000D+00   0.1408D+00   0.0000D+00
   0.0000D+00   0.0000D+00   0.0000D+00   0.0000D+00   0.0000D+00   0.0000D+00   0.0000D+00   0.0000D+00
  -0.2899D+01   0.8829D+00  -0.4614D+01   0.5340D+00   0.4427D+00  -0.6132D+00  -0.5041D+01  -0.3888D-01  -0.2899D+01   0.8829D+00  -0.4614D+01   0.5340D+00
   0.6847D+00  -0.1897D-01   0.1259D+00  -0.7785D-02   0.1129D+00  -0.5999D-01   0.2747D+00   0.0000D+00   0.6927D-01   0.7081D-02  -0.1948D-03   0.2317D-01   0.6847D+00  -0.1897D-01   0.1259D+00  -0.7785D-02   0.1129D+00  -0.5999D-01
  -0.1110D-02  -0.6835D-02  -0.4325D-02  -0.1239D-01  -0.1110D-02  -0.6835D-02  -0.4325D-02  -0.1239D-01
  0.500  1.000
  -0.3759D+01   0.0000D+00  -0.5012D+01   0.0000D+00   0.0000D+00   0.0000D+00  -0.5047D+01   0.0000D+00  -0.3759D+01   0.0000D+00  -0.5012D+01   0.0000D+00
   0.5758D+00   0.0000D+00   0.1047D+00   0.0000D+00   0.1408D+00   0.0000D+00   0.2363D+00   0.0000D+00   0.5251D-01   0.0000D+00   0.0000D+00   0.0000D+00   0.5758D+00   0.0000D+00   0.1047D+00   0.0000D+00   0.1408D+00   0.0000D+00
   0.0000D+00   0.0000D+00   0.0000D+00   0.0000D+00   0.0000D+00   0.0000D+00   0.0000D+00   0.0000D+00
  -0.3076D+01   0.7297D+00  -0.4721D+01   0.4413D+00   0.3656D+00  -0.5068D+00  -0.5079D+01  -0.3213D-01  -0.3076D+01   0.7297D+00  -0.4721D+01   0.4413D+00
   0.6761D+00  -0.1725D-01   0.1242D+00  -0.7078D-02   0.1158D+00  -0.5454D-01   0.2716D+00   0.0000D+00   0.6785D-01   0.6438D-02  -0.1625D-03   0.2107D-01   0.6761D+00  -0.1725D-01   0.1242D+00  -0.7078D-02   0.1158D+00  -0.5454D-01
  -0.1009D-02  -0.6214D-02  -0.3932D-02  -0.1127D-01  -0.1009D-02  -0.6214D-02  -0.3932D-02  -0.1127D-01
  0.500  2.000
  -0.3469D+01   0.0000D+00  -0.4625D+01   0.0000D+00   0.0000D+00   0.0000D+00  -0.4657D+01   0.0000D+00  -0.3469D+01   0.0000D+00  -0.4625D+01   0.0000D+00
   0.5758D+00   0.0000D+00   0.1047D+00   0.0000D+00   0.1408D+00   0.0000D+00   0.2363D+00   0.0000D+00   0.5251D-01   0.0000D+00   0.0000D+00   0.0000D+00   0.5758D+00   0.0000D+00   0.1047D+00   0.0000D+00   0.1408D+00   0.0000D+00
   0.0000D+00   0.0000D+00   0.0000D+00   0.0000D+00   0.0000D+00   0.0000D+00   0.0000D+00   0.0000D+00
  -0.3174D+01   0.6214D+00  -0.4759D+01   0.3758D+00   0.3113D+00  -0.4316D+00  -0.5069D+01  -0.2736D-01  -0.3174D+01   0.6214D+00  -0.4759D+01   0.3758D+00
   0.6689D+00  -0.1591D-01   0.1228D+00  -0.6532D-02   0.1179D+00  -0.5033D-01   0.2690D+00   0.0000D+00   0.6671D-01   0.5941D-02  -0.1446D-03   0.1944D-01   0.6689D+00  -0.1591D-01   0.1228D+00  -0.6532D-02   0.1179D+00  -0.5033D-01
  -0.9310D-03  -0.5735D-02  -0.3628D-02  -0.1040D-01  -0.9310D-03  -0.5735D-02  -0.3628D-02  -0.1040D-01
  1.000  0.500
  -0.4032D+01   0.0000D+00  -0.5494D+01   0.0000D+00   0.0000D+00   0.0000D+00  -0.5486D+01   0.0000D+00  -0.4032D+01   0.0000D+00  -0.5494D+01   0.0000D+00
   0.5719D+00   0.0000D+00   0.1039D+00   0.0000D+00   0.1375D+00   0.0000D+00   0.2334D+00   0.0000D+00   0.5186D-01   0.0000D+00   0.0000D+00   0.0000D+00   0.5719D+00   0.0000D+00   0.1039D+00   0.0000D+00   0.1375D+00   0.0000D+00
   0.0000D+00   0.0000D+00   0.0000D+00   0.0000D+00   0.0000D+00   0.0000D+00   0.0000D+00   0.0000D+00
  -0.2869D+01   0.8768D+00  -0.4646D+01   0.5302D+00   0.4396D+00  -0.6076D+00  -0.5036D+01  -0.3802D-01  -0.2869D+01   0.8768D+00  -0.4646D+01   0.5302D+00
   0.6714D+00  -0.1856D-01   0.1237D+00  -0.7667D-02   0.1088D+00  -0.5935D-01   0.2672D+00   0.0000D+00   0.6771D-01   0.6998D-02   0.1443D-03   0.2290D-01   0.6714D+00  -0.1856D-01   0.1237D+00  -0.7667D-02   0.1088D+00  -0.5935D-01
  -0.1099D-02  -0.6817D-02  -0.4325D-02  -0.1228D-01  -0.1099D-02  -0.6817D-02  -0.4325D-02  -0.1228D-01
  1.000  1.000
  -0.3666D+01   0.0000D+00  -0.4994D+01   0.0000D+00   0.0000D+00   0.0000D+00  -0.4987D+01   0.0000D+00  -0.3666D+01   0.0000D+00  -0.4994D+01   0.0000D+00
   0.5719D+00   0.0000D+00   0.1039D+00   0.0000D+00   0.1375D+00   0.0000D+00   0.2334D+00   0.0000D+00   0.5186D-01   0.0000D+00   0.0000D+00   0.0000D+00   0.5719D+00   0.0000D+00   0.1039D+00   0.0000D+00   0.1375D+00   0.0000D+00
   0.0000D+00   0.0000D+00   0.0000D+00   0.0000D+00   0.0000D+00   0.0000D+00   0.0000D+00   0.0000D+00
  -0.3035D+01   0.7247D+00  -0.4744D+01   0.4382D+00   0.3631D+00  -0.5022D+00  -0.5065D+01  -0.3142D-01  -0.3035D+01   0.7247D+00  -0.4744D+01   0.4382D+00
   0.6643D+00  -0.1687D-01   0.1222D+00  -0.6971D-02   0.1120D+00  -0.5396D-01   0.2646D+00   0.0000D+00   0.6640D-01   0.6362D-02   0.1388D-03   0.2082D-01   0.6643D+00  -0.1687D-01   0.1222D+00  -0.6971D-02   0.1120D+00  -0.5396D-01
  -0.9990D-03  -0.6198D-02  -0.3932D-02  -0.1116D-01  -0.9990D-03  -0.6198D-02  -0.3932D-02  -0.1116D-01
  1.000  2.000
  -0.3383D+01   0.0000D+00  -0.4609D+01   0.0000D+00   0.0000D+00   0.0000D+00  -0.4602D+01   0.0000D+00  -0.3383D+01   0.0000D+00  -0.4609D+01   0.0000D+00
   0.5719D+00   0.0000D+00   0.1039D+00   0.0000D+00   0.1375D+00   0.0000D+00   0.2334D+00   0.0000D+00   0.5186D-01   0.0000D+00   0.0000D+00   0.0000D+00   0.5719D+00   0.0000D+00   0.1039D+00   0.0000D+00   0.1375D+00   0.0000D+00
   0.0000D+00   0.0000D+00   0.0000D+00   0.0000D+00   0.0000D+00   0.0000D+00   0.0000D+00   0.0000D+00
  -0.3125D+01   0.6171D+00  -0.4776D+01   0.3731D+00   0.3092D+00  -0.4276D+00  -0.5048D+01  -0.2676D-01  -0.3125D+01   0.6171D+00  -0.4776D+01   0.3731D+00
   0.6577D+00  -0.1557D-01   0.1209D+00  -0.6433D-02   0.1141D+00  -0.4980D-01   0.2623D+00   0.0000D+00   0.6531D-01   0.5871D-02   0.1332D-03   0.1922D-01   0.6577D+00  -0.1557D-01   0.1209D+00  -0.6433D-02   0.1141D+00  -0.4980D-01
  -0.9219D-03  -0.5719D-02  -0.3628D-02  -0.1030D-01  -0.9219D-03  -0.5719D-02  -0.3628D-02  -0.1030D-01
  2.000  0.500
  -0.3950D+01   0.0000D+00  -0.5424D+01   0.0000D+00   0.0000D+00   0.0000D+00  -0.5429D+01   0.0000D+00  -0.3950D+01   0.0000D+00  -0.5424D+01   0.0000D+00
   0.5630D+00   0.0000D+00   0.1023D+00   0.0000D+00   0.1347D+00   0.0000D+00   0.2294D+00   0.0000D+00   0.5098D-01   0.0000D+00   0.0000D+00   0.0000D+00   0.5630D+00   0.0000D+00   0.1023D+00   0.0000D+00   0.1347D+00   0.0000D+00
   0.0000D+00   0.0000D+00   0.0000D+00   0.0000D+00   0.0000D+00   0.0000D+00   0.0000D+00   0.0000D+00
  -0.2949D+01   0.8692D+00  -0.4704D+01   0.5218D+00   0.4346D+00  -0.6000D+00  -0.5172D+01  -0.3755D-01  -0.2949D+01   0.8692D+00  -0.4704D+01   0.5218D+00
   0.6602D+00  -0.1820D-01   0.1216D+00  -0.7521D-02   0.1070D+00  -0.5813D-01   0.2654D+00   0.0000D+00   0.6681D-01   0.6887D-02   0.6078D-04   0.2254D-01   0.6602D+00  -0.1820D-01   0.1216D+00  -0.7521D-02   0.1070D+00  -0.5813D-01
  -0.1078D-02  -0.6475D-02  -0.4286D-02  -0.1211D-01  -0.1078D-02  -0.6475D-02  -0.4286D-02  -0.1211D-01
  2.000  1.000
  -0.3591D+01   0.0000D+00  -0.4931D+01   0.0000D+00   0.0000D+00   0.0000D+00  -0.4935D+01   0.0000D+00  -0.3591D+01   0.0000D+00  -0.4931D+01   0.0000D+00
   0.5630D+00   0.0000D+00   0.1023D+00   0.0000D+00   0.1347D+00   0.0000D+00   0.2294D+00   0.0000D+00   0.5098D-01   0.0000D+00   0.0000D+00   0.0000D+00   0.5630D+00   0.0000D+00   0.1023D+00   0.0000D+00   0.1347D+00   0.0000D+00
   0.0000D+00   0.0000D+00   0.0000D+00   0.0000D+00   0.0000D+00   0.0000D+00   0.0000D+00   0.0000D+00
  -0.3081D+01   0.7183D+00  -0.4774D+01   0.4312D+00   0.3589D+00  -0.4958D+00  -0.5163D+01  -0.3103D-01  -0.3081D+01   0.7183D+00  -0.4774D+01   0.4312D+00
   0.6466D+00  -0.1655D-01   0.1191D+00  -0.6838D-02   0.1080D+00  -0.5285D-01   0.2614D+00   0.0000D+00   0.6514D-01   0.6261D-02   0.7049D-04   0.2049D-01   0.6466D+00  -0.1655D-01   0.1191D+00  -0.6838D-02   0.1080D+00  -0.5285D-01
  -0.9797D-03  -0.5886D-02  -0.3896D-02  -0.1101D-01  -0.9797D-03  -0.5886D-02  -0.3896D-02  -0.1101D-01
  2.000  2.000
  -0.3314D+01   0.0000D+00  -0.4551D+01   0.0000D+00   0.0000D+00   0.0000D+00  -0.4554D+01   0.0000D+00  -0.3314D+01   0.0000D+00  -0.4551D+01   0.0000D+00
   0.5630D+00   0.0000D+00   0.1023D+00   0.0000D+00   0.1347D+00   0.0000D+00   0.2294D+00   0.0000D+00   0.5098D-01   0.0000D+00   0.0000D+00   0.0000D+00   0.5630D+00   0.0000D+00   0.1023D+00   0.0000D+00   0.1347D+00   0.0000D+00
   0.0000D+00   0.0000D+00   0.0000D+00   0.0000D+00   0.0000D+00   0.0000D+00   0.0000D+00   0.0000D+00
  -0.3159D+01   0.6117D+00  -0.4798D+01   0.3673D+00   0.3057D+00  -0.4222D+00  -0.5128D+01  -0.2643D-01  -0.3159D+01   0.6117D+00  -0.4798D+01   0.3673D+00
   0.6463D+00  -0.1527D-01   0.1188D+00  -0.6310D-02   0.1119D+00  -0.4877D-01   0.2601D+00   0.0000D+00   0.6440D-01   0.5778D-02   0.6801D-04   0.1891D-01   0.6463D+00  -0.1527D-01   0.1188D+00  -0.6310D-02   0.1119D+00  -0.4877D-01
  -0.9041D-03  -0.5432D-02  -0.3596D-02  -0.1016D-01  -0.9041D-03  -0.5432D-02  -0.3596D-02  -0.1016D-01
