 LHC=           1 sqrts=   8000.0000000000000      ang=           4 mode=fital                                                                                               scalescheme=           1 R=  0.69999999999999996     
 CT10nlo_rand5678                                                                                              90
 Bin information: chid, chiu, md, mu, mu0
   0.0000000000000000       0.50000000000000000        2116.0000000000000        2250.0000000000000        2183.0000000000000     
 9 scales(muf, mur)*(LO(38), NLO(38))
  0.500  0.500
  -0.7865D-03   0.0000D+00  -0.4545D-03   0.0000D+00   0.0000D+00   0.0000D+00  -0.1963D-03   0.0000D+00  -0.7865D-03   0.0000D+00  -0.4545D-03   0.0000D+00
   0.7302D-02   0.0000D+00   0.1041D-02   0.0000D+00   0.3493D-02   0.0000D+00   0.1004D-02   0.0000D+00   0.2231D-03   0.0000D+00   0.0000D+00   0.0000D+00   0.7302D-02   0.0000D+00   0.1041D-02   0.0000D+00   0.3493D-02   0.0000D+00
   0.0000D+00   0.0000D+00   0.0000D+00   0.0000D+00   0.0000D+00   0.0000D+00   0.0000D+00   0.0000D+00
  -0.7224D-03   0.4923D-04  -0.4228D-03   0.2961D-04   0.1568D-04  -0.1614D-04  -0.1774D-03   0.1090D-04  -0.7224D-03   0.4923D-04  -0.4228D-03   0.2961D-04
   0.5635D-02  -0.3508D-03   0.8083D-03  -0.9545D-04   0.2316D-02  -0.5289D-03   0.8546D-03   0.0000D+00   0.2105D-03   0.2241D-04  -0.3394D-04   0.7334D-04   0.5635D-02  -0.3508D-03   0.8083D-03  -0.9545D-04   0.2316D-02  -0.5289D-03
  -0.3776D-04  -0.8786D-04  -0.3221D-04  -0.6654D-04  -0.3776D-04  -0.8786D-04  -0.3221D-04  -0.6654D-04
  0.500  1.000
  -0.7315D-03   0.0000D+00  -0.4227D-03   0.0000D+00   0.0000D+00   0.0000D+00  -0.1826D-03   0.0000D+00  -0.7315D-03   0.0000D+00  -0.4227D-03   0.0000D+00
   0.7302D-02   0.0000D+00   0.1041D-02   0.0000D+00   0.3493D-02   0.0000D+00   0.1004D-02   0.0000D+00   0.2231D-03   0.0000D+00   0.0000D+00   0.0000D+00   0.7302D-02   0.0000D+00   0.1041D-02   0.0000D+00   0.3493D-02   0.0000D+00
   0.0000D+00   0.0000D+00   0.0000D+00   0.0000D+00   0.0000D+00   0.0000D+00   0.0000D+00   0.0000D+00
  -0.7256D-03   0.4258D-04  -0.4240D-03   0.2561D-04   0.1356D-04  -0.1396D-04  -0.1786D-03   0.9429D-05  -0.7256D-03   0.4258D-04  -0.4240D-03   0.2561D-04
   0.5752D-02  -0.3263D-03   0.8246D-03  -0.8877D-04   0.2398D-02  -0.4919D-03   0.8651D-03   0.0000D+00   0.2114D-03   0.2084D-04  -0.3157D-04   0.6821D-04   0.5752D-02  -0.3263D-03   0.8246D-03  -0.8877D-04   0.2398D-02  -0.4919D-03
  -0.3511D-04  -0.8171D-04  -0.2996D-04  -0.6188D-04  -0.3511D-04  -0.8171D-04  -0.2996D-04  -0.6188D-04
  0.500  2.000
  -0.6838D-03   0.0000D+00  -0.3951D-03   0.0000D+00   0.0000D+00   0.0000D+00  -0.1707D-03   0.0000D+00  -0.6838D-03   0.0000D+00  -0.3951D-03   0.0000D+00
   0.7302D-02   0.0000D+00   0.1041D-02   0.0000D+00   0.3493D-02   0.0000D+00   0.1004D-02   0.0000D+00   0.2231D-03   0.0000D+00   0.0000D+00   0.0000D+00   0.7302D-02   0.0000D+00   0.1041D-02   0.0000D+00   0.3493D-02   0.0000D+00
   0.0000D+00   0.0000D+00   0.0000D+00   0.0000D+00   0.0000D+00   0.0000D+00   0.0000D+00   0.0000D+00
  -0.7219D-03   0.3721D-04  -0.4212D-03   0.2238D-04   0.1185D-04  -0.1220D-04  -0.1780D-03   0.8239D-05  -0.7219D-03   0.3721D-04  -0.4212D-03   0.2238D-04
   0.5854D-02  -0.3050D-03   0.8388D-03  -0.8298D-04   0.2470D-02  -0.4598D-03   0.8742D-03   0.0000D+00   0.2122D-03   0.1948D-04  -0.2951D-04   0.6376D-04   0.5854D-02  -0.3050D-03   0.8388D-03  -0.8298D-04   0.2470D-02  -0.4598D-03
  -0.3282D-04  -0.7638D-04  -0.2800D-04  -0.5785D-04  -0.3282D-04  -0.7638D-04  -0.2800D-04  -0.5785D-04
  1.000  0.500
  -0.6484D-03   0.0000D+00  -0.3746D-03   0.0000D+00   0.0000D+00   0.0000D+00  -0.1622D-03   0.0000D+00  -0.6484D-03   0.0000D+00  -0.3746D-03   0.0000D+00
   0.6017D-02   0.0000D+00   0.8573D-03   0.0000D+00   0.2878D-02   0.0000D+00   0.8295D-03   0.0000D+00   0.1843D-03   0.0000D+00   0.0000D+00   0.0000D+00   0.6017D-02   0.0000D+00   0.8573D-03   0.0000D+00   0.2878D-02   0.0000D+00
   0.0000D+00   0.0000D+00   0.0000D+00   0.0000D+00   0.0000D+00   0.0000D+00   0.0000D+00   0.0000D+00
  -0.7215D-03   0.4057D-04  -0.4210D-03   0.2443D-04   0.1288D-04  -0.1333D-04  -0.1778D-03   0.8954D-05  -0.7215D-03   0.4057D-04  -0.4210D-03   0.2443D-04
   0.5808D-02  -0.2891D-03   0.8311D-03  -0.7866D-04   0.2461D-02  -0.4359D-03   0.8633D-03   0.0000D+00   0.2090D-03   0.1852D-04  -0.2719D-04   0.6059D-04   0.5808D-02  -0.2891D-03   0.8311D-03  -0.7866D-04   0.2461D-02  -0.4359D-03
  -0.3115D-04  -0.7244D-04  -0.2656D-04  -0.5487D-04  -0.3115D-04  -0.7244D-04  -0.2656D-04  -0.5487D-04
  1.000  1.000
  -0.6031D-03   0.0000D+00  -0.3484D-03   0.0000D+00   0.0000D+00   0.0000D+00  -0.1508D-03   0.0000D+00  -0.6031D-03   0.0000D+00  -0.3484D-03   0.0000D+00
   0.6017D-02   0.0000D+00   0.8573D-03   0.0000D+00   0.2878D-02   0.0000D+00   0.8295D-03   0.0000D+00   0.1843D-03   0.0000D+00   0.0000D+00   0.0000D+00   0.6017D-02   0.0000D+00   0.8573D-03   0.0000D+00   0.2878D-02   0.0000D+00
   0.0000D+00   0.0000D+00   0.0000D+00   0.0000D+00   0.0000D+00   0.0000D+00   0.0000D+00   0.0000D+00
  -0.7071D-03   0.3509D-04  -0.4121D-03   0.2113D-04   0.1115D-04  -0.1153D-04  -0.1746D-03   0.7745D-05  -0.7071D-03   0.3509D-04  -0.4121D-03   0.2113D-04
   0.5823D-02  -0.2688D-03   0.8330D-03  -0.7316D-04   0.2490D-02  -0.4054D-03   0.8610D-03   0.0000D+00   0.2073D-03   0.1722D-04  -0.2529D-04   0.5636D-04   0.5823D-02  -0.2688D-03   0.8330D-03  -0.7316D-04   0.2490D-02  -0.4054D-03
  -0.2897D-04  -0.6737D-04  -0.2471D-04  -0.5103D-04  -0.2897D-04  -0.6737D-04  -0.2471D-04  -0.5103D-04
  1.000  2.000
  -0.5637D-03   0.0000D+00  -0.3256D-03   0.0000D+00   0.0000D+00   0.0000D+00  -0.1410D-03   0.0000D+00  -0.5637D-03   0.0000D+00  -0.3256D-03   0.0000D+00
   0.6017D-02   0.0000D+00   0.8573D-03   0.0000D+00   0.2878D-02   0.0000D+00   0.8295D-03   0.0000D+00   0.1843D-03   0.0000D+00   0.0000D+00   0.0000D+00   0.6017D-02   0.0000D+00   0.8573D-03   0.0000D+00   0.2878D-02   0.0000D+00
   0.0000D+00   0.0000D+00   0.0000D+00   0.0000D+00   0.0000D+00   0.0000D+00   0.0000D+00   0.0000D+00
  -0.6904D-03   0.3066D-04  -0.4020D-03   0.1846D-04   0.9739D-05  -0.1007D-04  -0.1707D-03   0.6767D-05  -0.6904D-03   0.3066D-04  -0.4020D-03   0.1846D-04
   0.5835D-02  -0.2513D-03   0.8346D-03  -0.6839D-04   0.2515D-02  -0.3789D-03   0.8590D-03   0.0000D+00   0.2058D-03   0.1610D-04  -0.2364D-04   0.5268D-04   0.5835D-02  -0.2513D-03   0.8346D-03  -0.6839D-04   0.2515D-02  -0.3789D-03
  -0.2708D-04  -0.6298D-04  -0.2309D-04  -0.4770D-04  -0.2708D-04  -0.6298D-04  -0.2309D-04  -0.4770D-04
  2.000  0.500
  -0.5415D-03   0.0000D+00  -0.3124D-03   0.0000D+00   0.0000D+00   0.0000D+00  -0.1356D-03   0.0000D+00  -0.5415D-03   0.0000D+00  -0.3124D-03   0.0000D+00
   0.5020D-02   0.0000D+00   0.7152D-03   0.0000D+00   0.2402D-02   0.0000D+00   0.6940D-03   0.0000D+00   0.1542D-03   0.0000D+00   0.0000D+00   0.0000D+00   0.5020D-02   0.0000D+00   0.7152D-03   0.0000D+00   0.2402D-02   0.0000D+00
   0.0000D+00   0.0000D+00   0.0000D+00   0.0000D+00   0.0000D+00   0.0000D+00   0.0000D+00   0.0000D+00
  -0.7076D-03   0.3385D-04  -0.4123D-03   0.2042D-04   0.1069D-04  -0.1114D-04  -0.1750D-03   0.7452D-05  -0.7076D-03   0.3385D-04  -0.4123D-03   0.2042D-04
   0.5827D-02  -0.2413D-03   0.8334D-03  -0.6564D-04   0.2527D-02  -0.3636D-03   0.8559D-03   0.0000D+00   0.2046D-03   0.1549D-04  -0.2236D-04   0.5069D-04   0.5827D-02  -0.2413D-03   0.8334D-03  -0.6564D-04   0.2527D-02  -0.3636D-03
  -0.2601D-04  -0.6060D-04  -0.2219D-04  -0.4581D-04  -0.2601D-04  -0.6060D-04  -0.2219D-04  -0.4581D-04
  2.000  1.000
  -0.5036D-03   0.0000D+00  -0.2906D-03   0.0000D+00   0.0000D+00   0.0000D+00  -0.1261D-03   0.0000D+00  -0.5036D-03   0.0000D+00  -0.2906D-03   0.0000D+00
   0.5020D-02   0.0000D+00   0.7152D-03   0.0000D+00   0.2402D-02   0.0000D+00   0.6940D-03   0.0000D+00   0.1542D-03   0.0000D+00   0.0000D+00   0.0000D+00   0.5020D-02   0.0000D+00   0.7152D-03   0.0000D+00   0.2402D-02   0.0000D+00
   0.0000D+00   0.0000D+00   0.0000D+00   0.0000D+00   0.0000D+00   0.0000D+00   0.0000D+00   0.0000D+00
  -0.6814D-03   0.2928D-04  -0.3967D-03   0.1766D-04   0.9243D-05  -0.9640D-05  -0.1687D-03   0.6446D-05  -0.6814D-03   0.2928D-04  -0.3967D-03   0.1766D-04
   0.5771D-02  -0.2244D-03   0.8251D-03  -0.6105D-04   0.2518D-02  -0.3382D-03   0.8447D-03   0.0000D+00   0.2011D-03   0.1441D-04  -0.2080D-04   0.4715D-04   0.5771D-02  -0.2244D-03   0.8251D-03  -0.6105D-04   0.2518D-02  -0.3382D-03
  -0.2419D-04  -0.5636D-04  -0.2063D-04  -0.4260D-04  -0.2419D-04  -0.5636D-04  -0.2063D-04  -0.4260D-04
  2.000  2.000
  -0.4707D-03   0.0000D+00  -0.2716D-03   0.0000D+00   0.0000D+00   0.0000D+00  -0.1179D-03   0.0000D+00  -0.4707D-03   0.0000D+00  -0.2716D-03   0.0000D+00
   0.5020D-02   0.0000D+00   0.7152D-03   0.0000D+00   0.2402D-02   0.0000D+00   0.6940D-03   0.0000D+00   0.1542D-03   0.0000D+00   0.0000D+00   0.0000D+00   0.5020D-02   0.0000D+00   0.7152D-03   0.0000D+00   0.2402D-02   0.0000D+00
   0.0000D+00   0.0000D+00   0.0000D+00   0.0000D+00   0.0000D+00   0.0000D+00   0.0000D+00   0.0000D+00
  -0.6559D-03   0.2558D-04  -0.3815D-03   0.1543D-04   0.8077D-05  -0.8423D-05  -0.1626D-03   0.5632D-05  -0.6559D-03   0.2558D-04  -0.3815D-03   0.1543D-04
   0.5722D-02  -0.2098D-03   0.8180D-03  -0.5707D-04   0.2511D-02  -0.3161D-03   0.8349D-03   0.0000D+00   0.1981D-03   0.1347D-04  -0.1944D-04   0.4407D-04   0.5722D-02  -0.2098D-03   0.8180D-03  -0.5707D-04   0.2511D-02  -0.3161D-03
  -0.2262D-04  -0.5269D-04  -0.1929D-04  -0.3983D-04  -0.2262D-04  -0.5269D-04  -0.1929D-04  -0.3983D-04
