 LHC=           1 sqrts=   8000.0000000000000      ang=           4 mode=fital                                                                                               scalescheme=           1 R=  0.69999999999999996     
 CT10nlo_rand5678                                                                                              90
 Bin information: chid, chiu, md, mu, mu0
   0.0000000000000000       0.50000000000000000        3250.0000000000000        3500.0000000000000        3375.0000000000000     
 9 scales(muf, mur)*(LO(38), NLO(38))
  0.500  0.500
  -0.4591D-07   0.0000D+00  -0.4233D-07   0.0000D+00   0.0000D+00   0.0000D+00  -0.3381D-07   0.0000D+00  -0.4591D-07   0.0000D+00  -0.4233D-07   0.0000D+00
   0.1492D-05   0.0000D+00   0.2468D-06   0.0000D+00   0.5081D-06   0.0000D+00   0.4543D-06   0.0000D+00   0.1009D-06   0.0000D+00   0.0000D+00   0.0000D+00   0.1492D-05   0.0000D+00   0.2468D-06   0.0000D+00   0.5081D-06   0.0000D+00
   0.0000D+00   0.0000D+00   0.0000D+00   0.0000D+00   0.0000D+00   0.0000D+00   0.0000D+00   0.0000D+00
  -0.5010D-07   0.4653D-08  -0.4498D-07   0.2796D-08   0.3232D-08  -0.2655D-08  -0.3556D-07   0.2255D-09  -0.5010D-07   0.4653D-08  -0.4498D-07   0.2796D-08
   0.1388D-05  -0.4880D-07   0.2299D-06  -0.1606D-07   0.4025D-06  -0.1069D-06   0.4288D-06   0.0000D+00   0.1045D-06   0.9689D-08   0.1159D-08   0.3171D-07   0.1388D-05  -0.4880D-07   0.2299D-06  -0.1606D-07   0.4025D-06  -0.1069D-06
  -0.5347D-08  -0.1463D-07  -0.9345D-08  -0.1898D-07  -0.5347D-08  -0.1463D-07  -0.9345D-08  -0.1898D-07
  0.500  1.000
  -0.4283D-07   0.0000D+00  -0.3949D-07   0.0000D+00   0.0000D+00   0.0000D+00  -0.3155D-07   0.0000D+00  -0.4283D-07   0.0000D+00  -0.3949D-07   0.0000D+00
   0.1492D-05   0.0000D+00   0.2468D-06   0.0000D+00   0.5081D-06   0.0000D+00   0.4543D-06   0.0000D+00   0.1009D-06   0.0000D+00   0.0000D+00   0.0000D+00   0.1492D-05   0.0000D+00   0.2468D-06   0.0000D+00   0.5081D-06   0.0000D+00
   0.0000D+00   0.0000D+00   0.0000D+00   0.0000D+00   0.0000D+00   0.0000D+00   0.0000D+00   0.0000D+00
  -0.4926D-07   0.4051D-08  -0.4436D-07   0.2434D-08   0.2813D-08  -0.2311D-08  -0.3512D-07   0.1963D-09  -0.4926D-07   0.4051D-08  -0.4436D-07   0.2434D-08
   0.1395D-05  -0.4553D-07   0.2310D-06  -0.1499D-07   0.4096D-06  -0.9974D-07   0.4305D-06   0.0000D+00   0.1043D-06   0.9040D-08   0.1082D-08   0.2959D-07   0.1395D-05  -0.4553D-07   0.2310D-06  -0.1499D-07   0.4096D-06  -0.9974D-07
  -0.4989D-08  -0.1365D-07  -0.8719D-08  -0.1771D-07  -0.4989D-08  -0.1365D-07  -0.8719D-08  -0.1771D-07
  0.500  2.000
  -0.4015D-07   0.0000D+00  -0.3702D-07   0.0000D+00   0.0000D+00   0.0000D+00  -0.2957D-07   0.0000D+00  -0.4015D-07   0.0000D+00  -0.3702D-07   0.0000D+00
   0.1492D-05   0.0000D+00   0.2468D-06   0.0000D+00   0.5081D-06   0.0000D+00   0.4543D-06   0.0000D+00   0.1009D-06   0.0000D+00   0.0000D+00   0.0000D+00   0.1492D-05   0.0000D+00   0.2468D-06   0.0000D+00   0.5081D-06   0.0000D+00
   0.0000D+00   0.0000D+00   0.0000D+00   0.0000D+00   0.0000D+00   0.0000D+00   0.0000D+00   0.0000D+00
  -0.4824D-07   0.3559D-08  -0.4355D-07   0.2139D-08   0.2472D-08  -0.2031D-08  -0.3451D-07   0.1725D-09  -0.4824D-07   0.3559D-08  -0.4355D-07   0.2139D-08
   0.1401D-05  -0.4268D-07   0.2320D-06  -0.1405D-07   0.4158D-06  -0.9349D-07   0.4320D-06   0.0000D+00   0.1041D-06   0.8474D-08   0.1014D-08   0.2773D-07   0.1401D-05  -0.4268D-07   0.2320D-06  -0.1405D-07   0.4158D-06  -0.9349D-07
  -0.4676D-08  -0.1280D-07  -0.8173D-08  -0.1660D-07  -0.4676D-08  -0.1280D-07  -0.8173D-08  -0.1660D-07
  1.000  0.500
  -0.3432D-07   0.0000D+00  -0.3211D-07   0.0000D+00   0.0000D+00   0.0000D+00  -0.2585D-07   0.0000D+00  -0.3432D-07   0.0000D+00  -0.3211D-07   0.0000D+00
   0.1132D-05   0.0000D+00   0.1878D-06   0.0000D+00   0.3809D-06   0.0000D+00   0.3493D-06   0.0000D+00   0.7762D-07   0.0000D+00   0.0000D+00   0.0000D+00   0.1132D-05   0.0000D+00   0.1878D-06   0.0000D+00   0.3809D-06   0.0000D+00
   0.0000D+00   0.0000D+00   0.0000D+00   0.0000D+00   0.0000D+00   0.0000D+00   0.0000D+00   0.0000D+00
  -0.4741D-07   0.3532D-08  -0.4304D-07   0.2120D-08   0.2557D-08  -0.2030D-08  -0.3415D-07   0.1598D-09  -0.4741D-07   0.3532D-08  -0.4304D-07   0.2120D-08
   0.1367D-05  -0.3658D-07   0.2263D-06  -0.1212D-07   0.4105D-06  -0.8119D-07   0.4219D-06   0.0000D+00   0.1008D-06   0.7450D-08   0.1014D-08   0.2438D-07   0.1367D-05  -0.3658D-07   0.2263D-06  -0.1212D-07   0.4105D-06  -0.8119D-07
  -0.3997D-08  -0.1104D-07  -0.7132D-08  -0.1453D-07  -0.3997D-08  -0.1104D-07  -0.7132D-08  -0.1453D-07
  1.000  1.000
  -0.3202D-07   0.0000D+00  -0.2996D-07   0.0000D+00   0.0000D+00   0.0000D+00  -0.2411D-07   0.0000D+00  -0.3202D-07   0.0000D+00  -0.2996D-07   0.0000D+00
   0.1132D-05   0.0000D+00   0.1878D-06   0.0000D+00   0.3809D-06   0.0000D+00   0.3493D-06   0.0000D+00   0.7762D-07   0.0000D+00   0.0000D+00   0.0000D+00   0.1132D-05   0.0000D+00   0.1878D-06   0.0000D+00   0.3809D-06   0.0000D+00
   0.0000D+00   0.0000D+00   0.0000D+00   0.0000D+00   0.0000D+00   0.0000D+00   0.0000D+00   0.0000D+00
  -0.4550D-07   0.3074D-08  -0.4142D-07   0.1845D-08   0.2226D-08  -0.1767D-08  -0.3291D-07   0.1391D-09  -0.4550D-07   0.3074D-08  -0.4142D-07   0.1845D-08
   0.1351D-05  -0.3413D-07   0.2238D-06  -0.1131D-07   0.4085D-06  -0.7575D-07   0.4170D-06   0.0000D+00   0.9929D-07   0.6951D-08   0.9462D-09   0.2275D-07   0.1351D-05  -0.3413D-07   0.2238D-06  -0.1131D-07   0.4085D-06  -0.7575D-07
  -0.3729D-08  -0.1030D-07  -0.6654D-08  -0.1356D-07  -0.3729D-08  -0.1030D-07  -0.6654D-08  -0.1356D-07
  1.000  2.000
  -0.3001D-07   0.0000D+00  -0.2808D-07   0.0000D+00   0.0000D+00   0.0000D+00  -0.2260D-07   0.0000D+00  -0.3001D-07   0.0000D+00  -0.2808D-07   0.0000D+00
   0.1132D-05   0.0000D+00   0.1878D-06   0.0000D+00   0.3809D-06   0.0000D+00   0.3493D-06   0.0000D+00   0.7762D-07   0.0000D+00   0.0000D+00   0.0000D+00   0.1132D-05   0.0000D+00   0.1878D-06   0.0000D+00   0.3809D-06   0.0000D+00
   0.0000D+00   0.0000D+00   0.0000D+00   0.0000D+00   0.0000D+00   0.0000D+00   0.0000D+00   0.0000D+00
  -0.4368D-07   0.2701D-08  -0.3986D-07   0.1621D-08   0.1956D-08  -0.1552D-08  -0.3170D-07   0.1222D-09  -0.4368D-07   0.2701D-08  -0.3986D-07   0.1621D-08
   0.1338D-05  -0.3199D-07   0.2215D-06  -0.1060D-07   0.4068D-06  -0.7101D-07   0.4128D-06   0.0000D+00   0.9794D-07   0.6516D-08   0.8871D-09   0.2132D-07   0.1338D-05  -0.3199D-07   0.2215D-06  -0.1060D-07   0.4068D-06  -0.7101D-07
  -0.3496D-08  -0.9653D-08  -0.6237D-08  -0.1271D-07  -0.3496D-08  -0.9653D-08  -0.6237D-08  -0.1271D-07
  2.000  0.500
  -0.2617D-07   0.0000D+00  -0.2476D-07   0.0000D+00   0.0000D+00   0.0000D+00  -0.2009D-07   0.0000D+00  -0.2617D-07   0.0000D+00  -0.2476D-07   0.0000D+00
   0.8744D-06   0.0000D+00   0.1457D-06   0.0000D+00   0.2911D-06   0.0000D+00   0.2731D-06   0.0000D+00   0.6069D-07   0.0000D+00   0.0000D+00   0.0000D+00   0.8744D-06   0.0000D+00   0.1457D-06   0.0000D+00   0.2911D-06   0.0000D+00
   0.0000D+00   0.0000D+00   0.0000D+00   0.0000D+00   0.0000D+00   0.0000D+00   0.0000D+00   0.0000D+00
  -0.4376D-07   0.2727D-08  -0.4009D-07   0.1636D-08   0.1936D-08  -0.1578D-08  -0.3207D-07   0.1167D-09  -0.4376D-07   0.2727D-08  -0.4009D-07   0.1636D-08
   0.1300D-05  -0.2795D-07   0.2157D-06  -0.9326D-08   0.3970D-06  -0.6271D-07   0.4026D-06   0.0000D+00   0.9494D-07   0.5826D-08   0.7147D-09   0.1907D-07   0.1300D-05  -0.2795D-07   0.2157D-06  -0.9326D-08   0.3970D-06  -0.6271D-07
  -0.3049D-08  -0.8479D-08  -0.5533D-08  -0.1130D-07  -0.3049D-08  -0.8479D-08  -0.5533D-08  -0.1130D-07
  2.000  1.000
  -0.2442D-07   0.0000D+00  -0.2310D-07   0.0000D+00   0.0000D+00   0.0000D+00  -0.1874D-07   0.0000D+00  -0.2442D-07   0.0000D+00  -0.2310D-07   0.0000D+00
   0.8744D-06   0.0000D+00   0.1457D-06   0.0000D+00   0.2911D-06   0.0000D+00   0.2731D-06   0.0000D+00   0.6069D-07   0.0000D+00   0.0000D+00   0.0000D+00   0.8744D-06   0.0000D+00   0.1457D-06   0.0000D+00   0.2911D-06   0.0000D+00
   0.0000D+00   0.0000D+00   0.0000D+00   0.0000D+00   0.0000D+00   0.0000D+00   0.0000D+00   0.0000D+00
  -0.4131D-07   0.2374D-08  -0.3795D-07   0.1424D-08   0.1685D-08  -0.1374D-08  -0.3039D-07   0.1015D-09  -0.4131D-07   0.2374D-08  -0.3795D-07   0.1424D-08
   0.1272D-05  -0.2608D-07   0.2110D-06  -0.8701D-08   0.3899D-06  -0.5851D-07   0.3939D-06   0.0000D+00   0.9264D-07   0.5436D-08   0.6669D-09   0.1779D-07   0.1272D-05  -0.2608D-07   0.2110D-06  -0.8701D-08   0.3899D-06  -0.5851D-07
  -0.2845D-08  -0.7911D-08  -0.5162D-08  -0.1055D-07  -0.2845D-08  -0.7911D-08  -0.5162D-08  -0.1055D-07
  2.000  2.000
  -0.2289D-07   0.0000D+00  -0.2165D-07   0.0000D+00   0.0000D+00   0.0000D+00  -0.1757D-07   0.0000D+00  -0.2289D-07   0.0000D+00  -0.2165D-07   0.0000D+00
   0.8744D-06   0.0000D+00   0.1457D-06   0.0000D+00   0.2911D-06   0.0000D+00   0.2731D-06   0.0000D+00   0.6069D-07   0.0000D+00   0.0000D+00   0.0000D+00   0.8744D-06   0.0000D+00   0.1457D-06   0.0000D+00   0.2911D-06   0.0000D+00
   0.0000D+00   0.0000D+00   0.0000D+00   0.0000D+00   0.0000D+00   0.0000D+00   0.0000D+00   0.0000D+00
  -0.3912D-07   0.2086D-08  -0.3602D-07   0.1252D-08   0.1481D-08  -0.1207D-08  -0.2887D-07   0.8921D-10  -0.3912D-07   0.2086D-08  -0.3602D-07   0.1252D-08
   0.1247D-05  -0.2445D-07   0.2069D-06  -0.8156D-08   0.3837D-06  -0.5484D-07   0.3864D-06   0.0000D+00   0.9064D-07   0.5095D-08   0.6252D-09   0.1668D-07   0.1247D-05  -0.2445D-07   0.2069D-06  -0.8156D-08   0.3837D-06  -0.5484D-07
  -0.2667D-08  -0.7415D-08  -0.4839D-08  -0.9886D-08  -0.2667D-08  -0.7415D-08  -0.4839D-08  -0.9886D-08
