 LHC=           1 sqrts=   8000.0000000000000      ang=           4 mode=fital                                                                                               scalescheme=           1 R=  0.69999999999999996     
 CT10nlo_rand5678                                                                                              72
 Bin information: chid, chiu, md, mu, mu0
   0.0000000000000000       0.50000000000000000        1032.0000000000000        1101.0000000000000        1066.5000000000000     
 9 scales(muf, mur)*(LO(38), NLO(38))
  0.500  0.500
  -0.1090D+00   0.0000D+00  -0.7801D-01   0.0000D+00   0.0000D+00   0.0000D+00  -0.4094D-01   0.0000D+00  -0.1090D+00   0.0000D+00  -0.7801D-01   0.0000D+00
   0.2695D+00   0.0000D+00   0.4169D-01   0.0000D+00   0.1090D+00   0.0000D+00   0.4915D-01   0.0000D+00   0.1092D-01   0.0000D+00   0.0000D+00   0.0000D+00   0.2695D+00   0.0000D+00   0.4169D-01   0.0000D+00   0.1090D+00   0.0000D+00
   0.0000D+00   0.0000D+00   0.0000D+00   0.0000D+00   0.0000D+00   0.0000D+00   0.0000D+00   0.0000D+00
  -0.8820D-01   0.9301D-02  -0.6829D-01   0.5331D-02   0.5155D-02  -0.3648D-02  -0.3598D-01   0.1641D-02  -0.8820D-01   0.9301D-02  -0.6829D-01   0.5331D-02
   0.2030D+00  -0.1187D-01   0.3242D-01  -0.3537D-02   0.6072D-01  -0.2158D-01   0.4136D-01   0.0000D+00   0.1027D-01   0.1189D-02  -0.2014D-02   0.3890D-02   0.2030D+00  -0.1187D-01   0.3242D-01  -0.3537D-02   0.6072D-01  -0.2158D-01
  -0.1206D-02  -0.3129D-02  -0.1411D-02  -0.3074D-02  -0.1206D-02  -0.3129D-02  -0.1411D-02  -0.3074D-02
  0.500  1.000
  -0.1008D+00   0.0000D+00  -0.7211D-01   0.0000D+00   0.0000D+00   0.0000D+00  -0.3785D-01   0.0000D+00  -0.1008D+00   0.0000D+00  -0.7211D-01   0.0000D+00
   0.2695D+00   0.0000D+00   0.4169D-01   0.0000D+00   0.1090D+00   0.0000D+00   0.4915D-01   0.0000D+00   0.1092D-01   0.0000D+00   0.0000D+00   0.0000D+00   0.2695D+00   0.0000D+00   0.4169D-01   0.0000D+00   0.1090D+00   0.0000D+00
   0.0000D+00   0.0000D+00   0.0000D+00   0.0000D+00   0.0000D+00   0.0000D+00   0.0000D+00   0.0000D+00
  -0.9036D-01   0.7948D-02  -0.6909D-01   0.4556D-02   0.4406D-02  -0.3117D-02  -0.3638D-01   0.1402D-02  -0.9036D-01   0.7948D-02  -0.6909D-01   0.4556D-02
   0.2081D+00  -0.1098D-01   0.3313D-01  -0.3269D-02   0.6438D-01  -0.1995D-01   0.4196D-01   0.0000D+00   0.1032D-01   0.1099D-02  -0.1862D-02   0.3596D-02   0.2081D+00  -0.1098D-01   0.3313D-01  -0.3269D-02   0.6438D-01  -0.1995D-01
  -0.1114D-02  -0.2892D-02  -0.1305D-02  -0.2842D-02  -0.1114D-02  -0.2892D-02  -0.1305D-02  -0.2842D-02
  0.500  2.000
  -0.9370D-01   0.0000D+00  -0.6706D-01   0.0000D+00   0.0000D+00   0.0000D+00  -0.3519D-01   0.0000D+00  -0.9370D-01   0.0000D+00  -0.6706D-01   0.0000D+00
   0.2695D+00   0.0000D+00   0.4169D-01   0.0000D+00   0.1090D+00   0.0000D+00   0.4915D-01   0.0000D+00   0.1092D-01   0.0000D+00   0.0000D+00   0.0000D+00   0.2695D+00   0.0000D+00   0.4169D-01   0.0000D+00   0.1090D+00   0.0000D+00
   0.0000D+00   0.0000D+00   0.0000D+00   0.0000D+00   0.0000D+00   0.0000D+00   0.0000D+00   0.0000D+00
  -0.9107D-01   0.6873D-02  -0.6900D-01   0.3939D-02   0.3810D-02  -0.2695D-02  -0.3632D-01   0.1213D-02  -0.9107D-01   0.6873D-02  -0.6900D-01   0.3939D-02
   0.2124D+00  -0.1021D-01   0.3373D-01  -0.3040D-02   0.6752D-01  -0.1855D-01   0.4246D-01   0.0000D+00   0.1037D-01   0.1022D-02  -0.1731D-02   0.3344D-02   0.2124D+00  -0.1021D-01   0.3373D-01  -0.3040D-02   0.6752D-01  -0.1855D-01
  -0.1036D-02  -0.2690D-02  -0.1213D-02  -0.2643D-02  -0.1036D-02  -0.2690D-02  -0.1213D-02  -0.2643D-02
  1.000  0.500
  -0.9715D-01   0.0000D+00  -0.6949D-01   0.0000D+00   0.0000D+00   0.0000D+00  -0.3626D-01   0.0000D+00  -0.9715D-01   0.0000D+00  -0.6949D-01   0.0000D+00
   0.2392D+00   0.0000D+00   0.3700D-01   0.0000D+00   0.9703D-01   0.0000D+00   0.4345D-01   0.0000D+00   0.9656D-02   0.0000D+00   0.0000D+00   0.0000D+00   0.2392D+00   0.0000D+00   0.3700D-01   0.0000D+00   0.9703D-01   0.0000D+00
   0.0000D+00   0.0000D+00   0.0000D+00   0.0000D+00   0.0000D+00   0.0000D+00   0.0000D+00   0.0000D+00
  -0.8984D-01   0.8263D-02  -0.6879D-01   0.4728D-02   0.4541D-02  -0.3231D-02  -0.3623D-01   0.1464D-02  -0.8984D-01   0.8263D-02  -0.6879D-01   0.4728D-02
   0.2079D+00  -0.1057D-01   0.3304D-01  -0.3145D-02   0.6538D-01  -0.1914D-01   0.4188D-01   0.0000D+00   0.1024D-01   0.1052D-02  -0.1758D-02   0.3442D-02   0.2079D+00  -0.1057D-01   0.3304D-01  -0.3145D-02   0.6538D-01  -0.1914D-01
  -0.1074D-02  -0.2785D-02  -0.1252D-02  -0.2723D-02  -0.1074D-02  -0.2785D-02  -0.1252D-02  -0.2723D-02
  1.000  1.000
  -0.8980D-01   0.0000D+00  -0.6424D-01   0.0000D+00   0.0000D+00   0.0000D+00  -0.3352D-01   0.0000D+00  -0.8980D-01   0.0000D+00  -0.6424D-01   0.0000D+00
   0.2392D+00   0.0000D+00   0.3700D-01   0.0000D+00   0.9703D-01   0.0000D+00   0.4345D-01   0.0000D+00   0.9656D-02   0.0000D+00   0.0000D+00   0.0000D+00   0.2392D+00   0.0000D+00   0.3700D-01   0.0000D+00   0.9703D-01   0.0000D+00
   0.0000D+00   0.0000D+00   0.0000D+00   0.0000D+00   0.0000D+00   0.0000D+00   0.0000D+00   0.0000D+00
  -0.9013D-01   0.7062D-02  -0.6834D-01   0.4040D-02   0.3881D-02  -0.2761D-02  -0.3595D-01   0.1251D-02  -0.9013D-01   0.7062D-02  -0.6834D-01   0.4040D-02
   0.2103D+00  -0.9769D-02   0.3334D-01  -0.2907D-02   0.6779D-01  -0.1769D-01   0.4200D-01   0.0000D+00   0.1020D-01   0.9723D-03  -0.1625D-02   0.3182D-02   0.2103D+00  -0.9769D-02   0.3334D-01  -0.2907D-02   0.6779D-01  -0.1769D-01
  -0.9926D-03  -0.2575D-02  -0.1157D-02  -0.2517D-02  -0.9926D-03  -0.2575D-02  -0.1157D-02  -0.2517D-02
  1.000  2.000
  -0.8351D-01   0.0000D+00  -0.5973D-01   0.0000D+00   0.0000D+00   0.0000D+00  -0.3117D-01   0.0000D+00  -0.8351D-01   0.0000D+00  -0.5973D-01   0.0000D+00
   0.2392D+00   0.0000D+00   0.3700D-01   0.0000D+00   0.9703D-01   0.0000D+00   0.4345D-01   0.0000D+00   0.9656D-02   0.0000D+00   0.0000D+00   0.0000D+00   0.2392D+00   0.0000D+00   0.3700D-01   0.0000D+00   0.9703D-01   0.0000D+00
   0.0000D+00   0.0000D+00   0.0000D+00   0.0000D+00   0.0000D+00   0.0000D+00   0.0000D+00   0.0000D+00
  -0.8947D-01   0.6106D-02  -0.6734D-01   0.3493D-02   0.3356D-02  -0.2388D-02  -0.3539D-01   0.1081D-02  -0.8947D-01   0.6106D-02  -0.6734D-01   0.3493D-02
   0.2124D+00  -0.9084D-02   0.3360D-01  -0.2704D-02   0.6985D-01  -0.1645D-01   0.4211D-01   0.0000D+00   0.1016D-01   0.9041D-03  -0.1512D-02   0.2959D-02   0.2124D+00  -0.9084D-02   0.3360D-01  -0.2704D-02   0.6985D-01  -0.1645D-01
  -0.9230D-03  -0.2394D-02  -0.1076D-02  -0.2340D-02  -0.9230D-03  -0.2394D-02  -0.1076D-02  -0.2340D-02
  2.000  0.500
  -0.8716D-01   0.0000D+00  -0.6223D-01   0.0000D+00   0.0000D+00   0.0000D+00  -0.3240D-01   0.0000D+00  -0.8716D-01   0.0000D+00  -0.6223D-01   0.0000D+00
   0.2142D+00   0.0000D+00   0.3309D-01   0.0000D+00   0.8706D-01   0.0000D+00   0.3877D-01   0.0000D+00   0.8615D-02   0.0000D+00   0.0000D+00   0.0000D+00   0.2142D+00   0.0000D+00   0.3309D-01   0.0000D+00   0.8706D-01   0.0000D+00
   0.0000D+00   0.0000D+00   0.0000D+00   0.0000D+00   0.0000D+00   0.0000D+00   0.0000D+00   0.0000D+00
  -0.9102D-01   0.7406D-02  -0.6923D-01   0.4232D-02   0.4047D-02  -0.2887D-02  -0.3652D-01   0.1316D-02  -0.9102D-01   0.7406D-02  -0.6923D-01   0.4232D-02
   0.2119D+00  -0.9479D-02   0.3352D-01  -0.2812D-02   0.6907D-01  -0.1709D-01   0.4202D-01   0.0000D+00   0.1020D-01   0.9381D-03  -0.1576D-02   0.3070D-02   0.2119D+00  -0.9479D-02   0.3352D-01  -0.2812D-02   0.6907D-01  -0.1709D-01
  -0.9638D-03  -0.2501D-02  -0.1121D-02  -0.2435D-02  -0.9638D-03  -0.2501D-02  -0.1121D-02  -0.2435D-02
  2.000  1.000
  -0.8058D-01   0.0000D+00  -0.5752D-01   0.0000D+00   0.0000D+00   0.0000D+00  -0.2995D-01   0.0000D+00  -0.8058D-01   0.0000D+00  -0.5752D-01   0.0000D+00
   0.2142D+00   0.0000D+00   0.3309D-01   0.0000D+00   0.8706D-01   0.0000D+00   0.3877D-01   0.0000D+00   0.8615D-02   0.0000D+00   0.0000D+00   0.0000D+00   0.2142D+00   0.0000D+00   0.3309D-01   0.0000D+00   0.8706D-01   0.0000D+00
   0.0000D+00   0.0000D+00   0.0000D+00   0.0000D+00   0.0000D+00   0.0000D+00   0.0000D+00   0.0000D+00
  -0.8977D-01   0.6329D-02  -0.6771D-01   0.3617D-02   0.3459D-02  -0.2467D-02  -0.3567D-01   0.1124D-02  -0.8977D-01   0.6329D-02  -0.6771D-01   0.3617D-02
   0.2121D+00  -0.8762D-02   0.3349D-01  -0.2600D-02   0.7044D-01  -0.1580D-01   0.4178D-01   0.0000D+00   0.1009D-01   0.8672D-03  -0.1457D-02   0.2838D-02   0.2121D+00  -0.8762D-02   0.3349D-01  -0.2600D-02   0.7044D-01  -0.1580D-01
  -0.8910D-03  -0.2312D-02  -0.1036D-02  -0.2251D-02  -0.8910D-03  -0.2312D-02  -0.1036D-02  -0.2251D-02
  2.000  2.000
  -0.7493D-01   0.0000D+00  -0.5349D-01   0.0000D+00   0.0000D+00   0.0000D+00  -0.2785D-01   0.0000D+00  -0.7493D-01   0.0000D+00  -0.5349D-01   0.0000D+00
   0.2142D+00   0.0000D+00   0.3309D-01   0.0000D+00   0.8706D-01   0.0000D+00   0.3877D-01   0.0000D+00   0.8615D-02   0.0000D+00   0.0000D+00   0.0000D+00   0.2142D+00   0.0000D+00   0.3309D-01   0.0000D+00   0.8706D-01   0.0000D+00
   0.0000D+00   0.0000D+00   0.0000D+00   0.0000D+00   0.0000D+00   0.0000D+00   0.0000D+00   0.0000D+00
  -0.8797D-01   0.5473D-02  -0.6594D-01   0.3127D-02   0.2991D-02  -0.2133D-02  -0.3469D-01   0.9723D-03  -0.8797D-01   0.5473D-02  -0.6594D-01   0.3127D-02
   0.2123D+00  -0.8148D-02   0.3347D-01  -0.2418D-02   0.7162D-01  -0.1469D-01   0.4157D-01   0.0000D+00   0.9983D-02   0.8064D-03  -0.1355D-02   0.2639D-02   0.2123D+00  -0.8148D-02   0.3347D-01  -0.2418D-02   0.7162D-01  -0.1469D-01
  -0.8285D-03  -0.2150D-02  -0.9636D-03  -0.2093D-02  -0.8285D-03  -0.2150D-02  -0.9636D-03  -0.2093D-02
