 LHC=           1 sqrts=   8000.0000000000000      ang=           4 mode=fital                                                                                               scalescheme=           1 R=  0.69999999999999996     
 CT10nlo_rand5678                                                                                             324
 Bin information: chid, chiu, md, mu, mu0
   0.0000000000000000       0.50000000000000000        153.00000000000000        174.00000000000000        163.50000000000000     
 9 scales(muf, mur)*(LO(38), NLO(38))
  0.500  0.500
  -0.5923D+01   0.0000D+00  -0.8871D+01   0.0000D+00   0.0000D+00   0.0000D+00  -0.9086D+01   0.0000D+00  -0.5923D+01   0.0000D+00  -0.8871D+01   0.0000D+00
   0.5366D+00   0.0000D+00   0.9864D-01   0.0000D+00   0.1222D+00   0.0000D+00   0.2280D+00   0.0000D+00   0.5066D-01   0.0000D+00   0.0000D+00   0.0000D+00   0.5366D+00   0.0000D+00   0.9864D-01   0.0000D+00   0.1222D+00   0.0000D+00
   0.0000D+00   0.0000D+00   0.0000D+00   0.0000D+00   0.0000D+00   0.0000D+00   0.0000D+00   0.0000D+00
  -0.4044D+01   0.1481D+01  -0.7382D+01   0.8807D+00   0.7272D+00  -0.1042D+01  -0.8250D+01  -0.7759D-01  -0.4044D+01   0.1481D+01  -0.7382D+01   0.8807D+00
   0.7225D+00  -0.1710D-01   0.1332D+00  -0.7326D-02   0.1120D+00  -0.5787D-01   0.2915D+00   0.0000D+00   0.7497D-01   0.7077D-02   0.1606D-02   0.2316D-01   0.7225D+00  -0.1710D-01   0.1332D+00  -0.7326D-02   0.1120D+00  -0.5787D-01
  -0.8560D-03  -0.6384D-02  -0.4120D-02  -0.1220D-01  -0.8560D-03  -0.6384D-02  -0.4120D-02  -0.1220D-01
  0.500  1.000
  -0.5356D+01   0.0000D+00  -0.8021D+01   0.0000D+00   0.0000D+00   0.0000D+00  -0.8215D+01   0.0000D+00  -0.5356D+01   0.0000D+00  -0.8021D+01   0.0000D+00
   0.5366D+00   0.0000D+00   0.9864D-01   0.0000D+00   0.1222D+00   0.0000D+00   0.2280D+00   0.0000D+00   0.5066D-01   0.0000D+00   0.0000D+00   0.0000D+00   0.5366D+00   0.0000D+00   0.9864D-01   0.0000D+00   0.1222D+00   0.0000D+00
   0.0000D+00   0.0000D+00   0.0000D+00   0.0000D+00   0.0000D+00   0.0000D+00   0.0000D+00   0.0000D+00
  -0.4315D+01   0.1211D+01  -0.7546D+01   0.7200D+00   0.5943D+00  -0.8519D+00  -0.8292D+01  -0.6344D-01  -0.4315D+01   0.1211D+01  -0.7546D+01   0.7200D+00
   0.7059D+00  -0.1546D-01   0.1301D+00  -0.6625D-02   0.1132D+00  -0.5233D-01   0.2858D+00   0.0000D+00   0.7274D-01   0.6399D-02   0.1468D-02   0.2094D-01   0.7059D+00  -0.1546D-01   0.1301D+00  -0.6625D-02   0.1132D+00  -0.5233D-01
  -0.7739D-03  -0.5772D-02  -0.3725D-02  -0.1104D-01  -0.7739D-03  -0.5772D-02  -0.3725D-02  -0.1104D-01
  0.500  2.000
  -0.4888D+01   0.0000D+00  -0.7321D+01   0.0000D+00   0.0000D+00   0.0000D+00  -0.7497D+01   0.0000D+00  -0.4888D+01   0.0000D+00  -0.7321D+01   0.0000D+00
   0.5366D+00   0.0000D+00   0.9864D-01   0.0000D+00   0.1222D+00   0.0000D+00   0.2280D+00   0.0000D+00   0.5066D-01   0.0000D+00   0.0000D+00   0.0000D+00   0.5366D+00   0.0000D+00   0.9864D-01   0.0000D+00   0.1222D+00   0.0000D+00
   0.0000D+00   0.0000D+00   0.0000D+00   0.0000D+00   0.0000D+00   0.0000D+00   0.0000D+00   0.0000D+00
  -0.4434D+01   0.1008D+01  -0.7542D+01   0.5997D+00   0.4948D+00  -0.7095D+00  -0.8194D+01  -0.5283D-01  -0.4434D+01   0.1008D+01  -0.7542D+01   0.5997D+00
   0.6921D+00  -0.1411D-01   0.1275D+00  -0.6046D-02   0.1142D+00  -0.4776D-01   0.2810D+00   0.0000D+00   0.7090D-01   0.5840D-02   0.1353D-02   0.1911D-01   0.6921D+00  -0.1411D-01   0.1275D+00  -0.6046D-02   0.1142D+00  -0.4776D-01
  -0.7063D-03  -0.5268D-02  -0.3400D-02  -0.1007D-01  -0.7063D-03  -0.5268D-02  -0.3400D-02  -0.1007D-01
  1.000  0.500
  -0.5916D+01   0.0000D+00  -0.8943D+01   0.0000D+00   0.0000D+00   0.0000D+00  -0.9187D+01   0.0000D+00  -0.5916D+01   0.0000D+00  -0.8943D+01   0.0000D+00
   0.5360D+00   0.0000D+00   0.9928D-01   0.0000D+00   0.1210D+00   0.0000D+00   0.2282D+00   0.0000D+00   0.5071D-01   0.0000D+00   0.0000D+00   0.0000D+00   0.5360D+00   0.0000D+00   0.9928D-01   0.0000D+00   0.1210D+00   0.0000D+00
   0.0000D+00   0.0000D+00   0.0000D+00   0.0000D+00   0.0000D+00   0.0000D+00   0.0000D+00   0.0000D+00
  -0.4026D+01   0.1489D+01  -0.7347D+01   0.8904D+00   0.7080D+00  -0.1052D+01  -0.8316D+01  -0.7688D-01  -0.4026D+01   0.1489D+01  -0.7347D+01   0.8904D+00
   0.6971D+00  -0.1697D-01   0.1299D+00  -0.7322D-02   0.1069D+00  -0.5765D-01   0.2856D+00   0.0000D+00   0.7301D-01   0.7113D-02   0.1538D-02   0.2328D-01   0.6971D+00  -0.1697D-01   0.1299D+00  -0.7322D-02   0.1069D+00  -0.5765D-01
  -0.8640D-03  -0.6499D-02  -0.4179D-02  -0.1238D-01  -0.8640D-03  -0.6499D-02  -0.4179D-02  -0.1238D-01
  1.000  1.000
  -0.5349D+01   0.0000D+00  -0.8086D+01   0.0000D+00   0.0000D+00   0.0000D+00  -0.8307D+01   0.0000D+00  -0.5349D+01   0.0000D+00  -0.8086D+01   0.0000D+00
   0.5360D+00   0.0000D+00   0.9928D-01   0.0000D+00   0.1210D+00   0.0000D+00   0.2282D+00   0.0000D+00   0.5071D-01   0.0000D+00   0.0000D+00   0.0000D+00   0.5360D+00   0.0000D+00   0.9928D-01   0.0000D+00   0.1210D+00   0.0000D+00
   0.0000D+00   0.0000D+00   0.0000D+00   0.0000D+00   0.0000D+00   0.0000D+00   0.0000D+00   0.0000D+00
  -0.4299D+01   0.1217D+01  -0.7530D+01   0.7280D+00   0.5786D+00  -0.8604D+00  -0.8363D+01  -0.6285D-01  -0.4299D+01   0.1217D+01  -0.7530D+01   0.7280D+00
   0.6828D+00  -0.1534D-01   0.1272D+00  -0.6620D-02   0.1085D+00  -0.5213D-01   0.2804D+00   0.0000D+00   0.7097D-01   0.6432D-02   0.1406D-02   0.2105D-01   0.6828D+00  -0.1534D-01   0.1272D+00  -0.6620D-02   0.1085D+00  -0.5213D-01
  -0.7811D-03  -0.5876D-02  -0.3778D-02  -0.1119D-01  -0.7811D-03  -0.5876D-02  -0.3778D-02  -0.1119D-01
  1.000  2.000
  -0.4882D+01   0.0000D+00  -0.7379D+01   0.0000D+00   0.0000D+00   0.0000D+00  -0.7581D+01   0.0000D+00  -0.4882D+01   0.0000D+00  -0.7379D+01   0.0000D+00
   0.5360D+00   0.0000D+00   0.9928D-01   0.0000D+00   0.1210D+00   0.0000D+00   0.2282D+00   0.0000D+00   0.5071D-01   0.0000D+00   0.0000D+00   0.0000D+00   0.5360D+00   0.0000D+00   0.9928D-01   0.0000D+00   0.1210D+00   0.0000D+00
   0.0000D+00   0.0000D+00   0.0000D+00   0.0000D+00   0.0000D+00   0.0000D+00   0.0000D+00   0.0000D+00
  -0.4419D+01   0.1014D+01  -0.7539D+01   0.6063D+00   0.4818D+00  -0.7166D+00  -0.8267D+01  -0.5234D-01  -0.4419D+01   0.1014D+01  -0.7539D+01   0.6063D+00
   0.6710D+00  -0.1400D-01   0.1249D+00  -0.6042D-02   0.1098D+00  -0.4758D-01   0.2761D+00   0.0000D+00   0.6927D-01   0.5870D-02   0.1296D-02   0.1921D-01   0.6710D+00  -0.1400D-01   0.1249D+00  -0.6042D-02   0.1098D+00  -0.4758D-01
  -0.7128D-03  -0.5363D-02  -0.3448D-02  -0.1022D-01  -0.7128D-03  -0.5363D-02  -0.3448D-02  -0.1022D-01
  2.000  0.500
  -0.5839D+01   0.0000D+00  -0.8942D+01   0.0000D+00   0.0000D+00   0.0000D+00  -0.9152D+01   0.0000D+00  -0.5839D+01   0.0000D+00  -0.8942D+01   0.0000D+00
   0.5370D+00   0.0000D+00   0.9867D-01   0.0000D+00   0.1190D+00   0.0000D+00   0.2261D+00   0.0000D+00   0.5024D-01   0.0000D+00   0.0000D+00   0.0000D+00   0.5370D+00   0.0000D+00   0.9867D-01   0.0000D+00   0.1190D+00   0.0000D+00
   0.0000D+00   0.0000D+00   0.0000D+00   0.0000D+00   0.0000D+00   0.0000D+00   0.0000D+00   0.0000D+00
  -0.4030D+01   0.1489D+01  -0.7493D+01   0.8898D+00   0.7318D+00  -0.1051D+01  -0.8361D+01  -0.7603D-01  -0.4030D+01   0.1489D+01  -0.7493D+01   0.8898D+00
   0.6563D+00  -0.1672D-01   0.1227D+00  -0.7251D-02   0.9530D-01  -0.5765D-01   0.2727D+00   0.0000D+00   0.6944D-01   0.7070D-02   0.1208D-02   0.2314D-01   0.6563D+00  -0.1672D-01   0.1227D+00  -0.7251D-02   0.9530D-01  -0.5765D-01
  -0.8649D-03  -0.6377D-02  -0.4219D-02  -0.1224D-01  -0.8649D-03  -0.6377D-02  -0.4219D-02  -0.1224D-01
  2.000  1.000
  -0.5280D+01   0.0000D+00  -0.8086D+01   0.0000D+00   0.0000D+00   0.0000D+00  -0.8276D+01   0.0000D+00  -0.5280D+01   0.0000D+00  -0.8086D+01   0.0000D+00
   0.5370D+00   0.0000D+00   0.9867D-01   0.0000D+00   0.1190D+00   0.0000D+00   0.2261D+00   0.0000D+00   0.5024D-01   0.0000D+00   0.0000D+00   0.0000D+00   0.5370D+00   0.0000D+00   0.9867D-01   0.0000D+00   0.1190D+00   0.0000D+00
   0.0000D+00   0.0000D+00   0.0000D+00   0.0000D+00   0.0000D+00   0.0000D+00   0.0000D+00   0.0000D+00
  -0.4320D+01   0.1217D+01  -0.7682D+01   0.7275D+00   0.5984D+00  -0.8591D+00  -0.8419D+01  -0.6216D-01  -0.4320D+01   0.1217D+01  -0.7682D+01   0.7275D+00
   0.6725D+00  -0.1512D-01   0.1250D+00  -0.6557D-02   0.1051D+00  -0.5213D-01   0.2741D+00   0.0000D+00   0.6935D-01   0.6393D-02   0.1196D-02   0.2092D-01   0.6725D+00  -0.1512D-01   0.1250D+00  -0.6557D-02   0.1051D+00  -0.5213D-01
  -0.7820D-03  -0.5767D-02  -0.3815D-02  -0.1106D-01  -0.7820D-03  -0.5767D-02  -0.3815D-02  -0.1106D-01
  2.000  2.000
  -0.4819D+01   0.0000D+00  -0.7379D+01   0.0000D+00   0.0000D+00   0.0000D+00  -0.7553D+01   0.0000D+00  -0.4819D+01   0.0000D+00  -0.7379D+01   0.0000D+00
   0.5370D+00   0.0000D+00   0.9867D-01   0.0000D+00   0.1190D+00   0.0000D+00   0.2261D+00   0.0000D+00   0.5024D-01   0.0000D+00   0.0000D+00   0.0000D+00   0.5370D+00   0.0000D+00   0.9867D-01   0.0000D+00   0.1190D+00   0.0000D+00
   0.0000D+00   0.0000D+00   0.0000D+00   0.0000D+00   0.0000D+00   0.0000D+00   0.0000D+00   0.0000D+00
  -0.4426D+01   0.1014D+01  -0.7665D+01   0.6059D+00   0.4983D+00  -0.7155D+00  -0.8309D+01  -0.5177D-01  -0.4426D+01   0.1014D+01  -0.7665D+01   0.6059D+00
   0.6616D+00  -0.1380D-01   0.1228D+00  -0.5984D-02   0.1065D+00  -0.4758D-01   0.2702D+00   0.0000D+00   0.6775D-01   0.5835D-02   0.1102D-02   0.1910D-01   0.6616D+00  -0.1380D-01   0.1228D+00  -0.5984D-02   0.1065D+00  -0.4758D-01
  -0.7136D-03  -0.5263D-02  -0.3481D-02  -0.1010D-01  -0.7136D-03  -0.5263D-02  -0.3481D-02  -0.1010D-01
