 LHC=           1 sqrts=   8000.0000000000000      ang=           4 mode=fital                                                                                               scalescheme=           1 R=  0.69999999999999996     
 CT10nlo_rand5678                                                                                             324
 Bin information: chid, chiu, md, mu, mu0
   0.0000000000000000       0.50000000000000000        196.00000000000000        220.00000000000000        208.00000000000000     
 9 scales(muf, mur)*(LO(38), NLO(38))
  0.500  0.500
  -0.4053D+01   0.0000D+00  -0.5559D+01   0.0000D+00   0.0000D+00   0.0000D+00  -0.5564D+01   0.0000D+00  -0.4053D+01   0.0000D+00  -0.5559D+01   0.0000D+00
   0.5709D+00   0.0000D+00   0.1041D+00   0.0000D+00   0.1377D+00   0.0000D+00   0.2336D+00   0.0000D+00   0.5192D-01   0.0000D+00   0.0000D+00   0.0000D+00   0.5709D+00   0.0000D+00   0.1041D+00   0.0000D+00   0.1377D+00   0.0000D+00
   0.0000D+00   0.0000D+00   0.0000D+00   0.0000D+00   0.0000D+00   0.0000D+00   0.0000D+00   0.0000D+00
  -0.2832D+01   0.8894D+00  -0.4707D+01   0.5336D+00   0.4485D+00  -0.6147D+00  -0.5096D+01  -0.3689D-01  -0.2832D+01   0.8894D+00  -0.4707D+01   0.5336D+00
   0.6773D+00  -0.1855D-01   0.1254D+00  -0.7684D-02   0.1084D+00  -0.5951D-01   0.2718D+00   0.0000D+00   0.6888D-01   0.7001D-02   0.1621D-03   0.2291D-01   0.6773D+00  -0.1855D-01   0.1254D+00  -0.7684D-02   0.1084D+00  -0.5951D-01
  -0.1099D-02  -0.6711D-02  -0.4346D-02  -0.1229D-01  -0.1099D-02  -0.6711D-02  -0.4346D-02  -0.1229D-01
  0.500  1.000
  -0.3678D+01   0.0000D+00  -0.5044D+01   0.0000D+00   0.0000D+00   0.0000D+00  -0.5048D+01   0.0000D+00  -0.3678D+01   0.0000D+00  -0.5044D+01   0.0000D+00
   0.5709D+00   0.0000D+00   0.1041D+00   0.0000D+00   0.1377D+00   0.0000D+00   0.2336D+00   0.0000D+00   0.5192D-01   0.0000D+00   0.0000D+00   0.0000D+00   0.5709D+00   0.0000D+00   0.1041D+00   0.0000D+00   0.1377D+00   0.0000D+00
   0.0000D+00   0.0000D+00   0.0000D+00   0.0000D+00   0.0000D+00   0.0000D+00   0.0000D+00   0.0000D+00
  -0.3001D+01   0.7321D+00  -0.4793D+01   0.4392D+00   0.3690D+00  -0.5059D+00  -0.5114D+01  -0.3036D-01  -0.3001D+01   0.7321D+00  -0.4793D+01   0.4392D+00
   0.6683D+00  -0.1683D-01   0.1235D+00  -0.6972D-02   0.1113D+00  -0.5399D-01   0.2685D+00   0.0000D+00   0.6737D-01   0.6352D-02   0.1564D-03   0.2079D-01   0.6683D+00  -0.1683D-01   0.1235D+00  -0.6972D-02   0.1113D+00  -0.5399D-01
  -0.9972D-03  -0.6089D-02  -0.3943D-02  -0.1115D-01  -0.9972D-03  -0.6089D-02  -0.3943D-02  -0.1115D-01
  0.500  2.000
  -0.3366D+01   0.0000D+00  -0.4617D+01   0.0000D+00   0.0000D+00   0.0000D+00  -0.4621D+01   0.0000D+00  -0.3366D+01   0.0000D+00  -0.4617D+01   0.0000D+00
   0.5709D+00   0.0000D+00   0.1041D+00   0.0000D+00   0.1377D+00   0.0000D+00   0.2336D+00   0.0000D+00   0.5192D-01   0.0000D+00   0.0000D+00   0.0000D+00   0.5709D+00   0.0000D+00   0.1041D+00   0.0000D+00   0.1377D+00   0.0000D+00
   0.0000D+00   0.0000D+00   0.0000D+00   0.0000D+00   0.0000D+00   0.0000D+00   0.0000D+00   0.0000D+00
  -0.3075D+01   0.6134D+00  -0.4785D+01   0.3680D+00   0.3091D+00  -0.4239D+00  -0.5054D+01  -0.2544D-01  -0.3075D+01   0.6134D+00  -0.4785D+01   0.3680D+00
   0.6607D+00  -0.1541D-01   0.1220D+00  -0.6382D-02   0.1137D+00  -0.4942D-01   0.2657D+00   0.0000D+00   0.6611D-01   0.5815D-02   0.1505D-03   0.1903D-01   0.6607D+00  -0.1541D-01   0.1220D+00  -0.6382D-02   0.1137D+00  -0.4942D-01
  -0.9128D-03  -0.5574D-02  -0.3610D-02  -0.1021D-01  -0.9128D-03  -0.5574D-02  -0.3610D-02  -0.1021D-01
  1.000  0.500
  -0.3952D+01   0.0000D+00  -0.5522D+01   0.0000D+00   0.0000D+00   0.0000D+00  -0.5483D+01   0.0000D+00  -0.3952D+01   0.0000D+00  -0.5522D+01   0.0000D+00
   0.5660D+00   0.0000D+00   0.1031D+00   0.0000D+00   0.1344D+00   0.0000D+00   0.2303D+00   0.0000D+00   0.5118D-01   0.0000D+00   0.0000D+00   0.0000D+00   0.5660D+00   0.0000D+00   0.1031D+00   0.0000D+00   0.1344D+00   0.0000D+00
   0.0000D+00   0.0000D+00   0.0000D+00   0.0000D+00   0.0000D+00   0.0000D+00   0.0000D+00   0.0000D+00
  -0.2802D+01   0.8805D+00  -0.4730D+01   0.5285D+00   0.4436D+00  -0.6073D+00  -0.5083D+01  -0.3601D-01  -0.2802D+01   0.8805D+00  -0.4730D+01   0.5285D+00
   0.6654D+00  -0.1814D-01   0.1234D+00  -0.7558D-02   0.1048D+00  -0.5878D-01   0.2648D+00   0.0000D+00   0.6739D-01   0.6906D-02   0.4313D-03   0.2260D-01   0.6654D+00  -0.1814D-01   0.1234D+00  -0.7558D-02   0.1048D+00  -0.5878D-01
  -0.1087D-02  -0.6686D-02  -0.4332D-02  -0.1215D-01  -0.1087D-02  -0.6686D-02  -0.4332D-02  -0.1215D-01
  1.000  1.000
  -0.3585D+01   0.0000D+00  -0.5010D+01   0.0000D+00   0.0000D+00   0.0000D+00  -0.4975D+01   0.0000D+00  -0.3585D+01   0.0000D+00  -0.5010D+01   0.0000D+00
   0.5660D+00   0.0000D+00   0.1031D+00   0.0000D+00   0.1344D+00   0.0000D+00   0.2303D+00   0.0000D+00   0.5118D-01   0.0000D+00   0.0000D+00   0.0000D+00   0.5660D+00   0.0000D+00   0.1031D+00   0.0000D+00   0.1344D+00   0.0000D+00
   0.0000D+00   0.0000D+00   0.0000D+00   0.0000D+00   0.0000D+00   0.0000D+00   0.0000D+00   0.0000D+00
  -0.2960D+01   0.7247D+00  -0.4806D+01   0.4350D+00   0.3650D+00  -0.4999D+00  -0.5090D+01  -0.2964D-01  -0.2960D+01   0.7247D+00  -0.4806D+01   0.4350D+00
   0.6569D+00  -0.1646D-01   0.1217D+00  -0.6858D-02   0.1077D+00  -0.5333D-01   0.2619D+00   0.0000D+00   0.6595D-01   0.6266D-02   0.4001D-03   0.2051D-01   0.6569D+00  -0.1646D-01   0.1217D+00  -0.6858D-02   0.1077D+00  -0.5333D-01
  -0.9865D-03  -0.6066D-02  -0.3931D-02  -0.1102D-01  -0.9865D-03  -0.6066D-02  -0.3931D-02  -0.1102D-01
  1.000  2.000
  -0.3282D+01   0.0000D+00  -0.4586D+01   0.0000D+00   0.0000D+00   0.0000D+00  -0.4554D+01   0.0000D+00  -0.3282D+01   0.0000D+00  -0.4586D+01   0.0000D+00
   0.5660D+00   0.0000D+00   0.1031D+00   0.0000D+00   0.1344D+00   0.0000D+00   0.2303D+00   0.0000D+00   0.5118D-01   0.0000D+00   0.0000D+00   0.0000D+00   0.5660D+00   0.0000D+00   0.1031D+00   0.0000D+00   0.1344D+00   0.0000D+00
   0.0000D+00   0.0000D+00   0.0000D+00   0.0000D+00   0.0000D+00   0.0000D+00   0.0000D+00   0.0000D+00
  -0.3026D+01   0.6073D+00  -0.4790D+01   0.3645D+00   0.3058D+00  -0.4189D+00  -0.5023D+01  -0.2483D-01  -0.3026D+01   0.6073D+00  -0.4790D+01   0.3645D+00
   0.6499D+00  -0.1507D-01   0.1202D+00  -0.6278D-02   0.1101D+00  -0.4882D-01   0.2594D+00   0.0000D+00   0.6475D-01   0.5736D-02   0.3730D-03   0.1877D-01   0.6499D+00  -0.1507D-01   0.1202D+00  -0.6278D-02   0.1101D+00  -0.4882D-01
  -0.9030D-03  -0.5553D-02  -0.3598D-02  -0.1009D-01  -0.9030D-03  -0.5553D-02  -0.3598D-02  -0.1009D-01
  2.000  0.500
  -0.3872D+01   0.0000D+00  -0.5442D+01   0.0000D+00   0.0000D+00   0.0000D+00  -0.5415D+01   0.0000D+00  -0.3872D+01   0.0000D+00  -0.5442D+01   0.0000D+00
   0.5568D+00   0.0000D+00   0.1014D+00   0.0000D+00   0.1317D+00   0.0000D+00   0.2262D+00   0.0000D+00   0.5027D-01   0.0000D+00   0.0000D+00   0.0000D+00   0.5568D+00   0.0000D+00   0.1014D+00   0.0000D+00   0.1317D+00   0.0000D+00
   0.0000D+00   0.0000D+00   0.0000D+00   0.0000D+00   0.0000D+00   0.0000D+00   0.0000D+00   0.0000D+00
  -0.2882D+01   0.8712D+00  -0.4775D+01   0.5194D+00   0.4374D+00  -0.5984D+00  -0.5203D+01  -0.3555D-01  -0.2882D+01   0.8712D+00  -0.4775D+01   0.5194D+00
   0.6591D+00  -0.1780D-01   0.1221D+00  -0.7411D-02   0.1045D+00  -0.5752D-01   0.2639D+00   0.0000D+00   0.6675D-01   0.6791D-02   0.3631D-03   0.2223D-01   0.6591D+00  -0.1780D-01   0.1221D+00  -0.7411D-02   0.1045D+00  -0.5752D-01
  -0.1066D-02  -0.6351D-02  -0.4285D-02  -0.1197D-01  -0.1066D-02  -0.6351D-02  -0.4285D-02  -0.1197D-01
  2.000  1.000
  -0.3513D+01   0.0000D+00  -0.4937D+01   0.0000D+00   0.0000D+00   0.0000D+00  -0.4913D+01   0.0000D+00  -0.3513D+01   0.0000D+00  -0.4937D+01   0.0000D+00
   0.5568D+00   0.0000D+00   0.1014D+00   0.0000D+00   0.1317D+00   0.0000D+00   0.2262D+00   0.0000D+00   0.5027D-01   0.0000D+00   0.0000D+00   0.0000D+00   0.5568D+00   0.0000D+00   0.1014D+00   0.0000D+00   0.1317D+00   0.0000D+00
   0.0000D+00   0.0000D+00   0.0000D+00   0.0000D+00   0.0000D+00   0.0000D+00   0.0000D+00   0.0000D+00
  -0.3006D+01   0.7171D+00  -0.4823D+01   0.4275D+00   0.3598D+00  -0.4926D+00  -0.5173D+01  -0.2926D-01  -0.3006D+01   0.7171D+00  -0.4823D+01   0.4275D+00
   0.6440D+00  -0.1615D-01   0.1193D+00  -0.6724D-02   0.1054D+00  -0.5219D-01   0.2594D+00   0.0000D+00   0.6490D-01   0.6161D-02   0.3244D-03   0.2017D-01   0.6440D+00  -0.1615D-01   0.1193D+00  -0.6724D-02   0.1054D+00  -0.5219D-01
  -0.9671D-03  -0.5762D-02  -0.3888D-02  -0.1086D-01  -0.9671D-03  -0.5762D-02  -0.3888D-02  -0.1086D-01
  2.000  2.000
  -0.3216D+01   0.0000D+00  -0.4519D+01   0.0000D+00   0.0000D+00   0.0000D+00  -0.4497D+01   0.0000D+00  -0.3216D+01   0.0000D+00  -0.4519D+01   0.0000D+00
   0.5568D+00   0.0000D+00   0.1014D+00   0.0000D+00   0.1317D+00   0.0000D+00   0.2262D+00   0.0000D+00   0.5027D-01   0.0000D+00   0.0000D+00   0.0000D+00   0.5568D+00   0.0000D+00   0.1014D+00   0.0000D+00   0.1317D+00   0.0000D+00
   0.0000D+00   0.0000D+00   0.0000D+00   0.0000D+00   0.0000D+00   0.0000D+00   0.0000D+00   0.0000D+00
  -0.3054D+01   0.6009D+00  -0.4793D+01   0.3582D+00   0.3015D+00  -0.4127D+00  -0.5083D+01  -0.2452D-01  -0.3054D+01   0.6009D+00  -0.4793D+01   0.3582D+00
   0.6373D+00  -0.1478D-01   0.1179D+00  -0.6155D-02   0.1078D+00  -0.4777D-01   0.2567D+00   0.0000D+00   0.6371D-01   0.5640D-02   0.3031D-03   0.1846D-01   0.6373D+00  -0.1478D-01   0.1179D+00  -0.6155D-02   0.1078D+00  -0.4777D-01
  -0.8852D-03  -0.5274D-02  -0.3559D-02  -0.9944D-02  -0.8852D-03  -0.5274D-02  -0.3559D-02  -0.9944D-02
