 LHC=           1 sqrts=   8000.0000000000000      ang=           4 mode=fital                                                                                               scalescheme=           1 R=  0.69999999999999996     
 CT10nlo_rand5678                                                                                             310
 Bin information: chid, chiu, md, mu, mu0
   0.0000000000000000       0.50000000000000000        56.000000000000000        64.000000000000000        60.000000000000000     
 9 scales(muf, mur)*(LO(38), NLO(38))
  0.500  0.500
  -0.1773D+02   0.0000D+00  -0.3203D+02   0.0000D+00   0.0000D+00   0.0000D+00  -0.3401D+02   0.0000D+00  -0.1773D+02   0.0000D+00  -0.3203D+02   0.0000D+00
   0.2024D+00   0.0000D+00   0.3901D-01   0.0000D+00   0.4265D-01   0.0000D+00   0.9518D-01   0.0000D+00   0.2115D-01   0.0000D+00   0.0000D+00   0.0000D+00   0.2024D+00   0.0000D+00   0.3901D-01   0.0000D+00   0.4265D-01   0.0000D+00
   0.0000D+00   0.0000D+00   0.0000D+00   0.0000D+00   0.0000D+00   0.0000D+00   0.0000D+00   0.0000D+00
  -0.1215D+02   0.6324D+01  -0.2510D+02   0.3796D+01   0.3283D+01  -0.4680D+01  -0.3032D+02  -0.4408D+00  -0.1215D+02   0.6324D+01  -0.2510D+02   0.3796D+01
   0.6040D+00  -0.7114D-02   0.1146D+00  -0.3286D-02   0.9837D-01  -0.2675D-01   0.2425D+00   0.0000D+00   0.6633D-01   0.3428D-02   0.8955D-02   0.1122D-01   0.6040D+00  -0.7114D-02   0.1146D+00  -0.3286D-02   0.9837D-01  -0.2675D-01
  -0.1113D-03  -0.2280D-02  -0.1579D-02  -0.5904D-02  -0.1113D-03  -0.2280D-02  -0.1579D-02  -0.5904D-02
  0.500  1.000
  -0.1574D+02   0.0000D+00  -0.2844D+02   0.0000D+00   0.0000D+00   0.0000D+00  -0.3019D+02   0.0000D+00  -0.1574D+02   0.0000D+00  -0.2844D+02   0.0000D+00
   0.2024D+00   0.0000D+00   0.3901D-01   0.0000D+00   0.4265D-01   0.0000D+00   0.9518D-01   0.0000D+00   0.2115D-01   0.0000D+00   0.0000D+00   0.0000D+00   0.2024D+00   0.0000D+00   0.3901D-01   0.0000D+00   0.4265D-01   0.0000D+00
   0.0000D+00   0.0000D+00   0.0000D+00   0.0000D+00   0.0000D+00   0.0000D+00   0.0000D+00   0.0000D+00
  -0.1306D+02   0.4985D+01  -0.2606D+02   0.2992D+01   0.2586D+01  -0.3689D+01  -0.3056D+02  -0.3475D+00  -0.1306D+02   0.4985D+01  -0.2606D+02   0.2992D+01
   0.5692D+00  -0.6317D-02   0.1079D+00  -0.2918D-02   0.9502D-01  -0.2375D-01   0.2285D+00   0.0000D+00   0.6201D-01   0.3043D-02   0.8050D-02   0.9960D-02   0.5692D+00  -0.6317D-02   0.1079D+00  -0.2918D-02   0.9502D-01  -0.2375D-01
  -0.9871D-04  -0.2024D-02  -0.1402D-02  -0.5242D-02  -0.9871D-04  -0.2024D-02  -0.1402D-02  -0.5242D-02
  0.500  2.000
  -0.1416D+02   0.0000D+00  -0.2558D+02   0.0000D+00   0.0000D+00   0.0000D+00  -0.2715D+02   0.0000D+00  -0.1416D+02   0.0000D+00  -0.2558D+02   0.0000D+00
   0.2024D+00   0.0000D+00   0.3901D-01   0.0000D+00   0.4265D-01   0.0000D+00   0.9518D-01   0.0000D+00   0.2115D-01   0.0000D+00   0.0000D+00   0.0000D+00   0.2024D+00   0.0000D+00   0.3901D-01   0.0000D+00   0.4265D-01   0.0000D+00
   0.0000D+00   0.0000D+00   0.0000D+00   0.0000D+00   0.0000D+00   0.0000D+00   0.0000D+00   0.0000D+00
  -0.1336D+02   0.4032D+01  -0.2614D+02   0.2420D+01   0.2090D+01  -0.2983D+01  -0.3009D+02  -0.2811D+00  -0.1336D+02   0.4032D+01  -0.2614D+02   0.2420D+01
   0.5351D+00  -0.5681D-02   0.1014D+00  -0.2624D-02   0.9035D-01  -0.2136D-01   0.2160D+00   0.0000D+00   0.5816D-01   0.2737D-02   0.7302D-02   0.8958D-02   0.5351D+00  -0.5681D-02   0.1014D+00  -0.2624D-02   0.9035D-01  -0.2136D-01
  -0.8872D-04  -0.1821D-02  -0.1261D-02  -0.4715D-02  -0.8872D-04  -0.1821D-02  -0.1261D-02  -0.4715D-02
  1.000  0.500
  -0.1918D+02   0.0000D+00  -0.3524D+02   0.0000D+00   0.0000D+00   0.0000D+00  -0.3815D+02   0.0000D+00  -0.1918D+02   0.0000D+00  -0.3524D+02   0.0000D+00
   0.2248D+00   0.0000D+00   0.4316D-01   0.0000D+00   0.4552D-01   0.0000D+00   0.1019D+00   0.0000D+00   0.2263D-01   0.0000D+00   0.0000D+00   0.0000D+00   0.2248D+00   0.0000D+00   0.4316D-01   0.0000D+00   0.4552D-01   0.0000D+00
   0.0000D+00   0.0000D+00   0.0000D+00   0.0000D+00   0.0000D+00   0.0000D+00   0.0000D+00   0.0000D+00
  -0.1114D+02   0.6869D+01  -0.2490D+02   0.4254D+01   0.3162D+01  -0.5276D+01  -0.3051D+02  -0.5075D+00  -0.1114D+02   0.6869D+01  -0.2490D+02   0.4254D+01
   0.5881D+00  -0.7368D-02   0.1106D+00  -0.3524D-02   0.9316D-01  -0.3034D-01   0.2365D+00   0.0000D+00   0.6401D-01   0.3799D-02   0.8586D-02   0.1243D-01   0.5881D+00  -0.7368D-02   0.1106D+00  -0.3524D-02   0.9316D-01  -0.3034D-01
  -0.1239D-03  -0.3302D-02  -0.1831D-02  -0.6499D-02  -0.1239D-03  -0.3302D-02  -0.1831D-02  -0.6499D-02
  1.000  1.000
  -0.1703D+02   0.0000D+00  -0.3129D+02   0.0000D+00   0.0000D+00   0.0000D+00  -0.3387D+02   0.0000D+00  -0.1703D+02   0.0000D+00  -0.3129D+02   0.0000D+00
   0.2248D+00   0.0000D+00   0.4316D-01   0.0000D+00   0.4552D-01   0.0000D+00   0.1019D+00   0.0000D+00   0.2263D-01   0.0000D+00   0.0000D+00   0.0000D+00   0.2248D+00   0.0000D+00   0.4316D-01   0.0000D+00   0.4552D-01   0.0000D+00
   0.0000D+00   0.0000D+00   0.0000D+00   0.0000D+00   0.0000D+00   0.0000D+00   0.0000D+00   0.0000D+00
  -0.1249D+02   0.5414D+01  -0.2648D+02   0.3353D+01   0.2490D+01  -0.4158D+01  -0.3147D+02  -0.4000D+00  -0.1249D+02   0.5414D+01  -0.2648D+02   0.3353D+01
   0.5229D+00  -0.6542D-02   0.9874D-01  -0.3129D-02   0.8017D-01  -0.2694D-01   0.2162D+00   0.0000D+00   0.5774D-01   0.3373D-02   0.7499D-02   0.1104D-01   0.5229D+00  -0.6542D-02   0.9874D-01  -0.3129D-02   0.8017D-01  -0.2694D-01
  -0.1100D-03  -0.2932D-02  -0.1626D-02  -0.5770D-02  -0.1100D-03  -0.2932D-02  -0.1626D-02  -0.5770D-02
  1.000  2.000
  -0.1532D+02   0.0000D+00  -0.2814D+02   0.0000D+00   0.0000D+00   0.0000D+00  -0.3046D+02   0.0000D+00  -0.1532D+02   0.0000D+00  -0.2814D+02   0.0000D+00
   0.2248D+00   0.0000D+00   0.4316D-01   0.0000D+00   0.4552D-01   0.0000D+00   0.1019D+00   0.0000D+00   0.2263D-01   0.0000D+00   0.0000D+00   0.0000D+00   0.2248D+00   0.0000D+00   0.4316D-01   0.0000D+00   0.4552D-01   0.0000D+00
   0.0000D+00   0.0000D+00   0.0000D+00   0.0000D+00   0.0000D+00   0.0000D+00   0.0000D+00   0.0000D+00
  -0.1318D+02   0.4379D+01  -0.2703D+02   0.2712D+01   0.2012D+01  -0.3363D+01  -0.3152D+02  -0.3235D+00  -0.1318D+02   0.4379D+01  -0.2703D+02   0.2712D+01
   0.5254D+00  -0.5884D-02   0.9890D-01  -0.2814D-02   0.8617D-01  -0.2423D-01   0.2125D+00   0.0000D+00   0.5658D-01   0.3034D-02   0.7038D-02   0.9928D-02   0.5254D+00  -0.5884D-02   0.9890D-01  -0.2814D-02   0.8617D-01  -0.2423D-01
  -0.9884D-04  -0.2637D-02  -0.1462D-02  -0.5190D-02  -0.9884D-04  -0.2637D-02  -0.1462D-02  -0.5190D-02
  2.000  0.500
  -0.2062D+02   0.0000D+00  -0.3731D+02   0.0000D+00   0.0000D+00   0.0000D+00  -0.4063D+02   0.0000D+00  -0.2062D+02   0.0000D+00  -0.3731D+02   0.0000D+00
   0.2289D+00   0.0000D+00   0.4669D-01   0.0000D+00   0.4866D-01   0.0000D+00   0.1131D+00   0.0000D+00   0.2514D-01   0.0000D+00   0.0000D+00   0.0000D+00   0.2289D+00   0.0000D+00   0.4669D-01   0.0000D+00   0.4866D-01   0.0000D+00
   0.0000D+00   0.0000D+00   0.0000D+00   0.0000D+00   0.0000D+00   0.0000D+00   0.0000D+00   0.0000D+00
  -0.1060D+02   0.7578D+01  -0.2323D+02   0.4616D+01   0.3435D+01  -0.5225D+01  -0.2946D+02  -0.5423D+00  -0.1060D+02   0.7578D+01  -0.2323D+02   0.4616D+01
   0.6080D+00  -0.7930D-02   0.1206D+00  -0.3488D-02   0.9598D-01  -0.2961D-01   0.2490D+00   0.0000D+00   0.6735D-01   0.4211D-02   0.8445D-02   0.1378D-01   0.6080D+00  -0.7930D-02   0.1206D+00  -0.3488D-02   0.9598D-01  -0.2961D-01
  -0.1471D-03  -0.3058D-02  -0.2044D-02  -0.7280D-02  -0.1471D-03  -0.3058D-02  -0.2044D-02  -0.7280D-02
  2.000  1.000
  -0.1830D+02   0.0000D+00  -0.3313D+02   0.0000D+00   0.0000D+00   0.0000D+00  -0.3607D+02   0.0000D+00  -0.1830D+02   0.0000D+00  -0.3313D+02   0.0000D+00
   0.2289D+00   0.0000D+00   0.4669D-01   0.0000D+00   0.4866D-01   0.0000D+00   0.1131D+00   0.0000D+00   0.2514D-01   0.0000D+00   0.0000D+00   0.0000D+00   0.2289D+00   0.0000D+00   0.4669D-01   0.0000D+00   0.4866D-01   0.0000D+00
   0.0000D+00   0.0000D+00   0.0000D+00   0.0000D+00   0.0000D+00   0.0000D+00   0.0000D+00   0.0000D+00
  -0.1223D+02   0.5973D+01  -0.2543D+02   0.3638D+01   0.2707D+01  -0.4119D+01  -0.3099D+02  -0.4274D+00  -0.1223D+02   0.5973D+01  -0.2543D+02   0.3638D+01
   0.5106D+00  -0.7041D-02   0.1027D+00  -0.3097D-02   0.7636D-01  -0.2629D-01   0.2206D+00   0.0000D+00   0.5852D-01   0.3739D-02   0.6816D-02   0.1224D-01   0.5106D+00  -0.7041D-02   0.1027D+00  -0.3097D-02   0.7636D-01  -0.2629D-01
  -0.1305D-03  -0.2715D-02  -0.1814D-02  -0.6463D-02  -0.1305D-03  -0.2715D-02  -0.1814D-02  -0.6463D-02
  2.000  2.000
  -0.1646D+02   0.0000D+00  -0.2979D+02   0.0000D+00   0.0000D+00   0.0000D+00  -0.3244D+02   0.0000D+00  -0.1646D+02   0.0000D+00  -0.2979D+02   0.0000D+00
   0.2289D+00   0.0000D+00   0.4669D-01   0.0000D+00   0.4866D-01   0.0000D+00   0.1131D+00   0.0000D+00   0.2514D-01   0.0000D+00   0.0000D+00   0.0000D+00   0.2289D+00   0.0000D+00   0.4669D-01   0.0000D+00   0.4866D-01   0.0000D+00
   0.0000D+00   0.0000D+00   0.0000D+00   0.0000D+00   0.0000D+00   0.0000D+00   0.0000D+00   0.0000D+00
  -0.1294D+02   0.4831D+01  -0.2623D+02   0.2943D+01   0.2191D+01  -0.3332D+01  -0.3125D+02  -0.3457D+00  -0.1294D+02   0.4831D+01  -0.2623D+02   0.2943D+01
   0.3947D+00  -0.6333D-02   0.8169D-01  -0.2785D-02   0.5031D-01  -0.2365D-01   0.1895D+00   0.0000D+00   0.4875D-01   0.3363D-02   0.5134D-02   0.1101D-01   0.3947D+00  -0.6333D-02   0.8169D-01  -0.2785D-02   0.5031D-01  -0.2365D-01
  -0.1173D-03  -0.2441D-02  -0.1632D-02  -0.5813D-02  -0.1173D-03  -0.2441D-02  -0.1632D-02  -0.5813D-02
