 LHC=           1 sqrts=   8000.0000000000000      ang=           4 mode=fital                                                                                               scalescheme=           1 R=  0.69999999999999996     
 CT10nlo_rand5678                                                                                             263
 Bin information: chid, chiu, md, mu, mu0
   0.0000000000000000       0.50000000000000000        362.00000000000000        395.00000000000000        378.50000000000000     
 9 scales(muf, mur)*(LO(38), NLO(38))
  0.500  0.500
  -0.1506D+01   0.0000D+00  -0.1527D+01   0.0000D+00   0.0000D+00   0.0000D+00  -0.1346D+01   0.0000D+00  -0.1506D+01   0.0000D+00  -0.1527D+01   0.0000D+00
   0.6035D+00   0.0000D+00   0.1043D+00   0.0000D+00   0.1789D+00   0.0000D+00   0.2059D+00   0.0000D+00   0.4575D-01   0.0000D+00   0.0000D+00   0.0000D+00   0.6035D+00   0.0000D+00   0.1043D+00   0.0000D+00   0.1789D+00   0.0000D+00
   0.0000D+00   0.0000D+00   0.0000D+00   0.0000D+00   0.0000D+00   0.0000D+00   0.0000D+00   0.0000D+00
  -0.1113D+01   0.2195D+00  -0.1301D+01   0.1344D+00   0.1302D+00  -0.1366D+00  -0.1246D+01   0.2842D-02  -0.1113D+01   0.2195D+00  -0.1301D+01   0.1344D+00
   0.5718D+00  -0.2222D-01   0.1011D+00  -0.7960D-02   0.1120D+00  -0.5664D-01   0.2034D+00   0.0000D+00   0.5082D-01   0.5678D-02  -0.2273D-02   0.1858D-01   0.5718D+00  -0.2222D-01   0.1011D+00  -0.7960D-02   0.1120D+00  -0.5664D-01
  -0.1748D-02  -0.7148D-02  -0.4132D-02  -0.1070D-01  -0.1748D-02  -0.7148D-02  -0.4132D-02  -0.1070D-01
  0.500  1.000
  -0.1377D+01   0.0000D+00  -0.1397D+01   0.0000D+00   0.0000D+00   0.0000D+00  -0.1231D+01   0.0000D+00  -0.1377D+01   0.0000D+00  -0.1397D+01   0.0000D+00
   0.6035D+00   0.0000D+00   0.1043D+00   0.0000D+00   0.1789D+00   0.0000D+00   0.2059D+00   0.0000D+00   0.4575D-01   0.0000D+00   0.0000D+00   0.0000D+00   0.6035D+00   0.0000D+00   0.1043D+00   0.0000D+00   0.1789D+00   0.0000D+00
   0.0000D+00   0.0000D+00   0.0000D+00   0.0000D+00   0.0000D+00   0.0000D+00   0.0000D+00   0.0000D+00
  -0.1162D+01   0.1835D+00  -0.1323D+01   0.1123D+00   0.1089D+00  -0.1142D+00  -0.1249D+01   0.2376D-02  -0.1162D+01   0.1835D+00  -0.1323D+01   0.1123D+00
   0.5748D+00  -0.2032D-01   0.1014D+00  -0.7278D-02   0.1178D+00  -0.5179D-01   0.2037D+00   0.0000D+00   0.5041D-01   0.5192D-02  -0.2077D-02   0.1699D-01   0.5748D+00  -0.2032D-01   0.1014D+00  -0.7278D-02   0.1178D+00  -0.5179D-01
  -0.1598D-02  -0.6536D-02  -0.3778D-02  -0.9779D-02  -0.1598D-02  -0.6536D-02  -0.3778D-02  -0.9779D-02
  0.500  2.000
  -0.1269D+01   0.0000D+00  -0.1287D+01   0.0000D+00   0.0000D+00   0.0000D+00  -0.1134D+01   0.0000D+00  -0.1269D+01   0.0000D+00  -0.1287D+01   0.0000D+00
   0.6035D+00   0.0000D+00   0.1043D+00   0.0000D+00   0.1789D+00   0.0000D+00   0.2059D+00   0.0000D+00   0.4575D-01   0.0000D+00   0.0000D+00   0.0000D+00   0.6035D+00   0.0000D+00   0.1043D+00   0.0000D+00   0.1789D+00   0.0000D+00
   0.0000D+00   0.0000D+00   0.0000D+00   0.0000D+00   0.0000D+00   0.0000D+00   0.0000D+00   0.0000D+00
  -0.1183D+01   0.1558D+00  -0.1322D+01   0.9536D-01   0.9242D-01  -0.9694D-01  -0.1236D+01   0.2018D-02  -0.1183D+01   0.1558D+00  -0.1322D+01   0.9536D-01
   0.5773D+00  -0.1872D-01   0.1017D+00  -0.6706D-02   0.1227D+00  -0.4771D-01   0.2039D+00   0.0000D+00   0.5006D-01   0.4784D-02  -0.1913D-02   0.1566D-01   0.5773D+00  -0.1872D-01   0.1017D+00  -0.6706D-02   0.1227D+00  -0.4771D-01
  -0.1472D-02  -0.6022D-02  -0.3481D-02  -0.9010D-02  -0.1472D-02  -0.6022D-02  -0.3481D-02  -0.9010D-02
  1.000  0.500
  -0.1425D+01   0.0000D+00  -0.1459D+01   0.0000D+00   0.0000D+00   0.0000D+00  -0.1284D+01   0.0000D+00  -0.1425D+01   0.0000D+00  -0.1459D+01   0.0000D+00
   0.5729D+00   0.0000D+00   0.9922D-01   0.0000D+00   0.1693D+00   0.0000D+00   0.1954D+00   0.0000D+00   0.4341D-01   0.0000D+00   0.0000D+00   0.0000D+00   0.5729D+00   0.0000D+00   0.9922D-01   0.0000D+00   0.1693D+00   0.0000D+00
   0.0000D+00   0.0000D+00   0.0000D+00   0.0000D+00   0.0000D+00   0.0000D+00   0.0000D+00   0.0000D+00
  -0.1145D+01   0.2096D+00  -0.1322D+01   0.1277D+00   0.1230D+00  -0.1304D+00  -0.1249D+01   0.2846D-02  -0.1145D+01   0.2096D+00  -0.1322D+01   0.1277D+00
   0.5680D+00  -0.2101D-01   0.1005D+00  -0.7550D-02   0.1132D+00  -0.5361D-01   0.2011D+00   0.0000D+00   0.4999D-01   0.5390D-02  -0.2550D-02   0.1764D-01   0.5680D+00  -0.2101D-01   0.1005D+00  -0.7550D-02   0.1132D+00  -0.5361D-01
  -0.1664D-02  -0.6785D-02  -0.3949D-02  -0.1018D-01  -0.1664D-02  -0.6785D-02  -0.3949D-02  -0.1018D-01
  1.000  1.000
  -0.1303D+01   0.0000D+00  -0.1334D+01   0.0000D+00   0.0000D+00   0.0000D+00  -0.1174D+01   0.0000D+00  -0.1303D+01   0.0000D+00  -0.1334D+01   0.0000D+00
   0.5729D+00   0.0000D+00   0.9922D-01   0.0000D+00   0.1693D+00   0.0000D+00   0.1954D+00   0.0000D+00   0.4341D-01   0.0000D+00   0.0000D+00   0.0000D+00   0.5729D+00   0.0000D+00   0.9922D-01   0.0000D+00   0.1693D+00   0.0000D+00
   0.0000D+00   0.0000D+00   0.0000D+00   0.0000D+00   0.0000D+00   0.0000D+00   0.0000D+00   0.0000D+00
  -0.1176D+01   0.1753D+00  -0.1330D+01   0.1068D+00   0.1028D+00  -0.1090D+00  -0.1242D+01   0.2379D-02  -0.1176D+01   0.1753D+00  -0.1330D+01   0.1068D+00
   0.5687D+00  -0.1921D-01   0.1005D+00  -0.6903D-02   0.1181D+00  -0.4902D-01   0.2007D+00   0.0000D+00   0.4945D-01   0.4928D-02  -0.2330D-02   0.1613D-01   0.5687D+00  -0.1921D-01   0.1005D+00  -0.6903D-02   0.1181D+00  -0.4902D-01
  -0.1522D-02  -0.6204D-02  -0.3611D-02  -0.9312D-02  -0.1522D-02  -0.6204D-02  -0.3611D-02  -0.9312D-02
  1.000  2.000
  -0.1201D+01   0.0000D+00  -0.1229D+01   0.0000D+00   0.0000D+00   0.0000D+00  -0.1081D+01   0.0000D+00  -0.1201D+01   0.0000D+00  -0.1229D+01   0.0000D+00
   0.5729D+00   0.0000D+00   0.9922D-01   0.0000D+00   0.1693D+00   0.0000D+00   0.1954D+00   0.0000D+00   0.4341D-01   0.0000D+00   0.0000D+00   0.0000D+00   0.5729D+00   0.0000D+00   0.9922D-01   0.0000D+00   0.1693D+00   0.0000D+00
   0.0000D+00   0.0000D+00   0.0000D+00   0.0000D+00   0.0000D+00   0.0000D+00   0.0000D+00   0.0000D+00
  -0.1184D+01   0.1488D+00  -0.1319D+01   0.9065D-01   0.8726D-01  -0.9255D-01  -0.1221D+01   0.2020D-02  -0.1184D+01   0.1488D+00  -0.1319D+01   0.9065D-01
   0.5692D+00  -0.1770D-01   0.1004D+00  -0.6360D-02   0.1222D+00  -0.4517D-01   0.2003D+00   0.0000D+00   0.4899D-01   0.4541D-02  -0.2146D-02   0.1486D-01   0.5692D+00  -0.1770D-01   0.1004D+00  -0.6360D-02   0.1222D+00  -0.4517D-01
  -0.1402D-02  -0.5716D-02  -0.3327D-02  -0.8580D-02  -0.1402D-02  -0.5716D-02  -0.3327D-02  -0.8580D-02
  2.000  0.500
  -0.1356D+01   0.0000D+00  -0.1392D+01   0.0000D+00   0.0000D+00   0.0000D+00  -0.1223D+01   0.0000D+00  -0.1356D+01   0.0000D+00  -0.1392D+01   0.0000D+00
   0.5452D+00   0.0000D+00   0.9442D-01   0.0000D+00   0.1606D+00   0.0000D+00   0.1852D+00   0.0000D+00   0.4116D-01   0.0000D+00   0.0000D+00   0.0000D+00   0.5452D+00   0.0000D+00   0.9442D-01   0.0000D+00   0.1606D+00   0.0000D+00
   0.0000D+00   0.0000D+00   0.0000D+00   0.0000D+00   0.0000D+00   0.0000D+00   0.0000D+00   0.0000D+00
  -0.1156D+01   0.2005D+00  -0.1340D+01   0.1216D+00   0.1175D+00  -0.1243D+00  -0.1259D+01   0.2865D-02  -0.1156D+01   0.2005D+00  -0.1340D+01   0.1216D+00
   0.5658D+00  -0.1994D-01   0.9979D-01  -0.7176D-02   0.1156D+00  -0.5115D-01   0.2005D+00   0.0000D+00   0.4939D-01   0.5117D-02  -0.2064D-02   0.1675D-01   0.5658D+00  -0.1994D-01   0.9979D-01  -0.7176D-02   0.1156D+00  -0.5115D-01
  -0.1588D-02  -0.6448D-02  -0.3769D-02  -0.9677D-02  -0.1588D-02  -0.6448D-02  -0.3769D-02  -0.9677D-02
  2.000  1.000
  -0.1239D+01   0.0000D+00  -0.1273D+01   0.0000D+00   0.0000D+00   0.0000D+00  -0.1119D+01   0.0000D+00  -0.1239D+01   0.0000D+00  -0.1273D+01   0.0000D+00
   0.5452D+00   0.0000D+00   0.9442D-01   0.0000D+00   0.1606D+00   0.0000D+00   0.1852D+00   0.0000D+00   0.4116D-01   0.0000D+00   0.0000D+00   0.0000D+00   0.5452D+00   0.0000D+00   0.9442D-01   0.0000D+00   0.1606D+00   0.0000D+00
   0.0000D+00   0.0000D+00   0.0000D+00   0.0000D+00   0.0000D+00   0.0000D+00   0.0000D+00   0.0000D+00
  -0.1175D+01   0.1676D+00  -0.1334D+01   0.1017D+00   0.9822D-01  -0.1039D+00  -0.1241D+01   0.2395D-02  -0.1175D+01   0.1676D+00  -0.1334D+01   0.1017D+00
   0.5643D+00  -0.1823D-01   0.9939D-01  -0.6561D-02   0.1195D+00  -0.4677D-01   0.1992D+00   0.0000D+00   0.4871D-01   0.4679D-02  -0.1887D-02   0.1531D-01   0.5643D+00  -0.1823D-01   0.9939D-01  -0.6561D-02   0.1195D+00  -0.4677D-01
  -0.1452D-02  -0.5896D-02  -0.3446D-02  -0.8849D-02  -0.1452D-02  -0.5896D-02  -0.3446D-02  -0.8849D-02
  2.000  2.000
  -0.1142D+01   0.0000D+00  -0.1173D+01   0.0000D+00   0.0000D+00   0.0000D+00  -0.1031D+01   0.0000D+00  -0.1142D+01   0.0000D+00  -0.1173D+01   0.0000D+00
   0.5452D+00   0.0000D+00   0.9442D-01   0.0000D+00   0.1606D+00   0.0000D+00   0.1852D+00   0.0000D+00   0.4116D-01   0.0000D+00   0.0000D+00   0.0000D+00   0.5452D+00   0.0000D+00   0.9442D-01   0.0000D+00   0.1606D+00   0.0000D+00
   0.0000D+00   0.0000D+00   0.0000D+00   0.0000D+00   0.0000D+00   0.0000D+00   0.0000D+00   0.0000D+00
  -0.1174D+01   0.1423D+00  -0.1314D+01   0.8632D-01   0.8337D-01  -0.8818D-01  -0.1213D+01   0.2034D-02  -0.1174D+01   0.1423D+00  -0.1314D+01   0.8632D-01
   0.5630D+00  -0.1680D-01   0.9902D-01  -0.6045D-02   0.1228D+00  -0.4309D-01   0.1982D+00   0.0000D+00   0.4812D-01   0.4311D-02  -0.1737D-02   0.1411D-01   0.5630D+00  -0.1680D-01   0.9902D-01  -0.6045D-02   0.1228D+00  -0.4309D-01
  -0.1338D-02  -0.5432D-02  -0.3175D-02  -0.8153D-02  -0.1338D-02  -0.5432D-02  -0.3175D-02  -0.8153D-02
