 LHC=           1 sqrts=   8000.0000000000000      ang=           4 mode=fital                                                                                               scalescheme=           1 R=  0.69999999999999996     
 CT10nlo_rand5678                                                                                             341
 Bin information: chid, chiu, md, mu, mu0
   0.0000000000000000       0.50000000000000000        507.00000000000000        548.00000000000000        527.50000000000000     
 9 scales(muf, mur)*(LO(38), NLO(38))
  0.500  0.500
  -0.7889D+00   0.0000D+00  -0.7240D+00   0.0000D+00   0.0000D+00   0.0000D+00  -0.5702D+00   0.0000D+00  -0.7889D+00   0.0000D+00  -0.7240D+00   0.0000D+00
   0.5725D+00   0.0000D+00   0.9657D-01   0.0000D+00   0.1856D+00   0.0000D+00   0.1733D+00   0.0000D+00   0.3852D-01   0.0000D+00   0.0000D+00   0.0000D+00   0.5725D+00   0.0000D+00   0.9657D-01   0.0000D+00   0.1856D+00   0.0000D+00
   0.0000D+00   0.0000D+00   0.0000D+00   0.0000D+00   0.0000D+00   0.0000D+00   0.0000D+00   0.0000D+00
  -0.5948D+00   0.9850D-01  -0.6257D+00   0.5886D-01   0.6025D-01  -0.5540D-01  -0.5264D+00   0.5229D-02  -0.5948D+00   0.9850D-01  -0.6257D+00   0.5886D-01
   0.4951D+00  -0.2204D-01   0.8546D-01  -0.7489D-02   0.1060D+00  -0.5107D-01   0.1603D+00   0.0000D+00   0.4001D-01   0.4576D-02  -0.2685D-02   0.1498D-01   0.4951D+00  -0.2204D-01   0.8546D-01  -0.7489D-02   0.1060D+00  -0.5107D-01
  -0.1927D-02  -0.6709D-02  -0.3741D-02  -0.9071D-02  -0.1927D-02  -0.6709D-02  -0.3741D-02  -0.9071D-02
  0.500  1.000
  -0.7241D+00   0.0000D+00  -0.6646D+00   0.0000D+00   0.0000D+00   0.0000D+00  -0.5234D+00   0.0000D+00  -0.7241D+00   0.0000D+00  -0.6646D+00   0.0000D+00
   0.5725D+00   0.0000D+00   0.9657D-01   0.0000D+00   0.1856D+00   0.0000D+00   0.1733D+00   0.0000D+00   0.3852D-01   0.0000D+00   0.0000D+00   0.0000D+00   0.5725D+00   0.0000D+00   0.9657D-01   0.0000D+00   0.1856D+00   0.0000D+00
   0.0000D+00   0.0000D+00   0.0000D+00   0.0000D+00   0.0000D+00   0.0000D+00   0.0000D+00   0.0000D+00
  -0.6180D+00   0.8299D-01  -0.6345D+00   0.4959D-01   0.5076D-01  -0.4668D-01  -0.5280D+00   0.4406D-02  -0.6180D+00   0.8299D-01  -0.6345D+00   0.4959D-01
   0.5016D+00  -0.2023D-01   0.8640D-01  -0.6875D-02   0.1126D+00  -0.4687D-01   0.1614D+00   0.0000D+00   0.3990D-01   0.4200D-02  -0.2465D-02   0.1375D-01   0.5016D+00  -0.2023D-01   0.8640D-01  -0.6875D-02   0.1126D+00  -0.4687D-01
  -0.1769D-02  -0.6158D-02  -0.3434D-02  -0.8327D-02  -0.1769D-02  -0.6158D-02  -0.3434D-02  -0.8327D-02
  0.500  2.000
  -0.6693D+00   0.0000D+00  -0.6143D+00   0.0000D+00   0.0000D+00   0.0000D+00  -0.4838D+00   0.0000D+00  -0.6693D+00   0.0000D+00  -0.6143D+00   0.0000D+00
   0.5725D+00   0.0000D+00   0.9657D-01   0.0000D+00   0.1856D+00   0.0000D+00   0.1733D+00   0.0000D+00   0.3852D-01   0.0000D+00   0.0000D+00   0.0000D+00   0.5725D+00   0.0000D+00   0.9657D-01   0.0000D+00   0.1856D+00   0.0000D+00
   0.0000D+00   0.0000D+00   0.0000D+00   0.0000D+00   0.0000D+00   0.0000D+00   0.0000D+00   0.0000D+00
  -0.6277D+00   0.7091D-01  -0.6336D+00   0.4237D-01   0.4337D-01  -0.3988D-01  -0.5232D+00   0.3765D-02  -0.6277D+00   0.7091D-01  -0.6336D+00   0.4237D-01
   0.5071D+00  -0.1870D-01   0.8719D-01  -0.6355D-02   0.1181D+00  -0.4333D-01   0.1624D+00   0.0000D+00   0.3980D-01   0.3882D-02  -0.2278D-02   0.1271D-01   0.5071D+00  -0.1870D-01   0.8719D-01  -0.6355D-02   0.1181D+00  -0.4333D-01
  -0.1635D-02  -0.5693D-02  -0.3174D-02  -0.7697D-02  -0.1635D-02  -0.5693D-02  -0.3174D-02  -0.7697D-02
  1.000  0.500
  -0.7336D+00   0.0000D+00  -0.6759D+00   0.0000D+00   0.0000D+00   0.0000D+00  -0.5314D+00   0.0000D+00  -0.7336D+00   0.0000D+00  -0.6759D+00   0.0000D+00
   0.5342D+00   0.0000D+00   0.9009D-01   0.0000D+00   0.1728D+00   0.0000D+00   0.1614D+00   0.0000D+00   0.3586D-01   0.0000D+00   0.0000D+00   0.0000D+00   0.5342D+00   0.0000D+00   0.9009D-01   0.0000D+00   0.1728D+00   0.0000D+00
   0.0000D+00   0.0000D+00   0.0000D+00   0.0000D+00   0.0000D+00   0.0000D+00   0.0000D+00   0.0000D+00
  -0.6080D+00   0.9188D-01  -0.6297D+00   0.5479D-01   0.5511D-01  -0.5165D-01  -0.5258D+00   0.4944D-02  -0.6080D+00   0.9188D-01  -0.6297D+00   0.5479D-01
   0.4927D+00  -0.2052D-01   0.8570D-01  -0.6970D-02   0.1108D+00  -0.4749D-01   0.1601D+00   0.0000D+00   0.3969D-01   0.4259D-02  -0.2414D-02   0.1394D-01   0.4927D+00  -0.2052D-01   0.8570D-01  -0.6970D-02   0.1108D+00  -0.4749D-01
  -0.1802D-02  -0.6224D-02  -0.3496D-02  -0.8455D-02  -0.1802D-02  -0.6224D-02  -0.3496D-02  -0.8455D-02
  1.000  1.000
  -0.6734D+00   0.0000D+00  -0.6204D+00   0.0000D+00   0.0000D+00   0.0000D+00  -0.4877D+00   0.0000D+00  -0.6734D+00   0.0000D+00  -0.6204D+00   0.0000D+00
   0.5342D+00   0.0000D+00   0.9009D-01   0.0000D+00   0.1728D+00   0.0000D+00   0.1614D+00   0.0000D+00   0.3586D-01   0.0000D+00   0.0000D+00   0.0000D+00   0.5342D+00   0.0000D+00   0.9009D-01   0.0000D+00   0.1728D+00   0.0000D+00
   0.0000D+00   0.0000D+00   0.0000D+00   0.0000D+00   0.0000D+00   0.0000D+00   0.0000D+00   0.0000D+00
  -0.6210D+00   0.7741D-01  -0.6307D+00   0.4616D-01   0.4643D-01  -0.4352D-01  -0.5217D+00   0.4166D-02  -0.6210D+00   0.7741D-01  -0.6307D+00   0.4616D-01
   0.4963D+00  -0.1884D-01   0.8609D-01  -0.6398D-02   0.1159D+00  -0.4359D-01   0.1602D+00   0.0000D+00   0.3938D-01   0.3909D-02  -0.2215D-02   0.1279D-01   0.4963D+00  -0.1884D-01   0.8609D-01  -0.6398D-02   0.1159D+00  -0.4359D-01
  -0.1654D-02  -0.5713D-02  -0.3209D-02  -0.7761D-02  -0.1654D-02  -0.5713D-02  -0.3209D-02  -0.7761D-02
  1.000  2.000
  -0.6224D+00   0.0000D+00  -0.5735D+00   0.0000D+00   0.0000D+00   0.0000D+00  -0.4508D+00   0.0000D+00  -0.6224D+00   0.0000D+00  -0.5735D+00   0.0000D+00
   0.5342D+00   0.0000D+00   0.9009D-01   0.0000D+00   0.1728D+00   0.0000D+00   0.1614D+00   0.0000D+00   0.3586D-01   0.0000D+00   0.0000D+00   0.0000D+00   0.5342D+00   0.0000D+00   0.9009D-01   0.0000D+00   0.1728D+00   0.0000D+00
   0.0000D+00   0.0000D+00   0.0000D+00   0.0000D+00   0.0000D+00   0.0000D+00   0.0000D+00   0.0000D+00
  -0.6233D+00   0.6614D-01  -0.6243D+00   0.3944D-01   0.3967D-01  -0.3718D-01  -0.5129D+00   0.3559D-02  -0.6233D+00   0.6614D-01  -0.6243D+00   0.3944D-01
   0.4993D+00  -0.1741D-01   0.8641D-01  -0.5914D-02   0.1202D+00  -0.4030D-01   0.1603D+00   0.0000D+00   0.3912D-01   0.3614D-02  -0.2047D-02   0.1183D-01   0.4993D+00  -0.1741D-01   0.8641D-01  -0.5914D-02   0.1202D+00  -0.4030D-01
  -0.1529D-02  -0.5281D-02  -0.2966D-02  -0.7174D-02  -0.1529D-02  -0.5281D-02  -0.2966D-02  -0.7174D-02
  2.000  0.500
  -0.6856D+00   0.0000D+00  -0.6342D+00   0.0000D+00   0.0000D+00   0.0000D+00  -0.4966D+00   0.0000D+00  -0.6856D+00   0.0000D+00  -0.6342D+00   0.0000D+00
   0.4993D+00   0.0000D+00   0.8432D-01   0.0000D+00   0.1615D+00   0.0000D+00   0.1508D+00   0.0000D+00   0.3351D-01   0.0000D+00   0.0000D+00   0.0000D+00   0.4993D+00   0.0000D+00   0.8432D-01   0.0000D+00   0.1615D+00   0.0000D+00
   0.0000D+00   0.0000D+00   0.0000D+00   0.0000D+00   0.0000D+00   0.0000D+00   0.0000D+00   0.0000D+00
  -0.6169D+00   0.8600D-01  -0.6338D+00   0.5130D-01   0.5248D-01  -0.4827D-01  -0.5301D+00   0.4685D-02  -0.6169D+00   0.8600D-01  -0.6338D+00   0.5130D-01
   0.4967D+00  -0.1918D-01   0.8630D-01  -0.6527D-02   0.1143D+00  -0.4453D-01   0.1599D+00   0.0000D+00   0.3942D-01   0.3981D-02  -0.2269D-02   0.1303D-01   0.4967D+00  -0.1918D-01   0.8630D-01  -0.6527D-02   0.1143D+00  -0.4453D-01
  -0.1690D-02  -0.5823D-02  -0.3282D-02  -0.7910D-02  -0.1690D-02  -0.5823D-02  -0.3282D-02  -0.7910D-02
  2.000  1.000
  -0.6293D+00   0.0000D+00  -0.5821D+00   0.0000D+00   0.0000D+00   0.0000D+00  -0.4558D+00   0.0000D+00  -0.6293D+00   0.0000D+00  -0.5821D+00   0.0000D+00
   0.4993D+00   0.0000D+00   0.8432D-01   0.0000D+00   0.1615D+00   0.0000D+00   0.1508D+00   0.0000D+00   0.3351D-01   0.0000D+00   0.0000D+00   0.0000D+00   0.4993D+00   0.0000D+00   0.8432D-01   0.0000D+00   0.1615D+00   0.0000D+00
   0.0000D+00   0.0000D+00   0.0000D+00   0.0000D+00   0.0000D+00   0.0000D+00   0.0000D+00   0.0000D+00
  -0.6214D+00   0.7246D-01  -0.6280D+00   0.4322D-01   0.4422D-01  -0.4067D-01  -0.5202D+00   0.3948D-02  -0.6214D+00   0.7246D-01  -0.6280D+00   0.4322D-01
   0.4971D+00  -0.1761D-01   0.8616D-01  -0.5991D-02   0.1182D+00  -0.4088D-01   0.1592D+00   0.0000D+00   0.3894D-01   0.3654D-02  -0.2082D-02   0.1196D-01   0.4971D+00  -0.1761D-01   0.8616D-01  -0.5991D-02   0.1182D+00  -0.4088D-01
  -0.1552D-02  -0.5345D-02  -0.3013D-02  -0.7261D-02  -0.1552D-02  -0.5345D-02  -0.3013D-02  -0.7261D-02
  2.000  2.000
  -0.5817D+00   0.0000D+00  -0.5381D+00   0.0000D+00   0.0000D+00   0.0000D+00  -0.4213D+00   0.0000D+00  -0.5817D+00   0.0000D+00  -0.5381D+00   0.0000D+00
   0.4993D+00   0.0000D+00   0.8432D-01   0.0000D+00   0.1615D+00   0.0000D+00   0.1508D+00   0.0000D+00   0.3351D-01   0.0000D+00   0.0000D+00   0.0000D+00   0.4993D+00   0.0000D+00   0.8432D-01   0.0000D+00   0.1615D+00   0.0000D+00
   0.0000D+00   0.0000D+00   0.0000D+00   0.0000D+00   0.0000D+00   0.0000D+00   0.0000D+00   0.0000D+00
  -0.6175D+00   0.6191D-01  -0.6167D+00   0.3693D-01   0.3778D-01  -0.3475D-01  -0.5072D+00   0.3373D-02  -0.6175D+00   0.6191D-01  -0.6167D+00   0.3693D-01
   0.4974D+00  -0.1628D-01   0.8604D-01  -0.5538D-02   0.1215D+00  -0.3778D-01   0.1586D+00   0.0000D+00   0.3854D-01   0.3378D-02  -0.1925D-02   0.1105D-01   0.4974D+00  -0.1628D-01   0.8604D-01  -0.5538D-02   0.1215D+00  -0.3778D-01
  -0.1434D-02  -0.4941D-02  -0.2785D-02  -0.6711D-02  -0.1434D-02  -0.4941D-02  -0.2785D-02  -0.6711D-02
