 LHC=           1 sqrts=   8000.0000000000000      ang=           4 mode=fital                                                                                               scalescheme=           1 R=  0.69999999999999996     
 CT10nlo_rand5678                                                                                             451
 Bin information: chid, chiu, md, mu, mu0
   0.0000000000000000       0.50000000000000000        846.00000000000000        905.00000000000000        875.50000000000000     
 9 scales(muf, mur)*(LO(38), NLO(38))
  0.500  0.500
  -0.2199D+00   0.0000D+00  -0.1724D+00   0.0000D+00   0.0000D+00   0.0000D+00  -0.1026D+00   0.0000D+00  -0.2199D+00   0.0000D+00  -0.1724D+00   0.0000D+00
   0.3902D+00   0.0000D+00   0.6234D-01   0.0000D+00   0.1466D+00   0.0000D+00   0.8480D-01   0.0000D+00   0.1884D-01   0.0000D+00   0.0000D+00   0.0000D+00   0.3902D+00   0.0000D+00   0.6234D-01   0.0000D+00   0.1466D+00   0.0000D+00
   0.0000D+00   0.0000D+00   0.0000D+00   0.0000D+00   0.0000D+00   0.0000D+00   0.0000D+00   0.0000D+00
  -0.1730D+00   0.2131D-01  -0.1496D+00   0.1220D-01   0.1249D-01  -0.9368D-02  -0.9143D-01   0.3001D-02  -0.1730D+00   0.2131D-01  -0.1496D+00   0.1220D-01
   0.3035D+00  -0.1633D-01   0.5014D-01  -0.5072D-02   0.8032D-01  -0.3220D-01   0.7320D-01   0.0000D+00   0.1818D-01   0.2101D-02  -0.2681D-02   0.6877D-02   0.3035D+00  -0.1633D-01   0.5014D-01  -0.5072D-02   0.8032D-01  -0.3220D-01
  -0.1604D-02  -0.4509D-02  -0.2206D-02  -0.4946D-02  -0.1604D-02  -0.4509D-02  -0.2206D-02  -0.4946D-02
  0.500  1.000
  -0.2029D+00   0.0000D+00  -0.1590D+00   0.0000D+00   0.0000D+00   0.0000D+00  -0.9471D-01   0.0000D+00  -0.2029D+00   0.0000D+00  -0.1590D+00   0.0000D+00
   0.3902D+00   0.0000D+00   0.6234D-01   0.0000D+00   0.1466D+00   0.0000D+00   0.8480D-01   0.0000D+00   0.1884D-01   0.0000D+00   0.0000D+00   0.0000D+00   0.3902D+00   0.0000D+00   0.6234D-01   0.0000D+00   0.1466D+00   0.0000D+00
   0.0000D+00   0.0000D+00   0.0000D+00   0.0000D+00   0.0000D+00   0.0000D+00   0.0000D+00   0.0000D+00
  -0.1782D+00   0.1814D-01  -0.1516D+00   0.1039D-01   0.1064D-01  -0.7976D-02  -0.9225D-01   0.2555D-02  -0.1782D+00   0.1814D-01  -0.1516D+00   0.1039D-01
   0.3102D+00  -0.1506D-01   0.5110D-01  -0.4680D-02   0.8546D-01  -0.2971D-01   0.7411D-01   0.0000D+00   0.1823D-01   0.1939D-02  -0.2474D-02   0.6345D-02   0.3102D+00  -0.1506D-01   0.5110D-01  -0.4680D-02   0.8546D-01  -0.2971D-01
  -0.1480D-02  -0.4161D-02  -0.2035D-02  -0.4564D-02  -0.1480D-02  -0.4161D-02  -0.2035D-02  -0.4564D-02
  0.500  2.000
  -0.1884D+00   0.0000D+00  -0.1477D+00   0.0000D+00   0.0000D+00   0.0000D+00  -0.8793D-01   0.0000D+00  -0.1884D+00   0.0000D+00  -0.1477D+00   0.0000D+00
   0.3902D+00   0.0000D+00   0.6234D-01   0.0000D+00   0.1466D+00   0.0000D+00   0.8480D-01   0.0000D+00   0.1884D-01   0.0000D+00   0.0000D+00   0.0000D+00   0.3902D+00   0.0000D+00   0.6234D-01   0.0000D+00   0.1466D+00   0.0000D+00
   0.0000D+00   0.0000D+00   0.0000D+00   0.0000D+00   0.0000D+00   0.0000D+00   0.0000D+00   0.0000D+00
  -0.1801D+00   0.1564D-01  -0.1515D+00   0.8953D-02   0.9168D-02  -0.6875D-02  -0.9191D-01   0.2202D-02  -0.1801D+00   0.1564D-01  -0.1515D+00   0.8953D-02
   0.3160D+00  -0.1399D-01   0.5191D-01  -0.4345D-02   0.8985D-01  -0.2759D-01   0.7489D-01   0.0000D+00   0.1828D-01   0.1800D-02  -0.2297D-02   0.5891D-02   0.3160D+00  -0.1399D-01   0.5191D-01  -0.4345D-02   0.8985D-01  -0.2759D-01
  -0.1374D-02  -0.3863D-02  -0.1890D-02  -0.4237D-02  -0.1374D-02  -0.3863D-02  -0.1890D-02  -0.4237D-02
  1.000  0.500
  -0.1985D+00   0.0000D+00  -0.1558D+00   0.0000D+00   0.0000D+00   0.0000D+00  -0.9262D-01   0.0000D+00  -0.1985D+00   0.0000D+00  -0.1558D+00   0.0000D+00
   0.3524D+00   0.0000D+00   0.5625D-01   0.0000D+00   0.1324D+00   0.0000D+00   0.7643D-01   0.0000D+00   0.1699D-01   0.0000D+00   0.0000D+00   0.0000D+00   0.3524D+00   0.0000D+00   0.5625D-01   0.0000D+00   0.1324D+00   0.0000D+00
   0.0000D+00   0.0000D+00   0.0000D+00   0.0000D+00   0.0000D+00   0.0000D+00   0.0000D+00   0.0000D+00
  -0.1752D+00   0.1923D-01  -0.1512D+00   0.1101D-01   0.1128D-01  -0.8459D-02  -0.9176D-01   0.2710D-02  -0.1752D+00   0.1923D-01  -0.1512D+00   0.1101D-01
   0.3073D+00  -0.1475D-01   0.5059D-01  -0.4584D-02   0.8562D-01  -0.2904D-01   0.7336D-01   0.0000D+00   0.1806D-01   0.1894D-02  -0.2443D-02   0.6197D-02   0.3073D+00  -0.1475D-01   0.5059D-01  -0.4584D-02   0.8562D-01  -0.2904D-01
  -0.1449D-02  -0.4068D-02  -0.1994D-02  -0.4456D-02  -0.1449D-02  -0.4068D-02  -0.1994D-02  -0.4456D-02
  1.000  1.000
  -0.1832D+00   0.0000D+00  -0.1437D+00   0.0000D+00   0.0000D+00   0.0000D+00  -0.8546D-01   0.0000D+00  -0.1832D+00   0.0000D+00  -0.1437D+00   0.0000D+00
   0.3524D+00   0.0000D+00   0.5625D-01   0.0000D+00   0.1324D+00   0.0000D+00   0.7643D-01   0.0000D+00   0.1699D-01   0.0000D+00   0.0000D+00   0.0000D+00   0.3524D+00   0.0000D+00   0.5625D-01   0.0000D+00   0.1324D+00   0.0000D+00
   0.0000D+00   0.0000D+00   0.0000D+00   0.0000D+00   0.0000D+00   0.0000D+00   0.0000D+00   0.0000D+00
  -0.1770D+00   0.1638D-01  -0.1506D+00   0.9378D-02   0.9603D-02  -0.7201D-02  -0.9112D-01   0.2308D-02  -0.1770D+00   0.1638D-01  -0.1506D+00   0.9378D-02
   0.3109D+00  -0.1361D-01   0.5104D-01  -0.4230D-02   0.8925D-01  -0.2680D-01   0.7361D-01   0.0000D+00   0.1798D-01   0.1747D-02  -0.2254D-02   0.5718D-02   0.3109D+00  -0.1361D-01   0.5104D-01  -0.4230D-02   0.8925D-01  -0.2680D-01
  -0.1337D-02  -0.3753D-02  -0.1840D-02  -0.4112D-02  -0.1337D-02  -0.3753D-02  -0.1840D-02  -0.4112D-02
  1.000  2.000
  -0.1701D+00   0.0000D+00  -0.1335D+00   0.0000D+00   0.0000D+00   0.0000D+00  -0.7934D-01   0.0000D+00  -0.1701D+00   0.0000D+00  -0.1335D+00   0.0000D+00
   0.3524D+00   0.0000D+00   0.5625D-01   0.0000D+00   0.1324D+00   0.0000D+00   0.7643D-01   0.0000D+00   0.1699D-01   0.0000D+00   0.0000D+00   0.0000D+00   0.3524D+00   0.0000D+00   0.5625D-01   0.0000D+00   0.1324D+00   0.0000D+00
   0.0000D+00   0.0000D+00   0.0000D+00   0.0000D+00   0.0000D+00   0.0000D+00   0.0000D+00   0.0000D+00
  -0.1766D+00   0.1412D-01  -0.1487D+00   0.8083D-02   0.8278D-02  -0.6207D-02  -0.8972D-01   0.1989D-02  -0.1766D+00   0.1412D-01  -0.1487D+00   0.8083D-02
   0.3139D+00  -0.1264D-01   0.5142D-01  -0.3927D-02   0.9235D-01  -0.2488D-01   0.7382D-01   0.0000D+00   0.1791D-01   0.1622D-02  -0.2093D-02   0.5309D-02   0.3139D+00  -0.1264D-01   0.5142D-01  -0.3927D-02   0.9235D-01  -0.2488D-01
  -0.1241D-02  -0.3485D-02  -0.1709D-02  -0.3818D-02  -0.1241D-02  -0.3485D-02  -0.1709D-02  -0.3818D-02
  2.000  0.500
  -0.1808D+00   0.0000D+00  -0.1415D+00   0.0000D+00   0.0000D+00   0.0000D+00  -0.8412D-01   0.0000D+00  -0.1808D+00   0.0000D+00  -0.1415D+00   0.0000D+00
   0.3201D+00   0.0000D+00   0.5111D-01   0.0000D+00   0.1205D+00   0.0000D+00   0.6930D-01   0.0000D+00   0.1540D-01   0.0000D+00   0.0000D+00   0.0000D+00   0.3201D+00   0.0000D+00   0.5111D-01   0.0000D+00   0.1205D+00   0.0000D+00
   0.0000D+00   0.0000D+00   0.0000D+00   0.0000D+00   0.0000D+00   0.0000D+00   0.0000D+00   0.0000D+00
  -0.1790D+00   0.1749D-01  -0.1521D+00   0.1002D-01   0.1033D-01  -0.7672D-02  -0.9238D-01   0.2473D-02  -0.1790D+00   0.1749D-01  -0.1521D+00   0.1002D-01
   0.3119D+00  -0.1341D-01   0.5131D-01  -0.4164D-02   0.9028D-01  -0.2639D-01   0.7370D-01   0.0000D+00   0.1797D-01   0.1717D-02  -0.2128D-02   0.5619D-02   0.3119D+00  -0.1341D-01   0.5131D-01  -0.4164D-02   0.9028D-01  -0.2639D-01
  -0.1320D-02  -0.3689D-02  -0.1815D-02  -0.4043D-02  -0.1320D-02  -0.3689D-02  -0.1815D-02  -0.4043D-02
  2.000  1.000
  -0.1668D+00   0.0000D+00  -0.1306D+00   0.0000D+00   0.0000D+00   0.0000D+00  -0.7762D-01   0.0000D+00  -0.1668D+00   0.0000D+00  -0.1306D+00   0.0000D+00
   0.3201D+00   0.0000D+00   0.5111D-01   0.0000D+00   0.1205D+00   0.0000D+00   0.6930D-01   0.0000D+00   0.1540D-01   0.0000D+00   0.0000D+00   0.0000D+00   0.3201D+00   0.0000D+00   0.5111D-01   0.0000D+00   0.1205D+00   0.0000D+00
   0.0000D+00   0.0000D+00   0.0000D+00   0.0000D+00   0.0000D+00   0.0000D+00   0.0000D+00   0.0000D+00
  -0.1777D+00   0.1489D-01  -0.1494D+00   0.8528D-02   0.8796D-02  -0.6532D-02  -0.9045D-01   0.2106D-02  -0.1777D+00   0.1489D-01  -0.1494D+00   0.8528D-02
   0.3126D+00  -0.1238D-01   0.5130D-01  -0.3842D-02   0.9264D-01  -0.2435D-01   0.7337D-01   0.0000D+00   0.1778D-01   0.1584D-02  -0.1964D-02   0.5185D-02   0.3126D+00  -0.1238D-01   0.5130D-01  -0.3842D-02   0.9264D-01  -0.2435D-01
  -0.1218D-02  -0.3404D-02  -0.1674D-02  -0.3731D-02  -0.1218D-02  -0.3404D-02  -0.1674D-02  -0.3731D-02
  2.000  2.000
  -0.1549D+00   0.0000D+00  -0.1213D+00   0.0000D+00   0.0000D+00   0.0000D+00  -0.7206D-01   0.0000D+00  -0.1549D+00   0.0000D+00  -0.1213D+00   0.0000D+00
   0.3201D+00   0.0000D+00   0.5111D-01   0.0000D+00   0.1205D+00   0.0000D+00   0.6930D-01   0.0000D+00   0.1540D-01   0.0000D+00   0.0000D+00   0.0000D+00   0.3201D+00   0.0000D+00   0.5111D-01   0.0000D+00   0.1205D+00   0.0000D+00
   0.0000D+00   0.0000D+00   0.0000D+00   0.0000D+00   0.0000D+00   0.0000D+00   0.0000D+00   0.0000D+00
  -0.1750D+00   0.1283D-01  -0.1459D+00   0.7351D-02   0.7582D-02  -0.5630D-02  -0.8812D-01   0.1815D-02  -0.1750D+00   0.1283D-01  -0.1459D+00   0.7351D-02
   0.3132D+00  -0.1149D-01   0.5129D-01  -0.3567D-02   0.9465D-01  -0.2261D-01   0.7309D-01   0.0000D+00   0.1761D-01   0.1471D-02  -0.1823D-02   0.4814D-02   0.3132D+00  -0.1149D-01   0.5129D-01  -0.3567D-02   0.9465D-01  -0.2261D-01
  -0.1131D-02  -0.3160D-02  -0.1555D-02  -0.3464D-02  -0.1131D-02  -0.3160D-02  -0.1555D-02  -0.3464D-02
