 LHC=           1 sqrts=   8000.0000000000000      ang=           4 mode=fital                                                                                               scalescheme=           1 R=  0.69999999999999996     
 CT10nlo_rand5678                                                                                             414
 Bin information: chid, chiu, md, mu, mu0
   0.0000000000000000       0.50000000000000000        1410.0000000000000        1497.0000000000000        1453.5000000000000     
 9 scales(muf, mur)*(LO(38), NLO(38))
  0.500  0.500
  -0.2406D-01   0.0000D+00  -0.1565D-01   0.0000D+00   0.0000D+00   0.0000D+00  -0.7661D-02   0.0000D+00  -0.2406D-01   0.0000D+00  -0.1565D-01   0.0000D+00
   0.1037D+00   0.0000D+00   0.1543D-01   0.0000D+00   0.4568D-01   0.0000D+00   0.1675D-01   0.0000D+00   0.3723D-02   0.0000D+00   0.0000D+00   0.0000D+00   0.1037D+00   0.0000D+00   0.1543D-01   0.0000D+00   0.4568D-01   0.0000D+00
   0.0000D+00   0.0000D+00   0.0000D+00   0.0000D+00   0.0000D+00   0.0000D+00   0.0000D+00   0.0000D+00
  -0.2031D-01   0.1792D-02  -0.1384D-01   0.1051D-02   0.8308D-03  -0.6586D-03  -0.6766D-02   0.3446D-03  -0.2031D-01   0.1792D-02  -0.1384D-01   0.1051D-02
   0.7679D-01  -0.4799D-02   0.1172D-01  -0.1364D-02   0.2691D-01  -0.7917D-02   0.1390D-01   0.0000D+00   0.3481D-02   0.3913D-03  -0.6394D-03   0.1281D-02   0.7679D-01  -0.4799D-02   0.1172D-01  -0.1364D-02   0.2691D-01  -0.7917D-02
  -0.5039D-03  -0.1237D-02  -0.5085D-03  -0.1066D-02  -0.5039D-03  -0.1237D-02  -0.5085D-03  -0.1066D-02
  0.500  1.000
  -0.2230D-01   0.0000D+00  -0.1450D-01   0.0000D+00   0.0000D+00   0.0000D+00  -0.7101D-02   0.0000D+00  -0.2230D-01   0.0000D+00  -0.1450D-01   0.0000D+00
   0.1037D+00   0.0000D+00   0.1543D-01   0.0000D+00   0.4568D-01   0.0000D+00   0.1675D-01   0.0000D+00   0.3723D-02   0.0000D+00   0.0000D+00   0.0000D+00   0.1037D+00   0.0000D+00   0.1543D-01   0.0000D+00   0.4568D-01   0.0000D+00
   0.0000D+00   0.0000D+00   0.0000D+00   0.0000D+00   0.0000D+00   0.0000D+00   0.0000D+00   0.0000D+00
  -0.2066D-01   0.1540D-02  -0.1398D-01   0.9034D-03   0.7139D-03  -0.5659D-03  -0.6835D-02   0.2961D-03  -0.2066D-01   0.1540D-02  -0.1398D-01   0.9034D-03
   0.7876D-01  -0.4449D-02   0.1199D-01  -0.1265D-02   0.2829D-01  -0.7339D-02   0.1411D-01   0.0000D+00   0.3499D-02   0.3627D-03  -0.5927D-03   0.1187D-02   0.7876D-01  -0.4449D-02   0.1199D-01  -0.1265D-02   0.2829D-01  -0.7339D-02
  -0.4671D-03  -0.1146D-02  -0.4713D-03  -0.9883D-03  -0.4671D-03  -0.1146D-02  -0.4713D-03  -0.9883D-03
  0.500  2.000
  -0.2079D-01   0.0000D+00  -0.1352D-01   0.0000D+00   0.0000D+00   0.0000D+00  -0.6619D-02   0.0000D+00  -0.2079D-01   0.0000D+00  -0.1352D-01   0.0000D+00
   0.1037D+00   0.0000D+00   0.1543D-01   0.0000D+00   0.4568D-01   0.0000D+00   0.1675D-01   0.0000D+00   0.3723D-02   0.0000D+00   0.0000D+00   0.0000D+00   0.1037D+00   0.0000D+00   0.1543D-01   0.0000D+00   0.4568D-01   0.0000D+00
   0.0000D+00   0.0000D+00   0.0000D+00   0.0000D+00   0.0000D+00   0.0000D+00   0.0000D+00   0.0000D+00
  -0.2073D-01   0.1338D-02  -0.1395D-01   0.7849D-03   0.6203D-03  -0.4917D-03  -0.6824D-02   0.2572D-03  -0.2073D-01   0.1338D-02  -0.1395D-01   0.7849D-03
   0.8046D-01  -0.4147D-02   0.1222D-01  -0.1179D-02   0.2947D-01  -0.6841D-02   0.1429D-01   0.0000D+00   0.3514D-02   0.3381D-03  -0.5525D-03   0.1106D-02   0.8046D-01  -0.4147D-02   0.1222D-01  -0.1179D-02   0.2947D-01  -0.6841D-02
  -0.4354D-03  -0.1068D-02  -0.4393D-03  -0.9212D-03  -0.4354D-03  -0.1068D-02  -0.4393D-03  -0.9212D-03
  1.000  0.500
  -0.2082D-01   0.0000D+00  -0.1351D-01   0.0000D+00   0.0000D+00   0.0000D+00  -0.6634D-02   0.0000D+00  -0.2082D-01   0.0000D+00  -0.1351D-01   0.0000D+00
   0.8971D-01   0.0000D+00   0.1333D-01   0.0000D+00   0.3957D-01   0.0000D+00   0.1452D-01   0.0000D+00   0.3227D-02   0.0000D+00   0.0000D+00   0.0000D+00   0.8971D-01   0.0000D+00   0.1333D-01   0.0000D+00   0.3957D-01   0.0000D+00
   0.0000D+00   0.0000D+00   0.0000D+00   0.0000D+00   0.0000D+00   0.0000D+00   0.0000D+00   0.0000D+00
  -0.2056D-01   0.1549D-02  -0.1392D-01   0.9099D-03   0.7174D-03  -0.5701D-03  -0.6820D-02   0.2983D-03  -0.2056D-01   0.1549D-02  -0.1392D-01   0.9099D-03
   0.7926D-01  -0.4155D-02   0.1202D-01  -0.1181D-02   0.2902D-01  -0.6868D-02   0.1410D-01   0.0000D+00   0.3469D-02   0.3391D-03  -0.5542D-03   0.1110D-02   0.7926D-01  -0.4155D-02   0.1202D-01  -0.1181D-02   0.2902D-01  -0.6868D-02
  -0.4370D-03  -0.1070D-02  -0.4399D-03  -0.9238D-03  -0.4370D-03  -0.1070D-02  -0.4399D-03  -0.9238D-03
  1.000  1.000
  -0.1930D-01   0.0000D+00  -0.1253D-01   0.0000D+00   0.0000D+00   0.0000D+00  -0.6150D-02   0.0000D+00  -0.1930D-01   0.0000D+00  -0.1253D-01   0.0000D+00
   0.8971D-01   0.0000D+00   0.1333D-01   0.0000D+00   0.3957D-01   0.0000D+00   0.1452D-01   0.0000D+00   0.3227D-02   0.0000D+00   0.0000D+00   0.0000D+00   0.8971D-01   0.0000D+00   0.1333D-01   0.0000D+00   0.3957D-01   0.0000D+00
   0.0000D+00   0.0000D+00   0.0000D+00   0.0000D+00   0.0000D+00   0.0000D+00   0.0000D+00   0.0000D+00
  -0.2044D-01   0.1331D-02  -0.1376D-01   0.7818D-03   0.6165D-03  -0.4898D-03  -0.6744D-02   0.2563D-03  -0.2044D-01   0.1331D-02  -0.1376D-01   0.7818D-03
   0.8003D-01  -0.3851D-02   0.1212D-01  -0.1094D-02   0.2980D-01  -0.6366D-02   0.1414D-01   0.0000D+00   0.3452D-02   0.3143D-03  -0.5138D-03   0.1029D-02   0.8003D-01  -0.3851D-02   0.1212D-01  -0.1094D-02   0.2980D-01  -0.6366D-02
  -0.4050D-03  -0.9921D-03  -0.4077D-03  -0.8563D-03  -0.4050D-03  -0.9921D-03  -0.4077D-03  -0.8563D-03
  1.000  2.000
  -0.1799D-01   0.0000D+00  -0.1168D-01   0.0000D+00   0.0000D+00   0.0000D+00  -0.5732D-02   0.0000D+00  -0.1799D-01   0.0000D+00  -0.1168D-01   0.0000D+00
   0.8971D-01   0.0000D+00   0.1333D-01   0.0000D+00   0.3957D-01   0.0000D+00   0.1452D-01   0.0000D+00   0.3227D-02   0.0000D+00   0.0000D+00   0.0000D+00   0.8971D-01   0.0000D+00   0.1333D-01   0.0000D+00   0.3957D-01   0.0000D+00
   0.0000D+00   0.0000D+00   0.0000D+00   0.0000D+00   0.0000D+00   0.0000D+00   0.0000D+00   0.0000D+00
  -0.2017D-01   0.1156D-02  -0.1352D-01   0.6792D-03   0.5356D-03  -0.4256D-03  -0.6627D-02   0.2227D-03  -0.2017D-01   0.1156D-02  -0.1352D-01   0.6792D-03
   0.8070D-01  -0.3590D-02   0.1220D-01  -0.1020D-02   0.3046D-01  -0.5934D-02   0.1416D-01   0.0000D+00   0.3437D-02   0.2930D-03  -0.4789D-03   0.9588D-03   0.8070D-01  -0.3590D-02   0.1220D-01  -0.1020D-02   0.3046D-01  -0.5934D-02
  -0.3775D-03  -0.9247D-03  -0.3801D-03  -0.7982D-03  -0.3775D-03  -0.9247D-03  -0.3801D-03  -0.7982D-03
  2.000  0.500
  -0.1822D-01   0.0000D+00  -0.1180D-01   0.0000D+00   0.0000D+00   0.0000D+00  -0.5790D-02   0.0000D+00  -0.1822D-01   0.0000D+00  -0.1180D-01   0.0000D+00
   0.7831D-01   0.0000D+00   0.1164D-01   0.0000D+00   0.3460D-01   0.0000D+00   0.1270D-01   0.0000D+00   0.2822D-02   0.0000D+00   0.0000D+00   0.0000D+00   0.7831D-01   0.0000D+00   0.1164D-01   0.0000D+00   0.3460D-01   0.0000D+00
   0.0000D+00   0.0000D+00   0.0000D+00   0.0000D+00   0.0000D+00   0.0000D+00   0.0000D+00   0.0000D+00
  -0.2067D-01   0.1352D-02  -0.1388D-01   0.7960D-03   0.6271D-03  -0.4977D-03  -0.6810D-02   0.2605D-03  -0.2067D-01   0.1352D-02  -0.1388D-01   0.7960D-03
   0.8056D-01  -0.3636D-02   0.1221D-01  -0.1031D-02   0.3036D-01  -0.5980D-02   0.1419D-01   0.0000D+00   0.3444D-02   0.2964D-03  -0.4812D-03   0.9699D-03   0.8056D-01  -0.3636D-02   0.1221D-01  -0.1031D-02   0.3036D-01  -0.5980D-02
  -0.3830D-03  -0.9336D-03  -0.3843D-03  -0.8060D-03  -0.3830D-03  -0.9336D-03  -0.3843D-03  -0.8060D-03
  2.000  1.000
  -0.1689D-01   0.0000D+00  -0.1094D-01   0.0000D+00   0.0000D+00   0.0000D+00  -0.5367D-02   0.0000D+00  -0.1689D-01   0.0000D+00  -0.1094D-01   0.0000D+00
   0.7831D-01   0.0000D+00   0.1164D-01   0.0000D+00   0.3460D-01   0.0000D+00   0.1270D-01   0.0000D+00   0.2822D-02   0.0000D+00   0.0000D+00   0.0000D+00   0.7831D-01   0.0000D+00   0.1164D-01   0.0000D+00   0.3460D-01   0.0000D+00
   0.0000D+00   0.0000D+00   0.0000D+00   0.0000D+00   0.0000D+00   0.0000D+00   0.0000D+00   0.0000D+00
  -0.2019D-01   0.1162D-02  -0.1350D-01   0.6840D-03   0.5389D-03  -0.4276D-03  -0.6624D-02   0.2238D-03  -0.2019D-01   0.1162D-02  -0.1350D-01   0.6840D-03
   0.8040D-01  -0.3370D-02   0.1217D-01  -0.9561D-03   0.3067D-01  -0.5544D-02   0.1408D-01   0.0000D+00   0.3399D-02   0.2747D-03  -0.4461D-03   0.8991D-03   0.8040D-01  -0.3370D-02   0.1217D-01  -0.9561D-03   0.3067D-01  -0.5544D-02
  -0.3550D-03  -0.8654D-03  -0.3563D-03  -0.7472D-03  -0.3550D-03  -0.8654D-03  -0.3563D-03  -0.7472D-03
  2.000  2.000
  -0.1574D-01   0.0000D+00  -0.1020D-01   0.0000D+00   0.0000D+00   0.0000D+00  -0.5002D-02   0.0000D+00  -0.1574D-01   0.0000D+00  -0.1020D-01   0.0000D+00
   0.7831D-01   0.0000D+00   0.1164D-01   0.0000D+00   0.3460D-01   0.0000D+00   0.1270D-01   0.0000D+00   0.2822D-02   0.0000D+00   0.0000D+00   0.0000D+00   0.7831D-01   0.0000D+00   0.1164D-01   0.0000D+00   0.3460D-01   0.0000D+00
   0.0000D+00   0.0000D+00   0.0000D+00   0.0000D+00   0.0000D+00   0.0000D+00   0.0000D+00   0.0000D+00
  -0.1965D-01   0.1010D-02  -0.1309D-01   0.5942D-03   0.4682D-03  -0.3715D-03  -0.6424D-02   0.1945D-03  -0.1965D-01   0.1010D-02  -0.1309D-01   0.5942D-03
   0.8026D-01  -0.3141D-02   0.1213D-01  -0.8912D-03   0.3094D-01  -0.5167D-02   0.1399D-01   0.0000D+00   0.3360D-02   0.2561D-03  -0.4158D-03   0.8381D-03   0.8026D-01  -0.3141D-02   0.1213D-01  -0.8912D-03   0.3094D-01  -0.5167D-02
  -0.3309D-03  -0.8067D-03  -0.3321D-03  -0.6964D-03  -0.3309D-03  -0.8067D-03  -0.3321D-03  -0.6964D-03
