 LHC=           1 sqrts=   8000.0000000000000      ang=           4 mode=fital                                                                                               scalescheme=           1 R=  0.69999999999999996     
 CT10nlo_rand5678                                                                                             372
 Bin information: chid, chiu, md, mu, mu0
   0.0000000000000000       0.50000000000000000        174.00000000000000        196.00000000000000        185.00000000000000     
 9 scales(muf, mur)*(LO(38), NLO(38))
  0.500  0.500
  -0.5027D+01   0.0000D+00  -0.7020D+01   0.0000D+00   0.0000D+00   0.0000D+00  -0.7141D+01   0.0000D+00  -0.5027D+01   0.0000D+00  -0.7020D+01   0.0000D+00
   0.5628D+00   0.0000D+00   0.1028D+00   0.0000D+00   0.1317D+00   0.0000D+00   0.2336D+00   0.0000D+00   0.5191D-01   0.0000D+00   0.0000D+00   0.0000D+00   0.5628D+00   0.0000D+00   0.1028D+00   0.0000D+00   0.1317D+00   0.0000D+00
   0.0000D+00   0.0000D+00   0.0000D+00   0.0000D+00   0.0000D+00   0.0000D+00   0.0000D+00   0.0000D+00
  -0.3537D+01   0.1150D+01  -0.5831D+01   0.6875D+00   0.6184D+00  -0.8045D+00  -0.6538D+01  -0.5381D-01  -0.3537D+01   0.1150D+01  -0.5831D+01   0.6875D+00
   0.6994D+00  -0.1811D-01   0.1296D+00  -0.7578D-02   0.1116D+00  -0.5887D-01   0.2792D+00   0.0000D+00   0.7193D-01   0.7134D-02   0.7871D-03   0.2335D-01   0.6994D+00  -0.1811D-01   0.1296D+00  -0.7578D-02   0.1116D+00  -0.5887D-01
  -0.9947D-03  -0.6870D-02  -0.4284D-02  -0.1251D-01  -0.9947D-03  -0.6870D-02  -0.4284D-02  -0.1251D-01
  0.500  1.000
  -0.4553D+01   0.0000D+00  -0.6358D+01   0.0000D+00   0.0000D+00   0.0000D+00  -0.6468D+01   0.0000D+00  -0.4553D+01   0.0000D+00  -0.6358D+01   0.0000D+00
   0.5628D+00   0.0000D+00   0.1028D+00   0.0000D+00   0.1317D+00   0.0000D+00   0.2336D+00   0.0000D+00   0.5191D-01   0.0000D+00   0.0000D+00   0.0000D+00   0.5628D+00   0.0000D+00   0.1028D+00   0.0000D+00   0.1317D+00   0.0000D+00
   0.0000D+00   0.0000D+00   0.0000D+00   0.0000D+00   0.0000D+00   0.0000D+00   0.0000D+00   0.0000D+00
  -0.3745D+01   0.9438D+00  -0.5961D+01   0.5640D+00   0.5072D+00  -0.6600D+00  -0.6561D+01  -0.4414D-01  -0.3745D+01   0.9438D+00  -0.5961D+01   0.5640D+00
   0.6876D+00  -0.1640D-01   0.1272D+00  -0.6864D-02   0.1137D+00  -0.5333D-01   0.2752D+00   0.0000D+00   0.7012D-01   0.6462D-02   0.7235D-03   0.2115D-01   0.6876D+00  -0.1640D-01   0.1272D+00  -0.6864D-02   0.1137D+00  -0.5333D-01
  -0.9010D-03  -0.6223D-02  -0.3880D-02  -0.1133D-01  -0.9010D-03  -0.6223D-02  -0.3880D-02  -0.1133D-01
  0.500  2.000
  -0.4162D+01   0.0000D+00  -0.5812D+01   0.0000D+00   0.0000D+00   0.0000D+00  -0.5912D+01   0.0000D+00  -0.4162D+01   0.0000D+00  -0.5812D+01   0.0000D+00
   0.5628D+00   0.0000D+00   0.1028D+00   0.0000D+00   0.1317D+00   0.0000D+00   0.2336D+00   0.0000D+00   0.5191D-01   0.0000D+00   0.0000D+00   0.0000D+00   0.5628D+00   0.0000D+00   0.1028D+00   0.0000D+00   0.1317D+00   0.0000D+00
   0.0000D+00   0.0000D+00   0.0000D+00   0.0000D+00   0.0000D+00   0.0000D+00   0.0000D+00   0.0000D+00
  -0.3832D+01   0.7886D+00  -0.5963D+01   0.4712D+00   0.4237D+00  -0.5515D+00  -0.6481D+01  -0.3688D-01  -0.3832D+01   0.7886D+00  -0.5963D+01   0.4712D+00
   0.6776D+00  -0.1499D-01   0.1253D+00  -0.6275D-02   0.1155D+00  -0.4875D-01   0.2719D+00   0.0000D+00   0.6862D-01   0.5907D-02   0.6695D-03   0.1933D-01   0.6776D+00  -0.1499D-01   0.1253D+00  -0.6275D-02   0.1155D+00  -0.4875D-01
  -0.8235D-03  -0.5688D-02  -0.3547D-02  -0.1036D-01  -0.8235D-03  -0.5688D-02  -0.3547D-02  -0.1036D-01
  1.000  0.500
  -0.4924D+01   0.0000D+00  -0.6973D+01   0.0000D+00   0.0000D+00   0.0000D+00  -0.7172D+01   0.0000D+00  -0.4924D+01   0.0000D+00  -0.6973D+01   0.0000D+00
   0.5577D+00   0.0000D+00   0.1028D+00   0.0000D+00   0.1292D+00   0.0000D+00   0.2313D+00   0.0000D+00   0.5139D-01   0.0000D+00   0.0000D+00   0.0000D+00   0.5577D+00   0.0000D+00   0.1028D+00   0.0000D+00   0.1292D+00   0.0000D+00
   0.0000D+00   0.0000D+00   0.0000D+00   0.0000D+00   0.0000D+00   0.0000D+00   0.0000D+00   0.0000D+00
  -0.3490D+01   0.1142D+01  -0.5873D+01   0.6860D+00   0.5863D+00  -0.8055D+00  -0.6577D+01  -0.5308D-01  -0.3490D+01   0.1142D+01  -0.5873D+01   0.6860D+00
   0.6793D+00  -0.1776D-01   0.1265D+00  -0.7515D-02   0.1062D+00  -0.5890D-01   0.2723D+00   0.0000D+00   0.6948D-01   0.7077D-02   0.8858D-03   0.2316D-01   0.6793D+00  -0.1776D-01   0.1265D+00  -0.7515D-02   0.1062D+00  -0.5890D-01
  -0.9875D-03  -0.6839D-02  -0.4289D-02  -0.1250D-01  -0.9875D-03  -0.6839D-02  -0.4289D-02  -0.1250D-01
  1.000  1.000
  -0.4460D+01   0.0000D+00  -0.6316D+01   0.0000D+00   0.0000D+00   0.0000D+00  -0.6496D+01   0.0000D+00  -0.4460D+01   0.0000D+00  -0.6316D+01   0.0000D+00
   0.5577D+00   0.0000D+00   0.1028D+00   0.0000D+00   0.1292D+00   0.0000D+00   0.2313D+00   0.0000D+00   0.5139D-01   0.0000D+00   0.0000D+00   0.0000D+00   0.5577D+00   0.0000D+00   0.1028D+00   0.0000D+00   0.1292D+00   0.0000D+00
   0.0000D+00   0.0000D+00   0.0000D+00   0.0000D+00   0.0000D+00   0.0000D+00   0.0000D+00   0.0000D+00
  -0.3689D+01   0.9371D+00  -0.5988D+01   0.5628D+00   0.4809D+00  -0.6608D+00  -0.6599D+01  -0.4354D-01  -0.3689D+01   0.9371D+00  -0.5988D+01   0.5628D+00
   0.6689D+00  -0.1609D-01   0.1244D+00  -0.6807D-02   0.1086D+00  -0.5335D-01   0.2687D+00   0.0000D+00   0.6785D-01   0.6410D-02   0.8111D-03   0.2098D-01   0.6689D+00  -0.1609D-01   0.1244D+00  -0.6807D-02   0.1086D+00  -0.5335D-01
  -0.8944D-03  -0.6194D-02  -0.3885D-02  -0.1132D-01  -0.8944D-03  -0.6194D-02  -0.3885D-02  -0.1132D-01
  1.000  2.000
  -0.4077D+01   0.0000D+00  -0.5774D+01   0.0000D+00   0.0000D+00   0.0000D+00  -0.5938D+01   0.0000D+00  -0.4077D+01   0.0000D+00  -0.5774D+01   0.0000D+00
   0.5577D+00   0.0000D+00   0.1028D+00   0.0000D+00   0.1292D+00   0.0000D+00   0.2313D+00   0.0000D+00   0.5139D-01   0.0000D+00   0.0000D+00   0.0000D+00   0.5577D+00   0.0000D+00   0.1028D+00   0.0000D+00   0.1292D+00   0.0000D+00
   0.0000D+00   0.0000D+00   0.0000D+00   0.0000D+00   0.0000D+00   0.0000D+00   0.0000D+00   0.0000D+00
  -0.3771D+01   0.7830D+00  -0.5978D+01   0.4702D+00   0.4017D+00  -0.5521D+00  -0.6516D+01  -0.3638D-01  -0.3771D+01   0.7830D+00  -0.5978D+01   0.4702D+00
   0.6599D+00  -0.1471D-01   0.1227D+00  -0.6222D-02   0.1105D+00  -0.4877D-01   0.2657D+00   0.0000D+00   0.6649D-01   0.5860D-02   0.7495D-03   0.1918D-01   0.6599D+00  -0.1471D-01   0.1227D+00  -0.6222D-02   0.1105D+00  -0.4877D-01
  -0.8175D-03  -0.5662D-02  -0.3551D-02  -0.1035D-01  -0.8175D-03  -0.5662D-02  -0.3551D-02  -0.1035D-01
  2.000  0.500
  -0.4827D+01   0.0000D+00  -0.6923D+01   0.0000D+00   0.0000D+00   0.0000D+00  -0.7069D+01   0.0000D+00  -0.4827D+01   0.0000D+00  -0.6923D+01   0.0000D+00
   0.5512D+00   0.0000D+00   0.1013D+00   0.0000D+00   0.1270D+00   0.0000D+00   0.2285D+00   0.0000D+00   0.5079D-01   0.0000D+00   0.0000D+00   0.0000D+00   0.5512D+00   0.0000D+00   0.1013D+00   0.0000D+00   0.1270D+00   0.0000D+00
   0.0000D+00   0.0000D+00   0.0000D+00   0.0000D+00   0.0000D+00   0.0000D+00   0.0000D+00   0.0000D+00
  -0.3538D+01   0.1131D+01  -0.5972D+01   0.6797D+00   0.5714D+00  -0.7952D+00  -0.6656D+01  -0.5251D-01  -0.3538D+01   0.1131D+01  -0.5972D+01   0.6797D+00
   0.6742D+00  -0.1746D-01   0.1249D+00  -0.7380D-02   0.1063D+00  -0.5828D-01   0.2703D+00   0.0000D+00   0.6896D-01   0.6984D-02   0.5253D-03   0.2286D-01   0.6742D+00  -0.1746D-01   0.1249D+00  -0.7380D-02   0.1063D+00  -0.5828D-01
  -0.9835D-03  -0.6723D-02  -0.4269D-02  -0.1232D-01  -0.9835D-03  -0.6723D-02  -0.4269D-02  -0.1232D-01
  2.000  1.000
  -0.4372D+01   0.0000D+00  -0.6271D+01   0.0000D+00   0.0000D+00   0.0000D+00  -0.6403D+01   0.0000D+00  -0.4372D+01   0.0000D+00  -0.6271D+01   0.0000D+00
   0.5512D+00   0.0000D+00   0.1013D+00   0.0000D+00   0.1270D+00   0.0000D+00   0.2285D+00   0.0000D+00   0.5079D-01   0.0000D+00   0.0000D+00   0.0000D+00   0.5512D+00   0.0000D+00   0.1013D+00   0.0000D+00   0.1270D+00   0.0000D+00
   0.0000D+00   0.0000D+00   0.0000D+00   0.0000D+00   0.0000D+00   0.0000D+00   0.0000D+00   0.0000D+00
  -0.3705D+01   0.9278D+00  -0.6054D+01   0.5576D+00   0.4685D+00  -0.6524D+00  -0.6641D+01  -0.4308D-01  -0.3705D+01   0.9278D+00  -0.6054D+01   0.5576D+00
   0.6582D+00  -0.1582D-01   0.1220D+00  -0.6685D-02   0.1067D+00  -0.5279D-01   0.2656D+00   0.0000D+00   0.6700D-01   0.6326D-02   0.4833D-03   0.2070D-01   0.6582D+00  -0.1582D-01   0.1220D+00  -0.6685D-02   0.1067D+00  -0.5279D-01
  -0.8908D-03  -0.6090D-02  -0.3867D-02  -0.1116D-01  -0.8908D-03  -0.6090D-02  -0.3867D-02  -0.1116D-01
  2.000  2.000
  -0.3996D+01   0.0000D+00  -0.5732D+01   0.0000D+00   0.0000D+00   0.0000D+00  -0.5853D+01   0.0000D+00  -0.3996D+01   0.0000D+00  -0.5732D+01   0.0000D+00
   0.5512D+00   0.0000D+00   0.1013D+00   0.0000D+00   0.1270D+00   0.0000D+00   0.2285D+00   0.0000D+00   0.5079D-01   0.0000D+00   0.0000D+00   0.0000D+00   0.5512D+00   0.0000D+00   0.1013D+00   0.0000D+00   0.1270D+00   0.0000D+00
   0.0000D+00   0.0000D+00   0.0000D+00   0.0000D+00   0.0000D+00   0.0000D+00   0.0000D+00   0.0000D+00
  -0.3772D+01   0.7752D+00  -0.6028D+01   0.4659D+00   0.3913D+00  -0.5451D+00  -0.6538D+01  -0.3599D-01  -0.3772D+01   0.7752D+00  -0.6028D+01   0.4659D+00
   0.6506D+00  -0.1446D-01   0.1205D+00  -0.6110D-02   0.1090D+00  -0.4825D-01   0.2628D+00   0.0000D+00   0.6572D-01   0.5782D-02   0.4490D-03   0.1892D-01   0.6506D+00  -0.1446D-01   0.1205D+00  -0.6110D-02   0.1090D+00  -0.4825D-01
  -0.8142D-03  -0.5566D-02  -0.3535D-02  -0.1020D-01  -0.8142D-03  -0.5566D-02  -0.3535D-02  -0.1020D-01
