 LHC=           1 sqrts=   8000.0000000000000      ang=           4 mode=fital                                                                                               scalescheme=           1 R=  0.69999999999999996     
 CT10nlo_rand5678                                                                                             394
 Bin information: chid, chiu, md, mu, mu0
   0.0000000000000000       0.50000000000000000        686.00000000000000        737.00000000000000        711.50000000000000     
 9 scales(muf, mur)*(LO(38), NLO(38))
  0.500  0.500
  -0.3916D+00   0.0000D+00  -0.3203D+00   0.0000D+00   0.0000D+00   0.0000D+00  -0.2186D+00   0.0000D+00  -0.3916D+00   0.0000D+00  -0.3203D+00   0.0000D+00
   0.4745D+00   0.0000D+00   0.7718D-01   0.0000D+00   0.1701D+00   0.0000D+00   0.1201D+00   0.0000D+00   0.2668D-01   0.0000D+00   0.0000D+00   0.0000D+00   0.4745D+00   0.0000D+00   0.7718D-01   0.0000D+00   0.1701D+00   0.0000D+00
   0.0000D+00   0.0000D+00   0.0000D+00   0.0000D+00   0.0000D+00   0.0000D+00   0.0000D+00   0.0000D+00
  -0.3036D+00   0.4122D-01  -0.2773D+00   0.2422D-01   0.2545D-01  -0.2046D-01  -0.1964D+00   0.4185D-02  -0.3036D+00   0.4122D-01  -0.2773D+00   0.2422D-01
   0.3806D+00  -0.1946D-01   0.6401D-01  -0.6210D-02   0.9466D-01  -0.4034D-01   0.1057D+00   0.0000D+00   0.2643D-01   0.3051D-02  -0.2946D-02   0.9984D-02   0.3806D+00  -0.1946D-01   0.6401D-01  -0.6210D-02   0.9466D-01  -0.4034D-01
  -0.1837D-02  -0.5533D-02  -0.2864D-02  -0.6604D-02  -0.1837D-02  -0.5533D-02  -0.2864D-02  -0.6604D-02
  0.500  1.000
  -0.3606D+00   0.0000D+00  -0.2949D+00   0.0000D+00   0.0000D+00   0.0000D+00  -0.2013D+00   0.0000D+00  -0.3606D+00   0.0000D+00  -0.2949D+00   0.0000D+00
   0.4745D+00   0.0000D+00   0.7718D-01   0.0000D+00   0.1701D+00   0.0000D+00   0.1201D+00   0.0000D+00   0.2668D-01   0.0000D+00   0.0000D+00   0.0000D+00   0.4745D+00   0.0000D+00   0.7718D-01   0.0000D+00   0.1701D+00   0.0000D+00
   0.0000D+00   0.0000D+00   0.0000D+00   0.0000D+00   0.0000D+00   0.0000D+00   0.0000D+00   0.0000D+00
  -0.3136D+00   0.3495D-01  -0.2811D+00   0.2053D-01   0.2158D-01  -0.1735D-01  -0.1978D+00   0.3549D-02  -0.3136D+00   0.3495D-01  -0.2811D+00   0.2053D-01
   0.3881D+00  -0.1792D-01   0.6507D-01  -0.5718D-02   0.1007D+00  -0.3715D-01   0.1068D+00   0.0000D+00   0.2645D-01   0.2809D-02  -0.2713D-02   0.9193D-02   0.3881D+00  -0.1792D-01   0.6507D-01  -0.5718D-02   0.1007D+00  -0.3715D-01
  -0.1692D-02  -0.5094D-02  -0.2637D-02  -0.6081D-02  -0.1692D-02  -0.5094D-02  -0.2637D-02  -0.6081D-02
  0.500  2.000
  -0.3342D+00   0.0000D+00  -0.2733D+00   0.0000D+00   0.0000D+00   0.0000D+00  -0.1865D+00   0.0000D+00  -0.3342D+00   0.0000D+00  -0.2733D+00   0.0000D+00
   0.4745D+00   0.0000D+00   0.7718D-01   0.0000D+00   0.1701D+00   0.0000D+00   0.1201D+00   0.0000D+00   0.2668D-01   0.0000D+00   0.0000D+00   0.0000D+00   0.4745D+00   0.0000D+00   0.7718D-01   0.0000D+00   0.1701D+00   0.0000D+00
   0.0000D+00   0.0000D+00   0.0000D+00   0.0000D+00   0.0000D+00   0.0000D+00   0.0000D+00   0.0000D+00
  -0.3175D+00   0.3002D-01  -0.2808D+00   0.1764D-01   0.1854D-01  -0.1490D-01  -0.1968D+00   0.3048D-02  -0.3175D+00   0.3002D-01  -0.2808D+00   0.1764D-01
   0.3945D+00  -0.1661D-01   0.6597D-01  -0.5299D-02   0.1058D+00  -0.3443D-01   0.1078D+00   0.0000D+00   0.2647D-01   0.2603D-02  -0.2515D-02   0.8520D-02   0.3945D+00  -0.1661D-01   0.6597D-01  -0.5299D-02   0.1058D+00  -0.3443D-01
  -0.1568D-02  -0.4722D-02  -0.2444D-02  -0.5636D-02  -0.1568D-02  -0.4722D-02  -0.2444D-02  -0.5636D-02
  1.000  0.500
  -0.3588D+00   0.0000D+00  -0.2937D+00   0.0000D+00   0.0000D+00   0.0000D+00  -0.1999D+00   0.0000D+00  -0.3588D+00   0.0000D+00  -0.2937D+00   0.0000D+00
   0.4352D+00   0.0000D+00   0.7070D-01   0.0000D+00   0.1559D+00   0.0000D+00   0.1094D+00   0.0000D+00   0.2432D-01   0.0000D+00   0.0000D+00   0.0000D+00   0.4352D+00   0.0000D+00   0.7070D-01   0.0000D+00   0.1559D+00   0.0000D+00
   0.0000D+00   0.0000D+00   0.0000D+00   0.0000D+00   0.0000D+00   0.0000D+00   0.0000D+00   0.0000D+00
  -0.3084D+00   0.3771D-01  -0.2796D+00   0.2216D-01   0.2329D-01  -0.1870D-01  -0.1986D+00   0.3870D-02  -0.3084D+00   0.3771D-01  -0.2796D+00   0.2216D-01
   0.3855D+00  -0.1782D-01   0.6468D-01  -0.5690D-02   0.9963D-01  -0.3705D-01   0.1059D+00   0.0000D+00   0.2620D-01   0.2782D-02  -0.2633D-02   0.9105D-02   0.3855D+00  -0.1782D-01   0.6468D-01  -0.5690D-02   0.9963D-01  -0.3705D-01
  -0.1686D-02  -0.5104D-02  -0.2623D-02  -0.6043D-02  -0.1686D-02  -0.5104D-02  -0.2623D-02  -0.6043D-02
  1.000  1.000
  -0.3304D+00   0.0000D+00  -0.2704D+00   0.0000D+00   0.0000D+00   0.0000D+00  -0.1841D+00   0.0000D+00  -0.3304D+00   0.0000D+00  -0.2704D+00   0.0000D+00
   0.4352D+00   0.0000D+00   0.7070D-01   0.0000D+00   0.1559D+00   0.0000D+00   0.1094D+00   0.0000D+00   0.2432D-01   0.0000D+00   0.0000D+00   0.0000D+00   0.4352D+00   0.0000D+00   0.7070D-01   0.0000D+00   0.1559D+00   0.0000D+00
   0.0000D+00   0.0000D+00   0.0000D+00   0.0000D+00   0.0000D+00   0.0000D+00   0.0000D+00   0.0000D+00
  -0.3130D+00   0.3197D-01  -0.2792D+00   0.1879D-01   0.1975D-01  -0.1585D-01  -0.1971D+00   0.3281D-02  -0.3130D+00   0.3197D-01  -0.2792D+00   0.1879D-01
   0.3895D+00  -0.1641D-01   0.6517D-01  -0.5239D-02   0.1041D+00  -0.3412D-01   0.1062D+00   0.0000D+00   0.2605D-01   0.2562D-02  -0.2425D-02   0.8384D-02   0.3895D+00  -0.1641D-01   0.6517D-01  -0.5239D-02   0.1041D+00  -0.3412D-01
  -0.1553D-02  -0.4700D-02  -0.2416D-02  -0.5565D-02  -0.1553D-02  -0.4700D-02  -0.2416D-02  -0.5565D-02
  1.000  2.000
  -0.3062D+00   0.0000D+00  -0.2507D+00   0.0000D+00   0.0000D+00   0.0000D+00  -0.1706D+00   0.0000D+00  -0.3062D+00   0.0000D+00  -0.2507D+00   0.0000D+00
   0.4352D+00   0.0000D+00   0.7070D-01   0.0000D+00   0.1559D+00   0.0000D+00   0.1094D+00   0.0000D+00   0.2432D-01   0.0000D+00   0.0000D+00   0.0000D+00   0.4352D+00   0.0000D+00   0.7070D-01   0.0000D+00   0.1559D+00   0.0000D+00
   0.0000D+00   0.0000D+00   0.0000D+00   0.0000D+00   0.0000D+00   0.0000D+00   0.0000D+00   0.0000D+00
  -0.3130D+00   0.2746D-01  -0.2760D+00   0.1614D-01   0.1696D-01  -0.1362D-01  -0.1939D+00   0.2818D-02  -0.3130D+00   0.2746D-01  -0.2760D+00   0.1614D-01
   0.3929D+00  -0.1521D-01   0.6559D-01  -0.4856D-02   0.1079D+00  -0.3162D-01   0.1064D+00   0.0000D+00   0.2593D-01   0.2374D-02  -0.2248D-02   0.7770D-02   0.3929D+00  -0.1521D-01   0.6559D-01  -0.4856D-02   0.1079D+00  -0.3162D-01
  -0.1439D-02  -0.4356D-02  -0.2239D-02  -0.5157D-02  -0.1439D-02  -0.4356D-02  -0.2239D-02  -0.5157D-02
  2.000  0.500
  -0.3311D+00   0.0000D+00  -0.2709D+00   0.0000D+00   0.0000D+00   0.0000D+00  -0.1840D+00   0.0000D+00  -0.3311D+00   0.0000D+00  -0.2709D+00   0.0000D+00
   0.4004D+00   0.0000D+00   0.6510D-01   0.0000D+00   0.1437D+00   0.0000D+00   0.1003D+00   0.0000D+00   0.2230D-01   0.0000D+00   0.0000D+00   0.0000D+00   0.4004D+00   0.0000D+00   0.6510D-01   0.0000D+00   0.1437D+00   0.0000D+00
   0.0000D+00   0.0000D+00   0.0000D+00   0.0000D+00   0.0000D+00   0.0000D+00   0.0000D+00   0.0000D+00
  -0.3145D+00   0.3475D-01  -0.2830D+00   0.2044D-01   0.2143D-01  -0.1721D-01  -0.1996D+00   0.3600D-02  -0.3145D+00   0.3475D-01  -0.2830D+00   0.2044D-01
   0.3897D+00  -0.1643D-01   0.6531D-01  -0.5237D-02   0.1043D+00  -0.3402D-01   0.1060D+00   0.0000D+00   0.2611D-01   0.2551D-02  -0.2401D-02   0.8347D-02   0.3897D+00  -0.1643D-01   0.6531D-01  -0.5237D-02   0.1043D+00  -0.3402D-01
  -0.1557D-02  -0.4713D-02  -0.2413D-02  -0.5553D-02  -0.1557D-02  -0.4713D-02  -0.2413D-02  -0.5553D-02
  2.000  1.000
  -0.3049D+00   0.0000D+00  -0.2495D+00   0.0000D+00   0.0000D+00   0.0000D+00  -0.1694D+00   0.0000D+00  -0.3049D+00   0.0000D+00  -0.2495D+00   0.0000D+00
   0.4004D+00   0.0000D+00   0.6510D-01   0.0000D+00   0.1437D+00   0.0000D+00   0.1003D+00   0.0000D+00   0.2230D-01   0.0000D+00   0.0000D+00   0.0000D+00   0.4004D+00   0.0000D+00   0.6510D-01   0.0000D+00   0.1437D+00   0.0000D+00
   0.0000D+00   0.0000D+00   0.0000D+00   0.0000D+00   0.0000D+00   0.0000D+00   0.0000D+00   0.0000D+00
  -0.3142D+00   0.2947D-01  -0.2788D+00   0.1733D-01   0.1817D-01  -0.1460D-01  -0.1956D+00   0.3052D-02  -0.3142D+00   0.2947D-01  -0.2788D+00   0.1733D-01
   0.3907D+00  -0.1513D-01   0.6531D-01  -0.4823D-02   0.1075D+00  -0.3132D-01   0.1055D+00   0.0000D+00   0.2581D-01   0.2349D-02  -0.2211D-02   0.7686D-02   0.3907D+00  -0.1513D-01   0.6531D-01  -0.4823D-02   0.1075D+00  -0.3132D-01
  -0.1434D-02  -0.4340D-02  -0.2222D-02  -0.5113D-02  -0.1434D-02  -0.4340D-02  -0.2222D-02  -0.5113D-02
  2.000  2.000
  -0.2826D+00   0.0000D+00  -0.2312D+00   0.0000D+00   0.0000D+00   0.0000D+00  -0.1570D+00   0.0000D+00  -0.2826D+00   0.0000D+00  -0.2312D+00   0.0000D+00
   0.4004D+00   0.0000D+00   0.6510D-01   0.0000D+00   0.1437D+00   0.0000D+00   0.1003D+00   0.0000D+00   0.2230D-01   0.0000D+00   0.0000D+00   0.0000D+00   0.4004D+00   0.0000D+00   0.6510D-01   0.0000D+00   0.1437D+00   0.0000D+00
   0.0000D+00   0.0000D+00   0.0000D+00   0.0000D+00   0.0000D+00   0.0000D+00   0.0000D+00   0.0000D+00
  -0.3106D+00   0.2531D-01  -0.2728D+00   0.1489D-01   0.1561D-01  -0.1254D-01  -0.1907D+00   0.2622D-02  -0.3106D+00   0.2531D-01  -0.2728D+00   0.1489D-01
   0.3914D+00  -0.1402D-01   0.6530D-01  -0.4470D-02   0.1101D+00  -0.2903D-01   0.1052D+00   0.0000D+00   0.2556D-01   0.2177D-02  -0.2049D-02   0.7124D-02   0.3914D+00  -0.1402D-01   0.6530D-01  -0.4470D-02   0.1101D+00  -0.2903D-01
  -0.1329D-02  -0.4022D-02  -0.2060D-02  -0.4739D-02  -0.1329D-02  -0.4022D-02  -0.2060D-02  -0.4739D-02
