 LHC=           1 sqrts=   8000.0000000000000      ang=           4 mode=fital                                                                                               scalescheme=           1 R=  0.69999999999999996     
 CT10nlo_rand5678                                                                                             394
 Bin information: chid, chiu, md, mu, mu0
   0.0000000000000000       0.50000000000000000        2750.0000000000000        3000.0000000000000        2875.0000000000000     
 9 scales(muf, mur)*(LO(38), NLO(38))
  0.500  0.500
  -0.1329D-04   0.0000D+00  -0.5676D-05   0.0000D+00   0.0000D+00   0.0000D+00  -0.2225D-05   0.0000D+00  -0.1329D-04   0.0000D+00  -0.5676D-05   0.0000D+00
   0.1756D-03   0.0000D+00   0.2196D-04   0.0000D+00   0.1023D-03   0.0000D+00   0.1843D-04   0.0000D+00   0.4096D-05   0.0000D+00   0.0000D+00   0.0000D+00   0.1756D-03   0.0000D+00   0.2196D-04   0.0000D+00   0.1023D-03   0.0000D+00
   0.0000D+00   0.0000D+00   0.0000D+00   0.0000D+00   0.0000D+00   0.0000D+00   0.0000D+00   0.0000D+00
  -0.1344D-04   0.5939D-06  -0.5631D-05   0.4121D-06   0.8280D-07  -0.1777D-06  -0.2105D-05   0.1434D-06  -0.1344D-04   0.5939D-06  -0.5631D-05   0.4121D-06
   0.1450D-03  -0.9986D-05   0.1769D-04  -0.2466D-05   0.7931D-04  -0.1204D-04   0.1671D-04   0.0000D+00   0.4049D-05   0.3999D-06  -0.5748D-06   0.1309D-05   0.1450D-03  -0.9986D-05   0.1769D-04  -0.2466D-05   0.7931D-04  -0.1204D-04
  -0.1117D-05  -0.2419D-05  -0.6649D-06  -0.1313D-05  -0.1117D-05  -0.2419D-05  -0.6649D-06  -0.1313D-05
  0.500  1.000
  -0.1239D-04   0.0000D+00  -0.5290D-05   0.0000D+00   0.0000D+00   0.0000D+00  -0.2073D-05   0.0000D+00  -0.1239D-04   0.0000D+00  -0.5290D-05   0.0000D+00
   0.1756D-03   0.0000D+00   0.2196D-04   0.0000D+00   0.1023D-03   0.0000D+00   0.1843D-04   0.0000D+00   0.4096D-05   0.0000D+00   0.0000D+00   0.0000D+00   0.1756D-03   0.0000D+00   0.2196D-04   0.0000D+00   0.1023D-03   0.0000D+00
   0.0000D+00   0.0000D+00   0.0000D+00   0.0000D+00   0.0000D+00   0.0000D+00   0.0000D+00   0.0000D+00
  -0.1334D-04   0.5158D-06  -0.5600D-05   0.3579D-06   0.7192D-07  -0.1543D-06  -0.2106D-05   0.1245D-06  -0.1334D-04   0.5158D-06  -0.5600D-05   0.3579D-06
   0.1471D-03  -0.9307D-05   0.1798D-04  -0.2298D-05   0.8088D-04  -0.1122D-04   0.1683D-04   0.0000D+00   0.4052D-05   0.3726D-06  -0.5357D-06   0.1220D-05   0.1471D-03  -0.9307D-05   0.1798D-04  -0.2298D-05   0.8088D-04  -0.1122D-04
  -0.1041D-05  -0.2254D-05  -0.6197D-06  -0.1224D-05  -0.1041D-05  -0.2254D-05  -0.6197D-06  -0.1224D-05
  0.500  2.000
  -0.1160D-04   0.0000D+00  -0.4953D-05   0.0000D+00   0.0000D+00   0.0000D+00  -0.1941D-05   0.0000D+00  -0.1160D-04   0.0000D+00  -0.4953D-05   0.0000D+00
   0.1756D-03   0.0000D+00   0.2196D-04   0.0000D+00   0.1023D-03   0.0000D+00   0.1843D-04   0.0000D+00   0.4096D-05   0.0000D+00   0.0000D+00   0.0000D+00   0.1756D-03   0.0000D+00   0.2196D-04   0.0000D+00   0.1023D-03   0.0000D+00
   0.0000D+00   0.0000D+00   0.0000D+00   0.0000D+00   0.0000D+00   0.0000D+00   0.0000D+00   0.0000D+00
  -0.1315D-04   0.4523D-06  -0.5531D-05   0.3138D-06   0.6308D-07  -0.1353D-06  -0.2090D-05   0.1092D-06  -0.1315D-04   0.4523D-06  -0.5531D-05   0.3138D-06
   0.1489D-03  -0.8715D-05   0.1823D-04  -0.2152D-05   0.8224D-04  -0.1050D-04   0.1693D-04   0.0000D+00   0.4055D-05   0.3490D-06  -0.5017D-06   0.1142D-05   0.1489D-03  -0.8715D-05   0.1823D-04  -0.2152D-05   0.8224D-04  -0.1050D-04
  -0.9751D-06  -0.2111D-05  -0.5803D-06  -0.1146D-05  -0.9751D-06  -0.2111D-05  -0.5803D-06  -0.1146D-05
  1.000  0.500
  -0.1046D-04   0.0000D+00  -0.4459D-05   0.0000D+00   0.0000D+00   0.0000D+00  -0.1748D-05   0.0000D+00  -0.1046D-04   0.0000D+00  -0.4459D-05   0.0000D+00
   0.1380D-03   0.0000D+00   0.1724D-04   0.0000D+00   0.8049D-04   0.0000D+00   0.1449D-04   0.0000D+00   0.3220D-05   0.0000D+00   0.0000D+00   0.0000D+00   0.1380D-03   0.0000D+00   0.1724D-04   0.0000D+00   0.8049D-04   0.0000D+00
   0.0000D+00   0.0000D+00   0.0000D+00   0.0000D+00   0.0000D+00   0.0000D+00   0.0000D+00   0.0000D+00
  -0.1309D-04   0.4663D-06  -0.5501D-05   0.3240D-06   0.6375D-07  -0.1397D-06  -0.2074D-05   0.1126D-06  -0.1309D-04   0.4663D-06  -0.5501D-05   0.3240D-06
   0.1473D-03  -0.7858D-05   0.1805D-04  -0.1938D-05   0.8174D-04  -0.9452D-05   0.1663D-04   0.0000D+00   0.3957D-05   0.3144D-06  -0.4403D-06   0.1029D-05   0.1473D-03  -0.7858D-05   0.1805D-04  -0.1938D-05   0.8174D-04  -0.9452D-05
  -0.8794D-06  -0.1901D-05  -0.5225D-06  -0.1032D-05  -0.8794D-06  -0.1901D-05  -0.5225D-06  -0.1032D-05
  1.000  1.000
  -0.9752D-05   0.0000D+00  -0.4155D-05   0.0000D+00   0.0000D+00   0.0000D+00  -0.1629D-05   0.0000D+00  -0.9752D-05   0.0000D+00  -0.4155D-05   0.0000D+00
   0.1380D-03   0.0000D+00   0.1724D-04   0.0000D+00   0.8049D-04   0.0000D+00   0.1449D-04   0.0000D+00   0.3220D-05   0.0000D+00   0.0000D+00   0.0000D+00   0.1380D-03   0.0000D+00   0.1724D-04   0.0000D+00   0.8049D-04   0.0000D+00
   0.0000D+00   0.0000D+00   0.0000D+00   0.0000D+00   0.0000D+00   0.0000D+00   0.0000D+00   0.0000D+00
  -0.1268D-04   0.4050D-06  -0.5334D-05   0.2814D-06   0.5537D-07  -0.1213D-06  -0.2019D-05   0.9779D-07  -0.1268D-04   0.4050D-06  -0.5334D-05   0.2814D-06
   0.1467D-03  -0.7323D-05   0.1800D-04  -0.1806D-05   0.8166D-04  -0.8809D-05   0.1648D-04   0.0000D+00   0.3907D-05   0.2930D-06  -0.4104D-06   0.9588D-06   0.1467D-03  -0.7323D-05   0.1800D-04  -0.1806D-05   0.8166D-04  -0.8809D-05
  -0.8195D-06  -0.1772D-05  -0.4870D-06  -0.9622D-06  -0.8195D-06  -0.1772D-05  -0.4870D-06  -0.9622D-06
  1.000  2.000
  -0.9132D-05   0.0000D+00  -0.3891D-05   0.0000D+00   0.0000D+00   0.0000D+00  -0.1526D-05   0.0000D+00  -0.9132D-05   0.0000D+00  -0.3891D-05   0.0000D+00
   0.1380D-03   0.0000D+00   0.1724D-04   0.0000D+00   0.8049D-04   0.0000D+00   0.1449D-04   0.0000D+00   0.3220D-05   0.0000D+00   0.0000D+00   0.0000D+00   0.1380D-03   0.0000D+00   0.1724D-04   0.0000D+00   0.8049D-04   0.0000D+00
   0.0000D+00   0.0000D+00   0.0000D+00   0.0000D+00   0.0000D+00   0.0000D+00   0.0000D+00   0.0000D+00
  -0.1226D-04   0.3551D-06  -0.5165D-05   0.2468D-06   0.4856D-07  -0.1064D-06  -0.1962D-05   0.8575D-07  -0.1226D-04   0.3551D-06  -0.5165D-05   0.2468D-06
   0.1461D-03  -0.6857D-05   0.1795D-04  -0.1692D-05   0.8159D-04  -0.8249D-05   0.1635D-04   0.0000D+00   0.3863D-05   0.2743D-06  -0.3843D-06   0.8978D-06   0.1461D-03  -0.6857D-05   0.1795D-04  -0.1692D-05   0.8159D-04  -0.8249D-05
  -0.7674D-06  -0.1659D-05  -0.4560D-06  -0.9010D-06  -0.7674D-06  -0.1659D-05  -0.4560D-06  -0.9010D-06
  2.000  0.500
  -0.8366D-05   0.0000D+00  -0.3559D-05   0.0000D+00   0.0000D+00   0.0000D+00  -0.1396D-05   0.0000D+00  -0.8366D-05   0.0000D+00  -0.3559D-05   0.0000D+00
   0.1101D-03   0.0000D+00   0.1376D-04   0.0000D+00   0.6427D-04   0.0000D+00   0.1157D-04   0.0000D+00   0.2571D-05   0.0000D+00   0.0000D+00   0.0000D+00   0.1101D-03   0.0000D+00   0.1376D-04   0.0000D+00   0.6427D-04   0.0000D+00
   0.0000D+00   0.0000D+00   0.0000D+00   0.0000D+00   0.0000D+00   0.0000D+00   0.0000D+00   0.0000D+00
  -0.1249D-04   0.3721D-06  -0.5255D-05   0.2588D-06   0.5150D-07  -0.1115D-06  -0.1995D-05   0.8983D-07  -0.1249D-04   0.3721D-06  -0.5255D-05   0.2588D-06
   0.1443D-03  -0.6275D-05   0.1775D-04  -0.1548D-05   0.8080D-04  -0.7549D-05   0.1608D-04   0.0000D+00   0.3782D-05   0.2509D-06  -0.3480D-06   0.8212D-06   0.1443D-03  -0.6275D-05   0.1775D-04  -0.1548D-05   0.8080D-04  -0.7549D-05
  -0.7029D-06  -0.1517D-05  -0.4171D-06  -0.8234D-06  -0.7029D-06  -0.1517D-05  -0.4171D-06  -0.8234D-06
  2.000  1.000
  -0.7797D-05   0.0000D+00  -0.3316D-05   0.0000D+00   0.0000D+00   0.0000D+00  -0.1301D-05   0.0000D+00  -0.7797D-05   0.0000D+00  -0.3316D-05   0.0000D+00
   0.1101D-03   0.0000D+00   0.1376D-04   0.0000D+00   0.6427D-04   0.0000D+00   0.1157D-04   0.0000D+00   0.2571D-05   0.0000D+00   0.0000D+00   0.0000D+00   0.1101D-03   0.0000D+00   0.1376D-04   0.0000D+00   0.6427D-04   0.0000D+00
   0.0000D+00   0.0000D+00   0.0000D+00   0.0000D+00   0.0000D+00   0.0000D+00   0.0000D+00   0.0000D+00
  -0.1189D-04   0.3232D-06  -0.5008D-05   0.2248D-06   0.4473D-07  -0.9685D-07  -0.1907D-05   0.7802D-07  -0.1189D-04   0.3232D-06  -0.5008D-05   0.2248D-06
   0.1420D-03  -0.5847D-05   0.1748D-04  -0.1443D-05   0.7968D-04  -0.7035D-05   0.1577D-04   0.0000D+00   0.3700D-05   0.2338D-06  -0.3243D-06   0.7653D-06   0.1420D-03  -0.5847D-05   0.1748D-04  -0.1443D-05   0.7968D-04  -0.7035D-05
  -0.6550D-06  -0.1414D-05  -0.3887D-06  -0.7674D-06  -0.6550D-06  -0.1414D-05  -0.3887D-06  -0.7674D-06
  2.000  2.000
  -0.7301D-05   0.0000D+00  -0.3105D-05   0.0000D+00   0.0000D+00   0.0000D+00  -0.1218D-05   0.0000D+00  -0.7301D-05   0.0000D+00  -0.3105D-05   0.0000D+00
   0.1101D-03   0.0000D+00   0.1376D-04   0.0000D+00   0.6427D-04   0.0000D+00   0.1157D-04   0.0000D+00   0.2571D-05   0.0000D+00   0.0000D+00   0.0000D+00   0.1101D-03   0.0000D+00   0.1376D-04   0.0000D+00   0.6427D-04   0.0000D+00
   0.0000D+00   0.0000D+00   0.0000D+00   0.0000D+00   0.0000D+00   0.0000D+00   0.0000D+00   0.0000D+00
  -0.1134D-04   0.2834D-06  -0.4781D-05   0.1971D-06   0.3923D-07  -0.8492D-07  -0.1825D-05   0.6841D-07  -0.1134D-04   0.2834D-06  -0.4781D-05   0.1971D-06
   0.1400D-03  -0.5476D-05   0.1724D-04  -0.1351D-05   0.7870D-04  -0.6588D-05   0.1550D-04   0.0000D+00   0.3628D-05   0.2190D-06  -0.3037D-06   0.7167D-06   0.1400D-03  -0.5476D-05   0.1724D-04  -0.1351D-05   0.7870D-04  -0.6588D-05
  -0.6134D-06  -0.1324D-05  -0.3640D-06  -0.7186D-06  -0.6134D-06  -0.1324D-05  -0.3640D-06  -0.7186D-06
