 LHC=           1 sqrts=   8000.0000000000000      ang=           4 mode=fital                                                                                               scalescheme=           1 R=  0.69999999999999996     
 CT10nlo_rand5678                                                                                              82
 Bin information: chid, chiu, md, mu, mu0
   0.0000000000000000       0.50000000000000000        1172.0000000000000        1248.0000000000000        1210.0000000000000     
 9 scales(muf, mur)*(LO(38), NLO(38))
  0.500  0.500
  -0.6425D-01   0.0000D+00  -0.4694D-01   0.0000D+00   0.0000D+00   0.0000D+00  -0.2261D-01   0.0000D+00  -0.6425D-01   0.0000D+00  -0.4694D-01   0.0000D+00
   0.2063D+00   0.0000D+00   0.3200D-01   0.0000D+00   0.8334D-01   0.0000D+00   0.3427D-01   0.0000D+00   0.7614D-02   0.0000D+00   0.0000D+00   0.0000D+00   0.2063D+00   0.0000D+00   0.3200D-01   0.0000D+00   0.8334D-01   0.0000D+00
   0.0000D+00   0.0000D+00   0.0000D+00   0.0000D+00   0.0000D+00   0.0000D+00   0.0000D+00   0.0000D+00
  -0.5232D-01   0.5472D-02  -0.4146D-01   0.3046D-02   0.2855D-02  -0.1985D-02  -0.1981D-01   0.1075D-02  -0.5232D-01   0.5472D-02  -0.4146D-01   0.3046D-02
   0.1541D+00  -0.8937D-02   0.2469D-01  -0.2665D-02   0.4604D-01  -0.1626D-01   0.2865D-01   0.0000D+00   0.7093D-02   0.8171D-03  -0.1584D-02   0.2674D-02   0.1541D+00  -0.8937D-02   0.2469D-01  -0.2665D-02   0.4604D-01  -0.1626D-01
  -0.9243D-03  -0.2324D-02  -0.1054D-02  -0.2252D-02  -0.9243D-03  -0.2324D-02  -0.1054D-02  -0.2252D-02
  0.500  1.000
  -0.5946D-01   0.0000D+00  -0.4344D-01   0.0000D+00   0.0000D+00   0.0000D+00  -0.2093D-01   0.0000D+00  -0.5946D-01   0.0000D+00  -0.4344D-01   0.0000D+00
   0.2063D+00   0.0000D+00   0.3200D-01   0.0000D+00   0.8334D-01   0.0000D+00   0.3427D-01   0.0000D+00   0.7614D-02   0.0000D+00   0.0000D+00   0.0000D+00   0.2063D+00   0.0000D+00   0.3200D-01   0.0000D+00   0.8334D-01   0.0000D+00
   0.0000D+00   0.0000D+00   0.0000D+00   0.0000D+00   0.0000D+00   0.0000D+00   0.0000D+00   0.0000D+00
  -0.5353D-01   0.4687D-02  -0.4188D-01   0.2609D-02   0.2446D-02  -0.1700D-02  -0.2004D-01   0.9208D-03  -0.5353D-01   0.4687D-02  -0.4188D-01   0.2609D-02
   0.1580D+00  -0.8271D-02   0.2524D-01  -0.2467D-02   0.4883D-01  -0.1505D-01   0.2907D-01   0.0000D+00   0.7133D-02   0.7562D-03  -0.1466D-02   0.2475D-02   0.1580D+00  -0.8271D-02   0.2524D-01  -0.2467D-02   0.4883D-01  -0.1505D-01
  -0.8554D-03  -0.2151D-02  -0.9754D-03  -0.2085D-02  -0.8554D-03  -0.2151D-02  -0.9754D-03  -0.2085D-02
  0.500  2.000
  -0.5534D-01   0.0000D+00  -0.4043D-01   0.0000D+00   0.0000D+00   0.0000D+00  -0.1948D-01   0.0000D+00  -0.5534D-01   0.0000D+00  -0.4043D-01   0.0000D+00
   0.2063D+00   0.0000D+00   0.3200D-01   0.0000D+00   0.8334D-01   0.0000D+00   0.3427D-01   0.0000D+00   0.7614D-02   0.0000D+00   0.0000D+00   0.0000D+00   0.2063D+00   0.0000D+00   0.3200D-01   0.0000D+00   0.8334D-01   0.0000D+00
   0.0000D+00   0.0000D+00   0.0000D+00   0.0000D+00   0.0000D+00   0.0000D+00   0.0000D+00   0.0000D+00
  -0.5392D-01   0.4061D-02  -0.4180D-01   0.2260D-02   0.2119D-02  -0.1473D-02  -0.2002D-01   0.7978D-03  -0.5392D-01   0.4061D-02  -0.4180D-01   0.2260D-02
   0.1613D+00  -0.7699D-02   0.2571D-01  -0.2296D-02   0.5122D-01  -0.1401D-01   0.2944D-01   0.0000D+00   0.7167D-02   0.7039D-03  -0.1365D-02   0.2304D-02   0.1613D+00  -0.7699D-02   0.2571D-01  -0.2296D-02   0.5122D-01  -0.1401D-01
  -0.7962D-03  -0.2002D-02  -0.9079D-03  -0.1940D-02  -0.7962D-03  -0.2002D-02  -0.9079D-03  -0.1940D-02
  1.000  0.500
  -0.5667D-01   0.0000D+00  -0.4138D-01   0.0000D+00   0.0000D+00   0.0000D+00  -0.1985D-01   0.0000D+00  -0.5667D-01   0.0000D+00  -0.4138D-01   0.0000D+00
   0.1818D+00   0.0000D+00   0.2820D-01   0.0000D+00   0.7341D-01   0.0000D+00   0.3008D-01   0.0000D+00   0.6684D-02   0.0000D+00   0.0000D+00   0.0000D+00   0.1818D+00   0.0000D+00   0.2820D-01   0.0000D+00   0.7341D-01   0.0000D+00
   0.0000D+00   0.0000D+00   0.0000D+00   0.0000D+00   0.0000D+00   0.0000D+00   0.0000D+00   0.0000D+00
  -0.5335D-01   0.4821D-02  -0.4176D-01   0.2682D-02   0.2488D-02  -0.1742D-02  -0.1997D-01   0.9501D-03  -0.5335D-01   0.4821D-02  -0.4176D-01   0.2682D-02
   0.1586D+00  -0.7876D-02   0.2537D-01  -0.2348D-02   0.4978D-01  -0.1433D-01   0.2905D-01   0.0000D+00   0.7099D-02   0.7171D-03  -0.1374D-02   0.2347D-02   0.1586D+00  -0.7876D-02   0.2537D-01  -0.2348D-02   0.4978D-01  -0.1433D-01
  -0.8162D-03  -0.2042D-02  -0.9283D-03  -0.1982D-02  -0.8162D-03  -0.2042D-02  -0.9283D-03  -0.1982D-02
  1.000  1.000
  -0.5244D-01   0.0000D+00  -0.3830D-01   0.0000D+00   0.0000D+00   0.0000D+00  -0.1837D-01   0.0000D+00  -0.5244D-01   0.0000D+00  -0.3830D-01   0.0000D+00
   0.1818D+00   0.0000D+00   0.2820D-01   0.0000D+00   0.7341D-01   0.0000D+00   0.3008D-01   0.0000D+00   0.6684D-02   0.0000D+00   0.0000D+00   0.0000D+00   0.1818D+00   0.0000D+00   0.2820D-01   0.0000D+00   0.7341D-01   0.0000D+00
   0.0000D+00   0.0000D+00   0.0000D+00   0.0000D+00   0.0000D+00   0.0000D+00   0.0000D+00   0.0000D+00
  -0.5338D-01   0.4129D-02  -0.4138D-01   0.2297D-02   0.2132D-02  -0.1492D-02  -0.1980D-01   0.8137D-03  -0.5338D-01   0.4129D-02  -0.4138D-01   0.2297D-02
   0.1604D+00  -0.7289D-02   0.2558D-01  -0.2173D-02   0.5155D-01  -0.1326D-01   0.2913D-01   0.0000D+00   0.7069D-02   0.6637D-03  -0.1272D-02   0.2172D-02   0.1604D+00  -0.7289D-02   0.2558D-01  -0.2173D-02   0.5155D-01  -0.1326D-01
  -0.7554D-03  -0.1890D-02  -0.8591D-03  -0.1834D-02  -0.7554D-03  -0.1890D-02  -0.8591D-03  -0.1834D-02
  1.000  2.000
  -0.4882D-01   0.0000D+00  -0.3565D-01   0.0000D+00   0.0000D+00   0.0000D+00  -0.1710D-01   0.0000D+00  -0.4882D-01   0.0000D+00  -0.3565D-01   0.0000D+00
   0.1818D+00   0.0000D+00   0.2820D-01   0.0000D+00   0.7341D-01   0.0000D+00   0.3008D-01   0.0000D+00   0.6684D-02   0.0000D+00   0.0000D+00   0.0000D+00   0.1818D+00   0.0000D+00   0.2820D-01   0.0000D+00   0.7341D-01   0.0000D+00
   0.0000D+00   0.0000D+00   0.0000D+00   0.0000D+00   0.0000D+00   0.0000D+00   0.0000D+00   0.0000D+00
  -0.5291D-01   0.3578D-02  -0.4071D-01   0.1990D-02   0.1847D-02  -0.1293D-02  -0.1948D-01   0.7050D-03  -0.5291D-01   0.3578D-02  -0.4071D-01   0.1990D-02
   0.1619D+00  -0.6785D-02   0.2577D-01  -0.2023D-02   0.5307D-01  -0.1234D-01   0.2919D-01   0.0000D+00   0.7043D-02   0.6178D-03  -0.1184D-02   0.2022D-02   0.1619D+00  -0.6785D-02   0.2577D-01  -0.2023D-02   0.5307D-01  -0.1234D-01
  -0.7031D-03  -0.1759D-02  -0.7996D-03  -0.1707D-02  -0.7031D-03  -0.1759D-02  -0.7996D-03  -0.1707D-02
  2.000  0.500
  -0.5032D-01   0.0000D+00  -0.3675D-01   0.0000D+00   0.0000D+00   0.0000D+00  -0.1758D-01   0.0000D+00  -0.5032D-01   0.0000D+00  -0.3675D-01   0.0000D+00
   0.1614D+00   0.0000D+00   0.2501D-01   0.0000D+00   0.6525D-01   0.0000D+00   0.2665D-01   0.0000D+00   0.5922D-02   0.0000D+00   0.0000D+00   0.0000D+00   0.1614D+00   0.0000D+00   0.2501D-01   0.0000D+00   0.6525D-01   0.0000D+00
   0.0000D+00   0.0000D+00   0.0000D+00   0.0000D+00   0.0000D+00   0.0000D+00   0.0000D+00   0.0000D+00
  -0.5385D-01   0.4291D-02  -0.4180D-01   0.2378D-02   0.2169D-02  -0.1544D-02  -0.1996D-01   0.8460D-03  -0.5385D-01   0.4291D-02  -0.4180D-01   0.2378D-02
   0.1617D+00  -0.7001D-02   0.2572D-01  -0.2084D-02   0.5272D-01  -0.1271D-01   0.2919D-01   0.0000D+00   0.7068D-02   0.6353D-03  -0.1205D-02   0.2079D-02   0.1617D+00  -0.7001D-02   0.2572D-01  -0.2084D-02   0.5272D-01  -0.1271D-01
  -0.7251D-03  -0.1819D-02  -0.8221D-03  -0.1758D-02  -0.7251D-03  -0.1819D-02  -0.8221D-03  -0.1758D-02
  2.000  1.000
  -0.4657D-01   0.0000D+00  -0.3401D-01   0.0000D+00   0.0000D+00   0.0000D+00  -0.1627D-01   0.0000D+00  -0.4657D-01   0.0000D+00  -0.3401D-01   0.0000D+00
   0.1614D+00   0.0000D+00   0.2501D-01   0.0000D+00   0.6525D-01   0.0000D+00   0.2665D-01   0.0000D+00   0.5922D-02   0.0000D+00   0.0000D+00   0.0000D+00   0.1614D+00   0.0000D+00   0.2501D-01   0.0000D+00   0.6525D-01   0.0000D+00
   0.0000D+00   0.0000D+00   0.0000D+00   0.0000D+00   0.0000D+00   0.0000D+00   0.0000D+00   0.0000D+00
  -0.5295D-01   0.3675D-02  -0.4079D-01   0.2037D-02   0.1858D-02  -0.1323D-02  -0.1948D-01   0.7246D-03  -0.5295D-01   0.3675D-02  -0.4079D-01   0.2037D-02
   0.1617D+00  -0.6480D-02   0.2567D-01  -0.1929D-02   0.5366D-01  -0.1177D-01   0.2900D-01   0.0000D+00   0.6984D-02   0.5880D-03  -0.1115D-02   0.1924D-02   0.1617D+00  -0.6480D-02   0.2567D-01  -0.1929D-02   0.5366D-01  -0.1177D-01
  -0.6710D-03  -0.1683D-02  -0.7608D-03  -0.1627D-02  -0.6710D-03  -0.1683D-02  -0.7608D-03  -0.1627D-02
  2.000  2.000
  -0.4335D-01   0.0000D+00  -0.3166D-01   0.0000D+00   0.0000D+00   0.0000D+00  -0.1515D-01   0.0000D+00  -0.4335D-01   0.0000D+00  -0.3166D-01   0.0000D+00
   0.1614D+00   0.0000D+00   0.2501D-01   0.0000D+00   0.6525D-01   0.0000D+00   0.2665D-01   0.0000D+00   0.5922D-02   0.0000D+00   0.0000D+00   0.0000D+00   0.1614D+00   0.0000D+00   0.2501D-01   0.0000D+00   0.6525D-01   0.0000D+00
   0.0000D+00   0.0000D+00   0.0000D+00   0.0000D+00   0.0000D+00   0.0000D+00   0.0000D+00   0.0000D+00
  -0.5179D-01   0.3184D-02  -0.3966D-01   0.1765D-02   0.1610D-02  -0.1146D-02  -0.1894D-01   0.6278D-03  -0.5179D-01   0.3184D-02  -0.3966D-01   0.1765D-02
   0.1617D+00  -0.6031D-02   0.2563D-01  -0.1796D-02   0.5447D-01  -0.1095D-01   0.2884D-01   0.0000D+00   0.6911D-02   0.5473D-03  -0.1038D-02   0.1791D-02   0.1617D+00  -0.6031D-02   0.2563D-01  -0.1796D-02   0.5447D-01  -0.1095D-01
  -0.6246D-03  -0.1567D-02  -0.7082D-03  -0.1515D-02  -0.6246D-03  -0.1567D-02  -0.7082D-03  -0.1515D-02
