 LHC=           1 sqrts=   8000.0000000000000      ang=           4 mode=fital                                                                                               scalescheme=           1 R=  0.69999999999999996     
 CT10nlo_rand5678                                                                                             270
 Bin information: chid, chiu, md, mu, mu0
   0.0000000000000000       0.50000000000000000        56.000000000000000        64.000000000000000        60.000000000000000     
 9 scales(muf, mur)*(LO(38), NLO(38))
  0.500  0.500
  -0.1796D+02   0.0000D+00  -0.3289D+02   0.0000D+00   0.0000D+00   0.0000D+00  -0.3485D+02   0.0000D+00  -0.1796D+02   0.0000D+00  -0.3289D+02   0.0000D+00
   0.2066D+00   0.0000D+00   0.3990D-01   0.0000D+00   0.4320D-01   0.0000D+00   0.9721D-01   0.0000D+00   0.2160D-01   0.0000D+00   0.0000D+00   0.0000D+00   0.2066D+00   0.0000D+00   0.3990D-01   0.0000D+00   0.4320D-01   0.0000D+00
   0.0000D+00   0.0000D+00   0.0000D+00   0.0000D+00   0.0000D+00   0.0000D+00   0.0000D+00   0.0000D+00
  -0.1228D+02   0.6487D+01  -0.2595D+02   0.3884D+01   0.3353D+01  -0.4796D+01  -0.3126D+02  -0.4483D+00  -0.1228D+02   0.6487D+01  -0.2595D+02   0.3884D+01
   0.6123D+00  -0.7203D-02   0.1162D+00  -0.3348D-02   0.9994D-01  -0.2732D-01   0.2465D+00   0.0000D+00   0.6742D-01   0.3501D-02   0.9180D-02   0.1146D-01   0.6123D+00  -0.7203D-02   0.1162D+00  -0.3348D-02   0.9994D-01  -0.2732D-01
  -0.1178D-03  -0.2323D-02  -0.1638D-02  -0.6033D-02  -0.1178D-03  -0.2323D-02  -0.1638D-02  -0.6033D-02
  0.500  1.000
  -0.1594D+02   0.0000D+00  -0.2920D+02   0.0000D+00   0.0000D+00   0.0000D+00  -0.3094D+02   0.0000D+00  -0.1594D+02   0.0000D+00  -0.2920D+02   0.0000D+00
   0.2066D+00   0.0000D+00   0.3990D-01   0.0000D+00   0.4320D-01   0.0000D+00   0.9721D-01   0.0000D+00   0.2160D-01   0.0000D+00   0.0000D+00   0.0000D+00   0.2066D+00   0.0000D+00   0.3990D-01   0.0000D+00   0.4320D-01   0.0000D+00
   0.0000D+00   0.0000D+00   0.0000D+00   0.0000D+00   0.0000D+00   0.0000D+00   0.0000D+00   0.0000D+00
  -0.1320D+02   0.5113D+01  -0.2690D+02   0.3061D+01   0.2641D+01  -0.3780D+01  -0.3146D+02  -0.3533D+00  -0.1320D+02   0.5113D+01  -0.2690D+02   0.3061D+01
   0.5769D+00  -0.6396D-02   0.1093D+00  -0.2973D-02   0.9660D-01  -0.2425D-01   0.2322D+00   0.0000D+00   0.6302D-01   0.3109D-02   0.8248D-02   0.1017D-01   0.5769D+00  -0.6396D-02   0.1093D+00  -0.2973D-02   0.9660D-01  -0.2425D-01
  -0.1045D-03  -0.2062D-02  -0.1454D-02  -0.5356D-02  -0.1045D-03  -0.2062D-02  -0.1454D-02  -0.5356D-02
  0.500  2.000
  -0.1434D+02   0.0000D+00  -0.2626D+02   0.0000D+00   0.0000D+00   0.0000D+00  -0.2782D+02   0.0000D+00  -0.1434D+02   0.0000D+00  -0.2626D+02   0.0000D+00
   0.2066D+00   0.0000D+00   0.3990D-01   0.0000D+00   0.4320D-01   0.0000D+00   0.9721D-01   0.0000D+00   0.2160D-01   0.0000D+00   0.0000D+00   0.0000D+00   0.2066D+00   0.0000D+00   0.3990D-01   0.0000D+00   0.4320D-01   0.0000D+00
   0.0000D+00   0.0000D+00   0.0000D+00   0.0000D+00   0.0000D+00   0.0000D+00   0.0000D+00   0.0000D+00
  -0.1352D+02   0.4135D+01  -0.2695D+02   0.2476D+01   0.2134D+01  -0.3057D+01  -0.3095D+02  -0.2858D+00  -0.1352D+02   0.4135D+01  -0.2695D+02   0.2476D+01
   0.5424D+00  -0.5752D-02   0.1028D+00  -0.2673D-02   0.9184D-01  -0.2181D-01   0.2195D+00   0.0000D+00   0.5912D-01   0.2796D-02   0.7481D-02   0.9150D-02   0.5424D+00  -0.5752D-02   0.1028D+00  -0.2673D-02   0.9184D-01  -0.2181D-01
  -0.9393D-04  -0.1855D-02  -0.1308D-02  -0.4817D-02  -0.9393D-04  -0.1855D-02  -0.1308D-02  -0.4817D-02
  1.000  0.500
  -0.1944D+02   0.0000D+00  -0.3613D+02   0.0000D+00   0.0000D+00   0.0000D+00  -0.3909D+02   0.0000D+00  -0.1944D+02   0.0000D+00  -0.3613D+02   0.0000D+00
   0.2295D+00   0.0000D+00   0.4414D-01   0.0000D+00   0.4614D-01   0.0000D+00   0.1040D+00   0.0000D+00   0.2311D-01   0.0000D+00   0.0000D+00   0.0000D+00   0.2295D+00   0.0000D+00   0.4414D-01   0.0000D+00   0.4614D-01   0.0000D+00
   0.0000D+00   0.0000D+00   0.0000D+00   0.0000D+00   0.0000D+00   0.0000D+00   0.0000D+00   0.0000D+00
  -0.1124D+02   0.7043D+01  -0.2570D+02   0.4351D+01   0.3227D+01  -0.5400D+01  -0.3146D+02  -0.5161D+00  -0.1124D+02   0.7043D+01  -0.2570D+02   0.4351D+01
   0.5960D+00  -0.7470D-02   0.1121D+00  -0.3591D-02   0.9460D-01  -0.3098D-01   0.2401D+00   0.0000D+00   0.6501D-01   0.3880D-02   0.8794D-02   0.1270D-01   0.5960D+00  -0.7470D-02   0.1121D+00  -0.3591D-02   0.9460D-01  -0.3098D-01
  -0.1312D-03  -0.3359D-02  -0.1895D-02  -0.6643D-02  -0.1312D-03  -0.3359D-02  -0.1895D-02  -0.6643D-02
  1.000  1.000
  -0.1726D+02   0.0000D+00  -0.3208D+02   0.0000D+00   0.0000D+00   0.0000D+00  -0.3470D+02   0.0000D+00  -0.1726D+02   0.0000D+00  -0.3208D+02   0.0000D+00
   0.2295D+00   0.0000D+00   0.4414D-01   0.0000D+00   0.4614D-01   0.0000D+00   0.1040D+00   0.0000D+00   0.2311D-01   0.0000D+00   0.0000D+00   0.0000D+00   0.2295D+00   0.0000D+00   0.4414D-01   0.0000D+00   0.4614D-01   0.0000D+00
   0.0000D+00   0.0000D+00   0.0000D+00   0.0000D+00   0.0000D+00   0.0000D+00   0.0000D+00   0.0000D+00
  -0.1261D+02   0.5551D+01  -0.2728D+02   0.3430D+01   0.2541D+01  -0.4257D+01  -0.3241D+02  -0.4068D+00  -0.1261D+02   0.5551D+01  -0.2728D+02   0.3430D+01
   0.5309D+00  -0.6632D-02   0.1003D+00  -0.3188D-02   0.8124D-01  -0.2750D-01   0.2198D+00   0.0000D+00   0.5873D-01   0.3445D-02   0.7697D-02   0.1127D-01   0.5309D+00  -0.6632D-02   0.1003D+00  -0.3188D-02   0.8124D-01  -0.2750D-01
  -0.1164D-03  -0.2983D-02  -0.1682D-02  -0.5898D-02  -0.1164D-03  -0.2983D-02  -0.1682D-02  -0.5898D-02
  1.000  2.000
  -0.1552D+02   0.0000D+00  -0.2885D+02   0.0000D+00   0.0000D+00   0.0000D+00  -0.3121D+02   0.0000D+00  -0.1552D+02   0.0000D+00  -0.2885D+02   0.0000D+00
   0.2295D+00   0.0000D+00   0.4414D-01   0.0000D+00   0.4614D-01   0.0000D+00   0.1040D+00   0.0000D+00   0.2311D-01   0.0000D+00   0.0000D+00   0.0000D+00   0.2295D+00   0.0000D+00   0.4414D-01   0.0000D+00   0.4614D-01   0.0000D+00
   0.0000D+00   0.0000D+00   0.0000D+00   0.0000D+00   0.0000D+00   0.0000D+00   0.0000D+00   0.0000D+00
  -0.1332D+02   0.4490D+01  -0.2782D+02   0.2774D+01   0.2053D+01  -0.3443D+01  -0.3243D+02  -0.3290D+00  -0.1332D+02   0.4490D+01  -0.2782D+02   0.2774D+01
   0.5326D+00  -0.5965D-02   0.1002D+00  -0.2868D-02   0.8753D-01  -0.2474D-01   0.2158D+00   0.0000D+00   0.5746D-01   0.3098D-02   0.7202D-02   0.1014D-01   0.5326D+00  -0.5965D-02   0.1002D+00  -0.2868D-02   0.8753D-01  -0.2474D-01
  -0.1047D-03  -0.2683D-02  -0.1513D-02  -0.5305D-02  -0.1047D-03  -0.2683D-02  -0.1513D-02  -0.5305D-02
  2.000  0.500
  -0.2090D+02   0.0000D+00  -0.3825D+02   0.0000D+00   0.0000D+00   0.0000D+00  -0.4158D+02   0.0000D+00  -0.2090D+02   0.0000D+00  -0.3825D+02   0.0000D+00
   0.2336D+00   0.0000D+00   0.4773D-01   0.0000D+00   0.4935D-01   0.0000D+00   0.1155D+00   0.0000D+00   0.2568D-01   0.0000D+00   0.0000D+00   0.0000D+00   0.2336D+00   0.0000D+00   0.4773D-01   0.0000D+00   0.4935D-01   0.0000D+00
   0.0000D+00   0.0000D+00   0.0000D+00   0.0000D+00   0.0000D+00   0.0000D+00   0.0000D+00   0.0000D+00
  -0.1067D+02   0.7763D+01  -0.2400D+02   0.4719D+01   0.3500D+01  -0.5344D+01  -0.3037D+02  -0.5519D+00  -0.1067D+02   0.7763D+01  -0.2400D+02   0.4719D+01
   0.6137D+00  -0.8047D-02   0.1218D+00  -0.3551D-02   0.9774D-01  -0.3018D-01   0.2524D+00   0.0000D+00   0.6833D-01   0.4302D-02   0.8630D-02   0.1408D-01   0.6137D+00  -0.8047D-02   0.1218D+00  -0.3551D-02   0.9774D-01  -0.3018D-01
  -0.1552D-03  -0.3115D-02  -0.2111D-02  -0.7442D-02  -0.1552D-03  -0.3115D-02  -0.2111D-02  -0.7442D-02
  2.000  1.000
  -0.1856D+02   0.0000D+00  -0.3396D+02   0.0000D+00   0.0000D+00   0.0000D+00  -0.3691D+02   0.0000D+00  -0.1856D+02   0.0000D+00  -0.3396D+02   0.0000D+00
   0.2336D+00   0.0000D+00   0.4773D-01   0.0000D+00   0.4935D-01   0.0000D+00   0.1155D+00   0.0000D+00   0.2568D-01   0.0000D+00   0.0000D+00   0.0000D+00   0.2336D+00   0.0000D+00   0.4773D-01   0.0000D+00   0.4935D-01   0.0000D+00
   0.0000D+00   0.0000D+00   0.0000D+00   0.0000D+00   0.0000D+00   0.0000D+00   0.0000D+00   0.0000D+00
  -0.1234D+02   0.6119D+01  -0.2622D+02   0.3719D+01   0.2758D+01  -0.4212D+01  -0.3189D+02  -0.4350D+00  -0.1234D+02   0.6119D+01  -0.2622D+02   0.3719D+01
   0.5168D+00  -0.7145D-02   0.1041D+00  -0.3152D-02   0.7755D-01  -0.2680D-01   0.2242D+00   0.0000D+00   0.5952D-01   0.3820D-02   0.6996D-02   0.1250D-01   0.5168D+00  -0.7145D-02   0.1041D+00  -0.3152D-02   0.7755D-01  -0.2680D-01
  -0.1377D-03  -0.2765D-02  -0.1874D-02  -0.6607D-02  -0.1377D-03  -0.2765D-02  -0.1874D-02  -0.6607D-02
  2.000  2.000
  -0.1669D+02   0.0000D+00  -0.3054D+02   0.0000D+00   0.0000D+00   0.0000D+00  -0.3320D+02   0.0000D+00  -0.1669D+02   0.0000D+00  -0.3054D+02   0.0000D+00
   0.2336D+00   0.0000D+00   0.4773D-01   0.0000D+00   0.4935D-01   0.0000D+00   0.1155D+00   0.0000D+00   0.2568D-01   0.0000D+00   0.0000D+00   0.0000D+00   0.2336D+00   0.0000D+00   0.4773D-01   0.0000D+00   0.4935D-01   0.0000D+00
   0.0000D+00   0.0000D+00   0.0000D+00   0.0000D+00   0.0000D+00   0.0000D+00   0.0000D+00   0.0000D+00
  -0.1307D+02   0.4949D+01  -0.2701D+02   0.3008D+01   0.2232D+01  -0.3407D+01  -0.3213D+02  -0.3519D+00  -0.1307D+02   0.4949D+01  -0.2701D+02   0.3008D+01
   0.4016D+00  -0.6426D-02   0.8342D-01  -0.2835D-02   0.5070D-01  -0.2410D-01   0.1932D+00   0.0000D+00   0.4981D-01   0.3435D-02   0.5316D-02   0.1124D-01   0.4016D+00  -0.6426D-02   0.8342D-01  -0.2835D-02   0.5070D-01  -0.2410D-01
  -0.1238D-03  -0.2487D-02  -0.1685D-02  -0.5943D-02  -0.1238D-03  -0.2487D-02  -0.1685D-02  -0.5943D-02
