 LHC=           1 sqrts=   8000.0000000000000      ang=           4 mode=fital                                                                                               scalescheme=           1 R=  0.69999999999999996     
 CT10nlo_rand5678                                                                                             270
 Bin information: chid, chiu, md, mu, mu0
   0.0000000000000000       0.50000000000000000        272.00000000000000        300.00000000000000        286.00000000000000     
 9 scales(muf, mur)*(LO(38), NLO(38))
  0.500  0.500
  -0.2415D+01   0.0000D+00  -0.2873D+01   0.0000D+00   0.0000D+00   0.0000D+00  -0.2781D+01   0.0000D+00  -0.2415D+01   0.0000D+00  -0.2873D+01   0.0000D+00
   0.6097D+00   0.0000D+00   0.1086D+00   0.0000D+00   0.1596D+00   0.0000D+00   0.2315D+00   0.0000D+00   0.5145D-01   0.0000D+00   0.0000D+00   0.0000D+00   0.6097D+00   0.0000D+00   0.1086D+00   0.0000D+00   0.1596D+00   0.0000D+00
   0.0000D+00   0.0000D+00   0.0000D+00   0.0000D+00   0.0000D+00   0.0000D+00   0.0000D+00   0.0000D+00
  -0.1720D+01   0.4361D+00  -0.2445D+01   0.2649D+00   0.2379D+00  -0.2939D+00  -0.2570D+01  -0.9255D-02  -0.1720D+01   0.4361D+00  -0.2445D+01   0.2649D+00
   0.6337D+00  -0.2061D-01   0.1151D+00  -0.7933D-02   0.1080D+00  -0.5911D-01   0.2426D+00   0.0000D+00   0.6111D-01   0.6642D-02  -0.1287D-02   0.2174D-01   0.6337D+00  -0.2061D-01   0.1151D+00  -0.7933D-02   0.1080D+00  -0.5911D-01
  -0.1434D-02  -0.7060D-02  -0.4440D-02  -0.1207D-01  -0.1434D-02  -0.7060D-02  -0.4440D-02  -0.1207D-01
  0.500  1.000
  -0.2200D+01   0.0000D+00  -0.2618D+01   0.0000D+00   0.0000D+00   0.0000D+00  -0.2534D+01   0.0000D+00  -0.2200D+01   0.0000D+00  -0.2618D+01   0.0000D+00
   0.6097D+00   0.0000D+00   0.1086D+00   0.0000D+00   0.1596D+00   0.0000D+00   0.2315D+00   0.0000D+00   0.5145D-01   0.0000D+00   0.0000D+00   0.0000D+00   0.6097D+00   0.0000D+00   0.1086D+00   0.0000D+00   0.1596D+00   0.0000D+00
   0.0000D+00   0.0000D+00   0.0000D+00   0.0000D+00   0.0000D+00   0.0000D+00   0.0000D+00   0.0000D+00
  -0.1812D+01   0.3620D+00  -0.2487D+01   0.2199D+00   0.1974D+00  -0.2439D+00  -0.2575D+01  -0.7681D-02  -0.1812D+01   0.3620D+00  -0.2487D+01   0.2199D+00
   0.6321D+00  -0.1878D-01   0.1146D+00  -0.7228D-02   0.1127D+00  -0.5385D-01   0.2417D+00   0.0000D+00   0.6029D-01   0.6052D-02  -0.1169D-02   0.1980D-01   0.6321D+00  -0.1878D-01   0.1146D+00  -0.7228D-02   0.1127D+00  -0.5385D-01
  -0.1306D-02  -0.6432D-02  -0.4045D-02  -0.1100D-01  -0.1306D-02  -0.6432D-02  -0.4045D-02  -0.1100D-01
  0.500  2.000
  -0.2022D+01   0.0000D+00  -0.2405D+01   0.0000D+00   0.0000D+00   0.0000D+00  -0.2328D+01   0.0000D+00  -0.2022D+01   0.0000D+00  -0.2405D+01   0.0000D+00
   0.6097D+00   0.0000D+00   0.1086D+00   0.0000D+00   0.1596D+00   0.0000D+00   0.2315D+00   0.0000D+00   0.5145D-01   0.0000D+00   0.0000D+00   0.0000D+00   0.6097D+00   0.0000D+00   0.1086D+00   0.0000D+00   0.1596D+00   0.0000D+00
   0.0000D+00   0.0000D+00   0.0000D+00   0.0000D+00   0.0000D+00   0.0000D+00   0.0000D+00   0.0000D+00
  -0.1853D+01   0.3055D+00  -0.2483D+01   0.1856D+00   0.1666D+00  -0.2059D+00  -0.2546D+01  -0.6482D-02  -0.1853D+01   0.3055D+00  -0.2483D+01   0.1856D+00
   0.6306D+00  -0.1725D-01   0.1142D+00  -0.6640D-02   0.1166D+00  -0.4947D-01   0.2410D+00   0.0000D+00   0.5960D-01   0.5560D-02  -0.1071D-02   0.1820D-01   0.6306D+00  -0.1725D-01   0.1142D+00  -0.6640D-02   0.1166D+00  -0.4947D-01
  -0.1200D-02  -0.5910D-02  -0.3716D-02  -0.1010D-01  -0.1200D-02  -0.5910D-02  -0.3716D-02  -0.1010D-01
  1.000  0.500
  -0.2309D+01   0.0000D+00  -0.2794D+01   0.0000D+00   0.0000D+00   0.0000D+00  -0.2685D+01   0.0000D+00  -0.2309D+01   0.0000D+00  -0.2794D+01   0.0000D+00
   0.5871D+00   0.0000D+00   0.1046D+00   0.0000D+00   0.1526D+00   0.0000D+00   0.2241D+00   0.0000D+00   0.4980D-01   0.0000D+00   0.0000D+00   0.0000D+00   0.5871D+00   0.0000D+00   0.1046D+00   0.0000D+00   0.1526D+00   0.0000D+00
   0.0000D+00   0.0000D+00   0.0000D+00   0.0000D+00   0.0000D+00   0.0000D+00   0.0000D+00   0.0000D+00
  -0.1747D+01   0.4230D+00  -0.2469D+01   0.2550D+00   0.2292D+00  -0.2834D+00  -0.2593D+01  -0.8506D-02  -0.1747D+01   0.4230D+00  -0.2469D+01   0.2550D+00
   0.6186D+00  -0.1967D-01   0.1121D+00  -0.7676D-02   0.1068D+00  -0.5761D-01   0.2398D+00   0.0000D+00   0.6020D-01   0.6428D-02  -0.1006D-02   0.2104D-01   0.6186D+00  -0.1967D-01   0.1121D+00  -0.7676D-02   0.1068D+00  -0.5761D-01
  -0.1384D-02  -0.6899D-02  -0.4306D-02  -0.1163D-01  -0.1384D-02  -0.6899D-02  -0.4306D-02  -0.1163D-01
  1.000  1.000
  -0.2103D+01   0.0000D+00  -0.2546D+01   0.0000D+00   0.0000D+00   0.0000D+00  -0.2446D+01   0.0000D+00  -0.2103D+01   0.0000D+00  -0.2546D+01   0.0000D+00
   0.5871D+00   0.0000D+00   0.1046D+00   0.0000D+00   0.1526D+00   0.0000D+00   0.2241D+00   0.0000D+00   0.4980D-01   0.0000D+00   0.0000D+00   0.0000D+00   0.5871D+00   0.0000D+00   0.1046D+00   0.0000D+00   0.1526D+00   0.0000D+00
   0.0000D+00   0.0000D+00   0.0000D+00   0.0000D+00   0.0000D+00   0.0000D+00   0.0000D+00   0.0000D+00
  -0.1817D+01   0.3511D+00  -0.2494D+01   0.2116D+00   0.1902D+00  -0.2352D+00  -0.2579D+01  -0.7059D-02  -0.1817D+01   0.3511D+00  -0.2494D+01   0.2116D+00
   0.6162D+00  -0.1792D-01   0.1116D+00  -0.6993D-02   0.1110D+00  -0.5249D-01   0.2385D+00   0.0000D+00   0.5931D-01   0.5856D-02  -0.9133D-03   0.1917D-01   0.6162D+00  -0.1792D-01   0.1116D+00  -0.6993D-02   0.1110D+00  -0.5249D-01
  -0.1261D-02  -0.6285D-02  -0.3923D-02  -0.1059D-01  -0.1261D-02  -0.6285D-02  -0.3923D-02  -0.1059D-01
  1.000  2.000
  -0.1932D+01   0.0000D+00  -0.2339D+01   0.0000D+00   0.0000D+00   0.0000D+00  -0.2247D+01   0.0000D+00  -0.1932D+01   0.0000D+00  -0.2339D+01   0.0000D+00
   0.5871D+00   0.0000D+00   0.1046D+00   0.0000D+00   0.1526D+00   0.0000D+00   0.2241D+00   0.0000D+00   0.4980D-01   0.0000D+00   0.0000D+00   0.0000D+00   0.5871D+00   0.0000D+00   0.1046D+00   0.0000D+00   0.1526D+00   0.0000D+00
   0.0000D+00   0.0000D+00   0.0000D+00   0.0000D+00   0.0000D+00   0.0000D+00   0.0000D+00   0.0000D+00
  -0.1843D+01   0.2963D+00  -0.2479D+01   0.1786D+00   0.1605D+00  -0.1986D+00  -0.2536D+01  -0.5958D-02  -0.1843D+01   0.2963D+00  -0.2479D+01   0.1786D+00
   0.6142D+00  -0.1647D-01   0.1110D+00  -0.6425D-02   0.1145D+00  -0.4822D-01   0.2375D+00   0.0000D+00   0.5856D-01   0.5380D-02  -0.8364D-03   0.1761D-01   0.6142D+00  -0.1647D-01   0.1110D+00  -0.6425D-02   0.1145D+00  -0.4822D-01
  -0.1158D-02  -0.5774D-02  -0.3604D-02  -0.9730D-02  -0.1158D-02  -0.5774D-02  -0.3604D-02  -0.9730D-02
  2.000  0.500
  -0.2211D+01   0.0000D+00  -0.2697D+01   0.0000D+00   0.0000D+00   0.0000D+00  -0.2590D+01   0.0000D+00  -0.2211D+01   0.0000D+00  -0.2697D+01   0.0000D+00
   0.5650D+00   0.0000D+00   0.1008D+00   0.0000D+00   0.1466D+00   0.0000D+00   0.2149D+00   0.0000D+00   0.4776D-01   0.0000D+00   0.0000D+00   0.0000D+00   0.5650D+00   0.0000D+00   0.1008D+00   0.0000D+00   0.1466D+00   0.0000D+00
   0.0000D+00   0.0000D+00   0.0000D+00   0.0000D+00   0.0000D+00   0.0000D+00   0.0000D+00   0.0000D+00
  -0.1768D+01   0.4093D+00  -0.2501D+01   0.2470D+00   0.2209D+00  -0.2736D+00  -0.2605D+01  -0.7977D-02  -0.1768D+01   0.4093D+00  -0.2501D+01   0.2470D+00
   0.6160D+00  -0.1893D-01   0.1115D+00  -0.7394D-02   0.1082D+00  -0.5519D-01   0.2370D+00   0.0000D+00   0.5934D-01   0.6164D-02  -0.8731D-03   0.2017D-01   0.6160D+00  -0.1893D-01   0.1115D+00  -0.7394D-02   0.1082D+00  -0.5519D-01
  -0.1340D-02  -0.6630D-02  -0.4172D-02  -0.1121D-01  -0.1340D-02  -0.6630D-02  -0.4172D-02  -0.1121D-01
  2.000  1.000
  -0.2014D+01   0.0000D+00  -0.2457D+01   0.0000D+00   0.0000D+00   0.0000D+00  -0.2360D+01   0.0000D+00  -0.2014D+01   0.0000D+00  -0.2457D+01   0.0000D+00
   0.5650D+00   0.0000D+00   0.1008D+00   0.0000D+00   0.1466D+00   0.0000D+00   0.2149D+00   0.0000D+00   0.4776D-01   0.0000D+00   0.0000D+00   0.0000D+00   0.5650D+00   0.0000D+00   0.1008D+00   0.0000D+00   0.1466D+00   0.0000D+00
   0.0000D+00   0.0000D+00   0.0000D+00   0.0000D+00   0.0000D+00   0.0000D+00   0.0000D+00   0.0000D+00
  -0.1818D+01   0.3397D+00  -0.2504D+01   0.2050D+00   0.1833D+00  -0.2271D+00  -0.2573D+01  -0.6620D-02  -0.1818D+01   0.3397D+00  -0.2504D+01   0.2050D+00
   0.6106D+00  -0.1725D-01   0.1104D+00  -0.6736D-02   0.1113D+00  -0.5028D-01   0.2349D+00   0.0000D+00   0.5827D-01   0.5616D-02  -0.7926D-03   0.1838D-01   0.6106D+00  -0.1725D-01   0.1104D+00  -0.6736D-02   0.1113D+00  -0.5028D-01
  -0.1221D-02  -0.6040D-02  -0.3801D-02  -0.1021D-01  -0.1221D-02  -0.6040D-02  -0.3801D-02  -0.1021D-01
  2.000  2.000
  -0.1851D+01   0.0000D+00  -0.2257D+01   0.0000D+00   0.0000D+00   0.0000D+00  -0.2168D+01   0.0000D+00  -0.1851D+01   0.0000D+00  -0.2257D+01   0.0000D+00
   0.5650D+00   0.0000D+00   0.1008D+00   0.0000D+00   0.1466D+00   0.0000D+00   0.2149D+00   0.0000D+00   0.4776D-01   0.0000D+00   0.0000D+00   0.0000D+00   0.5650D+00   0.0000D+00   0.1008D+00   0.0000D+00   0.1466D+00   0.0000D+00
   0.0000D+00   0.0000D+00   0.0000D+00   0.0000D+00   0.0000D+00   0.0000D+00   0.0000D+00   0.0000D+00
  -0.1830D+01   0.2867D+00  -0.2474D+01   0.1730D+00   0.1547D+00  -0.1916D+00  -0.2519D+01  -0.5587D-02  -0.1830D+01   0.2867D+00  -0.2474D+01   0.1730D+00
   0.6073D+00  -0.1584D-01   0.1097D+00  -0.6189D-02   0.1143D+00  -0.4619D-01   0.2334D+00   0.0000D+00   0.5744D-01   0.5159D-02  -0.7258D-03   0.1689D-01   0.6073D+00  -0.1584D-01   0.1097D+00  -0.6189D-02   0.1143D+00  -0.4619D-01
  -0.1121D-02  -0.5549D-02  -0.3492D-02  -0.9383D-02  -0.1121D-02  -0.5549D-02  -0.3492D-02  -0.9383D-02
