 LHC=           1 sqrts=   8000.0000000000000      ang=           4 mode=fital                                                                                               scalescheme=           1 R=  0.69999999999999996     
 CT10nlo_rand5678                                                                                             270
 Bin information: chid, chiu, md, mu, mu0
   0.0000000000000000       0.50000000000000000        1410.0000000000000        1497.0000000000000        1453.5000000000000     
 9 scales(muf, mur)*(LO(38), NLO(38))
  0.500  0.500
  -0.2457D-01   0.0000D+00  -0.1529D-01   0.0000D+00   0.0000D+00   0.0000D+00  -0.7038D-02   0.0000D+00  -0.2457D-01   0.0000D+00  -0.1529D-01   0.0000D+00
   0.1037D+00   0.0000D+00   0.1525D-01   0.0000D+00   0.4674D-01   0.0000D+00   0.1576D-01   0.0000D+00   0.3503D-02   0.0000D+00   0.0000D+00   0.0000D+00   0.1037D+00   0.0000D+00   0.1525D-01   0.0000D+00   0.4674D-01   0.0000D+00
   0.0000D+00   0.0000D+00   0.0000D+00   0.0000D+00   0.0000D+00   0.0000D+00   0.0000D+00   0.0000D+00
  -0.2083D-01   0.1742D-02  -0.1356D-01   0.1028D-02   0.8097D-03  -0.6050D-03  -0.6193D-02   0.3604D-03  -0.2083D-01   0.1742D-02  -0.1356D-01   0.1028D-02
   0.7673D-01  -0.4911D-02   0.1152D-01  -0.1379D-02   0.2777D-01  -0.7898D-02   0.1316D-01   0.0000D+00   0.3248D-02   0.3682D-03  -0.7131D-03   0.1205D-02   0.7673D-01  -0.4911D-02   0.1152D-01  -0.1379D-02   0.2777D-01  -0.7898D-02
  -0.5149D-03  -0.1254D-02  -0.4910D-03  -0.1038D-02  -0.5149D-03  -0.1254D-02  -0.4910D-03  -0.1038D-02
  0.500  1.000
  -0.2277D-01   0.0000D+00  -0.1417D-01   0.0000D+00   0.0000D+00   0.0000D+00  -0.6524D-02   0.0000D+00  -0.2277D-01   0.0000D+00  -0.1417D-01   0.0000D+00
   0.1037D+00   0.0000D+00   0.1525D-01   0.0000D+00   0.4674D-01   0.0000D+00   0.1576D-01   0.0000D+00   0.3503D-02   0.0000D+00   0.0000D+00   0.0000D+00   0.1037D+00   0.0000D+00   0.1525D-01   0.0000D+00   0.4674D-01   0.0000D+00
   0.0000D+00   0.0000D+00   0.0000D+00   0.0000D+00   0.0000D+00   0.0000D+00   0.0000D+00   0.0000D+00
  -0.2117D-01   0.1497D-02  -0.1369D-01   0.8829D-03   0.6958D-03  -0.5199D-03  -0.6259D-02   0.3097D-03  -0.2117D-01   0.1497D-02  -0.1369D-01   0.8829D-03
   0.7870D-01  -0.4552D-02   0.1179D-01  -0.1278D-02   0.2916D-01  -0.7321D-02   0.1335D-01   0.0000D+00   0.3267D-02   0.3413D-03  -0.6611D-03   0.1117D-02   0.7870D-01  -0.4552D-02   0.1179D-01  -0.1278D-02   0.2916D-01  -0.7321D-02
  -0.4773D-03  -0.1162D-02  -0.4551D-03  -0.9624D-03  -0.4773D-03  -0.1162D-02  -0.4551D-03  -0.9624D-03
  0.500  2.000
  -0.2123D-01   0.0000D+00  -0.1321D-01   0.0000D+00   0.0000D+00   0.0000D+00  -0.6081D-02   0.0000D+00  -0.2123D-01   0.0000D+00  -0.1321D-01   0.0000D+00
   0.1037D+00   0.0000D+00   0.1525D-01   0.0000D+00   0.4674D-01   0.0000D+00   0.1576D-01   0.0000D+00   0.3503D-02   0.0000D+00   0.0000D+00   0.0000D+00   0.1037D+00   0.0000D+00   0.1525D-01   0.0000D+00   0.4674D-01   0.0000D+00
   0.0000D+00   0.0000D+00   0.0000D+00   0.0000D+00   0.0000D+00   0.0000D+00   0.0000D+00   0.0000D+00
  -0.2123D-01   0.1301D-02  -0.1366D-01   0.7671D-03   0.6046D-03  -0.4517D-03  -0.6251D-02   0.2691D-03  -0.2123D-01   0.1301D-02  -0.1366D-01   0.7671D-03
   0.8040D-01  -0.4243D-02   0.1203D-01  -0.1191D-02   0.3035D-01  -0.6824D-02   0.1351D-01   0.0000D+00   0.3283D-02   0.3181D-03  -0.6162D-03   0.1041D-02   0.8040D-01  -0.4243D-02   0.1203D-01  -0.1191D-02   0.3035D-01  -0.6824D-02
  -0.4449D-03  -0.1083D-02  -0.4242D-03  -0.8971D-03  -0.4449D-03  -0.1083D-02  -0.4242D-03  -0.8971D-03
  1.000  0.500
  -0.2126D-01   0.0000D+00  -0.1319D-01   0.0000D+00   0.0000D+00   0.0000D+00  -0.6069D-02   0.0000D+00  -0.2126D-01   0.0000D+00  -0.1319D-01   0.0000D+00
   0.8961D-01   0.0000D+00   0.1316D-01   0.0000D+00   0.4049D-01   0.0000D+00   0.1358D-01   0.0000D+00   0.3019D-02   0.0000D+00   0.0000D+00   0.0000D+00   0.8961D-01   0.0000D+00   0.1316D-01   0.0000D+00   0.4049D-01   0.0000D+00
   0.0000D+00   0.0000D+00   0.0000D+00   0.0000D+00   0.0000D+00   0.0000D+00   0.0000D+00   0.0000D+00
  -0.2107D-01   0.1504D-02  -0.1362D-01   0.8879D-03   0.6984D-03  -0.5215D-03  -0.6235D-02   0.3128D-03  -0.2107D-01   0.1504D-02  -0.1362D-01   0.8879D-03
   0.7921D-01  -0.4251D-02   0.1183D-01  -0.1193D-02   0.2990D-01  -0.6842D-02   0.1335D-01   0.0000D+00   0.3240D-02   0.3171D-03  -0.6186D-03   0.1038D-02   0.7921D-01  -0.4251D-02   0.1183D-01  -0.1193D-02   0.2990D-01  -0.6842D-02
  -0.4465D-03  -0.1084D-02  -0.4237D-03  -0.8970D-03  -0.4465D-03  -0.1084D-02  -0.4237D-03  -0.8970D-03
  1.000  1.000
  -0.1971D-01   0.0000D+00  -0.1223D-01   0.0000D+00   0.0000D+00   0.0000D+00  -0.5626D-02   0.0000D+00  -0.1971D-01   0.0000D+00  -0.1223D-01   0.0000D+00
   0.8961D-01   0.0000D+00   0.1316D-01   0.0000D+00   0.4049D-01   0.0000D+00   0.1358D-01   0.0000D+00   0.3019D-02   0.0000D+00   0.0000D+00   0.0000D+00   0.8961D-01   0.0000D+00   0.1316D-01   0.0000D+00   0.4049D-01   0.0000D+00
   0.0000D+00   0.0000D+00   0.0000D+00   0.0000D+00   0.0000D+00   0.0000D+00   0.0000D+00   0.0000D+00
  -0.2094D-01   0.1292D-02  -0.1346D-01   0.7629D-03   0.6001D-03  -0.4481D-03  -0.6166D-02   0.2688D-03  -0.2094D-01   0.1292D-02  -0.1346D-01   0.7629D-03
   0.7998D-01  -0.3940D-02   0.1193D-01  -0.1105D-02   0.3068D-01  -0.6342D-02   0.1336D-01   0.0000D+00   0.3224D-02   0.2940D-03  -0.5734D-03   0.9621D-03   0.7998D-01  -0.3940D-02   0.1193D-01  -0.1105D-02   0.3068D-01  -0.6342D-02
  -0.4139D-03  -0.1005D-02  -0.3928D-03  -0.8315D-03  -0.4139D-03  -0.1005D-02  -0.3928D-03  -0.8315D-03
  1.000  2.000
  -0.1837D-01   0.0000D+00  -0.1140D-01   0.0000D+00   0.0000D+00   0.0000D+00  -0.5244D-02   0.0000D+00  -0.1837D-01   0.0000D+00  -0.1140D-01   0.0000D+00
   0.8961D-01   0.0000D+00   0.1316D-01   0.0000D+00   0.4049D-01   0.0000D+00   0.1358D-01   0.0000D+00   0.3019D-02   0.0000D+00   0.0000D+00   0.0000D+00   0.8961D-01   0.0000D+00   0.1316D-01   0.0000D+00   0.4049D-01   0.0000D+00
   0.0000D+00   0.0000D+00   0.0000D+00   0.0000D+00   0.0000D+00   0.0000D+00   0.0000D+00   0.0000D+00
  -0.2065D-01   0.1123D-02  -0.1322D-01   0.6628D-03   0.5214D-03  -0.3893D-03  -0.6059D-02   0.2335D-03  -0.2065D-01   0.1123D-02  -0.1322D-01   0.6628D-03
   0.8064D-01  -0.3673D-02   0.1201D-01  -0.1030D-02   0.3135D-01  -0.5911D-02   0.1338D-01   0.0000D+00   0.3210D-02   0.2740D-03  -0.5345D-03   0.8968D-03   0.8064D-01  -0.3673D-02   0.1201D-01  -0.1030D-02   0.3135D-01  -0.5911D-02
  -0.3858D-03  -0.9366D-03  -0.3661D-03  -0.7750D-03  -0.3858D-03  -0.9366D-03  -0.3661D-03  -0.7750D-03
  2.000  0.500
  -0.1860D-01   0.0000D+00  -0.1151D-01   0.0000D+00   0.0000D+00   0.0000D+00  -0.5277D-02   0.0000D+00  -0.1860D-01   0.0000D+00  -0.1151D-01   0.0000D+00
   0.7816D-01   0.0000D+00   0.1148D-01   0.0000D+00   0.3539D-01   0.0000D+00   0.1182D-01   0.0000D+00   0.2626D-02   0.0000D+00   0.0000D+00   0.0000D+00   0.7816D-01   0.0000D+00   0.1148D-01   0.0000D+00   0.3539D-01   0.0000D+00
   0.0000D+00   0.0000D+00   0.0000D+00   0.0000D+00   0.0000D+00   0.0000D+00   0.0000D+00   0.0000D+00
  -0.2118D-01   0.1312D-02  -0.1357D-01   0.7758D-03   0.6067D-03  -0.4536D-03  -0.6216D-02   0.2739D-03  -0.2118D-01   0.1312D-02  -0.1357D-01   0.7758D-03
   0.8048D-01  -0.3719D-02   0.1202D-01  -0.1041D-02   0.3124D-01  -0.5952D-02   0.1339D-01   0.0000D+00   0.3213D-02   0.2758D-03  -0.5416D-03   0.9026D-03   0.8048D-01  -0.3719D-02   0.1202D-01  -0.1041D-02   0.3124D-01  -0.5952D-02
  -0.3914D-03  -0.9450D-03  -0.3694D-03  -0.7807D-03  -0.3914D-03  -0.9450D-03  -0.3694D-03  -0.7807D-03
  2.000  1.000
  -0.1725D-01   0.0000D+00  -0.1067D-01   0.0000D+00   0.0000D+00   0.0000D+00  -0.4891D-02   0.0000D+00  -0.1725D-01   0.0000D+00  -0.1067D-01   0.0000D+00
   0.7816D-01   0.0000D+00   0.1148D-01   0.0000D+00   0.3539D-01   0.0000D+00   0.1182D-01   0.0000D+00   0.2626D-02   0.0000D+00   0.0000D+00   0.0000D+00   0.7816D-01   0.0000D+00   0.1148D-01   0.0000D+00   0.3539D-01   0.0000D+00
   0.0000D+00   0.0000D+00   0.0000D+00   0.0000D+00   0.0000D+00   0.0000D+00   0.0000D+00   0.0000D+00
  -0.2068D-01   0.1128D-02  -0.1319D-01   0.6666D-03   0.5214D-03  -0.3897D-03  -0.6044D-02   0.2353D-03  -0.2068D-01   0.1128D-02  -0.1319D-01   0.6666D-03
   0.8031D-01  -0.3447D-02   0.1198D-01  -0.9651D-03   0.3155D-01  -0.5518D-02   0.1327D-01   0.0000D+00   0.3170D-02   0.2556D-03  -0.5021D-03   0.8366D-03   0.8031D-01  -0.3447D-02   0.1198D-01  -0.9651D-03   0.3155D-01  -0.5518D-02
  -0.3628D-03  -0.8760D-03  -0.3425D-03  -0.7237D-03  -0.3628D-03  -0.8760D-03  -0.3425D-03  -0.7237D-03
  2.000  2.000
  -0.1607D-01   0.0000D+00  -0.9947D-02   0.0000D+00   0.0000D+00   0.0000D+00  -0.4559D-02   0.0000D+00  -0.1607D-01   0.0000D+00  -0.9947D-02   0.0000D+00
   0.7816D-01   0.0000D+00   0.1148D-01   0.0000D+00   0.3539D-01   0.0000D+00   0.1182D-01   0.0000D+00   0.2626D-02   0.0000D+00   0.0000D+00   0.0000D+00   0.7816D-01   0.0000D+00   0.1148D-01   0.0000D+00   0.3539D-01   0.0000D+00
   0.0000D+00   0.0000D+00   0.0000D+00   0.0000D+00   0.0000D+00   0.0000D+00   0.0000D+00   0.0000D+00
  -0.2011D-01   0.9797D-03  -0.1279D-01   0.5791D-03   0.4530D-03  -0.3386D-03  -0.5861D-02   0.2044D-03  -0.2011D-01   0.9797D-03  -0.1279D-01   0.5791D-03
   0.8017D-01  -0.3213D-02   0.1194D-01  -0.8996D-03   0.3181D-01  -0.5143D-02   0.1318D-01   0.0000D+00   0.3134D-02   0.2383D-03  -0.4681D-03   0.7798D-03   0.8017D-01  -0.3213D-02   0.1194D-01  -0.8996D-03   0.3181D-01  -0.5143D-02
  -0.3381D-03  -0.8165D-03  -0.3192D-03  -0.6745D-03  -0.3381D-03  -0.8165D-03  -0.3192D-03  -0.6745D-03
