 LHC=           1 sqrts=   8000.0000000000000      ang=           4 mode=fital                                                                                               scalescheme=           1 R=  0.69999999999999996     
 CT10nlo_rand5678                                                                                             454
 Bin information: chid, chiu, md, mu, mu0
   0.0000000000000000       0.50000000000000000        790.00000000000000        846.00000000000000        818.00000000000000     
 9 scales(muf, mur)*(LO(38), NLO(38))
  0.500  0.500
  -0.2732D+00   0.0000D+00  -0.2194D+00   0.0000D+00   0.0000D+00   0.0000D+00  -0.1337D+00   0.0000D+00  -0.2732D+00   0.0000D+00  -0.2194D+00   0.0000D+00
   0.4253D+00   0.0000D+00   0.6822D-01   0.0000D+00   0.1577D+00   0.0000D+00   0.9334D-01   0.0000D+00   0.2074D-01   0.0000D+00   0.0000D+00   0.0000D+00   0.4253D+00   0.0000D+00   0.6822D-01   0.0000D+00   0.1577D+00   0.0000D+00
   0.0000D+00   0.0000D+00   0.0000D+00   0.0000D+00   0.0000D+00   0.0000D+00   0.0000D+00   0.0000D+00
  -0.2137D+00   0.2736D-01  -0.1906D+00   0.1564D-01   0.1659D-01  -0.1230D-01  -0.1187D+00   0.3717D-02  -0.2137D+00   0.2736D-01  -0.1906D+00   0.1564D-01
   0.3311D+00  -0.1771D-01   0.5515D-01  -0.5536D-02   0.8591D-01  -0.3539D-01   0.8026D-01   0.0000D+00   0.2014D-01   0.2332D-02  -0.3056D-02   0.7631D-02   0.3311D+00  -0.1771D-01   0.5515D-01  -0.5536D-02   0.8591D-01  -0.3539D-01
  -0.1728D-02  -0.4879D-02  -0.2451D-02  -0.5470D-02  -0.1728D-02  -0.4879D-02  -0.2451D-02  -0.5470D-02
  0.500  1.000
  -0.2519D+00   0.0000D+00  -0.2023D+00   0.0000D+00   0.0000D+00   0.0000D+00  -0.1233D+00   0.0000D+00  -0.2519D+00   0.0000D+00  -0.2023D+00   0.0000D+00
   0.4253D+00   0.0000D+00   0.6822D-01   0.0000D+00   0.1577D+00   0.0000D+00   0.9334D-01   0.0000D+00   0.2074D-01   0.0000D+00   0.0000D+00   0.0000D+00   0.4253D+00   0.0000D+00   0.6822D-01   0.0000D+00   0.1577D+00   0.0000D+00
   0.0000D+00   0.0000D+00   0.0000D+00   0.0000D+00   0.0000D+00   0.0000D+00   0.0000D+00   0.0000D+00
  -0.2203D+00   0.2326D-01  -0.1931D+00   0.1330D-01   0.1411D-01  -0.1045D-01  -0.1198D+00   0.3161D-02  -0.2203D+00   0.2326D-01  -0.1931D+00   0.1330D-01
   0.3385D+00  -0.1633D-01   0.5618D-01  -0.5105D-02   0.9153D-01  -0.3264D-01   0.8129D-01   0.0000D+00   0.2019D-01   0.2150D-02  -0.2818D-02   0.7037D-02   0.3385D+00  -0.1633D-01   0.5618D-01  -0.5105D-02   0.9153D-01  -0.3264D-01
  -0.1593D-02  -0.4499D-02  -0.2260D-02  -0.5044D-02  -0.1593D-02  -0.4499D-02  -0.2260D-02  -0.5044D-02
  0.500  2.000
  -0.2337D+00   0.0000D+00  -0.1878D+00   0.0000D+00   0.0000D+00   0.0000D+00  -0.1144D+00   0.0000D+00  -0.2337D+00   0.0000D+00  -0.1878D+00   0.0000D+00
   0.4253D+00   0.0000D+00   0.6822D-01   0.0000D+00   0.1577D+00   0.0000D+00   0.9334D-01   0.0000D+00   0.2074D-01   0.0000D+00   0.0000D+00   0.0000D+00   0.4253D+00   0.0000D+00   0.6822D-01   0.0000D+00   0.1577D+00   0.0000D+00
   0.0000D+00   0.0000D+00   0.0000D+00   0.0000D+00   0.0000D+00   0.0000D+00   0.0000D+00   0.0000D+00
  -0.2229D+00   0.2003D-01  -0.1929D+00   0.1145D-01   0.1215D-01  -0.9001D-02  -0.1194D+00   0.2721D-02  -0.2229D+00   0.2003D-01  -0.1929D+00   0.1145D-01
   0.3448D+00  -0.1515D-01   0.5705D-01  -0.4737D-02   0.9632D-01  -0.3028D-01   0.8217D-01   0.0000D+00   0.2023D-01   0.1995D-02  -0.2615D-02   0.6529D-02   0.3448D+00  -0.1515D-01   0.5705D-01  -0.4737D-02   0.9632D-01  -0.3028D-01
  -0.1478D-02  -0.4174D-02  -0.2097D-02  -0.4681D-02  -0.1478D-02  -0.4174D-02  -0.2097D-02  -0.4681D-02
  1.000  0.500
  -0.2483D+00   0.0000D+00  -0.1991D+00   0.0000D+00   0.0000D+00   0.0000D+00  -0.1213D+00   0.0000D+00  -0.2483D+00   0.0000D+00  -0.1991D+00   0.0000D+00
   0.3859D+00   0.0000D+00   0.6186D-01   0.0000D+00   0.1433D+00   0.0000D+00   0.8454D-01   0.0000D+00   0.1879D-01   0.0000D+00   0.0000D+00   0.0000D+00   0.3859D+00   0.0000D+00   0.6186D-01   0.0000D+00   0.1433D+00   0.0000D+00
   0.0000D+00   0.0000D+00   0.0000D+00   0.0000D+00   0.0000D+00   0.0000D+00   0.0000D+00   0.0000D+00
  -0.2172D+00   0.2490D-01  -0.1916D+00   0.1421D-01   0.1502D-01  -0.1115D-01  -0.1194D+00   0.3390D-02  -0.2172D+00   0.2490D-01  -0.1916D+00   0.1421D-01
   0.3368D+00  -0.1610D-01   0.5587D-01  -0.5022D-02   0.9150D-01  -0.3205D-01   0.8081D-01   0.0000D+00   0.2000D-01   0.2112D-02  -0.2737D-02   0.6913D-02   0.3368D+00  -0.1610D-01   0.5587D-01  -0.5022D-02   0.9150D-01  -0.3205D-01
  -0.1572D-02  -0.4413D-02  -0.2226D-02  -0.4960D-02  -0.1572D-02  -0.4413D-02  -0.2226D-02  -0.4960D-02
  1.000  1.000
  -0.2289D+00   0.0000D+00  -0.1836D+00   0.0000D+00   0.0000D+00   0.0000D+00  -0.1118D+00   0.0000D+00  -0.2289D+00   0.0000D+00  -0.1836D+00   0.0000D+00
   0.3859D+00   0.0000D+00   0.6186D-01   0.0000D+00   0.1433D+00   0.0000D+00   0.8454D-01   0.0000D+00   0.1879D-01   0.0000D+00   0.0000D+00   0.0000D+00   0.3859D+00   0.0000D+00   0.6186D-01   0.0000D+00   0.1433D+00   0.0000D+00
   0.0000D+00   0.0000D+00   0.0000D+00   0.0000D+00   0.0000D+00   0.0000D+00   0.0000D+00   0.0000D+00
  -0.2197D+00   0.2117D-01  -0.1911D+00   0.1208D-01   0.1277D-01  -0.9480D-02  -0.1187D+00   0.2883D-02  -0.2197D+00   0.2117D-01  -0.1911D+00   0.1208D-01
   0.3407D+00  -0.1485D-01   0.5635D-01  -0.4630D-02   0.9555D-01  -0.2955D-01   0.8111D-01   0.0000D+00   0.1991D-01   0.1948D-02  -0.2524D-02   0.6374D-02   0.3407D+00  -0.1485D-01   0.5635D-01  -0.4630D-02   0.9555D-01  -0.2955D-01
  -0.1449D-02  -0.4070D-02  -0.2053D-02  -0.4573D-02  -0.1449D-02  -0.4070D-02  -0.2053D-02  -0.4573D-02
  1.000  2.000
  -0.2124D+00   0.0000D+00  -0.1704D+00   0.0000D+00   0.0000D+00   0.0000D+00  -0.1038D+00   0.0000D+00  -0.2124D+00   0.0000D+00  -0.1704D+00   0.0000D+00
   0.3859D+00   0.0000D+00   0.6186D-01   0.0000D+00   0.1433D+00   0.0000D+00   0.8454D-01   0.0000D+00   0.1879D-01   0.0000D+00   0.0000D+00   0.0000D+00   0.3859D+00   0.0000D+00   0.6186D-01   0.0000D+00   0.1433D+00   0.0000D+00
   0.0000D+00   0.0000D+00   0.0000D+00   0.0000D+00   0.0000D+00   0.0000D+00   0.0000D+00   0.0000D+00
  -0.2194D+00   0.1823D-01  -0.1887D+00   0.1040D-01   0.1099D-01  -0.8163D-02  -0.1169D+00   0.2482D-02  -0.2194D+00   0.1823D-01  -0.1887D+00   0.1040D-01
   0.3440D+00  -0.1378D-01   0.5675D-01  -0.4297D-02   0.9901D-01  -0.2742D-01   0.8137D-01   0.0000D+00   0.1983D-01   0.1807D-02  -0.2342D-02   0.5915D-02   0.3440D+00  -0.1378D-01   0.5675D-01  -0.4297D-02   0.9901D-01  -0.2742D-01
  -0.1345D-02  -0.3776D-02  -0.1905D-02  -0.4243D-02  -0.1345D-02  -0.3776D-02  -0.1905D-02  -0.4243D-02
  2.000  0.500
  -0.2268D+00   0.0000D+00  -0.1822D+00   0.0000D+00   0.0000D+00   0.0000D+00  -0.1105D+00   0.0000D+00  -0.2268D+00   0.0000D+00  -0.1822D+00   0.0000D+00
   0.3517D+00   0.0000D+00   0.5642D-01   0.0000D+00   0.1306D+00   0.0000D+00   0.7690D-01   0.0000D+00   0.1709D-01   0.0000D+00   0.0000D+00   0.0000D+00   0.3517D+00   0.0000D+00   0.5642D-01   0.0000D+00   0.1306D+00   0.0000D+00
   0.0000D+00   0.0000D+00   0.0000D+00   0.0000D+00   0.0000D+00   0.0000D+00   0.0000D+00   0.0000D+00
  -0.2203D+00   0.2273D-01  -0.1936D+00   0.1296D-01   0.1356D-01  -0.1017D-01  -0.1200D+00   0.3112D-02  -0.2203D+00   0.2273D-01  -0.1936D+00   0.1296D-01
   0.3406D+00  -0.1469D-01   0.5666D-01  -0.4590D-02   0.9578D-01  -0.2920D-01   0.8111D-01   0.0000D+00   0.1993D-01   0.1922D-02  -0.2504D-02   0.6289D-02   0.3406D+00  -0.1469D-01   0.5666D-01  -0.4590D-02   0.9578D-01  -0.2920D-01
  -0.1438D-02  -0.4036D-02  -0.2034D-02  -0.4510D-02  -0.1438D-02  -0.4036D-02  -0.2034D-02  -0.4510D-02
  2.000  1.000
  -0.2091D+00   0.0000D+00  -0.1680D+00   0.0000D+00   0.0000D+00   0.0000D+00  -0.1019D+00   0.0000D+00  -0.2091D+00   0.0000D+00  -0.1680D+00   0.0000D+00
   0.3517D+00   0.0000D+00   0.5642D-01   0.0000D+00   0.1306D+00   0.0000D+00   0.7690D-01   0.0000D+00   0.1709D-01   0.0000D+00   0.0000D+00   0.0000D+00   0.3517D+00   0.0000D+00   0.5642D-01   0.0000D+00   0.1306D+00   0.0000D+00
   0.0000D+00   0.0000D+00   0.0000D+00   0.0000D+00   0.0000D+00   0.0000D+00   0.0000D+00   0.0000D+00
  -0.2194D+00   0.1932D-01  -0.1903D+00   0.1102D-01   0.1153D-01  -0.8644D-02  -0.1177D+00   0.2646D-02  -0.2194D+00   0.1932D-01  -0.1903D+00   0.1102D-01
   0.3415D+00  -0.1354D-01   0.5665D-01  -0.4232D-02   0.9852D-01  -0.2692D-01   0.8079D-01   0.0000D+00   0.1971D-01   0.1772D-02  -0.2310D-02   0.5799D-02   0.3415D+00  -0.1354D-01   0.5665D-01  -0.4232D-02   0.9852D-01  -0.2692D-01
  -0.1326D-02  -0.3721D-02  -0.1876D-02  -0.4159D-02  -0.1326D-02  -0.3721D-02  -0.1876D-02  -0.4159D-02
  2.000  2.000
  -0.1941D+00   0.0000D+00  -0.1559D+00   0.0000D+00   0.0000D+00   0.0000D+00  -0.9456D-01   0.0000D+00  -0.1941D+00   0.0000D+00  -0.1559D+00   0.0000D+00
   0.3517D+00   0.0000D+00   0.5642D-01   0.0000D+00   0.1306D+00   0.0000D+00   0.7690D-01   0.0000D+00   0.1709D-01   0.0000D+00   0.0000D+00   0.0000D+00   0.3517D+00   0.0000D+00   0.5642D-01   0.0000D+00   0.1306D+00   0.0000D+00
   0.0000D+00   0.0000D+00   0.0000D+00   0.0000D+00   0.0000D+00   0.0000D+00   0.0000D+00   0.0000D+00
  -0.2165D+00   0.1664D-01  -0.1860D+00   0.9489D-02   0.9927D-02  -0.7442D-02  -0.1147D+00   0.2278D-02  -0.2165D+00   0.1664D-01  -0.1860D+00   0.9489D-02
   0.3423D+00  -0.1257D-01   0.5664D-01  -0.3927D-02   0.1008D+00  -0.2498D-01   0.8052D-01   0.0000D+00   0.1952D-01   0.1644D-02  -0.2143D-02   0.5381D-02   0.3423D+00  -0.1257D-01   0.5664D-01  -0.3927D-02   0.1008D+00  -0.2498D-01
  -0.1231D-02  -0.3453D-02  -0.1741D-02  -0.3859D-02  -0.1231D-02  -0.3453D-02  -0.1741D-02  -0.3859D-02
