 LHC=           1 sqrts=   8000.0000000000000      ang=           4 mode=fital                                                                                               scalescheme=           1 R=  0.69999999999999996     
 CT10nlo_rand5678                                                                                             454
 Bin information: chid, chiu, md, mu, mu0
   0.0000000000000000       0.50000000000000000        1327.0000000000000        1410.0000000000000        1368.5000000000000     
 9 scales(muf, mur)*(LO(38), NLO(38))
  0.500  0.500
  -0.3476D-01   0.0000D+00  -0.2360D-01   0.0000D+00   0.0000D+00   0.0000D+00  -0.1075D-01   0.0000D+00  -0.3476D-01   0.0000D+00  -0.2360D-01   0.0000D+00
   0.1343D+00   0.0000D+00   0.2020D-01   0.0000D+00   0.5784D-01   0.0000D+00   0.1985D-01   0.0000D+00   0.4412D-02   0.0000D+00   0.0000D+00   0.0000D+00   0.1343D+00   0.0000D+00   0.2020D-01   0.0000D+00   0.5784D-01   0.0000D+00
   0.0000D+00   0.0000D+00   0.0000D+00   0.0000D+00   0.0000D+00   0.0000D+00   0.0000D+00   0.0000D+00
  -0.2895D-01   0.2705D-02  -0.2083D-01   0.1529D-02   0.1266D-02  -0.9305D-03  -0.9318D-02   0.5647D-03  -0.2895D-01   0.2705D-02  -0.2083D-01   0.1529D-02
   0.9925D-01  -0.6119D-02   0.1534D-01  -0.1761D-02   0.3320D-01  -0.1037D-01   0.1643D-01   0.0000D+00   0.4079D-02   0.4667D-03  -0.9952D-03   0.1527D-02   0.9925D-01  -0.6119D-02   0.1534D-01  -0.1761D-02   0.3320D-01  -0.1037D-01
  -0.6436D-03  -0.1552D-02  -0.6561D-03  -0.1364D-02  -0.6436D-03  -0.1552D-02  -0.6561D-03  -0.1364D-02
  0.500  1.000
  -0.3220D-01   0.0000D+00  -0.2186D-01   0.0000D+00   0.0000D+00   0.0000D+00  -0.9963D-02   0.0000D+00  -0.3220D-01   0.0000D+00  -0.2186D-01   0.0000D+00
   0.1343D+00   0.0000D+00   0.2020D-01   0.0000D+00   0.5784D-01   0.0000D+00   0.1985D-01   0.0000D+00   0.4412D-02   0.0000D+00   0.0000D+00   0.0000D+00   0.1343D+00   0.0000D+00   0.2020D-01   0.0000D+00   0.5784D-01   0.0000D+00
   0.0000D+00   0.0000D+00   0.0000D+00   0.0000D+00   0.0000D+00   0.0000D+00   0.0000D+00   0.0000D+00
  -0.2951D-01   0.2322D-02  -0.2104D-01   0.1313D-02   0.1087D-02  -0.7987D-03  -0.9440D-02   0.4847D-03  -0.2951D-01   0.2322D-02  -0.2104D-01   0.1313D-02
   0.1018D+00  -0.5670D-02   0.1570D-01  -0.1632D-02   0.3502D-01  -0.9607D-02   0.1668D-01   0.0000D+00   0.4104D-02   0.4324D-03  -0.9221D-03   0.1415D-02   0.1018D+00  -0.5670D-02   0.1570D-01  -0.1632D-02   0.3502D-01  -0.9607D-02
  -0.5963D-03  -0.1438D-02  -0.6078D-03  -0.1264D-02  -0.5963D-03  -0.1438D-02  -0.6078D-03  -0.1264D-02
  0.500  2.000
  -0.3000D-01   0.0000D+00  -0.2037D-01   0.0000D+00   0.0000D+00   0.0000D+00  -0.9282D-02   0.0000D+00  -0.3000D-01   0.0000D+00  -0.2037D-01   0.0000D+00
   0.1343D+00   0.0000D+00   0.2020D-01   0.0000D+00   0.5784D-01   0.0000D+00   0.1985D-01   0.0000D+00   0.4412D-02   0.0000D+00   0.0000D+00   0.0000D+00   0.1343D+00   0.0000D+00   0.2020D-01   0.0000D+00   0.5784D-01   0.0000D+00
   0.0000D+00   0.0000D+00   0.0000D+00   0.0000D+00   0.0000D+00   0.0000D+00   0.0000D+00   0.0000D+00
  -0.2966D-01   0.2016D-02  -0.2101D-01   0.1139D-02   0.9435D-03  -0.6933D-03  -0.9444D-02   0.4208D-03  -0.2966D-01   0.2016D-02  -0.2101D-01   0.1139D-02
   0.1041D+00  -0.5282D-02   0.1601D-01  -0.1520D-02   0.3658D-01  -0.8951D-02   0.1690D-01   0.0000D+00   0.4126D-02   0.4028D-03  -0.8592D-03   0.1318D-02   0.1041D+00  -0.5282D-02   0.1601D-01  -0.1520D-02   0.3658D-01  -0.8951D-02
  -0.5555D-03  -0.1340D-02  -0.5663D-03  -0.1178D-02  -0.5555D-03  -0.1340D-02  -0.5663D-03  -0.1178D-02
  1.000  0.500
  -0.3028D-01   0.0000D+00  -0.2053D-01   0.0000D+00   0.0000D+00   0.0000D+00  -0.9348D-02   0.0000D+00  -0.3028D-01   0.0000D+00  -0.2053D-01   0.0000D+00
   0.1168D+00   0.0000D+00   0.1756D-01   0.0000D+00   0.5033D-01   0.0000D+00   0.1726D-01   0.0000D+00   0.3835D-02   0.0000D+00   0.0000D+00   0.0000D+00   0.1168D+00   0.0000D+00   0.1756D-01   0.0000D+00   0.5033D-01   0.0000D+00
   0.0000D+00   0.0000D+00   0.0000D+00   0.0000D+00   0.0000D+00   0.0000D+00   0.0000D+00   0.0000D+00
  -0.2941D-01   0.2352D-02  -0.2099D-01   0.1330D-02   0.1093D-02  -0.8089D-03  -0.9406D-02   0.4921D-03  -0.2941D-01   0.2352D-02  -0.2099D-01   0.1330D-02
   0.1022D+00  -0.5323D-02   0.1576D-01  -0.1531D-02   0.3587D-01  -0.9023D-02   0.1664D-01   0.0000D+00   0.4080D-02   0.4057D-03  -0.8683D-03   0.1328D-02   0.1022D+00  -0.5323D-02   0.1576D-01  -0.1531D-02   0.3587D-01  -0.9023D-02
  -0.5612D-03  -0.1371D-02  -0.5700D-03  -0.1187D-02  -0.5612D-03  -0.1371D-02  -0.5700D-03  -0.1187D-02
  1.000  1.000
  -0.2805D-01   0.0000D+00  -0.1902D-01   0.0000D+00   0.0000D+00   0.0000D+00  -0.8660D-02   0.0000D+00  -0.2805D-01   0.0000D+00  -0.1902D-01   0.0000D+00
   0.1168D+00   0.0000D+00   0.1756D-01   0.0000D+00   0.5033D-01   0.0000D+00   0.1726D-01   0.0000D+00   0.3835D-02   0.0000D+00   0.0000D+00   0.0000D+00   0.1168D+00   0.0000D+00   0.1756D-01   0.0000D+00   0.5033D-01   0.0000D+00
   0.0000D+00   0.0000D+00   0.0000D+00   0.0000D+00   0.0000D+00   0.0000D+00   0.0000D+00   0.0000D+00
  -0.2930D-01   0.2019D-02  -0.2077D-01   0.1142D-02   0.9381D-03  -0.6944D-03  -0.9327D-02   0.4224D-03  -0.2930D-01   0.2019D-02  -0.2077D-01   0.1142D-02
   0.1033D+00  -0.4932D-02   0.1590D-01  -0.1418D-02   0.3693D-01  -0.8360D-02   0.1669D-01   0.0000D+00   0.4062D-02   0.3759D-03  -0.8045D-03   0.1230D-02   0.1033D+00  -0.4932D-02   0.1590D-01  -0.1418D-02   0.3693D-01  -0.8360D-02
  -0.5200D-03  -0.1270D-02  -0.5281D-03  -0.1100D-02  -0.5200D-03  -0.1270D-02  -0.5281D-03  -0.1100D-02
  1.000  2.000
  -0.2613D-01   0.0000D+00  -0.1772D-01   0.0000D+00   0.0000D+00   0.0000D+00  -0.8069D-02   0.0000D+00  -0.2613D-01   0.0000D+00  -0.1772D-01   0.0000D+00
   0.1168D+00   0.0000D+00   0.1756D-01   0.0000D+00   0.5033D-01   0.0000D+00   0.1726D-01   0.0000D+00   0.3835D-02   0.0000D+00   0.0000D+00   0.0000D+00   0.1168D+00   0.0000D+00   0.1756D-01   0.0000D+00   0.5033D-01   0.0000D+00
   0.0000D+00   0.0000D+00   0.0000D+00   0.0000D+00   0.0000D+00   0.0000D+00   0.0000D+00   0.0000D+00
  -0.2895D-01   0.1752D-02  -0.2041D-01   0.9909D-03   0.8144D-03  -0.6027D-03  -0.9182D-02   0.3666D-03  -0.2895D-01   0.1752D-02  -0.2041D-01   0.9909D-03
   0.1043D+00  -0.4595D-02   0.1601D-01  -0.1321D-02   0.3785D-01  -0.7789D-02   0.1673D-01   0.0000D+00   0.4047D-02   0.3502D-03  -0.7496D-03   0.1146D-02   0.1043D+00  -0.4595D-02   0.1601D-01  -0.1321D-02   0.3785D-01  -0.7789D-02
  -0.4844D-03  -0.1183D-02  -0.4920D-03  -0.1025D-02  -0.4844D-03  -0.1183D-02  -0.4920D-03  -0.1025D-02
  2.000  0.500
  -0.2663D-01   0.0000D+00  -0.1803D-01   0.0000D+00   0.0000D+00   0.0000D+00  -0.8203D-02   0.0000D+00  -0.2663D-01   0.0000D+00  -0.1803D-01   0.0000D+00
   0.1024D+00   0.0000D+00   0.1541D-01   0.0000D+00   0.4431D-01   0.0000D+00   0.1513D-01   0.0000D+00   0.3362D-02   0.0000D+00   0.0000D+00   0.0000D+00   0.1024D+00   0.0000D+00   0.1541D-01   0.0000D+00   0.4431D-01   0.0000D+00
   0.0000D+00   0.0000D+00   0.0000D+00   0.0000D+00   0.0000D+00   0.0000D+00   0.0000D+00   0.0000D+00
  -0.2958D-01   0.2064D-02  -0.2099D-01   0.1167D-02   0.9571D-03  -0.7094D-03  -0.9421D-02   0.4325D-03  -0.2958D-01   0.2064D-02  -0.2099D-01   0.1167D-02
   0.1041D+00  -0.4685D-02   0.1602D-01  -0.1345D-02   0.3769D-01  -0.7900D-02   0.1674D-01   0.0000D+00   0.4054D-02   0.3557D-03  -0.7584D-03   0.1164D-02   0.1041D+00  -0.4685D-02   0.1602D-01  -0.1345D-02   0.3769D-01  -0.7900D-02
  -0.4943D-03  -0.1196D-02  -0.5005D-03  -0.1042D-02  -0.4943D-03  -0.1196D-02  -0.5005D-03  -0.1042D-02
  2.000  1.000
  -0.2468D-01   0.0000D+00  -0.1670D-01   0.0000D+00   0.0000D+00   0.0000D+00  -0.7600D-02   0.0000D+00  -0.2468D-01   0.0000D+00  -0.1670D-01   0.0000D+00
   0.1024D+00   0.0000D+00   0.1541D-01   0.0000D+00   0.4431D-01   0.0000D+00   0.1513D-01   0.0000D+00   0.3362D-02   0.0000D+00   0.0000D+00   0.0000D+00   0.1024D+00   0.0000D+00   0.1541D-01   0.0000D+00   0.4431D-01   0.0000D+00
   0.0000D+00   0.0000D+00   0.0000D+00   0.0000D+00   0.0000D+00   0.0000D+00   0.0000D+00   0.0000D+00
  -0.2896D-01   0.1772D-02  -0.2043D-01   0.1002D-02   0.8217D-03  -0.6089D-03  -0.9186D-02   0.3713D-03  -0.2896D-01   0.1772D-02  -0.2043D-01   0.1002D-02
   0.1039D+00  -0.4341D-02   0.1598D-01  -0.1246D-02   0.3818D-01  -0.7319D-02   0.1662D-01   0.0000D+00   0.4003D-02   0.3296D-03  -0.7027D-03   0.1079D-02   0.1039D+00  -0.4341D-02   0.1598D-01  -0.1246D-02   0.3818D-01  -0.7319D-02
  -0.4579D-03  -0.1108D-02  -0.4637D-03  -0.9655D-03  -0.4579D-03  -0.1108D-02  -0.4637D-03  -0.9655D-03
  2.000  2.000
  -0.2299D-01   0.0000D+00  -0.1556D-01   0.0000D+00   0.0000D+00   0.0000D+00  -0.7080D-02   0.0000D+00  -0.2299D-01   0.0000D+00  -0.1556D-01   0.0000D+00
   0.1024D+00   0.0000D+00   0.1541D-01   0.0000D+00   0.4431D-01   0.0000D+00   0.1513D-01   0.0000D+00   0.3362D-02   0.0000D+00   0.0000D+00   0.0000D+00   0.1024D+00   0.0000D+00   0.1541D-01   0.0000D+00   0.4431D-01   0.0000D+00
   0.0000D+00   0.0000D+00   0.0000D+00   0.0000D+00   0.0000D+00   0.0000D+00   0.0000D+00   0.0000D+00
  -0.2823D-01   0.1538D-02  -0.1983D-01   0.8698D-03   0.7133D-03  -0.5285D-03  -0.8927D-02   0.3223D-03  -0.2823D-01   0.1538D-02  -0.1983D-01   0.8698D-03
   0.1038D+00  -0.4044D-02   0.1594D-01  -0.1161D-02   0.3860D-01  -0.6819D-02   0.1652D-01   0.0000D+00   0.3960D-02   0.3070D-03  -0.6547D-03   0.1005D-02   0.1038D+00  -0.4044D-02   0.1594D-01  -0.1161D-02   0.3860D-01  -0.6819D-02
  -0.4267D-03  -0.1033D-02  -0.4320D-03  -0.8995D-03  -0.4267D-03  -0.1033D-02  -0.4320D-03  -0.8995D-03
