 LHC=           1 sqrts=   8000.0000000000000      ang=           4 mode=fital                                                                                               scalescheme=           1 R=  0.69999999999999996     
 CT10nlo_rand5678                                                                                             454
 Bin information: chid, chiu, md, mu, mu0
   0.0000000000000000       0.50000000000000000        1784.0000000000000        2116.0000000000000        1950.0000000000000     
 9 scales(muf, mur)*(LO(38), NLO(38))
  0.500  0.500
  -0.8404D-02   0.0000D+00  -0.5084D-02   0.0000D+00   0.0000D+00   0.0000D+00  -0.2019D-02   0.0000D+00  -0.8404D-02   0.0000D+00  -0.5084D-02   0.0000D+00
   0.5932D-01   0.0000D+00   0.8521D-02   0.0000D+00   0.2796D-01   0.0000D+00   0.7091D-02   0.0000D+00   0.1576D-02   0.0000D+00   0.0000D+00   0.0000D+00   0.5932D-01   0.0000D+00   0.8521D-02   0.0000D+00   0.2796D-01   0.0000D+00
   0.0000D+00   0.0000D+00   0.0000D+00   0.0000D+00   0.0000D+00   0.0000D+00   0.0000D+00   0.0000D+00
  -0.7454D-02   0.5558D-03  -0.4630D-02   0.3216D-03   0.1845D-03  -0.1684D-03  -0.1763D-02   0.1326D-03  -0.7454D-02   0.5558D-03  -0.4630D-02   0.3216D-03
   0.4453D-01  -0.2849D-02   0.6473D-02  -0.7811D-03   0.1757D-01  -0.4367D-02   0.5927D-02   0.0000D+00   0.1463D-02   0.1606D-03  -0.3609D-03   0.5255D-03   0.4453D-01  -0.2849D-02   0.6473D-02  -0.7811D-03   0.1757D-01  -0.4367D-02
  -0.3212D-03  -0.7054D-03  -0.2719D-03  -0.5309D-03  -0.3212D-03  -0.7054D-03  -0.2719D-03  -0.5309D-03
  0.500  1.000
  -0.7808D-02   0.0000D+00  -0.4723D-02   0.0000D+00   0.0000D+00   0.0000D+00  -0.1876D-02   0.0000D+00  -0.7808D-02   0.0000D+00  -0.4723D-02   0.0000D+00
   0.5932D-01   0.0000D+00   0.8521D-02   0.0000D+00   0.2796D-01   0.0000D+00   0.7091D-02   0.0000D+00   0.1576D-02   0.0000D+00   0.0000D+00   0.0000D+00   0.5932D-01   0.0000D+00   0.8521D-02   0.0000D+00   0.2796D-01   0.0000D+00
   0.0000D+00   0.0000D+00   0.0000D+00   0.0000D+00   0.0000D+00   0.0000D+00   0.0000D+00   0.0000D+00
  -0.7525D-02   0.4797D-03  -0.4656D-02   0.2776D-03   0.1592D-03  -0.1454D-03  -0.1784D-02   0.1144D-03  -0.7525D-02   0.4797D-03  -0.4656D-02   0.2776D-03
   0.4559D-01  -0.2647D-02   0.6619D-02  -0.7257D-03   0.1831D-01  -0.4058D-02   0.6010D-02   0.0000D+00   0.1471D-02   0.1492D-03  -0.3353D-03   0.4882D-03   0.4559D-01  -0.2647D-02   0.6619D-02  -0.7257D-03   0.1831D-01  -0.4058D-02
  -0.2984D-03  -0.6554D-03  -0.2526D-03  -0.4933D-03  -0.2984D-03  -0.6554D-03  -0.2526D-03  -0.4933D-03
  0.500  2.000
  -0.7292D-02   0.0000D+00  -0.4411D-02   0.0000D+00   0.0000D+00   0.0000D+00  -0.1752D-02   0.0000D+00  -0.7292D-02   0.0000D+00  -0.4411D-02   0.0000D+00
   0.5932D-01   0.0000D+00   0.8521D-02   0.0000D+00   0.2796D-01   0.0000D+00   0.7091D-02   0.0000D+00   0.1576D-02   0.0000D+00   0.0000D+00   0.0000D+00   0.5932D-01   0.0000D+00   0.8521D-02   0.0000D+00   0.2796D-01   0.0000D+00
   0.0000D+00   0.0000D+00   0.0000D+00   0.0000D+00   0.0000D+00   0.0000D+00   0.0000D+00   0.0000D+00
  -0.7513D-02   0.4183D-03  -0.4636D-02   0.2421D-03   0.1389D-03  -0.1268D-03  -0.1784D-02   0.9978D-04  -0.7513D-02   0.4183D-03  -0.4636D-02   0.2421D-03
   0.4650D-01  -0.2472D-02   0.6745D-02  -0.6778D-03   0.1895D-01  -0.3789D-02   0.6082D-02   0.0000D+00   0.1478D-02   0.1393D-03  -0.3132D-03   0.4559D-03   0.4650D-01  -0.2472D-02   0.6745D-02  -0.6778D-03   0.1895D-01  -0.3789D-02
  -0.2787D-03  -0.6121D-03  -0.2359D-03  -0.4607D-03  -0.2787D-03  -0.6121D-03  -0.2359D-03  -0.4607D-03
  1.000  0.500
  -0.7058D-02   0.0000D+00  -0.4261D-02   0.0000D+00   0.0000D+00   0.0000D+00  -0.1690D-02   0.0000D+00  -0.7058D-02   0.0000D+00  -0.4261D-02   0.0000D+00
   0.4972D-01   0.0000D+00   0.7136D-02   0.0000D+00   0.2347D-01   0.0000D+00   0.5933D-02   0.0000D+00   0.1318D-02   0.0000D+00   0.0000D+00   0.0000D+00   0.4972D-01   0.0000D+00   0.7136D-02   0.0000D+00   0.2347D-01   0.0000D+00
   0.0000D+00   0.0000D+00   0.0000D+00   0.0000D+00   0.0000D+00   0.0000D+00   0.0000D+00   0.0000D+00
  -0.7497D-02   0.4658D-03  -0.4631D-02   0.2698D-03   0.1523D-03  -0.1410D-03  -0.1776D-02   0.1112D-03  -0.7497D-02   0.4658D-03  -0.4631D-02   0.2698D-03
   0.4606D-01  -0.2392D-02   0.6676D-02  -0.6553D-03   0.1888D-01  -0.3660D-02   0.6007D-02   0.0000D+00   0.1457D-02   0.1343D-03  -0.3023D-03   0.4397D-03   0.4606D-01  -0.2392D-02   0.6676D-02  -0.6553D-03   0.1888D-01  -0.3660D-02
  -0.2698D-03  -0.5929D-03  -0.2278D-03  -0.4444D-03  -0.2698D-03  -0.5929D-03  -0.2278D-03  -0.4444D-03
  1.000  1.000
  -0.6557D-02   0.0000D+00  -0.3959D-02   0.0000D+00   0.0000D+00   0.0000D+00  -0.1570D-02   0.0000D+00  -0.6557D-02   0.0000D+00  -0.3959D-02   0.0000D+00
   0.4972D-01   0.0000D+00   0.7136D-02   0.0000D+00   0.2347D-01   0.0000D+00   0.5933D-02   0.0000D+00   0.1318D-02   0.0000D+00   0.0000D+00   0.0000D+00   0.4972D-01   0.0000D+00   0.7136D-02   0.0000D+00   0.2347D-01   0.0000D+00
   0.0000D+00   0.0000D+00   0.0000D+00   0.0000D+00   0.0000D+00   0.0000D+00   0.0000D+00   0.0000D+00
  -0.7387D-02   0.4020D-03  -0.4550D-02   0.2329D-03   0.1315D-03  -0.1217D-03  -0.1753D-02   0.9595D-04  -0.7387D-02   0.4020D-03  -0.4550D-02   0.2329D-03
   0.4632D-01  -0.2222D-02   0.6709D-02  -0.6088D-03   0.1921D-01  -0.3400D-02   0.6002D-02   0.0000D+00   0.1447D-02   0.1248D-03  -0.2809D-03   0.4085D-03   0.4632D-01  -0.2222D-02   0.6709D-02  -0.6088D-03   0.1921D-01  -0.3400D-02
  -0.2507D-03  -0.5509D-03  -0.2117D-03  -0.4129D-03  -0.2507D-03  -0.5509D-03  -0.2117D-03  -0.4129D-03
  1.000  2.000
  -0.6124D-02   0.0000D+00  -0.3697D-02   0.0000D+00   0.0000D+00   0.0000D+00  -0.1467D-02   0.0000D+00  -0.6124D-02   0.0000D+00  -0.3697D-02   0.0000D+00
   0.4972D-01   0.0000D+00   0.7136D-02   0.0000D+00   0.2347D-01   0.0000D+00   0.5933D-02   0.0000D+00   0.1318D-02   0.0000D+00   0.0000D+00   0.0000D+00   0.4972D-01   0.0000D+00   0.7136D-02   0.0000D+00   0.2347D-01   0.0000D+00
   0.0000D+00   0.0000D+00   0.0000D+00   0.0000D+00   0.0000D+00   0.0000D+00   0.0000D+00   0.0000D+00
  -0.7240D-02   0.3506D-03  -0.4450D-02   0.2031D-03   0.1147D-03  -0.1061D-03  -0.1720D-02   0.8368D-04  -0.7240D-02   0.3506D-03  -0.4450D-02   0.2031D-03
   0.4655D-01  -0.2075D-02   0.6737D-02  -0.5686D-03   0.1949D-01  -0.3176D-02   0.5998D-02   0.0000D+00   0.1439D-02   0.1166D-03  -0.2624D-03   0.3815D-03   0.4655D-01  -0.2075D-02   0.6737D-02  -0.5686D-03   0.1949D-01  -0.3176D-02
  -0.2341D-03  -0.5145D-03  -0.1977D-03  -0.3856D-03  -0.2341D-03  -0.5145D-03  -0.1977D-03  -0.3856D-03
  2.000  0.500
  -0.5994D-02   0.0000D+00  -0.3613D-02   0.0000D+00   0.0000D+00   0.0000D+00  -0.1432D-02   0.0000D+00  -0.5994D-02   0.0000D+00  -0.3613D-02   0.0000D+00
   0.4216D-01   0.0000D+00   0.6046D-02   0.0000D+00   0.1993D-01   0.0000D+00   0.5021D-02   0.0000D+00   0.1116D-02   0.0000D+00   0.0000D+00   0.0000D+00   0.4216D-01   0.0000D+00   0.6046D-02   0.0000D+00   0.1993D-01   0.0000D+00
   0.0000D+00   0.0000D+00   0.0000D+00   0.0000D+00   0.0000D+00   0.0000D+00   0.0000D+00   0.0000D+00
  -0.7419D-02   0.3948D-03  -0.4572D-02   0.2289D-03   0.1286D-03  -0.1194D-03  -0.1761D-02   0.9429D-04  -0.7419D-02   0.3948D-03  -0.4572D-02   0.2289D-03
   0.4656D-01  -0.2031D-02   0.6735D-02  -0.5560D-03   0.1956D-01  -0.3102D-02   0.5982D-02   0.0000D+00   0.1433D-02   0.1137D-03  -0.2536D-03   0.3721D-03   0.4656D-01  -0.2031D-02   0.6735D-02  -0.5560D-03   0.1956D-01  -0.3102D-02
  -0.2293D-03  -0.5024D-03  -0.1932D-03  -0.3767D-03  -0.2293D-03  -0.5024D-03  -0.1932D-03  -0.3767D-03
  2.000  1.000
  -0.5569D-02   0.0000D+00  -0.3357D-02   0.0000D+00   0.0000D+00   0.0000D+00  -0.1330D-02   0.0000D+00  -0.5569D-02   0.0000D+00  -0.3357D-02   0.0000D+00
   0.4216D-01   0.0000D+00   0.6046D-02   0.0000D+00   0.1993D-01   0.0000D+00   0.5021D-02   0.0000D+00   0.1116D-02   0.0000D+00   0.0000D+00   0.0000D+00   0.4216D-01   0.0000D+00   0.6046D-02   0.0000D+00   0.1993D-01   0.0000D+00
   0.0000D+00   0.0000D+00   0.0000D+00   0.0000D+00   0.0000D+00   0.0000D+00   0.0000D+00   0.0000D+00
  -0.7182D-02   0.3408D-03  -0.4415D-02   0.1976D-03   0.1110D-03  -0.1031D-03  -0.1706D-02   0.8138D-04  -0.7182D-02   0.3408D-03  -0.4415D-02   0.1976D-03
   0.4625D-01  -0.1887D-02   0.6686D-02  -0.5165D-03   0.1958D-01  -0.2882D-02   0.5914D-02   0.0000D+00   0.1411D-02   0.1056D-03  -0.2356D-03   0.3457D-03   0.4625D-01  -0.1887D-02   0.6686D-02  -0.5165D-03   0.1958D-01  -0.2882D-02
  -0.2130D-03  -0.4668D-03  -0.1795D-03  -0.3500D-03  -0.2130D-03  -0.4668D-03  -0.1795D-03  -0.3500D-03
  2.000  2.000
  -0.5200D-02   0.0000D+00  -0.3135D-02   0.0000D+00   0.0000D+00   0.0000D+00  -0.1242D-02   0.0000D+00  -0.5200D-02   0.0000D+00  -0.3135D-02   0.0000D+00
   0.4216D-01   0.0000D+00   0.6046D-02   0.0000D+00   0.1993D-01   0.0000D+00   0.5021D-02   0.0000D+00   0.1116D-02   0.0000D+00   0.0000D+00   0.0000D+00   0.4216D-01   0.0000D+00   0.6046D-02   0.0000D+00   0.1993D-01   0.0000D+00
   0.0000D+00   0.0000D+00   0.0000D+00   0.0000D+00   0.0000D+00   0.0000D+00   0.0000D+00   0.0000D+00
  -0.6941D-02   0.2972D-03  -0.4259D-02   0.1723D-03   0.9683D-04  -0.8991D-04  -0.1650D-02   0.7098D-04  -0.6941D-02   0.2972D-03  -0.4259D-02   0.1723D-03
   0.4598D-01  -0.1762D-02   0.6644D-02  -0.4824D-03   0.1961D-01  -0.2691D-02   0.5855D-02   0.0000D+00   0.1391D-02   0.9866D-04  -0.2200D-03   0.3229D-03   0.4598D-01  -0.1762D-02   0.6644D-02  -0.4824D-03   0.1961D-01  -0.2691D-02
  -0.1989D-03  -0.4359D-03  -0.1676D-03  -0.3268D-03  -0.1989D-03  -0.4359D-03  -0.1676D-03  -0.3268D-03
