 LHC=           1 sqrts=   8000.0000000000000      ang=           4 mode=fital                                                                                               scalescheme=           1 R=  0.69999999999999996     
 CT10nlo_rand5678                                                                                             118
 Bin information: chid, chiu, md, mu, mu0
   0.0000000000000000       0.50000000000000000        84.000000000000000        97.000000000000000        90.500000000000000     
 9 scales(muf, mur)*(LO(38), NLO(38))
  0.500  0.500
  -0.1318D+02   0.0000D+00  -0.2210D+02   0.0000D+00   0.0000D+00   0.0000D+00  -0.2376D+02   0.0000D+00  -0.1318D+02   0.0000D+00  -0.2210D+02   0.0000D+00
   0.3608D+00   0.0000D+00   0.6744D-01   0.0000D+00   0.7537D-01   0.0000D+00   0.1603D+00   0.0000D+00   0.3563D-01   0.0000D+00   0.0000D+00   0.0000D+00   0.3608D+00   0.0000D+00   0.6744D-01   0.0000D+00   0.7537D-01   0.0000D+00
   0.0000D+00   0.0000D+00   0.0000D+00   0.0000D+00   0.0000D+00   0.0000D+00   0.0000D+00   0.0000D+00
  -0.8984D+01   0.4062D+01  -0.1772D+02   0.2445D+01   0.1941D+01  -0.2985D+01  -0.2095D+02  -0.2712D+00  -0.8984D+01   0.4062D+01  -0.1772D+02   0.2445D+01
   0.7154D+00  -0.1177D-01   0.1328D+00  -0.5297D-02   0.1112D+00  -0.4258D-01   0.2859D+00   0.0000D+00   0.7567D-01   0.5472D-02   0.6133D-02   0.1791D-01   0.7154D+00  -0.1177D-01   0.1328D+00  -0.5297D-02   0.1112D+00  -0.4258D-01
  -0.3443D-03  -0.4378D-02  -0.2814D-02  -0.9300D-02  -0.3443D-03  -0.4378D-02  -0.2814D-02  -0.9300D-02
  0.500  1.000
  -0.1180D+02   0.0000D+00  -0.1978D+02   0.0000D+00   0.0000D+00   0.0000D+00  -0.2127D+02   0.0000D+00  -0.1180D+02   0.0000D+00  -0.1978D+02   0.0000D+00
   0.3608D+00   0.0000D+00   0.6744D-01   0.0000D+00   0.7537D-01   0.0000D+00   0.1603D+00   0.0000D+00   0.3563D-01   0.0000D+00   0.0000D+00   0.0000D+00   0.3608D+00   0.0000D+00   0.6744D-01   0.0000D+00   0.7537D-01   0.0000D+00
   0.0000D+00   0.0000D+00   0.0000D+00   0.0000D+00   0.0000D+00   0.0000D+00   0.0000D+00   0.0000D+00
  -0.9629D+01   0.3254D+01  -0.1827D+02   0.1958D+01   0.1554D+01  -0.2390D+01  -0.2116D+02  -0.2172D+00  -0.9629D+01   0.3254D+01  -0.1827D+02   0.1958D+01
   0.6810D+00  -0.1053D-01   0.1265D+00  -0.4741D-02   0.1081D+00  -0.3811D-01   0.2736D+00   0.0000D+00   0.7171D-01   0.4897D-02   0.5537D-02   0.1603D-01   0.6810D+00  -0.1053D-01   0.1265D+00  -0.4741D-02   0.1081D+00  -0.3811D-01
  -0.3080D-03  -0.3918D-02  -0.2519D-02  -0.8324D-02  -0.3080D-03  -0.3918D-02  -0.2519D-02  -0.8324D-02
  0.500  2.000
  -0.1068D+02   0.0000D+00  -0.1791D+02   0.0000D+00   0.0000D+00   0.0000D+00  -0.1926D+02   0.0000D+00  -0.1068D+02   0.0000D+00  -0.1791D+02   0.0000D+00
   0.3608D+00   0.0000D+00   0.6744D-01   0.0000D+00   0.7537D-01   0.0000D+00   0.1603D+00   0.0000D+00   0.3563D-01   0.0000D+00   0.0000D+00   0.0000D+00   0.3608D+00   0.0000D+00   0.6744D-01   0.0000D+00   0.7537D-01   0.0000D+00
   0.0000D+00   0.0000D+00   0.0000D+00   0.0000D+00   0.0000D+00   0.0000D+00   0.0000D+00   0.0000D+00
  -0.9881D+01   0.2668D+01  -0.1831D+02   0.1605D+01   0.1273D+01  -0.1960D+01  -0.2093D+02  -0.1781D+00  -0.9881D+01   0.2668D+01  -0.1831D+02   0.1605D+01
   0.6525D+00  -0.9537D-02   0.1212D+00  -0.4293D-02   0.1053D+00  -0.3451D-01   0.2634D+00   0.0000D+00   0.6847D-01   0.4435D-02   0.5050D-02   0.1451D-01   0.6525D+00  -0.9537D-02   0.1212D+00  -0.4293D-02   0.1053D+00  -0.3451D-01
  -0.2788D-03  -0.3548D-02  -0.2281D-02  -0.7538D-02  -0.2788D-03  -0.3548D-02  -0.2281D-02  -0.7538D-02
  1.000  0.500
  -0.1374D+02   0.0000D+00  -0.2326D+02   0.0000D+00   0.0000D+00   0.0000D+00  -0.2490D+02   0.0000D+00  -0.1374D+02   0.0000D+00  -0.2326D+02   0.0000D+00
   0.3825D+00   0.0000D+00   0.7063D-01   0.0000D+00   0.7831D-01   0.0000D+00   0.1694D+00   0.0000D+00   0.3765D-01   0.0000D+00   0.0000D+00   0.0000D+00   0.3825D+00   0.0000D+00   0.7063D-01   0.0000D+00   0.7831D-01   0.0000D+00
   0.0000D+00   0.0000D+00   0.0000D+00   0.0000D+00   0.0000D+00   0.0000D+00   0.0000D+00   0.0000D+00
  -0.8521D+01   0.4322D+01  -0.1789D+02   0.2557D+01   0.1985D+01  -0.3138D+01  -0.2074D+02  -0.2860D+00  -0.8521D+01   0.4322D+01  -0.1789D+02   0.2557D+01
   0.6898D+00  -0.1207D-01   0.1281D+00  -0.5561D-02   0.1046D+00  -0.4558D-01   0.2782D+00   0.0000D+00   0.7378D-01   0.5723D-02   0.5641D-02   0.1873D-01   0.6898D+00  -0.1207D-01   0.1281D+00  -0.5561D-02   0.1046D+00  -0.4558D-01
  -0.3714D-03  -0.4459D-02  -0.3039D-02  -0.9777D-02  -0.3714D-03  -0.4459D-02  -0.3039D-02  -0.9777D-02
  1.000  1.000
  -0.1230D+02   0.0000D+00  -0.2082D+02   0.0000D+00   0.0000D+00   0.0000D+00  -0.2228D+02   0.0000D+00  -0.1230D+02   0.0000D+00  -0.2082D+02   0.0000D+00
   0.3825D+00   0.0000D+00   0.7063D-01   0.0000D+00   0.7831D-01   0.0000D+00   0.1694D+00   0.0000D+00   0.3765D-01   0.0000D+00   0.0000D+00   0.0000D+00   0.3825D+00   0.0000D+00   0.7063D-01   0.0000D+00   0.7831D-01   0.0000D+00
   0.0000D+00   0.0000D+00   0.0000D+00   0.0000D+00   0.0000D+00   0.0000D+00   0.0000D+00   0.0000D+00
  -0.9362D+01   0.3462D+01  -0.1863D+02   0.2048D+01   0.1588D+01  -0.2513D+01  -0.2120D+02  -0.2291D+00  -0.9362D+01   0.3462D+01  -0.1863D+02   0.2048D+01
   0.6607D+00  -0.1080D-01   0.1226D+00  -0.4978D-02   0.1026D+00  -0.4080D-01   0.2677D+00   0.0000D+00   0.7025D-01   0.5122D-02   0.5099D-02   0.1676D-01   0.6607D+00  -0.1080D-01   0.1226D+00  -0.4978D-02   0.1026D+00  -0.4080D-01
  -0.3323D-03  -0.3991D-02  -0.2720D-02  -0.8751D-02  -0.3323D-03  -0.3991D-02  -0.2720D-02  -0.8751D-02
  1.000  2.000
  -0.1114D+02   0.0000D+00  -0.1885D+02   0.0000D+00   0.0000D+00   0.0000D+00  -0.2018D+02   0.0000D+00  -0.1114D+02   0.0000D+00  -0.1885D+02   0.0000D+00
   0.3825D+00   0.0000D+00   0.7063D-01   0.0000D+00   0.7831D-01   0.0000D+00   0.1694D+00   0.0000D+00   0.3765D-01   0.0000D+00   0.0000D+00   0.0000D+00   0.3825D+00   0.0000D+00   0.7063D-01   0.0000D+00   0.7831D-01   0.0000D+00
   0.0000D+00   0.0000D+00   0.0000D+00   0.0000D+00   0.0000D+00   0.0000D+00   0.0000D+00   0.0000D+00
  -0.9748D+01   0.2838D+01  -0.1878D+02   0.1679D+01   0.1301D+01  -0.2061D+01  -0.2114D+02  -0.1878D+00  -0.9748D+01   0.2838D+01  -0.1878D+02   0.1679D+01
   0.6377D+00  -0.9784D-02   0.1183D+00  -0.4507D-02   0.1012D+00  -0.3694D-01   0.2593D+00   0.0000D+00   0.6742D-01   0.4638D-02   0.4652D-02   0.1518D-01   0.6377D+00  -0.9784D-02   0.1183D+00  -0.4507D-02   0.1012D+00  -0.3694D-01
  -0.3008D-03  -0.3614D-02  -0.2463D-02  -0.7924D-02  -0.3008D-03  -0.3614D-02  -0.2463D-02  -0.7924D-02
  2.000  0.500
  -0.1405D+02   0.0000D+00  -0.2454D+02   0.0000D+00   0.0000D+00   0.0000D+00  -0.2617D+02   0.0000D+00  -0.1405D+02   0.0000D+00  -0.2454D+02   0.0000D+00
   0.3948D+00   0.0000D+00   0.7470D-01   0.0000D+00   0.8188D-01   0.0000D+00   0.1755D+00   0.0000D+00   0.3901D-01   0.0000D+00   0.0000D+00   0.0000D+00   0.3948D+00   0.0000D+00   0.7470D-01   0.0000D+00   0.8188D-01   0.0000D+00
   0.0000D+00   0.0000D+00   0.0000D+00   0.0000D+00   0.0000D+00   0.0000D+00   0.0000D+00   0.0000D+00
  -0.8349D+01   0.4561D+01  -0.1771D+02   0.2696D+01   0.2153D+01  -0.3292D+01  -0.2100D+02  -0.2961D+00  -0.8349D+01   0.4561D+01  -0.1771D+02   0.2696D+01
   0.6823D+00  -0.1258D-01   0.1290D+00  -0.5735D-02   0.1109D+00  -0.4640D-01   0.2761D+00   0.0000D+00   0.7384D-01   0.6046D-02   0.5008D-02   0.1979D-01   0.6823D+00  -0.1258D-01   0.1290D+00  -0.5735D-02   0.1109D+00  -0.4640D-01
  -0.4029D-03  -0.4767D-02  -0.3200D-02  -0.1022D-01  -0.4029D-03  -0.4767D-02  -0.3200D-02  -0.1022D-01
  2.000  1.000
  -0.1258D+02   0.0000D+00  -0.2196D+02   0.0000D+00   0.0000D+00   0.0000D+00  -0.2342D+02   0.0000D+00  -0.1258D+02   0.0000D+00  -0.2196D+02   0.0000D+00
   0.3948D+00   0.0000D+00   0.7470D-01   0.0000D+00   0.8188D-01   0.0000D+00   0.1755D+00   0.0000D+00   0.3901D-01   0.0000D+00   0.0000D+00   0.0000D+00   0.3948D+00   0.0000D+00   0.7470D-01   0.0000D+00   0.8188D-01   0.0000D+00
   0.0000D+00   0.0000D+00   0.0000D+00   0.0000D+00   0.0000D+00   0.0000D+00   0.0000D+00   0.0000D+00
  -0.9237D+01   0.3653D+01  -0.1867D+02   0.2159D+01   0.1724D+01  -0.2637D+01  -0.2161D+02  -0.2372D+00  -0.9237D+01   0.3653D+01  -0.1867D+02   0.2159D+01
   0.6326D+00  -0.1126D-01   0.1200D+00  -0.5133D-02   0.1023D+00  -0.4153D-01   0.2612D+00   0.0000D+00   0.6881D-01   0.5411D-02   0.4336D-02   0.1771D-01   0.6326D+00  -0.1126D-01   0.1200D+00  -0.5133D-02   0.1023D+00  -0.4153D-01
  -0.3604D-03  -0.4266D-02  -0.2864D-02  -0.9151D-02  -0.3604D-03  -0.4266D-02  -0.2864D-02  -0.9151D-02
  2.000  2.000
  -0.1139D+02   0.0000D+00  -0.1989D+02   0.0000D+00   0.0000D+00   0.0000D+00  -0.2121D+02   0.0000D+00  -0.1139D+02   0.0000D+00  -0.1989D+02   0.0000D+00
   0.3948D+00   0.0000D+00   0.7470D-01   0.0000D+00   0.8188D-01   0.0000D+00   0.1755D+00   0.0000D+00   0.3901D-01   0.0000D+00   0.0000D+00   0.0000D+00   0.3948D+00   0.0000D+00   0.7470D-01   0.0000D+00   0.8188D-01   0.0000D+00
   0.0000D+00   0.0000D+00   0.0000D+00   0.0000D+00   0.0000D+00   0.0000D+00   0.0000D+00   0.0000D+00
  -0.9693D+01   0.2995D+01  -0.1900D+02   0.1771D+01   0.1412D+01  -0.2162D+01  -0.2166D+02  -0.1945D+00  -0.9693D+01   0.2995D+01  -0.1900D+02   0.1771D+01
   0.6136D+00  -0.1020D-01   0.1163D+00  -0.4648D-02   0.1011D+00  -0.3761D-01   0.2541D+00   0.0000D+00   0.6629D-01   0.4900D-02   0.3986D-02   0.1604D-01   0.6136D+00  -0.1020D-01   0.1163D+00  -0.4648D-02   0.1011D+00  -0.3761D-01
  -0.3263D-03  -0.3863D-02  -0.2593D-02  -0.8287D-02  -0.3263D-03  -0.3863D-02  -0.2593D-02  -0.8287D-02
