 LHC=           1 sqrts=   8000.0000000000000      ang=           4 mode=fital                                                                                               scalescheme=           1 R=  0.69999999999999996     
 CT10nlo_rand5678                                                                                             118
 Bin information: chid, chiu, md, mu, mu0
   0.0000000000000000       0.50000000000000000        686.00000000000000        737.00000000000000        711.50000000000000     
 9 scales(muf, mur)*(LO(38), NLO(38))
  0.500  0.500
  -0.3856D+00   0.0000D+00  -0.3203D+00   0.0000D+00   0.0000D+00   0.0000D+00  -0.2149D+00   0.0000D+00  -0.3856D+00   0.0000D+00  -0.3203D+00   0.0000D+00
   0.4701D+00   0.0000D+00   0.7669D-01   0.0000D+00   0.1672D+00   0.0000D+00   0.1171D+00   0.0000D+00   0.2602D-01   0.0000D+00   0.0000D+00   0.0000D+00   0.4701D+00   0.0000D+00   0.7669D-01   0.0000D+00   0.1672D+00   0.0000D+00
   0.0000D+00   0.0000D+00   0.0000D+00   0.0000D+00   0.0000D+00   0.0000D+00   0.0000D+00   0.0000D+00
  -0.2980D+00   0.4115D-01  -0.2775D+00   0.2391D-01   0.2538D-01  -0.2012D-01  -0.1924D+00   0.4392D-02  -0.2980D+00   0.4115D-01  -0.2775D+00   0.2391D-01
   0.3769D+00  -0.1913D-01   0.6362D-01  -0.6133D-02   0.9216D-01  -0.4000D-01   0.1031D+00   0.0000D+00   0.2575D-01   0.2974D-02  -0.3030D-02   0.9734D-02   0.3769D+00  -0.1913D-01   0.6362D-01  -0.6133D-02   0.9216D-01  -0.4000D-01
  -0.1811D-02  -0.5430D-02  -0.2835D-02  -0.6514D-02  -0.1811D-02  -0.5430D-02  -0.2835D-02  -0.6514D-02
  0.500  1.000
  -0.3550D+00   0.0000D+00  -0.2949D+00   0.0000D+00   0.0000D+00   0.0000D+00  -0.1979D+00   0.0000D+00  -0.3550D+00   0.0000D+00  -0.2949D+00   0.0000D+00
   0.4701D+00   0.0000D+00   0.7669D-01   0.0000D+00   0.1672D+00   0.0000D+00   0.1171D+00   0.0000D+00   0.2602D-01   0.0000D+00   0.0000D+00   0.0000D+00   0.4701D+00   0.0000D+00   0.7669D-01   0.0000D+00   0.1672D+00   0.0000D+00
   0.0000D+00   0.0000D+00   0.0000D+00   0.0000D+00   0.0000D+00   0.0000D+00   0.0000D+00   0.0000D+00
  -0.3080D+00   0.3489D-01  -0.2812D+00   0.2028D-01   0.2152D-01  -0.1706D-01  -0.1939D+00   0.3724D-02  -0.3080D+00   0.3489D-01  -0.2812D+00   0.2028D-01
   0.3844D+00  -0.1762D-01   0.6467D-01  -0.5647D-02   0.9814D-01  -0.3683D-01   0.1043D+00   0.0000D+00   0.2578D-01   0.2739D-02  -0.2790D-02   0.8963D-02   0.3844D+00  -0.1762D-01   0.6467D-01  -0.5647D-02   0.9814D-01  -0.3683D-01
  -0.1668D-02  -0.5000D-02  -0.2610D-02  -0.5998D-02  -0.1668D-02  -0.5000D-02  -0.2610D-02  -0.5998D-02
  0.500  2.000
  -0.3291D+00   0.0000D+00  -0.2733D+00   0.0000D+00   0.0000D+00   0.0000D+00  -0.1834D+00   0.0000D+00  -0.3291D+00   0.0000D+00  -0.2733D+00   0.0000D+00
   0.4701D+00   0.0000D+00   0.7669D-01   0.0000D+00   0.1672D+00   0.0000D+00   0.1171D+00   0.0000D+00   0.2602D-01   0.0000D+00   0.0000D+00   0.0000D+00   0.4701D+00   0.0000D+00   0.7669D-01   0.0000D+00   0.1672D+00   0.0000D+00
   0.0000D+00   0.0000D+00   0.0000D+00   0.0000D+00   0.0000D+00   0.0000D+00   0.0000D+00   0.0000D+00
  -0.3120D+00   0.2997D-01  -0.2809D+00   0.1742D-01   0.1848D-01  -0.1465D-01  -0.1930D+00   0.3199D-02  -0.3120D+00   0.2997D-01  -0.2809D+00   0.1742D-01
   0.3907D+00  -0.1633D-01   0.6556D-01  -0.5234D-02   0.1032D+00  -0.3413D-01   0.1052D+00   0.0000D+00   0.2580D-01   0.2538D-02  -0.2586D-02   0.8307D-02   0.3907D+00  -0.1633D-01   0.6556D-01  -0.5234D-02   0.1032D+00  -0.3413D-01
  -0.1546D-02  -0.4634D-02  -0.2419D-02  -0.5559D-02  -0.1546D-02  -0.4634D-02  -0.2419D-02  -0.5559D-02
  1.000  0.500
  -0.3531D+00   0.0000D+00  -0.2934D+00   0.0000D+00   0.0000D+00   0.0000D+00  -0.1965D+00   0.0000D+00  -0.3531D+00   0.0000D+00  -0.2934D+00   0.0000D+00
   0.4310D+00   0.0000D+00   0.7023D-01   0.0000D+00   0.1532D+00   0.0000D+00   0.1068D+00   0.0000D+00   0.2373D-01   0.0000D+00   0.0000D+00   0.0000D+00   0.4310D+00   0.0000D+00   0.7023D-01   0.0000D+00   0.1532D+00   0.0000D+00
   0.0000D+00   0.0000D+00   0.0000D+00   0.0000D+00   0.0000D+00   0.0000D+00   0.0000D+00   0.0000D+00
  -0.3028D+00   0.3761D-01  -0.2798D+00   0.2187D-01   0.2319D-01  -0.1838D-01  -0.1947D+00   0.4049D-02  -0.3028D+00   0.3761D-01  -0.2798D+00   0.2187D-01
   0.3819D+00  -0.1751D-01   0.6429D-01  -0.5618D-02   0.9717D-01  -0.3673D-01   0.1033D+00   0.0000D+00   0.2553D-01   0.2714D-02  -0.2708D-02   0.8882D-02   0.3819D+00  -0.1751D-01   0.6429D-01  -0.5618D-02   0.9717D-01  -0.3673D-01
  -0.1661D-02  -0.5008D-02  -0.2596D-02  -0.5961D-02  -0.1661D-02  -0.5008D-02  -0.2596D-02  -0.5961D-02
  1.000  1.000
  -0.3251D+00   0.0000D+00  -0.2702D+00   0.0000D+00   0.0000D+00   0.0000D+00  -0.1809D+00   0.0000D+00  -0.3251D+00   0.0000D+00  -0.2702D+00   0.0000D+00
   0.4310D+00   0.0000D+00   0.7023D-01   0.0000D+00   0.1532D+00   0.0000D+00   0.1068D+00   0.0000D+00   0.2373D-01   0.0000D+00   0.0000D+00   0.0000D+00   0.4310D+00   0.0000D+00   0.7023D-01   0.0000D+00   0.1532D+00   0.0000D+00
   0.0000D+00   0.0000D+00   0.0000D+00   0.0000D+00   0.0000D+00   0.0000D+00   0.0000D+00   0.0000D+00
  -0.3074D+00   0.3188D-01  -0.2793D+00   0.1854D-01   0.1966D-01  -0.1558D-01  -0.1933D+00   0.3433D-02  -0.3074D+00   0.3188D-01  -0.2793D+00   0.1854D-01
   0.3858D+00  -0.1612D-01   0.6477D-01  -0.5173D-02   0.1016D+00  -0.3382D-01   0.1036D+00   0.0000D+00   0.2539D-01   0.2499D-02  -0.2494D-02   0.8179D-02   0.3858D+00  -0.1612D-01   0.6477D-01  -0.5173D-02   0.1016D+00  -0.3382D-01
  -0.1529D-02  -0.4612D-02  -0.2390D-02  -0.5489D-02  -0.1529D-02  -0.4612D-02  -0.2390D-02  -0.5489D-02
  1.000  2.000
  -0.3013D+00   0.0000D+00  -0.2504D+00   0.0000D+00   0.0000D+00   0.0000D+00  -0.1677D+00   0.0000D+00  -0.3013D+00   0.0000D+00  -0.2504D+00   0.0000D+00
   0.4310D+00   0.0000D+00   0.7023D-01   0.0000D+00   0.1532D+00   0.0000D+00   0.1068D+00   0.0000D+00   0.2373D-01   0.0000D+00   0.0000D+00   0.0000D+00   0.4310D+00   0.0000D+00   0.7023D-01   0.0000D+00   0.1532D+00   0.0000D+00
   0.0000D+00   0.0000D+00   0.0000D+00   0.0000D+00   0.0000D+00   0.0000D+00   0.0000D+00   0.0000D+00
  -0.3075D+00   0.2739D-01  -0.2760D+00   0.1593D-01   0.1689D-01  -0.1339D-01  -0.1902D+00   0.2949D-02  -0.3075D+00   0.2739D-01  -0.2760D+00   0.1593D-01
   0.3892D+00  -0.1494D-01   0.6518D-01  -0.4794D-02   0.1054D+00  -0.3134D-01   0.1039D+00   0.0000D+00   0.2527D-01   0.2316D-02  -0.2311D-02   0.7580D-02   0.3892D+00  -0.1494D-01   0.6518D-01  -0.4794D-02   0.1054D+00  -0.3134D-01
  -0.1418D-02  -0.4274D-02  -0.2215D-02  -0.5087D-02  -0.1418D-02  -0.4274D-02  -0.2215D-02  -0.5087D-02
  2.000  0.500
  -0.3257D+00   0.0000D+00  -0.2704D+00   0.0000D+00   0.0000D+00   0.0000D+00  -0.1808D+00   0.0000D+00  -0.3257D+00   0.0000D+00  -0.2704D+00   0.0000D+00
   0.3965D+00   0.0000D+00   0.6465D-01   0.0000D+00   0.1411D+00   0.0000D+00   0.9794D-01   0.0000D+00   0.2176D-01   0.0000D+00   0.0000D+00   0.0000D+00   0.3965D+00   0.0000D+00   0.6465D-01   0.0000D+00   0.1411D+00   0.0000D+00
   0.0000D+00   0.0000D+00   0.0000D+00   0.0000D+00   0.0000D+00   0.0000D+00   0.0000D+00   0.0000D+00
  -0.3089D+00   0.3463D-01  -0.2831D+00   0.2016D-01   0.2132D-01  -0.1692D-01  -0.1957D+00   0.3758D-02  -0.3089D+00   0.3463D-01  -0.2831D+00   0.2016D-01
   0.3861D+00  -0.1614D-01   0.6492D-01  -0.5170D-02   0.1019D+00  -0.3371D-01   0.1034D+00   0.0000D+00   0.2544D-01   0.2490D-02  -0.2465D-02   0.8148D-02   0.3861D+00  -0.1614D-01   0.6492D-01  -0.5170D-02   0.1019D+00  -0.3371D-01
  -0.1533D-02  -0.4624D-02  -0.2387D-02  -0.5478D-02  -0.1533D-02  -0.4624D-02  -0.2387D-02  -0.5478D-02
  2.000  1.000
  -0.2999D+00   0.0000D+00  -0.2490D+00   0.0000D+00   0.0000D+00   0.0000D+00  -0.1665D+00   0.0000D+00  -0.2999D+00   0.0000D+00  -0.2490D+00   0.0000D+00
   0.3965D+00   0.0000D+00   0.6465D-01   0.0000D+00   0.1411D+00   0.0000D+00   0.9794D-01   0.0000D+00   0.2176D-01   0.0000D+00   0.0000D+00   0.0000D+00   0.3965D+00   0.0000D+00   0.6465D-01   0.0000D+00   0.1411D+00   0.0000D+00
   0.0000D+00   0.0000D+00   0.0000D+00   0.0000D+00   0.0000D+00   0.0000D+00   0.0000D+00   0.0000D+00
  -0.3086D+00   0.2936D-01  -0.2788D+00   0.1710D-01   0.1807D-01  -0.1434D-01  -0.1919D+00   0.3186D-02  -0.3086D+00   0.2936D-01  -0.2788D+00   0.1710D-01
   0.3870D+00  -0.1486D-01   0.6491D-01  -0.4760D-02   0.1050D+00  -0.3104D-01   0.1030D+00   0.0000D+00   0.2516D-01   0.2292D-02  -0.2270D-02   0.7502D-02   0.3870D+00  -0.1486D-01   0.6491D-01  -0.4760D-02   0.1050D+00  -0.3104D-01
  -0.1412D-02  -0.4258D-02  -0.2198D-02  -0.5044D-02  -0.1412D-02  -0.4258D-02  -0.2198D-02  -0.5044D-02
  2.000  2.000
  -0.2779D+00   0.0000D+00  -0.2308D+00   0.0000D+00   0.0000D+00   0.0000D+00  -0.1543D+00   0.0000D+00  -0.2779D+00   0.0000D+00  -0.2308D+00   0.0000D+00
   0.3965D+00   0.0000D+00   0.6465D-01   0.0000D+00   0.1411D+00   0.0000D+00   0.9794D-01   0.0000D+00   0.2176D-01   0.0000D+00   0.0000D+00   0.0000D+00   0.3965D+00   0.0000D+00   0.6465D-01   0.0000D+00   0.1411D+00   0.0000D+00
   0.0000D+00   0.0000D+00   0.0000D+00   0.0000D+00   0.0000D+00   0.0000D+00   0.0000D+00   0.0000D+00
  -0.3051D+00   0.2522D-01  -0.2728D+00   0.1468D-01   0.1553D-01  -0.1232D-01  -0.1870D+00   0.2737D-02  -0.3051D+00   0.2522D-01  -0.2728D+00   0.1468D-01
   0.3878D+00  -0.1378D-01   0.6490D-01  -0.4412D-02   0.1077D+00  -0.2877D-01   0.1026D+00   0.0000D+00   0.2491D-01   0.2125D-02  -0.2104D-02   0.6953D-02   0.3878D+00  -0.1378D-01   0.6490D-01  -0.4412D-02   0.1077D+00  -0.2877D-01
  -0.1308D-02  -0.3946D-02  -0.2037D-02  -0.4675D-02  -0.1308D-02  -0.3946D-02  -0.2037D-02  -0.4675D-02
