 LHC=           1 sqrts=   8000.0000000000000      ang=           4 mode=fital                                                                                               scalescheme=           1 R=  0.69999999999999996     
 MSTW2008nlo68cl_rand1235                                                                                      50
 Bin information: chid, chiu, md, mu, mu0
   0.0000000000000000       0.50000000000000000        395.00000000000000        430.00000000000000        412.50000000000000     
 9 scales(muf, mur)*(LO(38), NLO(38))
  0.500  0.500
  -0.1230D+01   0.0000D+00  -0.1253D+01   0.0000D+00   0.0000D+00   0.0000D+00  -0.1082D+01   0.0000D+00  -0.1230D+01   0.0000D+00  -0.1253D+01   0.0000D+00
   0.5790D+00   0.0000D+00   0.9998D-01   0.0000D+00   0.1726D+00   0.0000D+00   0.1938D+00   0.0000D+00   0.4307D-01   0.0000D+00   0.0000D+00   0.0000D+00   0.5790D+00   0.0000D+00   0.9998D-01   0.0000D+00   0.1726D+00   0.0000D+00
   0.0000D+00   0.0000D+00   0.0000D+00   0.0000D+00   0.0000D+00   0.0000D+00   0.0000D+00   0.0000D+00
  -0.9035D+00   0.1811D+00  -0.1069D+01   0.1089D+00   0.1080D+00  -0.1104D+00  -0.9980D+00   0.3671D-02  -0.9035D+00   0.1811D+00  -0.1069D+01   0.1089D+00
   0.5315D+00  -0.2151D-01   0.9403D-01  -0.7661D-02   0.1032D+00  -0.5429D-01   0.1866D+00   0.0000D+00   0.4679D-01   0.5371D-02  -0.2072D-02   0.1758D-01   0.5315D+00  -0.2151D-01   0.9403D-01  -0.7661D-02   0.1032D+00  -0.5429D-01
  -0.1734D-02  -0.6813D-02  -0.4038D-02  -0.1024D-01  -0.1734D-02  -0.6813D-02  -0.4038D-02  -0.1024D-01
  0.500  1.000
  -0.1124D+01   0.0000D+00  -0.1145D+01   0.0000D+00   0.0000D+00   0.0000D+00  -0.9886D+00   0.0000D+00  -0.1124D+01   0.0000D+00  -0.1145D+01   0.0000D+00
   0.5790D+00   0.0000D+00   0.9998D-01   0.0000D+00   0.1726D+00   0.0000D+00   0.1938D+00   0.0000D+00   0.4307D-01   0.0000D+00   0.0000D+00   0.0000D+00   0.5790D+00   0.0000D+00   0.9998D-01   0.0000D+00   0.1726D+00   0.0000D+00
   0.0000D+00   0.0000D+00   0.0000D+00   0.0000D+00   0.0000D+00   0.0000D+00   0.0000D+00   0.0000D+00
  -0.9448D+00   0.1513D+00  -0.1086D+01   0.9098D-01   0.9021D-01  -0.9222D-01  -0.1001D+01   0.3067D-02  -0.9448D+00   0.1513D+00  -0.1086D+01   0.9098D-01
   0.5359D+00  -0.1966D-01   0.9459D-01  -0.7003D-02   0.1093D+00  -0.4962D-01   0.1873D+00   0.0000D+00   0.4648D-01   0.4909D-02  -0.1893D-02   0.1607D-01   0.5359D+00  -0.1966D-01   0.9459D-01  -0.7003D-02   0.1093D+00  -0.4962D-01
  -0.1585D-02  -0.6228D-02  -0.3691D-02  -0.9363D-02  -0.1585D-02  -0.6228D-02  -0.3691D-02  -0.9363D-02
  0.500  2.000
  -0.1036D+01   0.0000D+00  -0.1055D+01   0.0000D+00   0.0000D+00   0.0000D+00  -0.9105D+00   0.0000D+00  -0.1036D+01   0.0000D+00  -0.1055D+01   0.0000D+00
   0.5790D+00   0.0000D+00   0.9998D-01   0.0000D+00   0.1726D+00   0.0000D+00   0.1938D+00   0.0000D+00   0.4307D-01   0.0000D+00   0.0000D+00   0.0000D+00   0.5790D+00   0.0000D+00   0.9998D-01   0.0000D+00   0.1726D+00   0.0000D+00
   0.0000D+00   0.0000D+00   0.0000D+00   0.0000D+00   0.0000D+00   0.0000D+00   0.0000D+00   0.0000D+00
  -0.9624D+00   0.1284D+00  -0.1085D+01   0.7718D-01   0.7652D-01  -0.7823D-01  -0.9904D+00   0.2602D-02  -0.9624D+00   0.1284D+00  -0.1085D+01   0.7718D-01
   0.5395D+00  -0.1811D-01   0.9505D-01  -0.6450D-02   0.1143D+00  -0.4571D-01   0.1879D+00   0.0000D+00   0.4623D-01   0.4522D-02  -0.1743D-02   0.1480D-01   0.5395D+00  -0.1811D-01   0.9505D-01  -0.6450D-02   0.1143D+00  -0.4571D-01
  -0.1459D-02  -0.5736D-02  -0.3399D-02  -0.8624D-02  -0.1459D-02  -0.5736D-02  -0.3399D-02  -0.8624D-02
  1.000  0.500
  -0.1161D+01   0.0000D+00  -0.1187D+01   0.0000D+00   0.0000D+00   0.0000D+00  -0.1022D+01   0.0000D+00  -0.1161D+01   0.0000D+00  -0.1187D+01   0.0000D+00
   0.5455D+00   0.0000D+00   0.9408D-01   0.0000D+00   0.1623D+00   0.0000D+00   0.1831D+00   0.0000D+00   0.4068D-01   0.0000D+00   0.0000D+00   0.0000D+00   0.5455D+00   0.0000D+00   0.9408D-01   0.0000D+00   0.1623D+00   0.0000D+00
   0.0000D+00   0.0000D+00   0.0000D+00   0.0000D+00   0.0000D+00   0.0000D+00   0.0000D+00   0.0000D+00
  -0.9251D+00   0.1713D+00  -0.1076D+01   0.1028D+00   0.1018D+00  -0.1043D+00  -0.1004D+01   0.3612D-02  -0.9251D+00   0.1713D+00  -0.1076D+01   0.1028D+00
   0.5275D+00  -0.2023D-01   0.9317D-01  -0.7228D-02   0.1048D+00  -0.5145D-01   0.1855D+00   0.0000D+00   0.4613D-01   0.5071D-02  -0.2210D-02   0.1660D-01   0.5275D+00  -0.2023D-01   0.9317D-01  -0.7228D-02   0.1048D+00  -0.5145D-01
  -0.1642D-02  -0.6539D-02  -0.3829D-02  -0.9656D-02  -0.1642D-02  -0.6539D-02  -0.3829D-02  -0.9656D-02
  1.000  1.000
  -0.1061D+01   0.0000D+00  -0.1085D+01   0.0000D+00   0.0000D+00   0.0000D+00  -0.9343D+00   0.0000D+00  -0.1061D+01   0.0000D+00  -0.1085D+01   0.0000D+00
   0.5455D+00   0.0000D+00   0.9408D-01   0.0000D+00   0.1623D+00   0.0000D+00   0.1831D+00   0.0000D+00   0.4068D-01   0.0000D+00   0.0000D+00   0.0000D+00   0.5455D+00   0.0000D+00   0.9408D-01   0.0000D+00   0.1623D+00   0.0000D+00
   0.0000D+00   0.0000D+00   0.0000D+00   0.0000D+00   0.0000D+00   0.0000D+00   0.0000D+00   0.0000D+00
  -0.9522D+00   0.1431D+00  -0.1082D+01   0.8587D-01   0.8502D-01  -0.8716D-01  -0.9969D+00   0.3018D-02  -0.9522D+00   0.1431D+00  -0.1082D+01   0.8587D-01
   0.5293D+00  -0.1849D-01   0.9329D-01  -0.6606D-02   0.1098D+00  -0.4702D-01   0.1854D+00   0.0000D+00   0.4567D-01   0.4635D-02  -0.2020D-02   0.1517D-01   0.5293D+00  -0.1849D-01   0.9329D-01  -0.6606D-02   0.1098D+00  -0.4702D-01
  -0.1501D-02  -0.5977D-02  -0.3500D-02  -0.8826D-02  -0.1501D-02  -0.5977D-02  -0.3500D-02  -0.8826D-02
  1.000  2.000
  -0.9774D+00   0.0000D+00  -0.9990D+00   0.0000D+00   0.0000D+00   0.0000D+00  -0.8606D+00   0.0000D+00  -0.9774D+00   0.0000D+00  -0.9990D+00   0.0000D+00
   0.5455D+00   0.0000D+00   0.9408D-01   0.0000D+00   0.1623D+00   0.0000D+00   0.1831D+00   0.0000D+00   0.4068D-01   0.0000D+00   0.0000D+00   0.0000D+00   0.5455D+00   0.0000D+00   0.9408D-01   0.0000D+00   0.1623D+00   0.0000D+00
   0.0000D+00   0.0000D+00   0.0000D+00   0.0000D+00   0.0000D+00   0.0000D+00   0.0000D+00   0.0000D+00
  -0.9596D+00   0.1214D+00  -0.1073D+01   0.7285D-01   0.7212D-01  -0.7394D-01  -0.9794D+00   0.2560D-02  -0.9596D+00   0.1214D+00  -0.1073D+01   0.7285D-01
   0.5307D+00  -0.1703D-01   0.9338D-01  -0.6085D-02   0.1140D+00  -0.4331D-01   0.1853D+00   0.0000D+00   0.4529D-01   0.4269D-02  -0.1860D-02   0.1397D-01   0.5307D+00  -0.1703D-01   0.9338D-01  -0.6085D-02   0.1140D+00  -0.4331D-01
  -0.1383D-02  -0.5505D-02  -0.3223D-02  -0.8130D-02  -0.1383D-02  -0.5505D-02  -0.3223D-02  -0.8130D-02
  2.000  0.500
  -0.1098D+01   0.0000D+00  -0.1127D+01   0.0000D+00   0.0000D+00   0.0000D+00  -0.9683D+00   0.0000D+00  -0.1098D+01   0.0000D+00  -0.1127D+01   0.0000D+00
   0.5156D+00   0.0000D+00   0.8922D-01   0.0000D+00   0.1532D+00   0.0000D+00   0.1724D+00   0.0000D+00   0.3831D-01   0.0000D+00   0.0000D+00   0.0000D+00   0.5156D+00   0.0000D+00   0.8922D-01   0.0000D+00   0.1532D+00   0.0000D+00
   0.0000D+00   0.0000D+00   0.0000D+00   0.0000D+00   0.0000D+00   0.0000D+00   0.0000D+00   0.0000D+00
  -0.9429D+00   0.1622D+00  -0.1094D+01   0.9723D-01   0.9709D-01  -0.9880D-01  -0.1018D+01   0.3518D-02  -0.9429D+00   0.1622D+00  -0.1094D+01   0.9723D-01
   0.5281D+00  -0.1910D-01   0.9322D-01  -0.6818D-02   0.1069D+00  -0.4825D-01   0.1855D+00   0.0000D+00   0.4584D-01   0.4777D-02  -0.1913D-02   0.1563D-01   0.5281D+00  -0.1910D-01   0.9322D-01  -0.6818D-02   0.1069D+00  -0.4825D-01
  -0.1556D-02  -0.6178D-02  -0.3638D-02  -0.9119D-02  -0.1556D-02  -0.6178D-02  -0.3638D-02  -0.9119D-02
  2.000  1.000
  -0.1004D+01   0.0000D+00  -0.1030D+01   0.0000D+00   0.0000D+00   0.0000D+00  -0.8851D+00   0.0000D+00  -0.1004D+01   0.0000D+00  -0.1030D+01   0.0000D+00
   0.5156D+00   0.0000D+00   0.8922D-01   0.0000D+00   0.1532D+00   0.0000D+00   0.1724D+00   0.0000D+00   0.3831D-01   0.0000D+00   0.0000D+00   0.0000D+00   0.5156D+00   0.0000D+00   0.8922D-01   0.0000D+00   0.1532D+00   0.0000D+00
   0.0000D+00   0.0000D+00   0.0000D+00   0.0000D+00   0.0000D+00   0.0000D+00   0.0000D+00   0.0000D+00
  -0.9574D+00   0.1355D+00  -0.1088D+01   0.8123D-01   0.8111D-01  -0.8254D-01  -0.1000D+01   0.2939D-02  -0.9574D+00   0.1355D+00  -0.1088D+01   0.8123D-01
   0.5274D+00  -0.1746D-01   0.9293D-01  -0.6232D-02   0.1110D+00  -0.4410D-01   0.1845D+00   0.0000D+00   0.4521D-01   0.4366D-02  -0.1748D-02   0.1429D-01   0.5274D+00  -0.1746D-01   0.9293D-01  -0.6232D-02   0.1110D+00  -0.4410D-01
  -0.1423D-02  -0.5647D-02  -0.3325D-02  -0.8336D-02  -0.1423D-02  -0.5647D-02  -0.3325D-02  -0.8336D-02
  2.000  2.000
  -0.9246D+00   0.0000D+00  -0.9486D+00   0.0000D+00   0.0000D+00   0.0000D+00  -0.8152D+00   0.0000D+00  -0.9246D+00   0.0000D+00  -0.9486D+00   0.0000D+00
   0.5156D+00   0.0000D+00   0.8922D-01   0.0000D+00   0.1532D+00   0.0000D+00   0.1724D+00   0.0000D+00   0.3831D-01   0.0000D+00   0.0000D+00   0.0000D+00   0.5156D+00   0.0000D+00   0.8922D-01   0.0000D+00   0.1532D+00   0.0000D+00
   0.0000D+00   0.0000D+00   0.0000D+00   0.0000D+00   0.0000D+00   0.0000D+00   0.0000D+00   0.0000D+00
  -0.9558D+00   0.1150D+00  -0.1070D+01   0.6891D-01   0.6880D-01  -0.7003D-01  -0.9752D+00   0.2494D-02  -0.9558D+00   0.1150D+00  -0.1070D+01   0.6891D-01
   0.5265D+00  -0.1608D-01   0.9266D-01  -0.5740D-02   0.1144D+00  -0.4062D-01   0.1836D+00   0.0000D+00   0.4467D-01   0.4022D-02  -0.1609D-02   0.1316D-01   0.5265D+00  -0.1608D-01   0.9266D-01  -0.5740D-02   0.1144D+00  -0.4062D-01
  -0.1310D-02  -0.5202D-02  -0.3063D-02  -0.7678D-02  -0.1310D-02  -0.5202D-02  -0.3063D-02  -0.7678D-02
