 LHC=           1 sqrts=   8000.0000000000000      ang=           4 mode=fital                                                                                               scalescheme=           1 R=  0.69999999999999996     
 CT10nlo_rand5678                                                                                             320
 Bin information: chid, chiu, md, mu, mu0
   0.0000000000000000       0.50000000000000000        300.00000000000000        330.00000000000000        315.00000000000000     
 9 scales(muf, mur)*(LO(38), NLO(38))
  0.500  0.500
  -0.2044D+01   0.0000D+00  -0.2356D+01   0.0000D+00   0.0000D+00   0.0000D+00  -0.2187D+01   0.0000D+00  -0.2044D+01   0.0000D+00  -0.2356D+01   0.0000D+00
   0.6051D+00   0.0000D+00   0.1070D+00   0.0000D+00   0.1652D+00   0.0000D+00   0.2206D+00   0.0000D+00   0.4903D-01   0.0000D+00   0.0000D+00   0.0000D+00   0.6051D+00   0.0000D+00   0.1070D+00   0.0000D+00   0.1652D+00   0.0000D+00
   0.0000D+00   0.0000D+00   0.0000D+00   0.0000D+00   0.0000D+00   0.0000D+00   0.0000D+00   0.0000D+00
  -0.1482D+01   0.3506D+00  -0.2005D+01   0.2101D+00   0.2028D+00  -0.2279D+00  -0.2011D+01  -0.1922D-02  -0.1482D+01   0.3506D+00  -0.2005D+01   0.2101D+00
   0.6091D+00  -0.2101D-01   0.1103D+00  -0.7954D-02   0.1077D+00  -0.5835D-01   0.2262D+00   0.0000D+00   0.5669D-01   0.6240D-02  -0.2366D-02   0.2042D-01   0.6091D+00  -0.2101D-01   0.1103D+00  -0.7954D-02   0.1077D+00  -0.5835D-01
  -0.1552D-02  -0.7159D-02  -0.4362D-02  -0.1154D-01  -0.1552D-02  -0.7159D-02  -0.4362D-02  -0.1154D-01
  0.500  1.000
  -0.1865D+01   0.0000D+00  -0.2149D+01   0.0000D+00   0.0000D+00   0.0000D+00  -0.1995D+01   0.0000D+00  -0.1865D+01   0.0000D+00  -0.2149D+01   0.0000D+00
   0.6051D+00   0.0000D+00   0.1070D+00   0.0000D+00   0.1652D+00   0.0000D+00   0.2206D+00   0.0000D+00   0.4903D-01   0.0000D+00   0.0000D+00   0.0000D+00   0.6051D+00   0.0000D+00   0.1070D+00   0.0000D+00   0.1652D+00   0.0000D+00
   0.0000D+00   0.0000D+00   0.0000D+00   0.0000D+00   0.0000D+00   0.0000D+00   0.0000D+00   0.0000D+00
  -0.1555D+01   0.2917D+00  -0.2039D+01   0.1748D+00   0.1687D+00  -0.1896D+00  -0.2017D+01  -0.1598D-02  -0.1555D+01   0.2917D+00  -0.2039D+01   0.1748D+00
   0.6092D+00  -0.1917D-01   0.1101D+00  -0.7256D-02   0.1129D+00  -0.5323D-01   0.2258D+00   0.0000D+00   0.5605D-01   0.5692D-02  -0.2156D-02   0.1863D-01   0.6092D+00  -0.1917D-01   0.1101D+00  -0.7256D-02   0.1129D+00  -0.5323D-01
  -0.1416D-02  -0.6531D-02  -0.3979D-02  -0.1053D-01  -0.1416D-02  -0.6531D-02  -0.3979D-02  -0.1053D-01
  0.500  2.000
  -0.1715D+01   0.0000D+00  -0.1976D+01   0.0000D+00   0.0000D+00   0.0000D+00  -0.1834D+01   0.0000D+00  -0.1715D+01   0.0000D+00  -0.1976D+01   0.0000D+00
   0.6051D+00   0.0000D+00   0.1070D+00   0.0000D+00   0.1652D+00   0.0000D+00   0.2206D+00   0.0000D+00   0.4903D-01   0.0000D+00   0.0000D+00   0.0000D+00   0.6051D+00   0.0000D+00   0.1070D+00   0.0000D+00   0.1652D+00   0.0000D+00
   0.0000D+00   0.0000D+00   0.0000D+00   0.0000D+00   0.0000D+00   0.0000D+00   0.0000D+00   0.0000D+00
  -0.1586D+01   0.2467D+00  -0.2037D+01   0.1479D+00   0.1427D+00  -0.1604D+00  -0.1996D+01  -0.1351D-02  -0.1586D+01   0.2467D+00  -0.2037D+01   0.1479D+00
   0.6092D+00  -0.1763D-01   0.1099D+00  -0.6673D-02   0.1172D+00  -0.4895D-01   0.2255D+00   0.0000D+00   0.5551D-01   0.5235D-02  -0.1982D-02   0.1713D-01   0.6092D+00  -0.1763D-01   0.1099D+00  -0.6673D-02   0.1172D+00  -0.4895D-01
  -0.1302D-02  -0.6006D-02  -0.3659D-02  -0.9681D-02  -0.1302D-02  -0.6006D-02  -0.3659D-02  -0.9681D-02
  1.000  0.500
  -0.1965D+01   0.0000D+00  -0.2258D+01   0.0000D+00   0.0000D+00   0.0000D+00  -0.2097D+01   0.0000D+00  -0.1965D+01   0.0000D+00  -0.2258D+01   0.0000D+00
   0.5798D+00   0.0000D+00   0.1024D+00   0.0000D+00   0.1583D+00   0.0000D+00   0.2120D+00   0.0000D+00   0.4711D-01   0.0000D+00   0.0000D+00   0.0000D+00   0.5798D+00   0.0000D+00   0.1024D+00   0.0000D+00   0.1583D+00   0.0000D+00
   0.0000D+00   0.0000D+00   0.0000D+00   0.0000D+00   0.0000D+00   0.0000D+00   0.0000D+00   0.0000D+00
  -0.1504D+01   0.3372D+00  -0.2008D+01   0.2024D+00   0.1906D+00  -0.2185D+00  -0.2019D+01  -0.1541D-02  -0.1504D+01   0.3372D+00  -0.2008D+01   0.2024D+00
   0.6011D+00  -0.2016D-01   0.1083D+00  -0.7597D-02   0.1073D+00  -0.5594D-01   0.2232D+00   0.0000D+00   0.5573D-01   0.5992D-02  -0.1704D-02   0.1961D-01   0.6011D+00  -0.2016D-01   0.1083D+00  -0.7597D-02   0.1073D+00  -0.5594D-01
  -0.1491D-02  -0.6771D-02  -0.4210D-02  -0.1107D-01  -0.1491D-02  -0.6771D-02  -0.4210D-02  -0.1107D-01
  1.000  1.000
  -0.1793D+01   0.0000D+00  -0.2059D+01   0.0000D+00   0.0000D+00   0.0000D+00  -0.1913D+01   0.0000D+00  -0.1793D+01   0.0000D+00  -0.2059D+01   0.0000D+00
   0.5798D+00   0.0000D+00   0.1024D+00   0.0000D+00   0.1583D+00   0.0000D+00   0.2120D+00   0.0000D+00   0.4711D-01   0.0000D+00   0.0000D+00   0.0000D+00   0.5798D+00   0.0000D+00   0.1024D+00   0.0000D+00   0.1583D+00   0.0000D+00
   0.0000D+00   0.0000D+00   0.0000D+00   0.0000D+00   0.0000D+00   0.0000D+00   0.0000D+00   0.0000D+00
  -0.1561D+01   0.2806D+00  -0.2026D+01   0.1684D+00   0.1586D+00  -0.1818D+00  -0.2010D+01  -0.1282D-02  -0.1561D+01   0.2806D+00  -0.2026D+01   0.1684D+00
   0.5996D+00  -0.1839D-01   0.1079D+00  -0.6930D-02   0.1119D+00  -0.5103D-01   0.2223D+00   0.0000D+00   0.5500D-01   0.5466D-02  -0.1552D-02   0.1789D-01   0.5996D+00  -0.1839D-01   0.1079D+00  -0.6930D-02   0.1119D+00  -0.5103D-01
  -0.1360D-02  -0.6176D-02  -0.3841D-02  -0.1010D-01  -0.1360D-02  -0.6176D-02  -0.3841D-02  -0.1010D-01
  1.000  2.000
  -0.1649D+01   0.0000D+00  -0.1894D+01   0.0000D+00   0.0000D+00   0.0000D+00  -0.1759D+01   0.0000D+00  -0.1649D+01   0.0000D+00  -0.1894D+01   0.0000D+00
   0.5798D+00   0.0000D+00   0.1024D+00   0.0000D+00   0.1583D+00   0.0000D+00   0.2120D+00   0.0000D+00   0.4711D-01   0.0000D+00   0.0000D+00   0.0000D+00   0.5798D+00   0.0000D+00   0.1024D+00   0.0000D+00   0.1583D+00   0.0000D+00
   0.0000D+00   0.0000D+00   0.0000D+00   0.0000D+00   0.0000D+00   0.0000D+00   0.0000D+00   0.0000D+00
  -0.1581D+01   0.2373D+00  -0.2013D+01   0.1424D+00   0.1341D+00  -0.1537D+00  -0.1978D+01  -0.1083D-02  -0.1581D+01   0.2373D+00  -0.2013D+01   0.1424D+00
   0.5983D+00  -0.1691D-01   0.1075D+00  -0.6373D-02   0.1157D+00  -0.4693D-01   0.2215D+00   0.0000D+00   0.5439D-01   0.5027D-02  -0.1426D-02   0.1645D-01   0.5983D+00  -0.1691D-01   0.1075D+00  -0.6373D-02   0.1157D+00  -0.4693D-01
  -0.1251D-02  -0.5680D-02  -0.3532D-02  -0.9287D-02  -0.1251D-02  -0.5680D-02  -0.3532D-02  -0.9287D-02
  2.000  0.500
  -0.1875D+01   0.0000D+00  -0.2173D+01   0.0000D+00   0.0000D+00   0.0000D+00  -0.2008D+01   0.0000D+00  -0.1875D+01   0.0000D+00  -0.2173D+01   0.0000D+00
   0.5548D+00   0.0000D+00   0.9838D-01   0.0000D+00   0.1518D+00   0.0000D+00   0.2031D+00   0.0000D+00   0.4514D-01   0.0000D+00   0.0000D+00   0.0000D+00   0.5548D+00   0.0000D+00   0.9838D-01   0.0000D+00   0.1518D+00   0.0000D+00
   0.0000D+00   0.0000D+00   0.0000D+00   0.0000D+00   0.0000D+00   0.0000D+00   0.0000D+00   0.0000D+00
  -0.1508D+01   0.3242D+00  -0.2035D+01   0.1938D+00   0.1896D+00  -0.2091D+00  -0.2043D+01  -0.1183D-02  -0.1508D+01   0.3242D+00  -0.2035D+01   0.1938D+00
   0.5933D+00  -0.1933D-01   0.1072D+00  -0.7286D-02   0.1097D+00  -0.5359D-01   0.2224D+00   0.0000D+00   0.5522D-01   0.5747D-02  -0.1618D-02   0.1881D-01   0.5933D+00  -0.1933D-01   0.1072D+00  -0.7286D-02   0.1097D+00  -0.5359D-01
  -0.1440D-02  -0.6415D-02  -0.4056D-02  -0.1059D-01  -0.1440D-02  -0.6415D-02  -0.4056D-02  -0.1059D-01
  2.000  1.000
  -0.1710D+01   0.0000D+00  -0.1982D+01   0.0000D+00   0.0000D+00   0.0000D+00  -0.1832D+01   0.0000D+00  -0.1710D+01   0.0000D+00  -0.1982D+01   0.0000D+00
   0.5548D+00   0.0000D+00   0.9838D-01   0.0000D+00   0.1518D+00   0.0000D+00   0.2031D+00   0.0000D+00   0.4514D-01   0.0000D+00   0.0000D+00   0.0000D+00   0.5548D+00   0.0000D+00   0.9838D-01   0.0000D+00   0.1518D+00   0.0000D+00
   0.0000D+00   0.0000D+00   0.0000D+00   0.0000D+00   0.0000D+00   0.0000D+00   0.0000D+00   0.0000D+00
  -0.1550D+01   0.2698D+00  -0.2035D+01   0.1612D+00   0.1577D+00  -0.1740D+00  -0.2016D+01  -0.9839D-03  -0.1550D+01   0.2698D+00  -0.2035D+01   0.1612D+00
   0.5900D+00  -0.1764D-01   0.1065D+00  -0.6646D-02   0.1134D+00  -0.4888D-01   0.2207D+00   0.0000D+00   0.5435D-01   0.5242D-02  -0.1474D-02   0.1716D-01   0.5900D+00  -0.1764D-01   0.1065D+00  -0.6646D-02   0.1134D+00  -0.4888D-01
  -0.1314D-02  -0.5852D-02  -0.3700D-02  -0.9664D-02  -0.1314D-02  -0.5852D-02  -0.3700D-02  -0.9664D-02
  2.000  2.000
  -0.1573D+01   0.0000D+00  -0.1823D+01   0.0000D+00   0.0000D+00   0.0000D+00  -0.1685D+01   0.0000D+00  -0.1573D+01   0.0000D+00  -0.1823D+01   0.0000D+00
   0.5548D+00   0.0000D+00   0.9838D-01   0.0000D+00   0.1518D+00   0.0000D+00   0.2031D+00   0.0000D+00   0.4514D-01   0.0000D+00   0.0000D+00   0.0000D+00   0.5548D+00   0.0000D+00   0.9838D-01   0.0000D+00   0.1518D+00   0.0000D+00
   0.0000D+00   0.0000D+00   0.0000D+00   0.0000D+00   0.0000D+00   0.0000D+00   0.0000D+00   0.0000D+00
  -0.1559D+01   0.2282D+00  -0.2010D+01   0.1364D+00   0.1334D+00  -0.1472D+00  -0.1971D+01  -0.8317D-03  -0.1559D+01   0.2282D+00  -0.2010D+01   0.1364D+00
   0.5876D+00  -0.1622D-01   0.1059D+00  -0.6112D-02   0.1166D+00  -0.4496D-01   0.2194D+00   0.0000D+00   0.5364D-01   0.4821D-02  -0.1354D-02   0.1578D-01   0.5876D+00  -0.1622D-01   0.1059D+00  -0.6112D-02   0.1166D+00  -0.4496D-01
  -0.1208D-02  -0.5382D-02  -0.3403D-02  -0.8888D-02  -0.1208D-02  -0.5382D-02  -0.3403D-02  -0.8888D-02
