 LHC=           1 sqrts=   8000.0000000000000      ang=           4 mode=fital                                                                                               scalescheme=           1 R=  0.69999999999999996     
 NNPDF23_nlo_as_0118                                                                                           24
 Bin information: chid, chiu, md, mu, mu0
   0.0000000000000000       0.50000000000000000        56.000000000000000        64.000000000000000        60.000000000000000     
 9 scales(muf, mur)*(LO(38), NLO(38))
  0.500  0.500
  -0.1746D+02   0.0000D+00  -0.3135D+02   0.0000D+00   0.0000D+00   0.0000D+00  -0.3329D+02   0.0000D+00  -0.1746D+02   0.0000D+00  -0.3135D+02   0.0000D+00
   0.1985D+00   0.0000D+00   0.3821D-01   0.0000D+00   0.4198D-01   0.0000D+00   0.9327D-01   0.0000D+00   0.2073D-01   0.0000D+00   0.0000D+00   0.0000D+00   0.1985D+00   0.0000D+00   0.3821D-01   0.0000D+00   0.4198D-01   0.0000D+00
   0.0000D+00   0.0000D+00   0.0000D+00   0.0000D+00   0.0000D+00   0.0000D+00   0.0000D+00   0.0000D+00
  -0.1221D+02   0.6190D+01  -0.2432D+02   0.3718D+01   0.3240D+01  -0.4578D+01  -0.2943D+02  -0.4329D+00  -0.1221D+02   0.6190D+01  -0.2432D+02   0.3718D+01
   0.6150D+00  -0.7004D-02   0.1152D+00  -0.3226D-02   0.1044D+00  -0.2624D-01   0.2427D+00   0.0000D+00   0.6623D-01   0.3359D-02   0.8706D-02   0.1099D-01   0.6150D+00  -0.7004D-02   0.1152D+00  -0.3226D-02   0.1044D+00  -0.2624D-01
  -0.1044D-03  -0.2238D-02  -0.1531D-02  -0.5785D-02  -0.1044D-03  -0.2238D-02  -0.1531D-02  -0.5785D-02
  0.500  1.000
  -0.1550D+02   0.0000D+00  -0.2783D+02   0.0000D+00   0.0000D+00   0.0000D+00  -0.2956D+02   0.0000D+00  -0.1550D+02   0.0000D+00  -0.2783D+02   0.0000D+00
   0.1985D+00   0.0000D+00   0.3821D-01   0.0000D+00   0.4198D-01   0.0000D+00   0.9327D-01   0.0000D+00   0.2073D-01   0.0000D+00   0.0000D+00   0.0000D+00   0.1985D+00   0.0000D+00   0.3821D-01   0.0000D+00   0.4198D-01   0.0000D+00
   0.0000D+00   0.0000D+00   0.0000D+00   0.0000D+00   0.0000D+00   0.0000D+00   0.0000D+00   0.0000D+00
  -0.1305D+02   0.4878D+01  -0.2532D+02   0.2930D+01   0.2552D+01  -0.3608D+01  -0.2972D+02  -0.3412D+00  -0.1305D+02   0.4878D+01  -0.2532D+02   0.2930D+01
   0.5814D+00  -0.6218D-02   0.1088D+00  -0.2864D-02   0.1014D+00  -0.2329D-01   0.2289D+00   0.0000D+00   0.6202D-01   0.2983D-02   0.7823D-02   0.9761D-02   0.5814D+00  -0.6218D-02   0.1088D+00  -0.2864D-02   0.1014D+00  -0.2329D-01
  -0.9260D-04  -0.1987D-02  -0.1359D-02  -0.5136D-02  -0.9260D-04  -0.1987D-02  -0.1359D-02  -0.5136D-02
  0.500  2.000
  -0.1394D+02   0.0000D+00  -0.2504D+02   0.0000D+00   0.0000D+00   0.0000D+00  -0.2659D+02   0.0000D+00  -0.1394D+02   0.0000D+00  -0.2504D+02   0.0000D+00
   0.1985D+00   0.0000D+00   0.3821D-01   0.0000D+00   0.4198D-01   0.0000D+00   0.9327D-01   0.0000D+00   0.2073D-01   0.0000D+00   0.0000D+00   0.0000D+00   0.1985D+00   0.0000D+00   0.3821D-01   0.0000D+00   0.4198D-01   0.0000D+00
   0.0000D+00   0.0000D+00   0.0000D+00   0.0000D+00   0.0000D+00   0.0000D+00   0.0000D+00   0.0000D+00
  -0.1332D+02   0.3947D+01  -0.2544D+02   0.2371D+01   0.2062D+01  -0.2919D+01  -0.2931D+02  -0.2761D+00  -0.1332D+02   0.3947D+01  -0.2544D+02   0.2371D+01
   0.5386D+00  -0.5594D-02   0.1010D+00  -0.2577D-02   0.9350D-01  -0.2095D-01   0.2150D+00   0.0000D+00   0.5776D-01   0.2683D-02   0.7119D-02   0.8781D-02   0.5386D+00  -0.5594D-02   0.1010D+00  -0.2577D-02   0.9350D-01  -0.2095D-01
  -0.8325D-04  -0.1787D-02  -0.1223D-02  -0.4620D-02  -0.8325D-04  -0.1787D-02  -0.1223D-02  -0.4620D-02
  1.000  0.500
  -0.1901D+02   0.0000D+00  -0.3473D+02   0.0000D+00   0.0000D+00   0.0000D+00  -0.3762D+02   0.0000D+00  -0.1901D+02   0.0000D+00  -0.3473D+02   0.0000D+00
   0.2220D+00   0.0000D+00   0.4258D-01   0.0000D+00   0.4510D-01   0.0000D+00   0.1006D+00   0.0000D+00   0.2235D-01   0.0000D+00   0.0000D+00   0.0000D+00   0.2220D+00   0.0000D+00   0.4258D-01   0.0000D+00   0.4510D-01   0.0000D+00
   0.0000D+00   0.0000D+00   0.0000D+00   0.0000D+00   0.0000D+00   0.0000D+00   0.0000D+00   0.0000D+00
  -0.1116D+02   0.6769D+01  -0.2412D+02   0.4196D+01   0.3133D+01  -0.5207D+01  -0.2963D+02  -0.5016D+00  -0.1116D+02   0.6769D+01  -0.2412D+02   0.4196D+01
   0.5970D+00  -0.7296D-02   0.1111D+00  -0.3483D-02   0.9791D-01  -0.2996D-01   0.2370D+00   0.0000D+00   0.6404D-01   0.3751D-02   0.8426D-02   0.1228D-01   0.5970D+00  -0.7296D-02   0.1111D+00  -0.3483D-02   0.9791D-01  -0.2996D-01
  -0.1183D-03  -0.3267D-02  -0.1793D-02  -0.6414D-02  -0.1183D-03  -0.3267D-02  -0.1793D-02  -0.6414D-02
  1.000  1.000
  -0.1688D+02   0.0000D+00  -0.3083D+02   0.0000D+00   0.0000D+00   0.0000D+00  -0.3339D+02   0.0000D+00  -0.1688D+02   0.0000D+00  -0.3083D+02   0.0000D+00
   0.2220D+00   0.0000D+00   0.4258D-01   0.0000D+00   0.4510D-01   0.0000D+00   0.1006D+00   0.0000D+00   0.2235D-01   0.0000D+00   0.0000D+00   0.0000D+00   0.2220D+00   0.0000D+00   0.4258D-01   0.0000D+00   0.4510D-01   0.0000D+00
   0.0000D+00   0.0000D+00   0.0000D+00   0.0000D+00   0.0000D+00   0.0000D+00   0.0000D+00   0.0000D+00
  -0.1251D+02   0.5335D+01  -0.2581D+02   0.3307D+01   0.2467D+01  -0.4103D+01  -0.3072D+02  -0.3953D+00  -0.1251D+02   0.5335D+01  -0.2581D+02   0.3307D+01
   0.5578D+00  -0.6478D-02   0.1039D+00  -0.3092D-02   0.9256D-01  -0.2660D-01   0.2227D+00   0.0000D+00   0.5965D-01   0.3330D-02   0.7556D-02   0.1090D-01   0.5578D+00  -0.6478D-02   0.1039D+00  -0.3092D-02   0.9256D-01  -0.2660D-01
  -0.1050D-03  -0.2900D-02  -0.1591D-02  -0.5695D-02  -0.1050D-03  -0.2900D-02  -0.1591D-02  -0.5695D-02
  1.000  2.000
  -0.1518D+02   0.0000D+00  -0.2774D+02   0.0000D+00   0.0000D+00   0.0000D+00  -0.3004D+02   0.0000D+00  -0.1518D+02   0.0000D+00  -0.2774D+02   0.0000D+00
   0.2220D+00   0.0000D+00   0.4258D-01   0.0000D+00   0.4510D-01   0.0000D+00   0.1006D+00   0.0000D+00   0.2235D-01   0.0000D+00   0.0000D+00   0.0000D+00   0.2220D+00   0.0000D+00   0.4258D-01   0.0000D+00   0.4510D-01   0.0000D+00
   0.0000D+00   0.0000D+00   0.0000D+00   0.0000D+00   0.0000D+00   0.0000D+00   0.0000D+00   0.0000D+00
  -0.1320D+02   0.4316D+01  -0.2643D+02   0.2676D+01   0.1994D+01  -0.3320D+01  -0.3086D+02  -0.3198D+00  -0.1320D+02   0.4316D+01  -0.2643D+02   0.2676D+01
   0.5674D+00  -0.5827D-02   0.1053D+00  -0.2782D-02   0.1011D+00  -0.2393D-01   0.2201D+00   0.0000D+00   0.5886D-01   0.2996D-02   0.7065D-02   0.9804D-02   0.5674D+00  -0.5827D-02   0.1053D+00  -0.2782D-02   0.1011D+00  -0.2393D-01
  -0.9436D-04  -0.2609D-02  -0.1431D-02  -0.5123D-02  -0.9436D-04  -0.2609D-02  -0.1431D-02  -0.5123D-02
  2.000  0.500
  -0.2052D+02   0.0000D+00  -0.3695D+02   0.0000D+00   0.0000D+00   0.0000D+00  -0.4029D+02   0.0000D+00  -0.2052D+02   0.0000D+00  -0.3695D+02   0.0000D+00
   0.2274D+00   0.0000D+00   0.4631D-01   0.0000D+00   0.4846D-01   0.0000D+00   0.1123D+00   0.0000D+00   0.2495D-01   0.0000D+00   0.0000D+00   0.0000D+00   0.2274D+00   0.0000D+00   0.4631D-01   0.0000D+00   0.4846D-01   0.0000D+00
   0.0000D+00   0.0000D+00   0.0000D+00   0.0000D+00   0.0000D+00   0.0000D+00   0.0000D+00   0.0000D+00
  -0.1039D+02   0.7506D+01  -0.2227D+02   0.4579D+01   0.3421D+01  -0.5183D+01  -0.2842D+02  -0.5391D+00  -0.1039D+02   0.7506D+01  -0.2227D+02   0.4579D+01
   0.5597D+00  -0.7898D-02   0.1116D+00  -0.3468D-02   0.8462D-01  -0.2945D-01   0.2368D+00   0.0000D+00   0.6343D-01   0.4181D-02   0.7789D-02   0.1368D-01   0.5597D+00  -0.7898D-02   0.1116D+00  -0.3468D-02   0.8462D-01  -0.2945D-01
  -0.1426D-03  -0.3037D-02  -0.2015D-02  -0.7223D-02  -0.1426D-03  -0.3037D-02  -0.2015D-02  -0.7223D-02
  2.000  1.000
  -0.1821D+02   0.0000D+00  -0.3281D+02   0.0000D+00   0.0000D+00   0.0000D+00  -0.3576D+02   0.0000D+00  -0.1821D+02   0.0000D+00  -0.3281D+02   0.0000D+00
   0.2274D+00   0.0000D+00   0.4631D-01   0.0000D+00   0.4846D-01   0.0000D+00   0.1123D+00   0.0000D+00   0.2495D-01   0.0000D+00   0.0000D+00   0.0000D+00   0.2274D+00   0.0000D+00   0.4631D-01   0.0000D+00   0.4846D-01   0.0000D+00
   0.0000D+00   0.0000D+00   0.0000D+00   0.0000D+00   0.0000D+00   0.0000D+00   0.0000D+00   0.0000D+00
  -0.1221D+02   0.5916D+01  -0.2479D+02   0.3609D+01   0.2693D+01  -0.4085D+01  -0.3029D+02  -0.4249D+00  -0.1221D+02   0.5916D+01  -0.2479D+02   0.3609D+01
   0.5283D+00  -0.7012D-02   0.1053D+00  -0.3079D-02   0.8194D-01  -0.2615D-01   0.2245D+00   0.0000D+00   0.5961D-01   0.3712D-02   0.7023D-02   0.1215D-01   0.5283D+00  -0.7012D-02   0.1053D+00  -0.3079D-02   0.8194D-01  -0.2615D-01
  -0.1265D-03  -0.2696D-02  -0.1789D-02  -0.6413D-02  -0.1265D-03  -0.2696D-02  -0.1789D-02  -0.6413D-02
  2.000  2.000
  -0.1639D+02   0.0000D+00  -0.2951D+02   0.0000D+00   0.0000D+00   0.0000D+00  -0.3217D+02   0.0000D+00  -0.1639D+02   0.0000D+00  -0.2951D+02   0.0000D+00
   0.2274D+00   0.0000D+00   0.4631D-01   0.0000D+00   0.4846D-01   0.0000D+00   0.1123D+00   0.0000D+00   0.2495D-01   0.0000D+00   0.0000D+00   0.0000D+00   0.2274D+00   0.0000D+00   0.4631D-01   0.0000D+00   0.4846D-01   0.0000D+00
   0.0000D+00   0.0000D+00   0.0000D+00   0.0000D+00   0.0000D+00   0.0000D+00   0.0000D+00   0.0000D+00
  -0.1312D+02   0.4786D+01  -0.2588D+02   0.2920D+01   0.2176D+01  -0.3306D+01  -0.3086D+02  -0.3438D+00  -0.1312D+02   0.4786D+01  -0.2588D+02   0.2920D+01
   0.4981D+00  -0.6308D-02   0.9944D-01  -0.2770D-02   0.7838D-01  -0.2352D-01   0.2136D+00   0.0000D+00   0.5620D-01   0.3339D-02   0.6360D-02   0.1093D-01   0.4981D+00  -0.6308D-02   0.9944D-01  -0.2770D-02   0.7838D-01  -0.2352D-01
  -0.1137D-03  -0.2425D-02  -0.1609D-02  -0.5769D-02  -0.1137D-03  -0.2425D-02  -0.1609D-02  -0.5769D-02
