 LHC=           1 sqrts=   8000.0000000000000      ang=           4 mode=fital                                                                                               scalescheme=           1 R=  0.69999999999999996     
 NNPDF23_nlo_as_0118                                                                                           24
 Bin information: chid, chiu, md, mu, mu0
   0.0000000000000000       0.50000000000000000        468.00000000000000        507.00000000000000        487.50000000000000     
 9 scales(muf, mur)*(LO(38), NLO(38))
  0.500  0.500
  -0.9408D+00   0.0000D+00  -0.8803D+00   0.0000D+00   0.0000D+00   0.0000D+00  -0.7034D+00   0.0000D+00  -0.9408D+00   0.0000D+00  -0.8803D+00   0.0000D+00
   0.5895D+00   0.0000D+00   0.9968D-01   0.0000D+00   0.1875D+00   0.0000D+00   0.1811D+00   0.0000D+00   0.4024D-01   0.0000D+00   0.0000D+00   0.0000D+00   0.5895D+00   0.0000D+00   0.9968D-01   0.0000D+00   0.1875D+00   0.0000D+00
   0.0000D+00   0.0000D+00   0.0000D+00   0.0000D+00   0.0000D+00   0.0000D+00   0.0000D+00   0.0000D+00
  -0.7058D+00   0.1215D+00  -0.7589D+00   0.7249D-01   0.7396D-01  -0.6934D-01  -0.6470D+00   0.5741D-02  -0.7058D+00   0.1215D+00  -0.7589D+00   0.7249D-01
   0.5185D+00  -0.2260D-01   0.8986D-01  -0.7772D-02   0.1095D+00  -0.5349D-01   0.1697D+00   0.0000D+00   0.4202D-01   0.4849D-02  -0.2988D-02   0.1587D-01   0.5185D+00  -0.2260D-01   0.8986D-01  -0.7772D-02   0.1095D+00  -0.5349D-01
  -0.1926D-02  -0.6904D-02  -0.3882D-02  -0.9554D-02  -0.1926D-02  -0.6904D-02  -0.3882D-02  -0.9554D-02
  0.500  1.000
  -0.8694D+00   0.0000D+00  -0.8135D+00   0.0000D+00   0.0000D+00   0.0000D+00  -0.6500D+00   0.0000D+00  -0.8694D+00   0.0000D+00  -0.8135D+00   0.0000D+00
   0.5895D+00   0.0000D+00   0.9968D-01   0.0000D+00   0.1875D+00   0.0000D+00   0.1811D+00   0.0000D+00   0.4024D-01   0.0000D+00   0.0000D+00   0.0000D+00   0.5895D+00   0.0000D+00   0.9968D-01   0.0000D+00   0.1875D+00   0.0000D+00
   0.0000D+00   0.0000D+00   0.0000D+00   0.0000D+00   0.0000D+00   0.0000D+00   0.0000D+00   0.0000D+00
  -0.7392D+00   0.1038D+00  -0.7758D+00   0.6191D-01   0.6317D-01  -0.5922D-01  -0.6545D+00   0.4903D-02  -0.7392D+00   0.1038D+00  -0.7758D+00   0.6191D-01
   0.5240D+00  -0.2089D-01   0.9063D-01  -0.7182D-02   0.1155D+00  -0.4943D-01   0.1706D+00   0.0000D+00   0.4190D-01   0.4481D-02  -0.2761D-02   0.1466D-01   0.5240D+00  -0.2089D-01   0.9063D-01  -0.7182D-02   0.1155D+00  -0.4943D-01
  -0.1780D-02  -0.6381D-02  -0.3587D-02  -0.8829D-02  -0.1780D-02  -0.6381D-02  -0.3587D-02  -0.8829D-02
  0.500  2.000
  -0.8083D+00   0.0000D+00  -0.7563D+00   0.0000D+00   0.0000D+00   0.0000D+00  -0.6043D+00   0.0000D+00  -0.8083D+00   0.0000D+00  -0.7563D+00   0.0000D+00
   0.5895D+00   0.0000D+00   0.9968D-01   0.0000D+00   0.1875D+00   0.0000D+00   0.1811D+00   0.0000D+00   0.4024D-01   0.0000D+00   0.0000D+00   0.0000D+00   0.5895D+00   0.0000D+00   0.9968D-01   0.0000D+00   0.1875D+00   0.0000D+00
   0.0000D+00   0.0000D+00   0.0000D+00   0.0000D+00   0.0000D+00   0.0000D+00   0.0000D+00   0.0000D+00
  -0.7565D+00   0.8970D-01  -0.7806D+00   0.5350D-01   0.5459D-01  -0.5118D-01  -0.6536D+00   0.4238D-02  -0.7565D+00   0.8970D-01  -0.7806D+00   0.5350D-01
   0.5288D+00  -0.1942D-01   0.9129D-01  -0.6677D-02   0.1206D+00  -0.4596D-01   0.1713D+00   0.0000D+00   0.4179D-01   0.4165D-02  -0.2567D-02   0.1363D-01   0.5288D+00  -0.1942D-01   0.9129D-01  -0.6677D-02   0.1206D+00  -0.4596D-01
  -0.1655D-02  -0.5932D-02  -0.3335D-02  -0.8208D-02  -0.1655D-02  -0.5932D-02  -0.3335D-02  -0.8208D-02
  1.000  0.500
  -0.8803D+00   0.0000D+00  -0.8221D+00   0.0000D+00   0.0000D+00   0.0000D+00  -0.6576D+00   0.0000D+00  -0.8803D+00   0.0000D+00  -0.8221D+00   0.0000D+00
   0.5526D+00   0.0000D+00   0.9320D-01   0.0000D+00   0.1754D+00   0.0000D+00   0.1690D+00   0.0000D+00   0.3756D-01   0.0000D+00   0.0000D+00   0.0000D+00   0.5526D+00   0.0000D+00   0.9320D-01   0.0000D+00   0.1754D+00   0.0000D+00
   0.0000D+00   0.0000D+00   0.0000D+00   0.0000D+00   0.0000D+00   0.0000D+00   0.0000D+00   0.0000D+00
  -0.7172D+00   0.1138D+00  -0.7616D+00   0.6792D-01   0.7032D-01  -0.6481D-01  -0.6481D+00   0.5504D-02  -0.7172D+00   0.1138D+00  -0.7616D+00   0.6792D-01
   0.5189D+00  -0.2113D-01   0.8955D-01  -0.7256D-02   0.1128D+00  -0.4995D-01   0.1682D+00   0.0000D+00   0.4159D-01   0.4522D-02  -0.2772D-02   0.1480D-01   0.5189D+00  -0.2113D-01   0.8955D-01  -0.7256D-02   0.1128D+00  -0.4995D-01
  -0.1810D-02  -0.6480D-02  -0.3639D-02  -0.8943D-02  -0.1810D-02  -0.6480D-02  -0.3639D-02  -0.8943D-02
  1.000  1.000
  -0.8135D+00   0.0000D+00  -0.7598D+00   0.0000D+00   0.0000D+00   0.0000D+00  -0.6077D+00   0.0000D+00  -0.8135D+00   0.0000D+00  -0.7598D+00   0.0000D+00
   0.5526D+00   0.0000D+00   0.9320D-01   0.0000D+00   0.1754D+00   0.0000D+00   0.1690D+00   0.0000D+00   0.3756D-01   0.0000D+00   0.0000D+00   0.0000D+00   0.5526D+00   0.0000D+00   0.9320D-01   0.0000D+00   0.1754D+00   0.0000D+00
   0.0000D+00   0.0000D+00   0.0000D+00   0.0000D+00   0.0000D+00   0.0000D+00   0.0000D+00   0.0000D+00
  -0.7401D+00   0.9717D-01  -0.7696D+00   0.5800D-01   0.6006D-01  -0.5535D-01  -0.6488D+00   0.4701D-02  -0.7401D+00   0.9717D-01  -0.7696D+00   0.5800D-01
   0.5216D+00  -0.1953D-01   0.8985D-01  -0.6705D-02   0.1176D+00  -0.4616D-01   0.1683D+00   0.0000D+00   0.4129D-01   0.4179D-02  -0.2561D-02   0.1368D-01   0.5216D+00  -0.1953D-01   0.8985D-01  -0.6705D-02   0.1176D+00  -0.4616D-01
  -0.1673D-02  -0.5989D-02  -0.3363D-02  -0.8265D-02  -0.1673D-02  -0.5989D-02  -0.3363D-02  -0.8265D-02
  1.000  2.000
  -0.7562D+00   0.0000D+00  -0.7063D+00   0.0000D+00   0.0000D+00   0.0000D+00  -0.5649D+00   0.0000D+00  -0.7562D+00   0.0000D+00  -0.7063D+00   0.0000D+00
   0.5526D+00   0.0000D+00   0.9320D-01   0.0000D+00   0.1754D+00   0.0000D+00   0.1690D+00   0.0000D+00   0.3756D-01   0.0000D+00   0.0000D+00   0.0000D+00   0.5526D+00   0.0000D+00   0.9320D-01   0.0000D+00   0.1754D+00   0.0000D+00
   0.0000D+00   0.0000D+00   0.0000D+00   0.0000D+00   0.0000D+00   0.0000D+00   0.0000D+00   0.0000D+00
  -0.7497D+00   0.8397D-01  -0.7680D+00   0.5013D-01   0.5190D-01  -0.4783D-01  -0.6430D+00   0.4062D-02  -0.7497D+00   0.8397D-01  -0.7680D+00   0.5013D-01
   0.5239D+00  -0.1816D-01   0.9011D-01  -0.6233D-02   0.1217D+00  -0.4291D-01   0.1684D+00   0.0000D+00   0.4103D-01   0.3885D-02  -0.2381D-02   0.1271D-01   0.5239D+00  -0.1816D-01   0.9011D-01  -0.6233D-02   0.1217D+00  -0.4291D-01
  -0.1555D-02  -0.5567D-02  -0.3126D-02  -0.7683D-02  -0.1555D-02  -0.5567D-02  -0.3126D-02  -0.7683D-02
  2.000  0.500
  -0.8255D+00   0.0000D+00  -0.7727D+00   0.0000D+00   0.0000D+00   0.0000D+00  -0.6156D+00   0.0000D+00  -0.8255D+00   0.0000D+00  -0.7727D+00   0.0000D+00
   0.5189D+00   0.0000D+00   0.8747D-01   0.0000D+00   0.1643D+00   0.0000D+00   0.1578D+00   0.0000D+00   0.3506D-01   0.0000D+00   0.0000D+00   0.0000D+00   0.5189D+00   0.0000D+00   0.8747D-01   0.0000D+00   0.1643D+00   0.0000D+00
   0.0000D+00   0.0000D+00   0.0000D+00   0.0000D+00   0.0000D+00   0.0000D+00   0.0000D+00   0.0000D+00
  -0.7313D+00   0.1071D+00  -0.7679D+00   0.6385D-01   0.6541D-01  -0.6076D-01  -0.6515D+00   0.5315D-02  -0.7313D+00   0.1071D+00  -0.7679D+00   0.6385D-01
   0.5209D+00  -0.1980D-01   0.8993D-01  -0.6812D-02   0.1163D+00  -0.4686D-01   0.1683D+00   0.0000D+00   0.4131D-01   0.4222D-02  -0.2823D-02   0.1382D-01   0.5209D+00  -0.1980D-01   0.8993D-01  -0.6812D-02   0.1163D+00  -0.4686D-01
  -0.1707D-02  -0.6098D-02  -0.3423D-02  -0.8391D-02  -0.1707D-02  -0.6098D-02  -0.3423D-02  -0.8391D-02
  2.000  1.000
  -0.7629D+00   0.0000D+00  -0.7141D+00   0.0000D+00   0.0000D+00   0.0000D+00  -0.5689D+00   0.0000D+00  -0.7629D+00   0.0000D+00  -0.7141D+00   0.0000D+00
   0.5189D+00   0.0000D+00   0.8747D-01   0.0000D+00   0.1643D+00   0.0000D+00   0.1578D+00   0.0000D+00   0.3506D-01   0.0000D+00   0.0000D+00   0.0000D+00   0.5189D+00   0.0000D+00   0.8747D-01   0.0000D+00   0.1643D+00   0.0000D+00
   0.0000D+00   0.0000D+00   0.0000D+00   0.0000D+00   0.0000D+00   0.0000D+00   0.0000D+00   0.0000D+00
  -0.7441D+00   0.9143D-01  -0.7677D+00   0.5453D-01   0.5585D-01  -0.5189D-01  -0.6455D+00   0.4539D-02  -0.7441D+00   0.9143D-01  -0.7677D+00   0.5453D-01
   0.5206D+00  -0.1830D-01   0.8973D-01  -0.6295D-02   0.1199D+00  -0.4330D-01   0.1675D+00   0.0000D+00   0.4084D-01   0.3902D-02  -0.2607D-02   0.1277D-01   0.5206D+00  -0.1830D-01   0.8973D-01  -0.6295D-02   0.1199D+00  -0.4330D-01
  -0.1577D-02  -0.5635D-02  -0.3163D-02  -0.7754D-02  -0.1577D-02  -0.5635D-02  -0.3163D-02  -0.7754D-02
  2.000  2.000
  -0.7092D+00   0.0000D+00  -0.6638D+00   0.0000D+00   0.0000D+00   0.0000D+00  -0.5289D+00   0.0000D+00  -0.7092D+00   0.0000D+00  -0.6638D+00   0.0000D+00
   0.5189D+00   0.0000D+00   0.8747D-01   0.0000D+00   0.1643D+00   0.0000D+00   0.1578D+00   0.0000D+00   0.3506D-01   0.0000D+00   0.0000D+00   0.0000D+00   0.5189D+00   0.0000D+00   0.8747D-01   0.0000D+00   0.1643D+00   0.0000D+00
   0.0000D+00   0.0000D+00   0.0000D+00   0.0000D+00   0.0000D+00   0.0000D+00   0.0000D+00   0.0000D+00
  -0.7463D+00   0.7901D-01  -0.7601D+00   0.4712D-01   0.4827D-01  -0.4484D-01  -0.6349D+00   0.3923D-02  -0.7463D+00   0.7901D-01  -0.7601D+00   0.4712D-01
   0.5206D+00  -0.1701D-01   0.8959D-01  -0.5852D-02   0.1231D+00  -0.4026D-01   0.1669D+00   0.0000D+00   0.4044D-01   0.3627D-02  -0.2423D-02   0.1187D-01   0.5206D+00  -0.1701D-01   0.8959D-01  -0.5852D-02   0.1231D+00  -0.4026D-01
  -0.1466D-02  -0.5239D-02  -0.2940D-02  -0.7208D-02  -0.1466D-02  -0.5239D-02  -0.2940D-02  -0.7208D-02
