 LHC=           1 sqrts=   8000.0000000000000      ang=           4 mode=fital                                                                                               scalescheme=           1 R=  0.69999999999999996     
 CT10nlo_rand5678                                                                                             252
 Bin information: chid, chiu, md, mu, mu0
   0.0000000000000000       0.50000000000000000        1497.0000000000000        1588.0000000000000        1542.5000000000000     
 9 scales(muf, mur)*(LO(38), NLO(38))
  0.500  0.500
  -0.1568D-01   0.0000D+00  -0.1004D-01   0.0000D+00   0.0000D+00   0.0000D+00  -0.4515D-02   0.0000D+00  -0.1568D-01   0.0000D+00  -0.1004D-01   0.0000D+00
   0.7553D-01   0.0000D+00   0.1117D-01   0.0000D+00   0.3364D-01   0.0000D+00   0.1107D-01   0.0000D+00   0.2461D-02   0.0000D+00   0.0000D+00   0.0000D+00   0.7553D-01   0.0000D+00   0.1117D-01   0.0000D+00   0.3364D-01   0.0000D+00
   0.0000D+00   0.0000D+00   0.0000D+00   0.0000D+00   0.0000D+00   0.0000D+00   0.0000D+00   0.0000D+00
  -0.1340D-01   0.1134D-02  -0.8962D-02   0.6558D-03   0.4905D-03  -0.3854D-03  -0.3964D-02   0.2406D-03  -0.1340D-01   0.1134D-02  -0.8962D-02   0.6558D-03
   0.5601D-01  -0.3510D-02   0.8471D-02  -0.9917D-03   0.2004D-01  -0.5734D-02   0.9203D-02   0.0000D+00   0.2281D-02   0.2565D-03  -0.4977D-03   0.8396D-03   0.5601D-01  -0.3510D-02   0.8471D-02  -0.9917D-03   0.2004D-01  -0.5734D-02
  -0.3717D-03  -0.8915D-03  -0.3570D-03  -0.7479D-03  -0.3717D-03  -0.8915D-03  -0.3570D-03  -0.7479D-03
  0.500  1.000
  -0.1454D-01   0.0000D+00  -0.9310D-02   0.0000D+00   0.0000D+00   0.0000D+00  -0.4187D-02   0.0000D+00  -0.1454D-01   0.0000D+00  -0.9310D-02   0.0000D+00
   0.7553D-01   0.0000D+00   0.1117D-01   0.0000D+00   0.3364D-01   0.0000D+00   0.1107D-01   0.0000D+00   0.2461D-02   0.0000D+00   0.0000D+00   0.0000D+00   0.7553D-01   0.0000D+00   0.1117D-01   0.0000D+00   0.3364D-01   0.0000D+00
   0.0000D+00   0.0000D+00   0.0000D+00   0.0000D+00   0.0000D+00   0.0000D+00   0.0000D+00   0.0000D+00
  -0.1360D-01   0.9754D-03  -0.9038D-02   0.5641D-03   0.4219D-03  -0.3315D-03  -0.4008D-02   0.2070D-03  -0.1360D-01   0.9754D-03  -0.9038D-02   0.5641D-03
   0.5743D-01  -0.3255D-02   0.8668D-02  -0.9197D-03   0.2103D-01  -0.5318D-02   0.9340D-02   0.0000D+00   0.2295D-02   0.2379D-03  -0.4616D-03   0.7787D-03   0.5743D-01  -0.3255D-02   0.8668D-02  -0.9197D-03   0.2103D-01  -0.5318D-02
  -0.3447D-03  -0.8268D-03  -0.3311D-03  -0.6937D-03  -0.3447D-03  -0.8268D-03  -0.3311D-03  -0.6937D-03
  0.500  2.000
  -0.1356D-01   0.0000D+00  -0.8682D-02   0.0000D+00   0.0000D+00   0.0000D+00  -0.3905D-02   0.0000D+00  -0.1356D-01   0.0000D+00  -0.8682D-02   0.0000D+00
   0.7553D-01   0.0000D+00   0.1117D-01   0.0000D+00   0.3364D-01   0.0000D+00   0.1107D-01   0.0000D+00   0.2461D-02   0.0000D+00   0.0000D+00   0.0000D+00   0.7553D-01   0.0000D+00   0.1117D-01   0.0000D+00   0.3364D-01   0.0000D+00
   0.0000D+00   0.0000D+00   0.0000D+00   0.0000D+00   0.0000D+00   0.0000D+00   0.0000D+00   0.0000D+00
  -0.1363D-01   0.8482D-03  -0.9014D-02   0.4905D-03   0.3669D-03  -0.2883D-03  -0.4005D-02   0.1800D-03  -0.1363D-01   0.8482D-03  -0.9014D-02   0.4905D-03
   0.5866D-01  -0.3035D-02   0.8838D-02  -0.8577D-03   0.2188D-01  -0.4959D-02   0.9458D-02   0.0000D+00   0.2306D-02   0.2219D-03  -0.4305D-03   0.7261D-03   0.5866D-01  -0.3035D-02   0.8838D-02  -0.8577D-03   0.2188D-01  -0.4959D-02
  -0.3214D-03  -0.7710D-03  -0.3087D-03  -0.6468D-03  -0.3214D-03  -0.7710D-03  -0.3087D-03  -0.6468D-03
  1.000  0.500
  -0.1347D-01   0.0000D+00  -0.8606D-02   0.0000D+00   0.0000D+00   0.0000D+00  -0.3871D-02   0.0000D+00  -0.1347D-01   0.0000D+00  -0.8606D-02   0.0000D+00
   0.6483D-01   0.0000D+00   0.9575D-02   0.0000D+00   0.2896D-01   0.0000D+00   0.9488D-02   0.0000D+00   0.2109D-02   0.0000D+00   0.0000D+00   0.0000D+00   0.6483D-01   0.0000D+00   0.9575D-02   0.0000D+00   0.2896D-01   0.0000D+00
   0.0000D+00   0.0000D+00   0.0000D+00   0.0000D+00   0.0000D+00   0.0000D+00   0.0000D+00   0.0000D+00
  -0.1354D-01   0.9718D-03  -0.8998D-02   0.5633D-03   0.4200D-03  -0.3305D-03  -0.3990D-02   0.2064D-03  -0.1354D-01   0.9718D-03  -0.8998D-02   0.5633D-03
   0.5792D-01  -0.3022D-02   0.8719D-02  -0.8524D-03   0.2159D-01  -0.4919D-02   0.9317D-02   0.0000D+00   0.2277D-02   0.2200D-03  -0.4202D-03   0.7201D-03   0.5792D-01  -0.3022D-02   0.8719D-02  -0.8524D-03   0.2159D-01  -0.4919D-02
  -0.3198D-03  -0.7663D-03  -0.3062D-03  -0.6412D-03  -0.3198D-03  -0.7663D-03  -0.3062D-03  -0.6412D-03
  1.000  1.000
  -0.1250D-01   0.0000D+00  -0.7981D-02   0.0000D+00   0.0000D+00   0.0000D+00  -0.3590D-02   0.0000D+00  -0.1250D-01   0.0000D+00  -0.7981D-02   0.0000D+00
   0.6483D-01   0.0000D+00   0.9575D-02   0.0000D+00   0.2896D-01   0.0000D+00   0.9488D-02   0.0000D+00   0.2109D-02   0.0000D+00   0.0000D+00   0.0000D+00   0.6483D-01   0.0000D+00   0.9575D-02   0.0000D+00   0.2896D-01   0.0000D+00
   0.0000D+00   0.0000D+00   0.0000D+00   0.0000D+00   0.0000D+00   0.0000D+00   0.0000D+00   0.0000D+00
  -0.1343D-01   0.8359D-03  -0.8880D-02   0.4845D-03   0.3613D-03  -0.2842D-03  -0.3945D-02   0.1775D-03  -0.1343D-01   0.8359D-03  -0.8880D-02   0.4845D-03
   0.5842D-01  -0.2802D-02   0.8781D-02  -0.7906D-03   0.2213D-01  -0.4562D-02   0.9330D-02   0.0000D+00   0.2265D-02   0.2041D-03  -0.3897D-03   0.6679D-03   0.5842D-01  -0.2802D-02   0.8781D-02  -0.7906D-03   0.2213D-01  -0.4562D-02
  -0.2966D-03  -0.7107D-03  -0.2840D-03  -0.5947D-03  -0.2966D-03  -0.7107D-03  -0.2840D-03  -0.5947D-03
  1.000  2.000
  -0.1165D-01   0.0000D+00  -0.7443D-02   0.0000D+00   0.0000D+00   0.0000D+00  -0.3348D-02   0.0000D+00  -0.1165D-01   0.0000D+00  -0.7443D-02   0.0000D+00
   0.6483D-01   0.0000D+00   0.9575D-02   0.0000D+00   0.2896D-01   0.0000D+00   0.9488D-02   0.0000D+00   0.2109D-02   0.0000D+00   0.0000D+00   0.0000D+00   0.6483D-01   0.0000D+00   0.9575D-02   0.0000D+00   0.2896D-01   0.0000D+00
   0.0000D+00   0.0000D+00   0.0000D+00   0.0000D+00   0.0000D+00   0.0000D+00   0.0000D+00   0.0000D+00
  -0.1323D-01   0.7269D-03  -0.8712D-02   0.4213D-03   0.3142D-03  -0.2472D-03  -0.3876D-02   0.1544D-03  -0.1323D-01   0.7269D-03  -0.8712D-02   0.4213D-03
   0.5886D-01  -0.2613D-02   0.8836D-02  -0.7372D-03   0.2259D-01  -0.4254D-02   0.9341D-02   0.0000D+00   0.2255D-02   0.1903D-03  -0.3634D-03   0.6228D-03   0.5886D-01  -0.2613D-02   0.8836D-02  -0.7372D-03   0.2259D-01  -0.4254D-02
  -0.2766D-03  -0.6628D-03  -0.2648D-03  -0.5546D-03  -0.2766D-03  -0.6628D-03  -0.2648D-03  -0.5546D-03
  2.000  0.500
  -0.1171D-01   0.0000D+00  -0.7454D-02   0.0000D+00   0.0000D+00   0.0000D+00  -0.3351D-02   0.0000D+00  -0.1171D-01   0.0000D+00  -0.7454D-02   0.0000D+00
   0.5625D-01   0.0000D+00   0.8298D-02   0.0000D+00   0.2516D-01   0.0000D+00   0.8223D-02   0.0000D+00   0.1827D-02   0.0000D+00   0.0000D+00   0.0000D+00   0.5625D-01   0.0000D+00   0.8298D-02   0.0000D+00   0.2516D-01   0.0000D+00
   0.0000D+00   0.0000D+00   0.0000D+00   0.0000D+00   0.0000D+00   0.0000D+00   0.0000D+00   0.0000D+00
  -0.1355D-01   0.8417D-03  -0.8957D-02   0.4888D-03   0.3624D-03  -0.2861D-03  -0.3980D-02   0.1790D-03  -0.1355D-01   0.8417D-03  -0.8957D-02   0.4888D-03
   0.5888D-01  -0.2626D-02   0.8838D-02  -0.7400D-03   0.2266D-01  -0.4263D-02   0.9358D-02   0.0000D+00   0.2256D-02   0.1906D-03  -0.3596D-03   0.6239D-03   0.5888D-01  -0.2626D-02   0.8838D-02  -0.7400D-03   0.2266D-01  -0.4263D-02
  -0.2778D-03  -0.6659D-03  -0.2652D-03  -0.5551D-03  -0.2778D-03  -0.6659D-03  -0.2652D-03  -0.5551D-03
  2.000  1.000
  -0.1086D-01   0.0000D+00  -0.6913D-02   0.0000D+00   0.0000D+00   0.0000D+00  -0.3108D-02   0.0000D+00  -0.1086D-01   0.0000D+00  -0.6913D-02   0.0000D+00
   0.5625D-01   0.0000D+00   0.8298D-02   0.0000D+00   0.2516D-01   0.0000D+00   0.8223D-02   0.0000D+00   0.1827D-02   0.0000D+00   0.0000D+00   0.0000D+00   0.5625D-01   0.0000D+00   0.8298D-02   0.0000D+00   0.2516D-01   0.0000D+00
   0.0000D+00   0.0000D+00   0.0000D+00   0.0000D+00   0.0000D+00   0.0000D+00   0.0000D+00   0.0000D+00
  -0.1321D-01   0.7240D-03  -0.8691D-02   0.4205D-03   0.3117D-03  -0.2461D-03  -0.3867D-02   0.1540D-03  -0.1321D-01   0.7240D-03  -0.8691D-02   0.4205D-03
   0.5869D-01  -0.2435D-02   0.8799D-02  -0.6863D-03   0.2284D-01  -0.3954D-02   0.9276D-02   0.0000D+00   0.2225D-02   0.1768D-03  -0.3335D-03   0.5786D-03   0.5869D-01  -0.2435D-02   0.8799D-02  -0.6863D-03   0.2284D-01  -0.3954D-02
  -0.2577D-03  -0.6176D-03  -0.2460D-03  -0.5148D-03  -0.2577D-03  -0.6176D-03  -0.2460D-03  -0.5148D-03
  2.000  2.000
  -0.1013D-01   0.0000D+00  -0.6447D-02   0.0000D+00   0.0000D+00   0.0000D+00  -0.2898D-02   0.0000D+00  -0.1013D-01   0.0000D+00  -0.6447D-02   0.0000D+00
   0.5625D-01   0.0000D+00   0.8298D-02   0.0000D+00   0.2516D-01   0.0000D+00   0.8223D-02   0.0000D+00   0.1827D-02   0.0000D+00   0.0000D+00   0.0000D+00   0.5625D-01   0.0000D+00   0.8298D-02   0.0000D+00   0.2516D-01   0.0000D+00
   0.0000D+00   0.0000D+00   0.0000D+00   0.0000D+00   0.0000D+00   0.0000D+00   0.0000D+00   0.0000D+00
  -0.1283D-01   0.6295D-03  -0.8415D-02   0.3656D-03   0.2711D-03  -0.2140D-03  -0.3748D-02   0.1339D-03  -0.1283D-01   0.6295D-03  -0.8415D-02   0.3656D-03
   0.5853D-01  -0.2271D-02   0.8766D-02  -0.6400D-03   0.2300D-01  -0.3687D-02   0.9205D-02   0.0000D+00   0.2198D-02   0.1649D-03  -0.3110D-03   0.5396D-03   0.5853D-01  -0.2271D-02   0.8766D-02  -0.6400D-03   0.2300D-01  -0.3687D-02
  -0.2403D-03  -0.5759D-03  -0.2294D-03  -0.4801D-03  -0.2403D-03  -0.5759D-03  -0.2294D-03  -0.4801D-03
