 LHC=           1 sqrts=   8000.0000000000000      ang=           4 mode=fital                                                                                               scalescheme=           1 R=  0.69999999999999996     
 CT10nlo_rand5678                                                                                             315
 Bin information: chid, chiu, md, mu, mu0
   0.0000000000000000       0.50000000000000000        2500.0000000000000        2750.0000000000000        2625.0000000000000     
 9 scales(muf, mur)*(LO(38), NLO(38))
  0.500  0.500
  -0.7155D-04   0.0000D+00  -0.4073D-04   0.0000D+00   0.0000D+00   0.0000D+00  -0.1701D-04   0.0000D+00  -0.7155D-04   0.0000D+00  -0.4073D-04   0.0000D+00
   0.9286D-03   0.0000D+00   0.1305D-03   0.0000D+00   0.4554D-03   0.0000D+00   0.1171D-03   0.0000D+00   0.2602D-04   0.0000D+00   0.0000D+00   0.0000D+00   0.9286D-03   0.0000D+00   0.1305D-03   0.0000D+00   0.4554D-03   0.0000D+00
   0.0000D+00   0.0000D+00   0.0000D+00   0.0000D+00   0.0000D+00   0.0000D+00   0.0000D+00   0.0000D+00
  -0.6952D-04   0.4320D-05  -0.3951D-04   0.2602D-05   0.9755D-06  -0.1372D-05  -0.1584D-04   0.9883D-06  -0.6952D-04   0.4320D-05  -0.3951D-04   0.2602D-05
   0.7508D-03  -0.4488D-04   0.1054D-03  -0.1206D-04   0.3261D-03  -0.6581D-04   0.1027D-03   0.0000D+00   0.2524D-04   0.2565D-05  -0.3230D-05   0.8395D-05   0.7508D-03  -0.4488D-04   0.1054D-03  -0.1206D-04   0.3261D-03  -0.6581D-04
  -0.5001D-05  -0.1111D-04  -0.4046D-05  -0.8013D-05  -0.5001D-05  -0.1111D-04  -0.4046D-05  -0.8013D-05
  0.500  1.000
  -0.6664D-04   0.0000D+00  -0.3793D-04   0.0000D+00   0.0000D+00   0.0000D+00  -0.1584D-04   0.0000D+00  -0.6664D-04   0.0000D+00  -0.3793D-04   0.0000D+00
   0.9286D-03   0.0000D+00   0.1305D-03   0.0000D+00   0.4554D-03   0.0000D+00   0.1171D-03   0.0000D+00   0.2602D-04   0.0000D+00   0.0000D+00   0.0000D+00   0.9286D-03   0.0000D+00   0.1305D-03   0.0000D+00   0.4554D-03   0.0000D+00
   0.0000D+00   0.0000D+00   0.0000D+00   0.0000D+00   0.0000D+00   0.0000D+00   0.0000D+00   0.0000D+00
  -0.6931D-04   0.3747D-05  -0.3940D-04   0.2257D-05   0.8462D-06  -0.1190D-05  -0.1588D-04   0.8572D-06  -0.6931D-04   0.3747D-05  -0.3940D-04   0.2257D-05
   0.7630D-03  -0.4180D-04   0.1071D-03  -0.1123D-04   0.3350D-03  -0.6129D-04   0.1037D-03   0.0000D+00   0.2529D-04   0.2389D-05  -0.3009D-05   0.7819D-05   0.7630D-03  -0.4180D-04   0.1071D-03  -0.1123D-04   0.3350D-03  -0.6129D-04
  -0.4658D-05  -0.1035D-04  -0.3768D-05  -0.7463D-05  -0.4658D-05  -0.1035D-04  -0.3768D-05  -0.7463D-05
  0.500  2.000
  -0.6236D-04   0.0000D+00  -0.3550D-04   0.0000D+00   0.0000D+00   0.0000D+00  -0.1483D-04   0.0000D+00  -0.6236D-04   0.0000D+00  -0.3550D-04   0.0000D+00
   0.9286D-03   0.0000D+00   0.1305D-03   0.0000D+00   0.4554D-03   0.0000D+00   0.1171D-03   0.0000D+00   0.2602D-04   0.0000D+00   0.0000D+00   0.0000D+00   0.9286D-03   0.0000D+00   0.1305D-03   0.0000D+00   0.4554D-03   0.0000D+00
   0.0000D+00   0.0000D+00   0.0000D+00   0.0000D+00   0.0000D+00   0.0000D+00   0.0000D+00   0.0000D+00
  -0.6859D-04   0.3281D-05  -0.3900D-04   0.1977D-05   0.7412D-06  -0.1042D-05  -0.1579D-04   0.7507D-06  -0.6859D-04   0.3281D-05  -0.3900D-04   0.1977D-05
   0.7737D-03  -0.3912D-04   0.1086D-03  -0.1051D-04   0.3427D-03  -0.5735D-04   0.1045D-03   0.0000D+00   0.2534D-04   0.2236D-05  -0.2816D-05   0.7317D-05   0.7737D-03  -0.3912D-04   0.1086D-03  -0.1051D-04   0.3427D-03  -0.5735D-04
  -0.4359D-05  -0.9683D-05  -0.3527D-05  -0.6984D-05  -0.4359D-05  -0.9683D-05  -0.3527D-05  -0.6984D-05
  1.000  0.500
  -0.5721D-04   0.0000D+00  -0.3261D-04   0.0000D+00   0.0000D+00   0.0000D+00  -0.1366D-04   0.0000D+00  -0.5721D-04   0.0000D+00  -0.3261D-04   0.0000D+00
   0.7428D-03   0.0000D+00   0.1044D-03   0.0000D+00   0.3639D-03   0.0000D+00   0.9410D-04   0.0000D+00   0.2091D-04   0.0000D+00   0.0000D+00   0.0000D+00   0.7428D-03   0.0000D+00   0.1044D-03   0.0000D+00   0.3639D-03   0.0000D+00
   0.0000D+00   0.0000D+00   0.0000D+00   0.0000D+00   0.0000D+00   0.0000D+00   0.0000D+00   0.0000D+00
  -0.6838D-04   0.3460D-05  -0.3888D-04   0.2084D-05   0.7771D-06  -0.1101D-05  -0.1573D-04   0.7890D-06  -0.6838D-04   0.3460D-05  -0.3888D-04   0.2084D-05
   0.7663D-03  -0.3587D-04   0.1075D-03  -0.9640D-05   0.3417D-03  -0.5264D-04   0.1031D-03   0.0000D+00   0.2488D-04   0.2061D-05  -0.2537D-05   0.6745D-05   0.7663D-03  -0.3587D-04   0.1075D-03  -0.9640D-05   0.3417D-03  -0.5264D-04
  -0.4000D-05  -0.8893D-05  -0.3243D-05  -0.6427D-05  -0.4000D-05  -0.8893D-05  -0.3243D-05  -0.6427D-05
  1.000  1.000
  -0.5328D-04   0.0000D+00  -0.3037D-04   0.0000D+00   0.0000D+00   0.0000D+00  -0.1272D-04   0.0000D+00  -0.5328D-04   0.0000D+00  -0.3037D-04   0.0000D+00
   0.7428D-03   0.0000D+00   0.1044D-03   0.0000D+00   0.3639D-03   0.0000D+00   0.9410D-04   0.0000D+00   0.2091D-04   0.0000D+00   0.0000D+00   0.0000D+00   0.7428D-03   0.0000D+00   0.1044D-03   0.0000D+00   0.3639D-03   0.0000D+00
   0.0000D+00   0.0000D+00   0.0000D+00   0.0000D+00   0.0000D+00   0.0000D+00   0.0000D+00   0.0000D+00
  -0.6652D-04   0.3001D-05  -0.3783D-04   0.1807D-05   0.6740D-06  -0.9550D-06  -0.1537D-04   0.6843D-06  -0.6652D-04   0.3001D-05  -0.3783D-04   0.1807D-05
   0.7647D-03  -0.3341D-04   0.1073D-03  -0.8978D-05   0.3433D-03  -0.4903D-04   0.1025D-03   0.0000D+00   0.2461D-04   0.1919D-05  -0.2363D-05   0.6281D-05   0.7647D-03  -0.3341D-04   0.1073D-03  -0.8978D-05   0.3433D-03  -0.4903D-04
  -0.3725D-05  -0.8282D-05  -0.3020D-05  -0.5985D-05  -0.3725D-05  -0.8282D-05  -0.3020D-05  -0.5985D-05
  1.000  2.000
  -0.4986D-04   0.0000D+00  -0.2842D-04   0.0000D+00   0.0000D+00   0.0000D+00  -0.1190D-04   0.0000D+00  -0.4986D-04   0.0000D+00  -0.2842D-04   0.0000D+00
   0.7428D-03   0.0000D+00   0.1044D-03   0.0000D+00   0.3639D-03   0.0000D+00   0.9410D-04   0.0000D+00   0.2091D-04   0.0000D+00   0.0000D+00   0.0000D+00   0.7428D-03   0.0000D+00   0.1044D-03   0.0000D+00   0.3639D-03   0.0000D+00
   0.0000D+00   0.0000D+00   0.0000D+00   0.0000D+00   0.0000D+00   0.0000D+00   0.0000D+00   0.0000D+00
  -0.6456D-04   0.2628D-05  -0.3673D-04   0.1583D-05   0.5904D-06  -0.8364D-06  -0.1496D-04   0.5993D-06  -0.6456D-04   0.2628D-05  -0.3673D-04   0.1583D-05
   0.7633D-03  -0.3126D-04   0.1071D-03  -0.8402D-05   0.3446D-03  -0.4588D-04   0.1020D-03   0.0000D+00   0.2437D-04   0.1796D-05  -0.2212D-05   0.5879D-05   0.7633D-03  -0.3126D-04   0.1071D-03  -0.8402D-05   0.3446D-03  -0.4588D-04
  -0.3486D-05  -0.7751D-05  -0.2827D-05  -0.5601D-05  -0.3486D-05  -0.7751D-05  -0.2827D-05  -0.5601D-05
  2.000  0.500
  -0.4643D-04   0.0000D+00  -0.2649D-04   0.0000D+00   0.0000D+00   0.0000D+00  -0.1113D-04   0.0000D+00  -0.4643D-04   0.0000D+00  -0.2649D-04   0.0000D+00
   0.6027D-03   0.0000D+00   0.8479D-04   0.0000D+00   0.2951D-03   0.0000D+00   0.7670D-04   0.0000D+00   0.1704D-04   0.0000D+00   0.0000D+00   0.0000D+00   0.6027D-03   0.0000D+00   0.8479D-04   0.0000D+00   0.2951D-03   0.0000D+00
   0.0000D+00   0.0000D+00   0.0000D+00   0.0000D+00   0.0000D+00   0.0000D+00   0.0000D+00   0.0000D+00
  -0.6598D-04   0.2811D-05  -0.3752D-04   0.1692D-05   0.6258D-06  -0.8970D-06  -0.1527D-04   0.6393D-06  -0.6598D-04   0.2811D-05  -0.3752D-04   0.1692D-05
   0.7573D-03  -0.2909D-04   0.1064D-03  -0.7820D-05   0.3438D-03  -0.4272D-04   0.1009D-03   0.0000D+00   0.2406D-04   0.1680D-05  -0.2037D-05   0.5498D-05   0.7573D-03  -0.2909D-04   0.1064D-03  -0.7820D-05   0.3438D-03  -0.4272D-04
  -0.3246D-05  -0.7223D-05  -0.2639D-05  -0.5222D-05  -0.3246D-05  -0.7223D-05  -0.2639D-05  -0.5222D-05
  2.000  1.000
  -0.4324D-04   0.0000D+00  -0.2467D-04   0.0000D+00   0.0000D+00   0.0000D+00  -0.1036D-04   0.0000D+00  -0.4324D-04   0.0000D+00  -0.2467D-04   0.0000D+00
   0.6027D-03   0.0000D+00   0.8479D-04   0.0000D+00   0.2951D-03   0.0000D+00   0.7670D-04   0.0000D+00   0.1704D-04   0.0000D+00   0.0000D+00   0.0000D+00   0.6027D-03   0.0000D+00   0.8479D-04   0.0000D+00   0.2951D-03   0.0000D+00
   0.0000D+00   0.0000D+00   0.0000D+00   0.0000D+00   0.0000D+00   0.0000D+00   0.0000D+00   0.0000D+00
  -0.6307D-04   0.2438D-05  -0.3588D-04   0.1468D-05   0.5428D-06  -0.7780D-06  -0.1465D-04   0.5545D-06  -0.6307D-04   0.2438D-05  -0.3588D-04   0.1468D-05
   0.7467D-03  -0.2709D-04   0.1049D-03  -0.7283D-05   0.3405D-03  -0.3978D-04   0.9926D-04   0.0000D+00   0.2358D-04   0.1564D-05  -0.1897D-05   0.5120D-05   0.7467D-03  -0.2709D-04   0.1049D-03  -0.7283D-05   0.3405D-03  -0.3978D-04
  -0.3023D-05  -0.6727D-05  -0.2457D-05  -0.4863D-05  -0.3023D-05  -0.6727D-05  -0.2457D-05  -0.4863D-05
  2.000  2.000
  -0.4047D-04   0.0000D+00  -0.2309D-04   0.0000D+00   0.0000D+00   0.0000D+00  -0.9697D-05   0.0000D+00  -0.4047D-04   0.0000D+00  -0.2309D-04   0.0000D+00
   0.6027D-03   0.0000D+00   0.8479D-04   0.0000D+00   0.2951D-03   0.0000D+00   0.7670D-04   0.0000D+00   0.1704D-04   0.0000D+00   0.0000D+00   0.0000D+00   0.6027D-03   0.0000D+00   0.8479D-04   0.0000D+00   0.2951D-03   0.0000D+00
   0.0000D+00   0.0000D+00   0.0000D+00   0.0000D+00   0.0000D+00   0.0000D+00   0.0000D+00   0.0000D+00
  -0.6036D-04   0.2136D-05  -0.3434D-04   0.1286D-05   0.4754D-06  -0.6814D-06  -0.1406D-04   0.4856D-06  -0.6036D-04   0.2136D-05  -0.3434D-04   0.1286D-05
   0.7375D-03  -0.2535D-04   0.1036D-03  -0.6816D-05   0.3376D-03  -0.3723D-04   0.9782D-04   0.0000D+00   0.2316D-04   0.1464D-05  -0.1775D-05   0.4792D-05   0.7375D-03  -0.2535D-04   0.1036D-03  -0.6816D-05   0.3376D-03  -0.3723D-04
  -0.2829D-05  -0.6295D-05  -0.2300D-05  -0.4552D-05  -0.2829D-05  -0.6295D-05  -0.2300D-05  -0.4552D-05
