 LHC=           1 sqrts=   8000.0000000000000      ang=           4 mode=fital                                                                                               scalescheme=           1 R=  0.69999999999999996     
 CT10nlo_rand5678                                                                                             160
 Bin information: chid, chiu, md, mu, mu0
   0.0000000000000000       0.50000000000000000        395.00000000000000        430.00000000000000        412.50000000000000     
 9 scales(muf, mur)*(LO(38), NLO(38))
  0.500  0.500
  -0.1262D+01   0.0000D+00  -0.1305D+01   0.0000D+00   0.0000D+00   0.0000D+00  -0.1113D+01   0.0000D+00  -0.1262D+01   0.0000D+00  -0.1305D+01   0.0000D+00
   0.6009D+00   0.0000D+00   0.1038D+00   0.0000D+00   0.1788D+00   0.0000D+00   0.1981D+00   0.0000D+00   0.4402D-01   0.0000D+00   0.0000D+00   0.0000D+00   0.6009D+00   0.0000D+00   0.1038D+00   0.0000D+00   0.1788D+00   0.0000D+00
   0.0000D+00   0.0000D+00   0.0000D+00   0.0000D+00   0.0000D+00   0.0000D+00   0.0000D+00   0.0000D+00
  -0.9290D+00   0.1853D+00  -0.1121D+01   0.1105D+00   0.1118D+00  -0.1118D+00  -0.1029D+01   0.4569D-02  -0.9290D+00   0.1853D+00  -0.1121D+01   0.1105D+00
   0.5523D+00  -0.2193D-01   0.9823D-01  -0.7819D-02   0.1073D+00  -0.5545D-01   0.1906D+00   0.0000D+00   0.4787D-01   0.5401D-02  -0.2406D-02   0.1768D-01   0.5523D+00  -0.2193D-01   0.9823D-01  -0.7819D-02   0.1073D+00  -0.5545D-01
  -0.1783D-02  -0.6919D-02  -0.4139D-02  -0.1039D-01  -0.1783D-02  -0.6919D-02  -0.4139D-02  -0.1039D-01
  0.500  1.000
  -0.1155D+01   0.0000D+00  -0.1195D+01   0.0000D+00   0.0000D+00   0.0000D+00  -0.1019D+01   0.0000D+00  -0.1155D+01   0.0000D+00  -0.1195D+01   0.0000D+00
   0.6009D+00   0.0000D+00   0.1038D+00   0.0000D+00   0.1788D+00   0.0000D+00   0.1981D+00   0.0000D+00   0.4402D-01   0.0000D+00   0.0000D+00   0.0000D+00   0.6009D+00   0.0000D+00   0.1038D+00   0.0000D+00   0.1788D+00   0.0000D+00
   0.0000D+00   0.0000D+00   0.0000D+00   0.0000D+00   0.0000D+00   0.0000D+00   0.0000D+00   0.0000D+00
  -0.9706D+00   0.1553D+00  -0.1138D+01   0.9258D-01   0.9366D-01  -0.9366D-01  -0.1031D+01   0.3828D-02  -0.9706D+00   0.1553D+00  -0.1138D+01   0.9258D-01
   0.5567D+00  -0.2007D-01   0.9874D-01  -0.7157D-02   0.1134D+00  -0.5075D-01   0.1913D+00   0.0000D+00   0.4756D-01   0.4944D-02  -0.2202D-02   0.1618D-01   0.5567D+00  -0.2007D-01   0.9874D-01  -0.7157D-02   0.1134D+00  -0.5075D-01
  -0.1632D-02  -0.6333D-02  -0.3788D-02  -0.9513D-02  -0.1632D-02  -0.6333D-02  -0.3788D-02  -0.9513D-02
  0.500  2.000
  -0.1065D+01   0.0000D+00  -0.1102D+01   0.0000D+00   0.0000D+00   0.0000D+00  -0.9396D+00   0.0000D+00  -0.1065D+01   0.0000D+00  -0.1102D+01   0.0000D+00
   0.6009D+00   0.0000D+00   0.1038D+00   0.0000D+00   0.1788D+00   0.0000D+00   0.1981D+00   0.0000D+00   0.4402D-01   0.0000D+00   0.0000D+00   0.0000D+00   0.6009D+00   0.0000D+00   0.1038D+00   0.0000D+00   0.1788D+00   0.0000D+00
   0.0000D+00   0.0000D+00   0.0000D+00   0.0000D+00   0.0000D+00   0.0000D+00   0.0000D+00   0.0000D+00
  -0.9886D+00   0.1320D+00  -0.1137D+01   0.7873D-01   0.7964D-01  -0.7965D-01  -0.1021D+01   0.3256D-02  -0.9886D+00   0.1320D+00  -0.1137D+01   0.7873D-01
   0.5604D+00  -0.1851D-01   0.9917D-01  -0.6600D-02   0.1186D+00  -0.4680D-01   0.1919D+00   0.0000D+00   0.4729D-01   0.4559D-02  -0.2030D-02   0.1492D-01   0.5604D+00  -0.1851D-01   0.9917D-01  -0.6600D-02   0.1186D+00  -0.4680D-01
  -0.1505D-02  -0.5840D-02  -0.3493D-02  -0.8772D-02  -0.1505D-02  -0.5840D-02  -0.3493D-02  -0.8772D-02
  1.000  0.500
  -0.1193D+01   0.0000D+00  -0.1236D+01   0.0000D+00   0.0000D+00   0.0000D+00  -0.1052D+01   0.0000D+00  -0.1193D+01   0.0000D+00  -0.1236D+01   0.0000D+00
   0.5664D+00   0.0000D+00   0.9772D-01   0.0000D+00   0.1684D+00   0.0000D+00   0.1871D+00   0.0000D+00   0.4158D-01   0.0000D+00   0.0000D+00   0.0000D+00   0.5664D+00   0.0000D+00   0.9772D-01   0.0000D+00   0.1684D+00   0.0000D+00
   0.0000D+00   0.0000D+00   0.0000D+00   0.0000D+00   0.0000D+00   0.0000D+00   0.0000D+00   0.0000D+00
  -0.9508D+00   0.1753D+00  -0.1128D+01   0.1043D+00   0.1054D+00  -0.1056D+00  -0.1034D+01   0.4479D-02  -0.9508D+00   0.1753D+00  -0.1128D+01   0.1043D+00
   0.5482D+00  -0.2065D-01   0.9727D-01  -0.7381D-02   0.1088D+00  -0.5257D-01   0.1895D+00   0.0000D+00   0.4719D-01   0.5100D-02  -0.2540D-02   0.1669D-01   0.5482D+00  -0.2065D-01   0.9727D-01  -0.7381D-02   0.1088D+00  -0.5257D-01
  -0.1691D-02  -0.6652D-02  -0.3924D-02  -0.9799D-02  -0.1691D-02  -0.6652D-02  -0.3924D-02  -0.9799D-02
  1.000  1.000
  -0.1092D+01   0.0000D+00  -0.1131D+01   0.0000D+00   0.0000D+00   0.0000D+00  -0.9629D+00   0.0000D+00  -0.1092D+01   0.0000D+00  -0.1131D+01   0.0000D+00
   0.5664D+00   0.0000D+00   0.9772D-01   0.0000D+00   0.1684D+00   0.0000D+00   0.1871D+00   0.0000D+00   0.4158D-01   0.0000D+00   0.0000D+00   0.0000D+00   0.5664D+00   0.0000D+00   0.9772D-01   0.0000D+00   0.1684D+00   0.0000D+00
   0.0000D+00   0.0000D+00   0.0000D+00   0.0000D+00   0.0000D+00   0.0000D+00   0.0000D+00   0.0000D+00
  -0.9783D+00   0.1468D+00  -0.1133D+01   0.8740D-01   0.8829D-01  -0.8850D-01  -0.1026D+01   0.3753D-02  -0.9783D+00   0.1468D+00  -0.1133D+01   0.8740D-01
   0.5499D+00  -0.1890D-01   0.9735D-01  -0.6756D-02   0.1139D+00  -0.4812D-01   0.1894D+00   0.0000D+00   0.4673D-01   0.4669D-02  -0.2324D-02   0.1528D-01   0.5499D+00  -0.1890D-01   0.9735D-01  -0.6756D-02   0.1139D+00  -0.4812D-01
  -0.1548D-02  -0.6089D-02  -0.3592D-02  -0.8969D-02  -0.1548D-02  -0.6089D-02  -0.3592D-02  -0.8969D-02
  1.000  2.000
  -0.1007D+01   0.0000D+00  -0.1043D+01   0.0000D+00   0.0000D+00   0.0000D+00  -0.8879D+00   0.0000D+00  -0.1007D+01   0.0000D+00  -0.1043D+01   0.0000D+00
   0.5664D+00   0.0000D+00   0.9772D-01   0.0000D+00   0.1684D+00   0.0000D+00   0.1871D+00   0.0000D+00   0.4158D-01   0.0000D+00   0.0000D+00   0.0000D+00   0.5664D+00   0.0000D+00   0.9772D-01   0.0000D+00   0.1684D+00   0.0000D+00
   0.0000D+00   0.0000D+00   0.0000D+00   0.0000D+00   0.0000D+00   0.0000D+00   0.0000D+00   0.0000D+00
  -0.9861D+00   0.1249D+00  -0.1123D+01   0.7432D-01   0.7507D-01  -0.7526D-01  -0.1009D+01   0.3192D-02  -0.9861D+00   0.1249D+00  -0.1123D+01   0.7432D-01
   0.5514D+00  -0.1743D-01   0.9741D-01  -0.6230D-02   0.1182D+00  -0.4437D-01   0.1892D+00   0.0000D+00   0.4634D-01   0.4305D-02  -0.2143D-02   0.1409D-01   0.5514D+00  -0.1743D-01   0.9741D-01  -0.6230D-02   0.1182D+00  -0.4437D-01
  -0.1427D-02  -0.5615D-02  -0.3312D-02  -0.8271D-02  -0.1427D-02  -0.5615D-02  -0.3312D-02  -0.8271D-02
  2.000  0.500
  -0.1130D+01   0.0000D+00  -0.1174D+01   0.0000D+00   0.0000D+00   0.0000D+00  -0.9966D+00   0.0000D+00  -0.1130D+01   0.0000D+00  -0.1174D+01   0.0000D+00
   0.5358D+00   0.0000D+00   0.9273D-01   0.0000D+00   0.1591D+00   0.0000D+00   0.1763D+00   0.0000D+00   0.3918D-01   0.0000D+00   0.0000D+00   0.0000D+00   0.5358D+00   0.0000D+00   0.9273D-01   0.0000D+00   0.1591D+00   0.0000D+00
   0.0000D+00   0.0000D+00   0.0000D+00   0.0000D+00   0.0000D+00   0.0000D+00   0.0000D+00   0.0000D+00
  -0.9683D+00   0.1660D+00  -0.1145D+01   0.9873D-01   0.1004D+00  -0.1001D+00  -0.1047D+01   0.4358D-02  -0.9683D+00   0.1660D+00  -0.1145D+01   0.9873D-01
   0.5485D+00  -0.1952D-01   0.9721D-01  -0.6969D-02   0.1110D+00  -0.4932D-01   0.1894D+00   0.0000D+00   0.4686D-01   0.4806D-02  -0.2213D-02   0.1573D-01   0.5485D+00  -0.1952D-01   0.9721D-01  -0.6969D-02   0.1110D+00  -0.4932D-01
  -0.1604D-02  -0.6288D-02  -0.3730D-02  -0.9259D-02  -0.1604D-02  -0.6288D-02  -0.3730D-02  -0.9259D-02
  2.000  1.000
  -0.1034D+01   0.0000D+00  -0.1075D+01   0.0000D+00   0.0000D+00   0.0000D+00  -0.9122D+00   0.0000D+00  -0.1034D+01   0.0000D+00  -0.1075D+01   0.0000D+00
   0.5358D+00   0.0000D+00   0.9273D-01   0.0000D+00   0.1591D+00   0.0000D+00   0.1763D+00   0.0000D+00   0.3918D-01   0.0000D+00   0.0000D+00   0.0000D+00   0.5358D+00   0.0000D+00   0.9273D-01   0.0000D+00   0.1591D+00   0.0000D+00
   0.0000D+00   0.0000D+00   0.0000D+00   0.0000D+00   0.0000D+00   0.0000D+00   0.0000D+00   0.0000D+00
  -0.9833D+00   0.1391D+00  -0.1138D+01   0.8271D-01   0.8408D-01  -0.8382D-01  -0.1029D+01   0.3652D-02  -0.9833D+00   0.1391D+00  -0.1138D+01   0.8271D-01
   0.5476D+00  -0.1786D-01   0.9687D-01  -0.6379D-02   0.1151D+00  -0.4515D-01   0.1883D+00   0.0000D+00   0.4623D-01   0.4399D-02  -0.2025D-02   0.1440D-01   0.5476D+00  -0.1786D-01   0.9687D-01  -0.6379D-02   0.1151D+00  -0.4515D-01
  -0.1468D-02  -0.5755D-02  -0.3414D-02  -0.8475D-02  -0.1468D-02  -0.5755D-02  -0.3414D-02  -0.8475D-02
  2.000  2.000
  -0.9535D+00   0.0000D+00  -0.9909D+00   0.0000D+00   0.0000D+00   0.0000D+00  -0.8412D+00   0.0000D+00  -0.9535D+00   0.0000D+00  -0.9909D+00   0.0000D+00
   0.5358D+00   0.0000D+00   0.9273D-01   0.0000D+00   0.1591D+00   0.0000D+00   0.1763D+00   0.0000D+00   0.3918D-01   0.0000D+00   0.0000D+00   0.0000D+00   0.5358D+00   0.0000D+00   0.9273D-01   0.0000D+00   0.1591D+00   0.0000D+00
   0.0000D+00   0.0000D+00   0.0000D+00   0.0000D+00   0.0000D+00   0.0000D+00   0.0000D+00   0.0000D+00
  -0.9823D+00   0.1183D+00  -0.1119D+01   0.7034D-01   0.7150D-01  -0.7128D-01  -0.1004D+01   0.3105D-02  -0.9823D+00   0.1183D+00  -0.1119D+01   0.7034D-01
   0.5469D+00  -0.1647D-01   0.9658D-01  -0.5882D-02   0.1186D+00  -0.4163D-01   0.1875D+00   0.0000D+00   0.4569D-01   0.4057D-02  -0.1867D-02   0.1328D-01   0.5469D+00  -0.1647D-01   0.9658D-01  -0.5882D-02   0.1186D+00  -0.4163D-01
  -0.1354D-02  -0.5307D-02  -0.3148D-02  -0.7815D-02  -0.1354D-02  -0.5307D-02  -0.3148D-02  -0.7815D-02
