 LHC=           1 sqrts=   8000.0000000000000      ang=           4 mode=fital                                                                                               scalescheme=           1 R=  0.69999999999999996     
 CT10nlo_rand5678                                                                                             427
 Bin information: chid, chiu, md, mu, mu0
   0.0000000000000000       0.50000000000000000        905.00000000000000        967.00000000000000        936.00000000000000     
 9 scales(muf, mur)*(LO(38), NLO(38))
  0.500  0.500
  -0.1715D+00   0.0000D+00  -0.1337D+00   0.0000D+00   0.0000D+00   0.0000D+00  -0.7870D-01   0.0000D+00  -0.1715D+00   0.0000D+00  -0.1337D+00   0.0000D+00
   0.3454D+00   0.0000D+00   0.5504D-01   0.0000D+00   0.1311D+00   0.0000D+00   0.7271D-01   0.0000D+00   0.1616D-01   0.0000D+00   0.0000D+00   0.0000D+00   0.3454D+00   0.0000D+00   0.5504D-01   0.0000D+00   0.1311D+00   0.0000D+00
   0.0000D+00   0.0000D+00   0.0000D+00   0.0000D+00   0.0000D+00   0.0000D+00   0.0000D+00   0.0000D+00
  -0.1358D+00   0.1637D-01  -0.1167D+00   0.9351D-02   0.9430D-02  -0.7122D-02  -0.7054D-01   0.2380D-02  -0.1358D+00   0.1637D-01  -0.1167D+00   0.9351D-02
   0.2651D+00  -0.1449D-01   0.4398D-01  -0.4475D-02   0.7139D-01  -0.2823D-01   0.6206D-01   0.0000D+00   0.1555D-01   0.1787D-02  -0.2289D-02   0.5848D-02   0.2651D+00  -0.1449D-01   0.4398D-01  -0.4475D-02   0.7139D-01  -0.2823D-01
  -0.1438D-02  -0.3973D-02  -0.1936D-02  -0.4275D-02  -0.1438D-02  -0.3973D-02  -0.1936D-02  -0.4275D-02
  0.500  1.000
  -0.1583D+00   0.0000D+00  -0.1235D+00   0.0000D+00   0.0000D+00   0.0000D+00  -0.7266D-01   0.0000D+00  -0.1583D+00   0.0000D+00  -0.1235D+00   0.0000D+00
   0.3454D+00   0.0000D+00   0.5504D-01   0.0000D+00   0.1311D+00   0.0000D+00   0.7271D-01   0.0000D+00   0.1616D-01   0.0000D+00   0.0000D+00   0.0000D+00   0.3454D+00   0.0000D+00   0.5504D-01   0.0000D+00   0.1311D+00   0.0000D+00
   0.0000D+00   0.0000D+00   0.0000D+00   0.0000D+00   0.0000D+00   0.0000D+00   0.0000D+00   0.0000D+00
  -0.1397D+00   0.1396D-01  -0.1181D+00   0.7971D-02   0.8040D-02  -0.6071D-02  -0.7110D-01   0.2029D-02  -0.1397D+00   0.1396D-01  -0.1181D+00   0.7971D-02
   0.2713D+00  -0.1338D-01   0.4484D-01  -0.4132D-02   0.7599D-01  -0.2607D-01   0.6289D-01   0.0000D+00   0.1560D-01   0.1650D-02  -0.2114D-02   0.5399D-02   0.2713D+00  -0.1338D-01   0.4484D-01  -0.4132D-02   0.7599D-01  -0.2607D-01
  -0.1328D-02  -0.3668D-02  -0.1788D-02  -0.3947D-02  -0.1328D-02  -0.3668D-02  -0.1788D-02  -0.3947D-02
  0.500  2.000
  -0.1471D+00   0.0000D+00  -0.1147D+00   0.0000D+00   0.0000D+00   0.0000D+00  -0.6750D-01   0.0000D+00  -0.1471D+00   0.0000D+00  -0.1147D+00   0.0000D+00
   0.3454D+00   0.0000D+00   0.5504D-01   0.0000D+00   0.1311D+00   0.0000D+00   0.7271D-01   0.0000D+00   0.1616D-01   0.0000D+00   0.0000D+00   0.0000D+00   0.3454D+00   0.0000D+00   0.5504D-01   0.0000D+00   0.1311D+00   0.0000D+00
   0.0000D+00   0.0000D+00   0.0000D+00   0.0000D+00   0.0000D+00   0.0000D+00   0.0000D+00   0.0000D+00
  -0.1411D+00   0.1204D-01  -0.1180D+00   0.6879D-02   0.6938D-02  -0.5239D-02  -0.7080D-01   0.1751D-02  -0.1411D+00   0.1204D-01  -0.1180D+00   0.6879D-02
   0.2766D+00  -0.1243D-01   0.4557D-01  -0.3838D-02   0.7992D-01  -0.2422D-01   0.6359D-01   0.0000D+00   0.1564D-01   0.1533D-02  -0.1964D-02   0.5016D-02   0.2766D+00  -0.1243D-01   0.4557D-01  -0.3838D-02   0.7992D-01  -0.2422D-01
  -0.1234D-02  -0.3407D-02  -0.1661D-02  -0.3667D-02  -0.1234D-02  -0.3407D-02  -0.1661D-02  -0.3667D-02
  1.000  0.500
  -0.1545D+00   0.0000D+00  -0.1204D+00   0.0000D+00   0.0000D+00   0.0000D+00  -0.7061D-01   0.0000D+00  -0.1545D+00   0.0000D+00  -0.1204D+00   0.0000D+00
   0.3108D+00   0.0000D+00   0.4939D-01   0.0000D+00   0.1180D+00   0.0000D+00   0.6533D-01   0.0000D+00   0.1452D-01   0.0000D+00   0.0000D+00   0.0000D+00   0.3108D+00   0.0000D+00   0.4939D-01   0.0000D+00   0.1180D+00   0.0000D+00
   0.0000D+00   0.0000D+00   0.0000D+00   0.0000D+00   0.0000D+00   0.0000D+00   0.0000D+00   0.0000D+00
  -0.1384D+00   0.1471D-01  -0.1181D+00   0.8404D-02   0.8483D-02  -0.6392D-02  -0.7069D-01   0.2147D-02  -0.1384D+00   0.1471D-01  -0.1181D+00   0.8404D-02
   0.2711D+00  -0.1306D-01   0.4447D-01  -0.4026D-02   0.7636D-01  -0.2539D-01   0.6264D-01   0.0000D+00   0.1553D-01   0.1605D-02  -0.2055D-02   0.5252D-02   0.2711D+00  -0.1306D-01   0.4447D-01  -0.4026D-02   0.7636D-01  -0.2539D-01
  -0.1298D-02  -0.3550D-02  -0.1745D-02  -0.3848D-02  -0.1298D-02  -0.3550D-02  -0.1745D-02  -0.3848D-02
  1.000  1.000
  -0.1427D+00   0.0000D+00  -0.1111D+00   0.0000D+00   0.0000D+00   0.0000D+00  -0.6519D-01   0.0000D+00  -0.1427D+00   0.0000D+00  -0.1111D+00   0.0000D+00
   0.3108D+00   0.0000D+00   0.4939D-01   0.0000D+00   0.1180D+00   0.0000D+00   0.6533D-01   0.0000D+00   0.1452D-01   0.0000D+00   0.0000D+00   0.0000D+00   0.3108D+00   0.0000D+00   0.4939D-01   0.0000D+00   0.1180D+00   0.0000D+00
   0.0000D+00   0.0000D+00   0.0000D+00   0.0000D+00   0.0000D+00   0.0000D+00   0.0000D+00   0.0000D+00
  -0.1395D+00   0.1254D-01  -0.1174D+00   0.7165D-02   0.7232D-02  -0.5449D-02  -0.7010D-01   0.1831D-02  -0.1395D+00   0.1254D-01  -0.1174D+00   0.7165D-02
   0.2742D+00  -0.1206D-01   0.4486D-01  -0.3717D-02   0.7957D-01  -0.2344D-01   0.6285D-01   0.0000D+00   0.1545D-01   0.1482D-02  -0.1897D-02   0.4849D-02   0.2742D+00  -0.1206D-01   0.4486D-01  -0.3717D-02   0.7957D-01  -0.2344D-01
  -0.1198D-02  -0.3278D-02  -0.1611D-02  -0.3552D-02  -0.1198D-02  -0.3278D-02  -0.1611D-02  -0.3552D-02
  1.000  2.000
  -0.1325D+00   0.0000D+00  -0.1032D+00   0.0000D+00   0.0000D+00   0.0000D+00  -0.6056D-01   0.0000D+00  -0.1325D+00   0.0000D+00  -0.1032D+00   0.0000D+00
   0.3108D+00   0.0000D+00   0.4939D-01   0.0000D+00   0.1180D+00   0.0000D+00   0.6533D-01   0.0000D+00   0.1452D-01   0.0000D+00   0.0000D+00   0.0000D+00   0.3108D+00   0.0000D+00   0.4939D-01   0.0000D+00   0.1180D+00   0.0000D+00
   0.0000D+00   0.0000D+00   0.0000D+00   0.0000D+00   0.0000D+00   0.0000D+00   0.0000D+00   0.0000D+00
  -0.1390D+00   0.1082D-01  -0.1158D+00   0.6182D-02   0.6241D-02  -0.4702D-02  -0.6897D-01   0.1580D-02  -0.1390D+00   0.1082D-01  -0.1158D+00   0.6182D-02
   0.2769D+00  -0.1120D-01   0.4518D-01  -0.3453D-02   0.8232D-01  -0.2178D-01   0.6304D-01   0.0000D+00   0.1539D-01   0.1376D-02  -0.1762D-02   0.4505D-02   0.2769D+00  -0.1120D-01   0.4518D-01  -0.3453D-02   0.8232D-01  -0.2178D-01
  -0.1113D-02  -0.3045D-02  -0.1496D-02  -0.3300D-02  -0.1113D-02  -0.3045D-02  -0.1496D-02  -0.3300D-02
  2.000  0.500
  -0.1400D+00   0.0000D+00  -0.1090D+00   0.0000D+00   0.0000D+00   0.0000D+00  -0.6383D-01   0.0000D+00  -0.1400D+00   0.0000D+00  -0.1090D+00   0.0000D+00
   0.2810D+00   0.0000D+00   0.4467D-01   0.0000D+00   0.1069D+00   0.0000D+00   0.5896D-01   0.0000D+00   0.1310D-01   0.0000D+00   0.0000D+00   0.0000D+00   0.2810D+00   0.0000D+00   0.4467D-01   0.0000D+00   0.1069D+00   0.0000D+00
   0.0000D+00   0.0000D+00   0.0000D+00   0.0000D+00   0.0000D+00   0.0000D+00   0.0000D+00   0.0000D+00
  -0.1404D+00   0.1331D-01  -0.1187D+00   0.7600D-02   0.7655D-02  -0.5776D-02  -0.7111D-01   0.1955D-02  -0.1404D+00   0.1331D-01  -0.1187D+00   0.7600D-02
   0.2749D+00  -0.1183D-01   0.4504D-01  -0.3642D-02   0.8094D-01  -0.2295D-01   0.6312D-01   0.0000D+00   0.1543D-01   0.1449D-02  -0.1819D-02   0.4743D-02   0.2749D+00  -0.1183D-01   0.4504D-01  -0.3642D-02   0.8094D-01  -0.2295D-01
  -0.1176D-02  -0.3212D-02  -0.1576D-02  -0.3470D-02  -0.1176D-02  -0.3212D-02  -0.1576D-02  -0.3470D-02
  2.000  1.000
  -0.1292D+00   0.0000D+00  -0.1006D+00   0.0000D+00   0.0000D+00   0.0000D+00  -0.5894D-01   0.0000D+00  -0.1292D+00   0.0000D+00  -0.1006D+00   0.0000D+00
   0.2810D+00   0.0000D+00   0.4467D-01   0.0000D+00   0.1069D+00   0.0000D+00   0.5896D-01   0.0000D+00   0.1310D-01   0.0000D+00   0.0000D+00   0.0000D+00   0.2810D+00   0.0000D+00   0.4467D-01   0.0000D+00   0.1069D+00   0.0000D+00
   0.0000D+00   0.0000D+00   0.0000D+00   0.0000D+00   0.0000D+00   0.0000D+00   0.0000D+00   0.0000D+00
  -0.1392D+00   0.1135D-01  -0.1163D+00   0.6479D-02   0.6526D-02  -0.4924D-02  -0.6951D-01   0.1666D-02  -0.1392D+00   0.1135D-01  -0.1163D+00   0.6479D-02
   0.2754D+00  -0.1092D-01   0.4502D-01  -0.3363D-02   0.8294D-01  -0.2119D-01   0.6281D-01   0.0000D+00   0.1525D-01   0.1338D-02  -0.1680D-02   0.4379D-02   0.2754D+00  -0.1092D-01   0.4502D-01  -0.3363D-02   0.8294D-01  -0.2119D-01
  -0.1086D-02  -0.2965D-02  -0.1455D-02  -0.3204D-02  -0.1086D-02  -0.2965D-02  -0.1455D-02  -0.3204D-02
  2.000  2.000
  -0.1200D+00   0.0000D+00  -0.9346D-01   0.0000D+00   0.0000D+00   0.0000D+00  -0.5475D-01   0.0000D+00  -0.1200D+00   0.0000D+00  -0.9346D-01   0.0000D+00
   0.2810D+00   0.0000D+00   0.4467D-01   0.0000D+00   0.1069D+00   0.0000D+00   0.5896D-01   0.0000D+00   0.1310D-01   0.0000D+00   0.0000D+00   0.0000D+00   0.2810D+00   0.0000D+00   0.4467D-01   0.0000D+00   0.1069D+00   0.0000D+00
   0.0000D+00   0.0000D+00   0.0000D+00   0.0000D+00   0.0000D+00   0.0000D+00   0.0000D+00   0.0000D+00
  -0.1369D+00   0.9794D-02  -0.1135D+00   0.5591D-02   0.5632D-02  -0.4249D-02  -0.6764D-01   0.1438D-02  -0.1369D+00   0.9794D-02  -0.1135D+00   0.5591D-02
   0.2758D+00  -0.1015D-01   0.4500D-01  -0.3124D-02   0.8466D-01  -0.1968D-01   0.6254D-01   0.0000D+00   0.1510D-01   0.1243D-02  -0.1561D-02   0.4068D-02   0.2758D+00  -0.1015D-01   0.4500D-01  -0.3124D-02   0.8466D-01  -0.1968D-01
  -0.1009D-02  -0.2755D-02  -0.1351D-02  -0.2976D-02  -0.1009D-02  -0.2755D-02  -0.1351D-02  -0.2976D-02
