 LHC=           1 sqrts=   8000.0000000000000      ang=           4 mode=fital                                                                                               scalescheme=           1 R=  0.69999999999999996     
 CT10nlo_rand5678                                                                                             284
 Bin information: chid, chiu, md, mu, mu0
   0.0000000000000000       0.50000000000000000        174.00000000000000        196.00000000000000        185.00000000000000     
 9 scales(muf, mur)*(LO(38), NLO(38))
  0.500  0.500
  -0.5200D+01   0.0000D+00  -0.7158D+01   0.0000D+00   0.0000D+00   0.0000D+00  -0.7368D+01   0.0000D+00  -0.5200D+01   0.0000D+00  -0.7158D+01   0.0000D+00
   0.5826D+00   0.0000D+00   0.1063D+00   0.0000D+00   0.1369D+00   0.0000D+00   0.2445D+00   0.0000D+00   0.5434D-01   0.0000D+00   0.0000D+00   0.0000D+00   0.5826D+00   0.0000D+00   0.1063D+00   0.0000D+00   0.1369D+00   0.0000D+00
   0.0000D+00   0.0000D+00   0.0000D+00   0.0000D+00   0.0000D+00   0.0000D+00   0.0000D+00   0.0000D+00
  -0.3740D+01   0.1175D+01  -0.5997D+01   0.7077D+00   0.6212D+00  -0.8300D+00  -0.6835D+01  -0.6071D-01  -0.3740D+01   0.1175D+01  -0.5997D+01   0.7077D+00
   0.7310D+00  -0.1883D-01   0.1347D+00  -0.7855D-02   0.1173D+00  -0.6093D-01   0.2955D+00   0.0000D+00   0.7589D-01   0.7468D-02   0.1563D-02   0.2444D-01   0.7310D+00  -0.1883D-01   0.1347D+00  -0.7855D-02   0.1173D+00  -0.6093D-01
  -0.1013D-02  -0.7166D-02  -0.4397D-02  -0.1302D-01  -0.1013D-02  -0.7166D-02  -0.4397D-02  -0.1302D-01
  0.500  1.000
  -0.4710D+01   0.0000D+00  -0.6484D+01   0.0000D+00   0.0000D+00   0.0000D+00  -0.6673D+01   0.0000D+00  -0.4710D+01   0.0000D+00  -0.6484D+01   0.0000D+00
   0.5826D+00   0.0000D+00   0.1063D+00   0.0000D+00   0.1369D+00   0.0000D+00   0.2445D+00   0.0000D+00   0.5434D-01   0.0000D+00   0.0000D+00   0.0000D+00   0.5826D+00   0.0000D+00   0.1063D+00   0.0000D+00   0.1369D+00   0.0000D+00
   0.0000D+00   0.0000D+00   0.0000D+00   0.0000D+00   0.0000D+00   0.0000D+00   0.0000D+00   0.0000D+00
  -0.3941D+01   0.9643D+00  -0.6121D+01   0.5806D+00   0.5095D+00  -0.6809D+00  -0.6843D+01  -0.4980D-01  -0.3941D+01   0.9643D+00  -0.6121D+01   0.5806D+00
   0.7181D+00  -0.1706D-01   0.1322D+00  -0.7115D-02   0.1194D+00  -0.5519D-01   0.2910D+00   0.0000D+00   0.7394D-01   0.6764D-02   0.1428D-02   0.2214D-01   0.7181D+00  -0.1706D-01   0.1322D+00  -0.7115D-02   0.1194D+00  -0.5519D-01
  -0.9171D-03  -0.6491D-02  -0.3983D-02  -0.1179D-01  -0.9171D-03  -0.6491D-02  -0.3983D-02  -0.1179D-01
  0.500  2.000
  -0.4306D+01   0.0000D+00  -0.5926D+01   0.0000D+00   0.0000D+00   0.0000D+00  -0.6100D+01   0.0000D+00  -0.4306D+01   0.0000D+00  -0.5926D+01   0.0000D+00
   0.5826D+00   0.0000D+00   0.1063D+00   0.0000D+00   0.1369D+00   0.0000D+00   0.2445D+00   0.0000D+00   0.5434D-01   0.0000D+00   0.0000D+00   0.0000D+00   0.5826D+00   0.0000D+00   0.1063D+00   0.0000D+00   0.1369D+00   0.0000D+00
   0.0000D+00   0.0000D+00   0.0000D+00   0.0000D+00   0.0000D+00   0.0000D+00   0.0000D+00   0.0000D+00
  -0.4020D+01   0.8057D+00  -0.6115D+01   0.4851D+00   0.4256D+00  -0.5689D+00  -0.6748D+01  -0.4161D-01  -0.4020D+01   0.8057D+00  -0.6115D+01   0.4851D+00
   0.7073D+00  -0.1559D-01   0.1301D+00  -0.6504D-02   0.1211D+00  -0.5045D-01   0.2872D+00   0.0000D+00   0.7232D-01   0.6183D-02   0.1315D-02   0.2024D-01   0.7073D+00  -0.1559D-01   0.1301D+00  -0.6504D-02   0.1211D+00  -0.5045D-01
  -0.8383D-03  -0.5934D-02  -0.3641D-02  -0.1078D-01  -0.8383D-03  -0.5934D-02  -0.3641D-02  -0.1078D-01
  1.000  0.500
  -0.5087D+01   0.0000D+00  -0.7095D+01   0.0000D+00   0.0000D+00   0.0000D+00  -0.7382D+01   0.0000D+00  -0.5087D+01   0.0000D+00  -0.7095D+01   0.0000D+00
   0.5761D+00   0.0000D+00   0.1060D+00   0.0000D+00   0.1342D+00   0.0000D+00   0.2414D+00   0.0000D+00   0.5365D-01   0.0000D+00   0.0000D+00   0.0000D+00   0.5761D+00   0.0000D+00   0.1060D+00   0.0000D+00   0.1342D+00   0.0000D+00
   0.0000D+00   0.0000D+00   0.0000D+00   0.0000D+00   0.0000D+00   0.0000D+00   0.0000D+00   0.0000D+00
  -0.3685D+01   0.1164D+01  -0.6033D+01   0.7046D+00   0.5890D+00  -0.8290D+00  -0.6866D+01  -0.5963D-01  -0.3685D+01   0.1164D+01  -0.6033D+01   0.7046D+00
   0.7099D+00  -0.1845D-01   0.1315D+00  -0.7775D-02   0.1118D+00  -0.6084D-01   0.2881D+00   0.0000D+00   0.7328D-01   0.7389D-02   0.1596D-02   0.2418D-01   0.7099D+00  -0.1845D-01   0.1315D+00  -0.7775D-02   0.1118D+00  -0.6084D-01
  -0.1004D-02  -0.7118D-02  -0.4391D-02  -0.1297D-01  -0.1004D-02  -0.7118D-02  -0.4391D-02  -0.1297D-01
  1.000  1.000
  -0.4608D+01   0.0000D+00  -0.6427D+01   0.0000D+00   0.0000D+00   0.0000D+00  -0.6686D+01   0.0000D+00  -0.4608D+01   0.0000D+00  -0.6427D+01   0.0000D+00
   0.5761D+00   0.0000D+00   0.1060D+00   0.0000D+00   0.1342D+00   0.0000D+00   0.2414D+00   0.0000D+00   0.5365D-01   0.0000D+00   0.0000D+00   0.0000D+00   0.5761D+00   0.0000D+00   0.1060D+00   0.0000D+00   0.1342D+00   0.0000D+00
   0.0000D+00   0.0000D+00   0.0000D+00   0.0000D+00   0.0000D+00   0.0000D+00   0.0000D+00   0.0000D+00
  -0.3876D+01   0.9553D+00  -0.6139D+01   0.5781D+00   0.4831D+00  -0.6801D+00  -0.6871D+01  -0.4892D-01  -0.3876D+01   0.9553D+00  -0.6139D+01   0.5781D+00
   0.6984D+00  -0.1671D-01   0.1293D+00  -0.7043D-02   0.1142D+00  -0.5510D-01   0.2840D+00   0.0000D+00   0.7152D-01   0.6693D-02   0.1457D-02   0.2190D-01   0.6984D+00  -0.1671D-01   0.1293D+00  -0.7043D-02   0.1142D+00  -0.5510D-01
  -0.9093D-03  -0.6447D-02  -0.3978D-02  -0.1175D-01  -0.9093D-03  -0.6447D-02  -0.3978D-02  -0.1175D-01
  1.000  2.000
  -0.4212D+01   0.0000D+00  -0.5874D+01   0.0000D+00   0.0000D+00   0.0000D+00  -0.6112D+01   0.0000D+00  -0.4212D+01   0.0000D+00  -0.5874D+01   0.0000D+00
   0.5761D+00   0.0000D+00   0.1060D+00   0.0000D+00   0.1342D+00   0.0000D+00   0.2414D+00   0.0000D+00   0.5365D-01   0.0000D+00   0.0000D+00   0.0000D+00   0.5761D+00   0.0000D+00   0.1060D+00   0.0000D+00   0.1342D+00   0.0000D+00
   0.0000D+00   0.0000D+00   0.0000D+00   0.0000D+00   0.0000D+00   0.0000D+00   0.0000D+00   0.0000D+00
  -0.3950D+01   0.7982D+00  -0.6122D+01   0.4830D+00   0.4035D+00  -0.5683D+00  -0.6773D+01  -0.4087D-01  -0.3950D+01   0.7982D+00  -0.6122D+01   0.4830D+00
   0.6885D+00  -0.1527D-01   0.1274D+00  -0.6438D-02   0.1161D+00  -0.5037D-01   0.2805D+00   0.0000D+00   0.7004D-01   0.6118D-02   0.1341D-02   0.2002D-01   0.6885D+00  -0.1527D-01   0.1274D+00  -0.6438D-02   0.1161D+00  -0.5037D-01
  -0.8311D-03  -0.5893D-02  -0.3636D-02  -0.1074D-01  -0.8311D-03  -0.5893D-02  -0.3636D-02  -0.1074D-01
  2.000  0.500
  -0.4982D+01   0.0000D+00  -0.7036D+01   0.0000D+00   0.0000D+00   0.0000D+00  -0.7265D+01   0.0000D+00  -0.4982D+01   0.0000D+00  -0.7036D+01   0.0000D+00
   0.5686D+00   0.0000D+00   0.1044D+00   0.0000D+00   0.1318D+00   0.0000D+00   0.2382D+00   0.0000D+00   0.5292D-01   0.0000D+00   0.0000D+00   0.0000D+00   0.5686D+00   0.0000D+00   0.1044D+00   0.0000D+00   0.1318D+00   0.0000D+00
   0.0000D+00   0.0000D+00   0.0000D+00   0.0000D+00   0.0000D+00   0.0000D+00   0.0000D+00   0.0000D+00
  -0.3731D+01   0.1151D+01  -0.6127D+01   0.6972D+00   0.5740D+00  -0.8172D+00  -0.6934D+01  -0.5877D-01  -0.3731D+01   0.1151D+01  -0.6127D+01   0.6972D+00
   0.7050D+00  -0.1811D-01   0.1299D+00  -0.7626D-02   0.1119D+00  -0.6011D-01   0.2859D+00   0.0000D+00   0.7271D-01   0.7277D-02   0.1192D-02   0.2382D-01   0.7050D+00  -0.1811D-01   0.1299D+00  -0.7626D-02   0.1119D+00  -0.6011D-01
  -0.9993D-03  -0.6988D-02  -0.4364D-02  -0.1276D-01  -0.9993D-03  -0.6988D-02  -0.4364D-02  -0.1276D-01
  2.000  1.000
  -0.4513D+01   0.0000D+00  -0.6373D+01   0.0000D+00   0.0000D+00   0.0000D+00  -0.6581D+01   0.0000D+00  -0.4513D+01   0.0000D+00  -0.6373D+01   0.0000D+00
   0.5686D+00   0.0000D+00   0.1044D+00   0.0000D+00   0.1318D+00   0.0000D+00   0.2382D+00   0.0000D+00   0.5292D-01   0.0000D+00   0.0000D+00   0.0000D+00   0.5686D+00   0.0000D+00   0.1044D+00   0.0000D+00   0.1318D+00   0.0000D+00
   0.0000D+00   0.0000D+00   0.0000D+00   0.0000D+00   0.0000D+00   0.0000D+00   0.0000D+00   0.0000D+00
  -0.3890D+01   0.9444D+00  -0.6200D+01   0.5720D+00   0.4707D+00  -0.6705D+00  -0.6901D+01  -0.4821D-01  -0.3890D+01   0.9444D+00  -0.6200D+01   0.5720D+00
   0.6872D+00  -0.1641D-01   0.1267D+00  -0.6908D-02   0.1123D+00  -0.5445D-01   0.2805D+00   0.0000D+00   0.7056D-01   0.6592D-02   0.1080D-02   0.2157D-01   0.6872D+00  -0.1641D-01   0.1267D+00  -0.6908D-02   0.1123D+00  -0.5445D-01
  -0.9051D-03  -0.6330D-02  -0.3953D-02  -0.1156D-01  -0.9051D-03  -0.6330D-02  -0.3953D-02  -0.1156D-01
  2.000  2.000
  -0.4125D+01   0.0000D+00  -0.5825D+01   0.0000D+00   0.0000D+00   0.0000D+00  -0.6015D+01   0.0000D+00  -0.4125D+01   0.0000D+00  -0.5825D+01   0.0000D+00
   0.5686D+00   0.0000D+00   0.1044D+00   0.0000D+00   0.1318D+00   0.0000D+00   0.2382D+00   0.0000D+00   0.5292D-01   0.0000D+00   0.0000D+00   0.0000D+00   0.5686D+00   0.0000D+00   0.1044D+00   0.0000D+00   0.1318D+00   0.0000D+00
   0.0000D+00   0.0000D+00   0.0000D+00   0.0000D+00   0.0000D+00   0.0000D+00   0.0000D+00   0.0000D+00
  -0.3948D+01   0.7891D+00  -0.6166D+01   0.4779D+00   0.3931D+00  -0.5602D+00  -0.6783D+01  -0.4028D-01  -0.3948D+01   0.7891D+00  -0.6166D+01   0.4779D+00
   0.6787D+00  -0.1500D-01   0.1251D+00  -0.6315D-02   0.1144D+00  -0.4977D-01   0.2773D+00   0.0000D+00   0.6917D-01   0.6026D-02   0.9978D-03   0.1972D-01   0.6787D+00  -0.1500D-01   0.1251D+00  -0.6315D-02   0.1144D+00  -0.4977D-01
  -0.8273D-03  -0.5786D-02  -0.3613D-02  -0.1056D-01  -0.8273D-03  -0.5786D-02  -0.3613D-02  -0.1056D-01
