 LHC=           1 sqrts=   8000.0000000000000      ang=           4 mode=fital                                                                                               scalescheme=           1 R=  0.69999999999999996     
 CT10nlo_rand5678                                                                                             189
 Bin information: chid, chiu, md, mu, mu0
   0.0000000000000000       0.50000000000000000        84.000000000000000        97.000000000000000        90.500000000000000     
 9 scales(muf, mur)*(LO(38), NLO(38))
  0.500  0.500
  -0.1361D+02   0.0000D+00  -0.2292D+02   0.0000D+00   0.0000D+00   0.0000D+00  -0.2472D+02   0.0000D+00  -0.1361D+02   0.0000D+00  -0.2292D+02   0.0000D+00
   0.3750D+00   0.0000D+00   0.7015D-01   0.0000D+00   0.7802D-01   0.0000D+00   0.1674D+00   0.0000D+00   0.3719D-01   0.0000D+00   0.0000D+00   0.0000D+00   0.3750D+00   0.0000D+00   0.7015D-01   0.0000D+00   0.7802D-01   0.0000D+00
   0.0000D+00   0.0000D+00   0.0000D+00   0.0000D+00   0.0000D+00   0.0000D+00   0.0000D+00   0.0000D+00
  -0.9297D+01   0.4215D+01  -0.1828D+02   0.2539D+01   0.2003D+01  -0.3105D+01  -0.2173D+02  -0.2873D+00  -0.9297D+01   0.4215D+01  -0.1828D+02   0.2539D+01
   0.7342D+00  -0.1218D-01   0.1360D+00  -0.5499D-02   0.1152D+00  -0.4428D-01   0.2923D+00   0.0000D+00   0.7731D-01   0.5713D-02   0.5793D-02   0.1870D-01   0.7342D+00  -0.1218D-01   0.1360D+00  -0.5499D-02   0.1152D+00  -0.4428D-01
  -0.3494D-03  -0.4548D-02  -0.2924D-02  -0.9691D-02  -0.3494D-03  -0.4548D-02  -0.2924D-02  -0.9691D-02
  0.500  1.000
  -0.1218D+02   0.0000D+00  -0.2051D+02   0.0000D+00   0.0000D+00   0.0000D+00  -0.2213D+02   0.0000D+00  -0.1218D+02   0.0000D+00  -0.2051D+02   0.0000D+00
   0.3750D+00   0.0000D+00   0.7015D-01   0.0000D+00   0.7802D-01   0.0000D+00   0.1674D+00   0.0000D+00   0.3719D-01   0.0000D+00   0.0000D+00   0.0000D+00   0.3750D+00   0.0000D+00   0.7015D-01   0.0000D+00   0.7802D-01   0.0000D+00
   0.0000D+00   0.0000D+00   0.0000D+00   0.0000D+00   0.0000D+00   0.0000D+00   0.0000D+00   0.0000D+00
  -0.9960D+01   0.3376D+01  -0.1888D+02   0.2034D+01   0.1603D+01  -0.2487D+01  -0.2197D+02  -0.2301D+00  -0.9960D+01   0.3376D+01  -0.1888D+02   0.2034D+01
   0.6994D+00  -0.1090D-01   0.1296D+00  -0.4922D-02   0.1120D+00  -0.3963D-01   0.2800D+00   0.0000D+00   0.7334D-01   0.5113D-02   0.5229D-02   0.1673D-01   0.6994D+00  -0.1090D-01   0.1296D+00  -0.4922D-02   0.1120D+00  -0.3963D-01
  -0.3126D-03  -0.4071D-02  -0.2617D-02  -0.8673D-02  -0.3126D-03  -0.4071D-02  -0.2617D-02  -0.8673D-02
  0.500  2.000
  -0.1103D+02   0.0000D+00  -0.1857D+02   0.0000D+00   0.0000D+00   0.0000D+00  -0.2004D+02   0.0000D+00  -0.1103D+02   0.0000D+00  -0.1857D+02   0.0000D+00
   0.3750D+00   0.0000D+00   0.7015D-01   0.0000D+00   0.7802D-01   0.0000D+00   0.1674D+00   0.0000D+00   0.3719D-01   0.0000D+00   0.0000D+00   0.0000D+00   0.3750D+00   0.0000D+00   0.7015D-01   0.0000D+00   0.7802D-01   0.0000D+00
   0.0000D+00   0.0000D+00   0.0000D+00   0.0000D+00   0.0000D+00   0.0000D+00   0.0000D+00   0.0000D+00
  -0.1022D+02   0.2768D+01  -0.1893D+02   0.1667D+01   0.1313D+01  -0.2039D+01  -0.2174D+02  -0.1886D+00  -0.1022D+02   0.2768D+01  -0.1893D+02   0.1667D+01
   0.6705D+00  -0.9873D-02   0.1243D+00  -0.4457D-02   0.1092D+00  -0.3588D-01   0.2699D+00   0.0000D+00   0.7008D-01   0.4630D-02   0.4769D-02   0.1515D-01   0.6705D+00  -0.9873D-02   0.1243D+00  -0.4457D-02   0.1092D+00  -0.3588D-01
  -0.2830D-03  -0.3687D-02  -0.2369D-02  -0.7854D-02  -0.2830D-03  -0.3687D-02  -0.2369D-02  -0.7854D-02
  1.000  0.500
  -0.1417D+02   0.0000D+00  -0.2405D+02   0.0000D+00   0.0000D+00   0.0000D+00  -0.2581D+02   0.0000D+00  -0.1417D+02   0.0000D+00  -0.2405D+02   0.0000D+00
   0.3964D+00   0.0000D+00   0.7323D-01   0.0000D+00   0.8091D-01   0.0000D+00   0.1762D+00   0.0000D+00   0.3917D-01   0.0000D+00   0.0000D+00   0.0000D+00   0.3964D+00   0.0000D+00   0.7323D-01   0.0000D+00   0.8091D-01   0.0000D+00
   0.0000D+00   0.0000D+00   0.0000D+00   0.0000D+00   0.0000D+00   0.0000D+00   0.0000D+00   0.0000D+00
  -0.8838D+01   0.4470D+01  -0.1848D+02   0.2647D+01   0.2045D+01  -0.3252D+01  -0.2152D+02  -0.3015D+00  -0.8838D+01   0.4470D+01  -0.1848D+02   0.2647D+01
   0.7065D+00  -0.1247D-01   0.1308D+00  -0.5760D-02   0.1083D+00  -0.4725D-01   0.2838D+00   0.0000D+00   0.7521D-01   0.5954D-02   0.5269D-02   0.1949D-01   0.7065D+00  -0.1247D-01   0.1308D+00  -0.5760D-02   0.1083D+00  -0.4725D-01
  -0.3777D-03  -0.4623D-02  -0.3148D-02  -0.1015D-01  -0.3777D-03  -0.4623D-02  -0.3148D-02  -0.1015D-01
  1.000  1.000
  -0.1268D+02   0.0000D+00  -0.2152D+02   0.0000D+00   0.0000D+00   0.0000D+00  -0.2310D+02   0.0000D+00  -0.1268D+02   0.0000D+00  -0.2152D+02   0.0000D+00
   0.3964D+00   0.0000D+00   0.7323D-01   0.0000D+00   0.8091D-01   0.0000D+00   0.1762D+00   0.0000D+00   0.3917D-01   0.0000D+00   0.0000D+00   0.0000D+00   0.3964D+00   0.0000D+00   0.7323D-01   0.0000D+00   0.8091D-01   0.0000D+00
   0.0000D+00   0.0000D+00   0.0000D+00   0.0000D+00   0.0000D+00   0.0000D+00   0.0000D+00   0.0000D+00
  -0.9694D+01   0.3580D+01  -0.1924D+02   0.2121D+01   0.1636D+01  -0.2605D+01  -0.2200D+02  -0.2415D+00  -0.9694D+01   0.3580D+01  -0.1924D+02   0.2121D+01
   0.6771D+00  -0.1116D-01   0.1253D+00  -0.5155D-02   0.1062D+00  -0.4229D-01   0.2734D+00   0.0000D+00   0.7168D-01   0.5329D-02   0.4760D-02   0.1744D-01   0.6771D+00  -0.1116D-01   0.1253D+00  -0.5155D-02   0.1062D+00  -0.4229D-01
  -0.3379D-03  -0.4138D-02  -0.2817D-02  -0.9087D-02  -0.3379D-03  -0.4138D-02  -0.2817D-02  -0.9087D-02
  1.000  2.000
  -0.1148D+02   0.0000D+00  -0.1949D+02   0.0000D+00   0.0000D+00   0.0000D+00  -0.2091D+02   0.0000D+00  -0.1148D+02   0.0000D+00  -0.1949D+02   0.0000D+00
   0.3964D+00   0.0000D+00   0.7323D-01   0.0000D+00   0.8091D-01   0.0000D+00   0.1762D+00   0.0000D+00   0.3917D-01   0.0000D+00   0.0000D+00   0.0000D+00   0.3964D+00   0.0000D+00   0.7323D-01   0.0000D+00   0.8091D-01   0.0000D+00
   0.0000D+00   0.0000D+00   0.0000D+00   0.0000D+00   0.0000D+00   0.0000D+00   0.0000D+00   0.0000D+00
  -0.1008D+02   0.2935D+01  -0.1940D+02   0.1739D+01   0.1341D+01  -0.2136D+01  -0.2192D+02  -0.1980D+00  -0.1008D+02   0.2935D+01  -0.1940D+02   0.1739D+01
   0.6539D+00  -0.1011D-01   0.1210D+00  -0.4668D-02   0.1047D+00  -0.3829D-01   0.2651D+00   0.0000D+00   0.6885D-01   0.4826D-02   0.4338D-02   0.1579D-01   0.6539D+00  -0.1011D-01   0.1210D+00  -0.4668D-02   0.1047D+00  -0.3829D-01
  -0.3059D-03  -0.3747D-02  -0.2551D-02  -0.8229D-02  -0.3059D-03  -0.3747D-02  -0.2551D-02  -0.8229D-02
  2.000  0.500
  -0.1446D+02   0.0000D+00  -0.2529D+02   0.0000D+00   0.0000D+00   0.0000D+00  -0.2704D+02   0.0000D+00  -0.1446D+02   0.0000D+00  -0.2529D+02   0.0000D+00
   0.4080D+00   0.0000D+00   0.7722D-01   0.0000D+00   0.8444D-01   0.0000D+00   0.1820D+00   0.0000D+00   0.4045D-01   0.0000D+00   0.0000D+00   0.0000D+00   0.4080D+00   0.0000D+00   0.7722D-01   0.0000D+00   0.8444D-01   0.0000D+00
   0.0000D+00   0.0000D+00   0.0000D+00   0.0000D+00   0.0000D+00   0.0000D+00   0.0000D+00   0.0000D+00
  -0.8687D+01   0.4702D+01  -0.1835D+02   0.2783D+01   0.2211D+01  -0.3401D+01  -0.2184D+02  -0.3108D+00  -0.8687D+01   0.4702D+01  -0.1835D+02   0.2783D+01
   0.6980D+00  -0.1298D-01   0.1316D+00  -0.5923D-02   0.1148D+00  -0.4796D-01   0.2810D+00   0.0000D+00   0.7505D-01   0.6269D-02   0.4537D-02   0.2051D-01   0.6980D+00  -0.1298D-01   0.1316D+00  -0.5923D-02   0.1148D+00  -0.4796D-01
  -0.4109D-03  -0.4930D-02  -0.3305D-02  -0.1058D-01  -0.4109D-03  -0.4930D-02  -0.3305D-02  -0.1058D-01
  2.000  1.000
  -0.1294D+02   0.0000D+00  -0.2263D+02   0.0000D+00   0.0000D+00   0.0000D+00  -0.2420D+02   0.0000D+00  -0.1294D+02   0.0000D+00  -0.2263D+02   0.0000D+00
   0.4080D+00   0.0000D+00   0.7722D-01   0.0000D+00   0.8444D-01   0.0000D+00   0.1820D+00   0.0000D+00   0.4045D-01   0.0000D+00   0.0000D+00   0.0000D+00   0.4080D+00   0.0000D+00   0.7722D-01   0.0000D+00   0.8444D-01   0.0000D+00
   0.0000D+00   0.0000D+00   0.0000D+00   0.0000D+00   0.0000D+00   0.0000D+00   0.0000D+00   0.0000D+00
  -0.9582D+01   0.3766D+01  -0.1931D+02   0.2229D+01   0.1770D+01  -0.2724D+01  -0.2244D+02  -0.2489D+00  -0.9582D+01   0.3766D+01  -0.1931D+02   0.2229D+01
   0.6479D+00  -0.1161D-01   0.1226D+00  -0.5301D-02   0.1059D+00  -0.4292D-01   0.2666D+00   0.0000D+00   0.7013D-01   0.5610D-02   0.3968D-02   0.1836D-01   0.6479D+00  -0.1161D-01   0.1226D+00  -0.5301D-02   0.1059D+00  -0.4292D-01
  -0.3676D-03  -0.4412D-02  -0.2958D-02  -0.9473D-02  -0.3676D-03  -0.4412D-02  -0.2958D-02  -0.9473D-02
  2.000  2.000
  -0.1172D+02   0.0000D+00  -0.2049D+02   0.0000D+00   0.0000D+00   0.0000D+00  -0.2191D+02   0.0000D+00  -0.1172D+02   0.0000D+00  -0.2049D+02   0.0000D+00
   0.4080D+00   0.0000D+00   0.7722D-01   0.0000D+00   0.8444D-01   0.0000D+00   0.1820D+00   0.0000D+00   0.4045D-01   0.0000D+00   0.0000D+00   0.0000D+00   0.4080D+00   0.0000D+00   0.7722D-01   0.0000D+00   0.8444D-01   0.0000D+00
   0.0000D+00   0.0000D+00   0.0000D+00   0.0000D+00   0.0000D+00   0.0000D+00   0.0000D+00   0.0000D+00
  -0.1004D+02   0.3088D+01  -0.1964D+02   0.1827D+01   0.1451D+01  -0.2233D+01  -0.2247D+02  -0.2041D+00  -0.1004D+02   0.3088D+01  -0.1964D+02   0.1827D+01
   0.6287D+00  -0.1052D-01   0.1189D+00  -0.4800D-02   0.1047D+00  -0.3887D-01   0.2595D+00   0.0000D+00   0.6760D-01   0.5080D-02   0.3644D-02   0.1663D-01   0.6287D+00  -0.1052D-01   0.1189D+00  -0.4800D-02   0.1047D+00  -0.3887D-01
  -0.3328D-03  -0.3996D-02  -0.2678D-02  -0.8578D-02  -0.3328D-03  -0.3996D-02  -0.2678D-02  -0.8578D-02
