 LHC=           1 sqrts=   8000.0000000000000      ang=           4 mode=fital                                                                                               scalescheme=           1 R=  0.69999999999999996     
 CT10nlo_rand5678                                                                                             240
 Bin information: chid, chiu, md, mu, mu0
   0.0000000000000000       0.50000000000000000        638.00000000000000        686.00000000000000        662.00000000000000     
 9 scales(muf, mur)*(LO(38), NLO(38))
  0.500  0.500
  -0.4677D+00   0.0000D+00  -0.3938D+00   0.0000D+00   0.0000D+00   0.0000D+00  -0.2768D+00   0.0000D+00  -0.4677D+00   0.0000D+00  -0.3938D+00   0.0000D+00
   0.5020D+00   0.0000D+00   0.8239D-01   0.0000D+00   0.1757D+00   0.0000D+00   0.1318D+00   0.0000D+00   0.2929D-01   0.0000D+00   0.0000D+00   0.0000D+00   0.5020D+00   0.0000D+00   0.8239D-01   0.0000D+00   0.1757D+00   0.0000D+00
   0.0000D+00   0.0000D+00   0.0000D+00   0.0000D+00   0.0000D+00   0.0000D+00   0.0000D+00   0.0000D+00
  -0.3604D+00   0.5123D-01  -0.3419D+00   0.3017D-01   0.3184D-01  -0.2613D-01  -0.2525D+00   0.4734D-02  -0.3604D+00   0.5123D-01  -0.3419D+00   0.3017D-01
   0.4102D+00  -0.2026D-01   0.6928D-01  -0.6557D-02   0.9790D-01  -0.4316D-01   0.1174D+00   0.0000D+00   0.2924D-01   0.3380D-02  -0.3020D-02   0.1106D-01   0.4102D+00  -0.2026D-01   0.6928D-01  -0.6557D-02   0.9790D-01  -0.4316D-01
  -0.1885D-02  -0.5811D-02  -0.3076D-02  -0.7196D-02  -0.1885D-02  -0.5811D-02  -0.3076D-02  -0.7196D-02
  0.500  1.000
  -0.4304D+00   0.0000D+00  -0.3623D+00   0.0000D+00   0.0000D+00   0.0000D+00  -0.2547D+00   0.0000D+00  -0.4304D+00   0.0000D+00  -0.3623D+00   0.0000D+00
   0.5020D+00   0.0000D+00   0.8239D-01   0.0000D+00   0.1757D+00   0.0000D+00   0.1318D+00   0.0000D+00   0.2929D-01   0.0000D+00   0.0000D+00   0.0000D+00   0.5020D+00   0.0000D+00   0.8239D-01   0.0000D+00   0.1757D+00   0.0000D+00
   0.0000D+00   0.0000D+00   0.0000D+00   0.0000D+00   0.0000D+00   0.0000D+00   0.0000D+00   0.0000D+00
  -0.3727D+00   0.4337D-01  -0.3463D+00   0.2554D-01   0.2695D-01  -0.2212D-01  -0.2538D+00   0.4008D-02  -0.3727D+00   0.4337D-01  -0.3463D+00   0.2554D-01
   0.4176D+00  -0.1864D-01   0.7034D-01  -0.6033D-02   0.1041D+00  -0.3972D-01   0.1186D+00   0.0000D+00   0.2925D-01   0.3110D-02  -0.2779D-02   0.1018D-01   0.4176D+00  -0.1864D-01   0.7034D-01  -0.6033D-02   0.1041D+00  -0.3972D-01
  -0.1735D-02  -0.5347D-02  -0.2830D-02  -0.6621D-02  -0.1735D-02  -0.5347D-02  -0.2830D-02  -0.6621D-02
  0.500  2.000
  -0.3986D+00   0.0000D+00  -0.3356D+00   0.0000D+00   0.0000D+00   0.0000D+00  -0.2359D+00   0.0000D+00  -0.3986D+00   0.0000D+00  -0.3356D+00   0.0000D+00
   0.5020D+00   0.0000D+00   0.8239D-01   0.0000D+00   0.1757D+00   0.0000D+00   0.1318D+00   0.0000D+00   0.2929D-01   0.0000D+00   0.0000D+00   0.0000D+00   0.5020D+00   0.0000D+00   0.8239D-01   0.0000D+00   0.1757D+00   0.0000D+00
   0.0000D+00   0.0000D+00   0.0000D+00   0.0000D+00   0.0000D+00   0.0000D+00   0.0000D+00   0.0000D+00
  -0.3777D+00   0.3721D-01  -0.3459D+00   0.2191D-01   0.2312D-01  -0.1898D-01  -0.2520D+00   0.3438D-02  -0.3777D+00   0.3721D-01  -0.3459D+00   0.2191D-01
   0.4239D+00  -0.1727D-01   0.7125D-01  -0.5588D-02   0.1095D+00  -0.3679D-01   0.1196D+00   0.0000D+00   0.2926D-01   0.2881D-02  -0.2574D-02   0.9427D-02   0.4239D+00  -0.1727D-01   0.7125D-01  -0.5588D-02   0.1095D+00  -0.3679D-01
  -0.1607D-02  -0.4952D-02  -0.2621D-02  -0.6132D-02  -0.1607D-02  -0.4952D-02  -0.2621D-02  -0.6132D-02
  1.000  0.500
  -0.4303D+00   0.0000D+00  -0.3625D+00   0.0000D+00   0.0000D+00   0.0000D+00  -0.2533D+00   0.0000D+00  -0.4303D+00   0.0000D+00  -0.3625D+00   0.0000D+00
   0.4614D+00   0.0000D+00   0.7566D-01   0.0000D+00   0.1613D+00   0.0000D+00   0.1206D+00   0.0000D+00   0.2681D-01   0.0000D+00   0.0000D+00   0.0000D+00   0.4614D+00   0.0000D+00   0.7566D-01   0.0000D+00   0.1613D+00   0.0000D+00
   0.0000D+00   0.0000D+00   0.0000D+00   0.0000D+00   0.0000D+00   0.0000D+00   0.0000D+00   0.0000D+00
  -0.3645D+00   0.4711D-01  -0.3448D+00   0.2768D-01   0.2942D-01  -0.2392D-01  -0.2522D+00   0.4404D-02  -0.3645D+00   0.4711D-01  -0.3448D+00   0.2768D-01
   0.4136D+00  -0.1862D-01   0.6980D-01  -0.6027D-02   0.1021D+00  -0.3960D-01   0.1175D+00   0.0000D+00   0.2902D-01   0.3093D-02  -0.2755D-02   0.1012D-01   0.4136D+00  -0.1862D-01   0.6980D-01  -0.6027D-02   0.1021D+00  -0.3960D-01
  -0.1734D-02  -0.5345D-02  -0.2828D-02  -0.6592D-02  -0.1734D-02  -0.5345D-02  -0.2828D-02  -0.6592D-02
  1.000  1.000
  -0.3960D+00   0.0000D+00  -0.3335D+00   0.0000D+00   0.0000D+00   0.0000D+00  -0.2331D+00   0.0000D+00  -0.3960D+00   0.0000D+00  -0.3335D+00   0.0000D+00
   0.4614D+00   0.0000D+00   0.7566D-01   0.0000D+00   0.1613D+00   0.0000D+00   0.1206D+00   0.0000D+00   0.2681D-01   0.0000D+00   0.0000D+00   0.0000D+00   0.4614D+00   0.0000D+00   0.7566D-01   0.0000D+00   0.1613D+00   0.0000D+00
   0.0000D+00   0.0000D+00   0.0000D+00   0.0000D+00   0.0000D+00   0.0000D+00   0.0000D+00   0.0000D+00
  -0.3708D+00   0.3988D-01  -0.3443D+00   0.2343D-01   0.2490D-01  -0.2025D-01  -0.2502D+00   0.3728D-02  -0.3708D+00   0.3988D-01  -0.3443D+00   0.2343D-01
   0.4175D+00  -0.1714D-01   0.7028D-01  -0.5545D-02   0.1068D+00  -0.3644D-01   0.1178D+00   0.0000D+00   0.2885D-01   0.2846D-02  -0.2535D-02   0.9315D-02   0.4175D+00  -0.1714D-01   0.7028D-01  -0.5545D-02   0.1068D+00  -0.3644D-01
  -0.1595D-02  -0.4918D-02  -0.2602D-02  -0.6066D-02  -0.1595D-02  -0.4918D-02  -0.2602D-02  -0.6066D-02
  1.000  2.000
  -0.3667D+00   0.0000D+00  -0.3089D+00   0.0000D+00   0.0000D+00   0.0000D+00  -0.2159D+00   0.0000D+00  -0.3667D+00   0.0000D+00  -0.3089D+00   0.0000D+00
   0.4614D+00   0.0000D+00   0.7566D-01   0.0000D+00   0.1613D+00   0.0000D+00   0.1206D+00   0.0000D+00   0.2681D-01   0.0000D+00   0.0000D+00   0.0000D+00   0.4614D+00   0.0000D+00   0.7566D-01   0.0000D+00   0.1613D+00   0.0000D+00
   0.0000D+00   0.0000D+00   0.0000D+00   0.0000D+00   0.0000D+00   0.0000D+00   0.0000D+00   0.0000D+00
  -0.3714D+00   0.3421D-01  -0.3402D+00   0.2010D-01   0.2137D-01  -0.1737D-01  -0.2460D+00   0.3199D-02  -0.3714D+00   0.3421D-01  -0.3402D+00   0.2010D-01
   0.4208D+00  -0.1587D-01   0.7069D-01  -0.5136D-02   0.1109D+00  -0.3375D-01   0.1180D+00   0.0000D+00   0.2870D-01   0.2636D-02  -0.2348D-02   0.8628D-02   0.4208D+00  -0.1587D-01   0.7069D-01  -0.5136D-02   0.1109D+00  -0.3375D-01
  -0.1477D-02  -0.4555D-02  -0.2410D-02  -0.5618D-02  -0.1477D-02  -0.4555D-02  -0.2410D-02  -0.5618D-02
  2.000  0.500
  -0.3981D+00   0.0000D+00  -0.3360D+00   0.0000D+00   0.0000D+00   0.0000D+00  -0.2331D+00   0.0000D+00  -0.3981D+00   0.0000D+00  -0.3360D+00   0.0000D+00
   0.4259D+00   0.0000D+00   0.6983D-01   0.0000D+00   0.1494D+00   0.0000D+00   0.1109D+00   0.0000D+00   0.2465D-01   0.0000D+00   0.0000D+00   0.0000D+00   0.4259D+00   0.0000D+00   0.6983D-01   0.0000D+00   0.1494D+00   0.0000D+00
   0.0000D+00   0.0000D+00   0.0000D+00   0.0000D+00   0.0000D+00   0.0000D+00   0.0000D+00   0.0000D+00
  -0.3744D+00   0.4369D-01  -0.3479D+00   0.2558D-01   0.2680D-01  -0.2202D-01  -0.2521D+00   0.4116D-02  -0.3744D+00   0.4369D-01  -0.3479D+00   0.2558D-01
   0.4169D+00  -0.1723D-01   0.7042D-01  -0.5572D-02   0.1077D+00  -0.3647D-01   0.1177D+00   0.0000D+00   0.2882D-01   0.2845D-02  -0.2524D-02   0.9312D-02   0.4169D+00  -0.1723D-01   0.7042D-01  -0.5572D-02   0.1077D+00  -0.3647D-01
  -0.1609D-02  -0.4921D-02  -0.2616D-02  -0.6069D-02  -0.1609D-02  -0.4921D-02  -0.2616D-02  -0.6069D-02
  2.000  1.000
  -0.3663D+00   0.0000D+00  -0.3092D+00   0.0000D+00   0.0000D+00   0.0000D+00  -0.2145D+00   0.0000D+00  -0.3663D+00   0.0000D+00  -0.3092D+00   0.0000D+00
   0.4259D+00   0.0000D+00   0.6983D-01   0.0000D+00   0.1494D+00   0.0000D+00   0.1109D+00   0.0000D+00   0.2465D-01   0.0000D+00   0.0000D+00   0.0000D+00   0.4259D+00   0.0000D+00   0.6983D-01   0.0000D+00   0.1494D+00   0.0000D+00
   0.0000D+00   0.0000D+00   0.0000D+00   0.0000D+00   0.0000D+00   0.0000D+00   0.0000D+00   0.0000D+00
  -0.3745D+00   0.3699D-01  -0.3432D+00   0.2165D-01   0.2269D-01  -0.1864D-01  -0.2471D+00   0.3485D-02  -0.3745D+00   0.3699D-01  -0.3432D+00   0.2165D-01
   0.4177D+00  -0.1586D-01   0.7039D-01  -0.5127D-02   0.1111D+00  -0.3355D-01   0.1172D+00   0.0000D+00   0.2849D-01   0.2618D-02  -0.2323D-02   0.8568D-02   0.4177D+00  -0.1586D-01   0.7039D-01  -0.5127D-02   0.1111D+00  -0.3355D-01
  -0.1481D-02  -0.4528D-02  -0.2407D-02  -0.5584D-02  -0.1481D-02  -0.4528D-02  -0.2407D-02  -0.5584D-02
  2.000  2.000
  -0.3393D+00   0.0000D+00  -0.2864D+00   0.0000D+00   0.0000D+00   0.0000D+00  -0.1987D+00   0.0000D+00  -0.3393D+00   0.0000D+00  -0.2864D+00   0.0000D+00
   0.4259D+00   0.0000D+00   0.6983D-01   0.0000D+00   0.1494D+00   0.0000D+00   0.1109D+00   0.0000D+00   0.2465D-01   0.0000D+00   0.0000D+00   0.0000D+00   0.4259D+00   0.0000D+00   0.6983D-01   0.0000D+00   0.1494D+00   0.0000D+00
   0.0000D+00   0.0000D+00   0.0000D+00   0.0000D+00   0.0000D+00   0.0000D+00   0.0000D+00   0.0000D+00
  -0.3706D+00   0.3173D-01  -0.3360D+00   0.1858D-01   0.1946D-01  -0.1599D-01  -0.2409D+00   0.2990D-02  -0.3706D+00   0.3173D-01  -0.3360D+00   0.1858D-01
   0.4184D+00  -0.1469D-01   0.7036D-01  -0.4749D-02   0.1139D+00  -0.3108D-01   0.1168D+00   0.0000D+00   0.2821D-01   0.2425D-02  -0.2151D-02   0.7936D-02   0.4184D+00  -0.1469D-01   0.7036D-01  -0.4749D-02   0.1139D+00  -0.3108D-01
  -0.1371D-02  -0.4194D-02  -0.2230D-02  -0.5172D-02  -0.1371D-02  -0.4194D-02  -0.2230D-02  -0.5172D-02
