 LHC=           1 sqrts=   8000.0000000000000      ang=           4 mode=fital                                                                                               scalescheme=           1 R=  0.69999999999999996     
 CT10nlo_rand5678                                                                                             240
 Bin information: chid, chiu, md, mu, mu0
   0.0000000000000000       0.50000000000000000        1172.0000000000000        1248.0000000000000        1210.0000000000000     
 9 scales(muf, mur)*(LO(38), NLO(38))
  0.500  0.500
  -0.6459D-01   0.0000D+00  -0.4385D-01   0.0000D+00   0.0000D+00   0.0000D+00  -0.2201D-01   0.0000D+00  -0.6459D-01   0.0000D+00  -0.4385D-01   0.0000D+00
   0.1983D+00   0.0000D+00   0.3013D-01   0.0000D+00   0.8386D-01   0.0000D+00   0.3389D-01   0.0000D+00   0.7530D-02   0.0000D+00   0.0000D+00   0.0000D+00   0.1983D+00   0.0000D+00   0.3013D-01   0.0000D+00   0.8386D-01   0.0000D+00
   0.0000D+00   0.0000D+00   0.0000D+00   0.0000D+00   0.0000D+00   0.0000D+00   0.0000D+00   0.0000D+00
  -0.5316D-01   0.5129D-02  -0.3853D-01   0.2974D-02   0.2713D-02  -0.1932D-02  -0.1940D-01   0.9563D-03  -0.5316D-01   0.5129D-02  -0.3853D-01   0.2974D-02
   0.1475D+00  -0.8992D-02   0.2302D-01  -0.2614D-02   0.4779D-01  -0.1555D-01   0.2834D-01   0.0000D+00   0.7032D-02   0.8081D-03  -0.1419D-02   0.2645D-02   0.1475D+00  -0.8992D-02   0.2302D-01  -0.2614D-02   0.4779D-01  -0.1555D-01
  -0.9285D-03  -0.2333D-02  -0.1004D-02  -0.2153D-02  -0.9285D-03  -0.2333D-02  -0.1004D-02  -0.2153D-02
  0.500  1.000
  -0.5977D-01   0.0000D+00  -0.4058D-01   0.0000D+00   0.0000D+00   0.0000D+00  -0.2037D-01   0.0000D+00  -0.5977D-01   0.0000D+00  -0.4058D-01   0.0000D+00
   0.1983D+00   0.0000D+00   0.3013D-01   0.0000D+00   0.8386D-01   0.0000D+00   0.3389D-01   0.0000D+00   0.7530D-02   0.0000D+00   0.0000D+00   0.0000D+00   0.1983D+00   0.0000D+00   0.3013D-01   0.0000D+00   0.8386D-01   0.0000D+00
   0.0000D+00   0.0000D+00   0.0000D+00   0.0000D+00   0.0000D+00   0.0000D+00   0.0000D+00   0.0000D+00
  -0.5430D-01   0.4393D-02  -0.3896D-01   0.2547D-02   0.2324D-02  -0.1655D-02  -0.1961D-01   0.8191D-03  -0.5430D-01   0.4393D-02  -0.3896D-01   0.2547D-02
   0.1513D+00  -0.8322D-02   0.2355D-01  -0.2419D-02   0.5049D-01  -0.1439D-01   0.2875D-01   0.0000D+00   0.7070D-02   0.7479D-03  -0.1314D-02   0.2448D-02   0.1513D+00  -0.8322D-02   0.2355D-01  -0.2419D-02   0.5049D-01  -0.1439D-01
  -0.8593D-03  -0.2160D-02  -0.9292D-03  -0.1993D-02  -0.8593D-03  -0.2160D-02  -0.9292D-03  -0.1993D-02
  0.500  2.000
  -0.5564D-01   0.0000D+00  -0.3777D-01   0.0000D+00   0.0000D+00   0.0000D+00  -0.1896D-01   0.0000D+00  -0.5564D-01   0.0000D+00  -0.3777D-01   0.0000D+00
   0.1983D+00   0.0000D+00   0.3013D-01   0.0000D+00   0.8386D-01   0.0000D+00   0.3389D-01   0.0000D+00   0.7530D-02   0.0000D+00   0.0000D+00   0.0000D+00   0.1983D+00   0.0000D+00   0.3013D-01   0.0000D+00   0.8386D-01   0.0000D+00
   0.0000D+00   0.0000D+00   0.0000D+00   0.0000D+00   0.0000D+00   0.0000D+00   0.0000D+00   0.0000D+00
  -0.5463D-01   0.3806D-02  -0.3890D-01   0.2207D-02   0.2013D-02  -0.1434D-02  -0.1957D-01   0.7097D-03  -0.5463D-01   0.3806D-02  -0.3890D-01   0.2207D-02
   0.1546D+00  -0.7746D-02   0.2401D-01  -0.2252D-02   0.5280D-01  -0.1340D-01   0.2911D-01   0.0000D+00   0.7103D-02   0.6962D-03  -0.1223D-02   0.2278D-02   0.1546D+00  -0.7746D-02   0.2401D-01  -0.2252D-02   0.5280D-01  -0.1340D-01
  -0.7998D-03  -0.2010D-02  -0.8649D-03  -0.1855D-02  -0.7998D-03  -0.2010D-02  -0.8649D-03  -0.1855D-02
  1.000  0.500
  -0.5697D-01   0.0000D+00  -0.3858D-01   0.0000D+00   0.0000D+00   0.0000D+00  -0.1930D-01   0.0000D+00  -0.5697D-01   0.0000D+00  -0.3858D-01   0.0000D+00
   0.1746D+00   0.0000D+00   0.2650D-01   0.0000D+00   0.7387D-01   0.0000D+00   0.2972D-01   0.0000D+00   0.6604D-02   0.0000D+00   0.0000D+00   0.0000D+00   0.1746D+00   0.0000D+00   0.2650D-01   0.0000D+00   0.7387D-01   0.0000D+00
   0.0000D+00   0.0000D+00   0.0000D+00   0.0000D+00   0.0000D+00   0.0000D+00   0.0000D+00   0.0000D+00
  -0.5414D-01   0.4511D-02  -0.3883D-01   0.2617D-02   0.2365D-02  -0.1694D-02  -0.1954D-01   0.8432D-03  -0.5414D-01   0.4511D-02  -0.3883D-01   0.2617D-02
   0.1520D+00  -0.7925D-02   0.2369D-01  -0.2302D-02   0.5141D-01  -0.1368D-01   0.2873D-01   0.0000D+00   0.7036D-02   0.7085D-03  -0.1229D-02   0.2319D-02   0.1520D+00  -0.7925D-02   0.2369D-01  -0.2302D-02   0.5141D-01  -0.1368D-01
  -0.8200D-03  -0.2050D-02  -0.8829D-03  -0.1892D-02  -0.8200D-03  -0.2050D-02  -0.8829D-03  -0.1892D-02
  1.000  1.000
  -0.5272D-01   0.0000D+00  -0.3571D-01   0.0000D+00   0.0000D+00   0.0000D+00  -0.1786D-01   0.0000D+00  -0.5272D-01   0.0000D+00  -0.3571D-01   0.0000D+00
   0.1746D+00   0.0000D+00   0.2650D-01   0.0000D+00   0.7387D-01   0.0000D+00   0.2972D-01   0.0000D+00   0.6604D-02   0.0000D+00   0.0000D+00   0.0000D+00   0.1746D+00   0.0000D+00   0.2650D-01   0.0000D+00   0.7387D-01   0.0000D+00
   0.0000D+00   0.0000D+00   0.0000D+00   0.0000D+00   0.0000D+00   0.0000D+00   0.0000D+00   0.0000D+00
  -0.5410D-01   0.3864D-02  -0.3850D-01   0.2241D-02   0.2026D-02  -0.1451D-02  -0.1936D-01   0.7222D-03  -0.5410D-01   0.3864D-02  -0.3850D-01   0.2241D-02
   0.1537D+00  -0.7335D-02   0.2390D-01  -0.2130D-02   0.5309D-01  -0.1267D-01   0.2881D-01   0.0000D+00   0.7005D-02   0.6557D-03  -0.1137D-02   0.2146D-02   0.1537D+00  -0.7335D-02   0.2390D-01  -0.2130D-02   0.5309D-01  -0.1267D-01
  -0.7589D-03  -0.1897D-02  -0.8171D-03  -0.1751D-02  -0.7589D-03  -0.1897D-02  -0.8171D-03  -0.1751D-02
  1.000  2.000
  -0.4908D-01   0.0000D+00  -0.3324D-01   0.0000D+00   0.0000D+00   0.0000D+00  -0.1662D-01   0.0000D+00  -0.4908D-01   0.0000D+00  -0.3324D-01   0.0000D+00
   0.1746D+00   0.0000D+00   0.2650D-01   0.0000D+00   0.7387D-01   0.0000D+00   0.2972D-01   0.0000D+00   0.6604D-02   0.0000D+00   0.0000D+00   0.0000D+00   0.1746D+00   0.0000D+00   0.2650D-01   0.0000D+00   0.7387D-01   0.0000D+00
   0.0000D+00   0.0000D+00   0.0000D+00   0.0000D+00   0.0000D+00   0.0000D+00   0.0000D+00   0.0000D+00
  -0.5357D-01   0.3347D-02  -0.3789D-01   0.1942D-02   0.1755D-02  -0.1257D-02  -0.1904D-01   0.6257D-03  -0.5357D-01   0.3347D-02  -0.3789D-01   0.1942D-02
   0.1551D+00  -0.6827D-02   0.2408D-01  -0.1983D-02   0.5454D-01  -0.1179D-01   0.2887D-01   0.0000D+00   0.6977D-02   0.6103D-03  -0.1059D-02   0.1997D-02   0.1551D+00  -0.6827D-02   0.2408D-01  -0.1983D-02   0.5454D-01  -0.1179D-01
  -0.7064D-03  -0.1766D-02  -0.7606D-03  -0.1630D-02  -0.7064D-03  -0.1766D-02  -0.7606D-03  -0.1630D-02
  2.000  0.500
  -0.5059D-01   0.0000D+00  -0.3421D-01   0.0000D+00   0.0000D+00   0.0000D+00  -0.1707D-01   0.0000D+00  -0.5059D-01   0.0000D+00  -0.3421D-01   0.0000D+00
   0.1548D+00   0.0000D+00   0.2347D-01   0.0000D+00   0.6566D-01   0.0000D+00   0.2630D-01   0.0000D+00   0.5844D-02   0.0000D+00   0.0000D+00   0.0000D+00   0.1548D+00   0.0000D+00   0.2347D-01   0.0000D+00   0.6566D-01   0.0000D+00
   0.0000D+00   0.0000D+00   0.0000D+00   0.0000D+00   0.0000D+00   0.0000D+00   0.0000D+00   0.0000D+00
  -0.5460D-01   0.4008D-02  -0.3889D-01   0.2319D-02   0.2059D-02  -0.1499D-02  -0.1952D-01   0.7494D-03  -0.5460D-01   0.4008D-02  -0.3889D-01   0.2319D-02
   0.1550D+00  -0.7045D-02   0.2404D-01  -0.2042D-02   0.5424D-01  -0.1213D-01   0.2887D-01   0.0000D+00   0.7002D-02   0.6270D-03  -0.1077D-02   0.2052D-02   0.1550D+00  -0.7045D-02   0.2404D-01  -0.2042D-02   0.5424D-01  -0.1213D-01
  -0.7284D-03  -0.1826D-02  -0.7808D-03  -0.1676D-02  -0.7284D-03  -0.1826D-02  -0.7808D-03  -0.1676D-02
  2.000  1.000
  -0.4682D-01   0.0000D+00  -0.3166D-01   0.0000D+00   0.0000D+00   0.0000D+00  -0.1580D-01   0.0000D+00  -0.4682D-01   0.0000D+00  -0.3166D-01   0.0000D+00
   0.1548D+00   0.0000D+00   0.2347D-01   0.0000D+00   0.6566D-01   0.0000D+00   0.2630D-01   0.0000D+00   0.5844D-02   0.0000D+00   0.0000D+00   0.0000D+00   0.1548D+00   0.0000D+00   0.2347D-01   0.0000D+00   0.6566D-01   0.0000D+00
   0.0000D+00   0.0000D+00   0.0000D+00   0.0000D+00   0.0000D+00   0.0000D+00   0.0000D+00   0.0000D+00
  -0.5363D-01   0.3433D-02  -0.3795D-01   0.1986D-02   0.1764D-02  -0.1284D-02  -0.1903D-01   0.6419D-03  -0.5363D-01   0.3433D-02  -0.3795D-01   0.1986D-02
   0.1550D+00  -0.6520D-02   0.2400D-01  -0.1890D-02   0.5510D-01  -0.1123D-01   0.2868D-01   0.0000D+00   0.6917D-02   0.5803D-03  -0.9967D-03   0.1899D-02   0.1550D+00  -0.6520D-02   0.2400D-01  -0.1890D-02   0.5510D-01  -0.1123D-01
  -0.6741D-03  -0.1690D-02  -0.7226D-03  -0.1551D-02  -0.6741D-03  -0.1690D-02  -0.7226D-03  -0.1551D-02
  2.000  2.000
  -0.4358D-01   0.0000D+00  -0.2947D-01   0.0000D+00   0.0000D+00   0.0000D+00  -0.1471D-01   0.0000D+00  -0.4358D-01   0.0000D+00  -0.2947D-01   0.0000D+00
   0.1548D+00   0.0000D+00   0.2347D-01   0.0000D+00   0.6566D-01   0.0000D+00   0.2630D-01   0.0000D+00   0.5844D-02   0.0000D+00   0.0000D+00   0.0000D+00   0.1548D+00   0.0000D+00   0.2347D-01   0.0000D+00   0.6566D-01   0.0000D+00
   0.0000D+00   0.0000D+00   0.0000D+00   0.0000D+00   0.0000D+00   0.0000D+00   0.0000D+00   0.0000D+00
  -0.5241D-01   0.2974D-02  -0.3690D-01   0.1721D-02   0.1528D-02  -0.1113D-02  -0.1850D-01   0.5561D-03  -0.5241D-01   0.2974D-02  -0.3690D-01   0.1721D-02
   0.1550D+00  -0.6069D-02   0.2396D-01  -0.1759D-02   0.5584D-01  -0.1045D-01   0.2852D-01   0.0000D+00   0.6843D-02   0.5401D-03  -0.9278D-03   0.1768D-02   0.1550D+00  -0.6069D-02   0.2396D-01  -0.1759D-02   0.5584D-01  -0.1045D-01
  -0.6275D-03  -0.1573D-02  -0.6726D-03  -0.1444D-02  -0.6275D-03  -0.1573D-02  -0.6726D-03  -0.1444D-02
