 LHC=           1 sqrts=   8000.0000000000000      ang=           4 mode=fital                                                                                               scalescheme=           1 R=  0.69999999999999996     
 MSTW2008nlo68cl_rand1235                                                                                      65
 Bin information: chid, chiu, md, mu, mu0
   0.0000000000000000       0.50000000000000000        905.00000000000000        967.00000000000000        936.00000000000000     
 9 scales(muf, mur)*(LO(38), NLO(38))
  0.500  0.500
  -0.1620D+00   0.0000D+00  -0.1182D+00   0.0000D+00   0.0000D+00   0.0000D+00  -0.6570D-01   0.0000D+00  -0.1620D+00   0.0000D+00  -0.1182D+00   0.0000D+00
   0.3047D+00   0.0000D+00   0.4758D-01   0.0000D+00   0.1214D+00   0.0000D+00   0.5901D-01   0.0000D+00   0.1311D-01   0.0000D+00   0.0000D+00   0.0000D+00   0.3047D+00   0.0000D+00   0.4758D-01   0.0000D+00   0.1214D+00   0.0000D+00
   0.0000D+00   0.0000D+00   0.0000D+00   0.0000D+00   0.0000D+00   0.0000D+00   0.0000D+00   0.0000D+00
  -0.1290D+00   0.1460D-01  -0.1025D+00   0.8411D-02   0.8569D-02  -0.6032D-02  -0.5785D-01   0.2351D-02  -0.1290D+00   0.1460D-01  -0.1025D+00   0.8411D-02
   0.2302D+00  -0.1362D-01   0.3731D-01  -0.4090D-02   0.6677D-01  -0.2515D-01   0.4985D-01   0.0000D+00   0.1240D-01   0.1472D-02  -0.2417D-02   0.4816D-02   0.2302D+00  -0.1362D-01   0.3731D-01  -0.4090D-02   0.6677D-01  -0.2515D-01
  -0.1362D-02  -0.3660D-02  -0.1671D-02  -0.3669D-02  -0.1362D-02  -0.3660D-02  -0.1671D-02  -0.3669D-02
  0.500  1.000
  -0.1494D+00   0.0000D+00  -0.1090D+00   0.0000D+00   0.0000D+00   0.0000D+00  -0.6059D-01   0.0000D+00  -0.1494D+00   0.0000D+00  -0.1090D+00   0.0000D+00
   0.3047D+00   0.0000D+00   0.4758D-01   0.0000D+00   0.1214D+00   0.0000D+00   0.5901D-01   0.0000D+00   0.1311D-01   0.0000D+00   0.0000D+00   0.0000D+00   0.3047D+00   0.0000D+00   0.4758D-01   0.0000D+00   0.1214D+00   0.0000D+00
   0.0000D+00   0.0000D+00   0.0000D+00   0.0000D+00   0.0000D+00   0.0000D+00   0.0000D+00   0.0000D+00
  -0.1325D+00   0.1242D-01  -0.1039D+00   0.7154D-02   0.7289D-02  -0.5131D-02  -0.5847D-01   0.2000D-02  -0.1325D+00   0.1242D-01  -0.1039D+00   0.7154D-02
   0.2360D+00  -0.1256D-01   0.3811D-01  -0.3772D-02   0.7104D-01  -0.2319D-01   0.5057D-01   0.0000D+00   0.1246D-01   0.1357D-02  -0.2229D-02   0.4442D-02   0.2360D+00  -0.1256D-01   0.3811D-01  -0.3772D-02   0.7104D-01  -0.2319D-01
  -0.1256D-02  -0.3375D-02  -0.1541D-02  -0.3383D-02  -0.1256D-02  -0.3375D-02  -0.1541D-02  -0.3383D-02
  0.500  2.000
  -0.1386D+00   0.0000D+00  -0.1011D+00   0.0000D+00   0.0000D+00   0.0000D+00  -0.5623D-01   0.0000D+00  -0.1386D+00   0.0000D+00  -0.1011D+00   0.0000D+00
   0.3047D+00   0.0000D+00   0.4758D-01   0.0000D+00   0.1214D+00   0.0000D+00   0.5901D-01   0.0000D+00   0.1311D-01   0.0000D+00   0.0000D+00   0.0000D+00   0.3047D+00   0.0000D+00   0.4758D-01   0.0000D+00   0.1214D+00   0.0000D+00
   0.0000D+00   0.0000D+00   0.0000D+00   0.0000D+00   0.0000D+00   0.0000D+00   0.0000D+00   0.0000D+00
  -0.1338D+00   0.1069D-01  -0.1038D+00   0.6161D-02   0.6278D-02  -0.4418D-02  -0.5832D-01   0.1722D-02  -0.1338D+00   0.1069D-01  -0.1038D+00   0.6161D-02
   0.2410D+00  -0.1166D-01   0.3880D-01  -0.3501D-02   0.7468D-01  -0.2153D-01   0.5118D-01   0.0000D+00   0.1251D-01   0.1259D-02  -0.2069D-02   0.4122D-02   0.2410D+00  -0.1166D-01   0.3880D-01  -0.3501D-02   0.7468D-01  -0.2153D-01
  -0.1166D-02  -0.3132D-02  -0.1430D-02  -0.3140D-02  -0.1166D-02  -0.3132D-02  -0.1430D-02  -0.3140D-02
  1.000  0.500
  -0.1456D+00   0.0000D+00  -0.1059D+00   0.0000D+00   0.0000D+00   0.0000D+00  -0.5861D-01   0.0000D+00  -0.1456D+00   0.0000D+00  -0.1059D+00   0.0000D+00
   0.2731D+00   0.0000D+00   0.4250D-01   0.0000D+00   0.1091D+00   0.0000D+00   0.5267D-01   0.0000D+00   0.1170D-01   0.0000D+00   0.0000D+00   0.0000D+00   0.2731D+00   0.0000D+00   0.4250D-01   0.0000D+00   0.1091D+00   0.0000D+00
   0.0000D+00   0.0000D+00   0.0000D+00   0.0000D+00   0.0000D+00   0.0000D+00   0.0000D+00   0.0000D+00
  -0.1315D+00   0.1307D-01  -0.1038D+00   0.7532D-02   0.7708D-02  -0.5384D-02  -0.5811D-01   0.2116D-02  -0.1315D+00   0.1307D-01  -0.1038D+00   0.7532D-02
   0.2362D+00  -0.1225D-01   0.3785D-01  -0.3669D-02   0.7150D-01  -0.2253D-01   0.5051D-01   0.0000D+00   0.1243D-01   0.1313D-02  -0.2180D-02   0.4297D-02   0.2362D+00  -0.1225D-01   0.3785D-01  -0.3669D-02   0.7150D-01  -0.2253D-01
  -0.1227D-02  -0.3261D-02  -0.1499D-02  -0.3285D-02  -0.1227D-02  -0.3261D-02  -0.1499D-02  -0.3285D-02
  1.000  1.000
  -0.1343D+00   0.0000D+00  -0.9770D-01   0.0000D+00   0.0000D+00   0.0000D+00  -0.5406D-01   0.0000D+00  -0.1343D+00   0.0000D+00  -0.9770D-01   0.0000D+00
   0.2731D+00   0.0000D+00   0.4250D-01   0.0000D+00   0.1091D+00   0.0000D+00   0.5267D-01   0.0000D+00   0.1170D-01   0.0000D+00   0.0000D+00   0.0000D+00   0.2731D+00   0.0000D+00   0.4250D-01   0.0000D+00   0.1091D+00   0.0000D+00
   0.0000D+00   0.0000D+00   0.0000D+00   0.0000D+00   0.0000D+00   0.0000D+00   0.0000D+00   0.0000D+00
  -0.1324D+00   0.1111D-01  -0.1032D+00   0.6406D-02   0.6556D-02  -0.4579D-02  -0.5769D-01   0.1800D-02  -0.1324D+00   0.1111D-01  -0.1032D+00   0.6406D-02
   0.2391D+00  -0.1130D-01   0.3822D-01  -0.3383D-02   0.7444D-01  -0.2077D-01   0.5068D-01   0.0000D+00   0.1238D-01   0.1211D-02  -0.2010D-02   0.3963D-02   0.2391D+00  -0.1130D-01   0.3822D-01  -0.3383D-02   0.7444D-01  -0.2077D-01
  -0.1131D-02  -0.3007D-02  -0.1382D-02  -0.3029D-02  -0.1131D-02  -0.3007D-02  -0.1382D-02  -0.3029D-02
  1.000  2.000
  -0.1247D+00   0.0000D+00  -0.9066D-01   0.0000D+00   0.0000D+00   0.0000D+00  -0.5016D-01   0.0000D+00  -0.1247D+00   0.0000D+00  -0.9066D-01   0.0000D+00
   0.2731D+00   0.0000D+00   0.4250D-01   0.0000D+00   0.1091D+00   0.0000D+00   0.5267D-01   0.0000D+00   0.1170D-01   0.0000D+00   0.0000D+00   0.0000D+00   0.2731D+00   0.0000D+00   0.4250D-01   0.0000D+00   0.1091D+00   0.0000D+00
   0.0000D+00   0.0000D+00   0.0000D+00   0.0000D+00   0.0000D+00   0.0000D+00   0.0000D+00   0.0000D+00
  -0.1317D+00   0.9571D-02  -0.1018D+00   0.5517D-02   0.5647D-02  -0.3943D-02  -0.5680D-01   0.1550D-02  -0.1317D+00   0.9571D-02  -0.1018D+00   0.5517D-02
   0.2416D+00  -0.1048D-01   0.3853D-01  -0.3140D-02   0.7695D-01  -0.1928D-01   0.5083D-01   0.0000D+00   0.1233D-01   0.1124D-02  -0.1866D-02   0.3677D-02   0.2416D+00  -0.1048D-01   0.3853D-01  -0.3140D-02   0.7695D-01  -0.1928D-01
  -0.1050D-02  -0.2791D-02  -0.1283D-02  -0.2811D-02  -0.1050D-02  -0.2791D-02  -0.1283D-02  -0.2811D-02
  2.000  0.500
  -0.1317D+00   0.0000D+00  -0.9555D-01   0.0000D+00   0.0000D+00   0.0000D+00  -0.5273D-01   0.0000D+00  -0.1317D+00   0.0000D+00  -0.9555D-01   0.0000D+00
   0.2461D+00   0.0000D+00   0.3829D-01   0.0000D+00   0.9867D-01   0.0000D+00   0.4726D-01   0.0000D+00   0.1050D-01   0.0000D+00   0.0000D+00   0.0000D+00   0.2461D+00   0.0000D+00   0.3829D-01   0.0000D+00   0.9867D-01   0.0000D+00
   0.0000D+00   0.0000D+00   0.0000D+00   0.0000D+00   0.0000D+00   0.0000D+00   0.0000D+00   0.0000D+00
  -0.1334D+00   0.1178D-01  -0.1043D+00   0.6789D-02   0.6913D-02  -0.4841D-02  -0.5854D-01   0.1922D-02  -0.1334D+00   0.1178D-01  -0.1043D+00   0.6789D-02
   0.2400D+00  -0.1108D-01   0.3842D-01  -0.3310D-02   0.7579D-01  -0.2029D-01   0.5100D-01   0.0000D+00   0.1238D-01   0.1179D-02  -0.1927D-02   0.3858D-02   0.2400D+00  -0.1108D-01   0.3842D-01  -0.3310D-02   0.7579D-01  -0.2029D-01
  -0.1110D-02  -0.2942D-02  -0.1348D-02  -0.2948D-02  -0.1110D-02  -0.2942D-02  -0.1348D-02  -0.2948D-02
  2.000  1.000
  -0.1215D+00   0.0000D+00  -0.8812D-01   0.0000D+00   0.0000D+00   0.0000D+00  -0.4863D-01   0.0000D+00  -0.1215D+00   0.0000D+00  -0.8812D-01   0.0000D+00
   0.2461D+00   0.0000D+00   0.3829D-01   0.0000D+00   0.9867D-01   0.0000D+00   0.4726D-01   0.0000D+00   0.1050D-01   0.0000D+00   0.0000D+00   0.0000D+00   0.2461D+00   0.0000D+00   0.3829D-01   0.0000D+00   0.9867D-01   0.0000D+00
   0.0000D+00   0.0000D+00   0.0000D+00   0.0000D+00   0.0000D+00   0.0000D+00   0.0000D+00   0.0000D+00
  -0.1320D+00   0.1002D-01  -0.1022D+00   0.5774D-02   0.5880D-02  -0.4117D-02  -0.5723D-01   0.1635D-02  -0.1320D+00   0.1002D-01  -0.1022D+00   0.5774D-02
   0.2405D+00  -0.1022D-01   0.3842D-01  -0.3053D-02   0.7758D-01  -0.1871D-01   0.5072D-01   0.0000D+00   0.1224D-01   0.1087D-02  -0.1777D-02   0.3558D-02   0.2405D+00  -0.1022D-01   0.3842D-01  -0.3053D-02   0.7758D-01  -0.1871D-01
  -0.1024D-02  -0.2714D-02  -0.1243D-02  -0.2719D-02  -0.1024D-02  -0.2714D-02  -0.1243D-02  -0.2719D-02
  2.000  2.000
  -0.1127D+00   0.0000D+00  -0.8178D-01   0.0000D+00   0.0000D+00   0.0000D+00  -0.4513D-01   0.0000D+00  -0.1127D+00   0.0000D+00  -0.8178D-01   0.0000D+00
   0.2461D+00   0.0000D+00   0.3829D-01   0.0000D+00   0.9867D-01   0.0000D+00   0.4726D-01   0.0000D+00   0.1050D-01   0.0000D+00   0.0000D+00   0.0000D+00   0.2461D+00   0.0000D+00   0.3829D-01   0.0000D+00   0.9867D-01   0.0000D+00
   0.0000D+00   0.0000D+00   0.0000D+00   0.0000D+00   0.0000D+00   0.0000D+00   0.0000D+00   0.0000D+00
  -0.1297D+00   0.8628D-02  -0.9963D-01   0.4972D-02   0.5065D-02  -0.3546D-02  -0.5568D-01   0.1408D-02  -0.1297D+00   0.8628D-02  -0.9963D-01   0.4972D-02
   0.2409D+00  -0.9480D-02   0.3841D-01  -0.2833D-02   0.7911D-01  -0.1737D-01   0.5047D-01   0.0000D+00   0.1211D-01   0.1009D-02  -0.1649D-02   0.3302D-02   0.2409D+00  -0.9480D-02   0.3841D-01  -0.2833D-02   0.7911D-01  -0.1737D-01
  -0.9502D-03  -0.2518D-02  -0.1153D-02  -0.2523D-02  -0.9502D-03  -0.2518D-02  -0.1153D-02  -0.2523D-02
