 LHC=           1 sqrts=   8000.0000000000000      ang=           4 mode=fital                                                                                               scalescheme=           1 R=  0.69999999999999996     
 MSTW2008nlo68cl_rand1235                                                                                      65
 Bin information: chid, chiu, md, mu, mu0
   0.0000000000000000       0.50000000000000000        1248.0000000000000        1327.0000000000000        1287.5000000000000     
 9 scales(muf, mur)*(LO(38), NLO(38))
  0.500  0.500
  -0.4290D-01   0.0000D+00  -0.2791D-01   0.0000D+00   0.0000D+00   0.0000D+00  -0.1252D-01   0.0000D+00  -0.4290D-01   0.0000D+00  -0.2791D-01   0.0000D+00
   0.1401D+00   0.0000D+00   0.2078D-01   0.0000D+00   0.6205D-01   0.0000D+00   0.2015D-01   0.0000D+00   0.4479D-02   0.0000D+00   0.0000D+00   0.0000D+00   0.1401D+00   0.0000D+00   0.2078D-01   0.0000D+00   0.6205D-01   0.0000D+00
   0.0000D+00   0.0000D+00   0.0000D+00   0.0000D+00   0.0000D+00   0.0000D+00   0.0000D+00   0.0000D+00
  -0.3561D-01   0.3258D-02  -0.2451D-01   0.1878D-02   0.1613D-02  -0.1106D-02  -0.1076D-01   0.6928D-03  -0.3561D-01   0.3258D-02  -0.2451D-01   0.1878D-02
   0.1026D+00  -0.6706D-02   0.1561D-01  -0.1898D-02   0.3559D-01  -0.1103D-01   0.1663D-01   0.0000D+00   0.4124D-02   0.4839D-03  -0.1147D-02   0.1584D-02   0.1026D+00  -0.6706D-02   0.1561D-01  -0.1898D-02   0.3559D-01  -0.1103D-01
  -0.7044D-03  -0.1704D-02  -0.6820D-03  -0.1434D-02  -0.7044D-03  -0.1704D-02  -0.6820D-03  -0.1434D-02
  0.500  1.000
  -0.3968D-01   0.0000D+00  -0.2581D-01   0.0000D+00   0.0000D+00   0.0000D+00  -0.1158D-01   0.0000D+00  -0.3968D-01   0.0000D+00  -0.2581D-01   0.0000D+00
   0.1401D+00   0.0000D+00   0.2078D-01   0.0000D+00   0.6205D-01   0.0000D+00   0.2015D-01   0.0000D+00   0.4479D-02   0.0000D+00   0.0000D+00   0.0000D+00   0.1401D+00   0.0000D+00   0.2078D-01   0.0000D+00   0.6205D-01   0.0000D+00
   0.0000D+00   0.0000D+00   0.0000D+00   0.0000D+00   0.0000D+00   0.0000D+00   0.0000D+00   0.0000D+00
  -0.3633D-01   0.2788D-02  -0.2478D-01   0.1607D-02   0.1380D-02  -0.9467D-03  -0.1091D-01   0.5928D-03  -0.3633D-01   0.2788D-02  -0.2478D-01   0.1607D-02
   0.1054D+00  -0.6203D-02   0.1600D-01  -0.1756D-02   0.3758D-01  -0.1020D-01   0.1689D-01   0.0000D+00   0.4151D-02   0.4476D-03  -0.1061D-02   0.1465D-02   0.1054D+00  -0.6203D-02   0.1600D-01  -0.1756D-02   0.3758D-01  -0.1020D-01
  -0.6516D-03  -0.1576D-02  -0.6309D-03  -0.1327D-02  -0.6516D-03  -0.1576D-02  -0.6309D-03  -0.1327D-02
  0.500  2.000
  -0.3692D-01   0.0000D+00  -0.2402D-01   0.0000D+00   0.0000D+00   0.0000D+00  -0.1077D-01   0.0000D+00  -0.3692D-01   0.0000D+00  -0.2402D-01   0.0000D+00
   0.1401D+00   0.0000D+00   0.2078D-01   0.0000D+00   0.6205D-01   0.0000D+00   0.2015D-01   0.0000D+00   0.4479D-02   0.0000D+00   0.0000D+00   0.0000D+00   0.1401D+00   0.0000D+00   0.2078D-01   0.0000D+00   0.6205D-01   0.0000D+00
   0.0000D+00   0.0000D+00   0.0000D+00   0.0000D+00   0.0000D+00   0.0000D+00   0.0000D+00   0.0000D+00
  -0.3651D-01   0.2413D-02  -0.2474D-01   0.1391D-02   0.1195D-02  -0.8195D-03  -0.1092D-01   0.5131D-03  -0.3651D-01   0.2413D-02  -0.2474D-01   0.1391D-02
   0.1078D+00  -0.5772D-02   0.1633D-01  -0.1633D-02   0.3928D-01  -0.9489D-02   0.1712D-01   0.0000D+00   0.4174D-02   0.4164D-03  -0.9876D-03   0.1363D-02   0.1078D+00  -0.5772D-02   0.1633D-01  -0.1633D-02   0.3928D-01  -0.9489D-02
  -0.6062D-03  -0.1467D-02  -0.5870D-03  -0.1234D-02  -0.6062D-03  -0.1467D-02  -0.5870D-03  -0.1234D-02
  1.000  0.500
  -0.3751D-01   0.0000D+00  -0.2434D-01   0.0000D+00   0.0000D+00   0.0000D+00  -0.1088D-01   0.0000D+00  -0.3751D-01   0.0000D+00  -0.2434D-01   0.0000D+00
   0.1222D+00   0.0000D+00   0.1813D-01   0.0000D+00   0.5421D-01   0.0000D+00   0.1749D-01   0.0000D+00   0.3886D-02   0.0000D+00   0.0000D+00   0.0000D+00   0.1222D+00   0.0000D+00   0.1813D-01   0.0000D+00   0.5421D-01   0.0000D+00
   0.0000D+00   0.0000D+00   0.0000D+00   0.0000D+00   0.0000D+00   0.0000D+00   0.0000D+00   0.0000D+00
  -0.3620D-01   0.2841D-02  -0.2470D-01   0.1639D-02   0.1388D-02  -0.9615D-03  -0.1087D-01   0.6052D-03  -0.3620D-01   0.2841D-02  -0.2470D-01   0.1639D-02
   0.1060D+00  -0.5855D-02   0.1611D-01  -0.1658D-02   0.3840D-01  -0.9618D-02   0.1692D-01   0.0000D+00   0.4123D-02   0.4200D-03  -0.1003D-02   0.1374D-02   0.1060D+00  -0.5855D-02   0.1611D-01  -0.1658D-02   0.3840D-01  -0.9618D-02
  -0.6163D-03  -0.1493D-02  -0.5941D-03  -0.1250D-02  -0.6163D-03  -0.1493D-02  -0.5941D-03  -0.1250D-02
  1.000  1.000
  -0.3470D-01   0.0000D+00  -0.2251D-01   0.0000D+00   0.0000D+00   0.0000D+00  -0.1006D-01   0.0000D+00  -0.3470D-01   0.0000D+00  -0.2251D-01   0.0000D+00
   0.1222D+00   0.0000D+00   0.1813D-01   0.0000D+00   0.5421D-01   0.0000D+00   0.1749D-01   0.0000D+00   0.3886D-02   0.0000D+00   0.0000D+00   0.0000D+00   0.1222D+00   0.0000D+00   0.1813D-01   0.0000D+00   0.5421D-01   0.0000D+00
   0.0000D+00   0.0000D+00   0.0000D+00   0.0000D+00   0.0000D+00   0.0000D+00   0.0000D+00   0.0000D+00
  -0.3609D-01   0.2431D-02  -0.2445D-01   0.1402D-02   0.1188D-02  -0.8227D-03  -0.1079D-01   0.5179D-03  -0.3609D-01   0.2431D-02  -0.2445D-01   0.1402D-02
   0.1072D+00  -0.5416D-02   0.1626D-01  -0.1534D-02   0.3959D-01  -0.8897D-02   0.1696D-01   0.0000D+00   0.4105D-02   0.3885D-03  -0.9274D-03   0.1271D-02   0.1072D+00  -0.5416D-02   0.1626D-01  -0.1534D-02   0.3959D-01  -0.8897D-02
  -0.5701D-03  -0.1381D-02  -0.5495D-03  -0.1156D-02  -0.5701D-03  -0.1381D-02  -0.5495D-03  -0.1156D-02
  1.000  2.000
  -0.3228D-01   0.0000D+00  -0.2095D-01   0.0000D+00   0.0000D+00   0.0000D+00  -0.9361D-02   0.0000D+00  -0.3228D-01   0.0000D+00  -0.2095D-01   0.0000D+00
   0.1222D+00   0.0000D+00   0.1813D-01   0.0000D+00   0.5421D-01   0.0000D+00   0.1749D-01   0.0000D+00   0.3886D-02   0.0000D+00   0.0000D+00   0.0000D+00   0.1222D+00   0.0000D+00   0.1813D-01   0.0000D+00   0.5421D-01   0.0000D+00
   0.0000D+00   0.0000D+00   0.0000D+00   0.0000D+00   0.0000D+00   0.0000D+00   0.0000D+00   0.0000D+00
  -0.3567D-01   0.2104D-02  -0.2404D-01   0.1214D-02   0.1029D-02  -0.7121D-03  -0.1062D-01   0.4483D-03  -0.3567D-01   0.2104D-02  -0.2404D-01   0.1214D-02
   0.1083D+00  -0.5039D-02   0.1639D-01  -0.1427D-02   0.4061D-01  -0.8278D-02   0.1700D-01   0.0000D+00   0.4090D-02   0.3614D-03  -0.8629D-03   0.1183D-02   0.1083D+00  -0.5039D-02   0.1639D-01  -0.1427D-02   0.4061D-01  -0.8278D-02
  -0.5304D-03  -0.1285D-02  -0.5113D-03  -0.1075D-02  -0.5304D-03  -0.1285D-02  -0.5113D-03  -0.1075D-02
  2.000  0.500
  -0.3314D-01   0.0000D+00  -0.2142D-01   0.0000D+00   0.0000D+00   0.0000D+00  -0.9552D-02   0.0000D+00  -0.3314D-01   0.0000D+00  -0.2142D-01   0.0000D+00
   0.1076D+00   0.0000D+00   0.1593D-01   0.0000D+00   0.4782D-01   0.0000D+00   0.1533D-01   0.0000D+00   0.3407D-02   0.0000D+00   0.0000D+00   0.0000D+00   0.1076D+00   0.0000D+00   0.1593D-01   0.0000D+00   0.4782D-01   0.0000D+00
   0.0000D+00   0.0000D+00   0.0000D+00   0.0000D+00   0.0000D+00   0.0000D+00   0.0000D+00   0.0000D+00
  -0.3645D-01   0.2500D-02  -0.2468D-01   0.1442D-02   0.1185D-02  -0.8444D-03  -0.1089D-01   0.5341D-03  -0.3645D-01   0.2500D-02  -0.2468D-01   0.1442D-02
   0.1082D+00  -0.5168D-02   0.1635D-01  -0.1463D-02   0.4051D-01  -0.8467D-02   0.1701D-01   0.0000D+00   0.4099D-02   0.3681D-03  -0.8740D-03   0.1205D-02   0.1082D+00  -0.5168D-02   0.1635D-01  -0.1463D-02   0.4051D-01  -0.8467D-02
  -0.5441D-03  -0.1307D-02  -0.5223D-03  -0.1094D-02  -0.5441D-03  -0.1307D-02  -0.5223D-03  -0.1094D-02
  2.000  1.000
  -0.3065D-01   0.0000D+00  -0.1981D-01   0.0000D+00   0.0000D+00   0.0000D+00  -0.8836D-02   0.0000D+00  -0.3065D-01   0.0000D+00  -0.1981D-01   0.0000D+00
   0.1076D+00   0.0000D+00   0.1593D-01   0.0000D+00   0.4782D-01   0.0000D+00   0.1533D-01   0.0000D+00   0.3407D-02   0.0000D+00   0.0000D+00   0.0000D+00   0.1076D+00   0.0000D+00   0.1593D-01   0.0000D+00   0.4782D-01   0.0000D+00
   0.0000D+00   0.0000D+00   0.0000D+00   0.0000D+00   0.0000D+00   0.0000D+00   0.0000D+00   0.0000D+00
  -0.3571D-01   0.2139D-02  -0.2404D-01   0.1234D-02   0.1014D-02  -0.7225D-03  -0.1062D-01   0.4570D-03  -0.3571D-01   0.2139D-02  -0.2404D-01   0.1234D-02
   0.1081D+00  -0.4781D-02   0.1632D-01  -0.1353D-02   0.4106D-01  -0.7832D-02   0.1689D-01   0.0000D+00   0.4048D-02   0.3405D-03  -0.8086D-03   0.1114D-02   0.1081D+00  -0.4781D-02   0.1632D-01  -0.1353D-02   0.4106D-01  -0.7832D-02
  -0.5033D-03  -0.1209D-02  -0.4831D-03  -0.1012D-02  -0.5033D-03  -0.1209D-02  -0.4831D-03  -0.1012D-02
  2.000  2.000
  -0.2852D-01   0.0000D+00  -0.1843D-01   0.0000D+00   0.0000D+00   0.0000D+00  -0.8221D-02   0.0000D+00  -0.2852D-01   0.0000D+00  -0.1843D-01   0.0000D+00
   0.1076D+00   0.0000D+00   0.1593D-01   0.0000D+00   0.4782D-01   0.0000D+00   0.1533D-01   0.0000D+00   0.3407D-02   0.0000D+00   0.0000D+00   0.0000D+00   0.1076D+00   0.0000D+00   0.1593D-01   0.0000D+00   0.4782D-01   0.0000D+00
   0.0000D+00   0.0000D+00   0.0000D+00   0.0000D+00   0.0000D+00   0.0000D+00   0.0000D+00   0.0000D+00
  -0.3482D-01   0.1851D-02  -0.2333D-01   0.1068D-02   0.8780D-03  -0.6254D-03  -0.1032D-01   0.3956D-03  -0.3482D-01   0.1851D-02  -0.2333D-01   0.1068D-02
   0.1081D+00  -0.4448D-02   0.1630D-01  -0.1259D-02   0.4154D-01  -0.7287D-02   0.1678D-01   0.0000D+00   0.4004D-02   0.3168D-03  -0.7523D-03   0.1037D-02   0.1081D+00  -0.4448D-02   0.1630D-01  -0.1259D-02   0.4154D-01  -0.7287D-02
  -0.4683D-03  -0.1125D-02  -0.4495D-03  -0.9419D-03  -0.4683D-03  -0.1125D-02  -0.4495D-03  -0.9419D-03
