 LHC=           1 sqrts=   8000.0000000000000      ang=           4 mode=fital                                                                                               scalescheme=           1 R=  0.69999999999999996     
 NNPDF23_nlo_as_0118                                                                                           68
 Bin information: chid, chiu, md, mu, mu0
   0.0000000000000000       0.50000000000000000        196.00000000000000        220.00000000000000        208.00000000000000     
 9 scales(muf, mur)*(LO(38), NLO(38))
  0.500  0.500
  -0.4127D+01   0.0000D+00  -0.5490D+01   0.0000D+00   0.0000D+00   0.0000D+00  -0.5615D+01   0.0000D+00  -0.4127D+01   0.0000D+00  -0.5490D+01   0.0000D+00
   0.5829D+00   0.0000D+00   0.1061D+00   0.0000D+00   0.1416D+00   0.0000D+00   0.2436D+00   0.0000D+00   0.5414D-01   0.0000D+00   0.0000D+00   0.0000D+00   0.5829D+00   0.0000D+00   0.1061D+00   0.0000D+00   0.1416D+00   0.0000D+00
   0.0000D+00   0.0000D+00   0.0000D+00   0.0000D+00   0.0000D+00   0.0000D+00   0.0000D+00   0.0000D+00
  -0.2929D+01   0.8814D+00  -0.4613D+01   0.5370D+00   0.4284D+00  -0.6203D+00  -0.5138D+01  -0.4468D-01  -0.2929D+01   0.8814D+00  -0.4613D+01   0.5370D+00
   0.6963D+00  -0.1909D-01   0.1276D+00  -0.7867D-02   0.1155D+00  -0.6076D-01   0.2831D+00   0.0000D+00   0.7121D-01   0.7301D-02   0.1025D-03   0.2389D-01   0.6963D+00  -0.1909D-01   0.1276D+00  -0.7867D-02   0.1155D+00  -0.6076D-01
  -0.1081D-02  -0.6935D-02  -0.4346D-02  -0.1267D-01  -0.1081D-02  -0.6935D-02  -0.4346D-02  -0.1267D-01
  0.500  1.000
  -0.3752D+01   0.0000D+00  -0.4991D+01   0.0000D+00   0.0000D+00   0.0000D+00  -0.5105D+01   0.0000D+00  -0.3752D+01   0.0000D+00  -0.4991D+01   0.0000D+00
   0.5829D+00   0.0000D+00   0.1061D+00   0.0000D+00   0.1416D+00   0.0000D+00   0.2436D+00   0.0000D+00   0.5414D-01   0.0000D+00   0.0000D+00   0.0000D+00   0.5829D+00   0.0000D+00   0.1061D+00   0.0000D+00   0.1416D+00   0.0000D+00
   0.0000D+00   0.0000D+00   0.0000D+00   0.0000D+00   0.0000D+00   0.0000D+00   0.0000D+00   0.0000D+00
  -0.3100D+01   0.7284D+00  -0.4716D+01   0.4438D+00   0.3538D+00  -0.5126D+00  -0.5170D+01  -0.3692D-01  -0.3100D+01   0.7284D+00  -0.4716D+01   0.4438D+00
   0.6873D+00  -0.1735D-01   0.1259D+00  -0.7152D-02   0.1182D+00  -0.5524D-01   0.2799D+00   0.0000D+00   0.6977D-01   0.6638D-02   0.1088D-03   0.2172D-01   0.6873D+00  -0.1735D-01   0.1259D+00  -0.7152D-02   0.1182D+00  -0.5524D-01
  -0.9823D-03  -0.6305D-02  -0.3951D-02  -0.1152D-01  -0.9823D-03  -0.6305D-02  -0.3951D-02  -0.1152D-01
  0.500  2.000
  -0.3462D+01   0.0000D+00  -0.4606D+01   0.0000D+00   0.0000D+00   0.0000D+00  -0.4711D+01   0.0000D+00  -0.3462D+01   0.0000D+00  -0.4606D+01   0.0000D+00
   0.5829D+00   0.0000D+00   0.1061D+00   0.0000D+00   0.1416D+00   0.0000D+00   0.2436D+00   0.0000D+00   0.5414D-01   0.0000D+00   0.0000D+00   0.0000D+00   0.5829D+00   0.0000D+00   0.1061D+00   0.0000D+00   0.1416D+00   0.0000D+00
   0.0000D+00   0.0000D+00   0.0000D+00   0.0000D+00   0.0000D+00   0.0000D+00   0.0000D+00   0.0000D+00
  -0.3193D+01   0.6203D+00  -0.4752D+01   0.3779D+00   0.3012D+00  -0.4365D+00  -0.5155D+01  -0.3144D-01  -0.3193D+01   0.6203D+00  -0.4752D+01   0.3779D+00
   0.6798D+00  -0.1601D-01   0.1245D+00  -0.6600D-02   0.1201D+00  -0.5097D-01   0.2772D+00   0.0000D+00   0.6860D-01   0.6126D-02   0.1061D-03   0.2005D-01   0.6798D+00  -0.1601D-01   0.1245D+00  -0.6600D-02   0.1201D+00  -0.5097D-01
  -0.9065D-03  -0.5819D-02  -0.3646D-02  -0.1063D-01  -0.9065D-03  -0.5819D-02  -0.3646D-02  -0.1063D-01
  1.000  0.500
  -0.4026D+01   0.0000D+00  -0.5471D+01   0.0000D+00   0.0000D+00   0.0000D+00  -0.5542D+01   0.0000D+00  -0.4026D+01   0.0000D+00  -0.5471D+01   0.0000D+00
   0.5785D+00   0.0000D+00   0.1052D+00   0.0000D+00   0.1383D+00   0.0000D+00   0.2401D+00   0.0000D+00   0.5335D-01   0.0000D+00   0.0000D+00   0.0000D+00   0.5785D+00   0.0000D+00   0.1052D+00   0.0000D+00   0.1383D+00   0.0000D+00
   0.0000D+00   0.0000D+00   0.0000D+00   0.0000D+00   0.0000D+00   0.0000D+00   0.0000D+00   0.0000D+00
  -0.2896D+01   0.8752D+00  -0.4641D+01   0.5329D+00   0.4258D+00  -0.6139D+00  -0.5129D+01  -0.4328D-01  -0.2896D+01   0.8752D+00  -0.4641D+01   0.5329D+00
   0.6827D+00  -0.1868D-01   0.1254D+00  -0.7744D-02   0.1113D+00  -0.6006D-01   0.2753D+00   0.0000D+00   0.6960D-01   0.7198D-02   0.3838D-03   0.2356D-01   0.6827D+00  -0.1868D-01   0.1254D+00  -0.7744D-02   0.1113D+00  -0.6006D-01
  -0.1073D-02  -0.6909D-02  -0.4345D-02  -0.1252D-01  -0.1073D-02  -0.6909D-02  -0.4345D-02  -0.1252D-01
  1.000  1.000
  -0.3661D+01   0.0000D+00  -0.4974D+01   0.0000D+00   0.0000D+00   0.0000D+00  -0.5039D+01   0.0000D+00  -0.3661D+01   0.0000D+00  -0.4974D+01   0.0000D+00
   0.5785D+00   0.0000D+00   0.1052D+00   0.0000D+00   0.1383D+00   0.0000D+00   0.2401D+00   0.0000D+00   0.5335D-01   0.0000D+00   0.0000D+00   0.0000D+00   0.5785D+00   0.0000D+00   0.1052D+00   0.0000D+00   0.1383D+00   0.0000D+00
   0.0000D+00   0.0000D+00   0.0000D+00   0.0000D+00   0.0000D+00   0.0000D+00   0.0000D+00   0.0000D+00
  -0.3056D+01   0.7233D+00  -0.4737D+01   0.4404D+00   0.3517D+00  -0.5074D+00  -0.5151D+01  -0.3577D-01  -0.3056D+01   0.7233D+00  -0.4737D+01   0.4404D+00
   0.6752D+00  -0.1698D-01   0.1239D+00  -0.7041D-02   0.1143D+00  -0.5461D-01   0.2726D+00   0.0000D+00   0.6826D-01   0.6545D-02   0.3586D-03   0.2142D-01   0.6752D+00  -0.1698D-01   0.1239D+00  -0.7041D-02   0.1143D+00  -0.5461D-01
  -0.9758D-03  -0.6282D-02  -0.3950D-02  -0.1139D-01  -0.9758D-03  -0.6282D-02  -0.3950D-02  -0.1139D-01
  1.000  2.000
  -0.3378D+01   0.0000D+00  -0.4590D+01   0.0000D+00   0.0000D+00   0.0000D+00  -0.4650D+01   0.0000D+00  -0.3378D+01   0.0000D+00  -0.4590D+01   0.0000D+00
   0.5785D+00   0.0000D+00   0.1052D+00   0.0000D+00   0.1383D+00   0.0000D+00   0.2401D+00   0.0000D+00   0.5335D-01   0.0000D+00   0.0000D+00   0.0000D+00   0.5785D+00   0.0000D+00   0.1052D+00   0.0000D+00   0.1383D+00   0.0000D+00
   0.0000D+00   0.0000D+00   0.0000D+00   0.0000D+00   0.0000D+00   0.0000D+00   0.0000D+00   0.0000D+00
  -0.3142D+01   0.6159D+00  -0.4767D+01   0.3750D+00   0.2994D+00  -0.4321D+00  -0.5129D+01  -0.3046D-01  -0.3142D+01   0.6159D+00  -0.4767D+01   0.3750D+00
   0.6682D+00  -0.1567D-01   0.1226D+00  -0.6498D-02   0.1163D+00  -0.5039D-01   0.2702D+00   0.0000D+00   0.6714D-01   0.6040D-02   0.3364D-03   0.1977D-01   0.6682D+00  -0.1567D-01   0.1226D+00  -0.6498D-02   0.1163D+00  -0.5039D-01
  -0.9005D-03  -0.5797D-02  -0.3645D-02  -0.1051D-01  -0.9005D-03  -0.5797D-02  -0.3645D-02  -0.1051D-01
  2.000  0.500
  -0.3947D+01   0.0000D+00  -0.5403D+01   0.0000D+00   0.0000D+00   0.0000D+00  -0.5481D+01   0.0000D+00  -0.3947D+01   0.0000D+00  -0.5403D+01   0.0000D+00
   0.5693D+00   0.0000D+00   0.1036D+00   0.0000D+00   0.1356D+00   0.0000D+00   0.2355D+00   0.0000D+00   0.5233D-01   0.0000D+00   0.0000D+00   0.0000D+00   0.5693D+00   0.0000D+00   0.1036D+00   0.0000D+00   0.1356D+00   0.0000D+00
   0.0000D+00   0.0000D+00   0.0000D+00   0.0000D+00   0.0000D+00   0.0000D+00   0.0000D+00   0.0000D+00
  -0.2974D+01   0.8675D+00  -0.4697D+01   0.5243D+00   0.4227D+00  -0.6057D+00  -0.5263D+01  -0.4243D-01  -0.2974D+01   0.8675D+00  -0.4697D+01   0.5243D+00
   0.6710D+00  -0.1832D-01   0.1233D+00  -0.7594D-02   0.1092D+00  -0.5879D-01   0.2734D+00   0.0000D+00   0.6864D-01   0.7070D-02   0.2708D-03   0.2314D-01   0.6710D+00  -0.1832D-01   0.1233D+00  -0.7594D-02   0.1092D+00  -0.5879D-01
  -0.1056D-02  -0.6558D-02  -0.4305D-02  -0.1234D-01  -0.1056D-02  -0.6558D-02  -0.4305D-02  -0.1234D-01
  2.000  1.000
  -0.3588D+01   0.0000D+00  -0.4912D+01   0.0000D+00   0.0000D+00   0.0000D+00  -0.4982D+01   0.0000D+00  -0.3588D+01   0.0000D+00  -0.4912D+01   0.0000D+00
   0.5693D+00   0.0000D+00   0.1036D+00   0.0000D+00   0.1356D+00   0.0000D+00   0.2355D+00   0.0000D+00   0.5233D-01   0.0000D+00   0.0000D+00   0.0000D+00   0.5693D+00   0.0000D+00   0.1036D+00   0.0000D+00   0.1356D+00   0.0000D+00
   0.0000D+00   0.0000D+00   0.0000D+00   0.0000D+00   0.0000D+00   0.0000D+00   0.0000D+00   0.0000D+00
  -0.3101D+01   0.7169D+00  -0.4765D+01   0.4333D+00   0.3490D+00  -0.5005D+00  -0.5247D+01  -0.3507D-01  -0.3101D+01   0.7169D+00  -0.4765D+01   0.4333D+00
   0.6570D+00  -0.1666D-01   0.1207D+00  -0.6904D-02   0.1101D+00  -0.5345D-01   0.2692D+00   0.0000D+00   0.6692D-01   0.6427D-02   0.2554D-03   0.2103D-01   0.6570D+00  -0.1666D-01   0.1207D+00  -0.6904D-02   0.1101D+00  -0.5345D-01
  -0.9597D-03  -0.5962D-02  -0.3914D-02  -0.1122D-01  -0.9597D-03  -0.5962D-02  -0.3914D-02  -0.1122D-01
  2.000  2.000
  -0.3311D+01   0.0000D+00  -0.4533D+01   0.0000D+00   0.0000D+00   0.0000D+00  -0.4598D+01   0.0000D+00  -0.3311D+01   0.0000D+00  -0.4533D+01   0.0000D+00
   0.5693D+00   0.0000D+00   0.1036D+00   0.0000D+00   0.1356D+00   0.0000D+00   0.2355D+00   0.0000D+00   0.5233D-01   0.0000D+00   0.0000D+00   0.0000D+00   0.5693D+00   0.0000D+00   0.1036D+00   0.0000D+00   0.1356D+00   0.0000D+00
   0.0000D+00   0.0000D+00   0.0000D+00   0.0000D+00   0.0000D+00   0.0000D+00   0.0000D+00   0.0000D+00
  -0.3175D+01   0.6106D+00  -0.4787D+01   0.3690D+00   0.2973D+00  -0.4263D+00  -0.5206D+01  -0.2986D-01  -0.3175D+01   0.6106D+00  -0.4787D+01   0.3690D+00
   0.6565D+00  -0.1537D-01   0.1204D+00  -0.6371D-02   0.1140D+00  -0.4933D-01   0.2678D+00   0.0000D+00   0.6616D-01   0.5932D-02   0.2454D-03   0.1941D-01   0.6565D+00  -0.1537D-01   0.1204D+00  -0.6371D-02   0.1140D+00  -0.4933D-01
  -0.8857D-03  -0.5502D-02  -0.3612D-02  -0.1035D-01  -0.8857D-03  -0.5502D-02  -0.3612D-02  -0.1035D-01
