 LHC=           1 sqrts=   8000.0000000000000      ang=           4 mode=fital                                                                                               scalescheme=           1 R=  0.69999999999999996     
 CT10nlo_rand5678                                                                                             436
 Bin information: chid, chiu, md, mu, mu0
   0.0000000000000000       0.50000000000000000        272.00000000000000        300.00000000000000        286.00000000000000     
 9 scales(muf, mur)*(LO(38), NLO(38))
  0.500  0.500
  -0.2392D+01   0.0000D+00  -0.2836D+01   0.0000D+00   0.0000D+00   0.0000D+00  -0.2735D+01   0.0000D+00  -0.2392D+01   0.0000D+00  -0.2836D+01   0.0000D+00
   0.6009D+00   0.0000D+00   0.1070D+00   0.0000D+00   0.1578D+00   0.0000D+00   0.2270D+00   0.0000D+00   0.5044D-01   0.0000D+00   0.0000D+00   0.0000D+00   0.6009D+00   0.0000D+00   0.1070D+00   0.0000D+00   0.1578D+00   0.0000D+00
   0.0000D+00   0.0000D+00   0.0000D+00   0.0000D+00   0.0000D+00   0.0000D+00   0.0000D+00   0.0000D+00
  -0.1702D+01   0.4303D+00  -0.2412D+01   0.2611D+00   0.2366D+00  -0.2890D+00  -0.2519D+01  -0.8457D-02  -0.1702D+01   0.4303D+00  -0.2412D+01   0.2611D+00
   0.6247D+00  -0.2038D-01   0.1136D+00  -0.7828D-02   0.1064D+00  -0.5824D-01   0.2376D+00   0.0000D+00   0.5984D-01   0.6513D-02  -0.1497D-02   0.2131D-01   0.6247D+00  -0.2038D-01   0.1136D+00  -0.7828D-02   0.1064D+00  -0.5824D-01
  -0.1425D-02  -0.6961D-02  -0.4368D-02  -0.1186D-01  -0.1425D-02  -0.6961D-02  -0.4368D-02  -0.1186D-01
  0.500  1.000
  -0.2179D+01   0.0000D+00  -0.2584D+01   0.0000D+00   0.0000D+00   0.0000D+00  -0.2491D+01   0.0000D+00  -0.2179D+01   0.0000D+00  -0.2584D+01   0.0000D+00
   0.6009D+00   0.0000D+00   0.1070D+00   0.0000D+00   0.1578D+00   0.0000D+00   0.2270D+00   0.0000D+00   0.5044D-01   0.0000D+00   0.0000D+00   0.0000D+00   0.6009D+00   0.0000D+00   0.1070D+00   0.0000D+00   0.1578D+00   0.0000D+00
   0.0000D+00   0.0000D+00   0.0000D+00   0.0000D+00   0.0000D+00   0.0000D+00   0.0000D+00   0.0000D+00
  -0.1794D+01   0.3571D+00  -0.2453D+01   0.2167D+00   0.1963D+00  -0.2399D+00  -0.2526D+01  -0.7018D-02  -0.1794D+01   0.3571D+00  -0.2453D+01   0.2167D+00
   0.6231D+00  -0.1857D-01   0.1131D+00  -0.7132D-02   0.1111D+00  -0.5306D-01   0.2368D+00   0.0000D+00   0.5904D-01   0.5933D-02  -0.1361D-02   0.1942D-01   0.6231D+00  -0.1857D-01   0.1131D+00  -0.7132D-02   0.1111D+00  -0.5306D-01
  -0.1298D-02  -0.6342D-02  -0.3979D-02  -0.1080D-01  -0.1298D-02  -0.6342D-02  -0.3979D-02  -0.1080D-01
  0.500  2.000
  -0.2002D+01   0.0000D+00  -0.2374D+01   0.0000D+00   0.0000D+00   0.0000D+00  -0.2289D+01   0.0000D+00  -0.2002D+01   0.0000D+00  -0.2374D+01   0.0000D+00
   0.6009D+00   0.0000D+00   0.1070D+00   0.0000D+00   0.1578D+00   0.0000D+00   0.2270D+00   0.0000D+00   0.5044D-01   0.0000D+00   0.0000D+00   0.0000D+00   0.6009D+00   0.0000D+00   0.1070D+00   0.0000D+00   0.1578D+00   0.0000D+00
   0.0000D+00   0.0000D+00   0.0000D+00   0.0000D+00   0.0000D+00   0.0000D+00   0.0000D+00   0.0000D+00
  -0.1834D+01   0.3014D+00  -0.2450D+01   0.1829D+00   0.1657D+00  -0.2024D+00  -0.2498D+01  -0.5923D-02  -0.1834D+01   0.3014D+00  -0.2450D+01   0.1829D+00
   0.6216D+00  -0.1706D-01   0.1126D+00  -0.6552D-02   0.1150D+00  -0.4875D-01   0.2361D+00   0.0000D+00   0.5837D-01   0.5451D-02  -0.1248D-02   0.1784D-01   0.6216D+00  -0.1706D-01   0.1126D+00  -0.6552D-02   0.1150D+00  -0.4875D-01
  -0.1192D-02  -0.5827D-02  -0.3656D-02  -0.9926D-02  -0.1192D-02  -0.5827D-02  -0.3656D-02  -0.9926D-02
  1.000  0.500
  -0.2288D+01   0.0000D+00  -0.2760D+01   0.0000D+00   0.0000D+00   0.0000D+00  -0.2640D+01   0.0000D+00  -0.2288D+01   0.0000D+00  -0.2760D+01   0.0000D+00
   0.5787D+00   0.0000D+00   0.1030D+00   0.0000D+00   0.1510D+00   0.0000D+00   0.2197D+00   0.0000D+00   0.4883D-01   0.0000D+00   0.0000D+00   0.0000D+00   0.5787D+00   0.0000D+00   0.1030D+00   0.0000D+00   0.1510D+00   0.0000D+00
   0.0000D+00   0.0000D+00   0.0000D+00   0.0000D+00   0.0000D+00   0.0000D+00   0.0000D+00   0.0000D+00
  -0.1729D+01   0.4175D+00  -0.2436D+01   0.2513D+00   0.2282D+00  -0.2787D+00  -0.2543D+01  -0.7702D-02  -0.1729D+01   0.4175D+00  -0.2436D+01   0.2513D+00
   0.6098D+00  -0.1946D-01   0.1106D+00  -0.7576D-02   0.1052D+00  -0.5678D-01   0.2350D+00   0.0000D+00   0.5896D-01   0.6303D-02  -0.1219D-02   0.2063D-01   0.6098D+00  -0.1946D-01   0.1106D+00  -0.7576D-02   0.1052D+00  -0.5678D-01
  -0.1376D-02  -0.6802D-02  -0.4238D-02  -0.1143D-01  -0.1376D-02  -0.6802D-02  -0.4238D-02  -0.1143D-01
  1.000  1.000
  -0.2084D+01   0.0000D+00  -0.2514D+01   0.0000D+00   0.0000D+00   0.0000D+00  -0.2405D+01   0.0000D+00  -0.2084D+01   0.0000D+00  -0.2514D+01   0.0000D+00
   0.5787D+00   0.0000D+00   0.1030D+00   0.0000D+00   0.1510D+00   0.0000D+00   0.2197D+00   0.0000D+00   0.4883D-01   0.0000D+00   0.0000D+00   0.0000D+00   0.5787D+00   0.0000D+00   0.1030D+00   0.0000D+00   0.1510D+00   0.0000D+00
   0.0000D+00   0.0000D+00   0.0000D+00   0.0000D+00   0.0000D+00   0.0000D+00   0.0000D+00   0.0000D+00
  -0.1799D+01   0.3465D+00  -0.2461D+01   0.2086D+00   0.1893D+00  -0.2313D+00  -0.2531D+01  -0.6392D-02  -0.1799D+01   0.3465D+00  -0.2461D+01   0.2086D+00
   0.6075D+00  -0.1773D-01   0.1100D+00  -0.6902D-02   0.1094D+00  -0.5173D-01   0.2337D+00   0.0000D+00   0.5809D-01   0.5742D-02  -0.1108D-02   0.1879D-01   0.6075D+00  -0.1773D-01   0.1100D+00  -0.6902D-02   0.1094D+00  -0.5173D-01
  -0.1253D-02  -0.6197D-02  -0.3861D-02  -0.1041D-01  -0.1253D-02  -0.6197D-02  -0.3861D-02  -0.1041D-01
  1.000  2.000
  -0.1915D+01   0.0000D+00  -0.2310D+01   0.0000D+00   0.0000D+00   0.0000D+00  -0.2210D+01   0.0000D+00  -0.1915D+01   0.0000D+00  -0.2310D+01   0.0000D+00
   0.5787D+00   0.0000D+00   0.1030D+00   0.0000D+00   0.1510D+00   0.0000D+00   0.2197D+00   0.0000D+00   0.4883D-01   0.0000D+00   0.0000D+00   0.0000D+00   0.5787D+00   0.0000D+00   0.1030D+00   0.0000D+00   0.1510D+00   0.0000D+00
   0.0000D+00   0.0000D+00   0.0000D+00   0.0000D+00   0.0000D+00   0.0000D+00   0.0000D+00   0.0000D+00
  -0.1824D+01   0.2925D+00  -0.2447D+01   0.1761D+00   0.1598D+00  -0.1953D+00  -0.2489D+01  -0.5394D-02  -0.1824D+01   0.2925D+00  -0.2447D+01   0.1761D+00
   0.6055D+00  -0.1629D-01   0.1095D+00  -0.6341D-02   0.1129D+00  -0.4753D-01   0.2327D+00   0.0000D+00   0.5736D-01   0.5276D-02  -0.1015D-02   0.1727D-01   0.6055D+00  -0.1629D-01   0.1095D+00  -0.6341D-02   0.1129D+00  -0.4753D-01
  -0.1151D-02  -0.5694D-02  -0.3547D-02  -0.9564D-02  -0.1151D-02  -0.5694D-02  -0.3547D-02  -0.9564D-02
  2.000  0.500
  -0.2191D+01   0.0000D+00  -0.2664D+01   0.0000D+00   0.0000D+00   0.0000D+00  -0.2548D+01   0.0000D+00  -0.2191D+01   0.0000D+00  -0.2664D+01   0.0000D+00
   0.5571D+00   0.0000D+00   0.9936D-01   0.0000D+00   0.1451D+00   0.0000D+00   0.2108D+00   0.0000D+00   0.4684D-01   0.0000D+00   0.0000D+00   0.0000D+00   0.5571D+00   0.0000D+00   0.9936D-01   0.0000D+00   0.1451D+00   0.0000D+00
   0.0000D+00   0.0000D+00   0.0000D+00   0.0000D+00   0.0000D+00   0.0000D+00   0.0000D+00   0.0000D+00
  -0.1749D+01   0.4040D+00  -0.2468D+01   0.2436D+00   0.2199D+00  -0.2691D+00  -0.2556D+01  -0.7177D-02  -0.1749D+01   0.4040D+00  -0.2468D+01   0.2436D+00
   0.6073D+00  -0.1873D-01   0.1099D+00  -0.7300D-02   0.1066D+00  -0.5441D-01   0.2323D+00   0.0000D+00   0.5812D-01   0.6046D-02  -0.1073D-02   0.1979D-01   0.6073D+00  -0.1873D-01   0.1099D+00  -0.7300D-02   0.1066D+00  -0.5441D-01
  -0.1332D-02  -0.6542D-02  -0.4107D-02  -0.1102D-01  -0.1332D-02  -0.6542D-02  -0.4107D-02  -0.1102D-01
  2.000  1.000
  -0.1997D+01   0.0000D+00  -0.2427D+01   0.0000D+00   0.0000D+00   0.0000D+00  -0.2321D+01   0.0000D+00  -0.1997D+01   0.0000D+00  -0.2427D+01   0.0000D+00
   0.5571D+00   0.0000D+00   0.9936D-01   0.0000D+00   0.1451D+00   0.0000D+00   0.2108D+00   0.0000D+00   0.4684D-01   0.0000D+00   0.0000D+00   0.0000D+00   0.5571D+00   0.0000D+00   0.9936D-01   0.0000D+00   0.1451D+00   0.0000D+00
   0.0000D+00   0.0000D+00   0.0000D+00   0.0000D+00   0.0000D+00   0.0000D+00   0.0000D+00   0.0000D+00
  -0.1799D+01   0.3354D+00  -0.2471D+01   0.2021D+00   0.1825D+00  -0.2233D+00  -0.2526D+01  -0.5956D-02  -0.1799D+01   0.3354D+00  -0.2471D+01   0.2021D+00
   0.6019D+00  -0.1706D-01   0.1089D+00  -0.6651D-02   0.1097D+00  -0.4957D-01   0.2302D+00   0.0000D+00   0.5708D-01   0.5508D-02  -0.9746D-03   0.1803D-01   0.6019D+00  -0.1706D-01   0.1089D+00  -0.6651D-02   0.1097D+00  -0.4957D-01
  -0.1214D-02  -0.5960D-02  -0.3741D-02  -0.1004D-01  -0.1214D-02  -0.5960D-02  -0.3741D-02  -0.1004D-01
  2.000  2.000
  -0.1834D+01   0.0000D+00  -0.2230D+01   0.0000D+00   0.0000D+00   0.0000D+00  -0.2132D+01   0.0000D+00  -0.1834D+01   0.0000D+00  -0.2230D+01   0.0000D+00
   0.5571D+00   0.0000D+00   0.9936D-01   0.0000D+00   0.1451D+00   0.0000D+00   0.2108D+00   0.0000D+00   0.4684D-01   0.0000D+00   0.0000D+00   0.0000D+00   0.5571D+00   0.0000D+00   0.9936D-01   0.0000D+00   0.1451D+00   0.0000D+00
   0.0000D+00   0.0000D+00   0.0000D+00   0.0000D+00   0.0000D+00   0.0000D+00   0.0000D+00   0.0000D+00
  -0.1812D+01   0.2830D+00  -0.2442D+01   0.1706D+00   0.1540D+00  -0.1885D+00  -0.2473D+01  -0.5027D-02  -0.1812D+01   0.2830D+00  -0.2442D+01   0.1706D+00
   0.5987D+00  -0.1568D-01   0.1082D+00  -0.6110D-02   0.1127D+00  -0.4555D-01   0.2288D+00   0.0000D+00   0.5628D-01   0.5060D-02  -0.8932D-03   0.1656D-01   0.5987D+00  -0.1568D-01   0.1082D+00  -0.6110D-02   0.1127D+00  -0.4555D-01
  -0.1115D-02  -0.5476D-02  -0.3437D-02  -0.9226D-02  -0.1115D-02  -0.5476D-02  -0.3437D-02  -0.9226D-02
