 LHC=           1 sqrts=   8000.0000000000000      ang=           4 mode=fital                                                                                               scalescheme=           1 R=  0.69999999999999996     
 CT10nlo_rand5678                                                                                              61
 Bin information: chid, chiu, md, mu, mu0
   0.0000000000000000       0.50000000000000000        737.00000000000000        790.00000000000000        763.50000000000000     
 9 scales(muf, mur)*(LO(38), NLO(38))
  0.500  0.500
  -0.3162D+00   0.0000D+00  -0.2594D+00   0.0000D+00   0.0000D+00   0.0000D+00  -0.1732D+00   0.0000D+00  -0.3162D+00   0.0000D+00  -0.2594D+00   0.0000D+00
   0.4451D+00   0.0000D+00   0.7225D-01   0.0000D+00   0.1596D+00   0.0000D+00   0.1104D+00   0.0000D+00   0.2453D-01   0.0000D+00   0.0000D+00   0.0000D+00   0.4451D+00   0.0000D+00   0.7225D-01   0.0000D+00   0.1596D+00   0.0000D+00
   0.0000D+00   0.0000D+00   0.0000D+00   0.0000D+00   0.0000D+00   0.0000D+00   0.0000D+00   0.0000D+00
  -0.2454D+00   0.3291D-01  -0.2254D+00   0.1925D-01   0.2000D-01  -0.1606D-01  -0.1572D+00   0.3547D-02  -0.2454D+00   0.3291D-01  -0.2254D+00   0.1925D-01
   0.3538D+00  -0.1810D-01   0.5937D-01  -0.5770D-02   0.8771D-01  -0.3745D-01   0.9637D-01   0.0000D+00   0.2411D-01   0.2781D-02  -0.2583D-02   0.9100D-02   0.3538D+00  -0.1810D-01   0.5937D-01  -0.5770D-02   0.8771D-01  -0.3745D-01
  -0.1719D-02  -0.5136D-02  -0.2654D-02  -0.6092D-02  -0.1719D-02  -0.5136D-02  -0.2654D-02  -0.6092D-02
  0.500  1.000
  -0.2914D+00   0.0000D+00  -0.2390D+00   0.0000D+00   0.0000D+00   0.0000D+00  -0.1596D+00   0.0000D+00  -0.2914D+00   0.0000D+00  -0.2390D+00   0.0000D+00
   0.4451D+00   0.0000D+00   0.7225D-01   0.0000D+00   0.1596D+00   0.0000D+00   0.1104D+00   0.0000D+00   0.2453D-01   0.0000D+00   0.0000D+00   0.0000D+00   0.4451D+00   0.0000D+00   0.7225D-01   0.0000D+00   0.1596D+00   0.0000D+00
   0.0000D+00   0.0000D+00   0.0000D+00   0.0000D+00   0.0000D+00   0.0000D+00   0.0000D+00   0.0000D+00
  -0.2534D+00   0.2794D-01  -0.2283D+00   0.1635D-01   0.1699D-01  -0.1364D-01  -0.1582D+00   0.3011D-02  -0.2534D+00   0.2794D-01  -0.2283D+00   0.1635D-01
   0.3610D+00  -0.1668D-01   0.6040D-01  -0.5316D-02   0.9339D-01  -0.3451D-01   0.9749D-01   0.0000D+00   0.2415D-01   0.2562D-02  -0.2380D-02   0.8386D-02   0.3610D+00  -0.1668D-01   0.6040D-01  -0.5316D-02   0.9339D-01  -0.3451D-01
  -0.1584D-02  -0.4733D-02  -0.2446D-02  -0.5614D-02  -0.1584D-02  -0.4733D-02  -0.2446D-02  -0.5614D-02
  0.500  2.000
  -0.2702D+00   0.0000D+00  -0.2217D+00   0.0000D+00   0.0000D+00   0.0000D+00  -0.1480D+00   0.0000D+00  -0.2702D+00   0.0000D+00  -0.2217D+00   0.0000D+00
   0.4451D+00   0.0000D+00   0.7225D-01   0.0000D+00   0.1596D+00   0.0000D+00   0.1104D+00   0.0000D+00   0.2453D-01   0.0000D+00   0.0000D+00   0.0000D+00   0.4451D+00   0.0000D+00   0.7225D-01   0.0000D+00   0.1596D+00   0.0000D+00
   0.0000D+00   0.0000D+00   0.0000D+00   0.0000D+00   0.0000D+00   0.0000D+00   0.0000D+00   0.0000D+00
  -0.2566D+00   0.2403D-01  -0.2280D+00   0.1406D-01   0.1461D-01  -0.1173D-01  -0.1572D+00   0.2590D-02  -0.2566D+00   0.2403D-01  -0.2280D+00   0.1406D-01
   0.3672D+00  -0.1547D-01   0.6127D-01  -0.4930D-02   0.9822D-01  -0.3200D-01   0.9844D-01   0.0000D+00   0.2418D-01   0.2376D-02  -0.2208D-02   0.7776D-02   0.3672D+00  -0.1547D-01   0.6127D-01  -0.4930D-02   0.9822D-01  -0.3200D-01
  -0.1469D-02  -0.4389D-02  -0.2268D-02  -0.5206D-02  -0.1469D-02  -0.4389D-02  -0.2268D-02  -0.5206D-02
  1.000  0.500
  -0.2878D+00   0.0000D+00  -0.2371D+00   0.0000D+00   0.0000D+00   0.0000D+00  -0.1576D+00   0.0000D+00  -0.2878D+00   0.0000D+00  -0.2371D+00   0.0000D+00
   0.4054D+00   0.0000D+00   0.6587D-01   0.0000D+00   0.1454D+00   0.0000D+00   0.1003D+00   0.0000D+00   0.2229D-01   0.0000D+00   0.0000D+00   0.0000D+00   0.4054D+00   0.0000D+00   0.6587D-01   0.0000D+00   0.1454D+00   0.0000D+00
   0.0000D+00   0.0000D+00   0.0000D+00   0.0000D+00   0.0000D+00   0.0000D+00   0.0000D+00   0.0000D+00
  -0.2497D+00   0.3007D-01  -0.2274D+00   0.1753D-01   0.1814D-01  -0.1461D-01  -0.1577D+00   0.3259D-02  -0.2497D+00   0.3007D-01  -0.2274D+00   0.1753D-01
   0.3584D+00  -0.1649D-01   0.6007D-01  -0.5259D-02   0.9276D-01  -0.3414D-01   0.9696D-01   0.0000D+00   0.2398D-01   0.2526D-02  -0.2322D-02   0.8268D-02   0.3584D+00  -0.1649D-01   0.6007D-01  -0.5259D-02   0.9276D-01  -0.3414D-01
  -0.1570D-02  -0.4683D-02  -0.2422D-02  -0.5525D-02  -0.1570D-02  -0.4683D-02  -0.2422D-02  -0.5525D-02
  1.000  1.000
  -0.2652D+00   0.0000D+00  -0.2184D+00   0.0000D+00   0.0000D+00   0.0000D+00  -0.1452D+00   0.0000D+00  -0.2652D+00   0.0000D+00  -0.2184D+00   0.0000D+00
   0.4054D+00   0.0000D+00   0.6587D-01   0.0000D+00   0.1454D+00   0.0000D+00   0.1003D+00   0.0000D+00   0.2229D-01   0.0000D+00   0.0000D+00   0.0000D+00   0.4054D+00   0.0000D+00   0.6587D-01   0.0000D+00   0.1454D+00   0.0000D+00
   0.0000D+00   0.0000D+00   0.0000D+00   0.0000D+00   0.0000D+00   0.0000D+00   0.0000D+00   0.0000D+00
  -0.2530D+00   0.2553D-01  -0.2268D+00   0.1488D-01   0.1540D-01  -0.1241D-01  -0.1563D+00   0.2767D-02  -0.2530D+00   0.2553D-01  -0.2268D+00   0.1488D-01
   0.3621D+00  -0.1519D-01   0.6054D-01  -0.4846D-02   0.9691D-01  -0.3146D-01   0.9724D-01   0.0000D+00   0.2386D-01   0.2328D-02  -0.2140D-02   0.7619D-02   0.3621D+00  -0.1519D-01   0.6054D-01  -0.4846D-02   0.9691D-01  -0.3146D-01
  -0.1447D-02  -0.4315D-02  -0.2231D-02  -0.5091D-02  -0.1447D-02  -0.4315D-02  -0.2231D-02  -0.5091D-02
  1.000  2.000
  -0.2460D+00   0.0000D+00  -0.2026D+00   0.0000D+00   0.0000D+00   0.0000D+00  -0.1347D+00   0.0000D+00  -0.2460D+00   0.0000D+00  -0.2026D+00   0.0000D+00
   0.4054D+00   0.0000D+00   0.6587D-01   0.0000D+00   0.1454D+00   0.0000D+00   0.1003D+00   0.0000D+00   0.2229D-01   0.0000D+00   0.0000D+00   0.0000D+00   0.4054D+00   0.0000D+00   0.6587D-01   0.0000D+00   0.1454D+00   0.0000D+00
   0.0000D+00   0.0000D+00   0.0000D+00   0.0000D+00   0.0000D+00   0.0000D+00   0.0000D+00   0.0000D+00
  -0.2527D+00   0.2196D-01  -0.2241D+00   0.1280D-01   0.1324D-01  -0.1067D-01  -0.1537D+00   0.2380D-02  -0.2527D+00   0.2196D-01  -0.2241D+00   0.1280D-01
   0.3653D+00  -0.1409D-01   0.6093D-01  -0.4494D-02   0.1005D+00  -0.2917D-01   0.9747D-01   0.0000D+00   0.2374D-01   0.2159D-02  -0.1985D-02   0.7065D-02   0.3653D+00  -0.1409D-01   0.6093D-01  -0.4494D-02   0.1005D+00  -0.2917D-01
  -0.1342D-02  -0.4002D-02  -0.2069D-02  -0.4722D-02  -0.1342D-02  -0.4002D-02  -0.2069D-02  -0.4722D-02
  2.000  0.500
  -0.2642D+00   0.0000D+00  -0.2174D+00   0.0000D+00   0.0000D+00   0.0000D+00  -0.1444D+00   0.0000D+00  -0.2642D+00   0.0000D+00  -0.2174D+00   0.0000D+00
   0.3706D+00   0.0000D+00   0.6037D-01   0.0000D+00   0.1333D+00   0.0000D+00   0.9164D-01   0.0000D+00   0.2036D-01   0.0000D+00   0.0000D+00   0.0000D+00   0.3706D+00   0.0000D+00   0.6037D-01   0.0000D+00   0.1333D+00   0.0000D+00
   0.0000D+00   0.0000D+00   0.0000D+00   0.0000D+00   0.0000D+00   0.0000D+00   0.0000D+00   0.0000D+00
  -0.2546D+00   0.2763D-01  -0.2294D+00   0.1606D-01   0.1656D-01  -0.1339D-01  -0.1581D+00   0.3007D-02  -0.2546D+00   0.2763D-01  -0.2294D+00   0.1606D-01
   0.3617D+00  -0.1511D-01   0.6084D-01  -0.4810D-02   0.9755D-01  -0.3125D-01   0.9712D-01   0.0000D+00   0.2385D-01   0.2309D-02  -0.1963D-02   0.7556D-02   0.3617D+00  -0.1511D-01   0.6084D-01  -0.4810D-02   0.9755D-01  -0.3125D-01
  -0.1442D-02  -0.4306D-02  -0.2222D-02  -0.5066D-02  -0.1442D-02  -0.4306D-02  -0.2222D-02  -0.5066D-02
  2.000  1.000
  -0.2434D+00   0.0000D+00  -0.2003D+00   0.0000D+00   0.0000D+00   0.0000D+00  -0.1330D+00   0.0000D+00  -0.2434D+00   0.0000D+00  -0.2003D+00   0.0000D+00
   0.3706D+00   0.0000D+00   0.6037D-01   0.0000D+00   0.1333D+00   0.0000D+00   0.9164D-01   0.0000D+00   0.2036D-01   0.0000D+00   0.0000D+00   0.0000D+00   0.3706D+00   0.0000D+00   0.6037D-01   0.0000D+00   0.1333D+00   0.0000D+00
   0.0000D+00   0.0000D+00   0.0000D+00   0.0000D+00   0.0000D+00   0.0000D+00   0.0000D+00   0.0000D+00
  -0.2538D+00   0.2346D-01  -0.2258D+00   0.1363D-01   0.1406D-01  -0.1137D-01  -0.1548D+00   0.2553D-02  -0.2538D+00   0.2346D-01  -0.2258D+00   0.1363D-01
   0.3625D+00  -0.1392D-01   0.6081D-01  -0.4432D-02   0.1004D+00  -0.2880D-01   0.9670D-01   0.0000D+00   0.2358D-01   0.2128D-02  -0.1809D-02   0.6963D-02   0.3625D+00  -0.1392D-01   0.6081D-01  -0.4432D-02   0.1004D+00  -0.2880D-01
  -0.1329D-02  -0.3967D-02  -0.2048D-02  -0.4668D-02  -0.1329D-02  -0.3967D-02  -0.2048D-02  -0.4668D-02
  2.000  2.000
  -0.2258D+00   0.0000D+00  -0.1858D+00   0.0000D+00   0.0000D+00   0.0000D+00  -0.1234D+00   0.0000D+00  -0.2258D+00   0.0000D+00  -0.1858D+00   0.0000D+00
   0.3706D+00   0.0000D+00   0.6037D-01   0.0000D+00   0.1333D+00   0.0000D+00   0.9164D-01   0.0000D+00   0.2036D-01   0.0000D+00   0.0000D+00   0.0000D+00   0.3706D+00   0.0000D+00   0.6037D-01   0.0000D+00   0.1333D+00   0.0000D+00
   0.0000D+00   0.0000D+00   0.0000D+00   0.0000D+00   0.0000D+00   0.0000D+00   0.0000D+00   0.0000D+00
  -0.2505D+00   0.2018D-01  -0.2207D+00   0.1172D-01   0.1209D-01  -0.9777D-02  -0.1508D+00   0.2195D-02  -0.2505D+00   0.2018D-01  -0.2207D+00   0.1172D-01
   0.3631D+00  -0.1291D-01   0.6079D-01  -0.4110D-02   0.1028D+00  -0.2671D-01   0.9634D-01   0.0000D+00   0.2335D-01   0.1973D-02  -0.1678D-02   0.6457D-02   0.3631D+00  -0.1291D-01   0.6079D-01  -0.4110D-02   0.1028D+00  -0.2671D-01
  -0.1232D-02  -0.3679D-02  -0.1899D-02  -0.4329D-02  -0.1232D-02  -0.3679D-02  -0.1899D-02  -0.4329D-02
