 LHC=           1 sqrts=   8000.0000000000000      ang=           4 mode=fital                                                                                               scalescheme=           1 R=  0.69999999999999996     
 CT10nlo_rand5678                                                                                             280
 Bin information: chid, chiu, md, mu, mu0
   0.0000000000000000       0.50000000000000000        1101.0000000000000        1172.0000000000000        1136.5000000000000     
 9 scales(muf, mur)*(LO(38), NLO(38))
  0.500  0.500
  -0.8525D-01   0.0000D+00  -0.6103D-01   0.0000D+00   0.0000D+00   0.0000D+00  -0.3172D-01   0.0000D+00  -0.8525D-01   0.0000D+00  -0.6103D-01   0.0000D+00
   0.2399D+00   0.0000D+00   0.3705D-01   0.0000D+00   0.9718D-01   0.0000D+00   0.4314D-01   0.0000D+00   0.9587D-02   0.0000D+00   0.0000D+00   0.0000D+00   0.2399D+00   0.0000D+00   0.3705D-01   0.0000D+00   0.9718D-01   0.0000D+00
   0.0000D+00   0.0000D+00   0.0000D+00   0.0000D+00   0.0000D+00   0.0000D+00   0.0000D+00   0.0000D+00
  -0.6938D-01   0.7221D-02  -0.5354D-01   0.4112D-02   0.3859D-02  -0.2805D-02  -0.2796D-01   0.1286D-02  -0.6938D-01   0.7221D-02  -0.5354D-01   0.4112D-02
   0.1802D+00  -0.1050D-01   0.2872D-01  -0.3123D-02   0.5438D-01  -0.1904D-01   0.3629D-01   0.0000D+00   0.9026D-02   0.1036D-02  -0.1730D-02   0.3391D-02   0.1802D+00  -0.1050D-01   0.2872D-01  -0.3123D-02   0.5438D-01  -0.1904D-01
  -0.1075D-02  -0.2772D-02  -0.1246D-02  -0.2703D-02  -0.1075D-02  -0.2772D-02  -0.1246D-02  -0.2703D-02
  0.500  1.000
  -0.7885D-01   0.0000D+00  -0.5645D-01   0.0000D+00   0.0000D+00   0.0000D+00  -0.2934D-01   0.0000D+00  -0.7885D-01   0.0000D+00  -0.5645D-01   0.0000D+00
   0.2399D+00   0.0000D+00   0.3705D-01   0.0000D+00   0.9718D-01   0.0000D+00   0.4314D-01   0.0000D+00   0.9587D-02   0.0000D+00   0.0000D+00   0.0000D+00   0.2399D+00   0.0000D+00   0.3705D-01   0.0000D+00   0.9718D-01   0.0000D+00
   0.0000D+00   0.0000D+00   0.0000D+00   0.0000D+00   0.0000D+00   0.0000D+00   0.0000D+00   0.0000D+00
  -0.7101D-01   0.6178D-02  -0.5414D-01   0.3518D-02   0.3302D-02  -0.2400D-02  -0.2825D-01   0.1100D-02  -0.7101D-01   0.6178D-02  -0.5414D-01   0.3518D-02
   0.1847D+00  -0.9715D-02   0.2935D-01  -0.2889D-02   0.5761D-01  -0.1761D-01   0.3681D-01   0.0000D+00   0.9069D-02   0.9585D-03  -0.1600D-02   0.3137D-02   0.1847D+00  -0.9715D-02   0.2935D-01  -0.2889D-02   0.5761D-01  -0.1761D-01
  -0.9943D-03  -0.2564D-02  -0.1152D-02  -0.2500D-02  -0.9943D-03  -0.2564D-02  -0.1152D-02  -0.2500D-02
  0.500  2.000
  -0.7336D-01   0.0000D+00  -0.5252D-01   0.0000D+00   0.0000D+00   0.0000D+00  -0.2730D-01   0.0000D+00  -0.7336D-01   0.0000D+00  -0.5252D-01   0.0000D+00
   0.2399D+00   0.0000D+00   0.3705D-01   0.0000D+00   0.9718D-01   0.0000D+00   0.4314D-01   0.0000D+00   0.9587D-02   0.0000D+00   0.0000D+00   0.0000D+00   0.2399D+00   0.0000D+00   0.3705D-01   0.0000D+00   0.9718D-01   0.0000D+00
   0.0000D+00   0.0000D+00   0.0000D+00   0.0000D+00   0.0000D+00   0.0000D+00   0.0000D+00   0.0000D+00
  -0.7152D-01   0.5347D-02  -0.5407D-01   0.3045D-02   0.2858D-02  -0.2077D-02  -0.2820D-01   0.9525D-03  -0.7152D-01   0.5347D-02  -0.5407D-01   0.3045D-02
   0.1886D+00  -0.9039D-02   0.2989D-01  -0.2688D-02   0.6037D-01  -0.1639D-01   0.3725D-01   0.0000D+00   0.9106D-02   0.8917D-03  -0.1489D-02   0.2918D-02   0.1886D+00  -0.9039D-02   0.2989D-01  -0.2688D-02   0.6037D-01  -0.1639D-01
  -0.9251D-03  -0.2386D-02  -0.1072D-02  -0.2326D-02  -0.9251D-03  -0.2386D-02  -0.1072D-02  -0.2326D-02
  1.000  0.500
  -0.7549D-01   0.0000D+00  -0.5409D-01   0.0000D+00   0.0000D+00   0.0000D+00  -0.2805D-01   0.0000D+00  -0.7549D-01   0.0000D+00  -0.5409D-01   0.0000D+00
   0.2120D+00   0.0000D+00   0.3273D-01   0.0000D+00   0.8612D-01   0.0000D+00   0.3812D-01   0.0000D+00   0.8471D-02   0.0000D+00   0.0000D+00   0.0000D+00   0.2120D+00   0.0000D+00   0.3273D-01   0.0000D+00   0.8612D-01   0.0000D+00
   0.0000D+00   0.0000D+00   0.0000D+00   0.0000D+00   0.0000D+00   0.0000D+00   0.0000D+00   0.0000D+00
  -0.7058D-01   0.6391D-02  -0.5396D-01   0.3640D-02   0.3441D-02  -0.2481D-02  -0.2814D-01   0.1141D-02  -0.7058D-01   0.6391D-02  -0.5396D-01   0.3640D-02
   0.1850D+00  -0.9306D-02   0.2931D-01  -0.2766D-02   0.5851D-01  -0.1683D-01   0.3668D-01   0.0000D+00   0.9005D-02   0.9154D-03  -0.1496D-02   0.2996D-02   0.1850D+00  -0.9306D-02   0.2931D-01  -0.2766D-02   0.5851D-01  -0.1683D-01
  -0.9519D-03  -0.2452D-02  -0.1100D-02  -0.2387D-02  -0.9519D-03  -0.2452D-02  -0.1100D-02  -0.2387D-02
  1.000  1.000
  -0.6983D-01   0.0000D+00  -0.5004D-01   0.0000D+00   0.0000D+00   0.0000D+00  -0.2595D-01   0.0000D+00  -0.6983D-01   0.0000D+00  -0.5004D-01   0.0000D+00
   0.2120D+00   0.0000D+00   0.3273D-01   0.0000D+00   0.8612D-01   0.0000D+00   0.3812D-01   0.0000D+00   0.8471D-02   0.0000D+00   0.0000D+00   0.0000D+00   0.2120D+00   0.0000D+00   0.3273D-01   0.0000D+00   0.8612D-01   0.0000D+00
   0.0000D+00   0.0000D+00   0.0000D+00   0.0000D+00   0.0000D+00   0.0000D+00   0.0000D+00   0.0000D+00
  -0.7070D-01   0.5468D-02  -0.5356D-01   0.3114D-02   0.2944D-02  -0.2122D-02  -0.2791D-01   0.9760D-03  -0.7070D-01   0.5468D-02  -0.5356D-01   0.3114D-02
   0.1870D+00  -0.8607D-02   0.2957D-01  -0.2559D-02   0.6059D-01  -0.1557D-01   0.3679D-01   0.0000D+00   0.8966D-02   0.8467D-03  -0.1384D-02   0.2771D-02   0.1870D+00  -0.8607D-02   0.2957D-01  -0.2559D-02   0.6059D-01  -0.1557D-01
  -0.8804D-03  -0.2268D-02  -0.1018D-02  -0.2208D-02  -0.8804D-03  -0.2268D-02  -0.1018D-02  -0.2208D-02
  1.000  2.000
  -0.6496D-01   0.0000D+00  -0.4655D-01   0.0000D+00   0.0000D+00   0.0000D+00  -0.2414D-01   0.0000D+00  -0.6496D-01   0.0000D+00  -0.4655D-01   0.0000D+00
   0.2120D+00   0.0000D+00   0.3273D-01   0.0000D+00   0.8612D-01   0.0000D+00   0.3812D-01   0.0000D+00   0.8471D-02   0.0000D+00   0.0000D+00   0.0000D+00   0.2120D+00   0.0000D+00   0.3273D-01   0.0000D+00   0.8612D-01   0.0000D+00
   0.0000D+00   0.0000D+00   0.0000D+00   0.0000D+00   0.0000D+00   0.0000D+00   0.0000D+00   0.0000D+00
  -0.7010D-01   0.4733D-02  -0.5274D-01   0.2696D-02   0.2549D-02  -0.1837D-02  -0.2747D-01   0.8448D-03  -0.7010D-01   0.4733D-02  -0.5274D-01   0.2696D-02
   0.1888D+00  -0.8008D-02   0.2979D-01  -0.2381D-02   0.6238D-01  -0.1448D-01   0.3689D-01   0.0000D+00   0.8932D-02   0.7878D-03  -0.1288D-02   0.2578D-02   0.1888D+00  -0.8008D-02   0.2979D-01  -0.2381D-02   0.6238D-01  -0.1448D-01
  -0.8191D-03  -0.2110D-02  -0.9468D-03  -0.2055D-02  -0.8191D-03  -0.2110D-02  -0.9468D-03  -0.2055D-02
  2.000  0.500
  -0.6735D-01   0.0000D+00  -0.4823D-01   0.0000D+00   0.0000D+00   0.0000D+00  -0.2498D-01   0.0000D+00  -0.6735D-01   0.0000D+00  -0.4823D-01   0.0000D+00
   0.1890D+00   0.0000D+00   0.2915D-01   0.0000D+00   0.7683D-01   0.0000D+00   0.3393D-01   0.0000D+00   0.7539D-02   0.0000D+00   0.0000D+00   0.0000D+00   0.1890D+00   0.0000D+00   0.2915D-01   0.0000D+00   0.7683D-01   0.0000D+00
   0.0000D+00   0.0000D+00   0.0000D+00   0.0000D+00   0.0000D+00   0.0000D+00   0.0000D+00   0.0000D+00
  -0.7128D-01   0.5705D-02  -0.5412D-01   0.3247D-02   0.3038D-02  -0.2209D-02  -0.2828D-01   0.1021D-02  -0.7128D-01   0.5705D-02  -0.5412D-01   0.3247D-02
   0.1878D+00  -0.8304D-02   0.2975D-01  -0.2466D-02   0.6183D-01  -0.1500D-01   0.3696D-01   0.0000D+00   0.8963D-02   0.8149D-03  -0.1331D-02   0.2667D-02   0.1878D+00  -0.8304D-02   0.2975D-01  -0.2466D-02   0.6183D-01  -0.1500D-01
  -0.8516D-03  -0.2182D-02  -0.9806D-03  -0.2126D-02  -0.8516D-03  -0.2182D-02  -0.9806D-03  -0.2126D-02
  2.000  1.000
  -0.6230D-01   0.0000D+00  -0.4461D-01   0.0000D+00   0.0000D+00   0.0000D+00  -0.2310D-01   0.0000D+00  -0.6230D-01   0.0000D+00  -0.4461D-01   0.0000D+00
   0.1890D+00   0.0000D+00   0.2915D-01   0.0000D+00   0.7683D-01   0.0000D+00   0.3393D-01   0.0000D+00   0.7539D-02   0.0000D+00   0.0000D+00   0.0000D+00   0.1890D+00   0.0000D+00   0.2915D-01   0.0000D+00   0.7683D-01   0.0000D+00
   0.0000D+00   0.0000D+00   0.0000D+00   0.0000D+00   0.0000D+00   0.0000D+00   0.0000D+00   0.0000D+00
  -0.7018D-01   0.4881D-02  -0.5289D-01   0.2778D-02   0.2599D-02  -0.1890D-02  -0.2761D-01   0.8732D-03  -0.7018D-01   0.4881D-02  -0.5289D-01   0.2778D-02
   0.1879D+00  -0.7681D-02   0.2971D-01  -0.2281D-02   0.6296D-01  -0.1388D-01   0.3673D-01   0.0000D+00   0.8857D-02   0.7538D-03  -0.1231D-02   0.2467D-02   0.1879D+00  -0.7681D-02   0.2971D-01  -0.2281D-02   0.6296D-01  -0.1388D-01
  -0.7877D-03  -0.2018D-02  -0.9071D-03  -0.1967D-02  -0.7877D-03  -0.2018D-02  -0.9071D-03  -0.1967D-02
  2.000  2.000
  -0.5796D-01   0.0000D+00  -0.4151D-01   0.0000D+00   0.0000D+00   0.0000D+00  -0.2150D-01   0.0000D+00  -0.5796D-01   0.0000D+00  -0.4151D-01   0.0000D+00
   0.1890D+00   0.0000D+00   0.2915D-01   0.0000D+00   0.7683D-01   0.0000D+00   0.3393D-01   0.0000D+00   0.7539D-02   0.0000D+00   0.0000D+00   0.0000D+00   0.1890D+00   0.0000D+00   0.2915D-01   0.0000D+00   0.7683D-01   0.0000D+00
   0.0000D+00   0.0000D+00   0.0000D+00   0.0000D+00   0.0000D+00   0.0000D+00   0.0000D+00   0.0000D+00
  -0.6870D-01   0.4225D-02  -0.5148D-01   0.2405D-02   0.2250D-02  -0.1636D-02  -0.2684D-01   0.7558D-03  -0.6870D-01   0.4225D-02  -0.5148D-01   0.2405D-02
   0.1880D+00  -0.7146D-02   0.2967D-01  -0.2122D-02   0.6393D-01  -0.1291D-01   0.3654D-01   0.0000D+00   0.8766D-02   0.7013D-03  -0.1146D-02   0.2295D-02   0.1880D+00  -0.7146D-02   0.2967D-01  -0.2122D-02   0.6393D-01  -0.1291D-01
  -0.7328D-03  -0.1878D-02  -0.8439D-03  -0.1830D-02  -0.7328D-03  -0.1878D-02  -0.8439D-03  -0.1830D-02
