 LHC=           1 sqrts=   8000.0000000000000      ang=           4 mode=fital                                                                                               scalescheme=           1 R=  0.69999999999999996     
 CT10nlo_rand5678                                                                                             232
 Bin information: chid, chiu, md, mu, mu0
   0.0000000000000000       0.50000000000000000        56.000000000000000        64.000000000000000        60.000000000000000     
 9 scales(muf, mur)*(LO(38), NLO(38))
  0.500  0.500
  -0.1794D+02   0.0000D+00  -0.3411D+02   0.0000D+00   0.0000D+00   0.0000D+00  -0.3604D+02   0.0000D+00  -0.1794D+02   0.0000D+00  -0.3411D+02   0.0000D+00
   0.2112D+00   0.0000D+00   0.4095D-01   0.0000D+00   0.4320D-01   0.0000D+00   0.9960D-01   0.0000D+00   0.2213D-01   0.0000D+00   0.0000D+00   0.0000D+00   0.2112D+00   0.0000D+00   0.4095D-01   0.0000D+00   0.4320D-01   0.0000D+00
   0.0000D+00   0.0000D+00   0.0000D+00   0.0000D+00   0.0000D+00   0.0000D+00   0.0000D+00   0.0000D+00
  -0.1185D+02   0.6725D+01  -0.2673D+02   0.3998D+01   0.3492D+01  -0.4959D+01  -0.3205D+02  -0.4565D+00  -0.1185D+02   0.6725D+01  -0.2673D+02   0.3998D+01
   0.6094D+00  -0.7203D-02   0.1166D+00  -0.3402D-02   0.9641D-01  -0.2796D-01   0.2445D+00   0.0000D+00   0.6707D-01   0.3587D-02   0.8556D-02   0.1174D-01   0.6094D+00  -0.7203D-02   0.1166D+00  -0.3402D-02   0.9641D-01  -0.2796D-01
  -0.1221D-03  -0.2360D-02  -0.1719D-02  -0.6183D-02  -0.1221D-03  -0.2360D-02  -0.1719D-02  -0.6183D-02
  0.500  1.000
  -0.1593D+02   0.0000D+00  -0.3028D+02   0.0000D+00   0.0000D+00   0.0000D+00  -0.3200D+02   0.0000D+00  -0.1593D+02   0.0000D+00  -0.3028D+02   0.0000D+00
   0.2112D+00   0.0000D+00   0.4095D-01   0.0000D+00   0.4320D-01   0.0000D+00   0.9960D-01   0.0000D+00   0.2213D-01   0.0000D+00   0.0000D+00   0.0000D+00   0.2112D+00   0.0000D+00   0.4095D-01   0.0000D+00   0.4320D-01   0.0000D+00
   0.0000D+00   0.0000D+00   0.0000D+00   0.0000D+00   0.0000D+00   0.0000D+00   0.0000D+00   0.0000D+00
  -0.1286D+02   0.5300D+01  -0.2775D+02   0.3151D+01   0.2750D+01  -0.3908D+01  -0.3232D+02  -0.3599D+00  -0.1286D+02   0.5300D+01  -0.2775D+02   0.3151D+01
   0.5745D+00  -0.6395D-02   0.1098D+00  -0.3021D-02   0.9325D-01  -0.2482D-01   0.2306D+00   0.0000D+00   0.6274D-01   0.3185D-02   0.7684D-02   0.1042D-01   0.5745D+00  -0.6395D-02   0.1098D+00  -0.3021D-02   0.9325D-01  -0.2482D-01
  -0.1084D-03  -0.2095D-02  -0.1526D-02  -0.5490D-02  -0.1084D-03  -0.2095D-02  -0.1526D-02  -0.5490D-02
  0.500  2.000
  -0.1433D+02   0.0000D+00  -0.2724D+02   0.0000D+00   0.0000D+00   0.0000D+00  -0.2878D+02   0.0000D+00  -0.1433D+02   0.0000D+00  -0.2724D+02   0.0000D+00
   0.2112D+00   0.0000D+00   0.4095D-01   0.0000D+00   0.4320D-01   0.0000D+00   0.9960D-01   0.0000D+00   0.2213D-01   0.0000D+00   0.0000D+00   0.0000D+00   0.2112D+00   0.0000D+00   0.4095D-01   0.0000D+00   0.4320D-01   0.0000D+00
   0.0000D+00   0.0000D+00   0.0000D+00   0.0000D+00   0.0000D+00   0.0000D+00   0.0000D+00   0.0000D+00
  -0.1324D+02   0.4287D+01  -0.2783D+02   0.2549D+01   0.2223D+01  -0.3161D+01  -0.3183D+02  -0.2911D+00  -0.1324D+02   0.4287D+01  -0.2783D+02   0.2549D+01
   0.5407D+00  -0.5752D-02   0.1034D+00  -0.2717D-02   0.8880D-01  -0.2232D-01   0.2183D+00   0.0000D+00   0.5891D-01   0.2864D-02   0.6970D-02   0.9374D-02   0.5407D+00  -0.5752D-02   0.1034D+00  -0.2717D-02   0.8880D-01  -0.2232D-01
  -0.9740D-04  -0.1885D-02  -0.1373D-02  -0.4937D-02  -0.9740D-04  -0.1885D-02  -0.1373D-02  -0.4937D-02
  1.000  0.500
  -0.1943D+02   0.0000D+00  -0.3730D+02   0.0000D+00   0.0000D+00   0.0000D+00  -0.4030D+02   0.0000D+00  -0.1943D+02   0.0000D+00  -0.3730D+02   0.0000D+00
   0.2340D+00   0.0000D+00   0.4516D-01   0.0000D+00   0.4612D-01   0.0000D+00   0.1062D+00   0.0000D+00   0.2360D-01   0.0000D+00   0.0000D+00   0.0000D+00   0.2340D+00   0.0000D+00   0.4516D-01   0.0000D+00   0.4612D-01   0.0000D+00
   0.0000D+00   0.0000D+00   0.0000D+00   0.0000D+00   0.0000D+00   0.0000D+00   0.0000D+00   0.0000D+00
  -0.1082D+02   0.7266D+01  -0.2651D+02   0.4466D+01   0.3344D+01  -0.5564D+01  -0.3234D+02  -0.5250D+00  -0.1082D+02   0.7266D+01  -0.2651D+02   0.4466D+01
   0.5931D+00  -0.7468D-02   0.1125D+00  -0.3642D-02   0.9092D-01  -0.3160D-01   0.2380D+00   0.0000D+00   0.6465D-01   0.3963D-02   0.8218D-02   0.1297D-01   0.5931D+00  -0.7468D-02   0.1125D+00  -0.3642D-02   0.9092D-01  -0.3160D-01
  -0.1355D-03  -0.3385D-02  -0.1975D-02  -0.6794D-02  -0.1355D-03  -0.3385D-02  -0.1975D-02  -0.6794D-02
  1.000  1.000
  -0.1725D+02   0.0000D+00  -0.3312D+02   0.0000D+00   0.0000D+00   0.0000D+00  -0.3578D+02   0.0000D+00  -0.1725D+02   0.0000D+00  -0.3312D+02   0.0000D+00
   0.2340D+00   0.0000D+00   0.4516D-01   0.0000D+00   0.4612D-01   0.0000D+00   0.1062D+00   0.0000D+00   0.2360D-01   0.0000D+00   0.0000D+00   0.0000D+00   0.2340D+00   0.0000D+00   0.4516D-01   0.0000D+00   0.4612D-01   0.0000D+00
   0.0000D+00   0.0000D+00   0.0000D+00   0.0000D+00   0.0000D+00   0.0000D+00   0.0000D+00   0.0000D+00
  -0.1228D+02   0.5727D+01  -0.2815D+02   0.3520D+01   0.2633D+01  -0.4386D+01  -0.3334D+02  -0.4138D+00  -0.1228D+02   0.5727D+01  -0.2815D+02   0.3520D+01
   0.5295D+00  -0.6631D-02   0.1008D+00  -0.3233D-02   0.7852D-01  -0.2806D-01   0.2184D+00   0.0000D+00   0.5854D-01   0.3519D-02   0.7215D-02   0.1152D-01   0.5295D+00  -0.6631D-02   0.1008D+00  -0.3233D-02   0.7852D-01  -0.2806D-01
  -0.1202D-03  -0.3006D-02  -0.1753D-02  -0.6032D-02  -0.1202D-03  -0.3006D-02  -0.1753D-02  -0.6032D-02
  1.000  2.000
  -0.1551D+02   0.0000D+00  -0.2979D+02   0.0000D+00   0.0000D+00   0.0000D+00  -0.3218D+02   0.0000D+00  -0.1551D+02   0.0000D+00  -0.2979D+02   0.0000D+00
   0.2340D+00   0.0000D+00   0.4516D-01   0.0000D+00   0.4612D-01   0.0000D+00   0.1062D+00   0.0000D+00   0.2360D-01   0.0000D+00   0.0000D+00   0.0000D+00   0.2340D+00   0.0000D+00   0.4516D-01   0.0000D+00   0.4612D-01   0.0000D+00
   0.0000D+00   0.0000D+00   0.0000D+00   0.0000D+00   0.0000D+00   0.0000D+00   0.0000D+00   0.0000D+00
  -0.1305D+02   0.4632D+01  -0.2870D+02   0.2847D+01   0.2128D+01  -0.3547D+01  -0.3337D+02  -0.3347D+00  -0.1305D+02   0.4632D+01  -0.2870D+02   0.2847D+01
   0.5310D+00  -0.5964D-02   0.1008D+00  -0.2908D-02   0.8444D-01  -0.2524D-01   0.2144D+00   0.0000D+00   0.5725D-01   0.3165D-02   0.6728D-02   0.1036D-01   0.5310D+00  -0.5964D-02   0.1008D+00  -0.2908D-02   0.8444D-01  -0.2524D-01
  -0.1080D-03  -0.2703D-02  -0.1577D-02  -0.5425D-02  -0.1080D-03  -0.2703D-02  -0.1577D-02  -0.5425D-02
  2.000  0.500
  -0.2088D+02   0.0000D+00  -0.3935D+02   0.0000D+00   0.0000D+00   0.0000D+00  -0.4269D+02   0.0000D+00  -0.2088D+02   0.0000D+00  -0.3935D+02   0.0000D+00
   0.2374D+00   0.0000D+00   0.4869D-01   0.0000D+00   0.4931D-01   0.0000D+00   0.1177D+00   0.0000D+00   0.2617D-01   0.0000D+00   0.0000D+00   0.0000D+00   0.2374D+00   0.0000D+00   0.4869D-01   0.0000D+00   0.4931D-01   0.0000D+00
   0.0000D+00   0.0000D+00   0.0000D+00   0.0000D+00   0.0000D+00   0.0000D+00   0.0000D+00   0.0000D+00
  -0.1027D+02   0.7983D+01  -0.2485D+02   0.4827D+01   0.3616D+01  -0.5485D+01  -0.3122D+02  -0.5601D+00  -0.1027D+02   0.7983D+01  -0.2485D+02   0.4827D+01
   0.6091D+00  -0.8041D-02   0.1221D+00  -0.3591D-02   0.9349D-01  -0.3072D-01   0.2499D+00   0.0000D+00   0.6783D-01   0.4384D-02   0.8044D-02   0.1435D-01   0.6091D+00  -0.8041D-02   0.1221D+00  -0.3591D-02   0.9349D-01  -0.3072D-01
  -0.1592D-03  -0.3147D-02  -0.2188D-02  -0.7592D-02  -0.1592D-03  -0.3147D-02  -0.2188D-02  -0.7592D-02
  2.000  1.000
  -0.1853D+02   0.0000D+00  -0.3493D+02   0.0000D+00   0.0000D+00   0.0000D+00  -0.3790D+02   0.0000D+00  -0.1853D+02   0.0000D+00  -0.3493D+02   0.0000D+00
   0.2374D+00   0.0000D+00   0.4869D-01   0.0000D+00   0.4931D-01   0.0000D+00   0.1177D+00   0.0000D+00   0.2617D-01   0.0000D+00   0.0000D+00   0.0000D+00   0.2374D+00   0.0000D+00   0.4869D-01   0.0000D+00   0.4931D-01   0.0000D+00
   0.0000D+00   0.0000D+00   0.0000D+00   0.0000D+00   0.0000D+00   0.0000D+00   0.0000D+00   0.0000D+00
  -0.1203D+02   0.6292D+01  -0.2710D+02   0.3805D+01   0.2849D+01  -0.4324D+01  -0.3279D+02  -0.4415D+00  -0.1203D+02   0.6292D+01  -0.2710D+02   0.3805D+01
   0.5144D+00  -0.7140D-02   0.1045D+00  -0.3188D-02   0.7465D-01  -0.2728D-01   0.2227D+00   0.0000D+00   0.5929D-01   0.3893D-02   0.6546D-02   0.1274D-01   0.5144D+00  -0.7140D-02   0.1045D+00  -0.3188D-02   0.7465D-01  -0.2728D-01
  -0.1413D-03  -0.2794D-02  -0.1942D-02  -0.6740D-02  -0.1413D-03  -0.2794D-02  -0.1942D-02  -0.6740D-02
  2.000  2.000
  -0.1667D+02   0.0000D+00  -0.3142D+02   0.0000D+00   0.0000D+00   0.0000D+00  -0.3409D+02   0.0000D+00  -0.1667D+02   0.0000D+00  -0.3142D+02   0.0000D+00
   0.2374D+00   0.0000D+00   0.4869D-01   0.0000D+00   0.4931D-01   0.0000D+00   0.1177D+00   0.0000D+00   0.2617D-01   0.0000D+00   0.0000D+00   0.0000D+00   0.2374D+00   0.0000D+00   0.4869D-01   0.0000D+00   0.4931D-01   0.0000D+00
   0.0000D+00   0.0000D+00   0.0000D+00   0.0000D+00   0.0000D+00   0.0000D+00   0.0000D+00   0.0000D+00
  -0.1282D+02   0.5089D+01  -0.2790D+02   0.3077D+01   0.2305D+01  -0.3498D+01  -0.3303D+02  -0.3571D+00  -0.1282D+02   0.5089D+01  -0.2790D+02   0.3077D+01
   0.4020D+00  -0.6421D-02   0.8406D-01  -0.2867D-02   0.4953D-01  -0.2453D-01   0.1930D+00   0.0000D+00   0.4991D-01   0.3501D-02   0.5022D-02   0.1146D-01   0.4020D+00  -0.6421D-02   0.8406D-01  -0.2867D-02   0.4953D-01  -0.2453D-01
  -0.1270D-03  -0.2512D-02  -0.1747D-02  -0.6062D-02  -0.1270D-03  -0.2512D-02  -0.1747D-02  -0.6062D-02
