 LHC=           1 sqrts=   8000.0000000000000      ang=           4 mode=fital                                                                                               scalescheme=           1 R=  0.69999999999999996     
 CT10nlo_rand5678                                                                                              43
 Bin information: chid, chiu, md, mu, mu0
   0.0000000000000000       0.50000000000000000        64.000000000000000        74.000000000000000        69.000000000000000     
 9 scales(muf, mur)*(LO(38), NLO(38))
  0.500  0.500
  -0.1884D+02   0.0000D+00  -0.3102D+02   0.0000D+00   0.0000D+00   0.0000D+00  -0.3415D+02   0.0000D+00  -0.1884D+02   0.0000D+00  -0.3102D+02   0.0000D+00
   0.2915D+00   0.0000D+00   0.5337D-01   0.0000D+00   0.5922D-01   0.0000D+00   0.1309D+00   0.0000D+00   0.2909D-01   0.0000D+00   0.0000D+00   0.0000D+00   0.2915D+00   0.0000D+00   0.5337D-01   0.0000D+00   0.5922D-01   0.0000D+00
   0.0000D+00   0.0000D+00   0.0000D+00   0.0000D+00   0.0000D+00   0.0000D+00   0.0000D+00   0.0000D+00
  -0.1308D+02   0.5950D+01  -0.2510D+02   0.3661D+01   0.2738D+01  -0.4570D+01  -0.3056D+02  -0.4334D+00  -0.1308D+02   0.5950D+01  -0.2510D+02   0.3661D+01
   0.7221D+00  -0.9539D-02   0.1314D+00  -0.4390D-02   0.1155D+00  -0.3595D-01   0.2857D+00   0.0000D+00   0.7645D-01   0.4635D-02   0.8496D-02   0.1517D-01   0.7221D+00  -0.9539D-02   0.1314D+00  -0.4390D-02   0.1155D+00  -0.3595D-01
  -0.1990D-03  -0.3960D-02  -0.2134D-02  -0.7830D-02  -0.1990D-03  -0.3960D-02  -0.2134D-02  -0.7830D-02
  0.500  1.000
  -0.1677D+02   0.0000D+00  -0.2762D+02   0.0000D+00   0.0000D+00   0.0000D+00  -0.3040D+02   0.0000D+00  -0.1677D+02   0.0000D+00  -0.2762D+02   0.0000D+00
   0.2915D+00   0.0000D+00   0.5337D-01   0.0000D+00   0.5922D-01   0.0000D+00   0.1309D+00   0.0000D+00   0.2909D-01   0.0000D+00   0.0000D+00   0.0000D+00   0.2915D+00   0.0000D+00   0.5337D-01   0.0000D+00   0.5922D-01   0.0000D+00
   0.0000D+00   0.0000D+00   0.0000D+00   0.0000D+00   0.0000D+00   0.0000D+00   0.0000D+00   0.0000D+00
  -0.1398D+02   0.4717D+01  -0.2585D+02   0.2903D+01   0.2168D+01  -0.3623D+01  -0.3077D+02  -0.3436D+00  -0.1398D+02   0.4717D+01  -0.2585D+02   0.2903D+01
   0.6762D+00  -0.8494D-02   0.1231D+00  -0.3909D-02   0.1094D+00  -0.3201D-01   0.2695D+00   0.0000D+00   0.7145D-01   0.4127D-02   0.7640D-02   0.1351D-01   0.6762D+00  -0.8494D-02   0.1231D+00  -0.3909D-02   0.1094D+00  -0.3201D-01
  -0.1771D-03  -0.3526D-02  -0.1900D-02  -0.6972D-02  -0.1771D-03  -0.3526D-02  -0.1900D-02  -0.6972D-02
  0.500  2.000
  -0.1512D+02   0.0000D+00  -0.2490D+02   0.0000D+00   0.0000D+00   0.0000D+00  -0.2741D+02   0.0000D+00  -0.1512D+02   0.0000D+00  -0.2490D+02   0.0000D+00
   0.2915D+00   0.0000D+00   0.5337D-01   0.0000D+00   0.5922D-01   0.0000D+00   0.1309D+00   0.0000D+00   0.2909D-01   0.0000D+00   0.0000D+00   0.0000D+00   0.2915D+00   0.0000D+00   0.5337D-01   0.0000D+00   0.5922D-01   0.0000D+00
   0.0000D+00   0.0000D+00   0.0000D+00   0.0000D+00   0.0000D+00   0.0000D+00   0.0000D+00   0.0000D+00
  -0.1429D+02   0.3834D+01  -0.2583D+02   0.2359D+01   0.1761D+01  -0.2945D+01  -0.3032D+02  -0.2793D+00  -0.1429D+02   0.3834D+01  -0.2583D+02   0.2359D+01
   0.6410D+00  -0.7659D-02   0.1167D+00  -0.3524D-02   0.1050D+00  -0.2886D-01   0.2568D+00   0.0000D+00   0.6753D-01   0.3721D-02   0.6945D-02   0.1218D-01   0.6410D+00  -0.7659D-02   0.1167D+00  -0.3524D-02   0.1050D+00  -0.2886D-01
  -0.1596D-03  -0.3179D-02  -0.1713D-02  -0.6286D-02  -0.1596D-03  -0.3179D-02  -0.1713D-02  -0.6286D-02
  1.000  0.500
  -0.1964D+02   0.0000D+00  -0.3390D+02   0.0000D+00   0.0000D+00   0.0000D+00  -0.3705D+02   0.0000D+00  -0.1964D+02   0.0000D+00  -0.3390D+02   0.0000D+00
   0.3063D+00   0.0000D+00   0.5793D-01   0.0000D+00   0.6212D-01   0.0000D+00   0.1420D+00   0.0000D+00   0.3156D-01   0.0000D+00   0.0000D+00   0.0000D+00   0.3063D+00   0.0000D+00   0.5793D-01   0.0000D+00   0.6212D-01   0.0000D+00
   0.0000D+00   0.0000D+00   0.0000D+00   0.0000D+00   0.0000D+00   0.0000D+00   0.0000D+00   0.0000D+00
  -0.1215D+02   0.6604D+01  -0.2430D+02   0.4013D+01   0.3052D+01  -0.4893D+01  -0.2979D+02  -0.4808D+00  -0.1215D+02   0.6604D+01  -0.2430D+02   0.4013D+01
   0.7244D+00  -0.1027D-01   0.1331D+00  -0.4684D-02   0.1184D+00  -0.3705D-01   0.2861D+00   0.0000D+00   0.7720D-01   0.5093D-02   0.8712D-02   0.1667D-01   0.7244D+00  -0.1027D-01   0.1331D+00  -0.4684D-02   0.1184D+00  -0.3705D-01
  -0.2211D-03  -0.4005D-02  -0.2394D-02  -0.8610D-02  -0.2211D-03  -0.4005D-02  -0.2394D-02  -0.8610D-02
  1.000  1.000
  -0.1749D+02   0.0000D+00  -0.3019D+02   0.0000D+00   0.0000D+00   0.0000D+00  -0.3299D+02   0.0000D+00  -0.1749D+02   0.0000D+00  -0.3019D+02   0.0000D+00
   0.3063D+00   0.0000D+00   0.5793D-01   0.0000D+00   0.6212D-01   0.0000D+00   0.1420D+00   0.0000D+00   0.3156D-01   0.0000D+00   0.0000D+00   0.0000D+00   0.3063D+00   0.0000D+00   0.5793D-01   0.0000D+00   0.6212D-01   0.0000D+00
   0.0000D+00   0.0000D+00   0.0000D+00   0.0000D+00   0.0000D+00   0.0000D+00   0.0000D+00   0.0000D+00
  -0.1336D+02   0.5236D+01  -0.2572D+02   0.3182D+01   0.2418D+01  -0.3879D+01  -0.3068D+02  -0.3812D+00  -0.1336D+02   0.5236D+01  -0.2572D+02   0.3182D+01
   0.6550D+00  -0.9141D-02   0.1209D+00  -0.4171D-02   0.1049D+00  -0.3299D-01   0.2654D+00   0.0000D+00   0.7068D-01   0.4535D-02   0.7623D-02   0.1484D-01   0.6550D+00  -0.9141D-02   0.1209D+00  -0.4171D-02   0.1049D+00  -0.3299D-01
  -0.1968D-03  -0.3566D-02  -0.2132D-02  -0.7667D-02  -0.1968D-03  -0.3566D-02  -0.2132D-02  -0.7667D-02
  1.000  2.000
  -0.1577D+02   0.0000D+00  -0.2721D+02   0.0000D+00   0.0000D+00   0.0000D+00  -0.2974D+02   0.0000D+00  -0.1577D+02   0.0000D+00  -0.2721D+02   0.0000D+00
   0.3063D+00   0.0000D+00   0.5793D-01   0.0000D+00   0.6212D-01   0.0000D+00   0.1420D+00   0.0000D+00   0.3156D-01   0.0000D+00   0.0000D+00   0.0000D+00   0.3063D+00   0.0000D+00   0.5793D-01   0.0000D+00   0.6212D-01   0.0000D+00
   0.0000D+00   0.0000D+00   0.0000D+00   0.0000D+00   0.0000D+00   0.0000D+00   0.0000D+00   0.0000D+00
  -0.1389D+02   0.4256D+01  -0.2616D+02   0.2586D+01   0.1964D+01  -0.3153D+01  -0.3068D+02  -0.3098D+00  -0.1389D+02   0.4256D+01  -0.2616D+02   0.2586D+01
   0.6111D+00  -0.8242D-02   0.1132D+00  -0.3761D-02   0.9762D-01  -0.2975D-01   0.2515D+00   0.0000D+00   0.6626D-01   0.4089D-02   0.6847D-02   0.1338D-01   0.6111D+00  -0.8242D-02   0.1132D+00  -0.3761D-02   0.9762D-01  -0.2975D-01
  -0.1773D-03  -0.3215D-02  -0.1922D-02  -0.6912D-02  -0.1773D-03  -0.3215D-02  -0.1922D-02  -0.6912D-02
  2.000  0.500
  -0.2058D+02   0.0000D+00  -0.3682D+02   0.0000D+00   0.0000D+00   0.0000D+00  -0.3875D+02   0.0000D+00  -0.2058D+02   0.0000D+00  -0.3682D+02   0.0000D+00
   0.3284D+00   0.0000D+00   0.6285D-01   0.0000D+00   0.6469D-01   0.0000D+00   0.1516D+00   0.0000D+00   0.3369D-01   0.0000D+00   0.0000D+00   0.0000D+00   0.3284D+00   0.0000D+00   0.6285D-01   0.0000D+00   0.6469D-01   0.0000D+00
   0.0000D+00   0.0000D+00   0.0000D+00   0.0000D+00   0.0000D+00   0.0000D+00   0.0000D+00   0.0000D+00
  -0.1151D+02   0.6961D+01  -0.2490D+02   0.4213D+01   0.3502D+01  -0.5212D+01  -0.2927D+02  -0.4849D+00  -0.1151D+02   0.6961D+01  -0.2490D+02   0.4213D+01
   0.6239D+00  -0.1048D-01   0.1183D+00  -0.5017D-02   0.8951D-01  -0.4087D-01   0.2668D+00   0.0000D+00   0.6995D-01   0.5423D-02   0.7726D-02   0.1775D-01   0.6239D+00  -0.1048D-01   0.1183D+00  -0.5017D-02   0.8951D-01  -0.4087D-01
  -0.2485D-03  -0.4534D-02  -0.2611D-02  -0.9112D-02  -0.2485D-03  -0.4534D-02  -0.2611D-02  -0.9112D-02
  2.000  1.000
  -0.1832D+02   0.0000D+00  -0.3278D+02   0.0000D+00   0.0000D+00   0.0000D+00  -0.3450D+02   0.0000D+00  -0.1832D+02   0.0000D+00  -0.3278D+02   0.0000D+00
   0.3284D+00   0.0000D+00   0.6285D-01   0.0000D+00   0.6469D-01   0.0000D+00   0.1516D+00   0.0000D+00   0.3369D-01   0.0000D+00   0.0000D+00   0.0000D+00   0.3284D+00   0.0000D+00   0.6285D-01   0.0000D+00   0.6469D-01   0.0000D+00
   0.0000D+00   0.0000D+00   0.0000D+00   0.0000D+00   0.0000D+00   0.0000D+00   0.0000D+00   0.0000D+00
  -0.1345D+02   0.5519D+01  -0.2723D+02   0.3340D+01   0.2763D+01  -0.4132D+01  -0.3103D+02  -0.3844D+00  -0.1345D+02   0.5519D+01  -0.2723D+02   0.3340D+01
   0.7492D+00  -0.9335D-02   0.1398D+00  -0.4467D-02   0.1308D+00  -0.3640D-01   0.2947D+00   0.0000D+00   0.7788D-01   0.4829D-02   0.8538D-02   0.1580D-01   0.7492D+00  -0.9335D-02   0.1398D+00  -0.4467D-02   0.1308D+00  -0.3640D-01
  -0.2211D-03  -0.4038D-02  -0.2325D-02  -0.8114D-02  -0.2211D-03  -0.4038D-02  -0.2325D-02  -0.8114D-02
  2.000  2.000
  -0.1652D+02   0.0000D+00  -0.2956D+02   0.0000D+00   0.0000D+00   0.0000D+00  -0.3110D+02   0.0000D+00  -0.1652D+02   0.0000D+00  -0.2956D+02   0.0000D+00
   0.3284D+00   0.0000D+00   0.6285D-01   0.0000D+00   0.6469D-01   0.0000D+00   0.1516D+00   0.0000D+00   0.3369D-01   0.0000D+00   0.0000D+00   0.0000D+00   0.3284D+00   0.0000D+00   0.6285D-01   0.0000D+00   0.6469D-01   0.0000D+00
   0.0000D+00   0.0000D+00   0.0000D+00   0.0000D+00   0.0000D+00   0.0000D+00   0.0000D+00   0.0000D+00
  -0.1394D+02   0.4485D+01  -0.2763D+02   0.2715D+01   0.2249D+01  -0.3359D+01  -0.3104D+02  -0.3125D+00  -0.1394D+02   0.4485D+01  -0.2763D+02   0.2715D+01
   0.6259D+00  -0.8417D-02   0.1179D+00  -0.4028D-02   0.1014D+00  -0.3282D-01   0.2597D+00   0.0000D+00   0.6738D-01   0.4354D-02   0.6846D-02   0.1425D-01   0.6259D+00  -0.8417D-02   0.1179D+00  -0.4028D-02   0.1014D+00  -0.3282D-01
  -0.1993D-03  -0.3641D-02  -0.2096D-02  -0.7316D-02  -0.1993D-03  -0.3641D-02  -0.2096D-02  -0.7316D-02
