 LHC=           1 sqrts=   8000.0000000000000      ang=           4 mode=fital                                                                                               scalescheme=           1 R=  0.69999999999999996     
 CT10nlo_rand5678                                                                                             495
 Bin information: chid, chiu, md, mu, mu0
   0.0000000000000000       0.50000000000000000        153.00000000000000        174.00000000000000        163.50000000000000     
 9 scales(muf, mur)*(LO(38), NLO(38))
  0.500  0.500
  -0.6269D+01   0.0000D+00  -0.9150D+01   0.0000D+00   0.0000D+00   0.0000D+00  -0.9429D+01   0.0000D+00  -0.6269D+01   0.0000D+00  -0.9150D+01   0.0000D+00
   0.5624D+00   0.0000D+00   0.1031D+00   0.0000D+00   0.1296D+00   0.0000D+00   0.2397D+00   0.0000D+00   0.5326D-01   0.0000D+00   0.0000D+00   0.0000D+00   0.5624D+00   0.0000D+00   0.1031D+00   0.0000D+00   0.1296D+00   0.0000D+00
   0.0000D+00   0.0000D+00   0.0000D+00   0.0000D+00   0.0000D+00   0.0000D+00   0.0000D+00   0.0000D+00
  -0.4321D+01   0.1529D+01  -0.7604D+01   0.9158D+00   0.7468D+00  -0.1081D+01  -0.8570D+01  -0.8405D-01  -0.4321D+01   0.1529D+01  -0.7604D+01   0.9158D+00
   0.7537D+00  -0.1814D-01   0.1383D+00  -0.7705D-02   0.1189D+00  -0.6060D-01   0.3052D+00   0.0000D+00   0.7822D-01   0.7441D-02   0.1534D-02   0.2435D-01   0.7537D+00  -0.1814D-01   0.1383D+00  -0.7705D-02   0.1189D+00  -0.6060D-01
  -0.8923D-03  -0.6745D-02  -0.4252D-02  -0.1279D-01  -0.8923D-03  -0.6745D-02  -0.4252D-02  -0.1279D-01
  0.500  1.000
  -0.5669D+01   0.0000D+00  -0.8273D+01   0.0000D+00   0.0000D+00   0.0000D+00  -0.8526D+01   0.0000D+00  -0.5669D+01   0.0000D+00  -0.8273D+01   0.0000D+00
   0.5624D+00   0.0000D+00   0.1031D+00   0.0000D+00   0.1296D+00   0.0000D+00   0.2397D+00   0.0000D+00   0.5326D-01   0.0000D+00   0.0000D+00   0.0000D+00   0.5624D+00   0.0000D+00   0.1031D+00   0.0000D+00   0.1296D+00   0.0000D+00
   0.0000D+00   0.0000D+00   0.0000D+00   0.0000D+00   0.0000D+00   0.0000D+00   0.0000D+00   0.0000D+00
  -0.4601D+01   0.1250D+01  -0.7775D+01   0.7488D+00   0.6103D+00  -0.8840D+00  -0.8612D+01  -0.6872D-01  -0.4601D+01   0.1250D+01  -0.7775D+01   0.7488D+00
   0.7366D+00  -0.1640D-01   0.1352D+00  -0.6968D-02   0.1202D+00  -0.5479D-01   0.2993D+00   0.0000D+00   0.7594D-01   0.6728D-02   0.1404D-02   0.2202D-01   0.7366D+00  -0.1640D-01   0.1352D+00  -0.6968D-02   0.1202D+00  -0.5479D-01
  -0.8067D-03  -0.6099D-02  -0.3845D-02  -0.1157D-01  -0.8067D-03  -0.6099D-02  -0.3845D-02  -0.1157D-01
  0.500  2.000
  -0.5173D+01   0.0000D+00  -0.7550D+01   0.0000D+00   0.0000D+00   0.0000D+00  -0.7781D+01   0.0000D+00  -0.5173D+01   0.0000D+00  -0.7550D+01   0.0000D+00
   0.5624D+00   0.0000D+00   0.1031D+00   0.0000D+00   0.1296D+00   0.0000D+00   0.2397D+00   0.0000D+00   0.5326D-01   0.0000D+00   0.0000D+00   0.0000D+00   0.5624D+00   0.0000D+00   0.1031D+00   0.0000D+00   0.1296D+00   0.0000D+00
   0.0000D+00   0.0000D+00   0.0000D+00   0.0000D+00   0.0000D+00   0.0000D+00   0.0000D+00   0.0000D+00
  -0.4720D+01   0.1041D+01  -0.7772D+01   0.6236D+00   0.5081D+00  -0.7363D+00  -0.8509D+01  -0.5723D-01  -0.4720D+01   0.1041D+01  -0.7772D+01   0.6236D+00
   0.7224D+00  -0.1497D-01   0.1325D+00  -0.6359D-02   0.1213D+00  -0.5001D-01   0.2944D+00   0.0000D+00   0.7404D-01   0.6141D-02   0.1294D-02   0.2010D-01   0.7224D+00  -0.1497D-01   0.1325D+00  -0.6359D-02   0.1213D+00  -0.5001D-01
  -0.7362D-03  -0.5567D-02  -0.3509D-02  -0.1056D-01  -0.7362D-03  -0.5567D-02  -0.3509D-02  -0.1056D-01
  1.000  0.500
  -0.6244D+01   0.0000D+00  -0.9212D+01   0.0000D+00   0.0000D+00   0.0000D+00  -0.9516D+01   0.0000D+00  -0.6244D+01   0.0000D+00  -0.9212D+01   0.0000D+00
   0.5602D+00   0.0000D+00   0.1035D+00   0.0000D+00   0.1280D+00   0.0000D+00   0.2392D+00   0.0000D+00   0.5316D-01   0.0000D+00   0.0000D+00   0.0000D+00   0.5602D+00   0.0000D+00   0.1035D+00   0.0000D+00   0.1280D+00   0.0000D+00
   0.0000D+00   0.0000D+00   0.0000D+00   0.0000D+00   0.0000D+00   0.0000D+00   0.0000D+00   0.0000D+00
  -0.4309D+01   0.1535D+01  -0.7572D+01   0.9241D+00   0.7255D+00  -0.1090D+01  -0.8638D+01  -0.8282D-01  -0.4309D+01   0.1535D+01  -0.7572D+01   0.9241D+00
   0.7270D+00  -0.1794D-01   0.1349D+00  -0.7680D-02   0.1137D+00  -0.6021D-01   0.2990D+00   0.0000D+00   0.7616D-01   0.7457D-02   0.1459D-02   0.2440D-01   0.7270D+00  -0.1794D-01   0.1349D+00  -0.7680D-02   0.1137D+00  -0.6021D-01
  -0.8993D-03  -0.6849D-02  -0.4306D-02  -0.1294D-01  -0.8993D-03  -0.6849D-02  -0.4306D-02  -0.1294D-01
  1.000  1.000
  -0.5646D+01   0.0000D+00  -0.8329D+01   0.0000D+00   0.0000D+00   0.0000D+00  -0.8604D+01   0.0000D+00  -0.5646D+01   0.0000D+00  -0.8329D+01   0.0000D+00
   0.5602D+00   0.0000D+00   0.1035D+00   0.0000D+00   0.1280D+00   0.0000D+00   0.2392D+00   0.0000D+00   0.5316D-01   0.0000D+00   0.0000D+00   0.0000D+00   0.5602D+00   0.0000D+00   0.1035D+00   0.0000D+00   0.1280D+00   0.0000D+00
   0.0000D+00   0.0000D+00   0.0000D+00   0.0000D+00   0.0000D+00   0.0000D+00   0.0000D+00   0.0000D+00
  -0.4586D+01   0.1255D+01  -0.7759D+01   0.7555D+00   0.5929D+00  -0.8912D+00  -0.8682D+01  -0.6770D-01  -0.4586D+01   0.1255D+01  -0.7759D+01   0.7555D+00
   0.7122D+00  -0.1623D-01   0.1321D+00  -0.6945D-02   0.1154D+00  -0.5444D-01   0.2936D+00   0.0000D+00   0.7405D-01   0.6742D-02   0.1336D-02   0.2207D-01   0.7122D+00  -0.1623D-01   0.1321D+00  -0.6945D-02   0.1154D+00  -0.5444D-01
  -0.8131D-03  -0.6193D-02  -0.3893D-02  -0.1170D-01  -0.8131D-03  -0.6193D-02  -0.3893D-02  -0.1170D-01
  1.000  2.000
  -0.5152D+01   0.0000D+00  -0.7601D+01   0.0000D+00   0.0000D+00   0.0000D+00  -0.7852D+01   0.0000D+00  -0.5152D+01   0.0000D+00  -0.7601D+01   0.0000D+00
   0.5602D+00   0.0000D+00   0.1035D+00   0.0000D+00   0.1280D+00   0.0000D+00   0.2392D+00   0.0000D+00   0.5316D-01   0.0000D+00   0.0000D+00   0.0000D+00   0.5602D+00   0.0000D+00   0.1035D+00   0.0000D+00   0.1280D+00   0.0000D+00
   0.0000D+00   0.0000D+00   0.0000D+00   0.0000D+00   0.0000D+00   0.0000D+00   0.0000D+00   0.0000D+00
  -0.4704D+01   0.1045D+01  -0.7768D+01   0.6292D+00   0.4937D+00  -0.7423D+00  -0.8579D+01  -0.5639D-01  -0.4704D+01   0.1045D+01  -0.7768D+01   0.6292D+00
   0.6999D+00  -0.1481D-01   0.1298D+00  -0.6338D-02   0.1167D+00  -0.4969D-01   0.2891D+00   0.0000D+00   0.7231D-01   0.6153D-02   0.1233D-02   0.2014D-01   0.6999D+00  -0.1481D-01   0.1298D+00  -0.6338D-02   0.1167D+00  -0.4969D-01
  -0.7420D-03  -0.5652D-02  -0.3553D-02  -0.1068D-01  -0.7420D-03  -0.5652D-02  -0.3553D-02  -0.1068D-01
  2.000  0.500
  -0.6148D+01   0.0000D+00  -0.9199D+01   0.0000D+00   0.0000D+00   0.0000D+00  -0.9463D+01   0.0000D+00  -0.6148D+01   0.0000D+00  -0.9199D+01   0.0000D+00
   0.5599D+00   0.0000D+00   0.1026D+00   0.0000D+00   0.1255D+00   0.0000D+00   0.2363D+00   0.0000D+00   0.5250D-01   0.0000D+00   0.0000D+00   0.0000D+00   0.5599D+00   0.0000D+00   0.1026D+00   0.0000D+00   0.1255D+00   0.0000D+00
   0.0000D+00   0.0000D+00   0.0000D+00   0.0000D+00   0.0000D+00   0.0000D+00   0.0000D+00   0.0000D+00
  -0.4316D+01   0.1533D+01  -0.7726D+01   0.9219D+00   0.7511D+00  -0.1086D+01  -0.8684D+01  -0.8154D-01  -0.4316D+01   0.1533D+01  -0.7726D+01   0.9219D+00
   0.6848D+00  -0.1763D-01   0.1275D+00  -0.7587D-02   0.1018D+00  -0.6007D-01   0.2853D+00   0.0000D+00   0.7238D-01   0.7390D-02   0.1085D-02   0.2418D-01   0.6848D+00  -0.1763D-01   0.1275D+00  -0.7587D-02   0.1018D+00  -0.6007D-01
  -0.8989D-03  -0.6703D-02  -0.4342D-02  -0.1276D-01  -0.8989D-03  -0.6703D-02  -0.4342D-02  -0.1276D-01
  2.000  1.000
  -0.5559D+01   0.0000D+00  -0.8318D+01   0.0000D+00   0.0000D+00   0.0000D+00  -0.8557D+01   0.0000D+00  -0.5559D+01   0.0000D+00  -0.8318D+01   0.0000D+00
   0.5599D+00   0.0000D+00   0.1026D+00   0.0000D+00   0.1255D+00   0.0000D+00   0.2363D+00   0.0000D+00   0.5250D-01   0.0000D+00   0.0000D+00   0.0000D+00   0.5599D+00   0.0000D+00   0.1026D+00   0.0000D+00   0.1255D+00   0.0000D+00
   0.0000D+00   0.0000D+00   0.0000D+00   0.0000D+00   0.0000D+00   0.0000D+00   0.0000D+00   0.0000D+00
  -0.4608D+01   0.1253D+01  -0.7917D+01   0.7538D+00   0.6142D+00  -0.8883D+00  -0.8737D+01  -0.6666D-01  -0.4608D+01   0.1253D+01  -0.7917D+01   0.7538D+00
   0.7015D+00  -0.1595D-01   0.1298D+00  -0.6861D-02   0.1118D+00  -0.5432D-01   0.2869D+00   0.0000D+00   0.7232D-01   0.6682D-02   0.1118D-02   0.2187D-01   0.7015D+00  -0.1595D-01   0.1298D+00  -0.6861D-02   0.1118D+00  -0.5432D-01
  -0.8127D-03  -0.6061D-02  -0.3926D-02  -0.1154D-01  -0.8127D-03  -0.6061D-02  -0.3926D-02  -0.1154D-01
  2.000  2.000
  -0.5074D+01   0.0000D+00  -0.7591D+01   0.0000D+00   0.0000D+00   0.0000D+00  -0.7809D+01   0.0000D+00  -0.5074D+01   0.0000D+00  -0.7591D+01   0.0000D+00
   0.5599D+00   0.0000D+00   0.1026D+00   0.0000D+00   0.1255D+00   0.0000D+00   0.2363D+00   0.0000D+00   0.5250D-01   0.0000D+00   0.0000D+00   0.0000D+00   0.5599D+00   0.0000D+00   0.1026D+00   0.0000D+00   0.1255D+00   0.0000D+00
   0.0000D+00   0.0000D+00   0.0000D+00   0.0000D+00   0.0000D+00   0.0000D+00   0.0000D+00   0.0000D+00
  -0.4709D+01   0.1044D+01  -0.7897D+01   0.6278D+00   0.5114D+00  -0.7398D+00  -0.8618D+01  -0.5552D-01  -0.4709D+01   0.1044D+01  -0.7897D+01   0.6278D+00
   0.6901D+00  -0.1455D-01   0.1276D+00  -0.6261D-02   0.1132D+00  -0.4958D-01   0.2828D+00   0.0000D+00   0.7067D-01   0.6099D-02   0.1032D-02   0.1996D-01   0.6901D+00  -0.1455D-01   0.1276D+00  -0.6261D-02   0.1132D+00  -0.4958D-01
  -0.7416D-03  -0.5531D-02  -0.3583D-02  -0.1053D-01  -0.7416D-03  -0.5531D-02  -0.3583D-02  -0.1053D-01
