 LHC=           1 sqrts=   8000.0000000000000      ang=           4 mode=fital                                                                                               scalescheme=           1 R=  0.69999999999999996     
 CT10nlo_rand5678                                                                                             480
 Bin information: chid, chiu, md, mu, mu0
   0.0000000000000000       0.50000000000000000        2500.0000000000000        2750.0000000000000        2625.0000000000000     
 9 scales(muf, mur)*(LO(38), NLO(38))
  0.500  0.500
  -0.9199D-04   0.0000D+00  -0.4490D-04   0.0000D+00   0.0000D+00   0.0000D+00  -0.1925D-04   0.0000D+00  -0.9199D-04   0.0000D+00  -0.4490D-04   0.0000D+00
   0.1087D-02   0.0000D+00   0.1440D-03   0.0000D+00   0.5858D-03   0.0000D+00   0.1325D-03   0.0000D+00   0.2944D-04   0.0000D+00   0.0000D+00   0.0000D+00   0.1087D-02   0.0000D+00   0.1440D-03   0.0000D+00   0.5858D-03   0.0000D+00
   0.0000D+00   0.0000D+00   0.0000D+00   0.0000D+00   0.0000D+00   0.0000D+00   0.0000D+00   0.0000D+00
  -0.8954D-04   0.4771D-05  -0.4333D-04   0.3124D-05   0.1104D-05  -0.1552D-05  -0.1795D-04   0.1065D-05  -0.8954D-04   0.4771D-05  -0.4333D-04   0.3124D-05
   0.8710D-03  -0.5774D-04   0.1141D-03  -0.1480D-04   0.4280D-03  -0.7609D-04   0.1161D-03   0.0000D+00   0.2854D-04   0.2902D-05  -0.3776D-05   0.9497D-05   0.8710D-03  -0.5774D-04   0.1141D-03  -0.1480D-04   0.4280D-03  -0.7609D-04
  -0.6425D-05  -0.1415D-04  -0.4497D-05  -0.8901D-05  -0.6425D-05  -0.1415D-04  -0.4497D-05  -0.8901D-05
  0.500  1.000
  -0.8568D-04   0.0000D+00  -0.4182D-04   0.0000D+00   0.0000D+00   0.0000D+00  -0.1793D-04   0.0000D+00  -0.8568D-04   0.0000D+00  -0.4182D-04   0.0000D+00
   0.1087D-02   0.0000D+00   0.1440D-03   0.0000D+00   0.5858D-03   0.0000D+00   0.1325D-03   0.0000D+00   0.2944D-04   0.0000D+00   0.0000D+00   0.0000D+00   0.1087D-02   0.0000D+00   0.1440D-03   0.0000D+00   0.5858D-03   0.0000D+00
   0.0000D+00   0.0000D+00   0.0000D+00   0.0000D+00   0.0000D+00   0.0000D+00   0.0000D+00   0.0000D+00
  -0.8925D-04   0.4138D-05  -0.4323D-04   0.2710D-05   0.9572D-06  -0.1346D-05  -0.1799D-04   0.9237D-06  -0.8925D-04   0.4138D-05  -0.4323D-04   0.2710D-05
   0.8858D-03  -0.5377D-04   0.1161D-03  -0.1378D-04   0.4389D-03  -0.7086D-04   0.1172D-03   0.0000D+00   0.2861D-04   0.2703D-05  -0.3517D-05   0.8845D-05   0.8858D-03  -0.5377D-04   0.1161D-03  -0.1378D-04   0.4389D-03  -0.7086D-04
  -0.5983D-05  -0.1318D-04  -0.4188D-05  -0.8290D-05  -0.5983D-05  -0.1318D-04  -0.4188D-05  -0.8290D-05
  0.500  2.000
  -0.8018D-04   0.0000D+00  -0.3913D-04   0.0000D+00   0.0000D+00   0.0000D+00  -0.1678D-04   0.0000D+00  -0.8018D-04   0.0000D+00  -0.3913D-04   0.0000D+00
   0.1087D-02   0.0000D+00   0.1440D-03   0.0000D+00   0.5858D-03   0.0000D+00   0.1325D-03   0.0000D+00   0.2944D-04   0.0000D+00   0.0000D+00   0.0000D+00   0.1087D-02   0.0000D+00   0.1440D-03   0.0000D+00   0.5858D-03   0.0000D+00
   0.0000D+00   0.0000D+00   0.0000D+00   0.0000D+00   0.0000D+00   0.0000D+00   0.0000D+00   0.0000D+00
  -0.8830D-04   0.3624D-05  -0.4281D-04   0.2373D-05   0.8384D-06  -0.1179D-05  -0.1788D-04   0.8090D-06  -0.8830D-04   0.3624D-05  -0.4281D-04   0.2373D-05
   0.8988D-03  -0.5032D-04   0.1179D-03  -0.1290D-04   0.4483D-03  -0.6632D-04   0.1182D-03   0.0000D+00   0.2866D-04   0.2529D-05  -0.3291D-05   0.8278D-05   0.8988D-03  -0.5032D-04   0.1179D-03  -0.1290D-04   0.4483D-03  -0.6632D-04
  -0.5599D-05  -0.1233D-04  -0.3919D-05  -0.7758D-05  -0.5599D-05  -0.1233D-04  -0.3919D-05  -0.7758D-05
  1.000  0.500
  -0.7375D-04   0.0000D+00  -0.3597D-04   0.0000D+00   0.0000D+00   0.0000D+00  -0.1547D-04   0.0000D+00  -0.7375D-04   0.0000D+00  -0.3597D-04   0.0000D+00
   0.8706D-03   0.0000D+00   0.1152D-03   0.0000D+00   0.4694D-03   0.0000D+00   0.1064D-03   0.0000D+00   0.2366D-04   0.0000D+00   0.0000D+00   0.0000D+00   0.8706D-03   0.0000D+00   0.1152D-03   0.0000D+00   0.4694D-03   0.0000D+00
   0.0000D+00   0.0000D+00   0.0000D+00   0.0000D+00   0.0000D+00   0.0000D+00   0.0000D+00   0.0000D+00
  -0.8808D-04   0.3823D-05  -0.4268D-04   0.2506D-05   0.8794D-06  -0.1247D-05  -0.1781D-04   0.8502D-06  -0.8808D-04   0.3823D-05  -0.4268D-04   0.2506D-05
   0.8905D-03  -0.4627D-04   0.1168D-03  -0.1185D-04   0.4465D-03  -0.6092D-04   0.1166D-03   0.0000D+00   0.2813D-04   0.2331D-05  -0.2969D-05   0.7630D-05   0.8905D-03  -0.4627D-04   0.1168D-03  -0.1185D-04   0.4465D-03  -0.6092D-04
  -0.5152D-05  -0.1135D-04  -0.3606D-05  -0.7140D-05  -0.5152D-05  -0.1135D-04  -0.3606D-05  -0.7140D-05
  1.000  1.000
  -0.6869D-04   0.0000D+00  -0.3350D-04   0.0000D+00   0.0000D+00   0.0000D+00  -0.1440D-04   0.0000D+00  -0.6869D-04   0.0000D+00  -0.3350D-04   0.0000D+00
   0.8706D-03   0.0000D+00   0.1152D-03   0.0000D+00   0.4694D-03   0.0000D+00   0.1064D-03   0.0000D+00   0.2366D-04   0.0000D+00   0.0000D+00   0.0000D+00   0.8706D-03   0.0000D+00   0.1152D-03   0.0000D+00   0.4694D-03   0.0000D+00
   0.0000D+00   0.0000D+00   0.0000D+00   0.0000D+00   0.0000D+00   0.0000D+00   0.0000D+00   0.0000D+00
  -0.8569D-04   0.3316D-05  -0.4155D-04   0.2173D-05   0.7628D-06  -0.1081D-05  -0.1740D-04   0.7374D-06  -0.8569D-04   0.3316D-05  -0.4155D-04   0.2173D-05
   0.8892D-03  -0.4309D-04   0.1167D-03  -0.1104D-04   0.4481D-03  -0.5674D-04   0.1159D-03   0.0000D+00   0.2782D-04   0.2171D-05  -0.2765D-05   0.7106D-05   0.8892D-03  -0.4309D-04   0.1167D-03  -0.1104D-04   0.4481D-03  -0.5674D-04
  -0.4798D-05  -0.1057D-04  -0.3358D-05  -0.6649D-05  -0.4798D-05  -0.1057D-04  -0.3358D-05  -0.6649D-05
  1.000  2.000
  -0.6428D-04   0.0000D+00  -0.3135D-04   0.0000D+00   0.0000D+00   0.0000D+00  -0.1348D-04   0.0000D+00  -0.6428D-04   0.0000D+00  -0.3135D-04   0.0000D+00
   0.8706D-03   0.0000D+00   0.1152D-03   0.0000D+00   0.4694D-03   0.0000D+00   0.1064D-03   0.0000D+00   0.2366D-04   0.0000D+00   0.0000D+00   0.0000D+00   0.8706D-03   0.0000D+00   0.1152D-03   0.0000D+00   0.4694D-03   0.0000D+00
   0.0000D+00   0.0000D+00   0.0000D+00   0.0000D+00   0.0000D+00   0.0000D+00   0.0000D+00   0.0000D+00
  -0.8318D-04   0.2904D-05  -0.4035D-04   0.1903D-05   0.6681D-06  -0.9470D-06  -0.1694D-04   0.6458D-06  -0.8318D-04   0.2904D-05  -0.4035D-04   0.1903D-05
   0.8880D-03  -0.4033D-04   0.1166D-03  -0.1033D-04   0.4495D-03  -0.5310D-04   0.1153D-03   0.0000D+00   0.2756D-04   0.2032D-05  -0.2588D-05   0.6650D-05   0.8880D-03  -0.4033D-04   0.1166D-03  -0.1033D-04   0.4495D-03  -0.5310D-04
  -0.4490D-05  -0.9893D-05  -0.3142D-05  -0.6223D-05  -0.4490D-05  -0.9893D-05  -0.3142D-05  -0.6223D-05
  2.000  0.500
  -0.6000D-04   0.0000D+00  -0.2922D-04   0.0000D+00   0.0000D+00   0.0000D+00  -0.1261D-04   0.0000D+00  -0.6000D-04   0.0000D+00  -0.2922D-04   0.0000D+00
   0.7070D-03   0.0000D+00   0.9358D-04   0.0000D+00   0.3815D-03   0.0000D+00   0.8678D-04   0.0000D+00   0.1928D-04   0.0000D+00   0.0000D+00   0.0000D+00   0.7070D-03   0.0000D+00   0.9358D-04   0.0000D+00   0.3815D-03   0.0000D+00
   0.0000D+00   0.0000D+00   0.0000D+00   0.0000D+00   0.0000D+00   0.0000D+00   0.0000D+00   0.0000D+00
  -0.8504D-04   0.3108D-05  -0.4120D-04   0.2038D-05   0.7081D-06  -0.1016D-05  -0.1729D-04   0.6889D-06  -0.8504D-04   0.3108D-05  -0.4120D-04   0.2038D-05
   0.8814D-03  -0.3761D-04   0.1159D-03  -0.9631D-05   0.4482D-03  -0.4948D-04   0.1141D-03   0.0000D+00   0.2720D-04   0.1901D-05  -0.2384D-05   0.6220D-05   0.8814D-03  -0.3761D-04   0.1159D-03  -0.9631D-05   0.4482D-03  -0.4948D-04
  -0.4192D-05  -0.9241D-05  -0.2934D-05  -0.5803D-05  -0.4192D-05  -0.9241D-05  -0.2934D-05  -0.5803D-05
  2.000  1.000
  -0.5588D-04   0.0000D+00  -0.2722D-04   0.0000D+00   0.0000D+00   0.0000D+00  -0.1174D-04   0.0000D+00  -0.5588D-04   0.0000D+00  -0.2722D-04   0.0000D+00
   0.7070D-03   0.0000D+00   0.9358D-04   0.0000D+00   0.3815D-03   0.0000D+00   0.8678D-04   0.0000D+00   0.1928D-04   0.0000D+00   0.0000D+00   0.0000D+00   0.7070D-03   0.0000D+00   0.9358D-04   0.0000D+00   0.3815D-03   0.0000D+00
   0.0000D+00   0.0000D+00   0.0000D+00   0.0000D+00   0.0000D+00   0.0000D+00   0.0000D+00   0.0000D+00
  -0.8132D-04   0.2695D-05  -0.3942D-04   0.1768D-05   0.6142D-06  -0.8815D-06  -0.1659D-04   0.5975D-06  -0.8132D-04   0.2695D-05  -0.3942D-04   0.1768D-05
   0.8695D-03  -0.3502D-04   0.1143D-03  -0.8970D-05   0.4437D-03  -0.4608D-04   0.1122D-03   0.0000D+00   0.2666D-04   0.1770D-05  -0.2220D-05   0.5793D-05   0.8695D-03  -0.3502D-04   0.1143D-03  -0.8970D-05   0.4437D-03  -0.4608D-04
  -0.3904D-05  -0.8606D-05  -0.2733D-05  -0.5404D-05  -0.3904D-05  -0.8606D-05  -0.2733D-05  -0.5404D-05
  2.000  2.000
  -0.5229D-04   0.0000D+00  -0.2547D-04   0.0000D+00   0.0000D+00   0.0000D+00  -0.1099D-04   0.0000D+00  -0.5229D-04   0.0000D+00  -0.2547D-04   0.0000D+00
   0.7070D-03   0.0000D+00   0.9358D-04   0.0000D+00   0.3815D-03   0.0000D+00   0.8678D-04   0.0000D+00   0.1928D-04   0.0000D+00   0.0000D+00   0.0000D+00   0.7070D-03   0.0000D+00   0.9358D-04   0.0000D+00   0.3815D-03   0.0000D+00
   0.0000D+00   0.0000D+00   0.0000D+00   0.0000D+00   0.0000D+00   0.0000D+00   0.0000D+00   0.0000D+00
  -0.7783D-04   0.2360D-05  -0.3774D-04   0.1548D-05   0.5380D-06  -0.7721D-06  -0.1592D-04   0.5233D-06  -0.7783D-04   0.2360D-05  -0.3774D-04   0.1548D-05
   0.8591D-03  -0.3278D-04   0.1130D-03  -0.8394D-05   0.4397D-03  -0.4312D-04   0.1106D-03   0.0000D+00   0.2619D-04   0.1657D-05  -0.2078D-05   0.5421D-05   0.8591D-03  -0.3278D-04   0.1130D-03  -0.8394D-05   0.4397D-03  -0.4312D-04
  -0.3653D-05  -0.8054D-05  -0.2557D-05  -0.5057D-05  -0.3653D-05  -0.8054D-05  -0.2557D-05  -0.5057D-05
