 LHC=           1 sqrts=   8000.0000000000000      ang=           4 mode=fital                                                                                               scalescheme=           1 R=  0.69999999999999996     
 CT10nlo_rand5678                                                                                             388
 Bin information: chid, chiu, md, mu, mu0
   0.0000000000000000       0.50000000000000000        430.00000000000000        468.00000000000000        449.00000000000000     
 9 scales(muf, mur)*(LO(38), NLO(38))
  0.500  0.500
  -0.1084D+01   0.0000D+00  -0.1073D+01   0.0000D+00   0.0000D+00   0.0000D+00  -0.9055D+00   0.0000D+00  -0.1084D+01   0.0000D+00  -0.1073D+01   0.0000D+00
   0.6061D+00   0.0000D+00   0.1037D+00   0.0000D+00   0.1841D+00   0.0000D+00   0.1960D+00   0.0000D+00   0.4356D-01   0.0000D+00   0.0000D+00   0.0000D+00   0.6061D+00   0.0000D+00   0.1037D+00   0.0000D+00   0.1841D+00   0.0000D+00
   0.0000D+00   0.0000D+00   0.0000D+00   0.0000D+00   0.0000D+00   0.0000D+00   0.0000D+00   0.0000D+00
  -0.8069D+00   0.1508D+00  -0.9245D+00   0.9024D-01   0.9246D-01  -0.8985D-01  -0.8354D+00   0.4681D-02  -0.8069D+00   0.1508D+00  -0.9245D+00   0.9024D-01
   0.5459D+00  -0.2233D-01   0.9600D-01  -0.7886D-02   0.1089D+00  -0.5541D-01   0.1844D+00   0.0000D+00   0.4602D-01   0.5285D-02  -0.2741D-02   0.1730D-01   0.5459D+00  -0.2233D-01   0.9600D-01  -0.7886D-02   0.1089D+00  -0.5541D-01
  -0.1841D-02  -0.7042D-02  -0.4081D-02  -0.1020D-01  -0.1841D-02  -0.7042D-02  -0.4081D-02  -0.1020D-01
  0.500  1.000
  -0.9933D+00   0.0000D+00  -0.9836D+00   0.0000D+00   0.0000D+00   0.0000D+00  -0.8297D+00   0.0000D+00  -0.9933D+00   0.0000D+00  -0.9836D+00   0.0000D+00
   0.6061D+00   0.0000D+00   0.1037D+00   0.0000D+00   0.1841D+00   0.0000D+00   0.1960D+00   0.0000D+00   0.4356D-01   0.0000D+00   0.0000D+00   0.0000D+00   0.6061D+00   0.0000D+00   0.1037D+00   0.0000D+00   0.1841D+00   0.0000D+00
   0.0000D+00   0.0000D+00   0.0000D+00   0.0000D+00   0.0000D+00   0.0000D+00   0.0000D+00   0.0000D+00
  -0.8410D+00   0.1266D+00  -0.9381D+00   0.7575D-01   0.7761D-01  -0.7543D-01  -0.8379D+00   0.3930D-02  -0.8410D+00   0.1266D+00  -0.9381D+00   0.7575D-01
   0.5511D+00  -0.2046D-01   0.9669D-01  -0.7225D-02   0.1153D+00  -0.5077D-01   0.1854D+00   0.0000D+00   0.4583D-01   0.4842D-02  -0.2511D-02   0.1585D-01   0.5511D+00  -0.2046D-01   0.9669D-01  -0.7225D-02   0.1153D+00  -0.5077D-01
  -0.1687D-02  -0.6452D-02  -0.3739D-02  -0.9342D-02  -0.1687D-02  -0.6452D-02  -0.3739D-02  -0.9342D-02
  0.500  2.000
  -0.9167D+00   0.0000D+00  -0.9078D+00   0.0000D+00   0.0000D+00   0.0000D+00  -0.7657D+00   0.0000D+00  -0.9167D+00   0.0000D+00  -0.9078D+00   0.0000D+00
   0.6061D+00   0.0000D+00   0.1037D+00   0.0000D+00   0.1841D+00   0.0000D+00   0.1960D+00   0.0000D+00   0.4356D-01   0.0000D+00   0.0000D+00   0.0000D+00   0.6061D+00   0.0000D+00   0.1037D+00   0.0000D+00   0.1841D+00   0.0000D+00
   0.0000D+00   0.0000D+00   0.0000D+00   0.0000D+00   0.0000D+00   0.0000D+00   0.0000D+00   0.0000D+00
  -0.8554D+00   0.1079D+00  -0.9368D+00   0.6453D-01   0.6611D-01  -0.6425D-01  -0.8299D+00   0.3348D-02  -0.8554D+00   0.1079D+00  -0.9368D+00   0.6453D-01
   0.5556D+00  -0.1888D-01   0.9726D-01  -0.6668D-02   0.1206D+00  -0.4686D-01   0.1863D+00   0.0000D+00   0.4566D-01   0.4469D-02  -0.2317D-02   0.1463D-01   0.5556D+00  -0.1888D-01   0.9726D-01  -0.6668D-02   0.1206D+00  -0.4686D-01
  -0.1557D-02  -0.5955D-02  -0.3451D-02  -0.8622D-02  -0.1557D-02  -0.5955D-02  -0.3451D-02  -0.8622D-02
  1.000  0.500
  -0.1021D+01   0.0000D+00  -0.1012D+01   0.0000D+00   0.0000D+00   0.0000D+00  -0.8479D+00   0.0000D+00  -0.1021D+01   0.0000D+00  -0.1012D+01   0.0000D+00
   0.5668D+00   0.0000D+00   0.9730D-01   0.0000D+00   0.1727D+00   0.0000D+00   0.1830D+00   0.0000D+00   0.4066D-01   0.0000D+00   0.0000D+00   0.0000D+00   0.5668D+00   0.0000D+00   0.9730D-01   0.0000D+00   0.1727D+00   0.0000D+00
   0.0000D+00   0.0000D+00   0.0000D+00   0.0000D+00   0.0000D+00   0.0000D+00   0.0000D+00   0.0000D+00
  -0.8256D+00   0.1421D+00  -0.9310D+00   0.8450D-01   0.8650D-01  -0.8420D-01  -0.8360D+00   0.4606D-02  -0.8256D+00   0.1421D+00  -0.9310D+00   0.8450D-01
   0.5403D+00  -0.2094D-01   0.9496D-01  -0.7405D-02   0.1121D+00  -0.5196D-01   0.1837D+00   0.0000D+00   0.4552D-01   0.4933D-02  -0.2570D-02   0.1614D-01   0.5403D+00  -0.2094D-01   0.9496D-01  -0.7405D-02   0.1121D+00  -0.5196D-01
  -0.1738D-02  -0.6662D-02  -0.3843D-02  -0.9525D-02  -0.1738D-02  -0.6662D-02  -0.3843D-02  -0.9525D-02
  1.000  1.000
  -0.9353D+00   0.0000D+00  -0.9276D+00   0.0000D+00   0.0000D+00   0.0000D+00  -0.7769D+00   0.0000D+00  -0.9353D+00   0.0000D+00  -0.9276D+00   0.0000D+00
   0.5668D+00   0.0000D+00   0.9730D-01   0.0000D+00   0.1727D+00   0.0000D+00   0.1830D+00   0.0000D+00   0.4066D-01   0.0000D+00   0.0000D+00   0.0000D+00   0.5668D+00   0.0000D+00   0.9730D-01   0.0000D+00   0.1727D+00   0.0000D+00
   0.0000D+00   0.0000D+00   0.0000D+00   0.0000D+00   0.0000D+00   0.0000D+00   0.0000D+00   0.0000D+00
  -0.8471D+00   0.1193D+00  -0.9344D+00   0.7093D-01   0.7261D-01  -0.7068D-01  -0.8297D+00   0.3867D-02  -0.8471D+00   0.1193D+00  -0.9344D+00   0.7093D-01
   0.5428D+00  -0.1919D-01   0.9519D-01  -0.6785D-02   0.1172D+00  -0.4761D-01   0.1837D+00   0.0000D+00   0.4513D-01   0.4520D-02  -0.2355D-02   0.1479D-01   0.5428D+00  -0.1919D-01   0.9519D-01  -0.6785D-02   0.1172D+00  -0.4761D-01
  -0.1592D-02  -0.6104D-02  -0.3521D-02  -0.8727D-02  -0.1592D-02  -0.6104D-02  -0.3521D-02  -0.8727D-02
  1.000  2.000
  -0.8632D+00   0.0000D+00  -0.8561D+00   0.0000D+00   0.0000D+00   0.0000D+00  -0.7170D+00   0.0000D+00  -0.8632D+00   0.0000D+00  -0.8561D+00   0.0000D+00
   0.5668D+00   0.0000D+00   0.9730D-01   0.0000D+00   0.1727D+00   0.0000D+00   0.1830D+00   0.0000D+00   0.4066D-01   0.0000D+00   0.0000D+00   0.0000D+00   0.5668D+00   0.0000D+00   0.9730D-01   0.0000D+00   0.1727D+00   0.0000D+00
   0.0000D+00   0.0000D+00   0.0000D+00   0.0000D+00   0.0000D+00   0.0000D+00   0.0000D+00   0.0000D+00
  -0.8525D+00   0.1016D+00  -0.9258D+00   0.6042D-01   0.6185D-01  -0.6021D-01  -0.8155D+00   0.3294D-02  -0.8525D+00   0.1016D+00  -0.9258D+00   0.6042D-01
   0.5448D+00  -0.1771D-01   0.9538D-01  -0.6262D-02   0.1215D+00  -0.4394D-01   0.1837D+00   0.0000D+00   0.4479D-01   0.4171D-02  -0.2173D-02   0.1365D-01   0.5448D+00  -0.1771D-01   0.9538D-01  -0.6262D-02   0.1215D+00  -0.4394D-01
  -0.1470D-02  -0.5634D-02  -0.3249D-02  -0.8055D-02  -0.1470D-02  -0.5634D-02  -0.3249D-02  -0.8055D-02
  2.000  0.500
  -0.9604D+00   0.0000D+00  -0.9560D+00   0.0000D+00   0.0000D+00   0.0000D+00  -0.7971D+00   0.0000D+00  -0.9604D+00   0.0000D+00  -0.9560D+00   0.0000D+00
   0.5332D+00   0.0000D+00   0.9158D-01   0.0000D+00   0.1627D+00   0.0000D+00   0.1716D+00   0.0000D+00   0.3813D-01   0.0000D+00   0.0000D+00   0.0000D+00   0.5332D+00   0.0000D+00   0.9158D-01   0.0000D+00   0.1627D+00   0.0000D+00
   0.0000D+00   0.0000D+00   0.0000D+00   0.0000D+00   0.0000D+00   0.0000D+00   0.0000D+00   0.0000D+00
  -0.8351D+00   0.1346D+00  -0.9446D+00   0.7981D-01   0.8294D-01  -0.7913D-01  -0.8392D+00   0.4531D-02  -0.8351D+00   0.1346D+00  -0.9446D+00   0.7981D-01
   0.5412D+00  -0.1972D-01   0.9525D-01  -0.6947D-02   0.1146D+00  -0.4869D-01   0.1829D+00   0.0000D+00   0.4525D-01   0.4624D-02  -0.2353D-02   0.1513D-01   0.5412D+00  -0.1972D-01   0.9525D-01  -0.6947D-02   0.1146D+00  -0.4869D-01
  -0.1648D-02  -0.6198D-02  -0.3627D-02  -0.8966D-02  -0.1648D-02  -0.6198D-02  -0.3627D-02  -0.8966D-02
  2.000  1.000
  -0.8800D+00   0.0000D+00  -0.8759D+00   0.0000D+00   0.0000D+00   0.0000D+00  -0.7303D+00   0.0000D+00  -0.8800D+00   0.0000D+00  -0.8759D+00   0.0000D+00
   0.5332D+00   0.0000D+00   0.9158D-01   0.0000D+00   0.1627D+00   0.0000D+00   0.1716D+00   0.0000D+00   0.3813D-01   0.0000D+00   0.0000D+00   0.0000D+00   0.5332D+00   0.0000D+00   0.9158D-01   0.0000D+00   0.1627D+00   0.0000D+00
   0.0000D+00   0.0000D+00   0.0000D+00   0.0000D+00   0.0000D+00   0.0000D+00   0.0000D+00   0.0000D+00
  -0.8459D+00   0.1130D+00  -0.9373D+00   0.6700D-01   0.6962D-01  -0.6642D-01  -0.8248D+00   0.3804D-02  -0.8459D+00   0.1130D+00  -0.9373D+00   0.6700D-01
   0.5407D+00  -0.1807D-01   0.9498D-01  -0.6366D-02   0.1187D+00  -0.4461D-01   0.1820D+00   0.0000D+00   0.4467D-01   0.4237D-02  -0.2155D-02   0.1387D-01   0.5407D+00  -0.1807D-01   0.9498D-01  -0.6366D-02   0.1187D+00  -0.4461D-01
  -0.1510D-02  -0.5679D-02  -0.3323D-02  -0.8215D-02  -0.1510D-02  -0.5679D-02  -0.3323D-02  -0.8215D-02
  2.000  2.000
  -0.8122D+00   0.0000D+00  -0.8084D+00   0.0000D+00   0.0000D+00   0.0000D+00  -0.6740D+00   0.0000D+00  -0.8122D+00   0.0000D+00  -0.8084D+00   0.0000D+00
   0.5332D+00   0.0000D+00   0.9158D-01   0.0000D+00   0.1627D+00   0.0000D+00   0.1716D+00   0.0000D+00   0.3813D-01   0.0000D+00   0.0000D+00   0.0000D+00   0.5332D+00   0.0000D+00   0.9158D-01   0.0000D+00   0.1627D+00   0.0000D+00
   0.0000D+00   0.0000D+00   0.0000D+00   0.0000D+00   0.0000D+00   0.0000D+00   0.0000D+00   0.0000D+00
  -0.8438D+00   0.9623D-01  -0.9210D+00   0.5707D-01   0.5930D-01  -0.5658D-01  -0.8048D+00   0.3241D-02  -0.8438D+00   0.9623D-01  -0.9210D+00   0.5707D-01
   0.5403D+00  -0.1668D-01   0.9474D-01  -0.5875D-02   0.1221D+00  -0.4117D-01   0.1812D+00   0.0000D+00   0.4417D-01   0.3910D-02  -0.1989D-02   0.1280D-01   0.5403D+00  -0.1668D-01   0.9474D-01  -0.5875D-02   0.1221D+00  -0.4117D-01
  -0.1394D-02  -0.5241D-02  -0.3067D-02  -0.7582D-02  -0.1394D-02  -0.5241D-02  -0.3067D-02  -0.7582D-02
