 LHC=           1 sqrts=   8000.0000000000000      ang=           4 mode=fital                                                                                               scalescheme=           1 R=  0.69999999999999996     
 CT10nlo_rand5678                                                                                             388
 Bin information: chid, chiu, md, mu, mu0
   0.0000000000000000       0.50000000000000000        1588.0000000000000        1784.0000000000000        1686.0000000000000     
 9 scales(muf, mur)*(LO(38), NLO(38))
  0.500  0.500
  -0.1876D-01   0.0000D+00  -0.1166D-01   0.0000D+00   0.0000D+00   0.0000D+00  -0.4649D-02   0.0000D+00  -0.1876D-01   0.0000D+00  -0.1166D-01   0.0000D+00
   0.1028D+00   0.0000D+00   0.1493D-01   0.0000D+00   0.4751D-01   0.0000D+00   0.1241D-01   0.0000D+00   0.2757D-02   0.0000D+00   0.0000D+00   0.0000D+00   0.1028D+00   0.0000D+00   0.1493D-01   0.0000D+00   0.4751D-01   0.0000D+00
   0.0000D+00   0.0000D+00   0.0000D+00   0.0000D+00   0.0000D+00   0.0000D+00   0.0000D+00   0.0000D+00
  -0.1623D-01   0.1293D-02  -0.1048D-01   0.7395D-03   0.4954D-03  -0.3933D-03  -0.4015D-02   0.3080D-03  -0.1623D-01   0.1293D-02  -0.1048D-01   0.7395D-03
   0.7606D-01  -0.4912D-02   0.1126D-01  -0.1360D-02   0.2884D-01  -0.7690D-02   0.1028D-01   0.0000D+00   0.2535D-02   0.2851D-03  -0.7381D-03   0.9329D-03   0.7606D-01  -0.4912D-02   0.1126D-01  -0.1360D-02   0.2884D-01  -0.7690D-02
  -0.5333D-03  -0.1221D-02  -0.4674D-03  -0.9436D-03  -0.5333D-03  -0.1221D-02  -0.4674D-03  -0.9436D-03
  0.500  1.000
  -0.1741D-01   0.0000D+00  -0.1082D-01   0.0000D+00   0.0000D+00   0.0000D+00  -0.4315D-02   0.0000D+00  -0.1741D-01   0.0000D+00  -0.1082D-01   0.0000D+00
   0.1028D+00   0.0000D+00   0.1493D-01   0.0000D+00   0.4751D-01   0.0000D+00   0.1241D-01   0.0000D+00   0.2757D-02   0.0000D+00   0.0000D+00   0.0000D+00   0.1028D+00   0.0000D+00   0.1493D-01   0.0000D+00   0.4751D-01   0.0000D+00
   0.0000D+00   0.0000D+00   0.0000D+00   0.0000D+00   0.0000D+00   0.0000D+00   0.0000D+00   0.0000D+00
  -0.1644D-01   0.1114D-02  -0.1056D-01   0.6369D-03   0.4268D-03  -0.3388D-03  -0.4069D-02   0.2652D-03  -0.1644D-01   0.1114D-02  -0.1056D-01   0.6369D-03
   0.7798D-01  -0.4558D-02   0.1152D-01  -0.1262D-02   0.3018D-01  -0.7137D-02   0.1043D-01   0.0000D+00   0.2551D-02   0.2646D-03  -0.6851D-03   0.8658D-03   0.7798D-01  -0.4558D-02   0.1152D-01  -0.1262D-02   0.3018D-01  -0.7137D-02
  -0.4950D-03  -0.1133D-02  -0.4337D-03  -0.8757D-03  -0.4950D-03  -0.1133D-02  -0.4337D-03  -0.8757D-03
  0.500  2.000
  -0.1624D-01   0.0000D+00  -0.1010D-01   0.0000D+00   0.0000D+00   0.0000D+00  -0.4026D-02   0.0000D+00  -0.1624D-01   0.0000D+00  -0.1010D-01   0.0000D+00
   0.1028D+00   0.0000D+00   0.1493D-01   0.0000D+00   0.4751D-01   0.0000D+00   0.1241D-01   0.0000D+00   0.2757D-02   0.0000D+00   0.0000D+00   0.0000D+00   0.1028D+00   0.0000D+00   0.1493D-01   0.0000D+00   0.4751D-01   0.0000D+00
   0.0000D+00   0.0000D+00   0.0000D+00   0.0000D+00   0.0000D+00   0.0000D+00   0.0000D+00   0.0000D+00
  -0.1646D-01   0.9698D-03  -0.1052D-01   0.5545D-03   0.3716D-03  -0.2949D-03  -0.4074D-02   0.2309D-03  -0.1646D-01   0.9698D-03  -0.1052D-01   0.5545D-03
   0.7965D-01  -0.4253D-02   0.1175D-01  -0.1178D-02   0.3135D-01  -0.6659D-02   0.1057D-01   0.0000D+00   0.2565D-02   0.2468D-03  -0.6392D-03   0.8078D-03   0.7965D-01  -0.4253D-02   0.1175D-01  -0.1178D-02   0.3135D-01  -0.6659D-02
  -0.4618D-03  -0.1057D-02  -0.4047D-03  -0.8171D-03  -0.4618D-03  -0.1057D-02  -0.4047D-03  -0.8171D-03
  1.000  0.500
  -0.1603D-01   0.0000D+00  -0.9930D-02   0.0000D+00   0.0000D+00   0.0000D+00  -0.3951D-02   0.0000D+00  -0.1603D-01   0.0000D+00  -0.9930D-02   0.0000D+00
   0.8760D-01   0.0000D+00   0.1271D-01   0.0000D+00   0.4056D-01   0.0000D+00   0.1054D-01   0.0000D+00   0.2341D-02   0.0000D+00   0.0000D+00   0.0000D+00   0.8760D-01   0.0000D+00   0.1271D-01   0.0000D+00   0.4056D-01   0.0000D+00
   0.0000D+00   0.0000D+00   0.0000D+00   0.0000D+00   0.0000D+00   0.0000D+00   0.0000D+00   0.0000D+00
  -0.1638D-01   0.1101D-02  -0.1051D-01   0.6305D-03   0.4167D-03  -0.3340D-03  -0.4050D-02   0.2627D-03  -0.1638D-01   0.1101D-02  -0.1051D-01   0.6305D-03
   0.7879D-01  -0.4192D-02   0.1161D-01  -0.1160D-02   0.3102D-01  -0.6557D-02   0.1043D-01   0.0000D+00   0.2531D-02   0.2420D-03  -0.6314D-03   0.7922D-03   0.7879D-01  -0.4192D-02   0.1161D-01  -0.1160D-02   0.3102D-01  -0.6557D-02
  -0.4561D-03  -0.1042D-02  -0.3976D-03  -0.8027D-03  -0.4561D-03  -0.1042D-02  -0.3976D-03  -0.8027D-03
  1.000  1.000
  -0.1488D-01   0.0000D+00  -0.9215D-02   0.0000D+00   0.0000D+00   0.0000D+00  -0.3667D-02   0.0000D+00  -0.1488D-01   0.0000D+00  -0.9215D-02   0.0000D+00
   0.8760D-01   0.0000D+00   0.1271D-01   0.0000D+00   0.4056D-01   0.0000D+00   0.1054D-01   0.0000D+00   0.2341D-02   0.0000D+00   0.0000D+00   0.0000D+00   0.8760D-01   0.0000D+00   0.1271D-01   0.0000D+00   0.4056D-01   0.0000D+00
   0.0000D+00   0.0000D+00   0.0000D+00   0.0000D+00   0.0000D+00   0.0000D+00   0.0000D+00   0.0000D+00
  -0.1621D-01   0.9484D-03  -0.1035D-01   0.5431D-03   0.3589D-03  -0.2877D-03  -0.4008D-02   0.2263D-03  -0.1621D-01   0.9484D-03  -0.1035D-01   0.5431D-03
   0.7943D-01  -0.3891D-02   0.1169D-01  -0.1077D-02   0.3171D-01  -0.6086D-02   0.1044D-01   0.0000D+00   0.2517D-02   0.2246D-03  -0.5860D-03   0.7352D-03   0.7943D-01  -0.3891D-02   0.1169D-01  -0.1077D-02   0.3171D-01  -0.6086D-02
  -0.4233D-03  -0.9670D-03  -0.3690D-03  -0.7450D-03  -0.4233D-03  -0.9670D-03  -0.3690D-03  -0.7450D-03
  1.000  2.000
  -0.1388D-01   0.0000D+00  -0.8598D-02   0.0000D+00   0.0000D+00   0.0000D+00  -0.3421D-02   0.0000D+00  -0.1388D-01   0.0000D+00  -0.8598D-02   0.0000D+00
   0.8760D-01   0.0000D+00   0.1271D-01   0.0000D+00   0.4056D-01   0.0000D+00   0.1054D-01   0.0000D+00   0.2341D-02   0.0000D+00   0.0000D+00   0.0000D+00   0.8760D-01   0.0000D+00   0.1271D-01   0.0000D+00   0.4056D-01   0.0000D+00
   0.0000D+00   0.0000D+00   0.0000D+00   0.0000D+00   0.0000D+00   0.0000D+00   0.0000D+00   0.0000D+00
  -0.1595D-01   0.8256D-03  -0.1015D-01   0.4728D-03   0.3125D-03  -0.2504D-03  -0.3940D-02   0.1970D-03  -0.1595D-01   0.8256D-03  -0.1015D-01   0.4728D-03
   0.7998D-01  -0.3630D-02   0.1176D-01  -0.1005D-02   0.3230D-01  -0.5678D-02   0.1045D-01   0.0000D+00   0.2506D-02   0.2096D-03  -0.5468D-03   0.6860D-03   0.7998D-01  -0.3630D-02   0.1176D-01  -0.1005D-02   0.3230D-01  -0.5678D-02
  -0.3950D-03  -0.9022D-03  -0.3443D-03  -0.6951D-03  -0.3950D-03  -0.9022D-03  -0.3443D-03  -0.6951D-03
  2.000  0.500
  -0.1382D-01   0.0000D+00  -0.8553D-02   0.0000D+00   0.0000D+00   0.0000D+00  -0.3392D-02   0.0000D+00  -0.1382D-01   0.0000D+00  -0.8553D-02   0.0000D+00
   0.7542D-01   0.0000D+00   0.1093D-01   0.0000D+00   0.3498D-01   0.0000D+00   0.9045D-02   0.0000D+00   0.2010D-02   0.0000D+00   0.0000D+00   0.0000D+00   0.7542D-01   0.0000D+00   0.1093D-01   0.0000D+00   0.3498D-01   0.0000D+00
   0.0000D+00   0.0000D+00   0.0000D+00   0.0000D+00   0.0000D+00   0.0000D+00   0.0000D+00   0.0000D+00
  -0.1634D-01   0.9478D-03  -0.1043D-01   0.5429D-03   0.3593D-03  -0.2871D-03  -0.4029D-02   0.2264D-03  -0.1634D-01   0.9478D-03  -0.1043D-01   0.5429D-03
   0.8001D-01  -0.3617D-02   0.1175D-01  -0.1000D-02   0.3238D-01  -0.5643D-02   0.1045D-01   0.0000D+00   0.2502D-02   0.2078D-03  -0.5414D-03   0.6801D-03   0.8001D-01  -0.3617D-02   0.1175D-01  -0.1000D-02   0.3238D-01  -0.5643D-02
  -0.3935D-03  -0.8983D-03  -0.3421D-03  -0.6894D-03  -0.3935D-03  -0.8983D-03  -0.3421D-03  -0.6894D-03
  2.000  1.000
  -0.1283D-01   0.0000D+00  -0.7937D-02   0.0000D+00   0.0000D+00   0.0000D+00  -0.3148D-02   0.0000D+00  -0.1283D-01   0.0000D+00  -0.7937D-02   0.0000D+00
   0.7542D-01   0.0000D+00   0.1093D-01   0.0000D+00   0.3498D-01   0.0000D+00   0.9045D-02   0.0000D+00   0.2010D-02   0.0000D+00   0.0000D+00   0.0000D+00   0.7542D-01   0.0000D+00   0.1093D-01   0.0000D+00   0.3498D-01   0.0000D+00
   0.0000D+00   0.0000D+00   0.0000D+00   0.0000D+00   0.0000D+00   0.0000D+00   0.0000D+00   0.0000D+00
  -0.1589D-01   0.8163D-03  -0.1011D-01   0.4676D-03   0.3095D-03  -0.2472D-03  -0.3916D-02   0.1950D-03  -0.1589D-01   0.8163D-03  -0.1011D-01   0.4676D-03
   0.7968D-01  -0.3357D-02   0.1169D-01  -0.9283D-03   0.3257D-01  -0.5238D-02   0.1035D-01   0.0000D+00   0.2467D-02   0.1928D-03  -0.5025D-03   0.6311D-03   0.7968D-01  -0.3357D-02   0.1169D-01  -0.9283D-03   0.3257D-01  -0.5238D-02
  -0.3652D-03  -0.8337D-03  -0.3175D-03  -0.6398D-03  -0.3652D-03  -0.8337D-03  -0.3175D-03  -0.6398D-03
  2.000  2.000
  -0.1197D-01   0.0000D+00  -0.7406D-02   0.0000D+00   0.0000D+00   0.0000D+00  -0.2937D-02   0.0000D+00  -0.1197D-01   0.0000D+00  -0.7406D-02   0.0000D+00
   0.7542D-01   0.0000D+00   0.1093D-01   0.0000D+00   0.3498D-01   0.0000D+00   0.9045D-02   0.0000D+00   0.2010D-02   0.0000D+00   0.0000D+00   0.0000D+00   0.7542D-01   0.0000D+00   0.1093D-01   0.0000D+00   0.3498D-01   0.0000D+00
   0.0000D+00   0.0000D+00   0.0000D+00   0.0000D+00   0.0000D+00   0.0000D+00   0.0000D+00   0.0000D+00
  -0.1542D-01   0.7107D-03  -0.9779D-02   0.4071D-03   0.2695D-03  -0.2152D-03  -0.3797D-02   0.1698D-03  -0.1542D-01   0.7107D-03  -0.9779D-02   0.4071D-03
   0.7940D-01  -0.3132D-02   0.1164D-01  -0.8661D-03   0.3273D-01  -0.4887D-02   0.1026D-01   0.0000D+00   0.2436D-02   0.1799D-03  -0.4688D-03   0.5889D-03   0.7940D-01  -0.3132D-02   0.1164D-01  -0.8661D-03   0.3273D-01  -0.4887D-02
  -0.3408D-03  -0.7779D-03  -0.2962D-03  -0.5969D-03  -0.3408D-03  -0.7779D-03  -0.2962D-03  -0.5969D-03
