 LHC=           1 sqrts=   8000.0000000000000      ang=           4 mode=fital                                                                                               scalescheme=           1 R=  0.69999999999999996     
 NNPDF23_nlo_as_0118                                                                                           76
 Bin information: chid, chiu, md, mu, mu0
   0.0000000000000000       0.50000000000000000        395.00000000000000        430.00000000000000        412.50000000000000     
 9 scales(muf, mur)*(LO(38), NLO(38))
  0.500  0.500
  -0.1269D+01   0.0000D+00  -0.1275D+01   0.0000D+00   0.0000D+00   0.0000D+00  -0.1100D+01   0.0000D+00  -0.1269D+01   0.0000D+00  -0.1275D+01   0.0000D+00
   0.6037D+00   0.0000D+00   0.1041D+00   0.0000D+00   0.1809D+00   0.0000D+00   0.2017D+00   0.0000D+00   0.4483D-01   0.0000D+00   0.0000D+00   0.0000D+00   0.6037D+00   0.0000D+00   0.1041D+00   0.0000D+00   0.1809D+00   0.0000D+00
   0.0000D+00   0.0000D+00   0.0000D+00   0.0000D+00   0.0000D+00   0.0000D+00   0.0000D+00   0.0000D+00
  -0.9404D+00   0.1817D+00  -0.1091D+01   0.1096D+00   0.1094D+00  -0.1107D+00  -0.1016D+01   0.3730D-02  -0.9404D+00   0.1817D+00  -0.1091D+01   0.1096D+00
   0.5590D+00  -0.2223D-01   0.9852D-01  -0.7891D-02   0.1105D+00  -0.5579D-01   0.1953D+00   0.0000D+00   0.4869D-01   0.5511D-02  -0.2340D-02   0.1804D-01   0.5590D+00  -0.2223D-01   0.9852D-01  -0.7891D-02   0.1105D+00  -0.5579D-01
  -0.1780D-02  -0.7024D-02  -0.4111D-02  -0.1051D-01  -0.1780D-02  -0.7024D-02  -0.4111D-02  -0.1051D-01
  0.500  1.000
  -0.1171D+01   0.0000D+00  -0.1177D+01   0.0000D+00   0.0000D+00   0.0000D+00  -0.1015D+01   0.0000D+00  -0.1171D+01   0.0000D+00  -0.1177D+01   0.0000D+00
   0.6037D+00   0.0000D+00   0.1041D+00   0.0000D+00   0.1809D+00   0.0000D+00   0.2017D+00   0.0000D+00   0.4483D-01   0.0000D+00   0.0000D+00   0.0000D+00   0.6037D+00   0.0000D+00   0.1041D+00   0.0000D+00   0.1809D+00   0.0000D+00
   0.0000D+00   0.0000D+00   0.0000D+00   0.0000D+00   0.0000D+00   0.0000D+00   0.0000D+00   0.0000D+00
  -0.9878D+00   0.1547D+00  -0.1117D+01   0.9334D-01   0.9313D-01  -0.9424D-01  -0.1027D+01   0.3177D-02  -0.9878D+00   0.1547D+00  -0.1117D+01   0.9334D-01
   0.5627D+00  -0.2051D-01   0.9899D-01  -0.7281D-02   0.1160D+00  -0.5148D-01   0.1959D+00   0.0000D+00   0.4841D-01   0.5085D-02  -0.2159D-02   0.1664D-01   0.5627D+00  -0.2051D-01   0.9899D-01  -0.7281D-02   0.1160D+00  -0.5148D-01
  -0.1643D-02  -0.6481D-02  -0.3793D-02  -0.9701D-02  -0.1643D-02  -0.6481D-02  -0.3793D-02  -0.9701D-02
  0.500  2.000
  -0.1087D+01   0.0000D+00  -0.1093D+01   0.0000D+00   0.0000D+00   0.0000D+00  -0.9422D+00   0.0000D+00  -0.1087D+01   0.0000D+00  -0.1093D+01   0.0000D+00
   0.6037D+00   0.0000D+00   0.1041D+00   0.0000D+00   0.1809D+00   0.0000D+00   0.2017D+00   0.0000D+00   0.4483D-01   0.0000D+00   0.0000D+00   0.0000D+00   0.6037D+00   0.0000D+00   0.1041D+00   0.0000D+00   0.1809D+00   0.0000D+00
   0.0000D+00   0.0000D+00   0.0000D+00   0.0000D+00   0.0000D+00   0.0000D+00   0.0000D+00   0.0000D+00
  -0.1012D+01   0.1334D+00  -0.1125D+01   0.8045D-01   0.8026D-01  -0.8122D-01  -0.1025D+01   0.2738D-02  -0.1012D+01   0.1334D+00  -0.1125D+01   0.8045D-01
   0.5658D+00  -0.1904D-01   0.9938D-01  -0.6760D-02   0.1207D+00  -0.4779D-01   0.1963D+00   0.0000D+00   0.4816D-01   0.4721D-02  -0.2004D-02   0.1545D-01   0.5658D+00  -0.1904D-01   0.9938D-01  -0.6760D-02   0.1207D+00  -0.4779D-01
  -0.1525D-02  -0.6017D-02  -0.3521D-02  -0.9006D-02  -0.1525D-02  -0.6017D-02  -0.3521D-02  -0.9006D-02
  1.000  0.500
  -0.1200D+01   0.0000D+00  -0.1210D+01   0.0000D+00   0.0000D+00   0.0000D+00  -0.1041D+01   0.0000D+00  -0.1200D+01   0.0000D+00  -0.1210D+01   0.0000D+00
   0.5697D+00   0.0000D+00   0.9812D-01   0.0000D+00   0.1704D+00   0.0000D+00   0.1908D+00   0.0000D+00   0.4240D-01   0.0000D+00   0.0000D+00   0.0000D+00   0.5697D+00   0.0000D+00   0.9812D-01   0.0000D+00   0.1704D+00   0.0000D+00
   0.0000D+00   0.0000D+00   0.0000D+00   0.0000D+00   0.0000D+00   0.0000D+00   0.0000D+00   0.0000D+00
  -0.9621D+00   0.1722D+00  -0.1099D+01   0.1036D+00   0.1033D+00  -0.1048D+00  -0.1023D+01   0.3701D-02  -0.9621D+00   0.1722D+00  -0.1099D+01   0.1036D+00
   0.5543D+00  -0.2094D-01   0.9757D-01  -0.7456D-02   0.1118D+00  -0.5296D-01   0.1941D+00   0.0000D+00   0.4801D-01   0.5211D-02  -0.2492D-02   0.1705D-01   0.5543D+00  -0.2094D-01   0.9757D-01  -0.7456D-02   0.1118D+00  -0.5296D-01
  -0.1690D-02  -0.6758D-02  -0.3905D-02  -0.9926D-02  -0.1690D-02  -0.6758D-02  -0.3905D-02  -0.9926D-02
  1.000  1.000
  -0.1107D+01   0.0000D+00  -0.1117D+01   0.0000D+00   0.0000D+00   0.0000D+00  -0.9609D+00   0.0000D+00  -0.1107D+01   0.0000D+00  -0.1117D+01   0.0000D+00
   0.5697D+00   0.0000D+00   0.9812D-01   0.0000D+00   0.1704D+00   0.0000D+00   0.1908D+00   0.0000D+00   0.4240D-01   0.0000D+00   0.0000D+00   0.0000D+00   0.5697D+00   0.0000D+00   0.9812D-01   0.0000D+00   0.1704D+00   0.0000D+00
   0.0000D+00   0.0000D+00   0.0000D+00   0.0000D+00   0.0000D+00   0.0000D+00   0.0000D+00   0.0000D+00
  -0.9961D+00   0.1466D+00  -0.1114D+01   0.8825D-01   0.8797D-01  -0.8922D-01  -0.1024D+01   0.3152D-02  -0.9961D+00   0.1466D+00  -0.1114D+01   0.8825D-01
   0.5557D+00  -0.1932D-01   0.9764D-01  -0.6880D-02   0.1164D+00  -0.4887D-01   0.1939D+00   0.0000D+00   0.4759D-01   0.4809D-02  -0.2299D-02   0.1574D-01   0.5557D+00  -0.1932D-01   0.9764D-01  -0.6880D-02   0.1164D+00  -0.4887D-01
  -0.1559D-02  -0.6236D-02  -0.3604D-02  -0.9160D-02  -0.1559D-02  -0.6236D-02  -0.3604D-02  -0.9160D-02
  1.000  2.000
  -0.1028D+01   0.0000D+00  -0.1037D+01   0.0000D+00   0.0000D+00   0.0000D+00  -0.8920D+00   0.0000D+00  -0.1028D+01   0.0000D+00  -0.1037D+01   0.0000D+00
   0.5697D+00   0.0000D+00   0.9812D-01   0.0000D+00   0.1704D+00   0.0000D+00   0.1908D+00   0.0000D+00   0.4240D-01   0.0000D+00   0.0000D+00   0.0000D+00   0.5697D+00   0.0000D+00   0.9812D-01   0.0000D+00   0.1704D+00   0.0000D+00
   0.0000D+00   0.0000D+00   0.0000D+00   0.0000D+00   0.0000D+00   0.0000D+00   0.0000D+00   0.0000D+00
  -0.1011D+01   0.1264D+00  -0.1114D+01   0.7606D-01   0.7581D-01  -0.7689D-01  -0.1015D+01   0.2717D-02  -0.1011D+01   0.1264D+00  -0.1114D+01   0.7606D-01
   0.5569D+00  -0.1794D-01   0.9771D-01  -0.6387D-02   0.1203D+00  -0.4537D-01   0.1937D+00   0.0000D+00   0.4723D-01   0.4464D-02  -0.2134D-02   0.1461D-01   0.5569D+00  -0.1794D-01   0.9771D-01  -0.6387D-02   0.1203D+00  -0.4537D-01
  -0.1447D-02  -0.5790D-02  -0.3345D-02  -0.8503D-02  -0.1447D-02  -0.5790D-02  -0.3345D-02  -0.8503D-02
  2.000  0.500
  -0.1136D+01   0.0000D+00  -0.1150D+01   0.0000D+00   0.0000D+00   0.0000D+00  -0.9871D+00   0.0000D+00  -0.1136D+01   0.0000D+00  -0.1150D+01   0.0000D+00
   0.5390D+00   0.0000D+00   0.9314D-01   0.0000D+00   0.1609D+00   0.0000D+00   0.1798D+00   0.0000D+00   0.3995D-01   0.0000D+00   0.0000D+00   0.0000D+00   0.5390D+00   0.0000D+00   0.9314D-01   0.0000D+00   0.1609D+00   0.0000D+00
   0.0000D+00   0.0000D+00   0.0000D+00   0.0000D+00   0.0000D+00   0.0000D+00   0.0000D+00   0.0000D+00
  -0.9790D+00   0.1633D+00  -0.1117D+01   0.9811D-01   0.9867D-01  -0.9929D-01  -0.1037D+01   0.3633D-02  -0.9790D+00   0.1633D+00  -0.1117D+01   0.9811D-01
   0.5537D+00  -0.1978D-01   0.9743D-01  -0.7039D-02   0.1135D+00  -0.4970D-01   0.1938D+00   0.0000D+00   0.4765D-01   0.4910D-02  -0.2172D-02   0.1607D-01   0.5537D+00  -0.1978D-01   0.9743D-01  -0.7039D-02   0.1135D+00  -0.4970D-01
  -0.1602D-02  -0.6388D-02  -0.3714D-02  -0.9380D-02  -0.1602D-02  -0.6388D-02  -0.3714D-02  -0.9380D-02
  2.000  1.000
  -0.1048D+01   0.0000D+00  -0.1062D+01   0.0000D+00   0.0000D+00   0.0000D+00  -0.9109D+00   0.0000D+00  -0.1048D+01   0.0000D+00  -0.1062D+01   0.0000D+00
   0.5390D+00   0.0000D+00   0.9314D-01   0.0000D+00   0.1609D+00   0.0000D+00   0.1798D+00   0.0000D+00   0.3995D-01   0.0000D+00   0.0000D+00   0.0000D+00   0.5390D+00   0.0000D+00   0.9314D-01   0.0000D+00   0.1609D+00   0.0000D+00
   0.0000D+00   0.0000D+00   0.0000D+00   0.0000D+00   0.0000D+00   0.0000D+00   0.0000D+00   0.0000D+00
  -0.1001D+01   0.1390D+00  -0.1121D+01   0.8355D-01   0.8404D-01  -0.8455D-01  -0.1029D+01   0.3094D-02  -0.1001D+01   0.1390D+00  -0.1121D+01   0.8355D-01
   0.5534D+00  -0.1825D-01   0.9723D-01  -0.6496D-02   0.1175D+00  -0.4587D-01   0.1929D+00   0.0000D+00   0.4710D-01   0.4531D-02  -0.2006D-02   0.1483D-01   0.5534D+00  -0.1825D-01   0.9723D-01  -0.6496D-02   0.1175D+00  -0.4587D-01
  -0.1479D-02  -0.5895D-02  -0.3428D-02  -0.8656D-02  -0.1479D-02  -0.5895D-02  -0.3428D-02  -0.8656D-02
  2.000  2.000
  -0.9729D+00   0.0000D+00  -0.9856D+00   0.0000D+00   0.0000D+00   0.0000D+00  -0.8456D+00   0.0000D+00  -0.9729D+00   0.0000D+00  -0.9856D+00   0.0000D+00
   0.5390D+00   0.0000D+00   0.9314D-01   0.0000D+00   0.1609D+00   0.0000D+00   0.1798D+00   0.0000D+00   0.3995D-01   0.0000D+00   0.0000D+00   0.0000D+00   0.5390D+00   0.0000D+00   0.9314D-01   0.0000D+00   0.1609D+00   0.0000D+00
   0.0000D+00   0.0000D+00   0.0000D+00   0.0000D+00   0.0000D+00   0.0000D+00   0.0000D+00   0.0000D+00
  -0.1007D+01   0.1198D+00  -0.1112D+01   0.7201D-01   0.7242D-01  -0.7287D-01  -0.1012D+01   0.2667D-02  -0.1007D+01   0.1198D+00  -0.1112D+01   0.7201D-01
   0.5525D+00  -0.1695D-01   0.9696D-01  -0.6030D-02   0.1207D+00  -0.4258D-01   0.1920D+00   0.0000D+00   0.4660D-01   0.4207D-02  -0.1862D-02   0.1377D-01   0.5525D+00  -0.1695D-01   0.9696D-01  -0.6030D-02   0.1207D+00  -0.4258D-01
  -0.1373D-02  -0.5473D-02  -0.3182D-02  -0.8036D-02  -0.1373D-02  -0.5473D-02  -0.3182D-02  -0.8036D-02
