 LHC=           1 sqrts=   8000.0000000000000      ang=           4 mode=fital                                                                                               scalescheme=           1 R=  0.69999999999999996     
 CT10nlo_rand5678                                                                                             349
 Bin information: chid, chiu, md, mu, mu0
   0.0000000000000000       0.50000000000000000        220.00000000000000        245.00000000000000        232.50000000000000     
 9 scales(muf, mur)*(LO(38), NLO(38))
  0.500  0.500
  -0.3454D+01   0.0000D+00  -0.4575D+01   0.0000D+00   0.0000D+00   0.0000D+00  -0.4544D+01   0.0000D+00  -0.3454D+01   0.0000D+00  -0.4575D+01   0.0000D+00
   0.6038D+00   0.0000D+00   0.1093D+00   0.0000D+00   0.1474D+00   0.0000D+00   0.2397D+00   0.0000D+00   0.5326D-01   0.0000D+00   0.0000D+00   0.0000D+00   0.6038D+00   0.0000D+00   0.1093D+00   0.0000D+00   0.1474D+00   0.0000D+00
   0.0000D+00   0.0000D+00   0.0000D+00   0.0000D+00   0.0000D+00   0.0000D+00   0.0000D+00   0.0000D+00
  -0.2422D+01   0.7211D+00  -0.3847D+01   0.4297D+00   0.3747D+00  -0.4942D+00  -0.4165D+01  -0.2491D-01  -0.2422D+01   0.7211D+00  -0.3847D+01   0.4297D+00
   0.6767D+00  -0.1954D-01   0.1241D+00  -0.7904D-02   0.1087D+00  -0.6106D-01   0.2652D+00   0.0000D+00   0.6716D-01   0.7067D-02  -0.3218D-03   0.2313D-01   0.6767D+00  -0.1954D-01   0.1241D+00  -0.7904D-02   0.1087D+00  -0.6106D-01
  -0.1230D-02  -0.6984D-02  -0.4526D-02  -0.1264D-01  -0.1230D-02  -0.6984D-02  -0.4526D-02  -0.1264D-01
  0.500  1.000
  -0.3139D+01   0.0000D+00  -0.4157D+01   0.0000D+00   0.0000D+00   0.0000D+00  -0.4129D+01   0.0000D+00  -0.3139D+01   0.0000D+00  -0.4157D+01   0.0000D+00
   0.6038D+00   0.0000D+00   0.1093D+00   0.0000D+00   0.1474D+00   0.0000D+00   0.2397D+00   0.0000D+00   0.5326D-01   0.0000D+00   0.0000D+00   0.0000D+00   0.6038D+00   0.0000D+00   0.1093D+00   0.0000D+00   0.1474D+00   0.0000D+00
   0.0000D+00   0.0000D+00   0.0000D+00   0.0000D+00   0.0000D+00   0.0000D+00   0.0000D+00   0.0000D+00
  -0.2563D+01   0.5954D+00  -0.3922D+01   0.3548D+00   0.3093D+00  -0.4080D+00  -0.4180D+01  -0.2057D-01  -0.2563D+01   0.5954D+00  -0.3922D+01   0.3548D+00
   0.6707D+00  -0.1776D-01   0.1229D+00  -0.7182D-02   0.1124D+00  -0.5549D-01   0.2631D+00   0.0000D+00   0.6595D-01   0.6421D-02  -0.2856D-03   0.2102D-01   0.6707D+00  -0.1776D-01   0.1229D+00  -0.7182D-02   0.1124D+00  -0.5549D-01
  -0.1117D-02  -0.6346D-02  -0.4112D-02  -0.1149D-01  -0.1117D-02  -0.6346D-02  -0.4112D-02  -0.1149D-01
  0.500  2.000
  -0.2877D+01   0.0000D+00  -0.3811D+01   0.0000D+00   0.0000D+00   0.0000D+00  -0.3785D+01   0.0000D+00  -0.2877D+01   0.0000D+00  -0.3811D+01   0.0000D+00
   0.6038D+00   0.0000D+00   0.1093D+00   0.0000D+00   0.1474D+00   0.0000D+00   0.2397D+00   0.0000D+00   0.5326D-01   0.0000D+00   0.0000D+00   0.0000D+00   0.6038D+00   0.0000D+00   0.1093D+00   0.0000D+00   0.1474D+00   0.0000D+00
   0.0000D+00   0.0000D+00   0.0000D+00   0.0000D+00   0.0000D+00   0.0000D+00   0.0000D+00   0.0000D+00
  -0.2626D+01   0.5002D+00  -0.3920D+01   0.2981D+00   0.2598D+00  -0.3428D+00  -0.4132D+01  -0.1728D-01  -0.2626D+01   0.5002D+00  -0.3920D+01   0.2981D+00
   0.6657D+00  -0.1628D-01   0.1219D+00  -0.6583D-02   0.1155D+00  -0.5086D-01   0.2613D+00   0.0000D+00   0.6493D-01   0.5886D-02  -0.2564D-03   0.1926D-01   0.6657D+00  -0.1628D-01   0.1219D+00  -0.6583D-02   0.1155D+00  -0.5086D-01
  -0.1024D-02  -0.5817D-02  -0.3769D-02  -0.1053D-01  -0.1024D-02  -0.5817D-02  -0.3769D-02  -0.1053D-01
  1.000  0.500
  -0.3339D+01   0.0000D+00  -0.4486D+01   0.0000D+00   0.0000D+00   0.0000D+00  -0.4418D+01   0.0000D+00  -0.3339D+01   0.0000D+00  -0.4486D+01   0.0000D+00
   0.5900D+00   0.0000D+00   0.1071D+00   0.0000D+00   0.1439D+00   0.0000D+00   0.2337D+00   0.0000D+00   0.5194D-01   0.0000D+00   0.0000D+00   0.0000D+00   0.5900D+00   0.0000D+00   0.1071D+00   0.0000D+00   0.1439D+00   0.0000D+00
   0.0000D+00   0.0000D+00   0.0000D+00   0.0000D+00   0.0000D+00   0.0000D+00   0.0000D+00   0.0000D+00
  -0.2452D+01   0.7040D+00  -0.3888D+01   0.4202D+00   0.3576D+00  -0.4796D+00  -0.4164D+01  -0.2441D-01  -0.2452D+01   0.7040D+00  -0.3888D+01   0.4202D+00
   0.6619D+00  -0.1918D-01   0.1226D+00  -0.7770D-02   0.1078D+00  -0.5965D-01   0.2612D+00   0.0000D+00   0.6602D-01   0.6908D-02  -0.3341D-03   0.2261D-01   0.6619D+00  -0.1918D-01   0.1226D+00  -0.7770D-02   0.1078D+00  -0.5965D-01
  -0.1206D-02  -0.6743D-02  -0.4465D-02  -0.1233D-01  -0.1206D-02  -0.6743D-02  -0.4465D-02  -0.1233D-01
  1.000  1.000
  -0.3034D+01   0.0000D+00  -0.4077D+01   0.0000D+00   0.0000D+00   0.0000D+00  -0.4015D+01   0.0000D+00  -0.3034D+01   0.0000D+00  -0.4077D+01   0.0000D+00
   0.5900D+00   0.0000D+00   0.1071D+00   0.0000D+00   0.1439D+00   0.0000D+00   0.2337D+00   0.0000D+00   0.5194D-01   0.0000D+00   0.0000D+00   0.0000D+00   0.5900D+00   0.0000D+00   0.1071D+00   0.0000D+00   0.1439D+00   0.0000D+00
   0.0000D+00   0.0000D+00   0.0000D+00   0.0000D+00   0.0000D+00   0.0000D+00   0.0000D+00   0.0000D+00
  -0.2569D+01   0.5813D+00  -0.3941D+01   0.3470D+00   0.2952D+00  -0.3960D+00  -0.4158D+01  -0.2015D-01  -0.2569D+01   0.5813D+00  -0.3941D+01   0.3470D+00
   0.6560D+00  -0.1743D-01   0.1213D+00  -0.7060D-02   0.1112D+00  -0.5420D-01   0.2589D+00   0.0000D+00   0.6479D-01   0.6277D-02  -0.2980D-03   0.2054D-01   0.6560D+00  -0.1743D-01   0.1213D+00  -0.7060D-02   0.1112D+00  -0.5420D-01
  -0.1096D-02  -0.6127D-02  -0.4058D-02  -0.1120D-01  -0.1096D-02  -0.6127D-02  -0.4058D-02  -0.1120D-01
  1.000  2.000
  -0.2781D+01   0.0000D+00  -0.3737D+01   0.0000D+00   0.0000D+00   0.0000D+00  -0.3680D+01   0.0000D+00  -0.2781D+01   0.0000D+00  -0.3737D+01   0.0000D+00
   0.5900D+00   0.0000D+00   0.1071D+00   0.0000D+00   0.1439D+00   0.0000D+00   0.2337D+00   0.0000D+00   0.5194D-01   0.0000D+00   0.0000D+00   0.0000D+00   0.5900D+00   0.0000D+00   0.1071D+00   0.0000D+00   0.1439D+00   0.0000D+00
   0.0000D+00   0.0000D+00   0.0000D+00   0.0000D+00   0.0000D+00   0.0000D+00   0.0000D+00   0.0000D+00
  -0.2615D+01   0.4884D+00  -0.3924D+01   0.2915D+00   0.2479D+00  -0.3327D+00  -0.4097D+01  -0.1693D-01  -0.2615D+01   0.4884D+00  -0.3924D+01   0.2915D+00
   0.6510D+00  -0.1598D-01   0.1202D+00  -0.6472D-02   0.1141D+00  -0.4968D-01   0.2569D+00   0.0000D+00   0.6375D-01   0.5754D-02  -0.2688D-03   0.1883D-01   0.6510D+00  -0.1598D-01   0.1202D+00  -0.6472D-02   0.1141D+00  -0.4968D-01
  -0.1005D-02  -0.5616D-02  -0.3719D-02  -0.1027D-01  -0.1005D-02  -0.5616D-02  -0.3719D-02  -0.1027D-01
  2.000  0.500
  -0.3259D+01   0.0000D+00  -0.4364D+01   0.0000D+00   0.0000D+00   0.0000D+00  -0.4313D+01   0.0000D+00  -0.3259D+01   0.0000D+00  -0.4364D+01   0.0000D+00
   0.5738D+00   0.0000D+00   0.1043D+00   0.0000D+00   0.1394D+00   0.0000D+00   0.2279D+00   0.0000D+00   0.5065D-01   0.0000D+00   0.0000D+00   0.0000D+00   0.5738D+00   0.0000D+00   0.1043D+00   0.0000D+00   0.1394D+00   0.0000D+00
   0.0000D+00   0.0000D+00   0.0000D+00   0.0000D+00   0.0000D+00   0.0000D+00   0.0000D+00   0.0000D+00
  -0.2483D+01   0.6867D+00  -0.3921D+01   0.4097D+00   0.3675D+00  -0.4682D+00  -0.4215D+01  -0.2333D-01  -0.2483D+01   0.6867D+00  -0.3921D+01   0.4097D+00
   0.6490D+00  -0.1852D-01   0.1192D+00  -0.7529D-02   0.1057D+00  -0.5753D-01   0.2578D+00   0.0000D+00   0.6516D-01   0.6733D-02  -0.3401D-03   0.2204D-01   0.6490D+00  -0.1852D-01   0.1192D+00  -0.7529D-02   0.1057D+00  -0.5753D-01
  -0.1183D-02  -0.6635D-02  -0.4379D-02  -0.1202D-01  -0.1183D-02  -0.6635D-02  -0.4379D-02  -0.1202D-01
  2.000  1.000
  -0.2962D+01   0.0000D+00  -0.3965D+01   0.0000D+00   0.0000D+00   0.0000D+00  -0.3919D+01   0.0000D+00  -0.2962D+01   0.0000D+00  -0.3965D+01   0.0000D+00
   0.5738D+00   0.0000D+00   0.1043D+00   0.0000D+00   0.1394D+00   0.0000D+00   0.2279D+00   0.0000D+00   0.5065D-01   0.0000D+00   0.0000D+00   0.0000D+00   0.5738D+00   0.0000D+00   0.1043D+00   0.0000D+00   0.1394D+00   0.0000D+00
   0.0000D+00   0.0000D+00   0.0000D+00   0.0000D+00   0.0000D+00   0.0000D+00   0.0000D+00   0.0000D+00
  -0.2586D+01   0.5670D+00  -0.3953D+01   0.3383D+00   0.3034D+00  -0.3866D+00  -0.4186D+01  -0.1926D-01  -0.2586D+01   0.5670D+00  -0.3953D+01   0.3383D+00
   0.6468D+00  -0.1683D-01   0.1186D+00  -0.6842D-02   0.1103D+00  -0.5228D-01   0.2561D+00   0.0000D+00   0.6413D-01   0.6118D-02  -0.3026D-03   0.2002D-01   0.6468D+00  -0.1683D-01   0.1186D+00  -0.6842D-02   0.1103D+00  -0.5228D-01
  -0.1075D-02  -0.6029D-02  -0.3979D-02  -0.1093D-01  -0.1075D-02  -0.6029D-02  -0.3979D-02  -0.1093D-01
  2.000  2.000
  -0.2715D+01   0.0000D+00  -0.3634D+01   0.0000D+00   0.0000D+00   0.0000D+00  -0.3592D+01   0.0000D+00  -0.2715D+01   0.0000D+00  -0.3634D+01   0.0000D+00
   0.5738D+00   0.0000D+00   0.1043D+00   0.0000D+00   0.1394D+00   0.0000D+00   0.2279D+00   0.0000D+00   0.5065D-01   0.0000D+00   0.0000D+00   0.0000D+00   0.5738D+00   0.0000D+00   0.1043D+00   0.0000D+00   0.1394D+00   0.0000D+00
   0.0000D+00   0.0000D+00   0.0000D+00   0.0000D+00   0.0000D+00   0.0000D+00   0.0000D+00   0.0000D+00
  -0.2618D+01   0.4764D+00  -0.3917D+01   0.2842D+00   0.2549D+00  -0.3248D+00  -0.4106D+01  -0.1618D-01  -0.2618D+01   0.4764D+00  -0.3917D+01   0.2842D+00
   0.6412D+00  -0.1542D-01   0.1175D+00  -0.6271D-02   0.1128D+00  -0.4792D-01   0.2539D+00   0.0000D+00   0.6305D-01   0.5608D-02  -0.2731D-03   0.1835D-01   0.6412D+00  -0.1542D-01   0.1175D+00  -0.6271D-02   0.1128D+00  -0.4792D-01
  -0.9854D-03  -0.5526D-02  -0.3647D-02  -0.1002D-01  -0.9854D-03  -0.5526D-02  -0.3647D-02  -0.1002D-01
