 LHC=           1 sqrts=   8000.0000000000000      ang=           4 mode=fital                                                                                               scalescheme=           1 R=  0.69999999999999996     
 NNPDF23_nlo_as_0118                                                                                           49
 Bin information: chid, chiu, md, mu, mu0
   0.0000000000000000       0.50000000000000000        2250.0000000000000        2500.0000000000000        2375.0000000000000     
 9 scales(muf, mur)*(LO(38), NLO(38))
  0.500  0.500
  -0.4202D-03   0.0000D+00  -0.2239D-03   0.0000D+00   0.0000D+00   0.0000D+00  -0.7151D-04   0.0000D+00  -0.4202D-03   0.0000D+00  -0.2239D-03   0.0000D+00
   0.4307D-02   0.0000D+00   0.6002D-03   0.0000D+00   0.2144D-02   0.0000D+00   0.4545D-03   0.0000D+00   0.1010D-03   0.0000D+00   0.0000D+00   0.0000D+00   0.4307D-02   0.0000D+00   0.6002D-03   0.0000D+00   0.2144D-02   0.0000D+00
   0.0000D+00   0.0000D+00   0.0000D+00   0.0000D+00   0.0000D+00   0.0000D+00   0.0000D+00   0.0000D+00
  -0.3996D-03   0.2409D-04  -0.2134D-03   0.1429D-04   0.3985D-05  -0.5947D-05  -0.6306D-04   0.6713D-05  -0.3996D-03   0.2409D-04  -0.2134D-03   0.1429D-04
   0.3392D-02  -0.2178D-03   0.4686D-03  -0.5806D-04   0.1476D-02  -0.3140D-03   0.3986D-03   0.0000D+00   0.9468D-04   0.1026D-04  -0.2179D-04   0.3359D-04   0.3392D-02  -0.2178D-03   0.4686D-03  -0.5806D-04   0.1476D-02  -0.3140D-03
  -0.2397D-04  -0.5326D-04  -0.1763D-04  -0.3644D-04  -0.2397D-04  -0.5326D-04  -0.1763D-04  -0.3644D-04
  0.500  1.000
  -0.3931D-03   0.0000D+00  -0.2094D-03   0.0000D+00   0.0000D+00   0.0000D+00  -0.6690D-04   0.0000D+00  -0.3931D-03   0.0000D+00  -0.2094D-03   0.0000D+00
   0.4307D-02   0.0000D+00   0.6002D-03   0.0000D+00   0.2144D-02   0.0000D+00   0.4545D-03   0.0000D+00   0.1010D-03   0.0000D+00   0.0000D+00   0.0000D+00   0.4307D-02   0.0000D+00   0.6002D-03   0.0000D+00   0.2144D-02   0.0000D+00
   0.0000D+00   0.0000D+00   0.0000D+00   0.0000D+00   0.0000D+00   0.0000D+00   0.0000D+00   0.0000D+00
  -0.4022D-03   0.2108D-04  -0.2147D-03   0.1251D-04   0.3488D-05  -0.5204D-05  -0.6412D-04   0.5875D-05  -0.4022D-03   0.2108D-04  -0.2147D-03   0.1251D-04
   0.3451D-02  -0.2038D-03   0.4771D-03  -0.5432D-04   0.1519D-02  -0.2938D-03   0.4022D-03   0.0000D+00   0.9509D-04   0.9601D-05  -0.2039D-04   0.3142D-04   0.3451D-02  -0.2038D-03   0.4771D-03  -0.5432D-04   0.1519D-02  -0.2938D-03
  -0.2242D-04  -0.4982D-04  -0.1649D-04  -0.3409D-04  -0.2242D-04  -0.4982D-04  -0.1649D-04  -0.3409D-04
  0.500  2.000
  -0.3693D-03   0.0000D+00  -0.1968D-03   0.0000D+00   0.0000D+00   0.0000D+00  -0.6285D-04   0.0000D+00  -0.3693D-03   0.0000D+00  -0.1968D-03   0.0000D+00
   0.4307D-02   0.0000D+00   0.6002D-03   0.0000D+00   0.2144D-02   0.0000D+00   0.4545D-03   0.0000D+00   0.1010D-03   0.0000D+00   0.0000D+00   0.0000D+00   0.4307D-02   0.0000D+00   0.6002D-03   0.0000D+00   0.2144D-02   0.0000D+00
   0.0000D+00   0.0000D+00   0.0000D+00   0.0000D+00   0.0000D+00   0.0000D+00   0.0000D+00   0.0000D+00
  -0.4012D-03   0.1860D-04  -0.2142D-03   0.1104D-04   0.3079D-05  -0.4594D-05  -0.6447D-04   0.5186D-05  -0.4012D-03   0.1860D-04  -0.2142D-03   0.1104D-04
   0.3503D-02  -0.1915D-03   0.4846D-03  -0.5103D-04   0.1557D-02  -0.2760D-03   0.4054D-03   0.0000D+00   0.9545D-04   0.9020D-05  -0.1915D-04   0.2952D-04   0.3503D-02  -0.1915D-03   0.4846D-03  -0.5103D-04   0.1557D-02  -0.2760D-03
  -0.2106D-04  -0.4681D-04  -0.1550D-04  -0.3203D-04  -0.2106D-04  -0.4681D-04  -0.1550D-04  -0.3203D-04
  1.000  0.500
  -0.3390D-03   0.0000D+00  -0.1805D-03   0.0000D+00   0.0000D+00   0.0000D+00  -0.5783D-04   0.0000D+00  -0.3390D-03   0.0000D+00  -0.1805D-03   0.0000D+00
   0.3480D-02   0.0000D+00   0.4852D-03   0.0000D+00   0.1730D-02   0.0000D+00   0.3704D-03   0.0000D+00   0.8231D-04   0.0000D+00   0.0000D+00   0.0000D+00   0.3480D-02   0.0000D+00   0.4852D-03   0.0000D+00   0.1730D-02   0.0000D+00
   0.0000D+00   0.0000D+00   0.0000D+00   0.0000D+00   0.0000D+00   0.0000D+00   0.0000D+00   0.0000D+00
  -0.3949D-03   0.1942D-04  -0.2109D-03   0.1154D-04   0.3182D-05  -0.4810D-05  -0.6335D-04   0.5401D-05  -0.3949D-03   0.1942D-04  -0.2109D-03   0.1154D-04
   0.3485D-02  -0.1758D-03   0.4824D-03  -0.4691D-04   0.1562D-02  -0.2539D-03   0.4005D-03   0.0000D+00   0.9402D-04   0.8364D-05  -0.1729D-04   0.2737D-04   0.3485D-02  -0.1758D-03   0.4824D-03  -0.4691D-04   0.1562D-02  -0.2539D-03
  -0.1934D-04  -0.4296D-04  -0.1425D-04  -0.2954D-04  -0.1934D-04  -0.4296D-04  -0.1425D-04  -0.2954D-04
  1.000  1.000
  -0.3171D-03   0.0000D+00  -0.1688D-03   0.0000D+00   0.0000D+00   0.0000D+00  -0.5410D-04   0.0000D+00  -0.3171D-03   0.0000D+00  -0.1688D-03   0.0000D+00
   0.3480D-02   0.0000D+00   0.4852D-03   0.0000D+00   0.1730D-02   0.0000D+00   0.3704D-03   0.0000D+00   0.8231D-04   0.0000D+00   0.0000D+00   0.0000D+00   0.3480D-02   0.0000D+00   0.4852D-03   0.0000D+00   0.1730D-02   0.0000D+00
   0.0000D+00   0.0000D+00   0.0000D+00   0.0000D+00   0.0000D+00   0.0000D+00   0.0000D+00   0.0000D+00
  -0.3879D-03   0.1699D-04  -0.2071D-03   0.1010D-04   0.2785D-05  -0.4209D-05  -0.6267D-04   0.4727D-05  -0.3879D-03   0.1699D-04  -0.2071D-03   0.1010D-04
   0.3484D-02  -0.1645D-03   0.4825D-03  -0.4388D-04   0.1573D-02  -0.2375D-03   0.3985D-03   0.0000D+00   0.9326D-04   0.7825D-05  -0.1618D-04   0.2561D-04   0.3484D-02  -0.1645D-03   0.4825D-03  -0.4388D-04   0.1573D-02  -0.2375D-03
  -0.1810D-04  -0.4019D-04  -0.1333D-04  -0.2763D-04  -0.1810D-04  -0.4019D-04  -0.1333D-04  -0.2763D-04
  1.000  2.000
  -0.2979D-03   0.0000D+00  -0.1586D-03   0.0000D+00   0.0000D+00   0.0000D+00  -0.5083D-04   0.0000D+00  -0.2979D-03   0.0000D+00  -0.1586D-03   0.0000D+00
   0.3480D-02   0.0000D+00   0.4852D-03   0.0000D+00   0.1730D-02   0.0000D+00   0.3704D-03   0.0000D+00   0.8231D-04   0.0000D+00   0.0000D+00   0.0000D+00   0.3480D-02   0.0000D+00   0.4852D-03   0.0000D+00   0.1730D-02   0.0000D+00
   0.0000D+00   0.0000D+00   0.0000D+00   0.0000D+00   0.0000D+00   0.0000D+00   0.0000D+00   0.0000D+00
  -0.3797D-03   0.1500D-04  -0.2027D-03   0.8914D-05   0.2459D-05  -0.3715D-05  -0.6168D-04   0.4172D-05  -0.3797D-03   0.1500D-04  -0.2027D-03   0.8914D-05
   0.3484D-02  -0.1545D-03   0.4827D-03  -0.4123D-04   0.1582D-02  -0.2231D-03   0.3969D-03   0.0000D+00   0.9261D-04   0.7352D-05  -0.1520D-04   0.2406D-04   0.3484D-02  -0.1545D-03   0.4827D-03  -0.4123D-04   0.1582D-02  -0.2231D-03
  -0.1700D-04  -0.3776D-04  -0.1252D-04  -0.2596D-04  -0.1700D-04  -0.3776D-04  -0.1252D-04  -0.2596D-04
  2.000  0.500
  -0.2771D-03   0.0000D+00  -0.1474D-03   0.0000D+00   0.0000D+00   0.0000D+00  -0.4739D-04   0.0000D+00  -0.2771D-03   0.0000D+00  -0.1474D-03   0.0000D+00
   0.2849D-02   0.0000D+00   0.3973D-03   0.0000D+00   0.1415D-02   0.0000D+00   0.3057D-03   0.0000D+00   0.6794D-04   0.0000D+00   0.0000D+00   0.0000D+00   0.2849D-02   0.0000D+00   0.3973D-03   0.0000D+00   0.1415D-02   0.0000D+00
   0.0000D+00   0.0000D+00   0.0000D+00   0.0000D+00   0.0000D+00   0.0000D+00   0.0000D+00   0.0000D+00
  -0.3833D-03   0.1586D-04  -0.2044D-03   0.9434D-05   0.2575D-05  -0.3937D-05  -0.6210D-04   0.4405D-05  -0.3833D-03   0.1586D-04  -0.2044D-03   0.9434D-05
   0.3469D-02  -0.1439D-03   0.4806D-03  -0.3839D-04   0.1585D-02  -0.2079D-03   0.3935D-03   0.0000D+00   0.9163D-04   0.6904D-05  -0.1406D-04   0.2260D-04   0.3469D-02  -0.1439D-03   0.4806D-03  -0.3839D-04   0.1585D-02  -0.2079D-03
  -0.1582D-04  -0.3518D-04  -0.1167D-04  -0.2420D-04  -0.1582D-04  -0.3518D-04  -0.1167D-04  -0.2420D-04
  2.000  1.000
  -0.2592D-03   0.0000D+00  -0.1379D-03   0.0000D+00   0.0000D+00   0.0000D+00  -0.4433D-04   0.0000D+00  -0.2592D-03   0.0000D+00  -0.1379D-03   0.0000D+00
   0.2849D-02   0.0000D+00   0.3973D-03   0.0000D+00   0.1415D-02   0.0000D+00   0.3057D-03   0.0000D+00   0.6794D-04   0.0000D+00   0.0000D+00   0.0000D+00   0.2849D-02   0.0000D+00   0.3973D-03   0.0000D+00   0.1415D-02   0.0000D+00
   0.0000D+00   0.0000D+00   0.0000D+00   0.0000D+00   0.0000D+00   0.0000D+00   0.0000D+00   0.0000D+00
  -0.3700D-03   0.1388D-04  -0.1973D-03   0.8256D-05   0.2254D-05  -0.3445D-05  -0.6027D-04   0.3855D-05  -0.3700D-03   0.1388D-04  -0.1973D-03   0.8256D-05
   0.3429D-02  -0.1346D-03   0.4753D-03  -0.3592D-04   0.1574D-02  -0.1945D-03   0.3878D-03   0.0000D+00   0.9010D-04   0.6459D-05  -0.1315D-04   0.2114D-04   0.3429D-02  -0.1346D-03   0.4753D-03  -0.3592D-04   0.1574D-02  -0.1945D-03
  -0.1480D-04  -0.3291D-04  -0.1092D-04  -0.2264D-04  -0.1480D-04  -0.3291D-04  -0.1092D-04  -0.2264D-04
  2.000  2.000
  -0.2435D-03   0.0000D+00  -0.1295D-03   0.0000D+00   0.0000D+00   0.0000D+00  -0.4165D-04   0.0000D+00  -0.2435D-03   0.0000D+00  -0.1295D-03   0.0000D+00
   0.2849D-02   0.0000D+00   0.3973D-03   0.0000D+00   0.1415D-02   0.0000D+00   0.3057D-03   0.0000D+00   0.6794D-04   0.0000D+00   0.0000D+00   0.0000D+00   0.2849D-02   0.0000D+00   0.3973D-03   0.0000D+00   0.1415D-02   0.0000D+00
   0.0000D+00   0.0000D+00   0.0000D+00   0.0000D+00   0.0000D+00   0.0000D+00   0.0000D+00   0.0000D+00
  -0.3571D-03   0.1225D-04  -0.1904D-03   0.7287D-05   0.1990D-05  -0.3041D-05  -0.5841D-04   0.3403D-05  -0.3571D-03   0.1225D-04  -0.1904D-03   0.7287D-05
   0.3394D-02  -0.1264D-03   0.4706D-03  -0.3375D-04   0.1565D-02  -0.1827D-03   0.3829D-03   0.0000D+00   0.8876D-04   0.6068D-05  -0.1236D-04   0.1986D-04   0.3394D-02  -0.1264D-03   0.4706D-03  -0.3375D-04   0.1565D-02  -0.1827D-03
  -0.1390D-04  -0.3092D-04  -0.1026D-04  -0.2127D-04  -0.1390D-04  -0.3092D-04  -0.1026D-04  -0.2127D-04
