 LHC=           1 sqrts=   8000.0000000000000      ang=           4 mode=fital                                                                                               scalescheme=           1 R=  0.69999999999999996     
 CT10nlo_rand5678                                                                                             291
 Bin information: chid, chiu, md, mu, mu0
   0.0000000000000000       0.50000000000000000        686.00000000000000        737.00000000000000        711.50000000000000     
 9 scales(muf, mur)*(LO(38), NLO(38))
  0.500  0.500
  -0.3915D+00   0.0000D+00  -0.3166D+00   0.0000D+00   0.0000D+00   0.0000D+00  -0.2118D+00   0.0000D+00  -0.3915D+00   0.0000D+00  -0.3166D+00   0.0000D+00
   0.4714D+00   0.0000D+00   0.7650D-01   0.0000D+00   0.1701D+00   0.0000D+00   0.1170D+00   0.0000D+00   0.2600D-01   0.0000D+00   0.0000D+00   0.0000D+00   0.4714D+00   0.0000D+00   0.7650D-01   0.0000D+00   0.1701D+00   0.0000D+00
   0.0000D+00   0.0000D+00   0.0000D+00   0.0000D+00   0.0000D+00   0.0000D+00   0.0000D+00   0.0000D+00
  -0.3041D+00   0.4066D-01  -0.2743D+00   0.2382D-01   0.2522D-01  -0.1982D-01  -0.1898D+00   0.4383D-02  -0.3041D+00   0.4066D-01  -0.2743D+00   0.2382D-01
   0.3776D+00  -0.1945D-01   0.6328D-01  -0.6185D-02   0.9457D-01  -0.4005D-01   0.1031D+00   0.0000D+00   0.2567D-01   0.2972D-02  -0.3095D-02   0.9727D-02   0.3776D+00  -0.1945D-01   0.6328D-01  -0.6185D-02   0.9457D-01  -0.4005D-01
  -0.1839D-02  -0.5505D-02  -0.2814D-02  -0.6501D-02  -0.1839D-02  -0.5505D-02  -0.2814D-02  -0.6501D-02
  0.500  1.000
  -0.3605D+00   0.0000D+00  -0.2915D+00   0.0000D+00   0.0000D+00   0.0000D+00  -0.1950D+00   0.0000D+00  -0.3605D+00   0.0000D+00  -0.2915D+00   0.0000D+00
   0.4714D+00   0.0000D+00   0.7650D-01   0.0000D+00   0.1701D+00   0.0000D+00   0.1170D+00   0.0000D+00   0.2600D-01   0.0000D+00   0.0000D+00   0.0000D+00   0.4714D+00   0.0000D+00   0.7650D-01   0.0000D+00   0.1701D+00   0.0000D+00
   0.0000D+00   0.0000D+00   0.0000D+00   0.0000D+00   0.0000D+00   0.0000D+00   0.0000D+00   0.0000D+00
  -0.3140D+00   0.3447D-01  -0.2780D+00   0.2020D-01   0.2138D-01  -0.1680D-01  -0.1913D+00   0.3716D-02  -0.3140D+00   0.3447D-01  -0.2780D+00   0.2020D-01
   0.3851D+00  -0.1791D-01   0.6435D-01  -0.5695D-02   0.1006D+00  -0.3688D-01   0.1043D+00   0.0000D+00   0.2570D-01   0.2737D-02  -0.2850D-02   0.8956D-02   0.3851D+00  -0.1791D-01   0.6435D-01  -0.5695D-02   0.1006D+00  -0.3688D-01
  -0.1694D-02  -0.5069D-02  -0.2591D-02  -0.5986D-02  -0.1694D-02  -0.5069D-02  -0.2591D-02  -0.5986D-02
  0.500  2.000
  -0.3341D+00   0.0000D+00  -0.2702D+00   0.0000D+00   0.0000D+00   0.0000D+00  -0.1807D+00   0.0000D+00  -0.3341D+00   0.0000D+00  -0.2702D+00   0.0000D+00
   0.4714D+00   0.0000D+00   0.7650D-01   0.0000D+00   0.1701D+00   0.0000D+00   0.1170D+00   0.0000D+00   0.2600D-01   0.0000D+00   0.0000D+00   0.0000D+00   0.4714D+00   0.0000D+00   0.7650D-01   0.0000D+00   0.1701D+00   0.0000D+00
   0.0000D+00   0.0000D+00   0.0000D+00   0.0000D+00   0.0000D+00   0.0000D+00   0.0000D+00   0.0000D+00
  -0.3178D+00   0.2961D-01  -0.2777D+00   0.1735D-01   0.1837D-01  -0.1443D-01  -0.1903D+00   0.3192D-02  -0.3178D+00   0.2961D-01  -0.2777D+00   0.1735D-01
   0.3915D+00  -0.1660D-01   0.6525D-01  -0.5278D-02   0.1057D+00  -0.3418D-01   0.1052D+00   0.0000D+00   0.2573D-01   0.2536D-02  -0.2641D-02   0.8301D-02   0.3915D+00  -0.1660D-01   0.6525D-01  -0.5278D-02   0.1057D+00  -0.3418D-01
  -0.1570D-02  -0.4698D-02  -0.2401D-02  -0.5548D-02  -0.1570D-02  -0.4698D-02  -0.2401D-02  -0.5548D-02
  1.000  0.500
  -0.3582D+00   0.0000D+00  -0.2900D+00   0.0000D+00   0.0000D+00   0.0000D+00  -0.1935D+00   0.0000D+00  -0.3582D+00   0.0000D+00  -0.2900D+00   0.0000D+00
   0.4318D+00   0.0000D+00   0.7000D-01   0.0000D+00   0.1557D+00   0.0000D+00   0.1065D+00   0.0000D+00   0.2367D-01   0.0000D+00   0.0000D+00   0.0000D+00   0.4318D+00   0.0000D+00   0.7000D-01   0.0000D+00   0.1557D+00   0.0000D+00
   0.0000D+00   0.0000D+00   0.0000D+00   0.0000D+00   0.0000D+00   0.0000D+00   0.0000D+00   0.0000D+00
  -0.3088D+00   0.3715D-01  -0.2766D+00   0.2178D-01   0.2303D-01  -0.1810D-01  -0.1920D+00   0.4044D-02  -0.3088D+00   0.3715D-01  -0.2766D+00   0.2178D-01
   0.3826D+00  -0.1779D-01   0.6397D-01  -0.5661D-02   0.9963D-01  -0.3675D-01   0.1033D+00   0.0000D+00   0.2545D-01   0.2708D-02  -0.2770D-02   0.8862D-02   0.3826D+00  -0.1779D-01   0.6397D-01  -0.5661D-02   0.9963D-01  -0.3675D-01
  -0.1686D-02  -0.5070D-02  -0.2575D-02  -0.5943D-02  -0.1686D-02  -0.5070D-02  -0.2575D-02  -0.5943D-02
  1.000  1.000
  -0.3299D+00   0.0000D+00  -0.2670D+00   0.0000D+00   0.0000D+00   0.0000D+00  -0.1782D+00   0.0000D+00  -0.3299D+00   0.0000D+00  -0.2670D+00   0.0000D+00
   0.4318D+00   0.0000D+00   0.7000D-01   0.0000D+00   0.1557D+00   0.0000D+00   0.1065D+00   0.0000D+00   0.2367D-01   0.0000D+00   0.0000D+00   0.0000D+00   0.4318D+00   0.0000D+00   0.7000D-01   0.0000D+00   0.1557D+00   0.0000D+00
   0.0000D+00   0.0000D+00   0.0000D+00   0.0000D+00   0.0000D+00   0.0000D+00   0.0000D+00   0.0000D+00
  -0.3132D+00   0.3150D-01  -0.2761D+00   0.1846D-01   0.1952D-01  -0.1534D-01  -0.1906D+00   0.3429D-02  -0.3132D+00   0.3150D-01  -0.2761D+00   0.1846D-01
   0.3866D+00  -0.1638D-01   0.6446D-01  -0.5212D-02   0.1041D+00  -0.3384D-01   0.1036D+00   0.0000D+00   0.2532D-01   0.2493D-02  -0.2550D-02   0.8160D-02   0.3866D+00  -0.1638D-01   0.6446D-01  -0.5212D-02   0.1041D+00  -0.3384D-01
  -0.1552D-02  -0.4669D-02  -0.2371D-02  -0.5473D-02  -0.1552D-02  -0.4669D-02  -0.2371D-02  -0.5473D-02
  1.000  2.000
  -0.3057D+00   0.0000D+00  -0.2475D+00   0.0000D+00   0.0000D+00   0.0000D+00  -0.1651D+00   0.0000D+00  -0.3057D+00   0.0000D+00  -0.2475D+00   0.0000D+00
   0.4318D+00   0.0000D+00   0.7000D-01   0.0000D+00   0.1557D+00   0.0000D+00   0.1065D+00   0.0000D+00   0.2367D-01   0.0000D+00   0.0000D+00   0.0000D+00   0.4318D+00   0.0000D+00   0.7000D-01   0.0000D+00   0.1557D+00   0.0000D+00
   0.0000D+00   0.0000D+00   0.0000D+00   0.0000D+00   0.0000D+00   0.0000D+00   0.0000D+00   0.0000D+00
  -0.3131D+00   0.2706D-01  -0.2729D+00   0.1586D-01   0.1677D-01  -0.1318D-01  -0.1875D+00   0.2945D-02  -0.3131D+00   0.2706D-01  -0.2729D+00   0.1586D-01
   0.3900D+00  -0.1518D-01   0.6488D-01  -0.4831D-02   0.1079D+00  -0.3136D-01   0.1038D+00   0.0000D+00   0.2520D-01   0.2311D-02  -0.2364D-02   0.7563D-02   0.3900D+00  -0.1518D-01   0.6488D-01  -0.4831D-02   0.1079D+00  -0.3136D-01
  -0.1439D-02  -0.4327D-02  -0.2197D-02  -0.5072D-02  -0.1439D-02  -0.4327D-02  -0.2197D-02  -0.5072D-02
  2.000  0.500
  -0.3302D+00   0.0000D+00  -0.2673D+00   0.0000D+00   0.0000D+00   0.0000D+00  -0.1780D+00   0.0000D+00  -0.3302D+00   0.0000D+00  -0.2673D+00   0.0000D+00
   0.3970D+00   0.0000D+00   0.6440D-01   0.0000D+00   0.1433D+00   0.0000D+00   0.9759D-01   0.0000D+00   0.2169D-01   0.0000D+00   0.0000D+00   0.0000D+00   0.3970D+00   0.0000D+00   0.6440D-01   0.0000D+00   0.1433D+00   0.0000D+00
   0.0000D+00   0.0000D+00   0.0000D+00   0.0000D+00   0.0000D+00   0.0000D+00   0.0000D+00   0.0000D+00
  -0.3148D+00   0.3421D-01  -0.2799D+00   0.2007D-01   0.2116D-01  -0.1665D-01  -0.1930D+00   0.3757D-02  -0.3148D+00   0.3421D-01  -0.2799D+00   0.2007D-01
   0.3869D+00  -0.1639D-01   0.6461D-01  -0.5205D-02   0.1044D+00  -0.3371D-01   0.1034D+00   0.0000D+00   0.2537D-01   0.2481D-02  -0.2524D-02   0.8119D-02   0.3869D+00  -0.1639D-01   0.6461D-01  -0.5205D-02   0.1044D+00  -0.3371D-01
  -0.1555D-02  -0.4674D-02  -0.2367D-02  -0.5456D-02  -0.1555D-02  -0.4674D-02  -0.2367D-02  -0.5456D-02
  2.000  1.000
  -0.3040D+00   0.0000D+00  -0.2461D+00   0.0000D+00   0.0000D+00   0.0000D+00  -0.1639D+00   0.0000D+00  -0.3040D+00   0.0000D+00  -0.2461D+00   0.0000D+00
   0.3970D+00   0.0000D+00   0.6440D-01   0.0000D+00   0.1433D+00   0.0000D+00   0.9759D-01   0.0000D+00   0.2169D-01   0.0000D+00   0.0000D+00   0.0000D+00   0.3970D+00   0.0000D+00   0.6440D-01   0.0000D+00   0.1433D+00   0.0000D+00
   0.0000D+00   0.0000D+00   0.0000D+00   0.0000D+00   0.0000D+00   0.0000D+00   0.0000D+00   0.0000D+00
  -0.3143D+00   0.2900D-01  -0.2756D+00   0.1701D-01   0.1794D-01  -0.1412D-01  -0.1891D+00   0.3185D-02  -0.3143D+00   0.2900D-01  -0.2756D+00   0.1701D-01
   0.3877D+00  -0.1509D-01   0.6460D-01  -0.4793D-02   0.1075D+00  -0.3104D-01   0.1029D+00   0.0000D+00   0.2508D-01   0.2284D-02  -0.2324D-02   0.7476D-02   0.3877D+00  -0.1509D-01   0.6460D-01  -0.4793D-02   0.1075D+00  -0.3104D-01
  -0.1432D-02  -0.4304D-02  -0.2179D-02  -0.5024D-02  -0.1432D-02  -0.4304D-02  -0.2179D-02  -0.5024D-02
  2.000  2.000
  -0.2818D+00   0.0000D+00  -0.2281D+00   0.0000D+00   0.0000D+00   0.0000D+00  -0.1519D+00   0.0000D+00  -0.2818D+00   0.0000D+00  -0.2281D+00   0.0000D+00
   0.3970D+00   0.0000D+00   0.6440D-01   0.0000D+00   0.1433D+00   0.0000D+00   0.9759D-01   0.0000D+00   0.2169D-01   0.0000D+00   0.0000D+00   0.0000D+00   0.3970D+00   0.0000D+00   0.6440D-01   0.0000D+00   0.1433D+00   0.0000D+00
   0.0000D+00   0.0000D+00   0.0000D+00   0.0000D+00   0.0000D+00   0.0000D+00   0.0000D+00   0.0000D+00
  -0.3106D+00   0.2491D-01  -0.2696D+00   0.1461D-01   0.1541D-01  -0.1212D-01  -0.1843D+00   0.2736D-02  -0.3106D+00   0.2491D-01  -0.2696D+00   0.1461D-01
   0.3885D+00  -0.1398D-01   0.6460D-01  -0.4442D-02   0.1101D+00  -0.2876D-01   0.1026D+00   0.0000D+00   0.2484D-01   0.2117D-02  -0.2154D-02   0.6929D-02   0.3885D+00  -0.1398D-01   0.6460D-01  -0.4442D-02   0.1101D+00  -0.2876D-01
  -0.1327D-02  -0.3989D-02  -0.2020D-02  -0.4656D-02  -0.1327D-02  -0.3989D-02  -0.2020D-02  -0.4656D-02
