 LHC=           1 sqrts=   8000.0000000000000      ang=           4 mode=fital                                                                                               scalescheme=           1 R=  0.69999999999999996     
 CT10nlo_rand5678                                                                                             291
 Bin information: chid, chiu, md, mu, mu0
   0.0000000000000000       0.50000000000000000        1248.0000000000000        1327.0000000000000        1287.5000000000000     
 9 scales(muf, mur)*(LO(38), NLO(38))
  0.500  0.500
  -0.4594D-01   0.0000D+00  -0.2980D-01   0.0000D+00   0.0000D+00   0.0000D+00  -0.1446D-01   0.0000D+00  -0.4594D-01   0.0000D+00  -0.2980D-01   0.0000D+00
   0.1554D+00   0.0000D+00   0.2319D-01   0.0000D+00   0.6794D-01   0.0000D+00   0.2536D-01   0.0000D+00   0.5635D-02   0.0000D+00   0.0000D+00   0.0000D+00   0.1554D+00   0.0000D+00   0.2319D-01   0.0000D+00   0.6794D-01   0.0000D+00
   0.0000D+00   0.0000D+00   0.0000D+00   0.0000D+00   0.0000D+00   0.0000D+00   0.0000D+00   0.0000D+00
  -0.3831D-01   0.3452D-02  -0.2619D-01   0.2030D-02   0.1740D-02  -0.1261D-02  -0.1269D-01   0.6707D-03  -0.3831D-01   0.3452D-02  -0.2619D-01   0.2030D-02
   0.1152D+00  -0.7242D-02   0.1758D-01  -0.2063D-02   0.3958D-01  -0.1207D-01   0.2115D-01   0.0000D+00   0.5249D-02   0.6004D-03  -0.1084D-02   0.1965D-02   0.1152D+00  -0.7242D-02   0.1758D-01  -0.2063D-02   0.3958D-01  -0.1207D-01
  -0.7526D-03  -0.1868D-02  -0.7623D-03  -0.1636D-02  -0.7526D-03  -0.1868D-02  -0.7623D-03  -0.1636D-02
  0.500  1.000
  -0.4254D-01   0.0000D+00  -0.2760D-01   0.0000D+00   0.0000D+00   0.0000D+00  -0.1339D-01   0.0000D+00  -0.4254D-01   0.0000D+00  -0.2760D-01   0.0000D+00
   0.1554D+00   0.0000D+00   0.2319D-01   0.0000D+00   0.6794D-01   0.0000D+00   0.2536D-01   0.0000D+00   0.5635D-02   0.0000D+00   0.0000D+00   0.0000D+00   0.1554D+00   0.0000D+00   0.2319D-01   0.0000D+00   0.6794D-01   0.0000D+00
   0.0000D+00   0.0000D+00   0.0000D+00   0.0000D+00   0.0000D+00   0.0000D+00   0.0000D+00   0.0000D+00
  -0.3904D-01   0.2960D-02  -0.2648D-01   0.1740D-02   0.1492D-02  -0.1081D-02  -0.1283D-01   0.5751D-03  -0.3904D-01   0.2960D-02  -0.2648D-01   0.1740D-02
   0.1182D+00  -0.6706D-02   0.1799D-01  -0.1911D-02   0.4168D-01  -0.1118D-01   0.2146D-01   0.0000D+00   0.5278D-02   0.5559D-03  -0.1004D-02   0.1819D-02   0.1182D+00  -0.6706D-02   0.1799D-01  -0.1911D-02   0.4168D-01  -0.1118D-01
  -0.6969D-03  -0.1730D-02  -0.7059D-03  -0.1515D-02  -0.6969D-03  -0.1730D-02  -0.7059D-03  -0.1515D-02
  0.500  2.000
  -0.3961D-01   0.0000D+00  -0.2570D-01   0.0000D+00   0.0000D+00   0.0000D+00  -0.1247D-01   0.0000D+00  -0.3961D-01   0.0000D+00  -0.2570D-01   0.0000D+00
   0.1554D+00   0.0000D+00   0.2319D-01   0.0000D+00   0.6794D-01   0.0000D+00   0.2536D-01   0.0000D+00   0.5635D-02   0.0000D+00   0.0000D+00   0.0000D+00   0.1554D+00   0.0000D+00   0.2319D-01   0.0000D+00   0.6794D-01   0.0000D+00
   0.0000D+00   0.0000D+00   0.0000D+00   0.0000D+00   0.0000D+00   0.0000D+00   0.0000D+00   0.0000D+00
  -0.3923D-01   0.2567D-02  -0.2645D-01   0.1509D-02   0.1294D-02  -0.9375D-03  -0.1282D-01   0.4987D-03  -0.3923D-01   0.2567D-02  -0.2645D-01   0.1509D-02
   0.1208D+00  -0.6245D-02   0.1835D-01  -0.1779D-02   0.4349D-01  -0.1041D-01   0.2173D-01   0.0000D+00   0.5303D-02   0.5177D-03  -0.9352D-03   0.1694D-02   0.1208D+00  -0.6245D-02   0.1835D-01  -0.1779D-02   0.4349D-01  -0.1041D-01
  -0.6490D-03  -0.1611D-02  -0.6574D-03  -0.1411D-02  -0.6490D-03  -0.1611D-02  -0.6574D-03  -0.1411D-02
  1.000  0.500
  -0.4027D-01   0.0000D+00  -0.2605D-01   0.0000D+00   0.0000D+00   0.0000D+00  -0.1262D-01   0.0000D+00  -0.4027D-01   0.0000D+00  -0.2605D-01   0.0000D+00
   0.1359D+00   0.0000D+00   0.2028D-01   0.0000D+00   0.5951D-01   0.0000D+00   0.2211D-01   0.0000D+00   0.4914D-02   0.0000D+00   0.0000D+00   0.0000D+00   0.1359D+00   0.0000D+00   0.2028D-01   0.0000D+00   0.5951D-01   0.0000D+00
   0.0000D+00   0.0000D+00   0.0000D+00   0.0000D+00   0.0000D+00   0.0000D+00   0.0000D+00   0.0000D+00
  -0.3891D-01   0.3017D-02  -0.2639D-01   0.1776D-02   0.1506D-02  -0.1100D-02  -0.1279D-01   0.5863D-03  -0.3891D-01   0.3017D-02  -0.2639D-01   0.1776D-02
   0.1187D+00  -0.6339D-02   0.1810D-01  -0.1808D-02   0.4254D-01  -0.1056D-01   0.2147D-01   0.0000D+00   0.5237D-02   0.5237D-03  -0.9492D-03   0.1714D-02   0.1187D+00  -0.6339D-02   0.1810D-01  -0.1808D-02   0.4254D-01  -0.1056D-01
  -0.6601D-03  -0.1641D-02  -0.6659D-03  -0.1430D-02  -0.6601D-03  -0.1641D-02  -0.6659D-03  -0.1430D-02
  1.000  1.000
  -0.3729D-01   0.0000D+00  -0.2412D-01   0.0000D+00   0.0000D+00   0.0000D+00  -0.1168D-01   0.0000D+00  -0.3729D-01   0.0000D+00  -0.2412D-01   0.0000D+00
   0.1359D+00   0.0000D+00   0.2028D-01   0.0000D+00   0.5951D-01   0.0000D+00   0.2211D-01   0.0000D+00   0.4914D-02   0.0000D+00   0.0000D+00   0.0000D+00   0.1359D+00   0.0000D+00   0.2028D-01   0.0000D+00   0.5951D-01   0.0000D+00
   0.0000D+00   0.0000D+00   0.0000D+00   0.0000D+00   0.0000D+00   0.0000D+00   0.0000D+00   0.0000D+00
  -0.3879D-01   0.2587D-02  -0.2615D-01   0.1523D-02   0.1291D-02  -0.9429D-03  -0.1267D-01   0.5027D-03  -0.3879D-01   0.2587D-02  -0.2615D-01   0.1523D-02
   0.1200D+00  -0.5870D-02   0.1826D-01  -0.1674D-02   0.4380D-01  -0.9779D-02   0.2152D-01   0.0000D+00   0.5214D-02   0.4850D-03  -0.8791D-03   0.1587D-02   0.1200D+00  -0.5870D-02   0.1826D-01  -0.1674D-02   0.4380D-01  -0.9779D-02
  -0.6112D-03  -0.1520D-02  -0.6166D-03  -0.1324D-02  -0.6112D-03  -0.1520D-02  -0.6166D-03  -0.1324D-02
  1.000  2.000
  -0.3473D-01   0.0000D+00  -0.2246D-01   0.0000D+00   0.0000D+00   0.0000D+00  -0.1088D-01   0.0000D+00  -0.3473D-01   0.0000D+00  -0.2246D-01   0.0000D+00
   0.1359D+00   0.0000D+00   0.2028D-01   0.0000D+00   0.5951D-01   0.0000D+00   0.2211D-01   0.0000D+00   0.4914D-02   0.0000D+00   0.0000D+00   0.0000D+00   0.1359D+00   0.0000D+00   0.2028D-01   0.0000D+00   0.5951D-01   0.0000D+00
   0.0000D+00   0.0000D+00   0.0000D+00   0.0000D+00   0.0000D+00   0.0000D+00   0.0000D+00   0.0000D+00
  -0.3835D-01   0.2243D-02  -0.2572D-01   0.1321D-02   0.1120D-02  -0.8177D-03  -0.1246D-01   0.4360D-03  -0.3835D-01   0.2243D-02  -0.2572D-01   0.1321D-02
   0.1211D+00  -0.5466D-02   0.1840D-01  -0.1559D-02   0.4488D-01  -0.9106D-02   0.2156D-01   0.0000D+00   0.5193D-02   0.4516D-03  -0.8187D-03   0.1478D-02   0.1211D+00  -0.5466D-02   0.1840D-01  -0.1559D-02   0.4488D-01  -0.9106D-02
  -0.5692D-03  -0.1416D-02  -0.5742D-03  -0.1233D-02  -0.5692D-03  -0.1416D-02  -0.5742D-03  -0.1233D-02
  2.000  0.500
  -0.3565D-01   0.0000D+00  -0.2296D-01   0.0000D+00   0.0000D+00   0.0000D+00  -0.1111D-01   0.0000D+00  -0.3565D-01   0.0000D+00  -0.2296D-01   0.0000D+00
   0.1199D+00   0.0000D+00   0.1785D-01   0.0000D+00   0.5262D-01   0.0000D+00   0.1947D-01   0.0000D+00   0.4326D-02   0.0000D+00   0.0000D+00   0.0000D+00   0.1199D+00   0.0000D+00   0.1785D-01   0.0000D+00   0.5262D-01   0.0000D+00
   0.0000D+00   0.0000D+00   0.0000D+00   0.0000D+00   0.0000D+00   0.0000D+00   0.0000D+00   0.0000D+00
  -0.3916D-01   0.2659D-02  -0.2637D-01   0.1567D-02   0.1295D-02  -0.9687D-03  -0.1279D-01   0.5177D-03  -0.3916D-01   0.2659D-02  -0.2637D-01   0.1567D-02
   0.1209D+00  -0.5607D-02   0.1836D-01  -0.1598D-02   0.4476D-01  -0.9315D-02   0.2156D-01   0.0000D+00   0.5203D-02   0.4608D-03  -0.8262D-03   0.1508D-02   0.1209D+00  -0.5607D-02   0.1836D-01  -0.1598D-02   0.4476D-01  -0.9315D-02
  -0.5840D-03  -0.1440D-02  -0.5868D-03  -0.1256D-02  -0.5840D-03  -0.1440D-02  -0.5868D-03  -0.1256D-02
  2.000  1.000
  -0.3301D-01   0.0000D+00  -0.2126D-01   0.0000D+00   0.0000D+00   0.0000D+00  -0.1029D-01   0.0000D+00  -0.3301D-01   0.0000D+00  -0.2126D-01   0.0000D+00
   0.1199D+00   0.0000D+00   0.1785D-01   0.0000D+00   0.5262D-01   0.0000D+00   0.1947D-01   0.0000D+00   0.4326D-02   0.0000D+00   0.0000D+00   0.0000D+00   0.1199D+00   0.0000D+00   0.1785D-01   0.0000D+00   0.5262D-01   0.0000D+00
   0.0000D+00   0.0000D+00   0.0000D+00   0.0000D+00   0.0000D+00   0.0000D+00   0.0000D+00   0.0000D+00
  -0.3839D-01   0.2280D-02  -0.2571D-01   0.1343D-02   0.1110D-02  -0.8306D-03  -0.1247D-01   0.4439D-03  -0.3839D-01   0.2280D-02  -0.2571D-01   0.1343D-02
   0.1209D+00  -0.5192D-02   0.1832D-01  -0.1480D-02   0.4534D-01  -0.8626D-02   0.2141D-01   0.0000D+00   0.5138D-02   0.4267D-03  -0.7651D-03   0.1396D-02   0.1209D+00  -0.5192D-02   0.1832D-01  -0.1480D-02   0.4534D-01  -0.8626D-02
  -0.5408D-03  -0.1334D-02  -0.5434D-03  -0.1163D-02  -0.5408D-03  -0.1334D-02  -0.5434D-03  -0.1163D-02
  2.000  2.000
  -0.3074D-01   0.0000D+00  -0.1980D-01   0.0000D+00   0.0000D+00   0.0000D+00  -0.9583D-02   0.0000D+00  -0.3074D-01   0.0000D+00  -0.1980D-01   0.0000D+00
   0.1199D+00   0.0000D+00   0.1785D-01   0.0000D+00   0.5262D-01   0.0000D+00   0.1947D-01   0.0000D+00   0.4326D-02   0.0000D+00   0.0000D+00   0.0000D+00   0.1199D+00   0.0000D+00   0.1785D-01   0.0000D+00   0.5262D-01   0.0000D+00
   0.0000D+00   0.0000D+00   0.0000D+00   0.0000D+00   0.0000D+00   0.0000D+00   0.0000D+00   0.0000D+00
  -0.3746D-01   0.1978D-02  -0.2498D-01   0.1165D-02   0.9631D-03  -0.7204D-03  -0.1211D-01   0.3849D-03  -0.3746D-01   0.1978D-02  -0.2498D-01   0.1165D-02
   0.1208D+00  -0.4836D-02   0.1829D-01  -0.1378D-02   0.4585D-01  -0.8033D-02   0.2127D-01   0.0000D+00   0.5083D-02   0.3974D-03  -0.7125D-03   0.1300D-02   0.1208D+00  -0.4836D-02   0.1829D-01  -0.1378D-02   0.4585D-01  -0.8033D-02
  -0.5036D-03  -0.1242D-02  -0.5060D-03  -0.1083D-02  -0.5036D-03  -0.1242D-02  -0.5060D-03  -0.1083D-02
