 LHC=           1 sqrts=   8000.0000000000000      ang=           4 mode=fital                                                                                               scalescheme=           1 R=  0.69999999999999996     
 NNPDF23_nlo_as_0118                                                                                           14
 Bin information: chid, chiu, md, mu, mu0
   0.0000000000000000       0.50000000000000000        1497.0000000000000        1588.0000000000000        1542.5000000000000     
 9 scales(muf, mur)*(LO(38), NLO(38))
  0.500  0.500
  -0.1648D-01   0.0000D+00  -0.1054D-01   0.0000D+00   0.0000D+00   0.0000D+00  -0.4173D-02   0.0000D+00  -0.1648D-01   0.0000D+00  -0.1054D-01   0.0000D+00
   0.7862D-01   0.0000D+00   0.1166D-01   0.0000D+00   0.3487D-01   0.0000D+00   0.1029D-01   0.0000D+00   0.2286D-02   0.0000D+00   0.0000D+00   0.0000D+00   0.7862D-01   0.0000D+00   0.1166D-01   0.0000D+00   0.3487D-01   0.0000D+00
   0.0000D+00   0.0000D+00   0.0000D+00   0.0000D+00   0.0000D+00   0.0000D+00   0.0000D+00   0.0000D+00
  -0.1401D-01   0.1199D-02  -0.9396D-02   0.6747D-03   0.5037D-03  -0.3621D-03  -0.3559D-02   0.2869D-03  -0.1401D-01   0.1199D-02  -0.9396D-02   0.6747D-03
   0.5804D-01  -0.3698D-02   0.8786D-02  -0.1047D-02   0.2038D-01  -0.6069D-02   0.8605D-02   0.0000D+00   0.2084D-02   0.2422D-03  -0.6283D-03   0.7928D-03   0.5804D-01  -0.3698D-02   0.8786D-02  -0.1047D-02   0.2038D-01  -0.6069D-02
  -0.3910D-03  -0.9291D-03  -0.3628D-03  -0.7677D-03  -0.3910D-03  -0.9291D-03  -0.3628D-03  -0.7677D-03
  0.500  1.000
  -0.1538D-01   0.0000D+00  -0.9832D-02   0.0000D+00   0.0000D+00   0.0000D+00  -0.3893D-02   0.0000D+00  -0.1538D-01   0.0000D+00  -0.9832D-02   0.0000D+00
   0.7862D-01   0.0000D+00   0.1166D-01   0.0000D+00   0.3487D-01   0.0000D+00   0.1029D-01   0.0000D+00   0.2286D-02   0.0000D+00   0.0000D+00   0.0000D+00   0.7862D-01   0.0000D+00   0.1166D-01   0.0000D+00   0.3487D-01   0.0000D+00
   0.0000D+00   0.0000D+00   0.0000D+00   0.0000D+00   0.0000D+00   0.0000D+00   0.0000D+00   0.0000D+00
  -0.1433D-01   0.1043D-02  -0.9543D-02   0.5871D-03   0.4384D-03  -0.3151D-03  -0.3638D-02   0.2496D-03  -0.1433D-01   0.1043D-02  -0.9543D-02   0.5871D-03
   0.5943D-01  -0.3449D-02   0.8979D-02  -0.9768D-03   0.2136D-01  -0.5661D-02   0.8718D-02   0.0000D+00   0.2098D-02   0.2260D-03  -0.5862D-03   0.7395D-03   0.5943D-01  -0.3449D-02   0.8979D-02  -0.9768D-03   0.2136D-01  -0.5661D-02
  -0.3648D-03  -0.8667D-03  -0.3385D-03  -0.7161D-03  -0.3648D-03  -0.8667D-03  -0.3385D-03  -0.7161D-03
  0.500  2.000
  -0.1441D-01   0.0000D+00  -0.9214D-02   0.0000D+00   0.0000D+00   0.0000D+00  -0.3648D-02   0.0000D+00  -0.1441D-01   0.0000D+00  -0.9214D-02   0.0000D+00
   0.7862D-01   0.0000D+00   0.1166D-01   0.0000D+00   0.3487D-01   0.0000D+00   0.1029D-01   0.0000D+00   0.2286D-02   0.0000D+00   0.0000D+00   0.0000D+00   0.7862D-01   0.0000D+00   0.1166D-01   0.0000D+00   0.3487D-01   0.0000D+00
   0.0000D+00   0.0000D+00   0.0000D+00   0.0000D+00   0.0000D+00   0.0000D+00   0.0000D+00   0.0000D+00
  -0.1446D-01   0.9164D-03  -0.9580D-02   0.5156D-03   0.3850D-03  -0.2767D-03  -0.3670D-02   0.2192D-03  -0.1446D-01   0.9164D-03  -0.9580D-02   0.5156D-03
   0.6064D-01  -0.3233D-02   0.9148D-02  -0.9154D-03   0.2221D-01  -0.5305D-02   0.8818D-02   0.0000D+00   0.2110D-02   0.2118D-03  -0.5493D-03   0.6931D-03   0.6064D-01  -0.3233D-02   0.9148D-02  -0.9154D-03   0.2221D-01  -0.5305D-02
  -0.3418D-03  -0.8122D-03  -0.3172D-03  -0.6711D-03  -0.3418D-03  -0.8122D-03  -0.3172D-03  -0.6711D-03
  1.000  0.500
  -0.1415D-01   0.0000D+00  -0.9040D-02   0.0000D+00   0.0000D+00   0.0000D+00  -0.3571D-02   0.0000D+00  -0.1415D-01   0.0000D+00  -0.9040D-02   0.0000D+00
   0.6746D-01   0.0000D+00   0.9989D-02   0.0000D+00   0.2998D-01   0.0000D+00   0.8793D-02   0.0000D+00   0.1954D-02   0.0000D+00   0.0000D+00   0.0000D+00   0.6746D-01   0.0000D+00   0.9989D-02   0.0000D+00   0.2998D-01   0.0000D+00
   0.0000D+00   0.0000D+00   0.0000D+00   0.0000D+00   0.0000D+00   0.0000D+00   0.0000D+00   0.0000D+00
  -0.1418D-01   0.1028D-02  -0.9440D-02   0.5790D-03   0.4300D-03  -0.3099D-03  -0.3598D-02   0.2465D-03  -0.1418D-01   0.1028D-02  -0.9440D-02   0.5790D-03
   0.6009D-01  -0.3179D-02   0.9053D-02  -0.8993D-03   0.2205D-01  -0.5204D-02   0.8704D-02   0.0000D+00   0.2085D-02   0.2073D-03  -0.5308D-03   0.6783D-03   0.6009D-01  -0.3179D-02   0.9053D-02  -0.8993D-03   0.2205D-01  -0.5204D-02
  -0.3360D-03  -0.7974D-03  -0.3111D-03  -0.6578D-03  -0.3360D-03  -0.7974D-03  -0.3111D-03  -0.6578D-03
  1.000  1.000
  -0.1320D-01   0.0000D+00  -0.8433D-02   0.0000D+00   0.0000D+00   0.0000D+00  -0.3331D-02   0.0000D+00  -0.1320D-01   0.0000D+00  -0.8433D-02   0.0000D+00
   0.6746D-01   0.0000D+00   0.9989D-02   0.0000D+00   0.2998D-01   0.0000D+00   0.8793D-02   0.0000D+00   0.1954D-02   0.0000D+00   0.0000D+00   0.0000D+00   0.6746D-01   0.0000D+00   0.9989D-02   0.0000D+00   0.2998D-01   0.0000D+00
   0.0000D+00   0.0000D+00   0.0000D+00   0.0000D+00   0.0000D+00   0.0000D+00   0.0000D+00   0.0000D+00
  -0.1417D-01   0.8945D-03  -0.9386D-02   0.5038D-03   0.3742D-03  -0.2696D-03  -0.3594D-02   0.2145D-03  -0.1417D-01   0.8945D-03  -0.9386D-02   0.5038D-03
   0.6059D-01  -0.2965D-02   0.9117D-02  -0.8389D-03   0.2259D-01  -0.4855D-02   0.8711D-02   0.0000D+00   0.2076D-02   0.1933D-03  -0.4952D-03   0.6327D-03   0.6059D-01  -0.2965D-02   0.9117D-02  -0.8389D-03   0.2259D-01  -0.4855D-02
  -0.3134D-03  -0.7439D-03  -0.2902D-03  -0.6136D-03  -0.3134D-03  -0.7439D-03  -0.2902D-03  -0.6136D-03
  1.000  2.000
  -0.1237D-01   0.0000D+00  -0.7903D-02   0.0000D+00   0.0000D+00   0.0000D+00  -0.3122D-02   0.0000D+00  -0.1237D-01   0.0000D+00  -0.7903D-02   0.0000D+00
   0.6746D-01   0.0000D+00   0.9989D-02   0.0000D+00   0.2998D-01   0.0000D+00   0.8793D-02   0.0000D+00   0.1954D-02   0.0000D+00   0.0000D+00   0.0000D+00   0.6746D-01   0.0000D+00   0.9989D-02   0.0000D+00   0.2998D-01   0.0000D+00
   0.0000D+00   0.0000D+00   0.0000D+00   0.0000D+00   0.0000D+00   0.0000D+00   0.0000D+00   0.0000D+00
  -0.1406D-01   0.7856D-03  -0.9272D-02   0.4424D-03   0.3287D-03  -0.2368D-03  -0.3563D-02   0.1884D-03  -0.1406D-01   0.7856D-03  -0.9272D-02   0.4424D-03
   0.6103D-01  -0.2779D-02   0.9172D-02  -0.7861D-03   0.2305D-01  -0.4550D-02   0.8716D-02   0.0000D+00   0.2069D-02   0.1812D-03  -0.4641D-03   0.5929D-03   0.6103D-01  -0.2779D-02   0.9172D-02  -0.7861D-03   0.2305D-01  -0.4550D-02
  -0.2937D-03  -0.6971D-03  -0.2719D-03  -0.5750D-03  -0.2937D-03  -0.6971D-03  -0.2719D-03  -0.5750D-03
  2.000  0.500
  -0.1227D-01   0.0000D+00  -0.7828D-02   0.0000D+00   0.0000D+00   0.0000D+00  -0.3084D-02   0.0000D+00  -0.1227D-01   0.0000D+00  -0.7828D-02   0.0000D+00
   0.5846D-01   0.0000D+00   0.8652D-02   0.0000D+00   0.2598D-01   0.0000D+00   0.7596D-02   0.0000D+00   0.1688D-02   0.0000D+00   0.0000D+00   0.0000D+00   0.5846D-01   0.0000D+00   0.8652D-02   0.0000D+00   0.2598D-01   0.0000D+00
   0.0000D+00   0.0000D+00   0.0000D+00   0.0000D+00   0.0000D+00   0.0000D+00   0.0000D+00   0.0000D+00
  -0.1418D-01   0.8899D-03  -0.9394D-02   0.5016D-03   0.3701D-03  -0.2676D-03  -0.3595D-02   0.2141D-03  -0.1418D-01   0.8899D-03  -0.9394D-02   0.5016D-03
   0.6108D-01  -0.2756D-02   0.9180D-02  -0.7794D-03   0.2319D-01  -0.4506D-02   0.8726D-02   0.0000D+00   0.2067D-02   0.1790D-03  -0.4551D-03   0.5858D-03   0.6108D-01  -0.2756D-02   0.9180D-02  -0.7794D-03   0.2319D-01  -0.4506D-02
  -0.2913D-03  -0.6914D-03  -0.2691D-03  -0.5686D-03  -0.2913D-03  -0.6914D-03  -0.2691D-03  -0.5686D-03
  2.000  1.000
  -0.1144D-01   0.0000D+00  -0.7302D-02   0.0000D+00   0.0000D+00   0.0000D+00  -0.2877D-02   0.0000D+00  -0.1144D-01   0.0000D+00  -0.7302D-02   0.0000D+00
   0.5846D-01   0.0000D+00   0.8652D-02   0.0000D+00   0.2598D-01   0.0000D+00   0.7596D-02   0.0000D+00   0.1688D-02   0.0000D+00   0.0000D+00   0.0000D+00   0.5846D-01   0.0000D+00   0.8652D-02   0.0000D+00   0.2598D-01   0.0000D+00
   0.0000D+00   0.0000D+00   0.0000D+00   0.0000D+00   0.0000D+00   0.0000D+00   0.0000D+00   0.0000D+00
  -0.1393D-01   0.7744D-03  -0.9189D-02   0.4364D-03   0.3221D-03  -0.2329D-03  -0.3528D-02   0.1863D-03  -0.1393D-01   0.7744D-03  -0.9189D-02   0.4364D-03
   0.6091D-01  -0.2571D-02   0.9145D-02  -0.7270D-03   0.2338D-01  -0.4203D-02   0.8651D-02   0.0000D+00   0.2042D-02   0.1670D-03  -0.4246D-03   0.5464D-03   0.6091D-01  -0.2571D-02   0.9145D-02  -0.7270D-03   0.2338D-01  -0.4203D-02
  -0.2717D-03  -0.6449D-03  -0.2511D-03  -0.5304D-03  -0.2717D-03  -0.6449D-03  -0.2511D-03  -0.5304D-03
  2.000  2.000
  -0.1072D-01   0.0000D+00  -0.6843D-02   0.0000D+00   0.0000D+00   0.0000D+00  -0.2696D-02   0.0000D+00  -0.1072D-01   0.0000D+00  -0.6843D-02   0.0000D+00
   0.5846D-01   0.0000D+00   0.8652D-02   0.0000D+00   0.2598D-01   0.0000D+00   0.7596D-02   0.0000D+00   0.1688D-02   0.0000D+00   0.0000D+00   0.0000D+00   0.5846D-01   0.0000D+00   0.8652D-02   0.0000D+00   0.2598D-01   0.0000D+00
   0.0000D+00   0.0000D+00   0.0000D+00   0.0000D+00   0.0000D+00   0.0000D+00   0.0000D+00   0.0000D+00
  -0.1363D-01   0.6801D-03  -0.8961D-02   0.3833D-03   0.2829D-03  -0.2045D-03  -0.3449D-02   0.1636D-03  -0.1363D-01   0.6801D-03  -0.8961D-02   0.3833D-03
   0.6076D-01  -0.2409D-02   0.9115D-02  -0.6813D-03   0.2355D-01  -0.3939D-02   0.8585D-02   0.0000D+00   0.2020D-02   0.1565D-03  -0.3979D-03   0.5121D-03   0.6076D-01  -0.2409D-02   0.9115D-02  -0.6813D-03   0.2355D-01  -0.3939D-02
  -0.2546D-03  -0.6044D-03  -0.2353D-03  -0.4970D-03  -0.2546D-03  -0.6044D-03  -0.2353D-03  -0.4970D-03
