 LHC=           1 sqrts=   8000.0000000000000      ang=           4 mode=fital                                                                                               scalescheme=           1 R=  0.69999999999999996     
 CT10nlo_rand5678                                                                                              33
 Bin information: chid, chiu, md, mu, mu0
   0.0000000000000000       0.50000000000000000        3250.0000000000000        3500.0000000000000        3375.0000000000000     
 9 scales(muf, mur)*(LO(38), NLO(38))
  0.500  0.500
  -0.3936D-07   0.0000D+00  -0.5587D-07   0.0000D+00   0.0000D+00   0.0000D+00  -0.3412D-07   0.0000D+00  -0.3936D-07   0.0000D+00  -0.5587D-07   0.0000D+00
   0.1728D-05   0.0000D+00   0.3118D-06   0.0000D+00   0.4326D-06   0.0000D+00   0.4366D-06   0.0000D+00   0.9703D-07   0.0000D+00   0.0000D+00   0.0000D+00   0.1728D-05   0.0000D+00   0.3118D-06   0.0000D+00   0.4326D-06   0.0000D+00
   0.0000D+00   0.0000D+00   0.0000D+00   0.0000D+00   0.0000D+00   0.0000D+00   0.0000D+00   0.0000D+00
  -0.4178D-07   0.5958D-08  -0.5942D-07   0.2891D-08   0.2690D-08  -0.2679D-08  -0.3546D-07   0.8014D-09  -0.4178D-07   0.5958D-08  -0.5942D-07   0.2891D-08
   0.1599D-05  -0.4154D-07   0.2917D-06  -0.1664D-07   0.2978D-06  -0.1266D-06   0.4091D-06   0.0000D+00   0.1001D-06   0.9312D-08   0.1148D-09   0.3048D-07   0.1599D-05  -0.4154D-07   0.2917D-06  -0.1664D-07   0.2978D-06  -0.1266D-06
  -0.4583D-08  -0.1285D-07  -0.1075D-07  -0.2150D-07  -0.4583D-08  -0.1285D-07  -0.1075D-07  -0.2150D-07
  0.500  1.000
  -0.3672D-07   0.0000D+00  -0.5213D-07   0.0000D+00   0.0000D+00   0.0000D+00  -0.3184D-07   0.0000D+00  -0.3672D-07   0.0000D+00  -0.5213D-07   0.0000D+00
   0.1728D-05   0.0000D+00   0.3118D-06   0.0000D+00   0.4326D-06   0.0000D+00   0.4366D-06   0.0000D+00   0.9703D-07   0.0000D+00   0.0000D+00   0.0000D+00   0.1728D-05   0.0000D+00   0.3118D-06   0.0000D+00   0.4326D-06   0.0000D+00
   0.0000D+00   0.0000D+00   0.0000D+00   0.0000D+00   0.0000D+00   0.0000D+00   0.0000D+00   0.0000D+00
  -0.4121D-07   0.5187D-08  -0.5860D-07   0.2517D-08   0.2342D-08  -0.2332D-08  -0.3507D-07   0.6976D-09  -0.4121D-07   0.5187D-08  -0.5860D-07   0.2517D-08
   0.1608D-05  -0.3876D-07   0.2931D-06  -0.1552D-07   0.3068D-06  -0.1181D-06   0.4110D-06   0.0000D+00   0.9991D-07   0.8688D-08   0.1072D-09   0.2843D-07   0.1608D-05  -0.3876D-07   0.2931D-06  -0.1552D-07   0.3068D-06  -0.1181D-06
  -0.4276D-08  -0.1199D-07  -0.1003D-07  -0.2006D-07  -0.4276D-08  -0.1199D-07  -0.1003D-07  -0.2006D-07
  0.500  2.000
  -0.3442D-07   0.0000D+00  -0.4886D-07   0.0000D+00   0.0000D+00   0.0000D+00  -0.2984D-07   0.0000D+00  -0.3442D-07   0.0000D+00  -0.4886D-07   0.0000D+00
   0.1728D-05   0.0000D+00   0.3118D-06   0.0000D+00   0.4326D-06   0.0000D+00   0.4366D-06   0.0000D+00   0.9703D-07   0.0000D+00   0.0000D+00   0.0000D+00   0.1728D-05   0.0000D+00   0.3118D-06   0.0000D+00   0.4326D-06   0.0000D+00
   0.0000D+00   0.0000D+00   0.0000D+00   0.0000D+00   0.0000D+00   0.0000D+00   0.0000D+00   0.0000D+00
  -0.4046D-07   0.4557D-08  -0.5752D-07   0.2212D-08   0.2058D-08  -0.2049D-08  -0.3450D-07   0.6129D-09  -0.4046D-07   0.4557D-08  -0.5752D-07   0.2212D-08
   0.1616D-05  -0.3633D-07   0.2942D-06  -0.1455D-07   0.3147D-06  -0.1107D-06   0.4126D-06   0.0000D+00   0.9973D-07   0.8144D-08   0.1006D-09   0.2665D-07   0.1616D-05  -0.3633D-07   0.2942D-06  -0.1455D-07   0.3147D-06  -0.1107D-06
  -0.4008D-08  -0.1124D-07  -0.9402D-08  -0.1880D-07  -0.4008D-08  -0.1124D-07  -0.9402D-08  -0.1880D-07
  1.000  0.500
  -0.2972D-07   0.0000D+00  -0.4255D-07   0.0000D+00   0.0000D+00   0.0000D+00  -0.2619D-07   0.0000D+00  -0.2972D-07   0.0000D+00  -0.4255D-07   0.0000D+00
   0.1317D-05   0.0000D+00   0.2379D-06   0.0000D+00   0.3275D-06   0.0000D+00   0.3369D-06   0.0000D+00   0.7486D-07   0.0000D+00   0.0000D+00   0.0000D+00   0.1317D-05   0.0000D+00   0.2379D-06   0.0000D+00   0.3275D-06   0.0000D+00
   0.0000D+00   0.0000D+00   0.0000D+00   0.0000D+00   0.0000D+00   0.0000D+00   0.0000D+00   0.0000D+00
  -0.3986D-07   0.4539D-08  -0.5687D-07   0.2205D-08   0.2133D-08  -0.2056D-08  -0.3413D-07   0.5989D-09  -0.3986D-07   0.4539D-08  -0.5687D-07   0.2205D-08
   0.1578D-05  -0.3144D-07   0.2871D-06  -0.1264D-07   0.3159D-06  -0.9651D-07   0.4036D-06   0.0000D+00   0.9671D-07   0.7186D-08   0.2204D-09   0.2352D-07   0.1578D-05  -0.3144D-07   0.2871D-06  -0.1264D-07   0.3159D-06  -0.9651D-07
  -0.3460D-08  -0.9775D-08  -0.8226D-08  -0.1649D-07  -0.3460D-08  -0.9775D-08  -0.8226D-08  -0.1649D-07
  1.000  1.000
  -0.2773D-07   0.0000D+00  -0.3970D-07   0.0000D+00   0.0000D+00   0.0000D+00  -0.2443D-07   0.0000D+00  -0.2773D-07   0.0000D+00  -0.3970D-07   0.0000D+00
   0.1317D-05   0.0000D+00   0.2379D-06   0.0000D+00   0.3275D-06   0.0000D+00   0.3369D-06   0.0000D+00   0.7486D-07   0.0000D+00   0.0000D+00   0.0000D+00   0.1317D-05   0.0000D+00   0.2379D-06   0.0000D+00   0.3275D-06   0.0000D+00
   0.0000D+00   0.0000D+00   0.0000D+00   0.0000D+00   0.0000D+00   0.0000D+00   0.0000D+00   0.0000D+00
  -0.3836D-07   0.3951D-08  -0.5474D-07   0.1920D-08   0.1857D-08  -0.1790D-08  -0.3294D-07   0.5213D-09  -0.3836D-07   0.3951D-08  -0.5474D-07   0.1920D-08
   0.1561D-05  -0.2934D-07   0.2838D-06  -0.1179D-07   0.3167D-06  -0.9005D-07   0.3991D-06   0.0000D+00   0.9525D-07   0.6704D-08   0.2057D-09   0.2194D-07   0.1561D-05  -0.2934D-07   0.2838D-06  -0.1179D-07   0.3167D-06  -0.9005D-07
  -0.3229D-08  -0.9120D-08  -0.7675D-08  -0.1539D-07  -0.3229D-08  -0.9120D-08  -0.7675D-08  -0.1539D-07
  1.000  2.000
  -0.2599D-07   0.0000D+00  -0.3721D-07   0.0000D+00   0.0000D+00   0.0000D+00  -0.2290D-07   0.0000D+00  -0.2599D-07   0.0000D+00  -0.3721D-07   0.0000D+00
   0.1317D-05   0.0000D+00   0.2379D-06   0.0000D+00   0.3275D-06   0.0000D+00   0.3369D-06   0.0000D+00   0.7486D-07   0.0000D+00   0.0000D+00   0.0000D+00   0.1317D-05   0.0000D+00   0.2379D-06   0.0000D+00   0.3275D-06   0.0000D+00
   0.0000D+00   0.0000D+00   0.0000D+00   0.0000D+00   0.0000D+00   0.0000D+00   0.0000D+00   0.0000D+00
  -0.3691D-07   0.3472D-08  -0.5269D-07   0.1687D-08   0.1631D-08  -0.1573D-08  -0.3177D-07   0.4580D-09  -0.3691D-07   0.3472D-08  -0.5269D-07   0.1687D-08
   0.1546D-05  -0.2750D-07   0.2809D-06  -0.1106D-07   0.3173D-06  -0.8441D-07   0.3952D-06   0.0000D+00   0.9397D-07   0.6284D-08   0.1929D-09   0.2057D-07   0.1546D-05  -0.2750D-07   0.2809D-06  -0.1106D-07   0.3173D-06  -0.8441D-07
  -0.3026D-08  -0.8549D-08  -0.7194D-08  -0.1443D-07  -0.3026D-08  -0.8549D-08  -0.7194D-08  -0.1443D-07
  2.000  0.500
  -0.2288D-07   0.0000D+00  -0.3295D-07   0.0000D+00   0.0000D+00   0.0000D+00  -0.2043D-07   0.0000D+00  -0.2288D-07   0.0000D+00  -0.3295D-07   0.0000D+00
   0.1022D-05   0.0000D+00   0.1849D-06   0.0000D+00   0.2526D-06   0.0000D+00   0.2643D-06   0.0000D+00   0.5873D-07   0.0000D+00   0.0000D+00   0.0000D+00   0.1022D-05   0.0000D+00   0.1849D-06   0.0000D+00   0.2526D-06   0.0000D+00
   0.0000D+00   0.0000D+00   0.0000D+00   0.0000D+00   0.0000D+00   0.0000D+00   0.0000D+00   0.0000D+00
  -0.3709D-07   0.3519D-08  -0.5305D-07   0.1712D-08   0.1620D-08  -0.1605D-08  -0.3214D-07   0.4568D-09  -0.3709D-07   0.3519D-08  -0.5305D-07   0.1712D-08
   0.1504D-05  -0.2425D-07   0.2734D-06  -0.9795D-08   0.3135D-06  -0.7484D-07   0.3858D-06   0.0000D+00   0.9117D-07   0.5638D-08   0.1249D-09   0.1845D-07   0.1504D-05  -0.2425D-07   0.2734D-06  -0.9795D-08   0.3135D-06  -0.7484D-07
  -0.2665D-08  -0.7569D-08  -0.6400D-08  -0.1286D-07  -0.2665D-08  -0.7569D-08  -0.6400D-08  -0.1286D-07
  2.000  1.000
  -0.2135D-07   0.0000D+00  -0.3074D-07   0.0000D+00   0.0000D+00   0.0000D+00  -0.1906D-07   0.0000D+00  -0.2135D-07   0.0000D+00  -0.3074D-07   0.0000D+00
   0.1022D-05   0.0000D+00   0.1849D-06   0.0000D+00   0.2526D-06   0.0000D+00   0.2643D-06   0.0000D+00   0.5873D-07   0.0000D+00   0.0000D+00   0.0000D+00   0.1022D-05   0.0000D+00   0.1849D-06   0.0000D+00   0.2526D-06   0.0000D+00
   0.0000D+00   0.0000D+00   0.0000D+00   0.0000D+00   0.0000D+00   0.0000D+00   0.0000D+00   0.0000D+00
  -0.3511D-07   0.3063D-08  -0.5023D-07   0.1490D-08   0.1410D-08  -0.1397D-08  -0.3049D-07   0.3977D-09  -0.3511D-07   0.3063D-08  -0.5023D-07   0.1490D-08
   0.1472D-05  -0.2263D-07   0.2675D-06  -0.9139D-08   0.3095D-06  -0.6983D-07   0.3777D-06   0.0000D+00   0.8900D-07   0.5260D-08   0.1166D-09   0.1722D-07   0.1472D-05  -0.2263D-07   0.2675D-06  -0.9139D-08   0.3095D-06  -0.6983D-07
  -0.2486D-08  -0.7062D-08  -0.5971D-08  -0.1200D-07  -0.2486D-08  -0.7062D-08  -0.5971D-08  -0.1200D-07
  2.000  2.000
  -0.2001D-07   0.0000D+00  -0.2881D-07   0.0000D+00   0.0000D+00   0.0000D+00  -0.1787D-07   0.0000D+00  -0.2001D-07   0.0000D+00  -0.2881D-07   0.0000D+00
   0.1022D-05   0.0000D+00   0.1849D-06   0.0000D+00   0.2526D-06   0.0000D+00   0.2643D-06   0.0000D+00   0.5873D-07   0.0000D+00   0.0000D+00   0.0000D+00   0.1022D-05   0.0000D+00   0.1849D-06   0.0000D+00   0.2526D-06   0.0000D+00
   0.0000D+00   0.0000D+00   0.0000D+00   0.0000D+00   0.0000D+00   0.0000D+00   0.0000D+00   0.0000D+00
  -0.3332D-07   0.2691D-08  -0.4770D-07   0.1309D-08   0.1239D-08  -0.1228D-08  -0.2900D-07   0.3494D-09  -0.3332D-07   0.2691D-08  -0.4770D-07   0.1309D-08
   0.1444D-05  -0.2121D-07   0.2623D-06  -0.8566D-08   0.3059D-06  -0.6545D-07   0.3706D-06   0.0000D+00   0.8710D-07   0.4931D-08   0.1093D-09   0.1614D-07   0.1444D-05  -0.2121D-07   0.2623D-06  -0.8566D-08   0.3059D-06  -0.6545D-07
  -0.2330D-08  -0.6620D-08  -0.5597D-08  -0.1125D-07  -0.2330D-08  -0.6620D-08  -0.5597D-08  -0.1125D-07
