 LHC=           1 sqrts=   8000.0000000000000      ang=           4 mode=fital                                                                                               scalescheme=           1 R=  0.69999999999999996     
 CT10nlo_rand5678                                                                                               1
 Bin information: chid, chiu, md, mu, mu0
   0.0000000000000000       0.50000000000000000        592.00000000000000        638.00000000000000        615.00000000000000     
 9 scales(muf, mur)*(LO(38), NLO(38))
  0.500  0.500
  -0.5649D+00   0.0000D+00  -0.4799D+00   0.0000D+00   0.0000D+00   0.0000D+00  -0.3395D+00   0.0000D+00  -0.5649D+00   0.0000D+00  -0.4799D+00   0.0000D+00
   0.5207D+00   0.0000D+00   0.8573D-01   0.0000D+00   0.1808D+00   0.0000D+00   0.1363D+00   0.0000D+00   0.3030D-01   0.0000D+00   0.0000D+00   0.0000D+00   0.5207D+00   0.0000D+00   0.8573D-01   0.0000D+00   0.1808D+00   0.0000D+00
   0.0000D+00   0.0000D+00   0.0000D+00   0.0000D+00   0.0000D+00   0.0000D+00   0.0000D+00   0.0000D+00
  -0.4310D+00   0.6301D-01  -0.4143D+00   0.3711D-01   0.3954D-01  -0.3239D-01  -0.3078D+00   0.5752D-02  -0.4310D+00   0.6301D-01  -0.4143D+00   0.3711D-01
   0.4283D+00  -0.2106D-01   0.7313D-01  -0.6851D-02   0.1013D+00  -0.4519D-01   0.1218D+00   0.0000D+00   0.3044D-01   0.3531D-02  -0.3439D-02   0.1156D-01   0.4283D+00  -0.2106D-01   0.7313D-01  -0.6851D-02   0.1013D+00  -0.4519D-01
  -0.1943D-02  -0.6063D-02  -0.3208D-02  -0.7526D-02  -0.1943D-02  -0.6063D-02  -0.3208D-02  -0.7526D-02
  0.500  1.000
  -0.5194D+00   0.0000D+00  -0.4412D+00   0.0000D+00   0.0000D+00   0.0000D+00  -0.3121D+00   0.0000D+00  -0.5194D+00   0.0000D+00  -0.4412D+00   0.0000D+00
   0.5207D+00   0.0000D+00   0.8573D-01   0.0000D+00   0.1808D+00   0.0000D+00   0.1363D+00   0.0000D+00   0.3030D-01   0.0000D+00   0.0000D+00   0.0000D+00   0.5207D+00   0.0000D+00   0.8573D-01   0.0000D+00   0.1808D+00   0.0000D+00
   0.0000D+00   0.0000D+00   0.0000D+00   0.0000D+00   0.0000D+00   0.0000D+00   0.0000D+00   0.0000D+00
  -0.4466D+00   0.5326D-01  -0.4201D+00   0.3137D-01   0.3343D-01  -0.2738D-01  -0.3096D+00   0.4863D-02  -0.4466D+00   0.5326D-01  -0.4201D+00   0.3137D-01
   0.4359D+00  -0.1937D-01   0.7417D-01  -0.6299D-02   0.1077D+00  -0.4155D-01   0.1230D+00   0.0000D+00   0.3044D-01   0.3246D-02  -0.3162D-02   0.1063D-01   0.4359D+00  -0.1937D-01   0.7417D-01  -0.6299D-02   0.1077D+00  -0.4155D-01
  -0.1787D-02  -0.5575D-02  -0.2950D-02  -0.6919D-02  -0.1787D-02  -0.5575D-02  -0.2950D-02  -0.6919D-02
  0.500  2.000
  -0.4807D+00   0.0000D+00  -0.4084D+00   0.0000D+00   0.0000D+00   0.0000D+00  -0.2889D+00   0.0000D+00  -0.4807D+00   0.0000D+00  -0.4084D+00   0.0000D+00
   0.5207D+00   0.0000D+00   0.8573D-01   0.0000D+00   0.1808D+00   0.0000D+00   0.1363D+00   0.0000D+00   0.3030D-01   0.0000D+00   0.0000D+00   0.0000D+00   0.5207D+00   0.0000D+00   0.8573D-01   0.0000D+00   0.1808D+00   0.0000D+00
   0.0000D+00   0.0000D+00   0.0000D+00   0.0000D+00   0.0000D+00   0.0000D+00   0.0000D+00   0.0000D+00
  -0.4530D+00   0.4563D-01  -0.4198D+00   0.2687D-01   0.2864D-01  -0.2346D-01  -0.3076D+00   0.4166D-02  -0.4530D+00   0.4563D-01  -0.4198D+00   0.2687D-01
   0.4423D+00  -0.1793D-01   0.7504D-01  -0.5831D-02   0.1132D+00  -0.3846D-01   0.1240D+00   0.0000D+00   0.3043D-01   0.3005D-02  -0.2927D-02   0.9835D-02   0.4423D+00  -0.1793D-01   0.7504D-01  -0.5831D-02   0.1132D+00  -0.3846D-01
  -0.1654D-02  -0.5160D-02  -0.2730D-02  -0.6405D-02  -0.1654D-02  -0.5160D-02  -0.2730D-02  -0.6405D-02
  1.000  0.500
  -0.5216D+00   0.0000D+00  -0.4440D+00   0.0000D+00   0.0000D+00   0.0000D+00  -0.3123D+00   0.0000D+00  -0.5216D+00   0.0000D+00  -0.4440D+00   0.0000D+00
   0.4803D+00   0.0000D+00   0.7874D-01   0.0000D+00   0.1672D+00   0.0000D+00   0.1255D+00   0.0000D+00   0.2789D-01   0.0000D+00   0.0000D+00   0.0000D+00   0.4803D+00   0.0000D+00   0.7874D-01   0.0000D+00   0.1672D+00   0.0000D+00
   0.0000D+00   0.0000D+00   0.0000D+00   0.0000D+00   0.0000D+00   0.0000D+00   0.0000D+00   0.0000D+00
  -0.4409D+00   0.5829D-01  -0.4189D+00   0.3423D-01   0.3665D-01  -0.2976D-01  -0.3076D+00   0.5371D-02  -0.4409D+00   0.5829D-01  -0.4189D+00   0.3423D-01
   0.4318D+00  -0.1947D-01   0.7304D-01  -0.6323D-02   0.1061D+00  -0.4164D-01   0.1220D+00   0.0000D+00   0.3020D-01   0.3248D-02  -0.3215D-02   0.1063D-01   0.4318D+00  -0.1947D-01   0.7304D-01  -0.6323D-02   0.1061D+00  -0.4164D-01
  -0.1798D-02  -0.5609D-02  -0.2963D-02  -0.6956D-02  -0.1798D-02  -0.5609D-02  -0.2963D-02  -0.6956D-02
  1.000  1.000
  -0.4796D+00   0.0000D+00  -0.4082D+00   0.0000D+00   0.0000D+00   0.0000D+00  -0.2871D+00   0.0000D+00  -0.4796D+00   0.0000D+00  -0.4082D+00   0.0000D+00
   0.4803D+00   0.0000D+00   0.7874D-01   0.0000D+00   0.1672D+00   0.0000D+00   0.1255D+00   0.0000D+00   0.2789D-01   0.0000D+00   0.0000D+00   0.0000D+00   0.4803D+00   0.0000D+00   0.7874D-01   0.0000D+00   0.1672D+00   0.0000D+00
   0.0000D+00   0.0000D+00   0.0000D+00   0.0000D+00   0.0000D+00   0.0000D+00   0.0000D+00   0.0000D+00
  -0.4487D+00   0.4927D-01  -0.4188D+00   0.2894D-01   0.3098D-01  -0.2516D-01  -0.3055D+00   0.4540D-02  -0.4487D+00   0.4927D-01  -0.4188D+00   0.2894D-01
   0.4358D+00  -0.1790D-01   0.7351D-01  -0.5814D-02   0.1111D+00  -0.3829D-01   0.1223D+00   0.0000D+00   0.3002D-01   0.2986D-02  -0.2957D-02   0.9773D-02   0.4358D+00  -0.1790D-01   0.7351D-01  -0.5814D-02   0.1111D+00  -0.3829D-01
  -0.1654D-02  -0.5157D-02  -0.2724D-02  -0.6396D-02  -0.1654D-02  -0.5157D-02  -0.2724D-02  -0.6396D-02
  1.000  2.000
  -0.4439D+00   0.0000D+00  -0.3779D+00   0.0000D+00   0.0000D+00   0.0000D+00  -0.2657D+00   0.0000D+00  -0.4439D+00   0.0000D+00  -0.3779D+00   0.0000D+00
   0.4803D+00   0.0000D+00   0.7874D-01   0.0000D+00   0.1672D+00   0.0000D+00   0.1255D+00   0.0000D+00   0.2789D-01   0.0000D+00   0.0000D+00   0.0000D+00   0.4803D+00   0.0000D+00   0.7874D-01   0.0000D+00   0.1672D+00   0.0000D+00
   0.0000D+00   0.0000D+00   0.0000D+00   0.0000D+00   0.0000D+00   0.0000D+00   0.0000D+00   0.0000D+00
  -0.4494D+00   0.4221D-01  -0.4142D+00   0.2479D-01   0.2654D-01  -0.2156D-01  -0.3006D+00   0.3890D-02  -0.4494D+00   0.4221D-01  -0.4142D+00   0.2479D-01
   0.4392D+00  -0.1657D-01   0.7392D-01  -0.5381D-02   0.1153D+00  -0.3544D-01   0.1226D+00   0.0000D+00   0.2987D-01   0.2764D-02  -0.2737D-02   0.9046D-02   0.4392D+00  -0.1657D-01   0.7392D-01  -0.5381D-02   0.1153D+00  -0.3544D-01
  -0.1531D-02  -0.4773D-02  -0.2521D-02  -0.5920D-02  -0.1531D-02  -0.4773D-02  -0.2521D-02  -0.5920D-02
  2.000  0.500
  -0.4843D+00   0.0000D+00  -0.4117D+00   0.0000D+00   0.0000D+00   0.0000D+00  -0.2890D+00   0.0000D+00  -0.4843D+00   0.0000D+00  -0.4117D+00   0.0000D+00
   0.4442D+00   0.0000D+00   0.7294D-01   0.0000D+00   0.1549D+00   0.0000D+00   0.1157D+00   0.0000D+00   0.2571D-01   0.0000D+00   0.0000D+00   0.0000D+00   0.4442D+00   0.0000D+00   0.7294D-01   0.0000D+00   0.1549D+00   0.0000D+00
   0.0000D+00   0.0000D+00   0.0000D+00   0.0000D+00   0.0000D+00   0.0000D+00   0.0000D+00   0.0000D+00
  -0.4484D+00   0.5410D-01  -0.4223D+00   0.3173D-01   0.3380D-01  -0.2754D-01  -0.3095D+00   0.5030D-02  -0.4484D+00   0.5410D-01  -0.4223D+00   0.3173D-01
   0.4348D+00  -0.1805D-01   0.7360D-01  -0.5853D-02   0.1112D+00  -0.3857D-01   0.1224D+00   0.0000D+00   0.2999D-01   0.2994D-02  -0.2970D-02   0.9798D-02   0.4348D+00  -0.1805D-01   0.7360D-01  -0.5853D-02   0.1112D+00  -0.3857D-01
  -0.1673D-02  -0.5170D-02  -0.2745D-02  -0.6398D-02  -0.1673D-02  -0.5170D-02  -0.2745D-02  -0.6398D-02
  2.000  1.000
  -0.4453D+00   0.0000D+00  -0.3785D+00   0.0000D+00   0.0000D+00   0.0000D+00  -0.2657D+00   0.0000D+00  -0.4453D+00   0.0000D+00  -0.3785D+00   0.0000D+00
   0.4442D+00   0.0000D+00   0.7294D-01   0.0000D+00   0.1549D+00   0.0000D+00   0.1157D+00   0.0000D+00   0.2571D-01   0.0000D+00   0.0000D+00   0.0000D+00   0.4442D+00   0.0000D+00   0.7294D-01   0.0000D+00   0.1549D+00   0.0000D+00
   0.0000D+00   0.0000D+00   0.0000D+00   0.0000D+00   0.0000D+00   0.0000D+00   0.0000D+00   0.0000D+00
  -0.4496D+00   0.4573D-01  -0.4170D+00   0.2682D-01   0.2857D-01  -0.2328D-01  -0.3037D+00   0.4252D-02  -0.4496D+00   0.4573D-01  -0.4170D+00   0.2682D-01
   0.4357D+00  -0.1660D-01   0.7357D-01  -0.5381D-02   0.1147D+00  -0.3546D-01   0.1219D+00   0.0000D+00   0.2965D-01   0.2753D-02  -0.2731D-02   0.9008D-02   0.4357D+00  -0.1660D-01   0.7357D-01  -0.5381D-02   0.1147D+00  -0.3546D-01
  -0.1538D-02  -0.4753D-02  -0.2524D-02  -0.5882D-02  -0.1538D-02  -0.4753D-02  -0.2524D-02  -0.5882D-02
  2.000  2.000
  -0.4122D+00   0.0000D+00  -0.3504D+00   0.0000D+00   0.0000D+00   0.0000D+00  -0.2459D+00   0.0000D+00  -0.4122D+00   0.0000D+00  -0.3504D+00   0.0000D+00
   0.4442D+00   0.0000D+00   0.7294D-01   0.0000D+00   0.1549D+00   0.0000D+00   0.1157D+00   0.0000D+00   0.2571D-01   0.0000D+00   0.0000D+00   0.0000D+00   0.4442D+00   0.0000D+00   0.7294D-01   0.0000D+00   0.1549D+00   0.0000D+00
   0.0000D+00   0.0000D+00   0.0000D+00   0.0000D+00   0.0000D+00   0.0000D+00   0.0000D+00   0.0000D+00
  -0.4456D+00   0.3918D-01  -0.4086D+00   0.2298D-01   0.2448D-01  -0.1994D-01  -0.2962D+00   0.3643D-02  -0.4456D+00   0.3918D-01  -0.4086D+00   0.2298D-01
   0.4364D+00  -0.1536D-01   0.7353D-01  -0.4981D-02   0.1177D+00  -0.3282D-01   0.1215D+00   0.0000D+00   0.2937D-01   0.2548D-02  -0.2528D-02   0.8338D-02   0.4364D+00  -0.1536D-01   0.7353D-01  -0.4981D-02   0.1177D+00  -0.3282D-01
  -0.1424D-02  -0.4400D-02  -0.2336D-02  -0.5445D-02  -0.1424D-02  -0.4400D-02  -0.2336D-02  -0.5445D-02
