 LHC=           1 sqrts=   8000.0000000000000      ang=           4 mode=fital                                                                                               scalescheme=           1 R=  0.69999999999999996     
 CT10nlo_rand5678                                                                                               1
 Bin information: chid, chiu, md, mu, mu0
   0.0000000000000000       0.50000000000000000        3250.0000000000000        3500.0000000000000        3375.0000000000000     
 9 scales(muf, mur)*(LO(38), NLO(38))
  0.500  0.500
  -0.3356D-07   0.0000D+00  -0.1285D-07   0.0000D+00   0.0000D+00   0.0000D+00  -0.5960D-08   0.0000D+00  -0.3356D-07   0.0000D+00  -0.1285D-07   0.0000D+00
   0.5957D-06   0.0000D+00   0.7229D-07   0.0000D+00   0.3609D-06   0.0000D+00   0.7872D-07   0.0000D+00   0.1749D-07   0.0000D+00   0.0000D+00   0.0000D+00   0.5957D-06   0.0000D+00   0.7229D-07   0.0000D+00   0.3609D-06   0.0000D+00
   0.0000D+00   0.0000D+00   0.0000D+00   0.0000D+00   0.0000D+00   0.0000D+00   0.0000D+00   0.0000D+00
  -0.3824D-07   0.1339D-08  -0.1420D-07   0.1017D-08   0.1481D-09  -0.4684D-09  -0.6230D-08   0.2748D-09  -0.3824D-07   0.1339D-08  -0.1420D-07   0.1017D-08
   0.5609D-06  -0.3467D-07   0.6615D-07  -0.8410D-08   0.3266D-06  -0.3995D-07   0.7864D-07   0.0000D+00   0.1888D-07   0.1680D-08  -0.4807D-09   0.5499D-08   0.5609D-06  -0.3467D-07   0.6615D-07  -0.8410D-08   0.3266D-06  -0.3995D-07
  -0.3921D-08  -0.8488D-08  -0.2288D-08  -0.4571D-08  -0.3921D-08  -0.8488D-08  -0.2288D-08  -0.4571D-08
  0.500  1.000
  -0.3131D-07   0.0000D+00  -0.1199D-07   0.0000D+00   0.0000D+00   0.0000D+00  -0.5561D-08   0.0000D+00  -0.3131D-07   0.0000D+00  -0.1199D-07   0.0000D+00
   0.5957D-06   0.0000D+00   0.7229D-07   0.0000D+00   0.3609D-06   0.0000D+00   0.7872D-07   0.0000D+00   0.1749D-07   0.0000D+00   0.0000D+00   0.0000D+00   0.5957D-06   0.0000D+00   0.7229D-07   0.0000D+00   0.3609D-06   0.0000D+00
   0.0000D+00   0.0000D+00   0.0000D+00   0.0000D+00   0.0000D+00   0.0000D+00   0.0000D+00   0.0000D+00
  -0.3742D-07   0.1165D-08  -0.1395D-07   0.8854D-09   0.1290D-09  -0.4078D-09  -0.6157D-08   0.2392D-09  -0.3742D-07   0.1165D-08  -0.1395D-07   0.8854D-09
   0.5632D-06  -0.3234D-07   0.6656D-07  -0.7846D-08   0.3289D-06  -0.3727D-07   0.7865D-07   0.0000D+00   0.1879D-07   0.1568D-08  -0.4485D-09   0.5131D-08   0.5632D-06  -0.3234D-07   0.6656D-07  -0.7846D-08   0.3289D-06  -0.3727D-07
  -0.3659D-08  -0.7920D-08  -0.2134D-08  -0.4265D-08  -0.3659D-08  -0.7920D-08  -0.2134D-08  -0.4265D-08
  0.500  2.000
  -0.2935D-07   0.0000D+00  -0.1124D-07   0.0000D+00   0.0000D+00   0.0000D+00  -0.5212D-08   0.0000D+00  -0.2935D-07   0.0000D+00  -0.1124D-07   0.0000D+00
   0.5957D-06   0.0000D+00   0.7229D-07   0.0000D+00   0.3609D-06   0.0000D+00   0.7872D-07   0.0000D+00   0.1749D-07   0.0000D+00   0.0000D+00   0.0000D+00   0.5957D-06   0.0000D+00   0.7229D-07   0.0000D+00   0.3609D-06   0.0000D+00
   0.0000D+00   0.0000D+00   0.0000D+00   0.0000D+00   0.0000D+00   0.0000D+00   0.0000D+00   0.0000D+00
  -0.3650D-07   0.1024D-08  -0.1364D-07   0.7779D-09   0.1133D-09  -0.3582D-09  -0.6053D-08   0.2102D-09  -0.3650D-07   0.1024D-08  -0.1364D-07   0.7779D-09
   0.5653D-06  -0.3032D-07   0.6692D-07  -0.7355D-08   0.3309D-06  -0.3493D-07   0.7866D-07   0.0000D+00   0.1871D-07   0.1470D-08  -0.4204D-09   0.4809D-08   0.5653D-06  -0.3032D-07   0.6692D-07  -0.7355D-08   0.3309D-06  -0.3493D-07
  -0.3429D-08  -0.7423D-08  -0.2000D-08  -0.3998D-08  -0.3429D-08  -0.7423D-08  -0.2000D-08  -0.3998D-08
  1.000  0.500
  -0.2483D-07   0.0000D+00  -0.9486D-08   0.0000D+00   0.0000D+00   0.0000D+00  -0.4417D-08   0.0000D+00  -0.2483D-07   0.0000D+00  -0.9486D-08   0.0000D+00
   0.4403D-06   0.0000D+00   0.5336D-07   0.0000D+00   0.2671D-06   0.0000D+00   0.5843D-07   0.0000D+00   0.1298D-07   0.0000D+00   0.0000D+00   0.0000D+00   0.4403D-06   0.0000D+00   0.5336D-07   0.0000D+00   0.2671D-06   0.0000D+00
   0.0000D+00   0.0000D+00   0.0000D+00   0.0000D+00   0.0000D+00   0.0000D+00   0.0000D+00   0.0000D+00
  -0.3581D-07   0.9882D-09  -0.1336D-07   0.7521D-09   0.1017D-09  -0.3472D-09  -0.5940D-08   0.2020D-09  -0.3581D-07   0.9882D-09  -0.1336D-07   0.7521D-09
   0.5479D-06  -0.2566D-07   0.6483D-07  -0.6216D-08   0.3223D-06  -0.2954D-07   0.7561D-07   0.0000D+00   0.1786D-07   0.1247D-08  -0.3179D-09   0.4081D-08   0.5479D-06  -0.2566D-07   0.6483D-07  -0.6216D-08   0.3223D-06  -0.2954D-07
  -0.2901D-08  -0.6282D-08  -0.1691D-08  -0.3395D-08  -0.2901D-08  -0.6282D-08  -0.1691D-08  -0.3395D-08
  1.000  1.000
  -0.2317D-07   0.0000D+00  -0.8850D-08   0.0000D+00   0.0000D+00   0.0000D+00  -0.4121D-08   0.0000D+00  -0.2317D-07   0.0000D+00  -0.8850D-08   0.0000D+00
   0.4403D-06   0.0000D+00   0.5336D-07   0.0000D+00   0.2671D-06   0.0000D+00   0.5843D-07   0.0000D+00   0.1298D-07   0.0000D+00   0.0000D+00   0.0000D+00   0.4403D-06   0.0000D+00   0.5336D-07   0.0000D+00   0.2671D-06   0.0000D+00
   0.0000D+00   0.0000D+00   0.0000D+00   0.0000D+00   0.0000D+00   0.0000D+00   0.0000D+00   0.0000D+00
  -0.3423D-07   0.8602D-09  -0.1280D-07   0.6547D-09   0.8854D-10  -0.3022D-09  -0.5714D-08   0.1758D-09  -0.3423D-07   0.8602D-09  -0.1280D-07   0.6547D-09
   0.5407D-06  -0.2394D-07   0.6406D-07  -0.5799D-08   0.3186D-06  -0.2756D-07   0.7446D-07   0.0000D+00   0.1754D-07   0.1164D-08  -0.2966D-09   0.3808D-08   0.5407D-06  -0.2394D-07   0.6406D-07  -0.5799D-08   0.3186D-06  -0.2756D-07
  -0.2707D-08  -0.5861D-08  -0.1578D-08  -0.3167D-08  -0.2707D-08  -0.5861D-08  -0.1578D-08  -0.3167D-08
  1.000  2.000
  -0.2171D-07   0.0000D+00  -0.8295D-08   0.0000D+00   0.0000D+00   0.0000D+00  -0.3862D-08   0.0000D+00  -0.2171D-07   0.0000D+00  -0.8295D-08   0.0000D+00
   0.4403D-06   0.0000D+00   0.5336D-07   0.0000D+00   0.2671D-06   0.0000D+00   0.5843D-07   0.0000D+00   0.1298D-07   0.0000D+00   0.0000D+00   0.0000D+00   0.4403D-06   0.0000D+00   0.5336D-07   0.0000D+00   0.2671D-06   0.0000D+00
   0.0000D+00   0.0000D+00   0.0000D+00   0.0000D+00   0.0000D+00   0.0000D+00   0.0000D+00   0.0000D+00
  -0.3275D-07   0.7558D-09  -0.1227D-07   0.5752D-09   0.7779D-10  -0.2655D-09  -0.5498D-08   0.1545D-09  -0.3275D-07   0.7558D-09  -0.1227D-07   0.5752D-09
   0.5344D-06  -0.2244D-07   0.6339D-07  -0.5436D-08   0.3154D-06  -0.2583D-07   0.7345D-07   0.0000D+00   0.1725D-07   0.1091D-08  -0.2781D-09   0.3569D-08   0.5344D-06  -0.2244D-07   0.6339D-07  -0.5436D-08   0.3154D-06  -0.2583D-07
  -0.2537D-08  -0.5494D-08  -0.1479D-08  -0.2969D-08  -0.2537D-08  -0.5494D-08  -0.1479D-08  -0.2969D-08
  2.000  0.500
  -0.1875D-07   0.0000D+00  -0.7141D-08   0.0000D+00   0.0000D+00   0.0000D+00  -0.3336D-08   0.0000D+00  -0.1875D-07   0.0000D+00  -0.7141D-08   0.0000D+00
   0.3322D-06   0.0000D+00   0.4018D-07   0.0000D+00   0.2016D-06   0.0000D+00   0.4415D-07   0.0000D+00   0.9810D-08   0.0000D+00   0.0000D+00   0.0000D+00   0.3322D-06   0.0000D+00   0.4018D-07   0.0000D+00   0.2016D-06   0.0000D+00
   0.0000D+00   0.0000D+00   0.0000D+00   0.0000D+00   0.0000D+00   0.0000D+00   0.0000D+00   0.0000D+00
  -0.3271D-07   0.7443D-09  -0.1223D-07   0.5678D-09   0.8277D-10  -0.2622D-09  -0.5497D-08   0.1515D-09  -0.3271D-07   0.7443D-09  -0.1223D-07   0.5678D-09
   0.5142D-06  -0.1937D-07   0.6107D-07  -0.4693D-08   0.3043D-06  -0.2224D-07   0.7042D-07   0.0000D+00   0.1645D-07   0.9423D-09  -0.2269D-09   0.3084D-08   0.5142D-06  -0.1937D-07   0.6107D-07  -0.4693D-08   0.3043D-06  -0.2224D-07
  -0.2191D-08  -0.4740D-08  -0.1273D-08  -0.2553D-08  -0.2191D-08  -0.4740D-08  -0.1273D-08  -0.2553D-08
  2.000  1.000
  -0.1750D-07   0.0000D+00  -0.6663D-08   0.0000D+00   0.0000D+00   0.0000D+00  -0.3112D-08   0.0000D+00  -0.1750D-07   0.0000D+00  -0.6663D-08   0.0000D+00
   0.3322D-06   0.0000D+00   0.4018D-07   0.0000D+00   0.2016D-06   0.0000D+00   0.4415D-07   0.0000D+00   0.9810D-08   0.0000D+00   0.0000D+00   0.0000D+00   0.3322D-06   0.0000D+00   0.4018D-07   0.0000D+00   0.2016D-06   0.0000D+00
   0.0000D+00   0.0000D+00   0.0000D+00   0.0000D+00   0.0000D+00   0.0000D+00   0.0000D+00   0.0000D+00
  -0.3079D-07   0.6479D-09  -0.1153D-07   0.4942D-09   0.7205D-10  -0.2282D-09  -0.5195D-08   0.1319D-09  -0.3079D-07   0.6479D-09  -0.1153D-07   0.4942D-09
   0.5020D-06  -0.1807D-07   0.5967D-07  -0.4379D-08   0.2975D-06  -0.2075D-07   0.6866D-07   0.0000D+00   0.1601D-07   0.8792D-09  -0.2117D-09   0.2877D-08   0.5020D-06  -0.1807D-07   0.5967D-07  -0.4379D-08   0.2975D-06  -0.2075D-07
  -0.2045D-08  -0.4422D-08  -0.1188D-08  -0.2382D-08  -0.2045D-08  -0.4422D-08  -0.1188D-08  -0.2382D-08
  2.000  2.000
  -0.1640D-07   0.0000D+00  -0.6245D-08   0.0000D+00   0.0000D+00   0.0000D+00  -0.2917D-08   0.0000D+00  -0.1640D-07   0.0000D+00  -0.6245D-08   0.0000D+00
   0.3322D-06   0.0000D+00   0.4018D-07   0.0000D+00   0.2016D-06   0.0000D+00   0.4415D-07   0.0000D+00   0.9810D-08   0.0000D+00   0.0000D+00   0.0000D+00   0.3322D-06   0.0000D+00   0.4018D-07   0.0000D+00   0.2016D-06   0.0000D+00
   0.0000D+00   0.0000D+00   0.0000D+00   0.0000D+00   0.0000D+00   0.0000D+00   0.0000D+00   0.0000D+00
  -0.2907D-07   0.5692D-09  -0.1090D-07   0.4342D-09   0.6330D-10  -0.2005D-09  -0.4925D-08   0.1159D-09  -0.2907D-07   0.5692D-09  -0.1090D-07   0.4342D-09
   0.4914D-06  -0.1694D-07   0.5845D-07  -0.4104D-08   0.2915D-06  -0.1945D-07   0.6712D-07   0.0000D+00   0.1562D-07   0.8241D-09  -0.1984D-09   0.2697D-08   0.4914D-06  -0.1694D-07   0.5845D-07  -0.4104D-08   0.2915D-06  -0.1945D-07
  -0.1916D-08  -0.4145D-08  -0.1113D-08  -0.2232D-08  -0.1916D-08  -0.4145D-08  -0.1113D-08  -0.2232D-08
