 LHC=           1 sqrts=   8000.0000000000000      ang=           4 mode=fital                                                                                               scalescheme=           1 R=  0.69999999999999996     
 CT10nlo_rand5678                                                                                              15
 Bin information: chid, chiu, md, mu, mu0
   0.0000000000000000       0.50000000000000000        905.00000000000000        967.00000000000000        936.00000000000000     
 9 scales(muf, mur)*(LO(38), NLO(38))
  0.500  0.500
  -0.1762D+00   0.0000D+00  -0.1290D+00   0.0000D+00   0.0000D+00   0.0000D+00  -0.7334D-01   0.0000D+00  -0.1762D+00   0.0000D+00  -0.1290D+00   0.0000D+00
   0.3418D+00   0.0000D+00   0.5362D-01   0.0000D+00   0.1348D+00   0.0000D+00   0.6898D-01   0.0000D+00   0.1533D-01   0.0000D+00   0.0000D+00   0.0000D+00   0.3418D+00   0.0000D+00   0.5362D-01   0.0000D+00   0.1348D+00   0.0000D+00
   0.0000D+00   0.0000D+00   0.0000D+00   0.0000D+00   0.0000D+00   0.0000D+00   0.0000D+00   0.0000D+00
  -0.1409D+00   0.1574D-01  -0.1124D+00   0.9113D-02   0.9249D-02  -0.6637D-02  -0.6534D-01   0.2437D-02  -0.1409D+00   0.1574D-01  -0.1124D+00   0.9113D-02
   0.2612D+00  -0.1490D-01   0.4242D-01  -0.4501D-02   0.7508D-01  -0.2784D-01   0.5889D-01   0.0000D+00   0.1458D-01   0.1695D-02  -0.2516D-02   0.5548D-02   0.2612D+00  -0.1490D-01   0.4242D-01  -0.4501D-02   0.7508D-01  -0.2784D-01
  -0.1478D-02  -0.4033D-02  -0.1856D-02  -0.4127D-02  -0.1478D-02  -0.4033D-02  -0.1856D-02  -0.4127D-02
  0.500  1.000
  -0.1627D+00   0.0000D+00  -0.1191D+00   0.0000D+00   0.0000D+00   0.0000D+00  -0.6772D-01   0.0000D+00  -0.1627D+00   0.0000D+00  -0.1191D+00   0.0000D+00
   0.3418D+00   0.0000D+00   0.5362D-01   0.0000D+00   0.1348D+00   0.0000D+00   0.6898D-01   0.0000D+00   0.1533D-01   0.0000D+00   0.0000D+00   0.0000D+00   0.3418D+00   0.0000D+00   0.5362D-01   0.0000D+00   0.1348D+00   0.0000D+00
   0.0000D+00   0.0000D+00   0.0000D+00   0.0000D+00   0.0000D+00   0.0000D+00   0.0000D+00   0.0000D+00
  -0.1447D+00   0.1342D-01  -0.1138D+00   0.7769D-02   0.7885D-02  -0.5658D-02  -0.6592D-01   0.2078D-02  -0.1447D+00   0.1342D-01  -0.1138D+00   0.7769D-02
   0.2675D+00  -0.1376D-01   0.4329D-01  -0.4156D-02   0.7967D-01  -0.2570D-01   0.5967D-01   0.0000D+00   0.1464D-01   0.1565D-02  -0.2323D-02   0.5122D-02   0.2675D+00  -0.1376D-01   0.4329D-01  -0.4156D-02   0.7967D-01  -0.2570D-01
  -0.1365D-02  -0.3724D-02  -0.1714D-02  -0.3810D-02  -0.1365D-02  -0.3724D-02  -0.1714D-02  -0.3810D-02
  0.500  2.000
  -0.1511D+00   0.0000D+00  -0.1106D+00   0.0000D+00   0.0000D+00   0.0000D+00  -0.6291D-01   0.0000D+00  -0.1511D+00   0.0000D+00  -0.1106D+00   0.0000D+00
   0.3418D+00   0.0000D+00   0.5362D-01   0.0000D+00   0.1348D+00   0.0000D+00   0.6898D-01   0.0000D+00   0.1533D-01   0.0000D+00   0.0000D+00   0.0000D+00   0.3418D+00   0.0000D+00   0.5362D-01   0.0000D+00   0.1348D+00   0.0000D+00
   0.0000D+00   0.0000D+00   0.0000D+00   0.0000D+00   0.0000D+00   0.0000D+00   0.0000D+00   0.0000D+00
  -0.1460D+00   0.1158D-01  -0.1137D+00   0.6704D-02   0.6805D-02  -0.4882D-02  -0.6569D-01   0.1793D-02  -0.1460D+00   0.1158D-01  -0.1137D+00   0.6704D-02
   0.2728D+00  -0.1278D-01   0.4403D-01  -0.3861D-02   0.8360D-01  -0.2388D-01   0.6034D-01   0.0000D+00   0.1469D-01   0.1454D-02  -0.2158D-02   0.4758D-02   0.2728D+00  -0.1278D-01   0.4403D-01  -0.3861D-02   0.8360D-01  -0.2388D-01
  -0.1268D-02  -0.3459D-02  -0.1592D-02  -0.3539D-02  -0.1268D-02  -0.3459D-02  -0.1592D-02  -0.3539D-02
  1.000  0.500
  -0.1587D+00   0.0000D+00  -0.1158D+00   0.0000D+00   0.0000D+00   0.0000D+00  -0.6553D-01   0.0000D+00  -0.1587D+00   0.0000D+00  -0.1158D+00   0.0000D+00
   0.3069D+00   0.0000D+00   0.4799D-01   0.0000D+00   0.1213D+00   0.0000D+00   0.6165D-01   0.0000D+00   0.1370D-01   0.0000D+00   0.0000D+00   0.0000D+00   0.3069D+00   0.0000D+00   0.4799D-01   0.0000D+00   0.1213D+00   0.0000D+00
   0.0000D+00   0.0000D+00   0.0000D+00   0.0000D+00   0.0000D+00   0.0000D+00   0.0000D+00   0.0000D+00
  -0.1435D+00   0.1411D-01  -0.1137D+00   0.8173D-02   0.8323D-02  -0.5932D-02  -0.6547D-01   0.2200D-02  -0.1435D+00   0.1411D-01  -0.1137D+00   0.8173D-02
   0.2674D+00  -0.1342D-01   0.4295D-01  -0.4043D-02   0.8009D-01  -0.2497D-01   0.5946D-01   0.0000D+00   0.1458D-01   0.1514D-02  -0.2275D-02   0.4957D-02   0.2674D+00  -0.1342D-01   0.4295D-01  -0.4043D-02   0.8009D-01  -0.2497D-01
  -0.1333D-02  -0.3599D-02  -0.1668D-02  -0.3700D-02  -0.1333D-02  -0.3599D-02  -0.1668D-02  -0.3700D-02
  1.000  1.000
  -0.1465D+00   0.0000D+00  -0.1070D+00   0.0000D+00   0.0000D+00   0.0000D+00  -0.6051D-01   0.0000D+00  -0.1465D+00   0.0000D+00  -0.1070D+00   0.0000D+00
   0.3069D+00   0.0000D+00   0.4799D-01   0.0000D+00   0.1213D+00   0.0000D+00   0.6165D-01   0.0000D+00   0.1370D-01   0.0000D+00   0.0000D+00   0.0000D+00   0.3069D+00   0.0000D+00   0.4799D-01   0.0000D+00   0.1213D+00   0.0000D+00
   0.0000D+00   0.0000D+00   0.0000D+00   0.0000D+00   0.0000D+00   0.0000D+00   0.0000D+00   0.0000D+00
  -0.1445D+00   0.1203D-01  -0.1131D+00   0.6968D-02   0.7096D-02  -0.5057D-02  -0.6494D-01   0.1876D-02  -0.1445D+00   0.1203D-01  -0.1131D+00   0.6968D-02
   0.2705D+00  -0.1239D-01   0.4334D-01  -0.3733D-02   0.8326D-01  -0.2306D-01   0.5964D-01   0.0000D+00   0.1452D-01   0.1398D-02  -0.2100D-02   0.4576D-02   0.2705D+00  -0.1239D-01   0.4334D-01  -0.3733D-02   0.8326D-01  -0.2306D-01
  -0.1231D-02  -0.3323D-02  -0.1540D-02  -0.3417D-02  -0.1231D-02  -0.3323D-02  -0.1540D-02  -0.3417D-02
  1.000  2.000
  -0.1361D+00   0.0000D+00  -0.9936D-01   0.0000D+00   0.0000D+00   0.0000D+00  -0.5621D-01   0.0000D+00  -0.1361D+00   0.0000D+00  -0.9936D-01   0.0000D+00
   0.3069D+00   0.0000D+00   0.4799D-01   0.0000D+00   0.1213D+00   0.0000D+00   0.6165D-01   0.0000D+00   0.1370D-01   0.0000D+00   0.0000D+00   0.0000D+00   0.3069D+00   0.0000D+00   0.4799D-01   0.0000D+00   0.1213D+00   0.0000D+00
   0.0000D+00   0.0000D+00   0.0000D+00   0.0000D+00   0.0000D+00   0.0000D+00   0.0000D+00   0.0000D+00
  -0.1437D+00   0.1038D-01  -0.1115D+00   0.6012D-02   0.6123D-02  -0.4364D-02  -0.6391D-01   0.1619D-02  -0.1437D+00   0.1038D-01  -0.1115D+00   0.6012D-02
   0.2731D+00  -0.1151D-01   0.4368D-01  -0.3468D-02   0.8598D-01  -0.2142D-01   0.5979D-01   0.0000D+00   0.1446D-01   0.1299D-02  -0.1951D-02   0.4251D-02   0.2731D+00  -0.1151D-01   0.4368D-01  -0.3468D-02   0.8598D-01  -0.2142D-01
  -0.1143D-02  -0.3086D-02  -0.1430D-02  -0.3174D-02  -0.1143D-02  -0.3086D-02  -0.1430D-02  -0.3174D-02
  2.000  0.500
  -0.1437D+00   0.0000D+00  -0.1047D+00   0.0000D+00   0.0000D+00   0.0000D+00  -0.5903D-01   0.0000D+00  -0.1437D+00   0.0000D+00  -0.1047D+00   0.0000D+00
   0.2769D+00   0.0000D+00   0.4330D-01   0.0000D+00   0.1098D+00   0.0000D+00   0.5538D-01   0.0000D+00   0.1231D-01   0.0000D+00   0.0000D+00   0.0000D+00   0.2769D+00   0.0000D+00   0.4330D-01   0.0000D+00   0.1098D+00   0.0000D+00
   0.0000D+00   0.0000D+00   0.0000D+00   0.0000D+00   0.0000D+00   0.0000D+00   0.0000D+00   0.0000D+00
  -0.1454D+00   0.1274D-01  -0.1142D+00   0.7376D-02   0.7486D-02  -0.5341D-02  -0.6581D-01   0.2004D-02  -0.1454D+00   0.1274D-01  -0.1142D+00   0.7376D-02
   0.2712D+00  -0.1215D-01   0.4353D-01  -0.3653D-02   0.8467D-01  -0.2253D-01   0.5987D-01   0.0000D+00   0.1449D-01   0.1361D-02  -0.2015D-02   0.4455D-02   0.2712D+00  -0.1215D-01   0.4353D-01  -0.3653D-02   0.8467D-01  -0.2253D-01
  -0.1208D-02  -0.3251D-02  -0.1502D-02  -0.3326D-02  -0.1208D-02  -0.3251D-02  -0.1502D-02  -0.3326D-02
  2.000  1.000
  -0.1326D+00   0.0000D+00  -0.9664D-01   0.0000D+00   0.0000D+00   0.0000D+00  -0.5450D-01   0.0000D+00  -0.1326D+00   0.0000D+00  -0.9664D-01   0.0000D+00
   0.2769D+00   0.0000D+00   0.4330D-01   0.0000D+00   0.1098D+00   0.0000D+00   0.5538D-01   0.0000D+00   0.1231D-01   0.0000D+00   0.0000D+00   0.0000D+00   0.2769D+00   0.0000D+00   0.4330D-01   0.0000D+00   0.1098D+00   0.0000D+00
   0.0000D+00   0.0000D+00   0.0000D+00   0.0000D+00   0.0000D+00   0.0000D+00   0.0000D+00   0.0000D+00
  -0.1440D+00   0.1086D-01  -0.1120D+00   0.6288D-02   0.6382D-02  -0.4553D-02  -0.6433D-01   0.1709D-02  -0.1440D+00   0.1086D-01  -0.1120D+00   0.6288D-02
   0.2717D+00  -0.1121D-01   0.4352D-01  -0.3373D-02   0.8661D-01  -0.2080D-01   0.5953D-01   0.0000D+00   0.1432D-01   0.1257D-02  -0.1861D-02   0.4113D-02   0.2717D+00  -0.1121D-01   0.4352D-01  -0.3373D-02   0.8661D-01  -0.2080D-01
  -0.1115D-02  -0.3002D-02  -0.1386D-02  -0.3071D-02  -0.1115D-02  -0.3002D-02  -0.1386D-02  -0.3071D-02
  2.000  2.000
  -0.1232D+00   0.0000D+00  -0.8978D-01   0.0000D+00   0.0000D+00   0.0000D+00  -0.5063D-01   0.0000D+00  -0.1232D+00   0.0000D+00  -0.8978D-01   0.0000D+00
   0.2769D+00   0.0000D+00   0.4330D-01   0.0000D+00   0.1098D+00   0.0000D+00   0.5538D-01   0.0000D+00   0.1231D-01   0.0000D+00   0.0000D+00   0.0000D+00   0.2769D+00   0.0000D+00   0.4330D-01   0.0000D+00   0.1098D+00   0.0000D+00
   0.0000D+00   0.0000D+00   0.0000D+00   0.0000D+00   0.0000D+00   0.0000D+00   0.0000D+00   0.0000D+00
  -0.1415D+00   0.9374D-02  -0.1092D+00   0.5426D-02   0.5508D-02  -0.3929D-02  -0.6260D-01   0.1474D-02  -0.1415D+00   0.9374D-02  -0.1092D+00   0.5426D-02
   0.2721D+00  -0.1042D-01   0.4351D-01  -0.3133D-02   0.8826D-01  -0.1932D-01   0.5924D-01   0.0000D+00   0.1418D-01   0.1168D-02  -0.1729D-02   0.3821D-02   0.2721D+00  -0.1042D-01   0.4351D-01  -0.3133D-02   0.8826D-01  -0.1932D-01
  -0.1036D-02  -0.2788D-02  -0.1288D-02  -0.2853D-02  -0.1036D-02  -0.2788D-02  -0.1288D-02  -0.2853D-02
