 LHC=           1 sqrts=   8000.0000000000000      ang=           4 mode=fital                                                                                               scalescheme=           1 R=  0.69999999999999996     
 CT10nlo_rand5678                                                                                             273
 Bin information: chid, chiu, md, mu, mu0
   0.0000000000000000       0.50000000000000000        133.00000000000000        153.00000000000000        143.00000000000000     
 9 scales(muf, mur)*(LO(38), NLO(38))
  0.500  0.500
  -0.7726D+01   0.0000D+00  -0.1171D+02   0.0000D+00   0.0000D+00   0.0000D+00  -0.1223D+02   0.0000D+00  -0.7726D+01   0.0000D+00  -0.1171D+02   0.0000D+00
   0.5296D+00   0.0000D+00   0.9855D-01   0.0000D+00   0.1185D+00   0.0000D+00   0.2310D+00   0.0000D+00   0.5134D-01   0.0000D+00   0.0000D+00   0.0000D+00   0.5296D+00   0.0000D+00   0.9855D-01   0.0000D+00   0.1185D+00   0.0000D+00
   0.0000D+00   0.0000D+00   0.0000D+00   0.0000D+00   0.0000D+00   0.0000D+00   0.0000D+00   0.0000D+00
  -0.5325D+01   0.1990D+01  -0.9567D+01   0.1203D+01   0.9290D+00  -0.1435D+01  -0.1096D+02  -0.1193D+00  -0.5325D+01   0.1990D+01  -0.9567D+01   0.1203D+01
   0.7674D+00  -0.1684D-01   0.1419D+00  -0.7356D-02   0.1218D+00  -0.5851D-01   0.3158D+00   0.0000D+00   0.8095D-01   0.7407D-02   0.2582D-02   0.2424D-01   0.7674D+00  -0.1684D-01   0.1419D+00  -0.7356D-02   0.1218D+00  -0.5851D-01
  -0.7378D-03  -0.6598D-02  -0.4060D-02  -0.1265D-01  -0.7378D-03  -0.6598D-02  -0.4060D-02  -0.1265D-01
  0.500  1.000
  -0.6971D+01   0.0000D+00  -0.1056D+02   0.0000D+00   0.0000D+00   0.0000D+00  -0.1103D+02   0.0000D+00  -0.6971D+01   0.0000D+00  -0.1056D+02   0.0000D+00
   0.5296D+00   0.0000D+00   0.9855D-01   0.0000D+00   0.1185D+00   0.0000D+00   0.2310D+00   0.0000D+00   0.5134D-01   0.0000D+00   0.0000D+00   0.0000D+00   0.5296D+00   0.0000D+00   0.9855D-01   0.0000D+00   0.1185D+00   0.0000D+00
   0.0000D+00   0.0000D+00   0.0000D+00   0.0000D+00   0.0000D+00   0.0000D+00   0.0000D+00   0.0000D+00
  -0.5674D+01   0.1620D+01  -0.9816D+01   0.9791D+00   0.7559D+00  -0.1168D+01  -0.1104D+02  -0.9710D-01  -0.5674D+01   0.1620D+01  -0.9816D+01   0.9791D+00
   0.7458D+00  -0.1520D-01   0.1379D+00  -0.6637D-02   0.1219D+00  -0.5279D-01   0.3080D+00   0.0000D+00   0.7819D-01   0.6683D-02   0.2354D-02   0.2187D-01   0.7458D+00  -0.1520D-01   0.1379D+00  -0.6637D-02   0.1219D+00  -0.5279D-01
  -0.6655D-03  -0.5953D-02  -0.3663D-02  -0.1141D-01  -0.6655D-03  -0.5953D-02  -0.3663D-02  -0.1141D-01
  0.500  2.000
  -0.6350D+01   0.0000D+00  -0.9620D+01   0.0000D+00   0.0000D+00   0.0000D+00  -0.1005D+02   0.0000D+00  -0.6350D+01   0.0000D+00  -0.9620D+01   0.0000D+00
   0.5296D+00   0.0000D+00   0.9855D-01   0.0000D+00   0.1185D+00   0.0000D+00   0.2310D+00   0.0000D+00   0.5134D-01   0.0000D+00   0.0000D+00   0.0000D+00   0.5296D+00   0.0000D+00   0.9855D-01   0.0000D+00   0.1185D+00   0.0000D+00
   0.0000D+00   0.0000D+00   0.0000D+00   0.0000D+00   0.0000D+00   0.0000D+00   0.0000D+00   0.0000D+00
  -0.5820D+01   0.1344D+01  -0.9829D+01   0.8126D+00   0.6271D+00  -0.9691D+00  -0.1092D+02  -0.8058D-01  -0.5820D+01   0.1344D+01  -0.9829D+01   0.8126D+00
   0.7278D+00  -0.1385D-01   0.1346D+00  -0.6046D-02   0.1219D+00  -0.4809D-01   0.3015D+00   0.0000D+00   0.7591D-01   0.6088D-02   0.2164D-02   0.1993D-01   0.7278D+00  -0.1385D-01   0.1346D+00  -0.6046D-02   0.1219D+00  -0.4809D-01
  -0.6062D-03  -0.5424D-02  -0.3337D-02  -0.1040D-01  -0.6062D-03  -0.5424D-02  -0.3337D-02  -0.1040D-01
  1.000  0.500
  -0.7739D+01   0.0000D+00  -0.1192D+02   0.0000D+00   0.0000D+00   0.0000D+00  -0.1241D+02   0.0000D+00  -0.7739D+01   0.0000D+00  -0.1192D+02   0.0000D+00
   0.5379D+00   0.0000D+00   0.9950D-01   0.0000D+00   0.1184D+00   0.0000D+00   0.2318D+00   0.0000D+00   0.5152D-01   0.0000D+00   0.0000D+00   0.0000D+00   0.5379D+00   0.0000D+00   0.9950D-01   0.0000D+00   0.1184D+00   0.0000D+00
   0.0000D+00   0.0000D+00   0.0000D+00   0.0000D+00   0.0000D+00   0.0000D+00   0.0000D+00   0.0000D+00
  -0.5273D+01   0.2037D+01  -0.9513D+01   0.1223D+01   0.9562D+00  -0.1453D+01  -0.1089D+02  -0.1201D+00  -0.5273D+01   0.2037D+01  -0.9513D+01   0.1223D+01
   0.7490D+00  -0.1693D-01   0.1373D+00  -0.7415D-02   0.1141D+00  -0.5961D-01   0.3080D+00   0.0000D+00   0.7890D-01   0.7353D-02   0.2893D-02   0.2406D-01   0.7490D+00  -0.1693D-01   0.1373D+00  -0.7415D-02   0.1141D+00  -0.5961D-01
  -0.7690D-03  -0.6421D-02  -0.4163D-02  -0.1271D-01  -0.7690D-03  -0.6421D-02  -0.4163D-02  -0.1271D-01
  1.000  1.000
  -0.6982D+01   0.0000D+00  -0.1075D+02   0.0000D+00   0.0000D+00   0.0000D+00  -0.1120D+02   0.0000D+00  -0.6982D+01   0.0000D+00  -0.1075D+02   0.0000D+00
   0.5379D+00   0.0000D+00   0.9950D-01   0.0000D+00   0.1184D+00   0.0000D+00   0.2318D+00   0.0000D+00   0.5152D-01   0.0000D+00   0.0000D+00   0.0000D+00   0.5379D+00   0.0000D+00   0.9950D-01   0.0000D+00   0.1184D+00   0.0000D+00
   0.0000D+00   0.0000D+00   0.0000D+00   0.0000D+00   0.0000D+00   0.0000D+00   0.0000D+00   0.0000D+00
  -0.5632D+01   0.1658D+01  -0.9809D+01   0.9958D+00   0.7778D+00  -0.1182D+01  -0.1101D+02  -0.9777D-01  -0.5632D+01   0.1658D+01  -0.9809D+01   0.9958D+00
   0.7278D+00  -0.1528D-01   0.1336D+00  -0.6690D-02   0.1142D+00  -0.5379D-01   0.3007D+00   0.0000D+00   0.7622D-01   0.6634D-02   0.2632D-02   0.2171D-01   0.7278D+00  -0.1528D-01   0.1336D+00  -0.6690D-02   0.1142D+00  -0.5379D-01
  -0.6937D-03  -0.5794D-02  -0.3755D-02  -0.1147D-01  -0.6937D-03  -0.5794D-02  -0.3755D-02  -0.1147D-01
  1.000  2.000
  -0.6361D+01   0.0000D+00  -0.9798D+01   0.0000D+00   0.0000D+00   0.0000D+00  -0.1020D+02   0.0000D+00  -0.6361D+01   0.0000D+00  -0.9798D+01   0.0000D+00
   0.5379D+00   0.0000D+00   0.9950D-01   0.0000D+00   0.1184D+00   0.0000D+00   0.2318D+00   0.0000D+00   0.5152D-01   0.0000D+00   0.0000D+00   0.0000D+00   0.5379D+00   0.0000D+00   0.9950D-01   0.0000D+00   0.1184D+00   0.0000D+00
   0.0000D+00   0.0000D+00   0.0000D+00   0.0000D+00   0.0000D+00   0.0000D+00   0.0000D+00   0.0000D+00
  -0.5787D+01   0.1376D+01  -0.9854D+01   0.8264D+00   0.6453D+00  -0.9814D+00  -0.1092D+02  -0.8114D-01  -0.5787D+01   0.1376D+01  -0.9854D+01   0.8264D+00
   0.7122D+00  -0.1392D-01   0.1308D+00  -0.6095D-02   0.1149D+00  -0.4900D-01   0.2949D+00   0.0000D+00   0.7413D-01   0.6044D-02   0.2416D-02   0.1978D-01   0.7122D+00  -0.1392D-01   0.1308D+00  -0.6095D-02   0.1149D+00  -0.4900D-01
  -0.6319D-03  -0.5278D-02  -0.3421D-02  -0.1045D-01  -0.6319D-03  -0.5278D-02  -0.3421D-02  -0.1045D-01
  2.000  0.500
  -0.7698D+01   0.0000D+00  -0.1201D+02   0.0000D+00   0.0000D+00   0.0000D+00  -0.1260D+02   0.0000D+00  -0.7698D+01   0.0000D+00  -0.1201D+02   0.0000D+00
   0.5435D+00   0.0000D+00   0.1006D+00   0.0000D+00   0.1184D+00   0.0000D+00   0.2363D+00   0.0000D+00   0.5251D-01   0.0000D+00   0.0000D+00   0.0000D+00   0.5435D+00   0.0000D+00   0.1006D+00   0.0000D+00   0.1184D+00   0.0000D+00
   0.0000D+00   0.0000D+00   0.0000D+00   0.0000D+00   0.0000D+00   0.0000D+00   0.0000D+00   0.0000D+00
  -0.5284D+01   0.2048D+01  -0.9614D+01   0.1224D+01   0.9452D+00  -0.1472D+01  -0.1128D+02  -0.1202D+00  -0.5284D+01   0.2048D+01  -0.9614D+01   0.1224D+01
   0.7578D+00  -0.1686D-01   0.1398D+00  -0.7481D-02   0.1183D+00  -0.6009D-01   0.3098D+00   0.0000D+00   0.7961D-01   0.7495D-02   0.2693D-02   0.2453D-01   0.7578D+00  -0.1686D-01   0.1398D+00  -0.7481D-02   0.1183D+00  -0.6009D-01
  -0.7800D-03  -0.6471D-02  -0.4240D-02  -0.1282D-01  -0.7800D-03  -0.6471D-02  -0.4240D-02  -0.1282D-01
  2.000  1.000
  -0.6944D+01   0.0000D+00  -0.1084D+02   0.0000D+00   0.0000D+00   0.0000D+00  -0.1137D+02   0.0000D+00  -0.6944D+01   0.0000D+00  -0.1084D+02   0.0000D+00
   0.5435D+00   0.0000D+00   0.1006D+00   0.0000D+00   0.1184D+00   0.0000D+00   0.2363D+00   0.0000D+00   0.5251D-01   0.0000D+00   0.0000D+00   0.0000D+00   0.5435D+00   0.0000D+00   0.1006D+00   0.0000D+00   0.1184D+00   0.0000D+00
   0.0000D+00   0.0000D+00   0.0000D+00   0.0000D+00   0.0000D+00   0.0000D+00   0.0000D+00   0.0000D+00
  -0.5617D+01   0.1666D+01  -0.9889D+01   0.9960D+00   0.7688D+00  -0.1198D+01  -0.1135D+02  -0.9783D-01  -0.5617D+01   0.1666D+01  -0.9889D+01   0.9960D+00
   0.7257D+00  -0.1521D-01   0.1341D+00  -0.6749D-02   0.1147D+00  -0.5422D-01   0.3002D+00   0.0000D+00   0.7623D-01   0.6762D-02   0.2379D-02   0.2213D-01   0.7257D+00  -0.1521D-01   0.1341D+00  -0.6749D-02   0.1147D+00  -0.5422D-01
  -0.7036D-03  -0.5838D-02  -0.3825D-02  -0.1157D-01  -0.7036D-03  -0.5838D-02  -0.3825D-02  -0.1157D-01
  2.000  2.000
  -0.6326D+01   0.0000D+00  -0.9871D+01   0.0000D+00   0.0000D+00   0.0000D+00  -0.1036D+02   0.0000D+00  -0.6326D+01   0.0000D+00  -0.9871D+01   0.0000D+00
   0.5435D+00   0.0000D+00   0.1006D+00   0.0000D+00   0.1184D+00   0.0000D+00   0.2363D+00   0.0000D+00   0.5251D-01   0.0000D+00   0.0000D+00   0.0000D+00   0.5435D+00   0.0000D+00   0.1006D+00   0.0000D+00   0.1184D+00   0.0000D+00
   0.0000D+00   0.0000D+00   0.0000D+00   0.0000D+00   0.0000D+00   0.0000D+00   0.0000D+00   0.0000D+00
  -0.5753D+01   0.1383D+01  -0.9919D+01   0.8266D+00   0.6377D+00  -0.9943D+00  -0.1122D+02  -0.8119D-01  -0.5753D+01   0.1383D+01  -0.9919D+01   0.8266D+00
   0.6991D+00  -0.1386D-01   0.1294D+00  -0.6149D-02   0.1115D+00  -0.4939D-01   0.2922D+00   0.0000D+00   0.7345D-01   0.6161D-02   0.2131D-02   0.2016D-01   0.6991D+00  -0.1386D-01   0.1294D+00  -0.6149D-02   0.1115D+00  -0.4939D-01
  -0.6409D-03  -0.5319D-02  -0.3485D-02  -0.1054D-01  -0.6409D-03  -0.5319D-02  -0.3485D-02  -0.1054D-01
