 LHC=           1 sqrts=   8000.0000000000000      ang=           4 mode=fital                                                                                               scalescheme=           1 R=  0.69999999999999996     
 MSTW2008nlo68cl_rand1235                                                                                      16
 Bin information: chid, chiu, md, mu, mu0
   0.0000000000000000       0.50000000000000000        64.000000000000000        74.000000000000000        69.000000000000000     
 9 scales(muf, mur)*(LO(38), NLO(38))
  0.500  0.500
  -0.1795D+02   0.0000D+00  -0.3070D+02   0.0000D+00   0.0000D+00   0.0000D+00  -0.3370D+02   0.0000D+00  -0.1795D+02   0.0000D+00  -0.3070D+02   0.0000D+00
   0.2783D+00   0.0000D+00   0.5119D-01   0.0000D+00   0.5525D-01   0.0000D+00   0.1254D+00   0.0000D+00   0.2787D-01   0.0000D+00   0.0000D+00   0.0000D+00   0.2783D+00   0.0000D+00   0.5119D-01   0.0000D+00   0.5525D-01   0.0000D+00
   0.0000D+00   0.0000D+00   0.0000D+00   0.0000D+00   0.0000D+00   0.0000D+00   0.0000D+00   0.0000D+00
  -0.1219D+02   0.6012D+01  -0.2483D+02   0.3675D+01   0.2755D+01  -0.4609D+01  -0.3017D+02  -0.4322D+00  -0.1219D+02   0.6012D+01  -0.2483D+02   0.3675D+01
   0.7022D+00  -0.9094D-02   0.1286D+00  -0.4255D-02   0.1079D+00  -0.3511D-01   0.2803D+00   0.0000D+00   0.7516D-01   0.4537D-02   0.8888D-02   0.1485D-01   0.7022D+00  -0.9094D-02   0.1286D+00  -0.4255D-02   0.1079D+00  -0.3511D-01
  -0.1842D-03  -0.3814D-02  -0.2115D-02  -0.7670D-02  -0.1842D-03  -0.3814D-02  -0.2115D-02  -0.7670D-02
  0.500  1.000
  -0.1594D+02   0.0000D+00  -0.2726D+02   0.0000D+00   0.0000D+00   0.0000D+00  -0.2993D+02   0.0000D+00  -0.1594D+02   0.0000D+00  -0.2726D+02   0.0000D+00
   0.2783D+00   0.0000D+00   0.5119D-01   0.0000D+00   0.5525D-01   0.0000D+00   0.1254D+00   0.0000D+00   0.2787D-01   0.0000D+00   0.0000D+00   0.0000D+00   0.2783D+00   0.0000D+00   0.5119D-01   0.0000D+00   0.5525D-01   0.0000D+00
   0.0000D+00   0.0000D+00   0.0000D+00   0.0000D+00   0.0000D+00   0.0000D+00   0.0000D+00   0.0000D+00
  -0.1312D+02   0.4741D+01  -0.2558D+02   0.2898D+01   0.2170D+01  -0.3635D+01  -0.3037D+02  -0.3408D+00  -0.1312D+02   0.4741D+01  -0.2558D+02   0.2898D+01
   0.6601D+00  -0.8076D-02   0.1209D+00  -0.3779D-02   0.1033D+00  -0.3118D-01   0.2645D+00   0.0000D+00   0.7031D-01   0.4030D-02   0.7975D-02   0.1319D-01   0.6601D+00  -0.8076D-02   0.1209D+00  -0.3779D-02   0.1033D+00  -0.3118D-01
  -0.1635D-03  -0.3387D-02  -0.1878D-02  -0.6812D-02  -0.1635D-03  -0.3387D-02  -0.1878D-02  -0.6812D-02
  0.500  2.000
  -0.1434D+02   0.0000D+00  -0.2453D+02   0.0000D+00   0.0000D+00   0.0000D+00  -0.2693D+02   0.0000D+00  -0.1434D+02   0.0000D+00  -0.2453D+02   0.0000D+00
   0.2783D+00   0.0000D+00   0.5119D-01   0.0000D+00   0.5525D-01   0.0000D+00   0.1254D+00   0.0000D+00   0.2787D-01   0.0000D+00   0.0000D+00   0.0000D+00   0.2783D+00   0.0000D+00   0.5119D-01   0.0000D+00   0.5525D-01   0.0000D+00
   0.0000D+00   0.0000D+00   0.0000D+00   0.0000D+00   0.0000D+00   0.0000D+00   0.0000D+00   0.0000D+00
  -0.1345D+02   0.3838D+01  -0.2554D+02   0.2346D+01   0.1756D+01  -0.2942D+01  -0.2990D+02  -0.2759D+00  -0.1345D+02   0.3838D+01  -0.2554D+02   0.2346D+01
   0.6249D+00  -0.7267D-02   0.1145D+00  -0.3400D-02   0.9925D-01  -0.2805D-01   0.2515D+00   0.0000D+00   0.6634D-01   0.3626D-02   0.7236D-02   0.1187D-01   0.6249D+00  -0.7267D-02   0.1145D+00  -0.3400D-02   0.9925D-01  -0.2805D-01
  -0.1470D-03  -0.3048D-02  -0.1690D-02  -0.6129D-02  -0.1470D-03  -0.3048D-02  -0.1690D-02  -0.6129D-02
  1.000  0.500
  -0.1884D+02   0.0000D+00  -0.3367D+02   0.0000D+00   0.0000D+00   0.0000D+00  -0.3673D+02   0.0000D+00  -0.1884D+02   0.0000D+00  -0.3367D+02   0.0000D+00
   0.2943D+00   0.0000D+00   0.5585D-01   0.0000D+00   0.5835D-01   0.0000D+00   0.1368D+00   0.0000D+00   0.3040D-01   0.0000D+00   0.0000D+00   0.0000D+00   0.2943D+00   0.0000D+00   0.5585D-01   0.0000D+00   0.5835D-01   0.0000D+00
   0.0000D+00   0.0000D+00   0.0000D+00   0.0000D+00   0.0000D+00   0.0000D+00   0.0000D+00   0.0000D+00
  -0.1116D+02   0.6700D+01  -0.2392D+02   0.4048D+01   0.3074D+01  -0.4958D+01  -0.2932D+02  -0.4820D+00  -0.1116D+02   0.6700D+01  -0.2392D+02   0.4048D+01
   0.6783D+00  -0.9856D-02   0.1258D+00  -0.4569D-02   0.1027D+00  -0.3642D-01   0.2743D+00   0.0000D+00   0.7408D-01   0.5014D-02   0.8764D-02   0.1641D-01   0.6783D+00  -0.9856D-02   0.1258D+00  -0.4569D-02   0.1027D+00  -0.3642D-01
  -0.2074D-03  -0.3897D-02  -0.2383D-02  -0.8480D-02  -0.2074D-03  -0.3897D-02  -0.2383D-02  -0.8480D-02
  1.000  1.000
  -0.1673D+02   0.0000D+00  -0.2990D+02   0.0000D+00   0.0000D+00   0.0000D+00  -0.3261D+02   0.0000D+00  -0.1673D+02   0.0000D+00  -0.2990D+02   0.0000D+00
   0.2943D+00   0.0000D+00   0.5585D-01   0.0000D+00   0.5835D-01   0.0000D+00   0.1368D+00   0.0000D+00   0.3040D-01   0.0000D+00   0.0000D+00   0.0000D+00   0.2943D+00   0.0000D+00   0.5585D-01   0.0000D+00   0.5835D-01   0.0000D+00
   0.0000D+00   0.0000D+00   0.0000D+00   0.0000D+00   0.0000D+00   0.0000D+00   0.0000D+00   0.0000D+00
  -0.1244D+02   0.5284D+01  -0.2540D+02   0.3192D+01   0.2422D+01  -0.3910D+01  -0.3026D+02  -0.3800D+00  -0.1244D+02   0.5284D+01  -0.2540D+02   0.3192D+01
   0.6176D+00  -0.8753D-02   0.1151D+00  -0.4058D-02   0.9219D-01  -0.3234D-01   0.2554D+00   0.0000D+00   0.6809D-01   0.4453D-02   0.7711D-02   0.1457D-01   0.6176D+00  -0.8753D-02   0.1151D+00  -0.4058D-02   0.9219D-01  -0.3234D-01
  -0.1840D-03  -0.3461D-02  -0.2116D-02  -0.7531D-02  -0.1840D-03  -0.3461D-02  -0.2116D-02  -0.7531D-02
  1.000  2.000
  -0.1506D+02   0.0000D+00  -0.2690D+02   0.0000D+00   0.0000D+00   0.0000D+00  -0.2935D+02   0.0000D+00  -0.1506D+02   0.0000D+00  -0.2690D+02   0.0000D+00
   0.2943D+00   0.0000D+00   0.5585D-01   0.0000D+00   0.5835D-01   0.0000D+00   0.1368D+00   0.0000D+00   0.3040D-01   0.0000D+00   0.0000D+00   0.0000D+00   0.2943D+00   0.0000D+00   0.5585D-01   0.0000D+00   0.5835D-01   0.0000D+00
   0.0000D+00   0.0000D+00   0.0000D+00   0.0000D+00   0.0000D+00   0.0000D+00   0.0000D+00   0.0000D+00
  -0.1306D+02   0.4278D+01  -0.2587D+02   0.2585D+01   0.1959D+01  -0.3165D+01  -0.3029D+02  -0.3077D+00  -0.1306D+02   0.4278D+01  -0.2587D+02   0.2585D+01
   0.5981D+00  -0.7877D-02   0.1113D+00  -0.3651D-02   0.9245D-01  -0.2910D-01   0.2466D+00   0.0000D+00   0.6524D-01   0.4007D-02   0.7068D-02   0.1311D-01   0.5981D+00  -0.7877D-02   0.1113D+00  -0.3651D-02   0.9245D-01  -0.2910D-01
  -0.1655D-03  -0.3114D-02  -0.1904D-02  -0.6776D-02  -0.1655D-03  -0.3114D-02  -0.1904D-02  -0.6776D-02
  2.000  0.500
  -0.1985D+02   0.0000D+00  -0.3669D+02   0.0000D+00   0.0000D+00   0.0000D+00  -0.3855D+02   0.0000D+00  -0.1985D+02   0.0000D+00  -0.3669D+02   0.0000D+00
   0.3168D+00   0.0000D+00   0.6083D-01   0.0000D+00   0.6113D-01   0.0000D+00   0.1467D+00   0.0000D+00   0.3260D-01   0.0000D+00   0.0000D+00   0.0000D+00   0.3168D+00   0.0000D+00   0.6083D-01   0.0000D+00   0.6113D-01   0.0000D+00
   0.0000D+00   0.0000D+00   0.0000D+00   0.0000D+00   0.0000D+00   0.0000D+00   0.0000D+00   0.0000D+00
  -0.1063D+02   0.7085D+01  -0.2465D+02   0.4266D+01   0.3534D+01  -0.5299D+01  -0.2891D+02  -0.4890D+00  -0.1063D+02   0.7085D+01  -0.2465D+02   0.4266D+01
   0.6552D+00  -0.1012D-01   0.1244D+00  -0.4917D-02   0.9678D-01  -0.4032D-01   0.2717D+00   0.0000D+00   0.7221D-01   0.5363D-02   0.8253D-02   0.1755D-01   0.6552D+00  -0.1012D-01   0.1244D+00  -0.4917D-02   0.9678D-01  -0.4032D-01
  -0.2355D-03  -0.4428D-02  -0.2606D-02  -0.9015D-02  -0.2355D-03  -0.4428D-02  -0.2606D-02  -0.9015D-02
  2.000  1.000
  -0.1763D+02   0.0000D+00  -0.3258D+02   0.0000D+00   0.0000D+00   0.0000D+00  -0.3423D+02   0.0000D+00  -0.1763D+02   0.0000D+00  -0.3258D+02   0.0000D+00
   0.3168D+00   0.0000D+00   0.6083D-01   0.0000D+00   0.6113D-01   0.0000D+00   0.1467D+00   0.0000D+00   0.3260D-01   0.0000D+00   0.0000D+00   0.0000D+00   0.3168D+00   0.0000D+00   0.6083D-01   0.0000D+00   0.6113D-01   0.0000D+00
   0.0000D+00   0.0000D+00   0.0000D+00   0.0000D+00   0.0000D+00   0.0000D+00   0.0000D+00   0.0000D+00
  -0.1229D+02   0.5587D+01  -0.2663D+02   0.3364D+01   0.2783D+01  -0.4179D+01  -0.3035D+02  -0.3856D+00  -0.1229D+02   0.5587D+01  -0.2663D+02   0.3364D+01
   0.6320D+00  -0.8990D-02   0.1199D+00  -0.4367D-02   0.9658D-01  -0.3581D-01   0.2619D+00   0.0000D+00   0.6898D-01   0.4763D-02   0.7538D-02   0.1559D-01   0.6320D+00  -0.8990D-02   0.1199D+00  -0.4367D-02   0.9658D-01  -0.3581D-01
  -0.2090D-03  -0.3933D-02  -0.2314D-02  -0.8006D-02  -0.2090D-03  -0.3933D-02  -0.2314D-02  -0.8006D-02
  2.000  2.000
  -0.1586D+02   0.0000D+00  -0.2931D+02   0.0000D+00   0.0000D+00   0.0000D+00  -0.3080D+02   0.0000D+00  -0.1586D+02   0.0000D+00  -0.2931D+02   0.0000D+00
   0.3168D+00   0.0000D+00   0.6083D-01   0.0000D+00   0.6113D-01   0.0000D+00   0.1467D+00   0.0000D+00   0.3260D-01   0.0000D+00   0.0000D+00   0.0000D+00   0.3168D+00   0.0000D+00   0.6083D-01   0.0000D+00   0.6113D-01   0.0000D+00
   0.0000D+00   0.0000D+00   0.0000D+00   0.0000D+00   0.0000D+00   0.0000D+00   0.0000D+00   0.0000D+00
  -0.1292D+02   0.4523D+01  -0.2715D+02   0.2723D+01   0.2255D+01  -0.3383D+01  -0.3047D+02  -0.3122D+00  -0.1292D+02   0.4523D+01  -0.2715D+02   0.2723D+01
   0.5347D+00  -0.8090D-02   0.1025D+00  -0.3929D-02   0.7465D-01  -0.3222D-01   0.2336D+00   0.0000D+00   0.6041D-01   0.4286D-02   0.6122D-02   0.1403D-01   0.5347D+00  -0.8090D-02   0.1025D+00  -0.3929D-02   0.7465D-01  -0.3222D-01
  -0.1880D-03  -0.3539D-02  -0.2082D-02  -0.7204D-02  -0.1880D-03  -0.3539D-02  -0.2082D-02  -0.7204D-02
