 LHC=           1 sqrts=   8000.0000000000000      ang=           4 mode=fital                                                                                               scalescheme=           1 R=  0.69999999999999996     
 CT10nlo_rand5678                                                                                             408
 Bin information: chid, chiu, md, mu, mu0
   0.0000000000000000       0.50000000000000000        686.00000000000000        737.00000000000000        711.50000000000000     
 9 scales(muf, mur)*(LO(38), NLO(38))
  0.500  0.500
  -0.3890D+00   0.0000D+00  -0.3276D+00   0.0000D+00   0.0000D+00   0.0000D+00  -0.2268D+00   0.0000D+00  -0.3890D+00   0.0000D+00  -0.3276D+00   0.0000D+00
   0.4854D+00   0.0000D+00   0.7966D-01   0.0000D+00   0.1698D+00   0.0000D+00   0.1263D+00   0.0000D+00   0.2806D-01   0.0000D+00   0.0000D+00   0.0000D+00   0.4854D+00   0.0000D+00   0.7966D-01   0.0000D+00   0.1698D+00   0.0000D+00
   0.0000D+00   0.0000D+00   0.0000D+00   0.0000D+00   0.0000D+00   0.0000D+00   0.0000D+00   0.0000D+00
  -0.3004D+00   0.4223D-01  -0.2852D+00   0.2469D-01   0.2589D-01  -0.2123D-01  -0.2057D+00   0.4091D-02  -0.3004D+00   0.4223D-01  -0.2852D+00   0.2469D-01
   0.3914D+00  -0.1942D-01   0.6643D-01  -0.6289D-02   0.9315D-01  -0.4135D-01   0.1116D+00   0.0000D+00   0.2790D-01   0.3209D-02  -0.2742D-02   0.1050D-01   0.3914D+00  -0.1942D-01   0.6643D-01  -0.6289D-02   0.9315D-01  -0.4135D-01
  -0.1821D-02  -0.5583D-02  -0.2961D-02  -0.6867D-02  -0.1821D-02  -0.5583D-02  -0.2961D-02  -0.6867D-02
  0.500  1.000
  -0.3582D+00   0.0000D+00  -0.3016D+00   0.0000D+00   0.0000D+00   0.0000D+00  -0.2088D+00   0.0000D+00  -0.3582D+00   0.0000D+00  -0.3016D+00   0.0000D+00
   0.4854D+00   0.0000D+00   0.7966D-01   0.0000D+00   0.1698D+00   0.0000D+00   0.1263D+00   0.0000D+00   0.2806D-01   0.0000D+00   0.0000D+00   0.0000D+00   0.4854D+00   0.0000D+00   0.7966D-01   0.0000D+00   0.1698D+00   0.0000D+00
   0.0000D+00   0.0000D+00   0.0000D+00   0.0000D+00   0.0000D+00   0.0000D+00   0.0000D+00   0.0000D+00
  -0.3105D+00   0.3580D-01  -0.2888D+00   0.2093D-01   0.2195D-01  -0.1800D-01  -0.2069D+00   0.3469D-02  -0.3105D+00   0.3580D-01  -0.2888D+00   0.2093D-01
   0.3989D+00  -0.1789D-01   0.6750D-01  -0.5791D-02   0.9925D-01  -0.3808D-01   0.1128D+00   0.0000D+00   0.2792D-01   0.2954D-02  -0.2525D-02   0.9669D-02   0.3989D+00  -0.1789D-01   0.6750D-01  -0.5791D-02   0.9925D-01  -0.3808D-01
  -0.1677D-02  -0.5141D-02  -0.2726D-02  -0.6323D-02  -0.1677D-02  -0.5141D-02  -0.2726D-02  -0.6323D-02
  0.500  2.000
  -0.3320D+00   0.0000D+00  -0.2795D+00   0.0000D+00   0.0000D+00   0.0000D+00  -0.1936D+00   0.0000D+00  -0.3320D+00   0.0000D+00  -0.2795D+00   0.0000D+00
   0.4854D+00   0.0000D+00   0.7966D-01   0.0000D+00   0.1698D+00   0.0000D+00   0.1263D+00   0.0000D+00   0.2806D-01   0.0000D+00   0.0000D+00   0.0000D+00   0.4854D+00   0.0000D+00   0.7966D-01   0.0000D+00   0.1698D+00   0.0000D+00
   0.0000D+00   0.0000D+00   0.0000D+00   0.0000D+00   0.0000D+00   0.0000D+00   0.0000D+00   0.0000D+00
  -0.3145D+00   0.3075D-01  -0.2884D+00   0.1798D-01   0.1886D-01  -0.1546D-01  -0.2056D+00   0.2980D-02  -0.3145D+00   0.3075D-01  -0.2884D+00   0.1798D-01
   0.4053D+00  -0.1658D-01   0.6840D-01  -0.5367D-02   0.1044D+00  -0.3529D-01   0.1138D+00   0.0000D+00   0.2793D-01   0.2738D-02  -0.2340D-02   0.8961D-02   0.4053D+00  -0.1658D-01   0.6840D-01  -0.5367D-02   0.1044D+00  -0.3529D-01
  -0.1554D-02  -0.4764D-02  -0.2527D-02  -0.5860D-02  -0.1554D-02  -0.4764D-02  -0.2527D-02  -0.5860D-02
  1.000  0.500
  -0.3560D+00   0.0000D+00  -0.3002D+00   0.0000D+00   0.0000D+00   0.0000D+00  -0.2072D+00   0.0000D+00  -0.3560D+00   0.0000D+00  -0.3002D+00   0.0000D+00
   0.4449D+00   0.0000D+00   0.7294D-01   0.0000D+00   0.1554D+00   0.0000D+00   0.1150D+00   0.0000D+00   0.2557D-01   0.0000D+00   0.0000D+00   0.0000D+00   0.4449D+00   0.0000D+00   0.7294D-01   0.0000D+00   0.1554D+00   0.0000D+00
   0.0000D+00   0.0000D+00   0.0000D+00   0.0000D+00   0.0000D+00   0.0000D+00   0.0000D+00   0.0000D+00
  -0.3052D+00   0.3860D-01  -0.2874D+00   0.2257D-01   0.2366D-01  -0.1938D-01  -0.2078D+00   0.3787D-02  -0.3052D+00   0.3860D-01  -0.2874D+00   0.2257D-01
   0.3963D+00  -0.1776D-01   0.6709D-01  -0.5757D-02   0.9828D-01  -0.3796D-01   0.1117D+00   0.0000D+00   0.2764D-01   0.2924D-02  -0.2457D-02   0.9571D-02   0.3963D+00  -0.1776D-01   0.6709D-01  -0.5757D-02   0.9828D-01  -0.3796D-01
  -0.1669D-02  -0.5144D-02  -0.2710D-02  -0.6280D-02  -0.1669D-02  -0.5144D-02  -0.2710D-02  -0.6280D-02
  1.000  1.000
  -0.3278D+00   0.0000D+00  -0.2764D+00   0.0000D+00   0.0000D+00   0.0000D+00  -0.1908D+00   0.0000D+00  -0.3278D+00   0.0000D+00  -0.2764D+00   0.0000D+00
   0.4449D+00   0.0000D+00   0.7294D-01   0.0000D+00   0.1554D+00   0.0000D+00   0.1150D+00   0.0000D+00   0.2557D-01   0.0000D+00   0.0000D+00   0.0000D+00   0.4449D+00   0.0000D+00   0.7294D-01   0.0000D+00   0.1554D+00   0.0000D+00
   0.0000D+00   0.0000D+00   0.0000D+00   0.0000D+00   0.0000D+00   0.0000D+00   0.0000D+00   0.0000D+00
  -0.3099D+00   0.3273D-01  -0.2867D+00   0.1913D-01   0.2006D-01  -0.1643D-01  -0.2059D+00   0.3211D-02  -0.3099D+00   0.3273D-01  -0.2867D+00   0.1913D-01
   0.4003D+00  -0.1636D-01   0.6757D-01  -0.5302D-02   0.1028D+00  -0.3496D-01   0.1120D+00   0.0000D+00   0.2748D-01   0.2693D-02  -0.2262D-02   0.8813D-02   0.4003D+00  -0.1636D-01   0.6757D-01  -0.5302D-02   0.1028D+00  -0.3496D-01
  -0.1537D-02  -0.4736D-02  -0.2495D-02  -0.5783D-02  -0.1537D-02  -0.4736D-02  -0.2495D-02  -0.5783D-02
  1.000  2.000
  -0.3038D+00   0.0000D+00  -0.2562D+00   0.0000D+00   0.0000D+00   0.0000D+00  -0.1768D+00   0.0000D+00  -0.3038D+00   0.0000D+00  -0.2562D+00   0.0000D+00
   0.4449D+00   0.0000D+00   0.7294D-01   0.0000D+00   0.1554D+00   0.0000D+00   0.1150D+00   0.0000D+00   0.2557D-01   0.0000D+00   0.0000D+00   0.0000D+00   0.4449D+00   0.0000D+00   0.7294D-01   0.0000D+00   0.1554D+00   0.0000D+00
   0.0000D+00   0.0000D+00   0.0000D+00   0.0000D+00   0.0000D+00   0.0000D+00   0.0000D+00   0.0000D+00
  -0.3099D+00   0.2811D-01  -0.2832D+00   0.1644D-01   0.1723D-01  -0.1412D-01  -0.2023D+00   0.2758D-02  -0.3099D+00   0.2811D-01  -0.2832D+00   0.1644D-01
   0.4036D+00  -0.1516D-01   0.6797D-01  -0.4913D-02   0.1067D+00  -0.3240D-01   0.1123D+00   0.0000D+00   0.2735D-01   0.2496D-02  -0.2097D-02   0.8168D-02   0.4036D+00  -0.1516D-01   0.6797D-01  -0.4913D-02   0.1067D+00  -0.3240D-01
  -0.1424D-02  -0.4390D-02  -0.2313D-02  -0.5360D-02  -0.1424D-02  -0.4390D-02  -0.2313D-02  -0.5360D-02
  2.000  0.500
  -0.3281D+00   0.0000D+00  -0.2767D+00   0.0000D+00   0.0000D+00   0.0000D+00  -0.1906D+00   0.0000D+00  -0.3281D+00   0.0000D+00  -0.2767D+00   0.0000D+00
   0.4092D+00   0.0000D+00   0.6715D-01   0.0000D+00   0.1431D+00   0.0000D+00   0.1055D+00   0.0000D+00   0.2343D-01   0.0000D+00   0.0000D+00   0.0000D+00   0.4092D+00   0.0000D+00   0.6715D-01   0.0000D+00   0.1431D+00   0.0000D+00
   0.0000D+00   0.0000D+00   0.0000D+00   0.0000D+00   0.0000D+00   0.0000D+00   0.0000D+00   0.0000D+00
  -0.3113D+00   0.3555D-01  -0.2906D+00   0.2080D-01   0.2175D-01  -0.1783D-01  -0.2085D+00   0.3527D-02  -0.3113D+00   0.3555D-01  -0.2906D+00   0.2080D-01
   0.4005D+00  -0.1636D-01   0.6772D-01  -0.5296D-02   0.1031D+00  -0.3484D-01   0.1118D+00   0.0000D+00   0.2753D-01   0.2681D-02  -0.2243D-02   0.8773D-02   0.4005D+00  -0.1636D-01   0.6772D-01  -0.5296D-02   0.1031D+00  -0.3484D-01
  -0.1540D-02  -0.4744D-02  -0.2492D-02  -0.5769D-02  -0.1540D-02  -0.4744D-02  -0.2492D-02  -0.5769D-02
  2.000  1.000
  -0.3021D+00   0.0000D+00  -0.2548D+00   0.0000D+00   0.0000D+00   0.0000D+00  -0.1755D+00   0.0000D+00  -0.3021D+00   0.0000D+00  -0.2548D+00   0.0000D+00
   0.4092D+00   0.0000D+00   0.6715D-01   0.0000D+00   0.1431D+00   0.0000D+00   0.1055D+00   0.0000D+00   0.2343D-01   0.0000D+00   0.0000D+00   0.0000D+00   0.4092D+00   0.0000D+00   0.6715D-01   0.0000D+00   0.1431D+00   0.0000D+00
   0.0000D+00   0.0000D+00   0.0000D+00   0.0000D+00   0.0000D+00   0.0000D+00   0.0000D+00   0.0000D+00
  -0.3110D+00   0.3015D-01  -0.2861D+00   0.1763D-01   0.1844D-01  -0.1512D-01  -0.2041D+00   0.2990D-02  -0.3110D+00   0.3015D-01  -0.2861D+00   0.1763D-01
   0.4013D+00  -0.1507D-01   0.6768D-01  -0.4877D-02   0.1063D+00  -0.3208D-01   0.1113D+00   0.0000D+00   0.2721D-01   0.2468D-02  -0.2065D-02   0.8078D-02   0.4013D+00  -0.1507D-01   0.6768D-01  -0.4877D-02   0.1063D+00  -0.3208D-01
  -0.1418D-02  -0.4368D-02  -0.2295D-02  -0.5312D-02  -0.1418D-02  -0.4368D-02  -0.2295D-02  -0.5312D-02
  2.000  2.000
  -0.2800D+00   0.0000D+00  -0.2362D+00   0.0000D+00   0.0000D+00   0.0000D+00  -0.1627D+00   0.0000D+00  -0.2800D+00   0.0000D+00  -0.2362D+00   0.0000D+00
   0.4092D+00   0.0000D+00   0.6715D-01   0.0000D+00   0.1431D+00   0.0000D+00   0.1055D+00   0.0000D+00   0.2343D-01   0.0000D+00   0.0000D+00   0.0000D+00   0.4092D+00   0.0000D+00   0.6715D-01   0.0000D+00   0.1431D+00   0.0000D+00
   0.0000D+00   0.0000D+00   0.0000D+00   0.0000D+00   0.0000D+00   0.0000D+00   0.0000D+00   0.0000D+00
  -0.3075D+00   0.2589D-01  -0.2798D+00   0.1515D-01   0.1584D-01  -0.1298D-01  -0.1988D+00   0.2568D-02  -0.3075D+00   0.2589D-01  -0.2798D+00   0.1515D-01
   0.4019D+00  -0.1396D-01   0.6765D-01  -0.4520D-02   0.1090D+00  -0.2973D-01   0.1109D+00   0.0000D+00   0.2694D-01   0.2288D-02  -0.1914D-02   0.7486D-02   0.4019D+00  -0.1396D-01   0.6765D-01  -0.4520D-02   0.1090D+00  -0.2973D-01
  -0.1314D-02  -0.4049D-02  -0.2127D-02  -0.4923D-02  -0.1314D-02  -0.4049D-02  -0.2127D-02  -0.4923D-02
