 LHC=           1 sqrts=   8000.0000000000000      ang=           4 mode=fital                                                                                               scalescheme=           1 R=  0.69999999999999996     
 CT10nlo_rand5678                                                                                             460
 Bin information: chid, chiu, md, mu, mu0
   0.0000000000000000       0.50000000000000000        1172.0000000000000        1248.0000000000000        1210.0000000000000     
 9 scales(muf, mur)*(LO(38), NLO(38))
  0.500  0.500
  -0.6161D-01   0.0000D+00  -0.4288D-01   0.0000D+00   0.0000D+00   0.0000D+00  -0.2145D-01   0.0000D+00  -0.6161D-01   0.0000D+00  -0.4288D-01   0.0000D+00
   0.1896D+00   0.0000D+00   0.2891D-01   0.0000D+00   0.7960D-01   0.0000D+00   0.3170D-01   0.0000D+00   0.7044D-02   0.0000D+00   0.0000D+00   0.0000D+00   0.1896D+00   0.0000D+00   0.2891D-01   0.0000D+00   0.7960D-01   0.0000D+00
   0.0000D+00   0.0000D+00   0.0000D+00   0.0000D+00   0.0000D+00   0.0000D+00   0.0000D+00   0.0000D+00
  -0.5051D-01   0.5014D-02  -0.3766D-01   0.2875D-02   0.2635D-02  -0.1883D-02  -0.1881D-01   0.9396D-03  -0.5051D-01   0.5014D-02  -0.3766D-01   0.2875D-02
   0.1407D+00  -0.8536D-02   0.2211D-01  -0.2492D-02   0.4500D-01  -0.1488D-01   0.2634D-01   0.0000D+00   0.6577D-02   0.7559D-03  -0.1386D-02   0.2474D-02   0.1407D+00  -0.8536D-02   0.2211D-01  -0.2492D-02   0.4500D-01  -0.1488D-01
  -0.8864D-03  -0.2211D-02  -0.9682D-03  -0.2050D-02  -0.8864D-03  -0.2211D-02  -0.9682D-03  -0.2050D-02
  0.500  1.000
  -0.5702D-01   0.0000D+00  -0.3968D-01   0.0000D+00   0.0000D+00   0.0000D+00  -0.1985D-01   0.0000D+00  -0.5702D-01   0.0000D+00  -0.3968D-01   0.0000D+00
   0.1896D+00   0.0000D+00   0.2891D-01   0.0000D+00   0.7960D-01   0.0000D+00   0.3170D-01   0.0000D+00   0.7044D-02   0.0000D+00   0.0000D+00   0.0000D+00   0.1896D+00   0.0000D+00   0.2891D-01   0.0000D+00   0.7960D-01   0.0000D+00
   0.0000D+00   0.0000D+00   0.0000D+00   0.0000D+00   0.0000D+00   0.0000D+00   0.0000D+00   0.0000D+00
  -0.5162D-01   0.4295D-02  -0.3808D-01   0.2462D-02   0.2257D-02  -0.1613D-02  -0.1902D-01   0.8048D-03  -0.5162D-01   0.4295D-02  -0.3808D-01   0.2462D-02
   0.1443D+00  -0.7900D-02   0.2262D-01  -0.2306D-02   0.4758D-01  -0.1377D-01   0.2675D-01   0.0000D+00   0.6612D-02   0.6996D-03  -0.1283D-02   0.2290D-02   0.1443D+00  -0.7900D-02   0.2262D-01  -0.2306D-02   0.4758D-01  -0.1377D-01
  -0.8203D-03  -0.2046D-02  -0.8961D-03  -0.1897D-02  -0.8203D-03  -0.2046D-02  -0.8961D-03  -0.1897D-02
  0.500  2.000
  -0.5307D-01   0.0000D+00  -0.3694D-01   0.0000D+00   0.0000D+00   0.0000D+00  -0.1848D-01   0.0000D+00  -0.5307D-01   0.0000D+00  -0.3694D-01   0.0000D+00
   0.1896D+00   0.0000D+00   0.2891D-01   0.0000D+00   0.7960D-01   0.0000D+00   0.3170D-01   0.0000D+00   0.7044D-02   0.0000D+00   0.0000D+00   0.0000D+00   0.1896D+00   0.0000D+00   0.2891D-01   0.0000D+00   0.7960D-01   0.0000D+00
   0.0000D+00   0.0000D+00   0.0000D+00   0.0000D+00   0.0000D+00   0.0000D+00   0.0000D+00   0.0000D+00
  -0.5196D-01   0.3721D-02  -0.3803D-01   0.2133D-02   0.1955D-02  -0.1397D-02  -0.1900D-01   0.6973D-03  -0.5196D-01   0.3721D-02  -0.3803D-01   0.2133D-02
   0.1475D+00  -0.7353D-02   0.2306D-01  -0.2146D-02   0.4981D-01  -0.1282D-01   0.2709D-01   0.0000D+00   0.6643D-02   0.6512D-03  -0.1194D-02   0.2131D-02   0.1475D+00  -0.7353D-02   0.2306D-01  -0.2146D-02   0.4981D-01  -0.1282D-01
  -0.7636D-03  -0.1905D-02  -0.8341D-03  -0.1766D-02  -0.7636D-03  -0.1905D-02  -0.8341D-03  -0.1766D-02
  1.000  0.500
  -0.5436D-01   0.0000D+00  -0.3774D-01   0.0000D+00   0.0000D+00   0.0000D+00  -0.1881D-01   0.0000D+00  -0.5436D-01   0.0000D+00  -0.3774D-01   0.0000D+00
   0.1670D+00   0.0000D+00   0.2544D-01   0.0000D+00   0.7015D-01   0.0000D+00   0.2782D-01   0.0000D+00   0.6181D-02   0.0000D+00   0.0000D+00   0.0000D+00   0.1670D+00   0.0000D+00   0.2544D-01   0.0000D+00   0.7015D-01   0.0000D+00
   0.0000D+00   0.0000D+00   0.0000D+00   0.0000D+00   0.0000D+00   0.0000D+00   0.0000D+00   0.0000D+00
  -0.5147D-01   0.4411D-02  -0.3796D-01   0.2530D-02   0.2297D-02  -0.1651D-02  -0.1896D-01   0.8285D-03  -0.5147D-01   0.4411D-02  -0.3796D-01   0.2530D-02
   0.1450D+00  -0.7526D-02   0.2275D-01  -0.2195D-02   0.4847D-01  -0.1310D-01   0.2672D-01   0.0000D+00   0.6580D-02   0.6632D-03  -0.1198D-02   0.2170D-02   0.1450D+00  -0.7526D-02   0.2275D-01  -0.2195D-02   0.4847D-01  -0.1310D-01
  -0.7830D-03  -0.1943D-02  -0.8517D-03  -0.1802D-02  -0.7830D-03  -0.1943D-02  -0.8517D-03  -0.1802D-02
  1.000  1.000
  -0.5031D-01   0.0000D+00  -0.3493D-01   0.0000D+00   0.0000D+00   0.0000D+00  -0.1741D-01   0.0000D+00  -0.5031D-01   0.0000D+00  -0.3493D-01   0.0000D+00
   0.1670D+00   0.0000D+00   0.2544D-01   0.0000D+00   0.7015D-01   0.0000D+00   0.2782D-01   0.0000D+00   0.6181D-02   0.0000D+00   0.0000D+00   0.0000D+00   0.1670D+00   0.0000D+00   0.2544D-01   0.0000D+00   0.7015D-01   0.0000D+00
   0.0000D+00   0.0000D+00   0.0000D+00   0.0000D+00   0.0000D+00   0.0000D+00   0.0000D+00   0.0000D+00
  -0.5146D-01   0.3778D-02  -0.3764D-01   0.2167D-02   0.1968D-02  -0.1414D-02  -0.1879D-01   0.7096D-03  -0.5146D-01   0.3778D-02  -0.3764D-01   0.2167D-02
   0.1466D+00  -0.6965D-02   0.2295D-01  -0.2031D-02   0.5009D-01  -0.1213D-01   0.2681D-01   0.0000D+00   0.6551D-02   0.6137D-03  -0.1109D-02   0.2009D-02   0.1466D+00  -0.6965D-02   0.2295D-01  -0.2031D-02   0.5009D-01  -0.1213D-01
  -0.7247D-03  -0.1798D-02  -0.7883D-03  -0.1668D-02  -0.7247D-03  -0.1798D-02  -0.7883D-03  -0.1668D-02
  1.000  2.000
  -0.4683D-01   0.0000D+00  -0.3251D-01   0.0000D+00   0.0000D+00   0.0000D+00  -0.1621D-01   0.0000D+00  -0.4683D-01   0.0000D+00  -0.3251D-01   0.0000D+00
   0.1670D+00   0.0000D+00   0.2544D-01   0.0000D+00   0.7015D-01   0.0000D+00   0.2782D-01   0.0000D+00   0.6181D-02   0.0000D+00   0.0000D+00   0.0000D+00   0.1670D+00   0.0000D+00   0.2544D-01   0.0000D+00   0.7015D-01   0.0000D+00
   0.0000D+00   0.0000D+00   0.0000D+00   0.0000D+00   0.0000D+00   0.0000D+00   0.0000D+00   0.0000D+00
  -0.5097D-01   0.3274D-02  -0.3704D-01   0.1878D-02   0.1705D-02  -0.1225D-02  -0.1849D-01   0.6148D-03  -0.5097D-01   0.3274D-02  -0.3704D-01   0.1878D-02
   0.1480D+00  -0.6483D-02   0.2313D-01  -0.1891D-02   0.5148D-01  -0.1129D-01   0.2688D-01   0.0000D+00   0.6526D-02   0.5713D-03  -0.1033D-02   0.1870D-02   0.1480D+00  -0.6483D-02   0.2313D-01  -0.1891D-02   0.5148D-01  -0.1129D-01
  -0.6745D-03  -0.1674D-02  -0.7337D-03  -0.1552D-02  -0.6745D-03  -0.1674D-02  -0.7337D-03  -0.1552D-02
  2.000  0.500
  -0.4828D-01   0.0000D+00  -0.3347D-01   0.0000D+00   0.0000D+00   0.0000D+00  -0.1665D-01   0.0000D+00  -0.4828D-01   0.0000D+00  -0.3347D-01   0.0000D+00
   0.1481D+00   0.0000D+00   0.2254D-01   0.0000D+00   0.6237D-01   0.0000D+00   0.2463D-01   0.0000D+00   0.5473D-02   0.0000D+00   0.0000D+00   0.0000D+00   0.1481D+00   0.0000D+00   0.2254D-01   0.0000D+00   0.6237D-01   0.0000D+00
   0.0000D+00   0.0000D+00   0.0000D+00   0.0000D+00   0.0000D+00   0.0000D+00   0.0000D+00   0.0000D+00
  -0.5193D-01   0.3921D-02  -0.3802D-01   0.2242D-02   0.2000D-02  -0.1462D-02  -0.1895D-01   0.7364D-03  -0.5193D-01   0.3921D-02  -0.3802D-01   0.2242D-02
   0.1479D+00  -0.6692D-02   0.2308D-01  -0.1948D-02   0.5119D-01  -0.1162D-01   0.2688D-01   0.0000D+00   0.6550D-02   0.5872D-03  -0.1050D-02   0.1922D-02   0.1479D+00  -0.6692D-02   0.2308D-01  -0.1948D-02   0.5119D-01  -0.1162D-01
  -0.6957D-03  -0.1731D-02  -0.7534D-03  -0.1597D-02  -0.6957D-03  -0.1731D-02  -0.7534D-03  -0.1597D-02
  2.000  1.000
  -0.4468D-01   0.0000D+00  -0.3098D-01   0.0000D+00   0.0000D+00   0.0000D+00  -0.1540D-01   0.0000D+00  -0.4468D-01   0.0000D+00  -0.3098D-01   0.0000D+00
   0.1481D+00   0.0000D+00   0.2254D-01   0.0000D+00   0.6237D-01   0.0000D+00   0.2463D-01   0.0000D+00   0.5473D-02   0.0000D+00   0.0000D+00   0.0000D+00   0.1481D+00   0.0000D+00   0.2254D-01   0.0000D+00   0.6237D-01   0.0000D+00
   0.0000D+00   0.0000D+00   0.0000D+00   0.0000D+00   0.0000D+00   0.0000D+00   0.0000D+00   0.0000D+00
  -0.5103D-01   0.3358D-02  -0.3711D-01   0.1921D-02   0.1713D-02  -0.1252D-02  -0.1849D-01   0.6308D-03  -0.5103D-01   0.3358D-02  -0.3711D-01   0.1921D-02
   0.1479D+00  -0.6193D-02   0.2304D-01  -0.1803D-02   0.5203D-01  -0.1075D-01   0.2672D-01   0.0000D+00   0.6470D-02   0.5434D-03  -0.9717D-03   0.1778D-02   0.1479D+00  -0.6193D-02   0.2304D-01  -0.1803D-02   0.5203D-01  -0.1075D-01
  -0.6439D-03  -0.1602D-02  -0.6973D-03  -0.1478D-02  -0.6439D-03  -0.1602D-02  -0.6973D-03  -0.1478D-02
  2.000  2.000
  -0.4159D-01   0.0000D+00  -0.2883D-01   0.0000D+00   0.0000D+00   0.0000D+00  -0.1434D-01   0.0000D+00  -0.4159D-01   0.0000D+00  -0.2883D-01   0.0000D+00
   0.1481D+00   0.0000D+00   0.2254D-01   0.0000D+00   0.6237D-01   0.0000D+00   0.2463D-01   0.0000D+00   0.5473D-02   0.0000D+00   0.0000D+00   0.0000D+00   0.1481D+00   0.0000D+00   0.2254D-01   0.0000D+00   0.6237D-01   0.0000D+00
   0.0000D+00   0.0000D+00   0.0000D+00   0.0000D+00   0.0000D+00   0.0000D+00   0.0000D+00   0.0000D+00
  -0.4988D-01   0.2909D-02  -0.3608D-01   0.1664D-02   0.1484D-02  -0.1085D-02  -0.1798D-01   0.5465D-03  -0.4988D-01   0.2909D-02  -0.3608D-01   0.1664D-02
   0.1479D+00  -0.5765D-02   0.2301D-01  -0.1678D-02   0.5275D-01  -0.1001D-01   0.2657D-01   0.0000D+00   0.6401D-02   0.5058D-03  -0.9045D-03   0.1655D-02   0.1479D+00  -0.5765D-02   0.2301D-01  -0.1678D-02   0.5275D-01  -0.1001D-01
  -0.5993D-03  -0.1491D-02  -0.6490D-03  -0.1376D-02  -0.5993D-03  -0.1491D-02  -0.6490D-03  -0.1376D-02
