 LHC=           1 sqrts=   8000.0000000000000      ang=           4 mode=fital                                                                                               scalescheme=           1 R=  0.69999999999999996     
 CT10nlo_rand5678                                                                                             438
 Bin information: chid, chiu, md, mu, mu0
   0.0000000000000000       0.50000000000000000        395.00000000000000        430.00000000000000        412.50000000000000     
 9 scales(muf, mur)*(LO(38), NLO(38))
  0.500  0.500
  -0.1240D+01   0.0000D+00  -0.1280D+01   0.0000D+00   0.0000D+00   0.0000D+00  -0.1095D+01   0.0000D+00  -0.1240D+01   0.0000D+00  -0.1280D+01   0.0000D+00
   0.5908D+00   0.0000D+00   0.1021D+00   0.0000D+00   0.1758D+00   0.0000D+00   0.1956D+00   0.0000D+00   0.4346D-01   0.0000D+00   0.0000D+00   0.0000D+00   0.5908D+00   0.0000D+00   0.1021D+00   0.0000D+00   0.1758D+00   0.0000D+00
   0.0000D+00   0.0000D+00   0.0000D+00   0.0000D+00   0.0000D+00   0.0000D+00   0.0000D+00   0.0000D+00
  -0.9123D+00   0.1818D+00  -0.1097D+01   0.1086D+00   0.1081D+00  -0.1099D+00  -0.1011D+01   0.4303D-02  -0.9123D+00   0.1818D+00  -0.1097D+01   0.1086D+00
   0.5457D+00  -0.2156D-01   0.9701D-01  -0.7686D-02   0.1058D+00  -0.5451D-01   0.1899D+00   0.0000D+00   0.4767D-01   0.5333D-02  -0.2170D-02   0.1745D-01   0.5457D+00  -0.2156D-01   0.9701D-01  -0.7686D-02   0.1058D+00  -0.5451D-01
  -0.1750D-02  -0.6812D-02  -0.4067D-02  -0.1024D-01  -0.1750D-02  -0.6812D-02  -0.4067D-02  -0.1024D-01
  0.500  1.000
  -0.1135D+01   0.0000D+00  -0.1172D+01   0.0000D+00   0.0000D+00   0.0000D+00  -0.1002D+01   0.0000D+00  -0.1135D+01   0.0000D+00  -0.1172D+01   0.0000D+00
   0.5908D+00   0.0000D+00   0.1021D+00   0.0000D+00   0.1758D+00   0.0000D+00   0.1956D+00   0.0000D+00   0.4346D-01   0.0000D+00   0.0000D+00   0.0000D+00   0.5908D+00   0.0000D+00   0.1021D+00   0.0000D+00   0.1758D+00   0.0000D+00
   0.0000D+00   0.0000D+00   0.0000D+00   0.0000D+00   0.0000D+00   0.0000D+00   0.0000D+00   0.0000D+00
  -0.9532D+00   0.1523D+00  -0.1114D+01   0.9095D-01   0.9058D-01  -0.9209D-01  -0.1014D+01   0.3605D-02  -0.9532D+00   0.1523D+00  -0.1114D+01   0.9095D-01
   0.5498D+00  -0.1973D-01   0.9748D-01  -0.7035D-02   0.1118D+00  -0.4989D-01   0.1905D+00   0.0000D+00   0.4734D-01   0.4881D-02  -0.1985D-02   0.1598D-01   0.5498D+00  -0.1973D-01   0.9748D-01  -0.7035D-02   0.1118D+00  -0.4989D-01
  -0.1602D-02  -0.6235D-02  -0.3722D-02  -0.9371D-02  -0.1602D-02  -0.6235D-02  -0.3722D-02  -0.9371D-02
  0.500  2.000
  -0.1046D+01   0.0000D+00  -0.1080D+01   0.0000D+00   0.0000D+00   0.0000D+00  -0.9239D+00   0.0000D+00  -0.1046D+01   0.0000D+00  -0.1080D+01   0.0000D+00
   0.5908D+00   0.0000D+00   0.1021D+00   0.0000D+00   0.1758D+00   0.0000D+00   0.1956D+00   0.0000D+00   0.4346D-01   0.0000D+00   0.0000D+00   0.0000D+00   0.5908D+00   0.0000D+00   0.1021D+00   0.0000D+00   0.1758D+00   0.0000D+00
   0.0000D+00   0.0000D+00   0.0000D+00   0.0000D+00   0.0000D+00   0.0000D+00   0.0000D+00   0.0000D+00
  -0.9709D+00   0.1295D+00  -0.1113D+01   0.7734D-01   0.7702D-01  -0.7831D-01  -0.1004D+01   0.3066D-02  -0.9709D+00   0.1295D+00  -0.1113D+01   0.7734D-01
   0.5532D+00  -0.1820D-01   0.9788D-01  -0.6488D-02   0.1169D+00  -0.4601D-01   0.1909D+00   0.0000D+00   0.4705D-01   0.4501D-02  -0.1830D-02   0.1473D-01   0.5532D+00  -0.1820D-01   0.9788D-01  -0.6488D-02   0.1169D+00  -0.4601D-01
  -0.1477D-02  -0.5750D-02  -0.3433D-02  -0.8641D-02  -0.1477D-02  -0.5750D-02  -0.3433D-02  -0.8641D-02
  1.000  0.500
  -0.1173D+01   0.0000D+00  -0.1215D+01   0.0000D+00   0.0000D+00   0.0000D+00  -0.1038D+01   0.0000D+00  -0.1173D+01   0.0000D+00  -0.1215D+01   0.0000D+00
   0.5582D+00   0.0000D+00   0.9634D-01   0.0000D+00   0.1658D+00   0.0000D+00   0.1855D+00   0.0000D+00   0.4121D-01   0.0000D+00   0.0000D+00   0.0000D+00   0.5582D+00   0.0000D+00   0.9634D-01   0.0000D+00   0.1658D+00   0.0000D+00
   0.0000D+00   0.0000D+00   0.0000D+00   0.0000D+00   0.0000D+00   0.0000D+00   0.0000D+00   0.0000D+00
  -0.9332D+00   0.1724D+00  -0.1104D+01   0.1028D+00   0.1023D+00  -0.1043D+00  -0.1017D+01   0.4175D-02  -0.9332D+00   0.1724D+00  -0.1104D+01   0.1028D+00
   0.5413D+00  -0.2033D-01   0.9606D-01  -0.7271D-02   0.1072D+00  -0.5181D-01   0.1887D+00   0.0000D+00   0.4699D-01   0.5055D-02  -0.2284D-02   0.1654D-01   0.5413D+00  -0.2033D-01   0.9606D-01  -0.7271D-02   0.1072D+00  -0.5181D-01
  -0.1661D-02  -0.6558D-02  -0.3868D-02  -0.9683D-02  -0.1661D-02  -0.6558D-02  -0.3868D-02  -0.9683D-02
  1.000  1.000
  -0.1073D+01   0.0000D+00  -0.1112D+01   0.0000D+00   0.0000D+00   0.0000D+00  -0.9503D+00   0.0000D+00  -0.1073D+01   0.0000D+00  -0.1112D+01   0.0000D+00
   0.5582D+00   0.0000D+00   0.9634D-01   0.0000D+00   0.1658D+00   0.0000D+00   0.1855D+00   0.0000D+00   0.4121D-01   0.0000D+00   0.0000D+00   0.0000D+00   0.5582D+00   0.0000D+00   0.9634D-01   0.0000D+00   0.1658D+00   0.0000D+00
   0.0000D+00   0.0000D+00   0.0000D+00   0.0000D+00   0.0000D+00   0.0000D+00   0.0000D+00   0.0000D+00
  -0.9605D+00   0.1445D+00  -0.1110D+01   0.8610D-01   0.8572D-01  -0.8735D-01  -0.1010D+01   0.3498D-02  -0.9605D+00   0.1445D+00  -0.1110D+01   0.8610D-01
   0.5430D+00  -0.1861D-01   0.9613D-01  -0.6656D-02   0.1122D+00  -0.4742D-01   0.1885D+00   0.0000D+00   0.4652D-01   0.4627D-02  -0.2090D-02   0.1514D-01   0.5430D+00  -0.1861D-01   0.9613D-01  -0.6656D-02   0.1122D+00  -0.4742D-01
  -0.1520D-02  -0.6003D-02  -0.3541D-02  -0.8863D-02  -0.1520D-02  -0.6003D-02  -0.3541D-02  -0.8863D-02
  1.000  2.000
  -0.9898D+00   0.0000D+00  -0.1026D+01   0.0000D+00   0.0000D+00   0.0000D+00  -0.8763D+00   0.0000D+00  -0.9898D+00   0.0000D+00  -0.1026D+01   0.0000D+00
   0.5582D+00   0.0000D+00   0.9634D-01   0.0000D+00   0.1658D+00   0.0000D+00   0.1855D+00   0.0000D+00   0.4121D-01   0.0000D+00   0.0000D+00   0.0000D+00   0.5582D+00   0.0000D+00   0.9634D-01   0.0000D+00   0.1658D+00   0.0000D+00
   0.0000D+00   0.0000D+00   0.0000D+00   0.0000D+00   0.0000D+00   0.0000D+00   0.0000D+00   0.0000D+00
  -0.9684D+00   0.1228D+00  -0.1101D+01   0.7321D-01   0.7289D-01  -0.7428D-01  -0.9930D+00   0.2975D-02  -0.9684D+00   0.1228D+00  -0.1101D+01   0.7321D-01
   0.5443D+00  -0.1716D-01   0.9618D-01  -0.6138D-02   0.1164D+00  -0.4373D-01   0.1883D+00   0.0000D+00   0.4612D-01   0.4267D-02  -0.1926D-02   0.1396D-01   0.5443D+00  -0.1716D-01   0.9618D-01  -0.6138D-02   0.1164D+00  -0.4373D-01
  -0.1402D-02  -0.5536D-02  -0.3265D-02  -0.8174D-02  -0.1402D-02  -0.5536D-02  -0.3265D-02  -0.8174D-02
  2.000  0.500
  -0.1112D+01   0.0000D+00  -0.1157D+01   0.0000D+00   0.0000D+00   0.0000D+00  -0.9868D+00   0.0000D+00  -0.1112D+01   0.0000D+00  -0.1157D+01   0.0000D+00
   0.5292D+00   0.0000D+00   0.9165D-01   0.0000D+00   0.1568D+00   0.0000D+00   0.1754D+00   0.0000D+00   0.3897D-01   0.0000D+00   0.0000D+00   0.0000D+00   0.5292D+00   0.0000D+00   0.9165D-01   0.0000D+00   0.1568D+00   0.0000D+00
   0.0000D+00   0.0000D+00   0.0000D+00   0.0000D+00   0.0000D+00   0.0000D+00   0.0000D+00   0.0000D+00
  -0.9502D+00   0.1638D+00  -0.1120D+01   0.9750D-01   0.9741D-01  -0.9907D-01  -0.1031D+01   0.4025D-02  -0.9502D+00   0.1638D+00  -0.1120D+01   0.9750D-01
   0.5415D+00  -0.1923D-01   0.9598D-01  -0.6877D-02   0.1092D+00  -0.4873D-01   0.1886D+00   0.0000D+00   0.4668D-01   0.4781D-02  -0.1967D-02   0.1565D-01   0.5415D+00  -0.1923D-01   0.9598D-01  -0.6877D-02   0.1092D+00  -0.4873D-01
  -0.1576D-02  -0.6210D-02  -0.3687D-02  -0.9177D-02  -0.1576D-02  -0.6210D-02  -0.3687D-02  -0.9177D-02
  2.000  1.000
  -0.1017D+01   0.0000D+00  -0.1059D+01   0.0000D+00   0.0000D+00   0.0000D+00  -0.9032D+00   0.0000D+00  -0.1017D+01   0.0000D+00  -0.1059D+01   0.0000D+00
   0.5292D+00   0.0000D+00   0.9165D-01   0.0000D+00   0.1568D+00   0.0000D+00   0.1754D+00   0.0000D+00   0.3897D-01   0.0000D+00   0.0000D+00   0.0000D+00   0.5292D+00   0.0000D+00   0.9165D-01   0.0000D+00   0.1568D+00   0.0000D+00
   0.0000D+00   0.0000D+00   0.0000D+00   0.0000D+00   0.0000D+00   0.0000D+00   0.0000D+00   0.0000D+00
  -0.9654D+00   0.1372D+00  -0.1115D+01   0.8168D-01   0.8160D-01  -0.8300D-01  -0.1014D+01   0.3373D-02  -0.9654D+00   0.1372D+00  -0.1115D+01   0.8168D-01
   0.5407D+00  -0.1760D-01   0.9565D-01  -0.6295D-02   0.1133D+00  -0.4460D-01   0.1875D+00   0.0000D+00   0.4604D-01   0.4376D-02  -0.1799D-02   0.1432D-01   0.5407D+00  -0.1760D-01   0.9565D-01  -0.6295D-02   0.1133D+00  -0.4460D-01
  -0.1443D-02  -0.5684D-02  -0.3375D-02  -0.8400D-02  -0.1443D-02  -0.5684D-02  -0.3375D-02  -0.8400D-02
  2.000  2.000
  -0.9383D+00   0.0000D+00  -0.9766D+00   0.0000D+00   0.0000D+00   0.0000D+00  -0.8329D+00   0.0000D+00  -0.9383D+00   0.0000D+00  -0.9766D+00   0.0000D+00
   0.5292D+00   0.0000D+00   0.9165D-01   0.0000D+00   0.1568D+00   0.0000D+00   0.1754D+00   0.0000D+00   0.3897D-01   0.0000D+00   0.0000D+00   0.0000D+00   0.5292D+00   0.0000D+00   0.9165D-01   0.0000D+00   0.1568D+00   0.0000D+00
   0.0000D+00   0.0000D+00   0.0000D+00   0.0000D+00   0.0000D+00   0.0000D+00   0.0000D+00   0.0000D+00
  -0.9647D+00   0.1167D+00  -0.1098D+01   0.6946D-01   0.6938D-01  -0.7058D-01  -0.9896D+00   0.2868D-02  -0.9647D+00   0.1167D+00  -0.1098D+01   0.6946D-01
   0.5400D+00  -0.1623D-01   0.9537D-01  -0.5805D-02   0.1168D+00  -0.4113D-01   0.1866D+00   0.0000D+00   0.4551D-01   0.4035D-02  -0.1659D-02   0.1321D-01   0.5400D+00  -0.1623D-01   0.9537D-01  -0.5805D-02   0.1168D+00  -0.4113D-01
  -0.1331D-02  -0.5242D-02  -0.3112D-02  -0.7746D-02  -0.1331D-02  -0.5242D-02  -0.3112D-02  -0.7746D-02
