 LHC=           1 sqrts=   8000.0000000000000      ang=           4 mode=fital                                                                                               scalescheme=           1 R=  0.69999999999999996     
 CT10nlo_rand5678                                                                                             438
 Bin information: chid, chiu, md, mu, mu0
   0.0000000000000000       0.50000000000000000        592.00000000000000        638.00000000000000        615.00000000000000     
 9 scales(muf, mur)*(LO(38), NLO(38))
  0.500  0.500
  -0.5559D+00   0.0000D+00  -0.4919D+00   0.0000D+00   0.0000D+00   0.0000D+00  -0.3595D+00   0.0000D+00  -0.5559D+00   0.0000D+00  -0.4919D+00   0.0000D+00
   0.5310D+00   0.0000D+00   0.8835D-01   0.0000D+00   0.1788D+00   0.0000D+00   0.1455D+00   0.0000D+00   0.3234D-01   0.0000D+00   0.0000D+00   0.0000D+00   0.5310D+00   0.0000D+00   0.8835D-01   0.0000D+00   0.1788D+00   0.0000D+00
   0.0000D+00   0.0000D+00   0.0000D+00   0.0000D+00   0.0000D+00   0.0000D+00   0.0000D+00   0.0000D+00
  -0.4218D+00   0.6483D-01  -0.4257D+00   0.3811D-01   0.3956D-01  -0.3430D-01  -0.3296D+00   0.5227D-02  -0.4218D+00   0.6483D-01  -0.4257D+00   0.3811D-01
   0.4401D+00  -0.2083D-01   0.7606D-01  -0.6901D-02   0.9917D-01  -0.4620D-01   0.1310D+00   0.0000D+00   0.3295D-01   0.3769D-02  -0.2849D-02   0.1234D-01   0.4401D+00  -0.2083D-01   0.7606D-01  -0.6901D-02   0.9917D-01  -0.4620D-01
  -0.1906D-02  -0.6096D-02  -0.3343D-02  -0.7866D-02  -0.1906D-02  -0.6096D-02  -0.3343D-02  -0.7866D-02
  0.500  1.000
  -0.5111D+00   0.0000D+00  -0.4522D+00   0.0000D+00   0.0000D+00   0.0000D+00  -0.3305D+00   0.0000D+00  -0.5111D+00   0.0000D+00  -0.4522D+00   0.0000D+00
   0.5310D+00   0.0000D+00   0.8835D-01   0.0000D+00   0.1788D+00   0.0000D+00   0.1455D+00   0.0000D+00   0.3234D-01   0.0000D+00   0.0000D+00   0.0000D+00   0.5310D+00   0.0000D+00   0.8835D-01   0.0000D+00   0.1788D+00   0.0000D+00
   0.0000D+00   0.0000D+00   0.0000D+00   0.0000D+00   0.0000D+00   0.0000D+00   0.0000D+00   0.0000D+00
  -0.4375D+00   0.5480D-01  -0.4315D+00   0.3222D-01   0.3344D-01  -0.2899D-01  -0.3310D+00   0.4419D-02  -0.4375D+00   0.5480D-01  -0.4315D+00   0.3222D-01
   0.4476D+00  -0.1915D-01   0.7707D-01  -0.6345D-02   0.1056D+00  -0.4248D-01   0.1322D+00   0.0000D+00   0.3290D-01   0.3465D-02  -0.2619D-02   0.1134D-01   0.4476D+00  -0.1915D-01   0.7707D-01  -0.6345D-02   0.1056D+00  -0.4248D-01
  -0.1752D-02  -0.5605D-02  -0.3073D-02  -0.7233D-02  -0.1752D-02  -0.5605D-02  -0.3073D-02  -0.7233D-02
  0.500  2.000
  -0.4731D+00   0.0000D+00  -0.4186D+00   0.0000D+00   0.0000D+00   0.0000D+00  -0.3059D+00   0.0000D+00  -0.4731D+00   0.0000D+00  -0.4186D+00   0.0000D+00
   0.5310D+00   0.0000D+00   0.8835D-01   0.0000D+00   0.1788D+00   0.0000D+00   0.1455D+00   0.0000D+00   0.3234D-01   0.0000D+00   0.0000D+00   0.0000D+00   0.5310D+00   0.0000D+00   0.8835D-01   0.0000D+00   0.1788D+00   0.0000D+00
   0.0000D+00   0.0000D+00   0.0000D+00   0.0000D+00   0.0000D+00   0.0000D+00   0.0000D+00   0.0000D+00
  -0.4441D+00   0.4695D-01  -0.4310D+00   0.2760D-01   0.2865D-01  -0.2484D-01  -0.3284D+00   0.3786D-02  -0.4441D+00   0.4695D-01  -0.4310D+00   0.2760D-01
   0.4539D+00  -0.1773D-01   0.7793D-01  -0.5873D-02   0.1111D+00  -0.3932D-01   0.1332D+00   0.0000D+00   0.3287D-01   0.3208D-02  -0.2424D-02   0.1050D-01   0.4539D+00  -0.1773D-01   0.7793D-01  -0.5873D-02   0.1111D+00  -0.3932D-01
  -0.1622D-02  -0.5188D-02  -0.2845D-02  -0.6695D-02  -0.1622D-02  -0.5188D-02  -0.2845D-02  -0.6695D-02
  1.000  0.500
  -0.5139D+00   0.0000D+00  -0.4561D+00   0.0000D+00   0.0000D+00   0.0000D+00  -0.3320D+00   0.0000D+00  -0.5139D+00   0.0000D+00  -0.4561D+00   0.0000D+00
   0.4909D+00   0.0000D+00   0.8135D-01   0.0000D+00   0.1655D+00   0.0000D+00   0.1345D+00   0.0000D+00   0.2990D-01   0.0000D+00   0.0000D+00   0.0000D+00   0.4909D+00   0.0000D+00   0.8135D-01   0.0000D+00   0.1655D+00   0.0000D+00
   0.0000D+00   0.0000D+00   0.0000D+00   0.0000D+00   0.0000D+00   0.0000D+00   0.0000D+00   0.0000D+00
  -0.4316D+00   0.6011D-01  -0.4303D+00   0.3526D-01   0.3667D-01  -0.3164D-01  -0.3290D+00   0.4864D-02  -0.4316D+00   0.6011D-01  -0.4303D+00   0.3526D-01
   0.4433D+00  -0.1928D-01   0.7589D-01  -0.6381D-02   0.1038D+00  -0.4267D-01   0.1311D+00   0.0000D+00   0.3267D-01   0.3482D-02  -0.2659D-02   0.1140D-01   0.4433D+00  -0.1928D-01   0.7589D-01  -0.6381D-02   0.1038D+00  -0.4267D-01
  -0.1766D-02  -0.5651D-02  -0.3096D-02  -0.7294D-02  -0.1766D-02  -0.5651D-02  -0.3096D-02  -0.7294D-02
  1.000  1.000
  -0.4725D+00   0.0000D+00  -0.4194D+00   0.0000D+00   0.0000D+00   0.0000D+00  -0.3052D+00   0.0000D+00  -0.4725D+00   0.0000D+00  -0.4194D+00   0.0000D+00
   0.4909D+00   0.0000D+00   0.8135D-01   0.0000D+00   0.1655D+00   0.0000D+00   0.1345D+00   0.0000D+00   0.2990D-01   0.0000D+00   0.0000D+00   0.0000D+00   0.4909D+00   0.0000D+00   0.8135D-01   0.0000D+00   0.1655D+00   0.0000D+00
   0.0000D+00   0.0000D+00   0.0000D+00   0.0000D+00   0.0000D+00   0.0000D+00   0.0000D+00   0.0000D+00
  -0.4397D+00   0.5081D-01  -0.4302D+00   0.2980D-01   0.3100D-01  -0.2675D-01  -0.3265D+00   0.4111D-02  -0.4397D+00   0.5081D-01  -0.4302D+00   0.2980D-01
   0.4472D+00  -0.1772D-01   0.7635D-01  -0.5867D-02   0.1088D+00  -0.3924D-01   0.1314D+00   0.0000D+00   0.3245D-01   0.3202D-02  -0.2445D-02   0.1048D-01   0.4472D+00  -0.1772D-01   0.7635D-01  -0.5867D-02   0.1088D+00  -0.3924D-01
  -0.1624D-02  -0.5196D-02  -0.2847D-02  -0.6706D-02  -0.1624D-02  -0.5196D-02  -0.2847D-02  -0.6706D-02
  1.000  2.000
  -0.4373D+00   0.0000D+00  -0.3882D+00   0.0000D+00   0.0000D+00   0.0000D+00  -0.2825D+00   0.0000D+00  -0.4373D+00   0.0000D+00  -0.3882D+00   0.0000D+00
   0.4909D+00   0.0000D+00   0.8135D-01   0.0000D+00   0.1655D+00   0.0000D+00   0.1345D+00   0.0000D+00   0.2990D-01   0.0000D+00   0.0000D+00   0.0000D+00   0.4909D+00   0.0000D+00   0.8135D-01   0.0000D+00   0.1655D+00   0.0000D+00
   0.0000D+00   0.0000D+00   0.0000D+00   0.0000D+00   0.0000D+00   0.0000D+00   0.0000D+00   0.0000D+00
  -0.4407D+00   0.4354D-01  -0.4254D+00   0.2553D-01   0.2656D-01  -0.2292D-01  -0.3211D+00   0.3523D-02  -0.4407D+00   0.4354D-01  -0.4254D+00   0.2553D-01
   0.4506D+00  -0.1640D-01   0.7674D-01  -0.5431D-02   0.1131D+00  -0.3632D-01   0.1317D+00   0.0000D+00   0.3227D-01   0.2964D-02  -0.2263D-02   0.9699D-02   0.4506D+00  -0.1640D-01   0.7674D-01  -0.5431D-02   0.1131D+00  -0.3632D-01
  -0.1503D-02  -0.4809D-02  -0.2635D-02  -0.6208D-02  -0.1503D-02  -0.4809D-02  -0.2635D-02  -0.6208D-02
  2.000  0.500
  -0.4776D+00   0.0000D+00  -0.4237D+00   0.0000D+00   0.0000D+00   0.0000D+00  -0.3083D+00   0.0000D+00  -0.4776D+00   0.0000D+00  -0.4237D+00   0.0000D+00
   0.4549D+00   0.0000D+00   0.7554D-01   0.0000D+00   0.1536D+00   0.0000D+00   0.1246D+00   0.0000D+00   0.2768D-01   0.0000D+00   0.0000D+00   0.0000D+00   0.4549D+00   0.0000D+00   0.7554D-01   0.0000D+00   0.1536D+00   0.0000D+00
   0.0000D+00   0.0000D+00   0.0000D+00   0.0000D+00   0.0000D+00   0.0000D+00   0.0000D+00   0.0000D+00
  -0.4390D+00   0.5591D-01  -0.4336D+00   0.3276D-01   0.3380D-01  -0.2938D-01  -0.3309D+00   0.4539D-02  -0.4390D+00   0.5591D-01  -0.4336D+00   0.3276D-01
   0.4462D+00  -0.1790D-01   0.7644D-01  -0.5917D-02   0.1088D+00  -0.3961D-01   0.1315D+00   0.0000D+00   0.3243D-01   0.3223D-02  -0.2457D-02   0.1055D-01   0.4462D+00  -0.1790D-01   0.7644D-01  -0.5917D-02   0.1088D+00  -0.3961D-01
  -0.1645D-02  -0.5218D-02  -0.2877D-02  -0.6730D-02  -0.1645D-02  -0.5218D-02  -0.2877D-02  -0.6730D-02
  2.000  1.000
  -0.4392D+00   0.0000D+00  -0.3896D+00   0.0000D+00   0.0000D+00   0.0000D+00  -0.2834D+00   0.0000D+00  -0.4392D+00   0.0000D+00  -0.3896D+00   0.0000D+00
   0.4549D+00   0.0000D+00   0.7554D-01   0.0000D+00   0.1536D+00   0.0000D+00   0.1246D+00   0.0000D+00   0.2768D-01   0.0000D+00   0.0000D+00   0.0000D+00   0.4549D+00   0.0000D+00   0.7554D-01   0.0000D+00   0.1536D+00   0.0000D+00
   0.0000D+00   0.0000D+00   0.0000D+00   0.0000D+00   0.0000D+00   0.0000D+00   0.0000D+00   0.0000D+00
  -0.4407D+00   0.4726D-01  -0.4283D+00   0.2769D-01   0.2857D-01  -0.2483D-01  -0.3246D+00   0.3837D-02  -0.4407D+00   0.4726D-01  -0.4283D+00   0.2769D-01
   0.4470D+00  -0.1646D-01   0.7639D-01  -0.5440D-02   0.1125D+00  -0.3642D-01   0.1309D+00   0.0000D+00   0.3205D-01   0.2963D-02  -0.2259D-02   0.9698D-02   0.4470D+00  -0.1646D-01   0.7639D-01  -0.5440D-02   0.1125D+00  -0.3642D-01
  -0.1512D-02  -0.4798D-02  -0.2645D-02  -0.6188D-02  -0.1512D-02  -0.4798D-02  -0.2645D-02  -0.6188D-02
  2.000  2.000
  -0.4065D+00   0.0000D+00  -0.3606D+00   0.0000D+00   0.0000D+00   0.0000D+00  -0.2624D+00   0.0000D+00  -0.4065D+00   0.0000D+00  -0.3606D+00   0.0000D+00
   0.4549D+00   0.0000D+00   0.7554D-01   0.0000D+00   0.1536D+00   0.0000D+00   0.1246D+00   0.0000D+00   0.2768D-01   0.0000D+00   0.0000D+00   0.0000D+00   0.4549D+00   0.0000D+00   0.7554D-01   0.0000D+00   0.1536D+00   0.0000D+00
   0.0000D+00   0.0000D+00   0.0000D+00   0.0000D+00   0.0000D+00   0.0000D+00   0.0000D+00   0.0000D+00
  -0.4371D+00   0.4049D-01  -0.4198D+00   0.2373D-01   0.2448D-01  -0.2128D-01  -0.3165D+00   0.3287D-02  -0.4371D+00   0.4049D-01  -0.4198D+00   0.2373D-01
   0.4477D+00  -0.1523D-01   0.7634D-01  -0.5035D-02   0.1156D+00  -0.3371D-01   0.1305D+00   0.0000D+00   0.3173D-01   0.2743D-02  -0.2091D-02   0.8977D-02   0.4477D+00  -0.1523D-01   0.7634D-01  -0.5035D-02   0.1156D+00  -0.3371D-01
  -0.1400D-02  -0.4441D-02  -0.2448D-02  -0.5728D-02  -0.1400D-02  -0.4441D-02  -0.2448D-02  -0.5728D-02
