 LHC=           1 sqrts=   8000.0000000000000      ang=           4 mode=fital                                                                                               scalescheme=           1 R=  0.69999999999999996     
 CT10nlo_rand5678                                                                                             456
 Bin information: chid, chiu, md, mu, mu0
   0.0000000000000000       0.50000000000000000        468.00000000000000        507.00000000000000        487.50000000000000     
 9 scales(muf, mur)*(LO(38), NLO(38))
  0.500  0.500
  -0.9135D+00   0.0000D+00  -0.8666D+00   0.0000D+00   0.0000D+00   0.0000D+00  -0.6769D+00   0.0000D+00  -0.9135D+00   0.0000D+00  -0.8666D+00   0.0000D+00
   0.5672D+00   0.0000D+00   0.9581D-01   0.0000D+00   0.1810D+00   0.0000D+00   0.1690D+00   0.0000D+00   0.3757D-01   0.0000D+00   0.0000D+00   0.0000D+00   0.5672D+00   0.0000D+00   0.9581D-01   0.0000D+00   0.1810D+00   0.0000D+00
   0.0000D+00   0.0000D+00   0.0000D+00   0.0000D+00   0.0000D+00   0.0000D+00   0.0000D+00   0.0000D+00
  -0.6811D+00   0.1188D+00  -0.7449D+00   0.6998D-01   0.7212D-01  -0.6645D-01  -0.6161D+00   0.6570D-02  -0.6811D+00   0.1188D+00  -0.7449D+00   0.6998D-01
   0.4969D+00  -0.2173D-01   0.8660D-01  -0.7457D-02   0.1050D+00  -0.5124D-01   0.1584D+00   0.0000D+00   0.3941D-01   0.4508D-02  -0.3231D-02   0.1475D-01   0.4969D+00  -0.2173D-01   0.8660D-01  -0.7457D-02   0.1050D+00  -0.5124D-01
  -0.1883D-02  -0.6586D-02  -0.3732D-02  -0.9031D-02  -0.1883D-02  -0.6586D-02  -0.3732D-02  -0.9031D-02
  0.500  1.000
  -0.8378D+00   0.0000D+00  -0.7948D+00   0.0000D+00   0.0000D+00   0.0000D+00  -0.6208D+00   0.0000D+00  -0.8378D+00   0.0000D+00  -0.7948D+00   0.0000D+00
   0.5672D+00   0.0000D+00   0.9581D-01   0.0000D+00   0.1810D+00   0.0000D+00   0.1690D+00   0.0000D+00   0.3757D-01   0.0000D+00   0.0000D+00   0.0000D+00   0.5672D+00   0.0000D+00   0.9581D-01   0.0000D+00   0.1810D+00   0.0000D+00
   0.0000D+00   0.0000D+00   0.0000D+00   0.0000D+00   0.0000D+00   0.0000D+00   0.0000D+00   0.0000D+00
  -0.7094D+00   0.9993D-01  -0.7560D+00   0.5886D-01   0.6066D-01  -0.5589D-01  -0.6194D+00   0.5526D-02  -0.7094D+00   0.9993D-01  -0.7560D+00   0.5886D-01
   0.5029D+00  -0.1993D-01   0.8740D-01  -0.6839D-02   0.1114D+00  -0.4700D-01   0.1593D+00   0.0000D+00   0.3927D-01   0.4134D-02  -0.2963D-02   0.1353D-01   0.5029D+00  -0.1993D-01   0.8740D-01  -0.6839D-02   0.1114D+00  -0.4700D-01
  -0.1727D-02  -0.6040D-02  -0.3422D-02  -0.8283D-02  -0.1727D-02  -0.6040D-02  -0.3422D-02  -0.8283D-02
  0.500  2.000
  -0.7738D+00   0.0000D+00  -0.7341D+00   0.0000D+00   0.0000D+00   0.0000D+00  -0.5734D+00   0.0000D+00  -0.7738D+00   0.0000D+00  -0.7341D+00   0.0000D+00
   0.5672D+00   0.0000D+00   0.9581D-01   0.0000D+00   0.1810D+00   0.0000D+00   0.1690D+00   0.0000D+00   0.3757D-01   0.0000D+00   0.0000D+00   0.0000D+00   0.5672D+00   0.0000D+00   0.9581D-01   0.0000D+00   0.1810D+00   0.0000D+00
   0.0000D+00   0.0000D+00   0.0000D+00   0.0000D+00   0.0000D+00   0.0000D+00   0.0000D+00   0.0000D+00
  -0.7215D+00   0.8525D-01  -0.7553D+00   0.5021D-01   0.5175D-01  -0.4768D-01  -0.6145D+00   0.4715D-02  -0.7215D+00   0.8525D-01  -0.7553D+00   0.5021D-01
   0.5079D+00  -0.1841D-01   0.8806D-01  -0.6316D-02   0.1167D+00  -0.4341D-01   0.1601D+00   0.0000D+00   0.3915D-01   0.3819D-02  -0.2737D-02   0.1250D-01   0.5079D+00  -0.1841D-01   0.8806D-01  -0.6316D-02   0.1167D+00  -0.4341D-01
  -0.1595D-02  -0.5579D-02  -0.3161D-02  -0.7650D-02  -0.1595D-02  -0.5579D-02  -0.3161D-02  -0.7650D-02
  1.000  0.500
  -0.8559D+00   0.0000D+00  -0.8114D+00   0.0000D+00   0.0000D+00   0.0000D+00  -0.6355D+00   0.0000D+00  -0.8559D+00   0.0000D+00  -0.8114D+00   0.0000D+00
   0.5332D+00   0.0000D+00   0.8985D-01   0.0000D+00   0.1696D+00   0.0000D+00   0.1585D+00   0.0000D+00   0.3522D-01   0.0000D+00   0.0000D+00   0.0000D+00   0.5332D+00   0.0000D+00   0.8985D-01   0.0000D+00   0.1696D+00   0.0000D+00
   0.0000D+00   0.0000D+00   0.0000D+00   0.0000D+00   0.0000D+00   0.0000D+00   0.0000D+00   0.0000D+00
  -0.6916D+00   0.1115D+00  -0.7470D+00   0.6577D-01   0.6883D-01  -0.6237D-01  -0.6175D+00   0.6237D-02  -0.6916D+00   0.1115D+00  -0.7470D+00   0.6577D-01
   0.4974D+00  -0.2036D-01   0.8629D-01  -0.6977D-02   0.1081D+00  -0.4798D-01   0.1570D+00   0.0000D+00   0.3902D-01   0.4222D-02  -0.2966D-02   0.1382D-01   0.4974D+00  -0.2036D-01   0.8629D-01  -0.6977D-02   0.1081D+00  -0.4798D-01
  -0.1772D-02  -0.6198D-02  -0.3511D-02  -0.8484D-02  -0.1772D-02  -0.6198D-02  -0.3511D-02  -0.8484D-02
  1.000  1.000
  -0.7850D+00   0.0000D+00  -0.7441D+00   0.0000D+00   0.0000D+00   0.0000D+00  -0.5828D+00   0.0000D+00  -0.7850D+00   0.0000D+00  -0.7441D+00   0.0000D+00
   0.5332D+00   0.0000D+00   0.8985D-01   0.0000D+00   0.1696D+00   0.0000D+00   0.1585D+00   0.0000D+00   0.3522D-01   0.0000D+00   0.0000D+00   0.0000D+00   0.5332D+00   0.0000D+00   0.8985D-01   0.0000D+00   0.1696D+00   0.0000D+00
   0.0000D+00   0.0000D+00   0.0000D+00   0.0000D+00   0.0000D+00   0.0000D+00   0.0000D+00   0.0000D+00
  -0.7096D+00   0.9380D-01  -0.7496D+00   0.5532D-01   0.5789D-01  -0.5246D-01  -0.6144D+00   0.5246D-02  -0.7096D+00   0.9380D-01  -0.7496D+00   0.5532D-01
   0.5006D+00  -0.1867D-01   0.8662D-01  -0.6399D-02   0.1132D+00  -0.4400D-01   0.1572D+00   0.0000D+00   0.3871D-01   0.3872D-02  -0.2720D-02   0.1267D-01   0.5006D+00  -0.1867D-01   0.8662D-01  -0.6399D-02   0.1132D+00  -0.4400D-01
  -0.1625D-02  -0.5684D-02  -0.3220D-02  -0.7780D-02  -0.1625D-02  -0.5684D-02  -0.3220D-02  -0.7780D-02
  1.000  2.000
  -0.7251D+00   0.0000D+00  -0.6873D+00   0.0000D+00   0.0000D+00   0.0000D+00  -0.5383D+00   0.0000D+00  -0.7251D+00   0.0000D+00  -0.6873D+00   0.0000D+00
   0.5332D+00   0.0000D+00   0.8985D-01   0.0000D+00   0.1696D+00   0.0000D+00   0.1585D+00   0.0000D+00   0.3522D-01   0.0000D+00   0.0000D+00   0.0000D+00   0.5332D+00   0.0000D+00   0.8985D-01   0.0000D+00   0.1696D+00   0.0000D+00
   0.0000D+00   0.0000D+00   0.0000D+00   0.0000D+00   0.0000D+00   0.0000D+00   0.0000D+00   0.0000D+00
  -0.7144D+00   0.8003D-01  -0.7428D+00   0.4719D-01   0.4939D-01  -0.4475D-01  -0.6050D+00   0.4476D-02  -0.7144D+00   0.8003D-01  -0.7428D+00   0.4719D-01
   0.5032D+00  -0.1724D-01   0.8689D-01  -0.5911D-02   0.1176D+00  -0.4064D-01   0.1573D+00   0.0000D+00   0.3845D-01   0.3577D-02  -0.2512D-02   0.1171D-01   0.5032D+00  -0.1724D-01   0.8689D-01  -0.5911D-02   0.1176D+00  -0.4064D-01
  -0.1501D-02  -0.5250D-02  -0.2974D-02  -0.7187D-02  -0.1501D-02  -0.5250D-02  -0.2974D-02  -0.7187D-02
  2.000  0.500
  -0.8043D+00   0.0000D+00  -0.7649D+00   0.0000D+00   0.0000D+00   0.0000D+00  -0.5974D+00   0.0000D+00  -0.8043D+00   0.0000D+00  -0.7649D+00   0.0000D+00
   0.5021D+00   0.0000D+00   0.8460D-01   0.0000D+00   0.1592D+00   0.0000D+00   0.1486D+00   0.0000D+00   0.3303D-01   0.0000D+00   0.0000D+00   0.0000D+00   0.5021D+00   0.0000D+00   0.8460D-01   0.0000D+00   0.1592D+00   0.0000D+00
   0.0000D+00   0.0000D+00   0.0000D+00   0.0000D+00   0.0000D+00   0.0000D+00   0.0000D+00   0.0000D+00
  -0.7056D+00   0.1053D+00  -0.7533D+00   0.6203D-01   0.6399D-01  -0.5871D-01  -0.6208D+00   0.5963D-02  -0.7056D+00   0.1053D+00  -0.7533D+00   0.6203D-01
   0.4994D+00  -0.1911D-01   0.8663D-01  -0.6569D-02   0.1113D+00  -0.4515D-01   0.1571D+00   0.0000D+00   0.3876D-01   0.3961D-02  -0.2965D-02   0.1296D-01   0.4994D+00  -0.1911D-01   0.8663D-01  -0.6569D-02   0.1113D+00  -0.4515D-01
  -0.1673D-02  -0.5851D-02  -0.3315D-02  -0.7991D-02  -0.1673D-02  -0.5851D-02  -0.3315D-02  -0.7991D-02
  2.000  1.000
  -0.7376D+00   0.0000D+00  -0.7015D+00   0.0000D+00   0.0000D+00   0.0000D+00  -0.5478D+00   0.0000D+00  -0.7376D+00   0.0000D+00  -0.7015D+00   0.0000D+00
   0.5021D+00   0.0000D+00   0.8460D-01   0.0000D+00   0.1592D+00   0.0000D+00   0.1486D+00   0.0000D+00   0.3303D-01   0.0000D+00   0.0000D+00   0.0000D+00   0.5021D+00   0.0000D+00   0.8460D-01   0.0000D+00   0.1592D+00   0.0000D+00
   0.0000D+00   0.0000D+00   0.0000D+00   0.0000D+00   0.0000D+00   0.0000D+00   0.0000D+00   0.0000D+00
  -0.7137D+00   0.8853D-01  -0.7479D+00   0.5217D-01   0.5382D-01  -0.4938D-01  -0.6114D+00   0.5015D-02  -0.7137D+00   0.8853D-01  -0.7479D+00   0.5217D-01
   0.4998D+00  -0.1753D-01   0.8648D-01  -0.6024D-02   0.1153D+00  -0.4141D-01   0.1564D+00   0.0000D+00   0.3829D-01   0.3632D-02  -0.2719D-02   0.1189D-01   0.4998D+00  -0.1753D-01   0.8648D-01  -0.6024D-02   0.1153D+00  -0.4141D-01
  -0.1535D-02  -0.5366D-02  -0.3040D-02  -0.7329D-02  -0.1535D-02  -0.5366D-02  -0.3040D-02  -0.7329D-02
  2.000  2.000
  -0.6813D+00   0.0000D+00  -0.6479D+00   0.0000D+00   0.0000D+00   0.0000D+00  -0.5060D+00   0.0000D+00  -0.6813D+00   0.0000D+00  -0.6479D+00   0.0000D+00
   0.5021D+00   0.0000D+00   0.8460D-01   0.0000D+00   0.1592D+00   0.0000D+00   0.1486D+00   0.0000D+00   0.3303D-01   0.0000D+00   0.0000D+00   0.0000D+00   0.5021D+00   0.0000D+00   0.8460D-01   0.0000D+00   0.1592D+00   0.0000D+00
   0.0000D+00   0.0000D+00   0.0000D+00   0.0000D+00   0.0000D+00   0.0000D+00   0.0000D+00   0.0000D+00
  -0.7113D+00   0.7553D-01  -0.7355D+00   0.4451D-01   0.4592D-01  -0.4213D-01  -0.5976D+00   0.4279D-02  -0.7113D+00   0.7553D-01  -0.7355D+00   0.4451D-01
   0.5001D+00  -0.1619D-01   0.8636D-01  -0.5564D-02   0.1187D+00  -0.3825D-01   0.1558D+00   0.0000D+00   0.3790D-01   0.3355D-02  -0.2512D-02   0.1098D-01   0.5001D+00  -0.1619D-01   0.8636D-01  -0.5564D-02   0.1187D+00  -0.3825D-01
  -0.1418D-02  -0.4956D-02  -0.2808D-02  -0.6769D-02  -0.1418D-02  -0.4956D-02  -0.2808D-02  -0.6769D-02
