 LHC=           1 sqrts=   8000.0000000000000      ang=           4 mode=fital                                                                                               scalescheme=           1 R=  0.69999999999999996     
 CT10nlo_rand5678                                                                                              80
 Bin information: chid, chiu, md, mu, mu0
   0.0000000000000000       0.50000000000000000        220.00000000000000        245.00000000000000        232.50000000000000     
 9 scales(muf, mur)*(LO(38), NLO(38))
  0.500  0.500
  -0.3345D+01   0.0000D+00  -0.4434D+01   0.0000D+00   0.0000D+00   0.0000D+00  -0.4386D+01   0.0000D+00  -0.3345D+01   0.0000D+00  -0.4434D+01   0.0000D+00
   0.5837D+00   0.0000D+00   0.1057D+00   0.0000D+00   0.1426D+00   0.0000D+00   0.2305D+00   0.0000D+00   0.5122D-01   0.0000D+00   0.0000D+00   0.0000D+00   0.5837D+00   0.0000D+00   0.1057D+00   0.0000D+00   0.1426D+00   0.0000D+00
   0.0000D+00   0.0000D+00   0.0000D+00   0.0000D+00   0.0000D+00   0.0000D+00   0.0000D+00   0.0000D+00
  -0.2335D+01   0.6984D+00  -0.3728D+01   0.4154D+00   0.3670D+00  -0.4770D+00  -0.4006D+01  -0.2299D-01  -0.2335D+01   0.6984D+00  -0.3728D+01   0.4154D+00
   0.6540D+00  -0.1890D-01   0.1202D+00  -0.7642D-02   0.1045D+00  -0.5903D-01   0.2533D+00   0.0000D+00   0.6422D-01   0.6796D-02  -0.8036D-03   0.2224D-01   0.6540D+00  -0.1890D-01   0.1202D+00  -0.7642D-02   0.1045D+00  -0.5903D-01
  -0.1195D-02  -0.6740D-02  -0.4376D-02  -0.1219D-01  -0.1195D-02  -0.6740D-02  -0.4376D-02  -0.1219D-01
  0.500  1.000
  -0.3040D+01   0.0000D+00  -0.4029D+01   0.0000D+00   0.0000D+00   0.0000D+00  -0.3985D+01   0.0000D+00  -0.3040D+01   0.0000D+00  -0.4029D+01   0.0000D+00
   0.5837D+00   0.0000D+00   0.1057D+00   0.0000D+00   0.1426D+00   0.0000D+00   0.2305D+00   0.0000D+00   0.5122D-01   0.0000D+00   0.0000D+00   0.0000D+00   0.5837D+00   0.0000D+00   0.1057D+00   0.0000D+00   0.1426D+00   0.0000D+00
   0.0000D+00   0.0000D+00   0.0000D+00   0.0000D+00   0.0000D+00   0.0000D+00   0.0000D+00   0.0000D+00
  -0.2474D+01   0.5767D+00  -0.3801D+01   0.3430D+00   0.3030D+00  -0.3938D+00  -0.4023D+01  -0.1898D-01  -0.2474D+01   0.5767D+00  -0.3801D+01   0.3430D+00
   0.6482D+00  -0.1717D-01   0.1190D+00  -0.6944D-02   0.1082D+00  -0.5364D-01   0.2514D+00   0.0000D+00   0.6309D-01   0.6176D-02  -0.7250D-03   0.2021D-01   0.6482D+00  -0.1717D-01   0.1190D+00  -0.6944D-02   0.1082D+00  -0.5364D-01
  -0.1086D-02  -0.6124D-02  -0.3976D-02  -0.1108D-01  -0.1086D-02  -0.6124D-02  -0.3976D-02  -0.1108D-01
  0.500  2.000
  -0.2786D+01   0.0000D+00  -0.3693D+01   0.0000D+00   0.0000D+00   0.0000D+00  -0.3653D+01   0.0000D+00  -0.2786D+01   0.0000D+00  -0.3693D+01   0.0000D+00
   0.5837D+00   0.0000D+00   0.1057D+00   0.0000D+00   0.1426D+00   0.0000D+00   0.2305D+00   0.0000D+00   0.5122D-01   0.0000D+00   0.0000D+00   0.0000D+00   0.5837D+00   0.0000D+00   0.1057D+00   0.0000D+00   0.1426D+00   0.0000D+00
   0.0000D+00   0.0000D+00   0.0000D+00   0.0000D+00   0.0000D+00   0.0000D+00   0.0000D+00   0.0000D+00
  -0.2535D+01   0.4845D+00  -0.3799D+01   0.2881D+00   0.2545D+00  -0.3309D+00  -0.3979D+01  -0.1594D-01  -0.2535D+01   0.4845D+00  -0.3799D+01   0.2881D+00
   0.6434D+00  -0.1574D-01   0.1180D+00  -0.6365D-02   0.1112D+00  -0.4917D-01   0.2498D+00   0.0000D+00   0.6213D-01   0.5661D-02  -0.6605D-03   0.1853D-01   0.6434D+00  -0.1574D-01   0.1180D+00  -0.6365D-02   0.1112D+00  -0.4917D-01
  -0.9953D-03  -0.5614D-02  -0.3644D-02  -0.1016D-01  -0.9953D-03  -0.5614D-02  -0.3644D-02  -0.1016D-01
  1.000  0.500
  -0.3236D+01   0.0000D+00  -0.4353D+01   0.0000D+00   0.0000D+00   0.0000D+00  -0.4268D+01   0.0000D+00  -0.3236D+01   0.0000D+00  -0.4353D+01   0.0000D+00
   0.5708D+00   0.0000D+00   0.1036D+00   0.0000D+00   0.1393D+00   0.0000D+00   0.2249D+00   0.0000D+00   0.4997D-01   0.0000D+00   0.0000D+00   0.0000D+00   0.5708D+00   0.0000D+00   0.1036D+00   0.0000D+00   0.1393D+00   0.0000D+00
   0.0000D+00   0.0000D+00   0.0000D+00   0.0000D+00   0.0000D+00   0.0000D+00   0.0000D+00   0.0000D+00
  -0.2364D+01   0.6826D+00  -0.3767D+01   0.4066D+00   0.3503D+00  -0.4632D+00  -0.4007D+01  -0.2242D-01  -0.2364D+01   0.6826D+00  -0.3767D+01   0.4066D+00
   0.6395D+00  -0.1856D-01   0.1187D+00  -0.7517D-02   0.1035D+00  -0.5771D-01   0.2495D+00   0.0000D+00   0.6314D-01   0.6647D-02  -0.7447D-03   0.2175D-01   0.6395D+00  -0.1856D-01   0.1187D+00  -0.7517D-02   0.1035D+00  -0.5771D-01
  -0.1174D-02  -0.6509D-02  -0.4321D-02  -0.1190D-01  -0.1174D-02  -0.6509D-02  -0.4321D-02  -0.1190D-01
  1.000  1.000
  -0.2940D+01   0.0000D+00  -0.3955D+01   0.0000D+00   0.0000D+00   0.0000D+00  -0.3878D+01   0.0000D+00  -0.2940D+01   0.0000D+00  -0.3955D+01   0.0000D+00
   0.5708D+00   0.0000D+00   0.1036D+00   0.0000D+00   0.1393D+00   0.0000D+00   0.2249D+00   0.0000D+00   0.4997D-01   0.0000D+00   0.0000D+00   0.0000D+00   0.5708D+00   0.0000D+00   0.1036D+00   0.0000D+00   0.1393D+00   0.0000D+00
   0.0000D+00   0.0000D+00   0.0000D+00   0.0000D+00   0.0000D+00   0.0000D+00   0.0000D+00   0.0000D+00
  -0.2479D+01   0.5636D+00  -0.3820D+01   0.3357D+00   0.2891D+00  -0.3824D+00  -0.4004D+01  -0.1851D-01  -0.2479D+01   0.5636D+00  -0.3820D+01   0.3357D+00
   0.6339D+00  -0.1687D-01   0.1174D+00  -0.6831D-02   0.1070D+00  -0.5244D-01   0.2474D+00   0.0000D+00   0.6198D-01   0.6040D-02  -0.6725D-03   0.1977D-01   0.6339D+00  -0.1687D-01   0.1174D+00  -0.6831D-02   0.1070D+00  -0.5244D-01
  -0.1067D-02  -0.5915D-02  -0.3926D-02  -0.1081D-01  -0.1067D-02  -0.5915D-02  -0.3926D-02  -0.1081D-01
  1.000  2.000
  -0.2695D+01   0.0000D+00  -0.3625D+01   0.0000D+00   0.0000D+00   0.0000D+00  -0.3555D+01   0.0000D+00  -0.2695D+01   0.0000D+00  -0.3625D+01   0.0000D+00
   0.5708D+00   0.0000D+00   0.1036D+00   0.0000D+00   0.1393D+00   0.0000D+00   0.2249D+00   0.0000D+00   0.4997D-01   0.0000D+00   0.0000D+00   0.0000D+00   0.5708D+00   0.0000D+00   0.1036D+00   0.0000D+00   0.1393D+00   0.0000D+00
   0.0000D+00   0.0000D+00   0.0000D+00   0.0000D+00   0.0000D+00   0.0000D+00   0.0000D+00   0.0000D+00
  -0.2525D+01   0.4735D+00  -0.3804D+01   0.2820D+00   0.2429D+00  -0.3213D+00  -0.3947D+01  -0.1555D-01  -0.2525D+01   0.4735D+00  -0.3804D+01   0.2820D+00
   0.6291D+00  -0.1546D-01   0.1163D+00  -0.6261D-02   0.1098D+00  -0.4806D-01   0.2456D+00   0.0000D+00   0.6102D-01   0.5536D-02  -0.6133D-03   0.1812D-01   0.6291D+00  -0.1546D-01   0.1163D+00  -0.6261D-02   0.1098D+00  -0.4806D-01
  -0.9776D-03  -0.5421D-02  -0.3599D-02  -0.9911D-02  -0.9776D-03  -0.5421D-02  -0.3599D-02  -0.9911D-02
  2.000  0.500
  -0.3160D+01   0.0000D+00  -0.4237D+01   0.0000D+00   0.0000D+00   0.0000D+00  -0.4168D+01   0.0000D+00  -0.3160D+01   0.0000D+00  -0.4237D+01   0.0000D+00
   0.5554D+00   0.0000D+00   0.1009D+00   0.0000D+00   0.1350D+00   0.0000D+00   0.2194D+00   0.0000D+00   0.4875D-01   0.0000D+00   0.0000D+00   0.0000D+00   0.5554D+00   0.0000D+00   0.1009D+00   0.0000D+00   0.1350D+00   0.0000D+00
   0.0000D+00   0.0000D+00   0.0000D+00   0.0000D+00   0.0000D+00   0.0000D+00   0.0000D+00   0.0000D+00
  -0.2393D+01   0.6663D+00  -0.3800D+01   0.3966D+00   0.3613D+00  -0.4524D+00  -0.4057D+01  -0.2132D-01  -0.2393D+01   0.6663D+00  -0.3800D+01   0.3966D+00
   0.6269D+00  -0.1792D-01   0.1154D+00  -0.7288D-02   0.1015D+00  -0.5569D-01   0.2465D+00   0.0000D+00   0.6239D-01   0.6481D-02  -0.7297D-03   0.2121D-01   0.6269D+00  -0.1792D-01   0.1154D+00  -0.7288D-02   0.1015D+00  -0.5569D-01
  -0.1152D-02  -0.6409D-02  -0.4240D-02  -0.1161D-01  -0.1152D-02  -0.6409D-02  -0.4240D-02  -0.1161D-01
  2.000  1.000
  -0.2871D+01   0.0000D+00  -0.3850D+01   0.0000D+00   0.0000D+00   0.0000D+00  -0.3787D+01   0.0000D+00  -0.2871D+01   0.0000D+00  -0.3850D+01   0.0000D+00
   0.5554D+00   0.0000D+00   0.1009D+00   0.0000D+00   0.1350D+00   0.0000D+00   0.2194D+00   0.0000D+00   0.4875D-01   0.0000D+00   0.0000D+00   0.0000D+00   0.5554D+00   0.0000D+00   0.1009D+00   0.0000D+00   0.1350D+00   0.0000D+00
   0.0000D+00   0.0000D+00   0.0000D+00   0.0000D+00   0.0000D+00   0.0000D+00   0.0000D+00   0.0000D+00
  -0.2495D+01   0.5501D+00  -0.3832D+01   0.3274D+00   0.2983D+00  -0.3736D+00  -0.4032D+01  -0.1760D-01  -0.2495D+01   0.5501D+00  -0.3832D+01   0.3274D+00
   0.6249D+00  -0.1629D-01   0.1149D+00  -0.6623D-02   0.1060D+00  -0.5061D-01   0.2449D+00   0.0000D+00   0.6141D-01   0.5889D-02  -0.6685D-03   0.1927D-01   0.6249D+00  -0.1629D-01   0.1149D+00  -0.6623D-02   0.1060D+00  -0.5061D-01
  -0.1047D-02  -0.5824D-02  -0.3853D-02  -0.1055D-01  -0.1047D-02  -0.5824D-02  -0.3853D-02  -0.1055D-01
  2.000  2.000
  -0.2632D+01   0.0000D+00  -0.3529D+01   0.0000D+00   0.0000D+00   0.0000D+00  -0.3471D+01   0.0000D+00  -0.2632D+01   0.0000D+00  -0.3529D+01   0.0000D+00
   0.5554D+00   0.0000D+00   0.1009D+00   0.0000D+00   0.1350D+00   0.0000D+00   0.2194D+00   0.0000D+00   0.4875D-01   0.0000D+00   0.0000D+00   0.0000D+00   0.5554D+00   0.0000D+00   0.1009D+00   0.0000D+00   0.1350D+00   0.0000D+00
   0.0000D+00   0.0000D+00   0.0000D+00   0.0000D+00   0.0000D+00   0.0000D+00   0.0000D+00   0.0000D+00
  -0.2528D+01   0.4622D+00  -0.3798D+01   0.2751D+00   0.2506D+00  -0.3139D+00  -0.3957D+01  -0.1479D-01  -0.2528D+01   0.4622D+00  -0.3798D+01   0.2751D+00
   0.6196D+00  -0.1493D-01   0.1138D+00  -0.6070D-02   0.1085D+00  -0.4639D-01   0.2429D+00   0.0000D+00   0.6039D-01   0.5398D-02  -0.6096D-03   0.1767D-01   0.6196D+00  -0.1493D-01   0.1138D+00  -0.6070D-02   0.1085D+00  -0.4639D-01
  -0.9595D-03  -0.5338D-02  -0.3532D-02  -0.9670D-02  -0.9595D-03  -0.5338D-02  -0.3532D-02  -0.9670D-02
