 LHC=           1 sqrts=   8000.0000000000000      ang=           4 mode=fital                                                                                               scalescheme=           1 R=  0.69999999999999996     
 NNPDF23_nlo_as_0118                                                                                           16
 Bin information: chid, chiu, md, mu, mu0
   0.0000000000000000       0.50000000000000000        1172.0000000000000        1248.0000000000000        1210.0000000000000     
 9 scales(muf, mur)*(LO(38), NLO(38))
  0.500  0.500
  -0.6451D-01   0.0000D+00  -0.4410D-01   0.0000D+00   0.0000D+00   0.0000D+00  -0.2079D-01   0.0000D+00  -0.6451D-01   0.0000D+00  -0.4410D-01   0.0000D+00
   0.1979D+00   0.0000D+00   0.3022D-01   0.0000D+00   0.8284D-01   0.0000D+00   0.3236D-01   0.0000D+00   0.7190D-02   0.0000D+00   0.0000D+00   0.0000D+00   0.1979D+00   0.0000D+00   0.3022D-01   0.0000D+00   0.8284D-01   0.0000D+00
   0.0000D+00   0.0000D+00   0.0000D+00   0.0000D+00   0.0000D+00   0.0000D+00   0.0000D+00   0.0000D+00
  -0.5286D-01   0.5205D-02  -0.3875D-01   0.2962D-02   0.2768D-02  -0.1851D-02  -0.1805D-01   0.1050D-02  -0.5286D-01   0.5205D-02  -0.3875D-01   0.2962D-02
   0.1469D+00  -0.9008D-02   0.2302D-01  -0.2634D-02   0.4634D-01  -0.1576D-01   0.2712D-01   0.0000D+00   0.6635D-02   0.7824D-03  -0.1599D-02   0.2561D-02   0.1469D+00  -0.9008D-02   0.2302D-01  -0.2634D-02   0.4634D-01  -0.1576D-01
  -0.9281D-03  -0.2327D-02  -0.9969D-03  -0.2157D-02  -0.9281D-03  -0.2327D-02  -0.9969D-03  -0.2157D-02
  0.500  1.000
  -0.6007D-01   0.0000D+00  -0.4107D-01   0.0000D+00   0.0000D+00   0.0000D+00  -0.1936D-01   0.0000D+00  -0.6007D-01   0.0000D+00  -0.4107D-01   0.0000D+00
   0.1979D+00   0.0000D+00   0.3022D-01   0.0000D+00   0.8284D-01   0.0000D+00   0.3236D-01   0.0000D+00   0.7190D-02   0.0000D+00   0.0000D+00   0.0000D+00   0.1979D+00   0.0000D+00   0.3022D-01   0.0000D+00   0.8284D-01   0.0000D+00
   0.0000D+00   0.0000D+00   0.0000D+00   0.0000D+00   0.0000D+00   0.0000D+00   0.0000D+00   0.0000D+00
  -0.5439D-01   0.4513D-02  -0.3945D-01   0.2568D-02   0.2401D-02  -0.1605D-02  -0.1841D-01   0.9101D-03  -0.5439D-01   0.4513D-02  -0.3945D-01   0.2568D-02
   0.1505D+00  -0.8388D-02   0.2352D-01  -0.2453D-02   0.4886D-01  -0.1468D-01   0.2748D-01   0.0000D+00   0.6674D-02   0.7286D-03  -0.1489D-02   0.2384D-02   0.1505D+00  -0.8388D-02   0.2352D-01  -0.2453D-02   0.4886D-01  -0.1468D-01
  -0.8642D-03  -0.2167D-02  -0.9283D-03  -0.2008D-02  -0.8642D-03  -0.2167D-02  -0.9283D-03  -0.2008D-02
  0.500  2.000
  -0.5621D-01   0.0000D+00  -0.3843D-01   0.0000D+00   0.0000D+00   0.0000D+00  -0.1812D-01   0.0000D+00  -0.5621D-01   0.0000D+00  -0.3843D-01   0.0000D+00
   0.1979D+00   0.0000D+00   0.3022D-01   0.0000D+00   0.8284D-01   0.0000D+00   0.3236D-01   0.0000D+00   0.7190D-02   0.0000D+00   0.0000D+00   0.0000D+00   0.1979D+00   0.0000D+00   0.3022D-01   0.0000D+00   0.8284D-01   0.0000D+00
   0.0000D+00   0.0000D+00   0.0000D+00   0.0000D+00   0.0000D+00   0.0000D+00   0.0000D+00   0.0000D+00
  -0.5510D-01   0.3951D-02  -0.3965D-01   0.2249D-02   0.2102D-02  -0.1405D-02  -0.1853D-01   0.7968D-03  -0.5510D-01   0.3951D-02  -0.3965D-01   0.2249D-02
   0.1535D+00  -0.7848D-02   0.2395D-01  -0.2295D-02   0.5105D-01  -0.1373D-01   0.2780D-01   0.0000D+00   0.6708D-02   0.6817D-03  -0.1394D-02   0.2231D-02   0.1535D+00  -0.7848D-02   0.2395D-01  -0.2295D-02   0.5105D-01  -0.1373D-01
  -0.8087D-03  -0.2028D-02  -0.8686D-03  -0.1879D-02  -0.8087D-03  -0.2028D-02  -0.8686D-03  -0.1879D-02
  1.000  0.500
  -0.5681D-01   0.0000D+00  -0.3875D-01   0.0000D+00   0.0000D+00   0.0000D+00  -0.1816D-01   0.0000D+00  -0.5681D-01   0.0000D+00  -0.3875D-01   0.0000D+00
   0.1740D+00   0.0000D+00   0.2654D-01   0.0000D+00   0.7285D-01   0.0000D+00   0.2826D-01   0.0000D+00   0.6281D-02   0.0000D+00   0.0000D+00   0.0000D+00   0.1740D+00   0.0000D+00   0.2654D-01   0.0000D+00   0.7285D-01   0.0000D+00
   0.0000D+00   0.0000D+00   0.0000D+00   0.0000D+00   0.0000D+00   0.0000D+00   0.0000D+00   0.0000D+00
  -0.5388D-01   0.4570D-02  -0.3906D-01   0.2601D-02   0.2403D-02  -0.1617D-02  -0.1822D-01   0.9260D-03  -0.5388D-01   0.4570D-02  -0.3906D-01   0.2601D-02
   0.1515D+00  -0.7925D-02   0.2370D-01  -0.2315D-02   0.5006D-01  -0.1384D-01   0.2750D-01   0.0000D+00   0.6648D-02   0.6833D-03  -0.1386D-02   0.2236D-02   0.1515D+00  -0.7925D-02   0.2370D-01  -0.2315D-02   0.5006D-01  -0.1384D-01
  -0.8183D-03  -0.2041D-02  -0.8745D-03  -0.1890D-02  -0.8183D-03  -0.2041D-02  -0.8745D-03  -0.1890D-02
  1.000  1.000
  -0.5290D-01   0.0000D+00  -0.3609D-01   0.0000D+00   0.0000D+00   0.0000D+00  -0.1691D-01   0.0000D+00  -0.5290D-01   0.0000D+00  -0.3609D-01   0.0000D+00
   0.1740D+00   0.0000D+00   0.2654D-01   0.0000D+00   0.7285D-01   0.0000D+00   0.2826D-01   0.0000D+00   0.6281D-02   0.0000D+00   0.0000D+00   0.0000D+00   0.1740D+00   0.0000D+00   0.2654D-01   0.0000D+00   0.7285D-01   0.0000D+00
   0.0000D+00   0.0000D+00   0.0000D+00   0.0000D+00   0.0000D+00   0.0000D+00   0.0000D+00   0.0000D+00
  -0.5425D-01   0.3962D-02  -0.3901D-01   0.2255D-02   0.2083D-02  -0.1402D-02  -0.1820D-01   0.8029D-03  -0.5425D-01   0.3962D-02  -0.3901D-01   0.2255D-02
   0.1531D+00  -0.7380D-02   0.2390D-01  -0.2156D-02   0.5164D-01  -0.1289D-01   0.2755D-01   0.0000D+00   0.6623D-02   0.6362D-03  -0.1291D-02   0.2082D-02   0.1531D+00  -0.7380D-02   0.2390D-01  -0.2156D-02   0.5164D-01  -0.1289D-01
  -0.7620D-03  -0.1900D-02  -0.8143D-03  -0.1760D-02  -0.7620D-03  -0.1900D-02  -0.8143D-03  -0.1760D-02
  1.000  2.000
  -0.4950D-01   0.0000D+00  -0.3377D-01   0.0000D+00   0.0000D+00   0.0000D+00  -0.1582D-01   0.0000D+00  -0.4950D-01   0.0000D+00  -0.3377D-01   0.0000D+00
   0.1740D+00   0.0000D+00   0.2654D-01   0.0000D+00   0.7285D-01   0.0000D+00   0.2826D-01   0.0000D+00   0.6281D-02   0.0000D+00   0.0000D+00   0.0000D+00   0.1740D+00   0.0000D+00   0.2654D-01   0.0000D+00   0.7285D-01   0.0000D+00
   0.0000D+00   0.0000D+00   0.0000D+00   0.0000D+00   0.0000D+00   0.0000D+00   0.0000D+00   0.0000D+00
  -0.5409D-01   0.3469D-02  -0.3865D-01   0.1974D-02   0.1824D-02  -0.1227D-02  -0.1804D-01   0.7029D-03  -0.5409D-01   0.3469D-02  -0.3865D-01   0.1974D-02
   0.1544D+00  -0.6905D-02   0.2407D-01  -0.2017D-02   0.5301D-01  -0.1206D-01   0.2760D-01   0.0000D+00   0.6601D-02   0.5953D-03  -0.1208D-02   0.1948D-02   0.1544D+00  -0.6905D-02   0.2407D-01  -0.2017D-02   0.5301D-01  -0.1206D-01
  -0.7130D-03  -0.1778D-02  -0.7620D-03  -0.1647D-02  -0.7130D-03  -0.1778D-02  -0.7620D-03  -0.1647D-02
  2.000  0.500
  -0.5033D-01   0.0000D+00  -0.3429D-01   0.0000D+00   0.0000D+00   0.0000D+00  -0.1600D-01   0.0000D+00  -0.5033D-01   0.0000D+00  -0.3429D-01   0.0000D+00
   0.1538D+00   0.0000D+00   0.2345D-01   0.0000D+00   0.6460D-01   0.0000D+00   0.2490D-01   0.0000D+00   0.5533D-02   0.0000D+00   0.0000D+00   0.0000D+00   0.1538D+00   0.0000D+00   0.2345D-01   0.0000D+00   0.6460D-01   0.0000D+00
   0.0000D+00   0.0000D+00   0.0000D+00   0.0000D+00   0.0000D+00   0.0000D+00   0.0000D+00   0.0000D+00
  -0.5432D-01   0.4051D-02  -0.3909D-01   0.2298D-02   0.2084D-02  -0.1425D-02  -0.1820D-01   0.8226D-03  -0.5432D-01   0.4051D-02  -0.3909D-01   0.2298D-02
   0.1544D+00  -0.7028D-02   0.2404D-01  -0.2049D-02   0.5293D-01  -0.1224D-01   0.2761D-01   0.0000D+00   0.6616D-02   0.6019D-03  -0.1213D-02   0.1970D-02   0.1544D+00  -0.7028D-02   0.2404D-01  -0.2049D-02   0.5293D-01  -0.1224D-01
  -0.7253D-03  -0.1813D-02  -0.7714D-03  -0.1670D-02  -0.7253D-03  -0.1813D-02  -0.7714D-03  -0.1670D-02
  2.000  1.000
  -0.4687D-01   0.0000D+00  -0.3193D-01   0.0000D+00   0.0000D+00   0.0000D+00  -0.1490D-01   0.0000D+00  -0.4687D-01   0.0000D+00  -0.3193D-01   0.0000D+00
   0.1538D+00   0.0000D+00   0.2345D-01   0.0000D+00   0.6460D-01   0.0000D+00   0.2490D-01   0.0000D+00   0.5533D-02   0.0000D+00   0.0000D+00   0.0000D+00   0.1538D+00   0.0000D+00   0.2345D-01   0.0000D+00   0.6460D-01   0.0000D+00
   0.0000D+00   0.0000D+00   0.0000D+00   0.0000D+00   0.0000D+00   0.0000D+00   0.0000D+00   0.0000D+00
  -0.5377D-01   0.3513D-02  -0.3844D-01   0.1992D-02   0.1807D-02  -0.1235D-02  -0.1790D-01   0.7133D-03  -0.5377D-01   0.3513D-02  -0.3844D-01   0.1992D-02
   0.1544D+00  -0.6544D-02   0.2401D-01  -0.1908D-02   0.5374D-01  -0.1140D-01   0.2742D-01   0.0000D+00   0.6542D-02   0.5605D-03  -0.1130D-02   0.1834D-02   0.1544D+00  -0.6544D-02   0.2401D-01  -0.1908D-02   0.5374D-01  -0.1140D-01
  -0.6753D-03  -0.1688D-02  -0.7183D-03  -0.1555D-02  -0.6753D-03  -0.1688D-02  -0.7183D-03  -0.1555D-02
  2.000  2.000
  -0.4385D-01   0.0000D+00  -0.2987D-01   0.0000D+00   0.0000D+00   0.0000D+00  -0.1394D-01   0.0000D+00  -0.4385D-01   0.0000D+00  -0.2987D-01   0.0000D+00
   0.1538D+00   0.0000D+00   0.2345D-01   0.0000D+00   0.6460D-01   0.0000D+00   0.2490D-01   0.0000D+00   0.5533D-02   0.0000D+00   0.0000D+00   0.0000D+00   0.1538D+00   0.0000D+00   0.2345D-01   0.0000D+00   0.6460D-01   0.0000D+00
   0.0000D+00   0.0000D+00   0.0000D+00   0.0000D+00   0.0000D+00   0.0000D+00   0.0000D+00   0.0000D+00
  -0.5292D-01   0.3075D-02  -0.3763D-01   0.1744D-02   0.1582D-02  -0.1082D-02  -0.1753D-01   0.6245D-03  -0.5292D-01   0.3075D-02  -0.3763D-01   0.1744D-02
   0.1544D+00  -0.6124D-02   0.2397D-01  -0.1785D-02   0.5444D-01  -0.1067D-01   0.2726D-01   0.0000D+00   0.6478D-02   0.5245D-03  -0.1057D-02   0.1716D-02   0.1544D+00  -0.6124D-02   0.2397D-01  -0.1785D-02   0.5444D-01  -0.1067D-01
  -0.6319D-03  -0.1580D-02  -0.6721D-03  -0.1455D-02  -0.6319D-03  -0.1580D-02  -0.6721D-03  -0.1455D-02
