 LHC=           1 sqrts=   8000.0000000000000      ang=           4 mode=fital                                                                                               scalescheme=           1 R=  0.69999999999999996     
 NNPDF23_nlo_as_0118                                                                                           17
 Bin information: chid, chiu, md, mu, mu0
   0.0000000000000000       0.50000000000000000        686.00000000000000        737.00000000000000        711.50000000000000     
 9 scales(muf, mur)*(LO(38), NLO(38))
  0.500  0.500
  -0.4094D+00   0.0000D+00  -0.3306D+00   0.0000D+00   0.0000D+00   0.0000D+00  -0.2201D+00   0.0000D+00  -0.4094D+00   0.0000D+00  -0.3306D+00   0.0000D+00
   0.4889D+00   0.0000D+00   0.7934D-01   0.0000D+00   0.1764D+00   0.0000D+00   0.1206D+00   0.0000D+00   0.2681D-01   0.0000D+00   0.0000D+00   0.0000D+00   0.4889D+00   0.0000D+00   0.7934D-01   0.0000D+00   0.1764D+00   0.0000D+00
   0.0000D+00   0.0000D+00   0.0000D+00   0.0000D+00   0.0000D+00   0.0000D+00   0.0000D+00   0.0000D+00
  -0.3171D+00   0.4280D-01  -0.2866D+00   0.2505D-01   0.2706D-01  -0.2078D-01  -0.1971D+00   0.4669D-02  -0.3171D+00   0.4280D-01  -0.2866D+00   0.2505D-01
   0.3916D+00  -0.2035D-01   0.6561D-01  -0.6470D-02   0.9746D-01  -0.4190D-01   0.1061D+00   0.0000D+00   0.2638D-01   0.3091D-02  -0.3370D-02   0.1012D-01   0.3916D+00  -0.2035D-01   0.6561D-01  -0.6470D-02   0.9746D-01  -0.4190D-01
  -0.1922D-02  -0.5750D-02  -0.2937D-02  -0.6786D-02  -0.1922D-02  -0.5750D-02  -0.2937D-02  -0.6786D-02
  0.500  1.000
  -0.3796D+00   0.0000D+00  -0.3065D+00   0.0000D+00   0.0000D+00   0.0000D+00  -0.2041D+00   0.0000D+00  -0.3796D+00   0.0000D+00  -0.3065D+00   0.0000D+00
   0.4889D+00   0.0000D+00   0.7934D-01   0.0000D+00   0.1764D+00   0.0000D+00   0.1206D+00   0.0000D+00   0.2681D-01   0.0000D+00   0.0000D+00   0.0000D+00   0.4889D+00   0.0000D+00   0.7934D-01   0.0000D+00   0.1764D+00   0.0000D+00
   0.0000D+00   0.0000D+00   0.0000D+00   0.0000D+00   0.0000D+00   0.0000D+00   0.0000D+00   0.0000D+00
  -0.3298D+00   0.3680D-01  -0.2926D+00   0.2153D-01   0.2327D-01  -0.1786D-01  -0.2001D+00   0.4014D-02  -0.3298D+00   0.3680D-01  -0.2926D+00   0.2153D-01
   0.3987D+00  -0.1887D-01   0.6662D-01  -0.5999D-02   0.1032D+00  -0.3885D-01   0.1071D+00   0.0000D+00   0.2641D-01   0.2866D-02  -0.3125D-02   0.9380D-02   0.3987D+00  -0.1887D-01   0.6662D-01  -0.5999D-02   0.1032D+00  -0.3885D-01
  -0.1782D-02  -0.5332D-02  -0.2723D-02  -0.6292D-02  -0.1782D-02  -0.5332D-02  -0.2723D-02  -0.6292D-02
  0.500  2.000
  -0.3539D+00   0.0000D+00  -0.2858D+00   0.0000D+00   0.0000D+00   0.0000D+00  -0.1903D+00   0.0000D+00  -0.3539D+00   0.0000D+00  -0.2858D+00   0.0000D+00
   0.4889D+00   0.0000D+00   0.7934D-01   0.0000D+00   0.1764D+00   0.0000D+00   0.1206D+00   0.0000D+00   0.2681D-01   0.0000D+00   0.0000D+00   0.0000D+00   0.4889D+00   0.0000D+00   0.7934D-01   0.0000D+00   0.1764D+00   0.0000D+00
   0.0000D+00   0.0000D+00   0.0000D+00   0.0000D+00   0.0000D+00   0.0000D+00   0.0000D+00   0.0000D+00
  -0.3362D+00   0.3198D-01  -0.2944D+00   0.1871D-01   0.2022D-01  -0.1552D-01  -0.2006D+00   0.3489D-02  -0.3362D+00   0.3198D-01  -0.2944D+00   0.1871D-01
   0.4049D+00  -0.1759D-01   0.6749D-01  -0.5593D-02   0.1082D+00  -0.3622D-01   0.1081D+00   0.0000D+00   0.2644D-01   0.2672D-02  -0.2914D-02   0.8745D-02   0.4049D+00  -0.1759D-01   0.6749D-01  -0.5593D-02   0.1082D+00  -0.3622D-01
  -0.1662D-02  -0.4971D-02  -0.2539D-02  -0.5866D-02  -0.1662D-02  -0.4971D-02  -0.2539D-02  -0.5866D-02
  1.000  0.500
  -0.3749D+00   0.0000D+00  -0.3029D+00   0.0000D+00   0.0000D+00   0.0000D+00  -0.2008D+00   0.0000D+00  -0.3749D+00   0.0000D+00  -0.3029D+00   0.0000D+00
   0.4479D+00   0.0000D+00   0.7260D-01   0.0000D+00   0.1616D+00   0.0000D+00   0.1097D+00   0.0000D+00   0.2438D-01   0.0000D+00   0.0000D+00   0.0000D+00   0.4479D+00   0.0000D+00   0.7260D-01   0.0000D+00   0.1616D+00   0.0000D+00
   0.0000D+00   0.0000D+00   0.0000D+00   0.0000D+00   0.0000D+00   0.0000D+00   0.0000D+00   0.0000D+00
  -0.3223D+00   0.3911D-01  -0.2891D+00   0.2288D-01   0.2471D-01  -0.1895D-01  -0.1994D+00   0.4324D-02  -0.3223D+00   0.3911D-01  -0.2891D+00   0.2288D-01
   0.3967D+00  -0.1862D-01   0.6632D-01  -0.5923D-02   0.1028D+00  -0.3845D-01   0.1063D+00   0.0000D+00   0.2616D-01   0.2813D-02  -0.3033D-02   0.9206D-02   0.3967D+00  -0.1862D-01   0.6632D-01  -0.5923D-02   0.1028D+00  -0.3845D-01
  -0.1763D-02  -0.5301D-02  -0.2686D-02  -0.6201D-02  -0.1763D-02  -0.5301D-02  -0.2686D-02  -0.6201D-02
  1.000  1.000
  -0.3476D+00   0.0000D+00  -0.2808D+00   0.0000D+00   0.0000D+00   0.0000D+00  -0.1862D+00   0.0000D+00  -0.3476D+00   0.0000D+00  -0.2808D+00   0.0000D+00
   0.4479D+00   0.0000D+00   0.7260D-01   0.0000D+00   0.1616D+00   0.0000D+00   0.1097D+00   0.0000D+00   0.2438D-01   0.0000D+00   0.0000D+00   0.0000D+00   0.4479D+00   0.0000D+00   0.7260D-01   0.0000D+00   0.1616D+00   0.0000D+00
   0.0000D+00   0.0000D+00   0.0000D+00   0.0000D+00   0.0000D+00   0.0000D+00   0.0000D+00   0.0000D+00
  -0.3294D+00   0.3362D-01  -0.2908D+00   0.1968D-01   0.2124D-01  -0.1629D-01  -0.1994D+00   0.3718D-02  -0.3294D+00   0.3362D-01  -0.2908D+00   0.1968D-01
   0.4005D+00  -0.1726D-01   0.6679D-01  -0.5492D-02   0.1071D+00  -0.3565D-01   0.1066D+00   0.0000D+00   0.2603D-01   0.2608D-02  -0.2813D-02   0.8536D-02   0.4005D+00  -0.1726D-01   0.6679D-01  -0.5492D-02   0.1071D+00  -0.3565D-01
  -0.1635D-02  -0.4915D-02  -0.2490D-02  -0.5749D-02  -0.1635D-02  -0.4915D-02  -0.2490D-02  -0.5749D-02
  1.000  2.000
  -0.3240D+00   0.0000D+00  -0.2618D+00   0.0000D+00   0.0000D+00   0.0000D+00  -0.1736D+00   0.0000D+00  -0.3240D+00   0.0000D+00  -0.2618D+00   0.0000D+00
   0.4479D+00   0.0000D+00   0.7260D-01   0.0000D+00   0.1616D+00   0.0000D+00   0.1097D+00   0.0000D+00   0.2438D-01   0.0000D+00   0.0000D+00   0.0000D+00   0.4479D+00   0.0000D+00   0.7260D-01   0.0000D+00   0.1616D+00   0.0000D+00
   0.0000D+00   0.0000D+00   0.0000D+00   0.0000D+00   0.0000D+00   0.0000D+00   0.0000D+00   0.0000D+00
  -0.3317D+00   0.2922D-01  -0.2895D+00   0.1710D-01   0.1846D-01  -0.1416D-01  -0.1977D+00   0.3231D-02  -0.3317D+00   0.2922D-01  -0.2895D+00   0.1710D-01
   0.4038D+00  -0.1609D-01   0.6719D-01  -0.5120D-02   0.1108D+00  -0.3323D-01   0.1068D+00   0.0000D+00   0.2592D-01   0.2431D-02  -0.2622D-02   0.7958D-02   0.4038D+00  -0.1609D-01   0.6719D-01  -0.5120D-02   0.1108D+00  -0.3323D-01
  -0.1524D-02  -0.4582D-02  -0.2322D-02  -0.5360D-02  -0.1524D-02  -0.4582D-02  -0.2322D-02  -0.5360D-02
  2.000  0.500
  -0.3454D+00   0.0000D+00  -0.2789D+00   0.0000D+00   0.0000D+00   0.0000D+00  -0.1843D+00   0.0000D+00  -0.3454D+00   0.0000D+00  -0.2789D+00   0.0000D+00
   0.4115D+00   0.0000D+00   0.6674D-01   0.0000D+00   0.1486D+00   0.0000D+00   0.1003D+00   0.0000D+00   0.2229D-01   0.0000D+00   0.0000D+00   0.0000D+00   0.4115D+00   0.0000D+00   0.6674D-01   0.0000D+00   0.1486D+00   0.0000D+00
   0.0000D+00   0.0000D+00   0.0000D+00   0.0000D+00   0.0000D+00   0.0000D+00   0.0000D+00   0.0000D+00
  -0.3285D+00   0.3598D-01  -0.2924D+00   0.2107D-01   0.2270D-01  -0.1739D-01  -0.2003D+00   0.4031D-02  -0.3285D+00   0.3598D-01  -0.2924D+00   0.2107D-01
   0.4010D+00  -0.1714D-01   0.6697D-01  -0.5444D-02   0.1076D+00  -0.3524D-01   0.1063D+00   0.0000D+00   0.2606D-01   0.2572D-02  -0.2783D-02   0.8416D-02   0.4010D+00  -0.1714D-01   0.6697D-01  -0.5444D-02   0.1076D+00  -0.3524D-01
  -0.1626D-02  -0.4888D-02  -0.2465D-02  -0.5686D-02  -0.1626D-02  -0.4888D-02  -0.2465D-02  -0.5686D-02
  2.000  1.000
  -0.3203D+00   0.0000D+00  -0.2586D+00   0.0000D+00   0.0000D+00   0.0000D+00  -0.1709D+00   0.0000D+00  -0.3203D+00   0.0000D+00  -0.2586D+00   0.0000D+00
   0.4115D+00   0.0000D+00   0.6674D-01   0.0000D+00   0.1486D+00   0.0000D+00   0.1003D+00   0.0000D+00   0.2229D-01   0.0000D+00   0.0000D+00   0.0000D+00   0.4115D+00   0.0000D+00   0.6674D-01   0.0000D+00   0.1486D+00   0.0000D+00
   0.0000D+00   0.0000D+00   0.0000D+00   0.0000D+00   0.0000D+00   0.0000D+00   0.0000D+00   0.0000D+00
  -0.3306D+00   0.3093D-01  -0.2903D+00   0.1811D-01   0.1951D-01  -0.1495D-01  -0.1979D+00   0.3466D-02  -0.3306D+00   0.3093D-01  -0.2903D+00   0.1811D-01
   0.4018D+00  -0.1590D-01   0.6696D-01  -0.5048D-02   0.1106D+00  -0.3268D-01   0.1059D+00   0.0000D+00   0.2579D-01   0.2384D-02  -0.2581D-02   0.7804D-02   0.4018D+00  -0.1590D-01   0.6696D-01  -0.5048D-02   0.1106D+00  -0.3268D-01
  -0.1508D-02  -0.4532D-02  -0.2286D-02  -0.5272D-02  -0.1508D-02  -0.4532D-02  -0.2286D-02  -0.5272D-02
  2.000  2.000
  -0.2986D+00   0.0000D+00  -0.2411D+00   0.0000D+00   0.0000D+00   0.0000D+00  -0.1593D+00   0.0000D+00  -0.2986D+00   0.0000D+00  -0.2411D+00   0.0000D+00
   0.4115D+00   0.0000D+00   0.6674D-01   0.0000D+00   0.1486D+00   0.0000D+00   0.1003D+00   0.0000D+00   0.2229D-01   0.0000D+00   0.0000D+00   0.0000D+00   0.4115D+00   0.0000D+00   0.6674D-01   0.0000D+00   0.1486D+00   0.0000D+00
   0.0000D+00   0.0000D+00   0.0000D+00   0.0000D+00   0.0000D+00   0.0000D+00   0.0000D+00   0.0000D+00
  -0.3292D+00   0.2688D-01  -0.2861D+00   0.1574D-01   0.1696D-01  -0.1299D-01  -0.1943D+00   0.3013D-02  -0.3292D+00   0.2688D-01  -0.2861D+00   0.1574D-01
   0.4025D+00  -0.1482D-01   0.6695D-01  -0.4706D-02   0.1132D+00  -0.3046D-01   0.1055D+00   0.0000D+00   0.2555D-01   0.2223D-02  -0.2406D-02   0.7275D-02   0.4025D+00  -0.1482D-01   0.6695D-01  -0.4706D-02   0.1132D+00  -0.3046D-01
  -0.1406D-02  -0.4225D-02  -0.2131D-02  -0.4915D-02  -0.1406D-02  -0.4225D-02  -0.2131D-02  -0.4915D-02
