 LHC=           1 sqrts=   8000.0000000000000      ang=           4 mode=fital                                                                                               scalescheme=           1 R=  0.69999999999999996     
 CT10nlo_rand5678                                                                                              73
 Bin information: chid, chiu, md, mu, mu0
   0.0000000000000000       0.50000000000000000        196.00000000000000        220.00000000000000        208.00000000000000     
 9 scales(muf, mur)*(LO(38), NLO(38))
  0.500  0.500
  -0.4113D+01   0.0000D+00  -0.5590D+01   0.0000D+00   0.0000D+00   0.0000D+00  -0.5616D+01   0.0000D+00  -0.4113D+01   0.0000D+00  -0.5590D+01   0.0000D+00
   0.5772D+00   0.0000D+00   0.1052D+00   0.0000D+00   0.1398D+00   0.0000D+00   0.2368D+00   0.0000D+00   0.5262D-01   0.0000D+00   0.0000D+00   0.0000D+00   0.5772D+00   0.0000D+00   0.1052D+00   0.0000D+00   0.1398D+00   0.0000D+00
   0.0000D+00   0.0000D+00   0.0000D+00   0.0000D+00   0.0000D+00   0.0000D+00   0.0000D+00   0.0000D+00
  -0.2886D+01   0.8949D+00  -0.4713D+01   0.5386D+00   0.4495D+00  -0.6203D+00  -0.5128D+01  -0.3843D-01  -0.2886D+01   0.8949D+00  -0.4713D+01   0.5386D+00
   0.6844D+00  -0.1884D-01   0.1262D+00  -0.7780D-02   0.1114D+00  -0.6015D-01   0.2756D+00   0.0000D+00   0.6969D-01   0.7096D-02   0.1520D-03   0.2322D-01   0.6844D+00  -0.1884D-01   0.1262D+00  -0.7780D-02   0.1114D+00  -0.6015D-01
  -0.1105D-02  -0.6810D-02  -0.4364D-02  -0.1243D-01  -0.1105D-02  -0.6810D-02  -0.4364D-02  -0.1243D-01
  0.500  1.000
  -0.3732D+01   0.0000D+00  -0.5072D+01   0.0000D+00   0.0000D+00   0.0000D+00  -0.5095D+01   0.0000D+00  -0.3732D+01   0.0000D+00  -0.5072D+01   0.0000D+00
   0.5772D+00   0.0000D+00   0.1052D+00   0.0000D+00   0.1398D+00   0.0000D+00   0.2368D+00   0.0000D+00   0.5262D-01   0.0000D+00   0.0000D+00   0.0000D+00   0.5772D+00   0.0000D+00   0.1052D+00   0.0000D+00   0.1398D+00   0.0000D+00
   0.0000D+00   0.0000D+00   0.0000D+00   0.0000D+00   0.0000D+00   0.0000D+00   0.0000D+00   0.0000D+00
  -0.3056D+01   0.7366D+00  -0.4803D+01   0.4434D+00   0.3699D+00  -0.5106D+00  -0.5149D+01  -0.3163D-01  -0.3056D+01   0.7366D+00  -0.4803D+01   0.4434D+00
   0.6754D+00  -0.1709D-01   0.1244D+00  -0.7059D-02   0.1143D+00  -0.5457D-01   0.2723D+00   0.0000D+00   0.6817D-01   0.6438D-02   0.1480D-03   0.2107D-01   0.6754D+00  -0.1709D-01   0.1244D+00  -0.7059D-02   0.1143D+00  -0.5457D-01
  -0.1002D-02  -0.6179D-02  -0.3959D-02  -0.1128D-01  -0.1002D-02  -0.6179D-02  -0.3959D-02  -0.1128D-01
  0.500  2.000
  -0.3416D+01   0.0000D+00  -0.4643D+01   0.0000D+00   0.0000D+00   0.0000D+00  -0.4664D+01   0.0000D+00  -0.3416D+01   0.0000D+00  -0.4643D+01   0.0000D+00
   0.5772D+00   0.0000D+00   0.1052D+00   0.0000D+00   0.1398D+00   0.0000D+00   0.2368D+00   0.0000D+00   0.5262D-01   0.0000D+00   0.0000D+00   0.0000D+00   0.5772D+00   0.0000D+00   0.1052D+00   0.0000D+00   0.1398D+00   0.0000D+00
   0.0000D+00   0.0000D+00   0.0000D+00   0.0000D+00   0.0000D+00   0.0000D+00   0.0000D+00   0.0000D+00
  -0.3129D+01   0.6172D+00  -0.4797D+01   0.3715D+00   0.3099D+00  -0.4278D+00  -0.5090D+01  -0.2651D-01  -0.3129D+01   0.6172D+00  -0.4797D+01   0.3715D+00
   0.6677D+00  -0.1565D-01   0.1229D+00  -0.6461D-02   0.1166D+00  -0.4996D-01   0.2695D+00   0.0000D+00   0.6691D-01   0.5893D-02   0.1433D-03   0.1929D-01   0.6677D+00  -0.1565D-01   0.1229D+00  -0.6461D-02   0.1166D+00  -0.4996D-01
  -0.9173D-03  -0.5656D-02  -0.3624D-02  -0.1033D-01  -0.9173D-03  -0.5656D-02  -0.3624D-02  -0.1033D-01
  1.000  0.500
  -0.4005D+01   0.0000D+00  -0.5544D+01   0.0000D+00   0.0000D+00   0.0000D+00  -0.5524D+01   0.0000D+00  -0.4005D+01   0.0000D+00  -0.5544D+01   0.0000D+00
   0.5712D+00   0.0000D+00   0.1040D+00   0.0000D+00   0.1363D+00   0.0000D+00   0.2330D+00   0.0000D+00   0.5178D-01   0.0000D+00   0.0000D+00   0.0000D+00   0.5712D+00   0.0000D+00   0.1040D+00   0.0000D+00   0.1363D+00   0.0000D+00
   0.0000D+00   0.0000D+00   0.0000D+00   0.0000D+00   0.0000D+00   0.0000D+00   0.0000D+00   0.0000D+00
  -0.2859D+01   0.8845D+00  -0.4741D+01   0.5327D+00   0.4439D+00  -0.6118D+00  -0.5118D+01  -0.3744D-01  -0.2859D+01   0.8845D+00  -0.4741D+01   0.5327D+00
   0.6721D+00  -0.1840D-01   0.1242D+00  -0.7640D-02   0.1078D+00  -0.5930D-01   0.2684D+00   0.0000D+00   0.6815D-01   0.6987D-02   0.4007D-03   0.2287D-01   0.6721D+00  -0.1840D-01   0.1242D+00  -0.7640D-02   0.1078D+00  -0.5930D-01
  -0.1092D-02  -0.6776D-02  -0.4344D-02  -0.1227D-01  -0.1092D-02  -0.6776D-02  -0.4344D-02  -0.1227D-01
  1.000  1.000
  -0.3634D+01   0.0000D+00  -0.5030D+01   0.0000D+00   0.0000D+00   0.0000D+00  -0.5012D+01   0.0000D+00  -0.3634D+01   0.0000D+00  -0.5030D+01   0.0000D+00
   0.5712D+00   0.0000D+00   0.1040D+00   0.0000D+00   0.1363D+00   0.0000D+00   0.2330D+00   0.0000D+00   0.5178D-01   0.0000D+00   0.0000D+00   0.0000D+00   0.5712D+00   0.0000D+00   0.1040D+00   0.0000D+00   0.1363D+00   0.0000D+00
   0.0000D+00   0.0000D+00   0.0000D+00   0.0000D+00   0.0000D+00   0.0000D+00   0.0000D+00   0.0000D+00
  -0.3015D+01   0.7280D+00  -0.4818D+01   0.4385D+00   0.3653D+00  -0.5036D+00  -0.5125D+01  -0.3082D-01  -0.3015D+01   0.7280D+00  -0.4818D+01   0.4385D+00
   0.6635D+00  -0.1669D-01   0.1225D+00  -0.6932D-02   0.1106D+00  -0.5381D-01   0.2653D+00   0.0000D+00   0.6669D-01   0.6339D-02   0.3730D-03   0.2075D-01   0.6635D+00  -0.1669D-01   0.1225D+00  -0.6932D-02   0.1106D+00  -0.5381D-01
  -0.9907D-03  -0.6148D-02  -0.3941D-02  -0.1113D-01  -0.9907D-03  -0.6148D-02  -0.3941D-02  -0.1113D-01
  1.000  2.000
  -0.3326D+01   0.0000D+00  -0.4604D+01   0.0000D+00   0.0000D+00   0.0000D+00  -0.4588D+01   0.0000D+00  -0.3326D+01   0.0000D+00  -0.4604D+01   0.0000D+00
   0.5712D+00   0.0000D+00   0.1040D+00   0.0000D+00   0.1363D+00   0.0000D+00   0.2330D+00   0.0000D+00   0.5178D-01   0.0000D+00   0.0000D+00   0.0000D+00   0.5712D+00   0.0000D+00   0.1040D+00   0.0000D+00   0.1363D+00   0.0000D+00
   0.0000D+00   0.0000D+00   0.0000D+00   0.0000D+00   0.0000D+00   0.0000D+00   0.0000D+00   0.0000D+00
  -0.3080D+01   0.6100D+00  -0.4804D+01   0.3674D+00   0.3060D+00  -0.4220D+00  -0.5058D+01  -0.2582D-01  -0.3080D+01   0.6100D+00  -0.4804D+01   0.3674D+00
   0.6564D+00  -0.1528D-01   0.1210D+00  -0.6345D-02   0.1129D+00  -0.4925D-01   0.2628D+00   0.0000D+00   0.6548D-01   0.5803D-02   0.3487D-03   0.1899D-01   0.6564D+00  -0.1528D-01   0.1210D+00  -0.6345D-02   0.1129D+00  -0.4925D-01
  -0.9068D-03  -0.5628D-02  -0.3608D-02  -0.1019D-01  -0.9068D-03  -0.5628D-02  -0.3608D-02  -0.1019D-01
  2.000  0.500
  -0.3919D+01   0.0000D+00  -0.5456D+01   0.0000D+00   0.0000D+00   0.0000D+00  -0.5447D+01   0.0000D+00  -0.3919D+01   0.0000D+00  -0.5456D+01   0.0000D+00
   0.5611D+00   0.0000D+00   0.1021D+00   0.0000D+00   0.1334D+00   0.0000D+00   0.2284D+00   0.0000D+00   0.5077D-01   0.0000D+00   0.0000D+00   0.0000D+00   0.5611D+00   0.0000D+00   0.1021D+00   0.0000D+00   0.1334D+00   0.0000D+00
   0.0000D+00   0.0000D+00   0.0000D+00   0.0000D+00   0.0000D+00   0.0000D+00   0.0000D+00   0.0000D+00
  -0.2941D+01   0.8739D+00  -0.4790D+01   0.5227D+00   0.4382D+00  -0.6020D+00  -0.5243D+01  -0.3687D-01  -0.2941D+01   0.8739D+00  -0.4790D+01   0.5227D+00
   0.6658D+00  -0.1803D-01   0.1229D+00  -0.7479D-02   0.1077D+00  -0.5794D-01   0.2675D+00   0.0000D+00   0.6748D-01   0.6858D-02   0.3211D-03   0.2244D-01   0.6658D+00  -0.1803D-01   0.1229D+00  -0.7479D-02   0.1077D+00  -0.5794D-01
  -0.1070D-02  -0.6427D-02  -0.4290D-02  -0.1207D-01  -0.1070D-02  -0.6427D-02  -0.4290D-02  -0.1207D-01
  2.000  1.000
  -0.3556D+01   0.0000D+00  -0.4950D+01   0.0000D+00   0.0000D+00   0.0000D+00  -0.4942D+01   0.0000D+00  -0.3556D+01   0.0000D+00  -0.4950D+01   0.0000D+00
   0.5611D+00   0.0000D+00   0.1021D+00   0.0000D+00   0.1334D+00   0.0000D+00   0.2284D+00   0.0000D+00   0.5077D-01   0.0000D+00   0.0000D+00   0.0000D+00   0.5611D+00   0.0000D+00   0.1021D+00   0.0000D+00   0.1334D+00   0.0000D+00
   0.0000D+00   0.0000D+00   0.0000D+00   0.0000D+00   0.0000D+00   0.0000D+00   0.0000D+00   0.0000D+00
  -0.3062D+01   0.7193D+00  -0.4838D+01   0.4302D+00   0.3605D+00  -0.4955D+00  -0.5211D+01  -0.3034D-01  -0.3062D+01   0.7193D+00  -0.4838D+01   0.4302D+00
   0.6504D+00  -0.1636D-01   0.1200D+00  -0.6786D-02   0.1082D+00  -0.5257D-01   0.2628D+00   0.0000D+00   0.6560D-01   0.6222D-02   0.2809D-03   0.2036D-01   0.6504D+00  -0.1636D-01   0.1200D+00  -0.6786D-02   0.1082D+00  -0.5257D-01
  -0.9703D-03  -0.5831D-02  -0.3892D-02  -0.1095D-01  -0.9703D-03  -0.5831D-02  -0.3892D-02  -0.1095D-01
  2.000  2.000
  -0.3255D+01   0.0000D+00  -0.4531D+01   0.0000D+00   0.0000D+00   0.0000D+00  -0.4524D+01   0.0000D+00  -0.3255D+01   0.0000D+00  -0.4531D+01   0.0000D+00
   0.5611D+00   0.0000D+00   0.1021D+00   0.0000D+00   0.1334D+00   0.0000D+00   0.2284D+00   0.0000D+00   0.5077D-01   0.0000D+00   0.0000D+00   0.0000D+00   0.5611D+00   0.0000D+00   0.1021D+00   0.0000D+00   0.1334D+00   0.0000D+00
   0.0000D+00   0.0000D+00   0.0000D+00   0.0000D+00   0.0000D+00   0.0000D+00   0.0000D+00   0.0000D+00
  -0.3107D+01   0.6027D+00  -0.4808D+01   0.3605D+00   0.3020D+00  -0.4152D+00  -0.5119D+01  -0.2543D-01  -0.3107D+01   0.6027D+00  -0.4808D+01   0.3605D+00
   0.6435D+00  -0.1497D-01   0.1186D+00  -0.6212D-02   0.1106D+00  -0.4812D-01   0.2600D+00   0.0000D+00   0.6439D-01   0.5696D-02   0.2638D-03   0.1864D-01   0.6435D+00  -0.1497D-01   0.1186D+00  -0.6212D-02   0.1106D+00  -0.4812D-01
  -0.8882D-03  -0.5338D-02  -0.3563D-02  -0.1003D-01  -0.8882D-03  -0.5338D-02  -0.3563D-02  -0.1003D-01
