 LHC=           1 sqrts=   8000.0000000000000      ang=           4 mode=fital                                                                                               scalescheme=           1 R=  0.69999999999999996     
 CT10nlo_rand5678                                                                                              73
 Bin information: chid, chiu, md, mu, mu0
   0.0000000000000000       0.50000000000000000        272.00000000000000        300.00000000000000        286.00000000000000     
 9 scales(muf, mur)*(LO(38), NLO(38))
  0.500  0.500
  -0.2362D+01   0.0000D+00  -0.2807D+01   0.0000D+00   0.0000D+00   0.0000D+00  -0.2713D+01   0.0000D+00  -0.2362D+01   0.0000D+00  -0.2807D+01   0.0000D+00
   0.5945D+00   0.0000D+00   0.1059D+00   0.0000D+00   0.1559D+00   0.0000D+00   0.2253D+00   0.0000D+00   0.5006D-01   0.0000D+00   0.0000D+00   0.0000D+00   0.5945D+00   0.0000D+00   0.1059D+00   0.0000D+00   0.1559D+00   0.0000D+00
   0.0000D+00   0.0000D+00   0.0000D+00   0.0000D+00   0.0000D+00   0.0000D+00   0.0000D+00   0.0000D+00
  -0.1685D+01   0.4259D+00  -0.2389D+01   0.2587D+00   0.2326D+00  -0.2867D+00  -0.2505D+01  -0.8819D-02  -0.1685D+01   0.4259D+00  -0.2389D+01   0.2587D+00
   0.6230D+00  -0.2013D-01   0.1132D+00  -0.7740D-02   0.1064D+00  -0.5762D-01   0.2378D+00   0.0000D+00   0.5992D-01   0.6462D-02  -0.1257D-02   0.2115D-01   0.6230D+00  -0.2013D-01   0.1132D+00  -0.7740D-02   0.1064D+00  -0.5762D-01
  -0.1401D-02  -0.6887D-02  -0.4321D-02  -0.1175D-01  -0.1401D-02  -0.6887D-02  -0.4321D-02  -0.1175D-01
  0.500  1.000
  -0.2152D+01   0.0000D+00  -0.2557D+01   0.0000D+00   0.0000D+00   0.0000D+00  -0.2472D+01   0.0000D+00  -0.2152D+01   0.0000D+00  -0.2557D+01   0.0000D+00
   0.5945D+00   0.0000D+00   0.1059D+00   0.0000D+00   0.1559D+00   0.0000D+00   0.2253D+00   0.0000D+00   0.5006D-01   0.0000D+00   0.0000D+00   0.0000D+00   0.5945D+00   0.0000D+00   0.1059D+00   0.0000D+00   0.1559D+00   0.0000D+00
   0.0000D+00   0.0000D+00   0.0000D+00   0.0000D+00   0.0000D+00   0.0000D+00   0.0000D+00   0.0000D+00
  -0.1774D+01   0.3535D+00  -0.2429D+01   0.2147D+00   0.1930D+00  -0.2380D+00  -0.2510D+01  -0.7319D-02  -0.1774D+01   0.3535D+00  -0.2429D+01   0.2147D+00
   0.6209D+00  -0.1834D-01   0.1126D+00  -0.7051D-02   0.1110D+00  -0.5249D-01   0.2368D+00   0.0000D+00   0.5908D-01   0.5888D-02  -0.1142D-02   0.1927D-01   0.6209D+00  -0.1834D-01   0.1126D+00  -0.7051D-02   0.1110D+00  -0.5249D-01
  -0.1276D-02  -0.6275D-02  -0.3937D-02  -0.1071D-01  -0.1276D-02  -0.6275D-02  -0.3937D-02  -0.1071D-01
  0.500  2.000
  -0.1977D+01   0.0000D+00  -0.2349D+01   0.0000D+00   0.0000D+00   0.0000D+00  -0.2271D+01   0.0000D+00  -0.1977D+01   0.0000D+00  -0.2349D+01   0.0000D+00
   0.5945D+00   0.0000D+00   0.1059D+00   0.0000D+00   0.1559D+00   0.0000D+00   0.2253D+00   0.0000D+00   0.5006D-01   0.0000D+00   0.0000D+00   0.0000D+00   0.5945D+00   0.0000D+00   0.1059D+00   0.0000D+00   0.1559D+00   0.0000D+00
   0.0000D+00   0.0000D+00   0.0000D+00   0.0000D+00   0.0000D+00   0.0000D+00   0.0000D+00   0.0000D+00
  -0.1814D+01   0.2983D+00  -0.2426D+01   0.1812D+00   0.1629D+00  -0.2008D+00  -0.2482D+01  -0.6177D-02  -0.1814D+01   0.2983D+00  -0.2426D+01   0.1812D+00
   0.6192D+00  -0.1685D-01   0.1121D+00  -0.6478D-02   0.1147D+00  -0.4823D-01   0.2360D+00   0.0000D+00   0.5837D-01   0.5409D-02  -0.1046D-02   0.1770D-01   0.6192D+00  -0.1685D-01   0.1121D+00  -0.6478D-02   0.1147D+00  -0.4823D-01
  -0.1172D-02  -0.5765D-02  -0.3617D-02  -0.9837D-02  -0.1172D-02  -0.5765D-02  -0.3617D-02  -0.9837D-02
  1.000  0.500
  -0.2261D+01   0.0000D+00  -0.2734D+01   0.0000D+00   0.0000D+00   0.0000D+00  -0.2623D+01   0.0000D+00  -0.2261D+01   0.0000D+00  -0.2734D+01   0.0000D+00
   0.5734D+00   0.0000D+00   0.1021D+00   0.0000D+00   0.1494D+00   0.0000D+00   0.2185D+00   0.0000D+00   0.4856D-01   0.0000D+00   0.0000D+00   0.0000D+00   0.5734D+00   0.0000D+00   0.1021D+00   0.0000D+00   0.1494D+00   0.0000D+00
   0.0000D+00   0.0000D+00   0.0000D+00   0.0000D+00   0.0000D+00   0.0000D+00   0.0000D+00   0.0000D+00
  -0.1710D+01   0.4138D+00  -0.2412D+01   0.2494D+00   0.2246D+00  -0.2770D+00  -0.2528D+01  -0.8127D-02  -0.1710D+01   0.4138D+00  -0.2412D+01   0.2494D+00
   0.6077D+00  -0.1925D-01   0.1101D+00  -0.7503D-02   0.1051D+00  -0.5627D-01   0.2350D+00   0.0000D+00   0.5900D-01   0.6267D-02  -0.9937D-03   0.2051D-01   0.6077D+00  -0.1925D-01   0.1101D+00  -0.7503D-02   0.1051D+00  -0.5627D-01
  -0.1354D-02  -0.6743D-02  -0.4199D-02  -0.1134D-01  -0.1354D-02  -0.6743D-02  -0.4199D-02  -0.1134D-01
  1.000  1.000
  -0.2060D+01   0.0000D+00  -0.2491D+01   0.0000D+00   0.0000D+00   0.0000D+00  -0.2390D+01   0.0000D+00  -0.2060D+01   0.0000D+00  -0.2491D+01   0.0000D+00
   0.5734D+00   0.0000D+00   0.1021D+00   0.0000D+00   0.1494D+00   0.0000D+00   0.2185D+00   0.0000D+00   0.4856D-01   0.0000D+00   0.0000D+00   0.0000D+00   0.5734D+00   0.0000D+00   0.1021D+00   0.0000D+00   0.1494D+00   0.0000D+00
   0.0000D+00   0.0000D+00   0.0000D+00   0.0000D+00   0.0000D+00   0.0000D+00   0.0000D+00   0.0000D+00
  -0.1779D+01   0.3435D+00  -0.2437D+01   0.2070D+00   0.1864D+00  -0.2299D+00  -0.2516D+01  -0.6744D-02  -0.1779D+01   0.3435D+00  -0.2437D+01   0.2070D+00
   0.6051D+00  -0.1754D-01   0.1095D+00  -0.6835D-02   0.1091D+00  -0.5127D-01   0.2337D+00   0.0000D+00   0.5811D-01   0.5710D-02  -0.9017D-03   0.1869D-01   0.6051D+00  -0.1754D-01   0.1095D+00  -0.6835D-02   0.1091D+00  -0.5127D-01
  -0.1234D-02  -0.6143D-02  -0.3826D-02  -0.1033D-01  -0.1234D-02  -0.6143D-02  -0.3826D-02  -0.1033D-01
  1.000  2.000
  -0.1893D+01   0.0000D+00  -0.2288D+01   0.0000D+00   0.0000D+00   0.0000D+00  -0.2196D+01   0.0000D+00  -0.1893D+01   0.0000D+00  -0.2288D+01   0.0000D+00
   0.5734D+00   0.0000D+00   0.1021D+00   0.0000D+00   0.1494D+00   0.0000D+00   0.2185D+00   0.0000D+00   0.4856D-01   0.0000D+00   0.0000D+00   0.0000D+00   0.5734D+00   0.0000D+00   0.1021D+00   0.0000D+00   0.1494D+00   0.0000D+00
   0.0000D+00   0.0000D+00   0.0000D+00   0.0000D+00   0.0000D+00   0.0000D+00   0.0000D+00   0.0000D+00
  -0.1804D+01   0.2899D+00  -0.2423D+01   0.1747D+00   0.1573D+00  -0.1940D+00  -0.2475D+01  -0.5692D-02  -0.1804D+01   0.2899D+00  -0.2423D+01   0.1747D+00
   0.6029D+00  -0.1611D-01   0.1090D+00  -0.6280D-02   0.1125D+00  -0.4710D-01   0.2326D+00   0.0000D+00   0.5736D-01   0.5246D-02  -0.8258D-03   0.1717D-01   0.6029D+00  -0.1611D-01   0.1090D+00  -0.6280D-02   0.1125D+00  -0.4710D-01
  -0.1134D-02  -0.5644D-02  -0.3515D-02  -0.9495D-02  -0.1134D-02  -0.5644D-02  -0.3515D-02  -0.9495D-02
  2.000  0.500
  -0.2169D+01   0.0000D+00  -0.2642D+01   0.0000D+00   0.0000D+00   0.0000D+00  -0.2535D+01   0.0000D+00  -0.2169D+01   0.0000D+00  -0.2642D+01   0.0000D+00
   0.5528D+00   0.0000D+00   0.9863D-01   0.0000D+00   0.1437D+00   0.0000D+00   0.2099D+00   0.0000D+00   0.4665D-01   0.0000D+00   0.0000D+00   0.0000D+00   0.5528D+00   0.0000D+00   0.9863D-01   0.0000D+00   0.1437D+00   0.0000D+00
   0.0000D+00   0.0000D+00   0.0000D+00   0.0000D+00   0.0000D+00   0.0000D+00   0.0000D+00   0.0000D+00
  -0.1730D+01   0.4009D+00  -0.2442D+01   0.2419D+00   0.2167D+00  -0.2678D+00  -0.2540D+01  -0.7641D-02  -0.1730D+01   0.4009D+00  -0.2442D+01   0.2419D+00
   0.6050D+00  -0.1855D-01   0.1094D+00  -0.7239D-02   0.1063D+00  -0.5400D-01   0.2322D+00   0.0000D+00   0.5815D-01   0.6021D-02  -0.8521D-03   0.1971D-01   0.6050D+00  -0.1855D-01   0.1094D+00  -0.7239D-02   0.1063D+00  -0.5400D-01
  -0.1313D-02  -0.6491D-02  -0.4076D-02  -0.1096D-01  -0.1313D-02  -0.6491D-02  -0.4076D-02  -0.1096D-01
  2.000  1.000
  -0.1976D+01   0.0000D+00  -0.2407D+01   0.0000D+00   0.0000D+00   0.0000D+00  -0.2310D+01   0.0000D+00  -0.1976D+01   0.0000D+00  -0.2407D+01   0.0000D+00
   0.5528D+00   0.0000D+00   0.9863D-01   0.0000D+00   0.1437D+00   0.0000D+00   0.2099D+00   0.0000D+00   0.4665D-01   0.0000D+00   0.0000D+00   0.0000D+00   0.5528D+00   0.0000D+00   0.9863D-01   0.0000D+00   0.1437D+00   0.0000D+00
   0.0000D+00   0.0000D+00   0.0000D+00   0.0000D+00   0.0000D+00   0.0000D+00   0.0000D+00   0.0000D+00
  -0.1780D+01   0.3328D+00  -0.2447D+01   0.2008D+00   0.1798D+00  -0.2222D+00  -0.2511D+01  -0.6342D-02  -0.1780D+01   0.3328D+00  -0.2447D+01   0.2008D+00
   0.5994D+00  -0.1690D-01   0.1083D+00  -0.6595D-02   0.1093D+00  -0.4919D-01   0.2301D+00   0.0000D+00   0.5708D-01   0.5485D-02  -0.7736D-03   0.1795D-01   0.5994D+00  -0.1690D-01   0.1083D+00  -0.6595D-02   0.1093D+00  -0.4919D-01
  -0.1196D-02  -0.5913D-02  -0.3713D-02  -0.9984D-02  -0.1196D-02  -0.5913D-02  -0.3713D-02  -0.9984D-02
  2.000  2.000
  -0.1815D+01   0.0000D+00  -0.2212D+01   0.0000D+00   0.0000D+00   0.0000D+00  -0.2122D+01   0.0000D+00  -0.1815D+01   0.0000D+00  -0.2212D+01   0.0000D+00
   0.5528D+00   0.0000D+00   0.9863D-01   0.0000D+00   0.1437D+00   0.0000D+00   0.2099D+00   0.0000D+00   0.4665D-01   0.0000D+00   0.0000D+00   0.0000D+00   0.5528D+00   0.0000D+00   0.9863D-01   0.0000D+00   0.1437D+00   0.0000D+00
   0.0000D+00   0.0000D+00   0.0000D+00   0.0000D+00   0.0000D+00   0.0000D+00   0.0000D+00   0.0000D+00
  -0.1792D+01   0.2809D+00  -0.2419D+01   0.1695D+00   0.1517D+00  -0.1876D+00  -0.2459D+01  -0.5352D-02  -0.1792D+01   0.2809D+00  -0.2419D+01   0.1695D+00
   0.5960D+00  -0.1553D-01   0.1076D+00  -0.6059D-02   0.1122D+00  -0.4519D-01   0.2285D+00   0.0000D+00   0.5626D-01   0.5040D-02  -0.7082D-03   0.1649D-01   0.5960D+00  -0.1553D-01   0.1076D+00  -0.6059D-02   0.1122D+00  -0.4519D-01
  -0.1099D-02  -0.5433D-02  -0.3411D-02  -0.9172D-02  -0.1099D-02  -0.5433D-02  -0.3411D-02  -0.9172D-02
