 LHC=           1 sqrts=   8000.0000000000000      ang=           4 mode=fital                                                                                               scalescheme=           1 R=  0.69999999999999996     
 CT10nlo_rand5678                                                                                              73
 Bin information: chid, chiu, md, mu, mu0
   0.0000000000000000       0.50000000000000000        592.00000000000000        638.00000000000000        615.00000000000000     
 9 scales(muf, mur)*(LO(38), NLO(38))
  0.500  0.500
  -0.5571D+00   0.0000D+00  -0.4847D+00   0.0000D+00   0.0000D+00   0.0000D+00  -0.3589D+00   0.0000D+00  -0.5571D+00   0.0000D+00  -0.4847D+00   0.0000D+00
   0.5325D+00   0.0000D+00   0.8847D-01   0.0000D+00   0.1800D+00   0.0000D+00   0.1483D+00   0.0000D+00   0.3295D-01   0.0000D+00   0.0000D+00   0.0000D+00   0.5325D+00   0.0000D+00   0.8847D-01   0.0000D+00   0.1800D+00   0.0000D+00
   0.0000D+00   0.0000D+00   0.0000D+00   0.0000D+00   0.0000D+00   0.0000D+00   0.0000D+00   0.0000D+00
  -0.4255D+00   0.6399D-01  -0.4206D+00   0.3799D-01   0.3956D-01  -0.3424D-01  -0.3312D+00   0.4876D-02  -0.4255D+00   0.6399D-01  -0.4206D+00   0.3799D-01
   0.4424D+00  -0.2097D-01   0.7599D-01  -0.6932D-02   0.1011D+00  -0.4632D-01   0.1333D+00   0.0000D+00   0.3339D-01   0.3840D-02  -0.2789D-02   0.1257D-01   0.4424D+00  -0.2097D-01   0.7599D-01  -0.6932D-02   0.1011D+00  -0.4632D-01
  -0.1903D-02  -0.6155D-02  -0.3338D-02  -0.7932D-02  -0.1903D-02  -0.6155D-02  -0.3338D-02  -0.7932D-02
  0.500  1.000
  -0.5122D+00   0.0000D+00  -0.4457D+00   0.0000D+00   0.0000D+00   0.0000D+00  -0.3300D+00   0.0000D+00  -0.5122D+00   0.0000D+00  -0.4457D+00   0.0000D+00
   0.5325D+00   0.0000D+00   0.8847D-01   0.0000D+00   0.1800D+00   0.0000D+00   0.1483D+00   0.0000D+00   0.3295D-01   0.0000D+00   0.0000D+00   0.0000D+00   0.5325D+00   0.0000D+00   0.8847D-01   0.0000D+00   0.1800D+00   0.0000D+00
   0.0000D+00   0.0000D+00   0.0000D+00   0.0000D+00   0.0000D+00   0.0000D+00   0.0000D+00   0.0000D+00
  -0.4409D+00   0.5409D-01  -0.4262D+00   0.3211D-01   0.3344D-01  -0.2895D-01  -0.3323D+00   0.4122D-02  -0.4409D+00   0.5409D-01  -0.4262D+00   0.3211D-01
   0.4498D+00  -0.1928D-01   0.7701D-01  -0.6374D-02   0.1075D+00  -0.4258D-01   0.1345D+00   0.0000D+00   0.3336D-01   0.3530D-02  -0.2565D-02   0.1155D-01   0.4498D+00  -0.1928D-01   0.7701D-01  -0.6374D-02   0.1075D+00  -0.4258D-01
  -0.1750D-02  -0.5659D-02  -0.3069D-02  -0.7293D-02  -0.1750D-02  -0.5659D-02  -0.3069D-02  -0.7293D-02
  0.500  2.000
  -0.4741D+00   0.0000D+00  -0.4125D+00   0.0000D+00   0.0000D+00   0.0000D+00  -0.3055D+00   0.0000D+00  -0.4741D+00   0.0000D+00  -0.4125D+00   0.0000D+00
   0.5325D+00   0.0000D+00   0.8847D-01   0.0000D+00   0.1800D+00   0.0000D+00   0.1483D+00   0.0000D+00   0.3295D-01   0.0000D+00   0.0000D+00   0.0000D+00   0.5325D+00   0.0000D+00   0.8847D-01   0.0000D+00   0.1800D+00   0.0000D+00
   0.0000D+00   0.0000D+00   0.0000D+00   0.0000D+00   0.0000D+00   0.0000D+00   0.0000D+00   0.0000D+00
  -0.4472D+00   0.4634D-01  -0.4255D+00   0.2751D-01   0.2865D-01  -0.2480D-01  -0.3294D+00   0.3532D-02  -0.4472D+00   0.4634D-01  -0.4255D+00   0.2751D-01
   0.4560D+00  -0.1785D-01   0.7788D-01  -0.5899D-02   0.1129D+00  -0.3942D-01   0.1355D+00   0.0000D+00   0.3333D-01   0.3268D-02  -0.2374D-02   0.1069D-01   0.4560D+00  -0.1785D-01   0.7788D-01  -0.5899D-02   0.1129D+00  -0.3942D-01
  -0.1620D-02  -0.5238D-02  -0.2841D-02  -0.6751D-02  -0.1620D-02  -0.5238D-02  -0.2841D-02  -0.6751D-02
  1.000  0.500
  -0.5150D+00   0.0000D+00  -0.4486D+00   0.0000D+00   0.0000D+00   0.0000D+00  -0.3302D+00   0.0000D+00  -0.5150D+00   0.0000D+00  -0.4486D+00   0.0000D+00
   0.4913D+00   0.0000D+00   0.8127D-01   0.0000D+00   0.1666D+00   0.0000D+00   0.1365D+00   0.0000D+00   0.3033D-01   0.0000D+00   0.0000D+00   0.0000D+00   0.4913D+00   0.0000D+00   0.8127D-01   0.0000D+00   0.1666D+00   0.0000D+00
   0.0000D+00   0.0000D+00   0.0000D+00   0.0000D+00   0.0000D+00   0.0000D+00   0.0000D+00   0.0000D+00
  -0.4351D+00   0.5920D-01  -0.4249D+00   0.3506D-01   0.3663D-01  -0.3147D-01  -0.3302D+00   0.4565D-02  -0.4351D+00   0.5920D-01  -0.4249D+00   0.3506D-01
   0.4455D+00  -0.1940D-01   0.7584D-01  -0.6402D-02   0.1058D+00  -0.4269D-01   0.1334D+00   0.0000D+00   0.3310D-01   0.3533D-02  -0.2640D-02   0.1156D-01   0.4455D+00  -0.1940D-01   0.7584D-01  -0.6402D-02   0.1058D+00  -0.4269D-01
  -0.1764D-02  -0.5698D-02  -0.3083D-02  -0.7332D-02  -0.1764D-02  -0.5698D-02  -0.3083D-02  -0.7332D-02
  1.000  1.000
  -0.4735D+00   0.0000D+00  -0.4125D+00   0.0000D+00   0.0000D+00   0.0000D+00  -0.3036D+00   0.0000D+00  -0.4735D+00   0.0000D+00  -0.4125D+00   0.0000D+00
   0.4913D+00   0.0000D+00   0.8127D-01   0.0000D+00   0.1666D+00   0.0000D+00   0.1365D+00   0.0000D+00   0.3033D-01   0.0000D+00   0.0000D+00   0.0000D+00   0.4913D+00   0.0000D+00   0.8127D-01   0.0000D+00   0.1666D+00   0.0000D+00
   0.0000D+00   0.0000D+00   0.0000D+00   0.0000D+00   0.0000D+00   0.0000D+00   0.0000D+00   0.0000D+00
  -0.4429D+00   0.5004D-01  -0.4246D+00   0.2964D-01   0.3096D-01  -0.2661D-01  -0.3272D+00   0.3859D-02  -0.4429D+00   0.5004D-01  -0.4246D+00   0.2964D-01
   0.4493D+00  -0.1784D-01   0.7630D-01  -0.5886D-02   0.1107D+00  -0.3925D-01   0.1337D+00   0.0000D+00   0.3288D-01   0.3248D-02  -0.2427D-02   0.1063D-01   0.4493D+00  -0.1784D-01   0.7630D-01  -0.5886D-02   0.1107D+00  -0.3925D-01
  -0.1622D-02  -0.5239D-02  -0.2835D-02  -0.6741D-02  -0.1622D-02  -0.5239D-02  -0.2835D-02  -0.6741D-02
  1.000  2.000
  -0.4382D+00   0.0000D+00  -0.3818D+00   0.0000D+00   0.0000D+00   0.0000D+00  -0.2810D+00   0.0000D+00  -0.4382D+00   0.0000D+00  -0.3818D+00   0.0000D+00
   0.4913D+00   0.0000D+00   0.8127D-01   0.0000D+00   0.1666D+00   0.0000D+00   0.1365D+00   0.0000D+00   0.3033D-01   0.0000D+00   0.0000D+00   0.0000D+00   0.4913D+00   0.0000D+00   0.8127D-01   0.0000D+00   0.1666D+00   0.0000D+00
   0.0000D+00   0.0000D+00   0.0000D+00   0.0000D+00   0.0000D+00   0.0000D+00   0.0000D+00   0.0000D+00
  -0.4436D+00   0.4288D-01  -0.4197D+00   0.2539D-01   0.2653D-01  -0.2280D-01  -0.3215D+00   0.3306D-02  -0.4436D+00   0.4288D-01  -0.4197D+00   0.2539D-01
   0.4525D+00  -0.1651D-01   0.7668D-01  -0.5448D-02   0.1149D+00  -0.3633D-01   0.1339D+00   0.0000D+00   0.3270D-01   0.3006D-02  -0.2246D-02   0.9839D-02   0.4525D+00  -0.1651D-01   0.7668D-01  -0.5448D-02   0.1149D+00  -0.3633D-01
  -0.1501D-02  -0.4849D-02  -0.2624D-02  -0.6240D-02  -0.1501D-02  -0.4849D-02  -0.2624D-02  -0.6240D-02
  2.000  0.500
  -0.4786D+00   0.0000D+00  -0.4160D+00   0.0000D+00   0.0000D+00   0.0000D+00  -0.3057D+00   0.0000D+00  -0.4786D+00   0.0000D+00  -0.4160D+00   0.0000D+00
   0.4546D+00   0.0000D+00   0.7530D-01   0.0000D+00   0.1546D+00   0.0000D+00   0.1259D+00   0.0000D+00   0.2797D-01   0.0000D+00   0.0000D+00   0.0000D+00   0.4546D+00   0.0000D+00   0.7530D-01   0.0000D+00   0.1546D+00   0.0000D+00
   0.0000D+00   0.0000D+00   0.0000D+00   0.0000D+00   0.0000D+00   0.0000D+00   0.0000D+00   0.0000D+00
  -0.4425D+00   0.5496D-01  -0.4281D+00   0.3251D-01   0.3372D-01  -0.2913D-01  -0.3317D+00   0.4283D-02  -0.4425D+00   0.5496D-01  -0.4281D+00   0.3251D-01
   0.4482D+00  -0.1801D-01   0.7638D-01  -0.5929D-02   0.1108D+00  -0.3956D-01   0.1338D+00   0.0000D+00   0.3284D-01   0.3257D-02  -0.2459D-02   0.1066D-01   0.4482D+00  -0.1801D-01   0.7638D-01  -0.5929D-02   0.1108D+00  -0.3956D-01
  -0.1643D-02  -0.5255D-02  -0.2857D-02  -0.6747D-02  -0.1643D-02  -0.5255D-02  -0.2857D-02  -0.6747D-02
  2.000  1.000
  -0.4400D+00   0.0000D+00  -0.3825D+00   0.0000D+00   0.0000D+00   0.0000D+00  -0.2810D+00   0.0000D+00  -0.4400D+00   0.0000D+00  -0.3825D+00   0.0000D+00
   0.4546D+00   0.0000D+00   0.7530D-01   0.0000D+00   0.1546D+00   0.0000D+00   0.1259D+00   0.0000D+00   0.2797D-01   0.0000D+00   0.0000D+00   0.0000D+00   0.4546D+00   0.0000D+00   0.7530D-01   0.0000D+00   0.1546D+00   0.0000D+00
   0.0000D+00   0.0000D+00   0.0000D+00   0.0000D+00   0.0000D+00   0.0000D+00   0.0000D+00   0.0000D+00
  -0.4438D+00   0.4646D-01  -0.4225D+00   0.2748D-01   0.2851D-01  -0.2462D-01  -0.3249D+00   0.3621D-02  -0.4438D+00   0.4646D-01  -0.4225D+00   0.2748D-01
   0.4489D+00  -0.1656D-01   0.7631D-01  -0.5451D-02   0.1144D+00  -0.3637D-01   0.1332D+00   0.0000D+00   0.3245D-01   0.2995D-02  -0.2261D-02   0.9801D-02   0.4489D+00  -0.1656D-01   0.7631D-01  -0.5451D-02   0.1144D+00  -0.3637D-01
  -0.1510D-02  -0.4832D-02  -0.2627D-02  -0.6203D-02  -0.1510D-02  -0.4832D-02  -0.2627D-02  -0.6203D-02
  2.000  2.000
  -0.4073D+00   0.0000D+00  -0.3541D+00   0.0000D+00   0.0000D+00   0.0000D+00  -0.2601D+00   0.0000D+00  -0.4073D+00   0.0000D+00  -0.3541D+00   0.0000D+00
   0.4546D+00   0.0000D+00   0.7530D-01   0.0000D+00   0.1546D+00   0.0000D+00   0.1259D+00   0.0000D+00   0.2797D-01   0.0000D+00   0.0000D+00   0.0000D+00   0.4546D+00   0.0000D+00   0.7530D-01   0.0000D+00   0.1546D+00   0.0000D+00
   0.0000D+00   0.0000D+00   0.0000D+00   0.0000D+00   0.0000D+00   0.0000D+00   0.0000D+00   0.0000D+00
  -0.4399D+00   0.3980D-01  -0.4138D+00   0.2355D-01   0.2442D-01  -0.2110D-01  -0.3165D+00   0.3102D-02  -0.4399D+00   0.3980D-01  -0.4138D+00   0.2355D-01
   0.4494D+00  -0.1533D-01   0.7625D-01  -0.5046D-02   0.1174D+00  -0.3367D-01   0.1326D+00   0.0000D+00   0.3213D-01   0.2772D-02  -0.2093D-02   0.9072D-02   0.4494D+00  -0.1533D-01   0.7625D-01  -0.5046D-02   0.1174D+00  -0.3367D-01
  -0.1398D-02  -0.4473D-02  -0.2432D-02  -0.5742D-02  -0.1398D-02  -0.4473D-02  -0.2432D-02  -0.5742D-02
