 LHC=           1 sqrts=   8000.0000000000000      ang=           4 mode=fital                                                                                               scalescheme=           1 R=  0.69999999999999996     
 CT10nlo_rand5678                                                                                              73
 Bin information: chid, chiu, md, mu, mu0
   0.0000000000000000       0.50000000000000000        1497.0000000000000        1588.0000000000000        1542.5000000000000     
 9 scales(muf, mur)*(LO(38), NLO(38))
  0.500  0.500
  -0.1693D-01   0.0000D+00  -0.1080D-01   0.0000D+00   0.0000D+00   0.0000D+00  -0.4815D-02   0.0000D+00  -0.1693D-01   0.0000D+00  -0.1080D-01   0.0000D+00
   0.8170D-01   0.0000D+00   0.1209D-01   0.0000D+00   0.3638D-01   0.0000D+00   0.1193D-01   0.0000D+00   0.2651D-02   0.0000D+00   0.0000D+00   0.0000D+00   0.8170D-01   0.0000D+00   0.1209D-01   0.0000D+00   0.3638D-01   0.0000D+00
   0.0000D+00   0.0000D+00   0.0000D+00   0.0000D+00   0.0000D+00   0.0000D+00   0.0000D+00   0.0000D+00
  -0.1443D-01   0.1219D-02  -0.9634D-02   0.7050D-03   0.5417D-03  -0.4111D-03  -0.4221D-02   0.2612D-03  -0.1443D-01   0.1219D-02  -0.9634D-02   0.7050D-03
   0.6057D-01  -0.3796D-02   0.9164D-02  -0.1073D-02   0.2161D-01  -0.6202D-02   0.9932D-02   0.0000D+00   0.2452D-02   0.2763D-03  -0.5630D-03   0.9043D-03   0.6057D-01  -0.3796D-02   0.9164D-02  -0.1073D-02   0.2161D-01  -0.6202D-02
  -0.4013D-03  -0.9637D-03  -0.3843D-03  -0.8081D-03  -0.4013D-03  -0.9637D-03  -0.3843D-03  -0.8081D-03
  0.500  1.000
  -0.1570D-01   0.0000D+00  -0.1002D-01   0.0000D+00   0.0000D+00   0.0000D+00  -0.4466D-02   0.0000D+00  -0.1570D-01   0.0000D+00  -0.1002D-01   0.0000D+00
   0.8170D-01   0.0000D+00   0.1209D-01   0.0000D+00   0.3638D-01   0.0000D+00   0.1193D-01   0.0000D+00   0.2651D-02   0.0000D+00   0.0000D+00   0.0000D+00   0.8170D-01   0.0000D+00   0.1209D-01   0.0000D+00   0.3638D-01   0.0000D+00
   0.0000D+00   0.0000D+00   0.0000D+00   0.0000D+00   0.0000D+00   0.0000D+00   0.0000D+00   0.0000D+00
  -0.1465D-01   0.1049D-02  -0.9718D-02   0.6064D-03   0.4660D-03  -0.3536D-03  -0.4269D-02   0.2247D-03  -0.1465D-01   0.1049D-02  -0.9718D-02   0.6064D-03
   0.6211D-01  -0.3520D-02   0.9377D-02  -0.9948D-03   0.2269D-01  -0.5752D-02   0.1008D-01   0.0000D+00   0.2467D-02   0.2563D-03  -0.5222D-03   0.8387D-03   0.6211D-01  -0.3520D-02   0.9377D-02  -0.9948D-03   0.2269D-01  -0.5752D-02
  -0.3722D-03  -0.8938D-03  -0.3564D-03  -0.7494D-03  -0.3722D-03  -0.8938D-03  -0.3564D-03  -0.7494D-03
  0.500  2.000
  -0.1464D-01   0.0000D+00  -0.9342D-02   0.0000D+00   0.0000D+00   0.0000D+00  -0.4165D-02   0.0000D+00  -0.1464D-01   0.0000D+00  -0.9342D-02   0.0000D+00
   0.8170D-01   0.0000D+00   0.1209D-01   0.0000D+00   0.3638D-01   0.0000D+00   0.1193D-01   0.0000D+00   0.2651D-02   0.0000D+00   0.0000D+00   0.0000D+00   0.8170D-01   0.0000D+00   0.1209D-01   0.0000D+00   0.3638D-01   0.0000D+00
   0.0000D+00   0.0000D+00   0.0000D+00   0.0000D+00   0.0000D+00   0.0000D+00   0.0000D+00   0.0000D+00
  -0.1469D-01   0.9121D-03  -0.9693D-02   0.5273D-03   0.4052D-03  -0.3075D-03  -0.4266D-02   0.1954D-03  -0.1469D-01   0.9121D-03  -0.9693D-02   0.5273D-03
   0.6344D-01  -0.3283D-02   0.9561D-02  -0.9276D-03   0.2362D-01  -0.5364D-02   0.1020D-01   0.0000D+00   0.2479D-02   0.2390D-03  -0.4869D-03   0.7821D-03   0.6344D-01  -0.3283D-02   0.9561D-02  -0.9276D-03   0.2362D-01  -0.5364D-02
  -0.3470D-03  -0.8334D-03  -0.3323D-03  -0.6988D-03  -0.3470D-03  -0.8334D-03  -0.3323D-03  -0.6988D-03
  1.000  0.500
  -0.1459D-01   0.0000D+00  -0.9288D-02   0.0000D+00   0.0000D+00   0.0000D+00  -0.4132D-02   0.0000D+00  -0.1459D-01   0.0000D+00  -0.9288D-02   0.0000D+00
   0.7028D-01   0.0000D+00   0.1038D-01   0.0000D+00   0.3139D-01   0.0000D+00   0.1021D-01   0.0000D+00   0.2269D-02   0.0000D+00   0.0000D+00   0.0000D+00   0.7028D-01   0.0000D+00   0.1038D-01   0.0000D+00   0.3139D-01   0.0000D+00
   0.0000D+00   0.0000D+00   0.0000D+00   0.0000D+00   0.0000D+00   0.0000D+00   0.0000D+00   0.0000D+00
  -0.1459D-01   0.1048D-02  -0.9674D-02   0.6068D-03   0.4642D-03  -0.3527D-03  -0.4247D-02   0.2252D-03  -0.1459D-01   0.1048D-02  -0.9674D-02   0.6068D-03
   0.6261D-01  -0.3275D-02   0.9427D-02  -0.9240D-03   0.2328D-01  -0.5332D-02   0.1004D-01   0.0000D+00   0.2447D-02   0.2368D-03  -0.4776D-03   0.7749D-03   0.6261D-01  -0.3275D-02   0.9427D-02  -0.9240D-03   0.2328D-01  -0.5332D-02
  -0.3461D-03  -0.8300D-03  -0.3302D-03  -0.6937D-03  -0.3461D-03  -0.8300D-03  -0.3302D-03  -0.6937D-03
  1.000  1.000
  -0.1353D-01   0.0000D+00  -0.8614D-02   0.0000D+00   0.0000D+00   0.0000D+00  -0.3832D-02   0.0000D+00  -0.1353D-01   0.0000D+00  -0.8614D-02   0.0000D+00
   0.7028D-01   0.0000D+00   0.1038D-01   0.0000D+00   0.3139D-01   0.0000D+00   0.1021D-01   0.0000D+00   0.2269D-02   0.0000D+00   0.0000D+00   0.0000D+00   0.7028D-01   0.0000D+00   0.1038D-01   0.0000D+00   0.3139D-01   0.0000D+00
   0.0000D+00   0.0000D+00   0.0000D+00   0.0000D+00   0.0000D+00   0.0000D+00   0.0000D+00   0.0000D+00
  -0.1448D-01   0.9014D-03  -0.9551D-02   0.5219D-03   0.3993D-03  -0.3034D-03  -0.4200D-02   0.1937D-03  -0.1448D-01   0.9014D-03  -0.9551D-02   0.5219D-03
   0.6317D-01  -0.3037D-02   0.9497D-02  -0.8569D-03   0.2387D-01  -0.4945D-02   0.1006D-01   0.0000D+00   0.2434D-02   0.2196D-03  -0.4429D-03   0.7187D-03   0.6317D-01  -0.3037D-02   0.9497D-02  -0.8569D-03   0.2387D-01  -0.4945D-02
  -0.3210D-03  -0.7697D-03  -0.3062D-03  -0.6434D-03  -0.3210D-03  -0.7697D-03  -0.3062D-03  -0.6434D-03
  1.000  2.000
  -0.1261D-01   0.0000D+00  -0.8033D-02   0.0000D+00   0.0000D+00   0.0000D+00  -0.3573D-02   0.0000D+00  -0.1261D-01   0.0000D+00  -0.8033D-02   0.0000D+00
   0.7028D-01   0.0000D+00   0.1038D-01   0.0000D+00   0.3139D-01   0.0000D+00   0.1021D-01   0.0000D+00   0.2269D-02   0.0000D+00   0.0000D+00   0.0000D+00   0.7028D-01   0.0000D+00   0.1038D-01   0.0000D+00   0.3139D-01   0.0000D+00
   0.0000D+00   0.0000D+00   0.0000D+00   0.0000D+00   0.0000D+00   0.0000D+00   0.0000D+00   0.0000D+00
  -0.1427D-01   0.7838D-03  -0.9374D-02   0.4538D-03   0.3473D-03  -0.2638D-03  -0.4128D-02   0.1684D-03  -0.1427D-01   0.7838D-03  -0.9374D-02   0.4538D-03
   0.6366D-01  -0.2832D-02   0.9558D-02  -0.7991D-03   0.2438D-01  -0.4611D-02   0.1007D-01   0.0000D+00   0.2423D-02   0.2048D-03  -0.4131D-03   0.6702D-03   0.6366D-01  -0.2832D-02   0.9558D-02  -0.7991D-03   0.2438D-01  -0.4611D-02
  -0.2993D-03  -0.7178D-03  -0.2855D-03  -0.6000D-03  -0.2993D-03  -0.7178D-03  -0.2855D-03  -0.6000D-03
  2.000  0.500
  -0.1270D-01   0.0000D+00  -0.8067D-02   0.0000D+00   0.0000D+00   0.0000D+00  -0.3580D-02   0.0000D+00  -0.1270D-01   0.0000D+00  -0.8067D-02   0.0000D+00
   0.6111D-01   0.0000D+00   0.9016D-02   0.0000D+00   0.2732D-01   0.0000D+00   0.8841D-02   0.0000D+00   0.1965D-02   0.0000D+00   0.0000D+00   0.0000D+00   0.6111D-01   0.0000D+00   0.9016D-02   0.0000D+00   0.2732D-01   0.0000D+00
   0.0000D+00   0.0000D+00   0.0000D+00   0.0000D+00   0.0000D+00   0.0000D+00   0.0000D+00   0.0000D+00
  -0.1461D-01   0.9100D-03  -0.9637D-02   0.5276D-03   0.4013D-03  -0.3057D-03  -0.4235D-02   0.1963D-03  -0.1461D-01   0.9100D-03  -0.9637D-02   0.5276D-03
   0.6366D-01  -0.2851D-02   0.9559D-02  -0.8037D-03   0.2444D-01  -0.4631D-02   0.1008D-01   0.0000D+00   0.2423D-02   0.2050D-03  -0.4104D-03   0.6708D-03   0.6366D-01  -0.2851D-02   0.9559D-02  -0.8037D-03   0.2444D-01  -0.4631D-02
  -0.3013D-03  -0.7225D-03  -0.2865D-03  -0.6013D-03  -0.3013D-03  -0.7225D-03  -0.2865D-03  -0.6013D-03
  2.000  1.000
  -0.1178D-01   0.0000D+00  -0.7482D-02   0.0000D+00   0.0000D+00   0.0000D+00  -0.3320D-02   0.0000D+00  -0.1178D-01   0.0000D+00  -0.7482D-02   0.0000D+00
   0.6111D-01   0.0000D+00   0.9016D-02   0.0000D+00   0.2732D-01   0.0000D+00   0.8841D-02   0.0000D+00   0.1965D-02   0.0000D+00   0.0000D+00   0.0000D+00   0.6111D-01   0.0000D+00   0.9016D-02   0.0000D+00   0.2732D-01   0.0000D+00
   0.0000D+00   0.0000D+00   0.0000D+00   0.0000D+00   0.0000D+00   0.0000D+00   0.0000D+00   0.0000D+00
  -0.1425D-01   0.7828D-03  -0.9358D-02   0.4538D-03   0.3452D-03  -0.2629D-03  -0.4117D-02   0.1688D-03  -0.1425D-01   0.7828D-03  -0.9358D-02   0.4538D-03
   0.6348D-01  -0.2644D-02   0.9520D-02  -0.7454D-03   0.2465D-01  -0.4295D-02   0.9992D-02   0.0000D+00   0.2390D-02   0.1901D-03  -0.3806D-03   0.6221D-03   0.6348D-01  -0.2644D-02   0.9520D-02  -0.7454D-03   0.2465D-01  -0.4295D-02
  -0.2795D-03  -0.6701D-03  -0.2657D-03  -0.5577D-03  -0.2795D-03  -0.6701D-03  -0.2657D-03  -0.5577D-03
  2.000  2.000
  -0.1099D-01   0.0000D+00  -0.6977D-02   0.0000D+00   0.0000D+00   0.0000D+00  -0.3096D-02   0.0000D+00  -0.1099D-01   0.0000D+00  -0.6977D-02   0.0000D+00
   0.6111D-01   0.0000D+00   0.9016D-02   0.0000D+00   0.2732D-01   0.0000D+00   0.8841D-02   0.0000D+00   0.1965D-02   0.0000D+00   0.0000D+00   0.0000D+00   0.6111D-01   0.0000D+00   0.9016D-02   0.0000D+00   0.2732D-01   0.0000D+00
   0.0000D+00   0.0000D+00   0.0000D+00   0.0000D+00   0.0000D+00   0.0000D+00   0.0000D+00   0.0000D+00
  -0.1385D-01   0.6807D-03  -0.9065D-02   0.3946D-03   0.3002D-03  -0.2286D-03  -0.3992D-02   0.1468D-03  -0.1385D-01   0.6807D-03  -0.9065D-02   0.3946D-03
   0.6332D-01  -0.2466D-02   0.9487D-02  -0.6951D-03   0.2483D-01  -0.4005D-02   0.9915D-02   0.0000D+00   0.2362D-02   0.1773D-03  -0.3550D-03   0.5802D-03   0.6332D-01  -0.2466D-02   0.9487D-02  -0.6951D-03   0.2483D-01  -0.4005D-02
  -0.2606D-03  -0.6248D-03  -0.2477D-03  -0.5200D-03  -0.2606D-03  -0.6248D-03  -0.2477D-03  -0.5200D-03
