 LHC=           1 sqrts=   8000.0000000000000      ang=           4 mode=fital                                                                                               scalescheme=           1 R=  0.69999999999999996     
 CT10nlo_rand5678                                                                                             422
 Bin information: chid, chiu, md, mu, mu0
   0.0000000000000000       0.50000000000000000        2250.0000000000000        2500.0000000000000        2375.0000000000000     
 9 scales(muf, mur)*(LO(38), NLO(38))
  0.500  0.500
  -0.4477D-03   0.0000D+00  -0.2359D-03   0.0000D+00   0.0000D+00   0.0000D+00  -0.8816D-04   0.0000D+00  -0.4477D-03   0.0000D+00  -0.2359D-03   0.0000D+00
   0.4465D-02   0.0000D+00   0.6088D-03   0.0000D+00   0.2303D-02   0.0000D+00   0.4757D-03   0.0000D+00   0.1057D-03   0.0000D+00   0.0000D+00   0.0000D+00   0.4465D-02   0.0000D+00   0.6088D-03   0.0000D+00   0.2303D-02   0.0000D+00
   0.0000D+00   0.0000D+00   0.0000D+00   0.0000D+00   0.0000D+00   0.0000D+00   0.0000D+00   0.0000D+00
  -0.4241D-03   0.2511D-04  -0.2236D-03   0.1540D-04   0.5584D-05  -0.7187D-05  -0.7937D-04   0.6295D-05  -0.4241D-03   0.2511D-04  -0.2236D-03   0.1540D-04
   0.3494D-02  -0.2294D-03   0.4739D-03  -0.6006D-04   0.1602D-02  -0.3177D-03   0.4112D-03   0.0000D+00   0.1004D-03   0.1053D-04  -0.2165D-04   0.3446D-04   0.3494D-02  -0.2294D-03   0.4739D-03  -0.6006D-04   0.1602D-02  -0.3177D-03
  -0.2554D-04  -0.5598D-04  -0.1848D-04  -0.3651D-04  -0.2554D-04  -0.5598D-04  -0.1848D-04  -0.3651D-04
  0.500  1.000
  -0.4167D-03   0.0000D+00  -0.2195D-03   0.0000D+00   0.0000D+00   0.0000D+00  -0.8204D-04   0.0000D+00  -0.4167D-03   0.0000D+00  -0.2195D-03   0.0000D+00
   0.4465D-02   0.0000D+00   0.6088D-03   0.0000D+00   0.2303D-02   0.0000D+00   0.4757D-03   0.0000D+00   0.1057D-03   0.0000D+00   0.0000D+00   0.0000D+00   0.4465D-02   0.0000D+00   0.6088D-03   0.0000D+00   0.2303D-02   0.0000D+00
   0.0000D+00   0.0000D+00   0.0000D+00   0.0000D+00   0.0000D+00   0.0000D+00   0.0000D+00   0.0000D+00
  -0.4242D-03   0.2175D-04  -0.2236D-03   0.1333D-04   0.4836D-05  -0.6224D-05  -0.7995D-04   0.5452D-05  -0.4242D-03   0.2175D-04  -0.2236D-03   0.1333D-04
   0.3562D-02  -0.2135D-03   0.4833D-03  -0.5589D-04   0.1651D-02  -0.2956D-03   0.4157D-03   0.0000D+00   0.1008D-03   0.9799D-05  -0.2015D-04   0.3207D-04   0.3562D-02  -0.2135D-03   0.4833D-03  -0.5589D-04   0.1651D-02  -0.2956D-03
  -0.2377D-04  -0.5210D-04  -0.1720D-04  -0.3398D-04  -0.2377D-04  -0.5210D-04  -0.1720D-04  -0.3398D-04
  0.500  2.000
  -0.3897D-03   0.0000D+00  -0.2053D-03   0.0000D+00   0.0000D+00   0.0000D+00  -0.7672D-04   0.0000D+00  -0.3897D-03   0.0000D+00  -0.2053D-03   0.0000D+00
   0.4465D-02   0.0000D+00   0.6088D-03   0.0000D+00   0.2303D-02   0.0000D+00   0.4757D-03   0.0000D+00   0.1057D-03   0.0000D+00   0.0000D+00   0.0000D+00   0.4465D-02   0.0000D+00   0.6088D-03   0.0000D+00   0.2303D-02   0.0000D+00
   0.0000D+00   0.0000D+00   0.0000D+00   0.0000D+00   0.0000D+00   0.0000D+00   0.0000D+00   0.0000D+00
  -0.4208D-03   0.1902D-04  -0.2218D-03   0.1166D-04   0.4231D-05  -0.5444D-05  -0.7972D-04   0.4768D-05  -0.4208D-03   0.1902D-04  -0.2218D-03   0.1166D-04
   0.3620D-02  -0.1997D-03   0.4914D-03  -0.5227D-04   0.1693D-02  -0.2765D-03   0.4196D-03   0.0000D+00   0.1011D-03   0.9164D-05  -0.1884D-04   0.2999D-04   0.3620D-02  -0.1997D-03   0.4914D-03  -0.5227D-04   0.1693D-02  -0.2765D-03
  -0.2223D-04  -0.4872D-04  -0.1609D-04  -0.3178D-04  -0.2223D-04  -0.4872D-04  -0.1609D-04  -0.3178D-04
  1.000  0.500
  -0.3635D-03   0.0000D+00  -0.1914D-03   0.0000D+00   0.0000D+00   0.0000D+00  -0.7147D-04   0.0000D+00  -0.3635D-03   0.0000D+00  -0.1914D-03   0.0000D+00
   0.3624D-02   0.0000D+00   0.4940D-03   0.0000D+00   0.1869D-02   0.0000D+00   0.3853D-03   0.0000D+00   0.8562D-04   0.0000D+00   0.0000D+00   0.0000D+00   0.3624D-02   0.0000D+00   0.4940D-03   0.0000D+00   0.1869D-02   0.0000D+00
   0.0000D+00   0.0000D+00   0.0000D+00   0.0000D+00   0.0000D+00   0.0000D+00   0.0000D+00   0.0000D+00
  -0.4195D-03   0.2037D-04  -0.2212D-03   0.1250D-04   0.4464D-05  -0.5828D-05  -0.7933D-04   0.5109D-05  -0.4195D-03   0.2037D-04  -0.2212D-03   0.1250D-04
   0.3590D-02  -0.1862D-03   0.4876D-03  -0.4877D-04   0.1689D-02  -0.2580D-03   0.4138D-03   0.0000D+00   0.9921D-04   0.8531D-05  -0.1730D-04   0.2792D-04   0.3590D-02  -0.1862D-03   0.4876D-03  -0.4877D-04   0.1689D-02  -0.2580D-03
  -0.2074D-04  -0.4538D-04  -0.1499D-04  -0.2964D-04  -0.2074D-04  -0.4538D-04  -0.1499D-04  -0.2964D-04
  1.000  1.000
  -0.3382D-03   0.0000D+00  -0.1781D-03   0.0000D+00   0.0000D+00   0.0000D+00  -0.6651D-04   0.0000D+00  -0.3382D-03   0.0000D+00  -0.1781D-03   0.0000D+00
   0.3624D-02   0.0000D+00   0.4940D-03   0.0000D+00   0.1869D-02   0.0000D+00   0.3853D-03   0.0000D+00   0.8562D-04   0.0000D+00   0.0000D+00   0.0000D+00   0.3624D-02   0.0000D+00   0.4940D-03   0.0000D+00   0.1869D-02   0.0000D+00
   0.0000D+00   0.0000D+00   0.0000D+00   0.0000D+00   0.0000D+00   0.0000D+00   0.0000D+00   0.0000D+00
  -0.4095D-03   0.1764D-04  -0.2159D-03   0.1082D-04   0.3867D-05  -0.5047D-05  -0.7779D-04   0.4425D-05  -0.4095D-03   0.1764D-04  -0.2159D-03   0.1082D-04
   0.3593D-02  -0.1732D-03   0.4881D-03  -0.4538D-04   0.1702D-02  -0.2401D-03   0.4119D-03   0.0000D+00   0.9827D-04   0.7939D-05  -0.1610D-04   0.2598D-04   0.3593D-02  -0.1732D-03   0.4881D-03  -0.4538D-04   0.1702D-02  -0.2401D-03
  -0.1930D-04  -0.4223D-04  -0.1395D-04  -0.2758D-04  -0.1930D-04  -0.4223D-04  -0.1395D-04  -0.2758D-04
  1.000  2.000
  -0.3163D-03   0.0000D+00  -0.1666D-03   0.0000D+00   0.0000D+00   0.0000D+00  -0.6220D-04   0.0000D+00  -0.3163D-03   0.0000D+00  -0.1666D-03   0.0000D+00
   0.3624D-02   0.0000D+00   0.4940D-03   0.0000D+00   0.1869D-02   0.0000D+00   0.3853D-03   0.0000D+00   0.8562D-04   0.0000D+00   0.0000D+00   0.0000D+00   0.3624D-02   0.0000D+00   0.4940D-03   0.0000D+00   0.1869D-02   0.0000D+00
   0.0000D+00   0.0000D+00   0.0000D+00   0.0000D+00   0.0000D+00   0.0000D+00   0.0000D+00   0.0000D+00
  -0.3985D-03   0.1543D-04  -0.2101D-03   0.9467D-05   0.3382D-05  -0.4414D-05  -0.7598D-04   0.3870D-05  -0.3985D-03   0.1543D-04  -0.2101D-03   0.9467D-05
   0.3595D-02  -0.1620D-03   0.4885D-03  -0.4244D-04   0.1713D-02  -0.2245D-03   0.4102D-03   0.0000D+00   0.9745D-04   0.7425D-05  -0.1506D-04   0.2430D-04   0.3595D-02  -0.1620D-03   0.4885D-03  -0.4244D-04   0.1713D-02  -0.2245D-03
  -0.1805D-04  -0.3950D-04  -0.1304D-04  -0.2579D-04  -0.1805D-04  -0.3950D-04  -0.1304D-04  -0.2579D-04
  2.000  0.500
  -0.2992D-03   0.0000D+00  -0.1574D-03   0.0000D+00   0.0000D+00   0.0000D+00  -0.5876D-04   0.0000D+00  -0.2992D-03   0.0000D+00  -0.1574D-03   0.0000D+00
   0.2983D-02   0.0000D+00   0.4064D-03   0.0000D+00   0.1539D-02   0.0000D+00   0.3166D-03   0.0000D+00   0.7035D-04   0.0000D+00   0.0000D+00   0.0000D+00   0.2983D-02   0.0000D+00   0.4064D-03   0.0000D+00   0.1539D-02   0.0000D+00
   0.0000D+00   0.0000D+00   0.0000D+00   0.0000D+00   0.0000D+00   0.0000D+00   0.0000D+00   0.0000D+00
  -0.4084D-03   0.1676D-04  -0.2152D-03   0.1028D-04   0.3644D-05  -0.4785D-05  -0.7762D-04   0.4207D-05  -0.4084D-03   0.1676D-04  -0.2152D-03   0.1028D-04
   0.3584D-02  -0.1533D-03   0.4868D-03  -0.4015D-04   0.1715D-02  -0.2123D-03   0.4069D-03   0.0000D+00   0.9639D-04   0.7009D-05  -0.1429D-04   0.2294D-04   0.3584D-02  -0.1533D-03   0.4868D-03  -0.4015D-04   0.1715D-02  -0.2123D-03
  -0.1708D-04  -0.3737D-04  -0.1233D-04  -0.2434D-04  -0.1708D-04  -0.3737D-04  -0.1233D-04  -0.2434D-04
  2.000  1.000
  -0.2784D-03   0.0000D+00  -0.1465D-03   0.0000D+00   0.0000D+00   0.0000D+00  -0.5468D-04   0.0000D+00  -0.2784D-03   0.0000D+00  -0.1465D-03   0.0000D+00
   0.2983D-02   0.0000D+00   0.4064D-03   0.0000D+00   0.1539D-02   0.0000D+00   0.3166D-03   0.0000D+00   0.7035D-04   0.0000D+00   0.0000D+00   0.0000D+00   0.2983D-02   0.0000D+00   0.4064D-03   0.0000D+00   0.1539D-02   0.0000D+00
   0.0000D+00   0.0000D+00   0.0000D+00   0.0000D+00   0.0000D+00   0.0000D+00   0.0000D+00   0.0000D+00
  -0.3917D-03   0.1451D-04  -0.2063D-03   0.8903D-05   0.3156D-05  -0.4144D-05  -0.7469D-04   0.3643D-05  -0.3917D-03   0.1451D-04  -0.2063D-03   0.8903D-05
   0.3542D-02  -0.1427D-03   0.4812D-03  -0.3736D-04   0.1703D-02  -0.1976D-03   0.4007D-03   0.0000D+00   0.9458D-04   0.6523D-05  -0.1330D-04   0.2135D-04   0.3542D-02  -0.1427D-03   0.4812D-03  -0.3736D-04   0.1703D-02  -0.1976D-03
  -0.1590D-04  -0.3478D-04  -0.1147D-04  -0.2265D-04  -0.1590D-04  -0.3478D-04  -0.1147D-04  -0.2265D-04
  2.000  2.000
  -0.2604D-03   0.0000D+00  -0.1370D-03   0.0000D+00   0.0000D+00   0.0000D+00  -0.5113D-04   0.0000D+00  -0.2604D-03   0.0000D+00  -0.1370D-03   0.0000D+00
   0.2983D-02   0.0000D+00   0.4064D-03   0.0000D+00   0.1539D-02   0.0000D+00   0.3166D-03   0.0000D+00   0.7035D-04   0.0000D+00   0.0000D+00   0.0000D+00   0.2983D-02   0.0000D+00   0.4064D-03   0.0000D+00   0.1539D-02   0.0000D+00
   0.0000D+00   0.0000D+00   0.0000D+00   0.0000D+00   0.0000D+00   0.0000D+00   0.0000D+00   0.0000D+00
  -0.3759D-03   0.1269D-04  -0.1980D-03   0.7787D-05   0.2761D-05  -0.3624D-05  -0.7185D-04   0.3187D-05  -0.3759D-03   0.1269D-04  -0.1980D-03   0.7787D-05
   0.3506D-02  -0.1334D-03   0.4764D-03  -0.3494D-04   0.1692D-02  -0.1848D-03   0.3952D-03   0.0000D+00   0.9302D-04   0.6100D-05  -0.1244D-04   0.1997D-04   0.3506D-02  -0.1334D-03   0.4764D-03  -0.3494D-04   0.1692D-02  -0.1848D-03
  -0.1487D-04  -0.3253D-04  -0.1073D-04  -0.2119D-04  -0.1487D-04  -0.3253D-04  -0.1073D-04  -0.2119D-04
