 LHC=           1 sqrts=   8000.0000000000000      ang=           4 mode=fital                                                                                               scalescheme=           1 R=  0.69999999999999996     
 NNPDF23_nlo_as_0118                                                                                            6
 Bin information: chid, chiu, md, mu, mu0
   0.0000000000000000       0.50000000000000000        2500.0000000000000        2750.0000000000000        2625.0000000000000     
 9 scales(muf, mur)*(LO(38), NLO(38))
  0.500  0.500
  -0.5858D-04   0.0000D+00  -0.2970D-04   0.0000D+00   0.0000D+00   0.0000D+00  -0.9350D-05   0.0000D+00  -0.5858D-04   0.0000D+00  -0.2970D-04   0.0000D+00
   0.7150D-03   0.0000D+00   0.9762D-04   0.0000D+00   0.3678D-03   0.0000D+00   0.7342D-04   0.0000D+00   0.1632D-04   0.0000D+00   0.0000D+00   0.0000D+00   0.7150D-03   0.0000D+00   0.9762D-04   0.0000D+00   0.3678D-03   0.0000D+00
   0.0000D+00   0.0000D+00   0.0000D+00   0.0000D+00   0.0000D+00   0.0000D+00   0.0000D+00   0.0000D+00
  -0.5837D-04   0.3161D-05  -0.2944D-04   0.1924D-05   0.2292D-06  -0.7698D-06  -0.8551D-05   0.8898D-06  -0.5837D-04   0.3161D-05  -0.2944D-04   0.1924D-05
   0.5870D-03  -0.3701D-04   0.7908D-04  -0.9706D-05   0.2708D-03  -0.5142D-04   0.6600D-04   0.0000D+00   0.1573D-04   0.1642D-05  -0.2667D-05   0.5372D-05   0.5870D-03  -0.3701D-04   0.7908D-04  -0.9706D-05   0.2708D-03  -0.5142D-04
  -0.4099D-05  -0.8988D-05  -0.2849D-05  -0.5851D-05  -0.4099D-05  -0.8988D-05  -0.2849D-05  -0.5851D-05
  0.500  1.000
  -0.5484D-04   0.0000D+00  -0.2780D-04   0.0000D+00   0.0000D+00   0.0000D+00  -0.8753D-05   0.0000D+00  -0.5484D-04   0.0000D+00  -0.2780D-04   0.0000D+00
   0.7150D-03   0.0000D+00   0.9762D-04   0.0000D+00   0.3678D-03   0.0000D+00   0.7342D-04   0.0000D+00   0.1632D-04   0.0000D+00   0.0000D+00   0.0000D+00   0.7150D-03   0.0000D+00   0.9762D-04   0.0000D+00   0.3678D-03   0.0000D+00
   0.0000D+00   0.0000D+00   0.0000D+00   0.0000D+00   0.0000D+00   0.0000D+00   0.0000D+00   0.0000D+00
  -0.5840D-04   0.2770D-05  -0.2947D-04   0.1686D-05   0.2009D-06  -0.6746D-06  -0.8651D-05   0.7797D-06  -0.5840D-04   0.2770D-05  -0.2947D-04   0.1686D-05
   0.5952D-03  -0.3464D-04   0.8027D-04  -0.9086D-05   0.2770D-03  -0.4814D-04   0.6647D-04   0.0000D+00   0.1576D-04   0.1537D-05  -0.2497D-05   0.5029D-05   0.5952D-03  -0.3464D-04   0.8027D-04  -0.9086D-05   0.2770D-03  -0.4814D-04
  -0.3837D-05  -0.8414D-05  -0.2667D-05  -0.5477D-05  -0.3837D-05  -0.8414D-05  -0.2667D-05  -0.5477D-05
  0.500  2.000
  -0.5155D-04   0.0000D+00  -0.2614D-04   0.0000D+00   0.0000D+00   0.0000D+00  -0.8228D-05   0.0000D+00  -0.5155D-04   0.0000D+00  -0.2614D-04   0.0000D+00
   0.7150D-03   0.0000D+00   0.9762D-04   0.0000D+00   0.3678D-03   0.0000D+00   0.7342D-04   0.0000D+00   0.1632D-04   0.0000D+00   0.0000D+00   0.0000D+00   0.7150D-03   0.0000D+00   0.9762D-04   0.0000D+00   0.3678D-03   0.0000D+00
   0.0000D+00   0.0000D+00   0.0000D+00   0.0000D+00   0.0000D+00   0.0000D+00   0.0000D+00   0.0000D+00
  -0.5801D-04   0.2447D-05  -0.2929D-04   0.1490D-05   0.1776D-06  -0.5961D-06  -0.8666D-05   0.6890D-06  -0.5801D-04   0.2447D-05  -0.2929D-04   0.1490D-05
   0.6024D-03  -0.3257D-04   0.8131D-04  -0.8541D-05   0.2825D-03  -0.4525D-04   0.6689D-04   0.0000D+00   0.1580D-04   0.1445D-05  -0.2347D-05   0.4728D-05   0.6024D-03  -0.3257D-04   0.8131D-04  -0.8541D-05   0.2825D-03  -0.4525D-04
  -0.3607D-05  -0.7909D-05  -0.2507D-05  -0.5149D-05  -0.3607D-05  -0.7909D-05  -0.2507D-05  -0.5149D-05
  1.000  0.500
  -0.4616D-04   0.0000D+00  -0.2329D-04   0.0000D+00   0.0000D+00   0.0000D+00  -0.7369D-05   0.0000D+00  -0.4616D-04   0.0000D+00  -0.2329D-04   0.0000D+00
   0.5626D-03   0.0000D+00   0.7671D-04   0.0000D+00   0.2898D-03   0.0000D+00   0.5839D-04   0.0000D+00   0.1298D-04   0.0000D+00   0.0000D+00   0.0000D+00   0.5626D-03   0.0000D+00   0.7671D-04   0.0000D+00   0.2898D-03   0.0000D+00
   0.0000D+00   0.0000D+00   0.0000D+00   0.0000D+00   0.0000D+00   0.0000D+00   0.0000D+00   0.0000D+00
  -0.5702D-04   0.2480D-05  -0.2876D-04   0.1514D-05   0.1740D-06  -0.6065D-06  -0.8499D-05   0.6954D-06  -0.5702D-04   0.2480D-05  -0.2876D-04   0.1514D-05
   0.5972D-03  -0.2916D-04   0.8065D-04  -0.7642D-05   0.2826D-03  -0.4045D-04   0.6587D-04   0.0000D+00   0.1549D-04   0.1306D-05  -0.2046D-05   0.4273D-05   0.5972D-03  -0.2916D-04   0.8065D-04  -0.7642D-05   0.2826D-03  -0.4045D-04
  -0.3230D-05  -0.7097D-05  -0.2242D-05  -0.4617D-05  -0.3230D-05  -0.7097D-05  -0.2242D-05  -0.4617D-05
  1.000  1.000
  -0.4321D-04   0.0000D+00  -0.2181D-04   0.0000D+00   0.0000D+00   0.0000D+00  -0.6898D-05   0.0000D+00  -0.4321D-04   0.0000D+00  -0.2181D-04   0.0000D+00
   0.5626D-03   0.0000D+00   0.7671D-04   0.0000D+00   0.2898D-03   0.0000D+00   0.5839D-04   0.0000D+00   0.1298D-04   0.0000D+00   0.0000D+00   0.0000D+00   0.5626D-03   0.0000D+00   0.7671D-04   0.0000D+00   0.2898D-03   0.0000D+00
   0.0000D+00   0.0000D+00   0.0000D+00   0.0000D+00   0.0000D+00   0.0000D+00   0.0000D+00   0.0000D+00
  -0.5568D-04   0.2173D-05  -0.2809D-04   0.1327D-05   0.1525D-06  -0.5315D-06  -0.8359D-05   0.6094D-06  -0.5568D-04   0.2173D-05  -0.2809D-04   0.1327D-05
   0.5950D-03  -0.2730D-04   0.8040D-04  -0.7154D-05   0.2831D-03  -0.3787D-04   0.6539D-04   0.0000D+00   0.1533D-04   0.1222D-05  -0.1915D-05   0.4000D-05   0.5950D-03  -0.2730D-04   0.8040D-04  -0.7154D-05   0.2831D-03  -0.3787D-04
  -0.3024D-05  -0.6643D-05  -0.2099D-05  -0.4322D-05  -0.3024D-05  -0.6643D-05  -0.2099D-05  -0.4322D-05
  1.000  2.000
  -0.4062D-04   0.0000D+00  -0.2050D-04   0.0000D+00   0.0000D+00   0.0000D+00  -0.6485D-05   0.0000D+00  -0.4062D-04   0.0000D+00  -0.2050D-04   0.0000D+00
   0.5626D-03   0.0000D+00   0.7671D-04   0.0000D+00   0.2898D-03   0.0000D+00   0.5839D-04   0.0000D+00   0.1298D-04   0.0000D+00   0.0000D+00   0.0000D+00   0.5626D-03   0.0000D+00   0.7671D-04   0.0000D+00   0.2898D-03   0.0000D+00
   0.0000D+00   0.0000D+00   0.0000D+00   0.0000D+00   0.0000D+00   0.0000D+00   0.0000D+00   0.0000D+00
  -0.5425D-04   0.1920D-05  -0.2736D-04   0.1173D-05   0.1348D-06  -0.4697D-06  -0.8192D-05   0.5385D-06  -0.5425D-04   0.1920D-05  -0.2736D-04   0.1173D-05
   0.5931D-03  -0.2566D-04   0.8018D-04  -0.6725D-05   0.2835D-03  -0.3559D-04   0.6498D-04   0.0000D+00   0.1519D-04   0.1149D-05  -0.1800D-05   0.3760D-05   0.5931D-03  -0.2566D-04   0.8018D-04  -0.6725D-05   0.2835D-03  -0.3559D-04
  -0.2842D-05  -0.6245D-05  -0.1973D-05  -0.4063D-05  -0.2842D-05  -0.6245D-05  -0.1973D-05  -0.4063D-05
  2.000  0.500
  -0.3690D-04   0.0000D+00  -0.1853D-04   0.0000D+00   0.0000D+00   0.0000D+00  -0.5892D-05   0.0000D+00  -0.3690D-04   0.0000D+00  -0.1853D-04   0.0000D+00
   0.4488D-03   0.0000D+00   0.6117D-04   0.0000D+00   0.2316D-03   0.0000D+00   0.4711D-04   0.0000D+00   0.1047D-04   0.0000D+00   0.0000D+00   0.0000D+00   0.4488D-03   0.0000D+00   0.6117D-04   0.0000D+00   0.2316D-03   0.0000D+00
   0.0000D+00   0.0000D+00   0.0000D+00   0.0000D+00   0.0000D+00   0.0000D+00   0.0000D+00   0.0000D+00
  -0.5451D-04   0.1973D-05  -0.2744D-04   0.1208D-05   0.1370D-06  -0.4851D-06  -0.8210D-05   0.5517D-06  -0.5451D-04   0.1973D-05  -0.2744D-04   0.1208D-05
   0.5853D-03  -0.2330D-04   0.7917D-04  -0.6102D-05   0.2819D-03  -0.3226D-04   0.6403D-04   0.0000D+00   0.1492D-04   0.1053D-05  -0.1608D-05   0.3447D-05   0.5853D-03  -0.2330D-04   0.7917D-04  -0.6102D-05   0.2819D-03  -0.3226D-04
  -0.2583D-05  -0.5681D-05  -0.1792D-05  -0.3691D-05  -0.2583D-05  -0.5681D-05  -0.1792D-05  -0.3691D-05
  2.000  1.000
  -0.3454D-04   0.0000D+00  -0.1735D-04   0.0000D+00   0.0000D+00   0.0000D+00  -0.5515D-05   0.0000D+00  -0.3454D-04   0.0000D+00  -0.1735D-04   0.0000D+00
   0.4488D-03   0.0000D+00   0.6117D-04   0.0000D+00   0.2316D-03   0.0000D+00   0.4711D-04   0.0000D+00   0.1047D-04   0.0000D+00   0.0000D+00   0.0000D+00   0.4488D-03   0.0000D+00   0.6117D-04   0.0000D+00   0.2316D-03   0.0000D+00
   0.0000D+00   0.0000D+00   0.0000D+00   0.0000D+00   0.0000D+00   0.0000D+00   0.0000D+00   0.0000D+00
  -0.5233D-04   0.1729D-05  -0.2634D-04   0.1059D-05   0.1201D-06  -0.4250D-06  -0.7923D-05   0.4834D-06  -0.5233D-04   0.1729D-05  -0.2634D-04   0.1059D-05
   0.5766D-03  -0.2181D-04   0.7802D-04  -0.5712D-05   0.2787D-03  -0.3020D-04   0.6295D-04   0.0000D+00   0.1463D-04   0.9860D-06  -0.1505D-05   0.3227D-05   0.5766D-03  -0.2181D-04   0.7802D-04  -0.5712D-05   0.2787D-03  -0.3020D-04
  -0.2417D-05  -0.5318D-05  -0.1677D-05  -0.3455D-05  -0.2417D-05  -0.5318D-05  -0.1677D-05  -0.3455D-05
  2.000  2.000
  -0.3247D-04   0.0000D+00  -0.1630D-04   0.0000D+00   0.0000D+00   0.0000D+00  -0.5184D-05   0.0000D+00  -0.3247D-04   0.0000D+00  -0.1630D-04   0.0000D+00
   0.4488D-03   0.0000D+00   0.6117D-04   0.0000D+00   0.2316D-03   0.0000D+00   0.4711D-04   0.0000D+00   0.1047D-04   0.0000D+00   0.0000D+00   0.0000D+00   0.4488D-03   0.0000D+00   0.6117D-04   0.0000D+00   0.2316D-03   0.0000D+00
   0.0000D+00   0.0000D+00   0.0000D+00   0.0000D+00   0.0000D+00   0.0000D+00   0.0000D+00   0.0000D+00
  -0.5028D-04   0.1528D-05  -0.2530D-04   0.9357D-06   0.1062D-06  -0.3756D-06  -0.7645D-05   0.4272D-06  -0.5028D-04   0.1528D-05  -0.2530D-04   0.9357D-06
   0.5690D-03  -0.2051D-04   0.7701D-04  -0.5369D-05   0.2759D-03  -0.2839D-04   0.6200D-04   0.0000D+00   0.1438D-04   0.9269D-06  -0.1415D-05   0.3034D-05   0.5690D-03  -0.2051D-04   0.7701D-04  -0.5369D-05   0.2759D-03  -0.2839D-04
  -0.2272D-05  -0.4999D-05  -0.1577D-05  -0.3248D-05  -0.2272D-05  -0.4999D-05  -0.1577D-05  -0.3248D-05
