 LHC=           1 sqrts=   8000.0000000000000      ang=           4 mode=fital                                                                                               scalescheme=           1 R=  0.69999999999999996     
 CT10nlo_rand5678                                                                                             361
 Bin information: chid, chiu, md, mu, mu0
   0.0000000000000000       0.50000000000000000        1248.0000000000000        1327.0000000000000        1287.5000000000000     
 9 scales(muf, mur)*(LO(38), NLO(38))
  0.500  0.500
  -0.4539D-01   0.0000D+00  -0.3099D-01   0.0000D+00   0.0000D+00   0.0000D+00  -0.1513D-01   0.0000D+00  -0.4539D-01   0.0000D+00  -0.3099D-01   0.0000D+00
   0.1578D+00   0.0000D+00   0.2388D-01   0.0000D+00   0.6704D-01   0.0000D+00   0.2598D-01   0.0000D+00   0.5774D-02   0.0000D+00   0.0000D+00   0.0000D+00   0.1578D+00   0.0000D+00   0.2388D-01   0.0000D+00   0.6704D-01   0.0000D+00
   0.0000D+00   0.0000D+00   0.0000D+00   0.0000D+00   0.0000D+00   0.0000D+00   0.0000D+00   0.0000D+00
  -0.3759D-01   0.3592D-02  -0.2725D-01   0.2069D-02   0.1795D-02  -0.1319D-02  -0.1323D-01   0.6930D-03  -0.3759D-01   0.3592D-02  -0.2725D-01   0.2069D-02
   0.1172D+00  -0.7145D-02   0.1822D-01  -0.2068D-02   0.3839D-01  -0.1230D-01   0.2159D-01   0.0000D+00   0.5386D-02   0.6152D-03  -0.1093D-02   0.2013D-02   0.1172D+00  -0.7145D-02   0.1822D-01  -0.2068D-02   0.3839D-01  -0.1230D-01
  -0.7440D-03  -0.1852D-02  -0.7886D-03  -0.1683D-02  -0.7440D-03  -0.1852D-02  -0.7886D-03  -0.1683D-02
  0.500  1.000
  -0.4203D-01   0.0000D+00  -0.2869D-01   0.0000D+00   0.0000D+00   0.0000D+00  -0.1401D-01   0.0000D+00  -0.4203D-01   0.0000D+00  -0.2869D-01   0.0000D+00
   0.1578D+00   0.0000D+00   0.2388D-01   0.0000D+00   0.6704D-01   0.0000D+00   0.2598D-01   0.0000D+00   0.5774D-02   0.0000D+00   0.0000D+00   0.0000D+00   0.1578D+00   0.0000D+00   0.2388D-01   0.0000D+00   0.6704D-01   0.0000D+00
   0.0000D+00   0.0000D+00   0.0000D+00   0.0000D+00   0.0000D+00   0.0000D+00   0.0000D+00   0.0000D+00
  -0.3836D-01   0.3080D-02  -0.2754D-01   0.1774D-02   0.1539D-02  -0.1131D-02  -0.1338D-01   0.5942D-03  -0.3836D-01   0.3080D-02  -0.2754D-01   0.1774D-02
   0.1202D+00  -0.6616D-02   0.1864D-01  -0.1915D-02   0.4052D-01  -0.1139D-01   0.2192D-01   0.0000D+00   0.5416D-02   0.5697D-03  -0.1012D-02   0.1864D-02   0.1202D+00  -0.6616D-02   0.1864D-01  -0.1915D-02   0.4052D-01  -0.1139D-01
  -0.6889D-03  -0.1715D-02  -0.7303D-03  -0.1558D-02  -0.6889D-03  -0.1715D-02  -0.7303D-03  -0.1558D-02
  0.500  2.000
  -0.3914D-01   0.0000D+00  -0.2672D-01   0.0000D+00   0.0000D+00   0.0000D+00  -0.1304D-01   0.0000D+00  -0.3914D-01   0.0000D+00  -0.2672D-01   0.0000D+00
   0.1578D+00   0.0000D+00   0.2388D-01   0.0000D+00   0.6704D-01   0.0000D+00   0.2598D-01   0.0000D+00   0.5774D-02   0.0000D+00   0.0000D+00   0.0000D+00   0.1578D+00   0.0000D+00   0.2388D-01   0.0000D+00   0.6704D-01   0.0000D+00
   0.0000D+00   0.0000D+00   0.0000D+00   0.0000D+00   0.0000D+00   0.0000D+00   0.0000D+00   0.0000D+00
  -0.3857D-01   0.2671D-02  -0.2751D-01   0.1538D-02   0.1335D-02  -0.9805D-03  -0.1337D-01   0.5153D-03  -0.3857D-01   0.2671D-02  -0.2751D-01   0.1538D-02
   0.1228D+00  -0.6161D-02   0.1901D-01  -0.1783D-02   0.4235D-01  -0.1061D-01   0.2220D-01   0.0000D+00   0.5441D-02   0.5305D-03  -0.9423D-03   0.1736D-02   0.1228D+00  -0.6161D-02   0.1901D-01  -0.1783D-02   0.4235D-01  -0.1061D-01
  -0.6416D-03  -0.1597D-02  -0.6801D-03  -0.1451D-02  -0.6416D-03  -0.1597D-02  -0.6801D-03  -0.1451D-02
  1.000  0.500
  -0.3979D-01   0.0000D+00  -0.2712D-01   0.0000D+00   0.0000D+00   0.0000D+00  -0.1322D-01   0.0000D+00  -0.3979D-01   0.0000D+00  -0.2712D-01   0.0000D+00
   0.1382D+00   0.0000D+00   0.2092D-01   0.0000D+00   0.5870D-01   0.0000D+00   0.2272D-01   0.0000D+00   0.5049D-02   0.0000D+00   0.0000D+00   0.0000D+00   0.1382D+00   0.0000D+00   0.2092D-01   0.0000D+00   0.5870D-01   0.0000D+00
   0.0000D+00   0.0000D+00   0.0000D+00   0.0000D+00   0.0000D+00   0.0000D+00   0.0000D+00   0.0000D+00
  -0.3822D-01   0.3143D-02  -0.2746D-01   0.1812D-02   0.1555D-02  -0.1152D-02  -0.1334D-01   0.6060D-03  -0.3822D-01   0.3143D-02  -0.2746D-01   0.1812D-02
   0.1207D+00  -0.6253D-02   0.1874D-01  -0.1813D-02   0.4137D-01  -0.1077D-01   0.2192D-01   0.0000D+00   0.5372D-02   0.5381D-03  -0.9574D-03   0.1761D-02   0.1207D+00  -0.6253D-02   0.1874D-01  -0.1813D-02   0.4137D-01  -0.1077D-01
  -0.6524D-03  -0.1628D-02  -0.6902D-03  -0.1473D-02  -0.6524D-03  -0.1628D-02  -0.6902D-03  -0.1473D-02
  1.000  1.000
  -0.3684D-01   0.0000D+00  -0.2511D-01   0.0000D+00   0.0000D+00   0.0000D+00  -0.1224D-01   0.0000D+00  -0.3684D-01   0.0000D+00  -0.2511D-01   0.0000D+00
   0.1382D+00   0.0000D+00   0.2092D-01   0.0000D+00   0.5870D-01   0.0000D+00   0.2272D-01   0.0000D+00   0.5049D-02   0.0000D+00   0.0000D+00   0.0000D+00   0.1382D+00   0.0000D+00   0.2092D-01   0.0000D+00   0.5870D-01   0.0000D+00
   0.0000D+00   0.0000D+00   0.0000D+00   0.0000D+00   0.0000D+00   0.0000D+00   0.0000D+00   0.0000D+00
  -0.3814D-01   0.2695D-02  -0.2720D-01   0.1553D-02   0.1334D-02  -0.9881D-03  -0.1322D-01   0.5196D-03  -0.3814D-01   0.2695D-02  -0.2720D-01   0.1553D-02
   0.1220D+00  -0.5790D-02   0.1891D-01  -0.1679D-02   0.4266D-01  -0.9975D-02   0.2198D-01   0.0000D+00   0.5349D-02   0.4983D-03  -0.8866D-03   0.1631D-02   0.1220D+00  -0.5790D-02   0.1891D-01  -0.1679D-02   0.4266D-01  -0.9975D-02
  -0.6041D-03  -0.1507D-02  -0.6391D-03  -0.1364D-02  -0.6041D-03  -0.1507D-02  -0.6391D-03  -0.1364D-02
  1.000  2.000
  -0.3431D-01   0.0000D+00  -0.2339D-01   0.0000D+00   0.0000D+00   0.0000D+00  -0.1140D-01   0.0000D+00  -0.3431D-01   0.0000D+00  -0.2339D-01   0.0000D+00
   0.1382D+00   0.0000D+00   0.2092D-01   0.0000D+00   0.5870D-01   0.0000D+00   0.2272D-01   0.0000D+00   0.5049D-02   0.0000D+00   0.0000D+00   0.0000D+00   0.1382D+00   0.0000D+00   0.2092D-01   0.0000D+00   0.5870D-01   0.0000D+00
   0.0000D+00   0.0000D+00   0.0000D+00   0.0000D+00   0.0000D+00   0.0000D+00   0.0000D+00   0.0000D+00
  -0.3772D-01   0.2337D-02  -0.2676D-01   0.1347D-02   0.1157D-02  -0.8569D-03  -0.1301D-01   0.4506D-03  -0.3772D-01   0.2337D-02  -0.2676D-01   0.1347D-02
   0.1231D+00  -0.5392D-02   0.1905D-01  -0.1563D-02   0.4377D-01  -0.9290D-02   0.2203D-01   0.0000D+00   0.5329D-02   0.4640D-03  -0.8257D-03   0.1519D-02   0.1231D+00  -0.5392D-02   0.1905D-01  -0.1563D-02   0.4377D-01  -0.9290D-02
  -0.5626D-03  -0.1403D-02  -0.5951D-03  -0.1270D-02  -0.5626D-03  -0.1403D-02  -0.5951D-03  -0.1270D-02
  2.000  0.500
  -0.3521D-01   0.0000D+00  -0.2394D-01   0.0000D+00   0.0000D+00   0.0000D+00  -0.1167D-01   0.0000D+00  -0.3521D-01   0.0000D+00  -0.2394D-01   0.0000D+00
   0.1220D+00   0.0000D+00   0.1844D-01   0.0000D+00   0.5189D-01   0.0000D+00   0.2005D-01   0.0000D+00   0.4455D-02   0.0000D+00   0.0000D+00   0.0000D+00   0.1220D+00   0.0000D+00   0.1844D-01   0.0000D+00   0.5189D-01   0.0000D+00
   0.0000D+00   0.0000D+00   0.0000D+00   0.0000D+00   0.0000D+00   0.0000D+00   0.0000D+00   0.0000D+00
  -0.3850D-01   0.2774D-02  -0.2745D-01   0.1599D-02   0.1340D-02  -0.1017D-02  -0.1336D-01   0.5354D-03  -0.3850D-01   0.2774D-02  -0.2745D-01   0.1599D-02
   0.1230D+00  -0.5530D-02   0.1900D-01  -0.1603D-02   0.4363D-01  -0.9512D-02   0.2204D-01   0.0000D+00   0.5342D-02   0.4745D-03  -0.8319D-03   0.1553D-02   0.1230D+00  -0.5530D-02   0.1900D-01  -0.1603D-02   0.4363D-01  -0.9512D-02
  -0.5770D-03  -0.1428D-02  -0.6091D-03  -0.1296D-02  -0.5770D-03  -0.1428D-02  -0.6091D-03  -0.1296D-02
  2.000  1.000
  -0.3261D-01   0.0000D+00  -0.2217D-01   0.0000D+00   0.0000D+00   0.0000D+00  -0.1080D-01   0.0000D+00  -0.3261D-01   0.0000D+00  -0.2217D-01   0.0000D+00
   0.1220D+00   0.0000D+00   0.1844D-01   0.0000D+00   0.5189D-01   0.0000D+00   0.2005D-01   0.0000D+00   0.4455D-02   0.0000D+00   0.0000D+00   0.0000D+00   0.1220D+00   0.0000D+00   0.1844D-01   0.0000D+00   0.5189D-01   0.0000D+00
   0.0000D+00   0.0000D+00   0.0000D+00   0.0000D+00   0.0000D+00   0.0000D+00   0.0000D+00   0.0000D+00
  -0.3776D-01   0.2379D-02  -0.2677D-01   0.1371D-02   0.1149D-02  -0.8720D-03  -0.1303D-01   0.4591D-03  -0.3776D-01   0.2379D-02  -0.2677D-01   0.1371D-02
   0.1229D+00  -0.5121D-02   0.1896D-01  -0.1485D-02   0.4424D-01  -0.8808D-02   0.2189D-01   0.0000D+00   0.5276D-02   0.4394D-03  -0.7703D-03   0.1438D-02   0.1229D+00  -0.5121D-02   0.1896D-01  -0.1485D-02   0.4424D-01  -0.8808D-02
  -0.5343D-03  -0.1322D-02  -0.5640D-03  -0.1200D-02  -0.5343D-03  -0.1322D-02  -0.5640D-03  -0.1200D-02
  2.000  2.000
  -0.3036D-01   0.0000D+00  -0.2064D-01   0.0000D+00   0.0000D+00   0.0000D+00  -0.1006D-01   0.0000D+00  -0.3036D-01   0.0000D+00  -0.2064D-01   0.0000D+00
   0.1220D+00   0.0000D+00   0.1844D-01   0.0000D+00   0.5189D-01   0.0000D+00   0.2005D-01   0.0000D+00   0.4455D-02   0.0000D+00   0.0000D+00   0.0000D+00   0.1220D+00   0.0000D+00   0.1844D-01   0.0000D+00   0.5189D-01   0.0000D+00
   0.0000D+00   0.0000D+00   0.0000D+00   0.0000D+00   0.0000D+00   0.0000D+00   0.0000D+00   0.0000D+00
  -0.3686D-01   0.2063D-02  -0.2601D-01   0.1189D-02   0.9964D-03  -0.7562D-03  -0.1266D-01   0.3982D-03  -0.3686D-01   0.2063D-02  -0.2601D-01   0.1189D-02
   0.1229D+00  -0.4769D-02   0.1893D-01  -0.1382D-02   0.4477D-01  -0.8202D-02   0.2177D-01   0.0000D+00   0.5220D-02   0.4092D-03  -0.7174D-03   0.1339D-02   0.1229D+00  -0.4769D-02   0.1893D-01  -0.1382D-02   0.4477D-01  -0.8202D-02
  -0.4976D-03  -0.1231D-02  -0.5252D-03  -0.1117D-02  -0.4976D-03  -0.1231D-02  -0.5252D-03  -0.1117D-02
