 LHC=           1 sqrts=   8000.0000000000000      ang=           4 mode=fital                                                                                               scalescheme=           1 R=  0.69999999999999996     
 CT10nlo_rand5678                                                                                             164
 Bin information: chid, chiu, md, mu, mu0
   0.0000000000000000       0.50000000000000000        507.00000000000000        548.00000000000000        527.50000000000000     
 9 scales(muf, mur)*(LO(38), NLO(38))
  0.500  0.500
  -0.7708D+00   0.0000D+00  -0.7079D+00   0.0000D+00   0.0000D+00   0.0000D+00  -0.5535D+00   0.0000D+00  -0.7708D+00   0.0000D+00  -0.7079D+00   0.0000D+00
   0.5545D+00   0.0000D+00   0.9340D-01   0.0000D+00   0.1806D+00   0.0000D+00   0.1658D+00   0.0000D+00   0.3684D-01   0.0000D+00   0.0000D+00   0.0000D+00   0.5545D+00   0.0000D+00   0.9340D-01   0.0000D+00   0.1806D+00   0.0000D+00
   0.0000D+00   0.0000D+00   0.0000D+00   0.0000D+00   0.0000D+00   0.0000D+00   0.0000D+00   0.0000D+00
  -0.5816D+00   0.9622D-01  -0.6116D+00   0.5734D-01   0.5954D-01  -0.5379D-01  -0.5095D+00   0.5358D-02  -0.5816D+00   0.9622D-01  -0.6116D+00   0.5734D-01
   0.4775D+00  -0.2144D-01   0.8228D-01  -0.7267D-02   0.1032D+00  -0.4944D-01   0.1525D+00   0.0000D+00   0.3806D-01   0.4376D-02  -0.2735D-02   0.1432D-01   0.4775D+00  -0.2144D-01   0.8228D-01  -0.7267D-02   0.1032D+00  -0.4944D-01
  -0.1887D-02  -0.6501D-02  -0.3629D-02  -0.8731D-02  -0.1887D-02  -0.6501D-02  -0.3629D-02  -0.8731D-02
  0.500  1.000
  -0.7075D+00   0.0000D+00  -0.6498D+00   0.0000D+00   0.0000D+00   0.0000D+00  -0.5081D+00   0.0000D+00  -0.7075D+00   0.0000D+00  -0.6498D+00   0.0000D+00
   0.5545D+00   0.0000D+00   0.9340D-01   0.0000D+00   0.1806D+00   0.0000D+00   0.1658D+00   0.0000D+00   0.3684D-01   0.0000D+00   0.0000D+00   0.0000D+00   0.5545D+00   0.0000D+00   0.9340D-01   0.0000D+00   0.1806D+00   0.0000D+00
   0.0000D+00   0.0000D+00   0.0000D+00   0.0000D+00   0.0000D+00   0.0000D+00   0.0000D+00   0.0000D+00
  -0.6043D+00   0.8107D-01  -0.6202D+00   0.4831D-01   0.5016D-01  -0.4532D-01  -0.5113D+00   0.4514D-02  -0.6043D+00   0.8107D-01  -0.6202D+00   0.4831D-01
   0.4840D+00  -0.1968D-01   0.8322D-01  -0.6670D-02   0.1096D+00  -0.4538D-01   0.1536D+00   0.0000D+00   0.3797D-01   0.4017D-02  -0.2510D-02   0.1315D-01   0.4840D+00  -0.1968D-01   0.8322D-01  -0.6670D-02   0.1096D+00  -0.4538D-01
  -0.1732D-02  -0.5967D-02  -0.3331D-02  -0.8014D-02  -0.1732D-02  -0.5967D-02  -0.3331D-02  -0.8014D-02
  0.500  2.000
  -0.6540D+00   0.0000D+00  -0.6007D+00   0.0000D+00   0.0000D+00   0.0000D+00  -0.4696D+00   0.0000D+00  -0.6540D+00   0.0000D+00  -0.6007D+00   0.0000D+00
   0.5545D+00   0.0000D+00   0.9340D-01   0.0000D+00   0.1806D+00   0.0000D+00   0.1658D+00   0.0000D+00   0.3684D-01   0.0000D+00   0.0000D+00   0.0000D+00   0.5545D+00   0.0000D+00   0.9340D-01   0.0000D+00   0.1806D+00   0.0000D+00
   0.0000D+00   0.0000D+00   0.0000D+00   0.0000D+00   0.0000D+00   0.0000D+00   0.0000D+00   0.0000D+00
  -0.6137D+00   0.6927D-01  -0.6194D+00   0.4128D-01   0.4286D-01  -0.3872D-01  -0.5068D+00   0.3857D-02  -0.6137D+00   0.6927D-01  -0.6194D+00   0.4128D-01
   0.4895D+00  -0.1819D-01   0.8401D-01  -0.6166D-02   0.1150D+00  -0.4195D-01   0.1546D+00   0.0000D+00   0.3789D-01   0.3713D-02  -0.2320D-02   0.1215D-01   0.4895D+00  -0.1819D-01   0.8401D-01  -0.6166D-02   0.1150D+00  -0.4195D-01
  -0.1601D-02  -0.5516D-02  -0.3079D-02  -0.7408D-02  -0.1601D-02  -0.5516D-02  -0.3079D-02  -0.7408D-02
  1.000  0.500
  -0.7167D+00   0.0000D+00  -0.6591D+00   0.0000D+00   0.0000D+00   0.0000D+00  -0.5139D+00   0.0000D+00  -0.7167D+00   0.0000D+00  -0.6591D+00   0.0000D+00
   0.5167D+00   0.0000D+00   0.8696D-01   0.0000D+00   0.1681D+00   0.0000D+00   0.1539D+00   0.0000D+00   0.3420D-01   0.0000D+00   0.0000D+00   0.0000D+00   0.5167D+00   0.0000D+00   0.8696D-01   0.0000D+00   0.1681D+00   0.0000D+00
   0.0000D+00   0.0000D+00   0.0000D+00   0.0000D+00   0.0000D+00   0.0000D+00   0.0000D+00   0.0000D+00
  -0.5948D+00   0.8950D-01  -0.6156D+00   0.5324D-01   0.5444D-01  -0.4995D-01  -0.5092D+00   0.5075D-02  -0.5948D+00   0.8950D-01  -0.6156D+00   0.5324D-01
   0.4755D+00  -0.1997D-01   0.8251D-01  -0.6757D-02   0.1079D+00  -0.4591D-01   0.1523D+00   0.0000D+00   0.3777D-01   0.4062D-02  -0.2489D-02   0.1329D-01   0.4755D+00  -0.1997D-01   0.8251D-01  -0.6757D-02   0.1079D+00  -0.4591D-01
  -0.1765D-02  -0.6025D-02  -0.3382D-02  -0.8119D-02  -0.1765D-02  -0.6025D-02  -0.3382D-02  -0.8119D-02
  1.000  1.000
  -0.6579D+00   0.0000D+00  -0.6050D+00   0.0000D+00   0.0000D+00   0.0000D+00  -0.4717D+00   0.0000D+00  -0.6579D+00   0.0000D+00  -0.6050D+00   0.0000D+00
   0.5167D+00   0.0000D+00   0.8696D-01   0.0000D+00   0.1681D+00   0.0000D+00   0.1539D+00   0.0000D+00   0.3420D-01   0.0000D+00   0.0000D+00   0.0000D+00   0.5167D+00   0.0000D+00   0.8696D-01   0.0000D+00   0.1681D+00   0.0000D+00
   0.0000D+00   0.0000D+00   0.0000D+00   0.0000D+00   0.0000D+00   0.0000D+00   0.0000D+00   0.0000D+00
  -0.6074D+00   0.7541D-01  -0.6164D+00   0.4486D-01   0.4587D-01  -0.4209D-01  -0.5051D+00   0.4276D-02  -0.6074D+00   0.7541D-01  -0.6164D+00   0.4486D-01
   0.4790D+00  -0.1833D-01   0.8290D-01  -0.6202D-02   0.1129D+00  -0.4214D-01   0.1524D+00   0.0000D+00   0.3748D-01   0.3729D-02  -0.2285D-02   0.1220D-01   0.4790D+00  -0.1833D-01   0.8290D-01  -0.6202D-02   0.1129D+00  -0.4214D-01
  -0.1620D-02  -0.5531D-02  -0.3104D-02  -0.7453D-02  -0.1620D-02  -0.5531D-02  -0.3104D-02  -0.7453D-02
  1.000  2.000
  -0.6081D+00   0.0000D+00  -0.5592D+00   0.0000D+00   0.0000D+00   0.0000D+00  -0.4360D+00   0.0000D+00  -0.6081D+00   0.0000D+00  -0.5592D+00   0.0000D+00
   0.5167D+00   0.0000D+00   0.8696D-01   0.0000D+00   0.1681D+00   0.0000D+00   0.1539D+00   0.0000D+00   0.3420D-01   0.0000D+00   0.0000D+00   0.0000D+00   0.5167D+00   0.0000D+00   0.8696D-01   0.0000D+00   0.1681D+00   0.0000D+00
   0.0000D+00   0.0000D+00   0.0000D+00   0.0000D+00   0.0000D+00   0.0000D+00   0.0000D+00   0.0000D+00
  -0.6095D+00   0.6443D-01  -0.6099D+00   0.3833D-01   0.3919D-01  -0.3596D-01  -0.4965D+00   0.3654D-02  -0.6095D+00   0.6443D-01  -0.6099D+00   0.3833D-01
   0.4820D+00  -0.1694D-01   0.8323D-01  -0.5733D-02   0.1171D+00  -0.3895D-01   0.1526D+00   0.0000D+00   0.3724D-01   0.3447D-02  -0.2112D-02   0.1128D-01   0.4820D+00  -0.1694D-01   0.8323D-01  -0.5733D-02   0.1171D+00  -0.3895D-01
  -0.1497D-02  -0.5112D-02  -0.2869D-02  -0.6889D-02  -0.1497D-02  -0.5112D-02  -0.2869D-02  -0.6889D-02
  2.000  0.500
  -0.6697D+00   0.0000D+00  -0.6168D+00   0.0000D+00   0.0000D+00   0.0000D+00  -0.4787D+00   0.0000D+00  -0.6697D+00   0.0000D+00  -0.6168D+00   0.0000D+00
   0.4822D+00   0.0000D+00   0.8124D-01   0.0000D+00   0.1571D+00   0.0000D+00   0.1434D+00   0.0000D+00   0.3188D-01   0.0000D+00   0.0000D+00   0.0000D+00   0.4822D+00   0.0000D+00   0.8124D-01   0.0000D+00   0.1571D+00   0.0000D+00
   0.0000D+00   0.0000D+00   0.0000D+00   0.0000D+00   0.0000D+00   0.0000D+00   0.0000D+00   0.0000D+00
  -0.6038D+00   0.8356D-01  -0.6198D+00   0.4974D-01   0.5171D-01  -0.4653D-01  -0.5131D+00   0.4818D-02  -0.6038D+00   0.8356D-01  -0.6198D+00   0.4974D-01
   0.4795D+00  -0.1866D-01   0.8311D-01  -0.6321D-02   0.1114D+00  -0.4298D-01   0.1522D+00   0.0000D+00   0.3751D-01   0.3787D-02  -0.2358D-02   0.1239D-01   0.4795D+00  -0.1866D-01   0.8311D-01  -0.6321D-02   0.1114D+00  -0.4298D-01
  -0.1655D-02  -0.5634D-02  -0.3168D-02  -0.7580D-02  -0.1655D-02  -0.5634D-02  -0.3168D-02  -0.7580D-02
  2.000  1.000
  -0.6147D+00   0.0000D+00  -0.5662D+00   0.0000D+00   0.0000D+00   0.0000D+00  -0.4394D+00   0.0000D+00  -0.6147D+00   0.0000D+00  -0.5662D+00   0.0000D+00
   0.4822D+00   0.0000D+00   0.8124D-01   0.0000D+00   0.1571D+00   0.0000D+00   0.1434D+00   0.0000D+00   0.3188D-01   0.0000D+00   0.0000D+00   0.0000D+00   0.4822D+00   0.0000D+00   0.8124D-01   0.0000D+00   0.1571D+00   0.0000D+00
   0.0000D+00   0.0000D+00   0.0000D+00   0.0000D+00   0.0000D+00   0.0000D+00   0.0000D+00   0.0000D+00
  -0.6080D+00   0.7040D-01  -0.6136D+00   0.4191D-01   0.4357D-01  -0.3921D-01  -0.5033D+00   0.4059D-02  -0.6080D+00   0.7040D-01  -0.6136D+00   0.4191D-01
   0.4798D+00  -0.1713D-01   0.8298D-01  -0.5802D-02   0.1152D+00  -0.3945D-01   0.1515D+00   0.0000D+00   0.3706D-01   0.3476D-02  -0.2164D-02   0.1138D-01   0.4798D+00  -0.1713D-01   0.8298D-01  -0.5802D-02   0.1152D+00  -0.3945D-01
  -0.1519D-02  -0.5171D-02  -0.2908D-02  -0.6958D-02  -0.1519D-02  -0.5171D-02  -0.2908D-02  -0.6958D-02
  2.000  2.000
  -0.5682D+00   0.0000D+00  -0.5234D+00   0.0000D+00   0.0000D+00   0.0000D+00  -0.4061D+00   0.0000D+00  -0.5682D+00   0.0000D+00  -0.5234D+00   0.0000D+00
   0.4822D+00   0.0000D+00   0.8124D-01   0.0000D+00   0.1571D+00   0.0000D+00   0.1434D+00   0.0000D+00   0.3188D-01   0.0000D+00   0.0000D+00   0.0000D+00   0.4822D+00   0.0000D+00   0.8124D-01   0.0000D+00   0.1571D+00   0.0000D+00
   0.0000D+00   0.0000D+00   0.0000D+00   0.0000D+00   0.0000D+00   0.0000D+00   0.0000D+00   0.0000D+00
  -0.6041D+00   0.6015D-01  -0.6022D+00   0.3581D-01   0.3722D-01  -0.3350D-01  -0.4905D+00   0.3468D-02  -0.6041D+00   0.6015D-01  -0.6022D+00   0.3581D-01
   0.4801D+00  -0.1584D-01   0.8286D-01  -0.5363D-02   0.1184D+00  -0.3647D-01   0.1509D+00   0.0000D+00   0.3667D-01   0.3213D-02  -0.2000D-02   0.1052D-01   0.4801D+00  -0.1584D-01   0.8286D-01  -0.5363D-02   0.1184D+00  -0.3647D-01
  -0.1404D-02  -0.4780D-02  -0.2688D-02  -0.6431D-02  -0.1404D-02  -0.4780D-02  -0.2688D-02  -0.6431D-02
