 LHC=           1 sqrts=   8000.0000000000000      ang=           4 mode=fital                                                                                               scalescheme=           1 R=  0.69999999999999996     
 CT10nlo_rand5678                                                                                             210
 Bin information: chid, chiu, md, mu, mu0
   0.0000000000000000       0.50000000000000000        592.00000000000000        638.00000000000000        615.00000000000000     
 9 scales(muf, mur)*(LO(38), NLO(38))
  0.500  0.500
  -0.5633D+00   0.0000D+00  -0.5056D+00   0.0000D+00   0.0000D+00   0.0000D+00  -0.3778D+00   0.0000D+00  -0.5633D+00   0.0000D+00  -0.5056D+00   0.0000D+00
   0.5503D+00   0.0000D+00   0.9206D-01   0.0000D+00   0.1822D+00   0.0000D+00   0.1557D+00   0.0000D+00   0.3460D-01   0.0000D+00   0.0000D+00   0.0000D+00   0.5503D+00   0.0000D+00   0.9206D-01   0.0000D+00   0.1822D+00   0.0000D+00
   0.0000D+00   0.0000D+00   0.0000D+00   0.0000D+00   0.0000D+00   0.0000D+00   0.0000D+00   0.0000D+00
  -0.4272D+00   0.6681D-01  -0.4379D+00   0.3941D-01   0.4070D-01  -0.3605D-01  -0.3481D+00   0.4889D-02  -0.4272D+00   0.6681D-01  -0.4379D+00   0.3941D-01
   0.4583D+00  -0.2124D-01   0.7941D-01  -0.7106D-02   0.1013D+00  -0.4794D-01   0.1402D+00   0.0000D+00   0.3522D-01   0.4032D-02  -0.2690D-02   0.1320D-01   0.4583D+00  -0.2124D-01   0.7941D-01  -0.7106D-02   0.1013D+00  -0.4794D-01
  -0.1922D-02  -0.6284D-02  -0.3491D-02  -0.8286D-02  -0.1922D-02  -0.6284D-02  -0.3491D-02  -0.8286D-02
  0.500  1.000
  -0.5179D+00   0.0000D+00  -0.4649D+00   0.0000D+00   0.0000D+00   0.0000D+00  -0.3474D+00   0.0000D+00  -0.5179D+00   0.0000D+00  -0.4649D+00   0.0000D+00
   0.5503D+00   0.0000D+00   0.9206D-01   0.0000D+00   0.1822D+00   0.0000D+00   0.1557D+00   0.0000D+00   0.3460D-01   0.0000D+00   0.0000D+00   0.0000D+00   0.5503D+00   0.0000D+00   0.9206D-01   0.0000D+00   0.1822D+00   0.0000D+00
   0.0000D+00   0.0000D+00   0.0000D+00   0.0000D+00   0.0000D+00   0.0000D+00   0.0000D+00   0.0000D+00
  -0.4432D+00   0.5648D-01  -0.4439D+00   0.3332D-01   0.3440D-01  -0.3047D-01  -0.3493D+00   0.4133D-02  -0.4432D+00   0.5648D-01  -0.4439D+00   0.3332D-01
   0.4659D+00  -0.1952D-01   0.8045D-01  -0.6534D-02   0.1078D+00  -0.4408D-01   0.1415D+00   0.0000D+00   0.3518D-01   0.3707D-02  -0.2473D-02   0.1213D-01   0.4659D+00  -0.1952D-01   0.8045D-01  -0.6534D-02   0.1078D+00  -0.4408D-01
  -0.1767D-02  -0.5778D-02  -0.3209D-02  -0.7618D-02  -0.1767D-02  -0.5778D-02  -0.3209D-02  -0.7618D-02
  0.500  2.000
  -0.4794D+00   0.0000D+00  -0.4303D+00   0.0000D+00   0.0000D+00   0.0000D+00  -0.3215D+00   0.0000D+00  -0.4794D+00   0.0000D+00  -0.4303D+00   0.0000D+00
   0.5503D+00   0.0000D+00   0.9206D-01   0.0000D+00   0.1822D+00   0.0000D+00   0.1557D+00   0.0000D+00   0.3460D-01   0.0000D+00   0.0000D+00   0.0000D+00   0.5503D+00   0.0000D+00   0.9206D-01   0.0000D+00   0.1822D+00   0.0000D+00
   0.0000D+00   0.0000D+00   0.0000D+00   0.0000D+00   0.0000D+00   0.0000D+00   0.0000D+00   0.0000D+00
  -0.4499D+00   0.4839D-01  -0.4433D+00   0.2854D-01   0.2947D-01  -0.2611D-01  -0.3464D+00   0.3541D-02  -0.4499D+00   0.4839D-01  -0.4433D+00   0.2854D-01
   0.4723D+00  -0.1807D-01   0.8134D-01  -0.6048D-02   0.1134D+00  -0.4080D-01   0.1426D+00   0.0000D+00   0.3514D-01   0.3432D-02  -0.2289D-02   0.1123D-01   0.4723D+00  -0.1807D-01   0.8134D-01  -0.6048D-02   0.1134D+00  -0.4080D-01
  -0.1636D-02  -0.5348D-02  -0.2971D-02  -0.7051D-02  -0.1636D-02  -0.5348D-02  -0.2971D-02  -0.7051D-02
  1.000  0.500
  -0.5211D+00   0.0000D+00  -0.4687D+00   0.0000D+00   0.0000D+00   0.0000D+00  -0.3484D+00   0.0000D+00  -0.5211D+00   0.0000D+00  -0.4687D+00   0.0000D+00
   0.5086D+00   0.0000D+00   0.8472D-01   0.0000D+00   0.1689D+00   0.0000D+00   0.1437D+00   0.0000D+00   0.3194D-01   0.0000D+00   0.0000D+00   0.0000D+00   0.5086D+00   0.0000D+00   0.8472D-01   0.0000D+00   0.1689D+00   0.0000D+00
   0.0000D+00   0.0000D+00   0.0000D+00   0.0000D+00   0.0000D+00   0.0000D+00   0.0000D+00   0.0000D+00
  -0.4371D+00   0.6192D-01  -0.4426D+00   0.3644D-01   0.3770D-01  -0.3321D-01  -0.3473D+00   0.4568D-02  -0.4371D+00   0.6192D-01  -0.4426D+00   0.3644D-01
   0.4614D+00  -0.1966D-01   0.7922D-01  -0.6571D-02   0.1060D+00  -0.4427D-01   0.1403D+00   0.0000D+00   0.3492D-01   0.3720D-02  -0.2531D-02   0.1217D-01   0.4614D+00  -0.1966D-01   0.7922D-01  -0.6571D-02   0.1060D+00  -0.4427D-01
  -0.1783D-02  -0.5825D-02  -0.3231D-02  -0.7675D-02  -0.1783D-02  -0.5825D-02  -0.3231D-02  -0.7675D-02
  1.000  1.000
  -0.4791D+00   0.0000D+00  -0.4309D+00   0.0000D+00   0.0000D+00   0.0000D+00  -0.3204D+00   0.0000D+00  -0.4791D+00   0.0000D+00  -0.4309D+00   0.0000D+00
   0.5086D+00   0.0000D+00   0.8472D-01   0.0000D+00   0.1689D+00   0.0000D+00   0.1437D+00   0.0000D+00   0.3194D-01   0.0000D+00   0.0000D+00   0.0000D+00   0.5086D+00   0.0000D+00   0.8472D-01   0.0000D+00   0.1689D+00   0.0000D+00
   0.0000D+00   0.0000D+00   0.0000D+00   0.0000D+00   0.0000D+00   0.0000D+00   0.0000D+00   0.0000D+00
  -0.4454D+00   0.5235D-01  -0.4425D+00   0.3080D-01   0.3187D-01  -0.2808D-01  -0.3443D+00   0.3861D-02  -0.4454D+00   0.5235D-01  -0.4425D+00   0.3080D-01
   0.4653D+00  -0.1808D-01   0.7968D-01  -0.6042D-02   0.1111D+00  -0.4071D-01   0.1406D+00   0.0000D+00   0.3469D-01   0.3420D-02  -0.2327D-02   0.1119D-01   0.4653D+00  -0.1808D-01   0.7968D-01  -0.6042D-02   0.1111D+00  -0.4071D-01
  -0.1639D-02  -0.5356D-02  -0.2970D-02  -0.7057D-02  -0.1639D-02  -0.5356D-02  -0.2970D-02  -0.7057D-02
  1.000  2.000
  -0.4434D+00   0.0000D+00  -0.3989D+00   0.0000D+00   0.0000D+00   0.0000D+00  -0.2965D+00   0.0000D+00  -0.4434D+00   0.0000D+00  -0.3989D+00   0.0000D+00
   0.5086D+00   0.0000D+00   0.8472D-01   0.0000D+00   0.1689D+00   0.0000D+00   0.1437D+00   0.0000D+00   0.3194D-01   0.0000D+00   0.0000D+00   0.0000D+00   0.5086D+00   0.0000D+00   0.8472D-01   0.0000D+00   0.1689D+00   0.0000D+00
   0.0000D+00   0.0000D+00   0.0000D+00   0.0000D+00   0.0000D+00   0.0000D+00   0.0000D+00   0.0000D+00
  -0.4465D+00   0.4485D-01  -0.4375D+00   0.2639D-01   0.2730D-01  -0.2405D-01  -0.3384D+00   0.3308D-02  -0.4465D+00   0.4485D-01  -0.4375D+00   0.2639D-01
   0.4686D+00  -0.1673D-01   0.8007D-01  -0.5592D-02   0.1154D+00  -0.3768D-01   0.1409D+00   0.0000D+00   0.3449D-01   0.3166D-02  -0.2154D-02   0.1036D-01   0.4686D+00  -0.1673D-01   0.8007D-01  -0.5592D-02   0.1154D+00  -0.3768D-01
  -0.1517D-02  -0.4957D-02  -0.2750D-02  -0.6532D-02  -0.1517D-02  -0.4957D-02  -0.2750D-02  -0.6532D-02
  2.000  0.500
  -0.4846D+00   0.0000D+00  -0.4353D+00   0.0000D+00   0.0000D+00   0.0000D+00  -0.3232D+00   0.0000D+00  -0.4846D+00   0.0000D+00  -0.4353D+00   0.0000D+00
   0.4712D+00   0.0000D+00   0.7863D-01   0.0000D+00   0.1567D+00   0.0000D+00   0.1329D+00   0.0000D+00   0.2953D-01   0.0000D+00   0.0000D+00   0.0000D+00   0.4712D+00   0.0000D+00   0.7863D-01   0.0000D+00   0.1567D+00   0.0000D+00
   0.0000D+00   0.0000D+00   0.0000D+00   0.0000D+00   0.0000D+00   0.0000D+00   0.0000D+00   0.0000D+00
  -0.4447D+00   0.5757D-01  -0.4461D+00   0.3385D-01   0.3473D-01  -0.3080D-01  -0.3491D+00   0.4279D-02  -0.4447D+00   0.5757D-01  -0.4461D+00   0.3385D-01
   0.4642D+00  -0.1827D-01   0.7977D-01  -0.6093D-02   0.1111D+00  -0.4108D-01   0.1407D+00   0.0000D+00   0.3466D-01   0.3439D-02  -0.2351D-02   0.1125D-01   0.4642D+00  -0.1827D-01   0.7977D-01  -0.6093D-02   0.1111D+00  -0.4108D-01
  -0.1661D-02  -0.5379D-02  -0.3000D-02  -0.7077D-02  -0.1661D-02  -0.5379D-02  -0.3000D-02  -0.7077D-02
  2.000  1.000
  -0.4455D+00   0.0000D+00  -0.4002D+00   0.0000D+00   0.0000D+00   0.0000D+00  -0.2972D+00   0.0000D+00  -0.4455D+00   0.0000D+00  -0.4002D+00   0.0000D+00
   0.4712D+00   0.0000D+00   0.7863D-01   0.0000D+00   0.1567D+00   0.0000D+00   0.1329D+00   0.0000D+00   0.2953D-01   0.0000D+00   0.0000D+00   0.0000D+00   0.4712D+00   0.0000D+00   0.7863D-01   0.0000D+00   0.1567D+00   0.0000D+00
   0.0000D+00   0.0000D+00   0.0000D+00   0.0000D+00   0.0000D+00   0.0000D+00   0.0000D+00   0.0000D+00
  -0.4465D+00   0.4867D-01  -0.4405D+00   0.2861D-01   0.2936D-01  -0.2604D-01  -0.3422D+00   0.3617D-02  -0.4465D+00   0.4867D-01  -0.4405D+00   0.2861D-01
   0.4649D+00  -0.1679D-01   0.7970D-01  -0.5602D-02   0.1148D+00  -0.3777D-01   0.1401D+00   0.0000D+00   0.3425D-01   0.3162D-02  -0.2162D-02   0.1035D-01   0.4649D+00  -0.1679D-01   0.7970D-01  -0.5602D-02   0.1148D+00  -0.3777D-01
  -0.1527D-02  -0.4945D-02  -0.2758D-02  -0.6507D-02  -0.1527D-02  -0.4945D-02  -0.2758D-02  -0.6507D-02
  2.000  2.000
  -0.4124D+00   0.0000D+00  -0.3704D+00   0.0000D+00   0.0000D+00   0.0000D+00  -0.2751D+00   0.0000D+00  -0.4124D+00   0.0000D+00  -0.3704D+00   0.0000D+00
   0.4712D+00   0.0000D+00   0.7863D-01   0.0000D+00   0.1567D+00   0.0000D+00   0.1329D+00   0.0000D+00   0.2953D-01   0.0000D+00   0.0000D+00   0.0000D+00   0.4712D+00   0.0000D+00   0.7863D-01   0.0000D+00   0.1567D+00   0.0000D+00
   0.0000D+00   0.0000D+00   0.0000D+00   0.0000D+00   0.0000D+00   0.0000D+00   0.0000D+00   0.0000D+00
  -0.4430D+00   0.4170D-01  -0.4317D+00   0.2451D-01   0.2515D-01  -0.2231D-01  -0.3334D+00   0.3099D-02  -0.4430D+00   0.4170D-01  -0.4317D+00   0.2451D-01
   0.4655D+00  -0.1554D-01   0.7964D-01  -0.5185D-02   0.1179D+00  -0.3496D-01   0.1396D+00   0.0000D+00   0.3390D-01   0.2927D-02  -0.2001D-02   0.9578D-02   0.4655D+00  -0.1554D-01   0.7964D-01  -0.5185D-02   0.1179D+00  -0.3496D-01
  -0.1414D-02  -0.4577D-02  -0.2553D-02  -0.6023D-02  -0.1414D-02  -0.4577D-02  -0.2553D-02  -0.6023D-02
