 LHC=           1 sqrts=   8000.0000000000000      ang=           4 mode=fital                                                                                               scalescheme=           1 R=  0.69999999999999996     
 NNPDF23_nlo_as_0118                                                                                           34
 Bin information: chid, chiu, md, mu, mu0
   0.0000000000000000       0.50000000000000000        1101.0000000000000        1172.0000000000000        1136.5000000000000     
 9 scales(muf, mur)*(LO(38), NLO(38))
  0.500  0.500
  -0.8278D-01   0.0000D+00  -0.5882D-01   0.0000D+00   0.0000D+00   0.0000D+00  -0.2910D-01   0.0000D+00  -0.8278D-01   0.0000D+00  -0.5882D-01   0.0000D+00
   0.2286D+00   0.0000D+00   0.3523D-01   0.0000D+00   0.9306D-01   0.0000D+00   0.3907D-01   0.0000D+00   0.8683D-02   0.0000D+00   0.0000D+00   0.0000D+00   0.2286D+00   0.0000D+00   0.3523D-01   0.0000D+00   0.9306D-01   0.0000D+00
   0.0000D+00   0.0000D+00   0.0000D+00   0.0000D+00   0.0000D+00   0.0000D+00   0.0000D+00   0.0000D+00
  -0.6725D-01   0.7022D-02  -0.5162D-01   0.3959D-02   0.3773D-02  -0.2608D-02  -0.2540D-01   0.1337D-02  -0.6725D-01   0.7022D-02  -0.5162D-01   0.3959D-02
   0.1706D+00  -0.1019D-01   0.2711D-01  -0.3023D-02   0.5145D-01  -0.1838D-01   0.3276D-01   0.0000D+00   0.8090D-02   0.9511D-03  -0.1832D-02   0.3113D-02   0.1706D+00  -0.1019D-01   0.2711D-01  -0.3023D-02   0.5145D-01  -0.1838D-01
  -0.1045D-02  -0.2671D-02  -0.1182D-02  -0.2564D-02  -0.1045D-02  -0.2671D-02  -0.1182D-02  -0.2564D-02
  0.500  1.000
  -0.7704D-01   0.0000D+00  -0.5475D-01   0.0000D+00   0.0000D+00   0.0000D+00  -0.2708D-01   0.0000D+00  -0.7704D-01   0.0000D+00  -0.5475D-01   0.0000D+00
   0.2286D+00   0.0000D+00   0.3523D-01   0.0000D+00   0.9306D-01   0.0000D+00   0.3907D-01   0.0000D+00   0.8683D-02   0.0000D+00   0.0000D+00   0.0000D+00   0.2286D+00   0.0000D+00   0.3523D-01   0.0000D+00   0.9306D-01   0.0000D+00
   0.0000D+00   0.0000D+00   0.0000D+00   0.0000D+00   0.0000D+00   0.0000D+00   0.0000D+00   0.0000D+00
  -0.6930D-01   0.6083D-02  -0.5256D-01   0.3430D-02   0.3268D-02  -0.2259D-02  -0.2589D-01   0.1159D-02  -0.6930D-01   0.6083D-02  -0.5256D-01   0.3430D-02
   0.1747D+00  -0.9487D-02   0.2768D-01  -0.2814D-02   0.5434D-01  -0.1711D-01   0.3320D-01   0.0000D+00   0.8132D-02   0.8852D-03  -0.1705D-02   0.2897D-02   0.1747D+00  -0.9487D-02   0.2768D-01  -0.2814D-02   0.5434D-01  -0.1711D-01
  -0.9727D-03  -0.2486D-02  -0.1100D-02  -0.2387D-02  -0.9727D-03  -0.2486D-02  -0.1100D-02  -0.2387D-02
  0.500  2.000
  -0.7206D-01   0.0000D+00  -0.5121D-01   0.0000D+00   0.0000D+00   0.0000D+00  -0.2533D-01   0.0000D+00  -0.7206D-01   0.0000D+00  -0.5121D-01   0.0000D+00
   0.2286D+00   0.0000D+00   0.3523D-01   0.0000D+00   0.9306D-01   0.0000D+00   0.3907D-01   0.0000D+00   0.8683D-02   0.0000D+00   0.0000D+00   0.0000D+00   0.2286D+00   0.0000D+00   0.3523D-01   0.0000D+00   0.9306D-01   0.0000D+00
   0.0000D+00   0.0000D+00   0.0000D+00   0.0000D+00   0.0000D+00   0.0000D+00   0.0000D+00   0.0000D+00
  -0.7027D-01   0.5321D-02  -0.5284D-01   0.3000D-02   0.2859D-02  -0.1976D-02  -0.2604D-01   0.1013D-02  -0.7027D-01   0.5321D-02  -0.5284D-01   0.3000D-02
   0.1782D+00  -0.8873D-02   0.2817D-01  -0.2632D-02   0.5685D-01  -0.1600D-01   0.3358D-01   0.0000D+00   0.8168D-02   0.8279D-03  -0.1595D-02   0.2710D-02   0.1782D+00  -0.8873D-02   0.2817D-01  -0.2632D-02   0.5685D-01  -0.1600D-01
  -0.9097D-03  -0.2325D-02  -0.1029D-02  -0.2232D-02  -0.9097D-03  -0.2325D-02  -0.1029D-02  -0.2232D-02
  1.000  0.500
  -0.7319D-01   0.0000D+00  -0.5198D-01   0.0000D+00   0.0000D+00   0.0000D+00  -0.2559D-01   0.0000D+00  -0.7319D-01   0.0000D+00  -0.5198D-01   0.0000D+00
   0.2014D+00   0.0000D+00   0.3102D-01   0.0000D+00   0.8233D-01   0.0000D+00   0.3430D-01   0.0000D+00   0.7622D-02   0.0000D+00   0.0000D+00   0.0000D+00   0.2014D+00   0.0000D+00   0.3102D-01   0.0000D+00   0.8233D-01   0.0000D+00
   0.0000D+00   0.0000D+00   0.0000D+00   0.0000D+00   0.0000D+00   0.0000D+00   0.0000D+00   0.0000D+00
  -0.6845D-01   0.6196D-02  -0.5202D-01   0.3494D-02   0.3347D-02  -0.2293D-02  -0.2559D-01   0.1186D-02  -0.6845D-01   0.6196D-02  -0.5202D-01   0.3494D-02
   0.1753D+00  -0.9015D-02   0.2770D-01  -0.2671D-02   0.5557D-01  -0.1619D-01   0.3314D-01   0.0000D+00   0.8081D-02   0.8347D-03  -0.1588D-02   0.2732D-02   0.1753D+00  -0.9015D-02   0.2770D-01  -0.2671D-02   0.5557D-01  -0.1619D-01
  -0.9239D-03  -0.2356D-02  -0.1040D-02  -0.2255D-02  -0.9239D-03  -0.2356D-02  -0.1040D-02  -0.2255D-02
  1.000  1.000
  -0.6812D-01   0.0000D+00  -0.4838D-01   0.0000D+00   0.0000D+00   0.0000D+00  -0.2382D-01   0.0000D+00  -0.6812D-01   0.0000D+00  -0.4838D-01   0.0000D+00
   0.2014D+00   0.0000D+00   0.3102D-01   0.0000D+00   0.8233D-01   0.0000D+00   0.3430D-01   0.0000D+00   0.7622D-02   0.0000D+00   0.0000D+00   0.0000D+00   0.2014D+00   0.0000D+00   0.3102D-01   0.0000D+00   0.8233D-01   0.0000D+00
   0.0000D+00   0.0000D+00   0.0000D+00   0.0000D+00   0.0000D+00   0.0000D+00   0.0000D+00   0.0000D+00
  -0.6906D-01   0.5368D-02  -0.5200D-01   0.3027D-02   0.2900D-02  -0.1987D-02  -0.2558D-01   0.1027D-02  -0.6906D-01   0.5368D-02  -0.5200D-01   0.3027D-02
   0.1772D+00  -0.8391D-02   0.2793D-01  -0.2486D-02   0.5743D-01  -0.1507D-01   0.3322D-01   0.0000D+00   0.8049D-02   0.7769D-03  -0.1478D-02   0.2542D-02   0.1772D+00  -0.8391D-02   0.2793D-01  -0.2486D-02   0.5743D-01  -0.1507D-01
  -0.8599D-03  -0.2193D-02  -0.9677D-03  -0.2099D-02  -0.8599D-03  -0.2193D-02  -0.9677D-03  -0.2099D-02
  1.000  2.000
  -0.6371D-01   0.0000D+00  -0.4525D-01   0.0000D+00   0.0000D+00   0.0000D+00  -0.2228D-01   0.0000D+00  -0.6371D-01   0.0000D+00  -0.4525D-01   0.0000D+00
   0.2014D+00   0.0000D+00   0.3102D-01   0.0000D+00   0.8233D-01   0.0000D+00   0.3430D-01   0.0000D+00   0.7622D-02   0.0000D+00   0.0000D+00   0.0000D+00   0.2014D+00   0.0000D+00   0.3102D-01   0.0000D+00   0.8233D-01   0.0000D+00
   0.0000D+00   0.0000D+00   0.0000D+00   0.0000D+00   0.0000D+00   0.0000D+00   0.0000D+00   0.0000D+00
  -0.6894D-01   0.4695D-02  -0.5155D-01   0.2648D-02   0.2537D-02  -0.1738D-02  -0.2536D-01   0.8987D-03  -0.6894D-01   0.4695D-02  -0.5155D-01   0.2648D-02
   0.1787D+00  -0.7848D-02   0.2813D-01  -0.2325D-02   0.5905D-01  -0.1410D-01   0.3329D-01   0.0000D+00   0.8022D-02   0.7266D-03  -0.1382D-02   0.2378D-02   0.1787D+00  -0.7848D-02   0.2813D-01  -0.2325D-02   0.5905D-01  -0.1410D-01
  -0.8043D-03  -0.2051D-02  -0.9051D-03  -0.1963D-02  -0.8043D-03  -0.2051D-02  -0.9051D-03  -0.1963D-02
  2.000  0.500
  -0.6516D-01   0.0000D+00  -0.4619D-01   0.0000D+00   0.0000D+00   0.0000D+00  -0.2265D-01   0.0000D+00  -0.6516D-01   0.0000D+00  -0.4619D-01   0.0000D+00
   0.1789D+00   0.0000D+00   0.2751D-01   0.0000D+00   0.7327D-01   0.0000D+00   0.3032D-01   0.0000D+00   0.6737D-02   0.0000D+00   0.0000D+00   0.0000D+00   0.1789D+00   0.0000D+00   0.2751D-01   0.0000D+00   0.7327D-01   0.0000D+00
   0.0000D+00   0.0000D+00   0.0000D+00   0.0000D+00   0.0000D+00   0.0000D+00   0.0000D+00   0.0000D+00
  -0.6911D-01   0.5511D-02  -0.5212D-01   0.3105D-02   0.2942D-02  -0.2030D-02  -0.2570D-01   0.1060D-02  -0.6911D-01   0.5511D-02  -0.5212D-01   0.3105D-02
   0.1780D+00  -0.8026D-02   0.2811D-01  -0.2374D-02   0.5880D-01  -0.1438D-01   0.3335D-01   0.0000D+00   0.8035D-02   0.7380D-03  -0.1407D-02   0.2415D-02   0.1780D+00  -0.8026D-02   0.2811D-01  -0.2374D-02   0.5880D-01  -0.1438D-01
  -0.8248D-03  -0.2091D-02  -0.9225D-03  -0.1999D-02  -0.8248D-03  -0.2091D-02  -0.9225D-03  -0.1999D-02
  2.000  1.000
  -0.6065D-01   0.0000D+00  -0.4299D-01   0.0000D+00   0.0000D+00   0.0000D+00  -0.2108D-01   0.0000D+00  -0.6065D-01   0.0000D+00  -0.4299D-01   0.0000D+00
   0.1789D+00   0.0000D+00   0.2751D-01   0.0000D+00   0.7327D-01   0.0000D+00   0.3032D-01   0.0000D+00   0.6737D-02   0.0000D+00   0.0000D+00   0.0000D+00   0.1789D+00   0.0000D+00   0.2751D-01   0.0000D+00   0.7327D-01   0.0000D+00
   0.0000D+00   0.0000D+00   0.0000D+00   0.0000D+00   0.0000D+00   0.0000D+00   0.0000D+00   0.0000D+00
  -0.6856D-01   0.4774D-02  -0.5131D-01   0.2690D-02   0.2549D-02  -0.1759D-02  -0.2528D-01   0.9181D-03  -0.6856D-01   0.4774D-02  -0.5131D-01   0.2690D-02
   0.1781D+00  -0.7470D-02   0.2807D-01  -0.2209D-02   0.5981D-01  -0.1339D-01   0.3315D-01   0.0000D+00   0.7946D-02   0.6868D-03  -0.1310D-02   0.2248D-02   0.1781D+00  -0.7470D-02   0.2807D-01  -0.2209D-02   0.5981D-01  -0.1339D-01
  -0.7677D-03  -0.1946D-02  -0.8586D-03  -0.1860D-02  -0.7677D-03  -0.1946D-02  -0.8586D-03  -0.1860D-02
  2.000  2.000
  -0.5672D-01   0.0000D+00  -0.4021D-01   0.0000D+00   0.0000D+00   0.0000D+00  -0.1972D-01   0.0000D+00  -0.5672D-01   0.0000D+00  -0.4021D-01   0.0000D+00
   0.1789D+00   0.0000D+00   0.2751D-01   0.0000D+00   0.7327D-01   0.0000D+00   0.3032D-01   0.0000D+00   0.6737D-02   0.0000D+00   0.0000D+00   0.0000D+00   0.1789D+00   0.0000D+00   0.2751D-01   0.0000D+00   0.7327D-01   0.0000D+00
   0.0000D+00   0.0000D+00   0.0000D+00   0.0000D+00   0.0000D+00   0.0000D+00   0.0000D+00   0.0000D+00
  -0.6757D-01   0.4176D-02  -0.5027D-01   0.2353D-02   0.2230D-02  -0.1538D-02  -0.2476D-01   0.8031D-03  -0.6757D-01   0.4176D-02  -0.5027D-01   0.2353D-02
   0.1782D+00  -0.6987D-02   0.2804D-01  -0.2066D-02   0.6069D-01  -0.1252D-01   0.3297D-01   0.0000D+00   0.7868D-02   0.6424D-03  -0.1225D-02   0.2102D-02   0.1782D+00  -0.6987D-02   0.2804D-01  -0.2066D-02   0.6069D-01  -0.1252D-01
  -0.7180D-03  -0.1820D-02  -0.8030D-03  -0.1740D-02  -0.7180D-03  -0.1820D-02  -0.8030D-03  -0.1740D-02
