 LHC=           1 sqrts=   8000.0000000000000      ang=           4 mode=fital                                                                                               scalescheme=           1 R=  0.69999999999999996     
 CT10nlo_rand5678                                                                                             364
 Bin information: chid, chiu, md, mu, mu0
   0.0000000000000000       0.50000000000000000        3250.0000000000000        3500.0000000000000        3375.0000000000000     
 9 scales(muf, mur)*(LO(38), NLO(38))
  0.500  0.500
  -0.1388D-07   0.0000D+00  -0.7021D-08   0.0000D+00   0.0000D+00   0.0000D+00  -0.2855D-08   0.0000D+00  -0.1388D-07   0.0000D+00  -0.7021D-08   0.0000D+00
   0.2839D-06   0.0000D+00   0.3842D-07   0.0000D+00   0.1484D-06   0.0000D+00   0.3593D-07   0.0000D+00   0.7985D-08   0.0000D+00   0.0000D+00   0.0000D+00   0.2839D-06   0.0000D+00   0.3842D-07   0.0000D+00   0.1484D-06   0.0000D+00
   0.0000D+00   0.0000D+00   0.0000D+00   0.0000D+00   0.0000D+00   0.0000D+00   0.0000D+00   0.0000D+00
  -0.1623D-07   0.7245D-09  -0.7962D-08   0.4616D-09   0.2399D-10  -0.2245D-09  -0.3042D-08   0.1696D-09  -0.1623D-07   0.7245D-09  -0.7962D-08   0.4616D-09
   0.2761D-06  -0.1425D-07   0.3674D-07  -0.3710D-08   0.1354D-06  -0.1945D-07   0.3665D-07   0.0000D+00   0.8797D-08   0.7671D-09  -0.1428D-09   0.2511D-08   0.2761D-06  -0.1425D-07   0.3674D-07  -0.3710D-08   0.1354D-06  -0.1945D-07
  -0.1625D-08  -0.3516D-08  -0.1180D-08  -0.2322D-08  -0.1625D-08  -0.3516D-08  -0.1180D-08  -0.2322D-08
  0.500  1.000
  -0.1295D-07   0.0000D+00  -0.6550D-08   0.0000D+00   0.0000D+00   0.0000D+00  -0.2664D-08   0.0000D+00  -0.1295D-07   0.0000D+00  -0.6550D-08   0.0000D+00
   0.2839D-06   0.0000D+00   0.3842D-07   0.0000D+00   0.1484D-06   0.0000D+00   0.3593D-07   0.0000D+00   0.7985D-08   0.0000D+00   0.0000D+00   0.0000D+00   0.2839D-06   0.0000D+00   0.3842D-07   0.0000D+00   0.1484D-06   0.0000D+00
   0.0000D+00   0.0000D+00   0.0000D+00   0.0000D+00   0.0000D+00   0.0000D+00   0.0000D+00   0.0000D+00
  -0.1584D-07   0.6307D-09  -0.7795D-08   0.4018D-09   0.2089D-10  -0.1954D-09  -0.2999D-08   0.1476D-09  -0.1584D-07   0.6307D-09  -0.7795D-08   0.4018D-09
   0.2766D-06  -0.1330D-07   0.3686D-07  -0.3462D-08   0.1363D-06  -0.1815D-07   0.3661D-07   0.0000D+00   0.8742D-08   0.7157D-09  -0.1332D-09   0.2342D-08   0.2766D-06  -0.1330D-07   0.3686D-07  -0.3462D-08   0.1363D-06  -0.1815D-07
  -0.1516D-08  -0.3280D-08  -0.1101D-08  -0.2167D-08  -0.1516D-08  -0.3280D-08  -0.1101D-08  -0.2167D-08
  0.500  2.000
  -0.1214D-07   0.0000D+00  -0.6140D-08   0.0000D+00   0.0000D+00   0.0000D+00  -0.2497D-08   0.0000D+00  -0.1214D-07   0.0000D+00  -0.6140D-08   0.0000D+00
   0.2839D-06   0.0000D+00   0.3842D-07   0.0000D+00   0.1484D-06   0.0000D+00   0.3593D-07   0.0000D+00   0.7985D-08   0.0000D+00   0.0000D+00   0.0000D+00   0.2839D-06   0.0000D+00   0.3842D-07   0.0000D+00   0.1484D-06   0.0000D+00
   0.0000D+00   0.0000D+00   0.0000D+00   0.0000D+00   0.0000D+00   0.0000D+00   0.0000D+00   0.0000D+00
  -0.1542D-07   0.5541D-09  -0.7608D-08   0.3530D-09   0.1835D-10  -0.1716D-09  -0.2944D-08   0.1297D-09  -0.1542D-07   0.5541D-09  -0.7608D-08   0.3530D-09
   0.2771D-06  -0.1247D-07   0.3696D-07  -0.3245D-08   0.1371D-06  -0.1701D-07   0.3656D-07   0.0000D+00   0.8695D-08   0.6709D-09  -0.1249D-09   0.2195D-08   0.2771D-06  -0.1247D-07   0.3696D-07  -0.3245D-08   0.1371D-06  -0.1701D-07
  -0.1421D-08  -0.3074D-08  -0.1032D-08  -0.2031D-08  -0.1421D-08  -0.3074D-08  -0.1032D-08  -0.2031D-08
  1.000  0.500
  -0.1013D-07   0.0000D+00  -0.5122D-08   0.0000D+00   0.0000D+00   0.0000D+00  -0.2086D-08   0.0000D+00  -0.1013D-07   0.0000D+00  -0.5122D-08   0.0000D+00
   0.2072D-06   0.0000D+00   0.2802D-07   0.0000D+00   0.1083D-06   0.0000D+00   0.2630D-07   0.0000D+00   0.5845D-08   0.0000D+00   0.0000D+00   0.0000D+00   0.2072D-06   0.0000D+00   0.2802D-07   0.0000D+00   0.1083D-06   0.0000D+00
   0.0000D+00   0.0000D+00   0.0000D+00   0.0000D+00   0.0000D+00   0.0000D+00   0.0000D+00   0.0000D+00
  -0.1504D-07   0.5285D-09  -0.7421D-08   0.3368D-09   0.1240D-10  -0.1640D-09  -0.2873D-08   0.1235D-09  -0.1504D-07   0.5285D-09  -0.7421D-08   0.3368D-09
   0.2668D-06  -0.1041D-07   0.3557D-07  -0.2706D-08   0.1329D-06  -0.1421D-07   0.3495D-07   0.0000D+00   0.8247D-08   0.5615D-09  -0.8589D-10   0.1838D-08   0.2668D-06  -0.1041D-07   0.3557D-07  -0.2706D-08   0.1329D-06  -0.1421D-07
  -0.1186D-08  -0.2567D-08  -0.8619D-09  -0.1703D-08  -0.1186D-08  -0.2567D-08  -0.8619D-09  -0.1703D-08
  1.000  1.000
  -0.9454D-08   0.0000D+00  -0.4778D-08   0.0000D+00   0.0000D+00   0.0000D+00  -0.1947D-08   0.0000D+00  -0.9454D-08   0.0000D+00  -0.4778D-08   0.0000D+00
   0.2072D-06   0.0000D+00   0.2802D-07   0.0000D+00   0.1083D-06   0.0000D+00   0.2630D-07   0.0000D+00   0.5845D-08   0.0000D+00   0.0000D+00   0.0000D+00   0.2072D-06   0.0000D+00   0.2802D-07   0.0000D+00   0.1083D-06   0.0000D+00
   0.0000D+00   0.0000D+00   0.0000D+00   0.0000D+00   0.0000D+00   0.0000D+00   0.0000D+00   0.0000D+00
  -0.1434D-07   0.4600D-09  -0.7090D-08   0.2932D-09   0.1080D-10  -0.1428D-09  -0.2758D-08   0.1075D-09  -0.1434D-07   0.4600D-09  -0.7090D-08   0.2932D-09
   0.2628D-06  -0.9710D-08   0.3506D-07  -0.2525D-08   0.1313D-06  -0.1325D-07   0.3437D-07   0.0000D+00   0.8086D-08   0.5239D-09  -0.8014D-10   0.1714D-08   0.2628D-06  -0.9710D-08   0.3506D-07  -0.2525D-08   0.1313D-06  -0.1325D-07
  -0.1106D-08  -0.2395D-08  -0.8041D-09  -0.1589D-08  -0.1106D-08  -0.2395D-08  -0.8041D-09  -0.1589D-08
  1.000  2.000
  -0.8861D-08   0.0000D+00  -0.4479D-08   0.0000D+00   0.0000D+00   0.0000D+00  -0.1825D-08   0.0000D+00  -0.8861D-08   0.0000D+00  -0.4479D-08   0.0000D+00
   0.2072D-06   0.0000D+00   0.2802D-07   0.0000D+00   0.1083D-06   0.0000D+00   0.2630D-07   0.0000D+00   0.5845D-08   0.0000D+00   0.0000D+00   0.0000D+00   0.2072D-06   0.0000D+00   0.2802D-07   0.0000D+00   0.1083D-06   0.0000D+00
   0.0000D+00   0.0000D+00   0.0000D+00   0.0000D+00   0.0000D+00   0.0000D+00   0.0000D+00   0.0000D+00
  -0.1370D-07   0.4041D-09  -0.6783D-08   0.2576D-09   0.9489D-11  -0.1254D-09  -0.2648D-08   0.9445D-10  -0.1370D-07   0.4041D-09  -0.6783D-08   0.2576D-09
   0.2593D-06  -0.9101D-08   0.3462D-07  -0.2367D-08   0.1299D-06  -0.1242D-07   0.3386D-07   0.0000D+00   0.7946D-08   0.4910D-09  -0.7512D-10   0.1607D-08   0.2593D-06  -0.9101D-08   0.3462D-07  -0.2367D-08   0.1299D-06  -0.1242D-07
  -0.1037D-08  -0.2245D-08  -0.7537D-09  -0.1489D-08  -0.1037D-08  -0.2245D-08  -0.7537D-09  -0.1489D-08
  2.000  0.500
  -0.7557D-08   0.0000D+00  -0.3814D-08   0.0000D+00   0.0000D+00   0.0000D+00  -0.1555D-08   0.0000D+00  -0.7557D-08   0.0000D+00  -0.3814D-08   0.0000D+00
   0.1545D-06   0.0000D+00   0.2086D-07   0.0000D+00   0.8074D-07   0.0000D+00   0.1962D-07   0.0000D+00   0.4360D-08   0.0000D+00   0.0000D+00   0.0000D+00   0.1545D-06   0.0000D+00   0.2086D-07   0.0000D+00   0.8074D-07   0.0000D+00
   0.0000D+00   0.0000D+00   0.0000D+00   0.0000D+00   0.0000D+00   0.0000D+00   0.0000D+00   0.0000D+00
  -0.1360D-07   0.3936D-09  -0.6730D-08   0.2511D-09   0.1128D-10  -0.1223D-09  -0.2630D-08   0.9190D-10  -0.1360D-07   0.3936D-09  -0.6730D-08   0.2511D-09
   0.2478D-06  -0.7756D-08   0.3308D-07  -0.2019D-08   0.1246D-06  -0.1057D-07   0.3221D-07   0.0000D+00   0.7519D-08   0.4188D-09  -0.5722D-10   0.1371D-08   0.2478D-06  -0.7756D-08   0.3308D-07  -0.2019D-08   0.1246D-06  -0.1057D-07
  -0.8844D-09  -0.1913D-08  -0.6409D-09  -0.1265D-08  -0.8844D-09  -0.1913D-08  -0.6409D-09  -0.1265D-08
  2.000  1.000
  -0.7050D-08   0.0000D+00  -0.3558D-08   0.0000D+00   0.0000D+00   0.0000D+00  -0.1451D-08   0.0000D+00  -0.7050D-08   0.0000D+00  -0.3558D-08   0.0000D+00
   0.1545D-06   0.0000D+00   0.2086D-07   0.0000D+00   0.8074D-07   0.0000D+00   0.1962D-07   0.0000D+00   0.4360D-08   0.0000D+00   0.0000D+00   0.0000D+00   0.1545D-06   0.0000D+00   0.2086D-07   0.0000D+00   0.8074D-07   0.0000D+00
   0.0000D+00   0.0000D+00   0.0000D+00   0.0000D+00   0.0000D+00   0.0000D+00   0.0000D+00   0.0000D+00
  -0.1277D-07   0.3426D-09  -0.6327D-08   0.2186D-09   0.9820D-11  -0.1064D-09  -0.2481D-08   0.7999D-10  -0.1277D-07   0.3426D-09  -0.6327D-08   0.2186D-09
   0.2415D-06  -0.7236D-08   0.3226D-07  -0.1884D-08   0.1217D-06  -0.9864D-08   0.3137D-07   0.0000D+00   0.7307D-08   0.3908D-09  -0.5339D-10   0.1279D-08   0.2415D-06  -0.7236D-08   0.3226D-07  -0.1884D-08   0.1217D-06  -0.9864D-08
  -0.8252D-09  -0.1785D-08  -0.5979D-09  -0.1181D-08  -0.8252D-09  -0.1785D-08  -0.5979D-09  -0.1181D-08
  2.000  2.000
  -0.6608D-08   0.0000D+00  -0.3335D-08   0.0000D+00   0.0000D+00   0.0000D+00  -0.1360D-08   0.0000D+00  -0.6608D-08   0.0000D+00  -0.3335D-08   0.0000D+00
   0.1545D-06   0.0000D+00   0.2086D-07   0.0000D+00   0.8074D-07   0.0000D+00   0.1962D-07   0.0000D+00   0.4360D-08   0.0000D+00   0.0000D+00   0.0000D+00   0.1545D-06   0.0000D+00   0.2086D-07   0.0000D+00   0.8074D-07   0.0000D+00
   0.0000D+00   0.0000D+00   0.0000D+00   0.0000D+00   0.0000D+00   0.0000D+00   0.0000D+00   0.0000D+00
  -0.1204D-07   0.3010D-09  -0.5971D-08   0.1920D-09   0.8629D-11  -0.9349D-10  -0.2348D-08   0.7028D-10  -0.1204D-07   0.3010D-09  -0.5971D-08   0.1920D-09
   0.2361D-06  -0.6783D-08   0.3154D-07  -0.1766D-08   0.1191D-06  -0.9246D-08   0.3063D-07   0.0000D+00   0.7122D-08   0.3663D-09  -0.5005D-10   0.1199D-08   0.2361D-06  -0.6783D-08   0.3154D-07  -0.1766D-08   0.1191D-06  -0.9246D-08
  -0.7734D-09  -0.1673D-08  -0.5604D-09  -0.1107D-08  -0.7734D-09  -0.1673D-08  -0.5604D-09  -0.1107D-08
