 LHC=           1 sqrts=   8000.0000000000000      ang=           4 mode=fital                                                                                               scalescheme=           1 R=  0.69999999999999996     
 CT10nlo_rand5678                                                                                             345
 Bin information: chid, chiu, md, mu, mu0
   0.0000000000000000       0.50000000000000000        592.00000000000000        638.00000000000000        615.00000000000000     
 9 scales(muf, mur)*(LO(38), NLO(38))
  0.500  0.500
  -0.5650D+00   0.0000D+00  -0.4875D+00   0.0000D+00   0.0000D+00   0.0000D+00  -0.3525D+00   0.0000D+00  -0.5650D+00   0.0000D+00  -0.4875D+00   0.0000D+00
   0.5302D+00   0.0000D+00   0.8772D-01   0.0000D+00   0.1815D+00   0.0000D+00   0.1430D+00   0.0000D+00   0.3177D-01   0.0000D+00   0.0000D+00   0.0000D+00   0.5302D+00   0.0000D+00   0.8772D-01   0.0000D+00   0.1815D+00   0.0000D+00
   0.0000D+00   0.0000D+00   0.0000D+00   0.0000D+00   0.0000D+00   0.0000D+00   0.0000D+00   0.0000D+00
  -0.4316D+00   0.6418D-01  -0.4224D+00   0.3789D-01   0.4010D-01  -0.3363D-01  -0.3227D+00   0.5398D-02  -0.4316D+00   0.6418D-01  -0.4224D+00   0.3789D-01
   0.4369D+00  -0.2115D-01   0.7484D-01  -0.6937D-02   0.1017D+00  -0.4607D-01   0.1275D+00   0.0000D+00   0.3194D-01   0.3702D-02  -0.3181D-02   0.1212D-01   0.4369D+00  -0.2115D-01   0.7484D-01  -0.6937D-02   0.1017D+00  -0.4607D-01
  -0.1939D-02  -0.6144D-02  -0.3303D-02  -0.7776D-02  -0.1939D-02  -0.6144D-02  -0.3303D-02  -0.7776D-02
  0.500  1.000
  -0.5194D+00   0.0000D+00  -0.4482D+00   0.0000D+00   0.0000D+00   0.0000D+00  -0.3241D+00   0.0000D+00  -0.5194D+00   0.0000D+00  -0.4482D+00   0.0000D+00
   0.5302D+00   0.0000D+00   0.8772D-01   0.0000D+00   0.1815D+00   0.0000D+00   0.1430D+00   0.0000D+00   0.3177D-01   0.0000D+00   0.0000D+00   0.0000D+00   0.5302D+00   0.0000D+00   0.8772D-01   0.0000D+00   0.1815D+00   0.0000D+00
   0.0000D+00   0.0000D+00   0.0000D+00   0.0000D+00   0.0000D+00   0.0000D+00   0.0000D+00   0.0000D+00
  -0.4471D+00   0.5425D-01  -0.4281D+00   0.3203D-01   0.3390D-01  -0.2843D-01  -0.3242D+00   0.4564D-02  -0.4471D+00   0.5425D-01  -0.4281D+00   0.3203D-01
   0.4446D+00  -0.1944D-01   0.7590D-01  -0.6378D-02   0.1081D+00  -0.4236D-01   0.1287D+00   0.0000D+00   0.3193D-01   0.3404D-02  -0.2924D-02   0.1114D-01   0.4446D+00  -0.1944D-01   0.7590D-01  -0.6378D-02   0.1081D+00  -0.4236D-01
  -0.1782D-02  -0.5649D-02  -0.3037D-02  -0.7150D-02  -0.1782D-02  -0.5649D-02  -0.3037D-02  -0.7150D-02
  0.500  2.000
  -0.4808D+00   0.0000D+00  -0.4149D+00   0.0000D+00   0.0000D+00   0.0000D+00  -0.3000D+00   0.0000D+00  -0.4808D+00   0.0000D+00  -0.4149D+00   0.0000D+00
   0.5302D+00   0.0000D+00   0.8772D-01   0.0000D+00   0.1815D+00   0.0000D+00   0.1430D+00   0.0000D+00   0.3177D-01   0.0000D+00   0.0000D+00   0.0000D+00   0.5302D+00   0.0000D+00   0.8772D-01   0.0000D+00   0.1815D+00   0.0000D+00
   0.0000D+00   0.0000D+00   0.0000D+00   0.0000D+00   0.0000D+00   0.0000D+00   0.0000D+00   0.0000D+00
  -0.4535D+00   0.4648D-01  -0.4275D+00   0.2744D-01   0.2904D-01  -0.2436D-01  -0.3217D+00   0.3910D-02  -0.4535D+00   0.4648D-01  -0.4275D+00   0.2744D-01
   0.4510D+00  -0.1800D-01   0.7680D-01  -0.5903D-02   0.1136D+00  -0.3921D-01   0.1298D+00   0.0000D+00   0.3192D-01   0.3151D-02  -0.2707D-02   0.1031D-01   0.4510D+00  -0.1800D-01   0.7680D-01  -0.5903D-02   0.1136D+00  -0.3921D-01
  -0.1650D-02  -0.5229D-02  -0.2811D-02  -0.6618D-02  -0.1650D-02  -0.5229D-02  -0.2811D-02  -0.6618D-02
  1.000  0.500
  -0.5219D+00   0.0000D+00  -0.4503D+00   0.0000D+00   0.0000D+00   0.0000D+00  -0.3234D+00   0.0000D+00  -0.5219D+00   0.0000D+00  -0.4503D+00   0.0000D+00
   0.4884D+00   0.0000D+00   0.8042D-01   0.0000D+00   0.1679D+00   0.0000D+00   0.1312D+00   0.0000D+00   0.2916D-01   0.0000D+00   0.0000D+00   0.0000D+00   0.4884D+00   0.0000D+00   0.8042D-01   0.0000D+00   0.1679D+00   0.0000D+00
   0.0000D+00   0.0000D+00   0.0000D+00   0.0000D+00   0.0000D+00   0.0000D+00   0.0000D+00   0.0000D+00
  -0.4415D+00   0.5926D-01  -0.4268D+00   0.3490D-01   0.3709D-01  -0.3083D-01  -0.3220D+00   0.5053D-02  -0.4415D+00   0.5926D-01  -0.4268D+00   0.3490D-01
   0.4404D+00  -0.1955D-01   0.7475D-01  -0.6398D-02   0.1066D+00  -0.4239D-01   0.1278D+00   0.0000D+00   0.3168D-01   0.3396D-02  -0.2998D-02   0.1111D-01   0.4404D+00  -0.1955D-01   0.7475D-01  -0.6398D-02   0.1066D+00  -0.4239D-01
  -0.1796D-02  -0.5681D-02  -0.3043D-02  -0.7171D-02  -0.1796D-02  -0.5681D-02  -0.3043D-02  -0.7171D-02
  1.000  1.000
  -0.4798D+00   0.0000D+00  -0.4140D+00   0.0000D+00   0.0000D+00   0.0000D+00  -0.2974D+00   0.0000D+00  -0.4798D+00   0.0000D+00  -0.4140D+00   0.0000D+00
   0.4884D+00   0.0000D+00   0.8042D-01   0.0000D+00   0.1679D+00   0.0000D+00   0.1312D+00   0.0000D+00   0.2916D-01   0.0000D+00   0.0000D+00   0.0000D+00   0.4884D+00   0.0000D+00   0.8042D-01   0.0000D+00   0.1679D+00   0.0000D+00
   0.0000D+00   0.0000D+00   0.0000D+00   0.0000D+00   0.0000D+00   0.0000D+00   0.0000D+00   0.0000D+00
  -0.4492D+00   0.5009D-01  -0.4264D+00   0.2950D-01   0.3136D-01  -0.2606D-01  -0.3193D+00   0.4271D-02  -0.4492D+00   0.5009D-01  -0.4264D+00   0.2950D-01
   0.4444D+00  -0.1797D-01   0.7522D-01  -0.5882D-02   0.1115D+00  -0.3898D-01   0.1281D+00   0.0000D+00   0.3148D-01   0.3122D-02  -0.2757D-02   0.1022D-01   0.4444D+00  -0.1797D-01   0.7522D-01  -0.5882D-02   0.1115D+00  -0.3898D-01
  -0.1651D-02  -0.5224D-02  -0.2798D-02  -0.6593D-02  -0.1651D-02  -0.5224D-02  -0.2798D-02  -0.6593D-02
  1.000  2.000
  -0.4441D+00   0.0000D+00  -0.3832D+00   0.0000D+00   0.0000D+00   0.0000D+00  -0.2752D+00   0.0000D+00  -0.4441D+00   0.0000D+00  -0.3832D+00   0.0000D+00
   0.4884D+00   0.0000D+00   0.8042D-01   0.0000D+00   0.1679D+00   0.0000D+00   0.1312D+00   0.0000D+00   0.2916D-01   0.0000D+00   0.0000D+00   0.0000D+00   0.4884D+00   0.0000D+00   0.8042D-01   0.0000D+00   0.1679D+00   0.0000D+00
   0.0000D+00   0.0000D+00   0.0000D+00   0.0000D+00   0.0000D+00   0.0000D+00   0.0000D+00   0.0000D+00
  -0.4499D+00   0.4292D-01  -0.4215D+00   0.2528D-01   0.2687D-01  -0.2233D-01  -0.3138D+00   0.3660D-02  -0.4499D+00   0.4292D-01  -0.4215D+00   0.2528D-01
   0.4478D+00  -0.1663D-01   0.7563D-01  -0.5445D-02   0.1158D+00  -0.3608D-01   0.1283D+00   0.0000D+00   0.3131D-01   0.2890D-02  -0.2552D-02   0.9459D-02   0.4478D+00  -0.1663D-01   0.7563D-01  -0.5445D-02   0.1158D+00  -0.3608D-01
  -0.1528D-02  -0.4835D-02  -0.2590D-02  -0.6103D-02  -0.1528D-02  -0.4835D-02  -0.2590D-02  -0.6103D-02
  2.000  0.500
  -0.4848D+00   0.0000D+00  -0.4169D+00   0.0000D+00   0.0000D+00   0.0000D+00  -0.2986D+00   0.0000D+00  -0.4848D+00   0.0000D+00  -0.4169D+00   0.0000D+00
   0.4512D+00   0.0000D+00   0.7437D-01   0.0000D+00   0.1556D+00   0.0000D+00   0.1207D+00   0.0000D+00   0.2682D-01   0.0000D+00   0.0000D+00   0.0000D+00   0.4512D+00   0.0000D+00   0.7437D-01   0.0000D+00   0.1556D+00   0.0000D+00
   0.0000D+00   0.0000D+00   0.0000D+00   0.0000D+00   0.0000D+00   0.0000D+00   0.0000D+00   0.0000D+00
  -0.4490D+00   0.5491D-01  -0.4300D+00   0.3231D-01   0.3415D-01  -0.2846D-01  -0.3235D+00   0.4742D-02  -0.4490D+00   0.5491D-01  -0.4300D+00   0.3231D-01
   0.4434D+00  -0.1813D-01   0.7531D-01  -0.5918D-02   0.1117D+00  -0.3921D-01   0.1282D+00   0.0000D+00   0.3143D-01   0.3123D-02  -0.2780D-02   0.1022D-01   0.4434D+00  -0.1813D-01   0.7531D-01  -0.5918D-02   0.1117D+00  -0.3921D-01
  -0.1671D-02  -0.5234D-02  -0.2814D-02  -0.6584D-02  -0.1671D-02  -0.5234D-02  -0.2814D-02  -0.6584D-02
  2.000  1.000
  -0.4457D+00   0.0000D+00  -0.3833D+00   0.0000D+00   0.0000D+00   0.0000D+00  -0.2746D+00   0.0000D+00  -0.4457D+00   0.0000D+00  -0.3833D+00   0.0000D+00
   0.4512D+00   0.0000D+00   0.7437D-01   0.0000D+00   0.1556D+00   0.0000D+00   0.1207D+00   0.0000D+00   0.2682D-01   0.0000D+00   0.0000D+00   0.0000D+00   0.4512D+00   0.0000D+00   0.7437D-01   0.0000D+00   0.1556D+00   0.0000D+00
   0.0000D+00   0.0000D+00   0.0000D+00   0.0000D+00   0.0000D+00   0.0000D+00   0.0000D+00   0.0000D+00
  -0.4502D+00   0.4642D-01  -0.4242D+00   0.2731D-01   0.2887D-01  -0.2406D-01  -0.3170D+00   0.4008D-02  -0.4502D+00   0.4642D-01  -0.4242D+00   0.2731D-01
   0.4441D+00  -0.1667D-01   0.7525D-01  -0.5441D-02   0.1153D+00  -0.3605D-01   0.1276D+00   0.0000D+00   0.3107D-01   0.2871D-02  -0.2556D-02   0.9397D-02   0.4441D+00  -0.1667D-01   0.7525D-01  -0.5441D-02   0.1153D+00  -0.3605D-01
  -0.1537D-02  -0.4813D-02  -0.2588D-02  -0.6053D-02  -0.1537D-02  -0.4813D-02  -0.2588D-02  -0.6053D-02
  2.000  2.000
  -0.4126D+00   0.0000D+00  -0.3548D+00   0.0000D+00   0.0000D+00   0.0000D+00  -0.2541D+00   0.0000D+00  -0.4126D+00   0.0000D+00  -0.3548D+00   0.0000D+00
   0.4512D+00   0.0000D+00   0.7437D-01   0.0000D+00   0.1556D+00   0.0000D+00   0.1207D+00   0.0000D+00   0.2682D-01   0.0000D+00   0.0000D+00   0.0000D+00   0.4512D+00   0.0000D+00   0.7437D-01   0.0000D+00   0.1556D+00   0.0000D+00
   0.0000D+00   0.0000D+00   0.0000D+00   0.0000D+00   0.0000D+00   0.0000D+00   0.0000D+00   0.0000D+00
  -0.4461D+00   0.3977D-01  -0.4154D+00   0.2340D-01   0.2473D-01  -0.2061D-01  -0.3088D+00   0.3434D-02  -0.4461D+00   0.3977D-01  -0.4154D+00   0.2340D-01
   0.4447D+00  -0.1543D-01   0.7520D-01  -0.5036D-02   0.1183D+00  -0.3337D-01   0.1271D+00   0.0000D+00   0.3076D-01   0.2658D-02  -0.2366D-02   0.8698D-02   0.4447D+00  -0.1543D-01   0.7520D-01  -0.5036D-02   0.1183D+00  -0.3337D-01
  -0.1422D-02  -0.4455D-02  -0.2395D-02  -0.5603D-02  -0.1422D-02  -0.4455D-02  -0.2395D-02  -0.5603D-02
