 LHC=           1 sqrts=   8000.0000000000000      ang=           4 mode=fital                                                                                               scalescheme=           1 R=  0.69999999999999996     
 CT10nlo_rand5678                                                                                             177
 Bin information: chid, chiu, md, mu, mu0
   0.0000000000000000       0.50000000000000000        300.00000000000000        330.00000000000000        315.00000000000000     
 9 scales(muf, mur)*(LO(38), NLO(38))
  0.500  0.500
  -0.2014D+01   0.0000D+00  -0.2305D+01   0.0000D+00   0.0000D+00   0.0000D+00  -0.2171D+01   0.0000D+00  -0.2014D+01   0.0000D+00  -0.2305D+01   0.0000D+00
   0.5996D+00   0.0000D+00   0.1061D+00   0.0000D+00   0.1636D+00   0.0000D+00   0.2221D+00   0.0000D+00   0.4936D-01   0.0000D+00   0.0000D+00   0.0000D+00   0.5996D+00   0.0000D+00   0.1061D+00   0.0000D+00   0.1636D+00   0.0000D+00
   0.0000D+00   0.0000D+00   0.0000D+00   0.0000D+00   0.0000D+00   0.0000D+00   0.0000D+00   0.0000D+00
  -0.1474D+01   0.3438D+00  -0.1967D+01   0.2076D+00   0.1962D+00  -0.2263D+00  -0.2013D+01  -0.3901D-02  -0.1474D+01   0.3438D+00  -0.1967D+01   0.2076D+00
   0.6051D+00  -0.2082D-01   0.1092D+00  -0.7882D-02   0.1081D+00  -0.5783D-01   0.2282D+00   0.0000D+00   0.5713D-01   0.6281D-02  -0.1922D-02   0.2056D-01   0.6051D+00  -0.2082D-01   0.1092D+00  -0.7882D-02   0.1081D+00  -0.5783D-01
  -0.1519D-02  -0.7131D-02  -0.4321D-02  -0.1152D-01  -0.1519D-02  -0.7131D-02  -0.4321D-02  -0.1152D-01
  0.500  1.000
  -0.1837D+01   0.0000D+00  -0.2102D+01   0.0000D+00   0.0000D+00   0.0000D+00  -0.1981D+01   0.0000D+00  -0.1837D+01   0.0000D+00  -0.2102D+01   0.0000D+00
   0.5996D+00   0.0000D+00   0.1061D+00   0.0000D+00   0.1636D+00   0.0000D+00   0.2221D+00   0.0000D+00   0.4936D-01   0.0000D+00   0.0000D+00   0.0000D+00   0.5996D+00   0.0000D+00   0.1061D+00   0.0000D+00   0.1636D+00   0.0000D+00
   0.0000D+00   0.0000D+00   0.0000D+00   0.0000D+00   0.0000D+00   0.0000D+00   0.0000D+00   0.0000D+00
  -0.1543D+01   0.2860D+00  -0.1999D+01   0.1728D+00   0.1632D+00  -0.1883D+00  -0.2016D+01  -0.3246D-02  -0.1543D+01   0.2860D+00  -0.1999D+01   0.1728D+00
   0.6051D+00  -0.1899D-01   0.1090D+00  -0.7190D-02   0.1131D+00  -0.5275D-01   0.2278D+00   0.0000D+00   0.5648D-01   0.5730D-02  -0.1751D-02   0.1875D-01   0.6051D+00  -0.1899D-01   0.1090D+00  -0.7190D-02   0.1131D+00  -0.5275D-01
  -0.1386D-02  -0.6505D-02  -0.3941D-02  -0.1051D-01  -0.1386D-02  -0.6505D-02  -0.3941D-02  -0.1051D-01
  0.500  2.000
  -0.1690D+01   0.0000D+00  -0.1933D+01   0.0000D+00   0.0000D+00   0.0000D+00  -0.1822D+01   0.0000D+00  -0.1690D+01   0.0000D+00  -0.1933D+01   0.0000D+00
   0.5996D+00   0.0000D+00   0.1061D+00   0.0000D+00   0.1636D+00   0.0000D+00   0.2221D+00   0.0000D+00   0.4936D-01   0.0000D+00   0.0000D+00   0.0000D+00   0.5996D+00   0.0000D+00   0.1061D+00   0.0000D+00   0.1636D+00   0.0000D+00
   0.0000D+00   0.0000D+00   0.0000D+00   0.0000D+00   0.0000D+00   0.0000D+00   0.0000D+00   0.0000D+00
  -0.1572D+01   0.2419D+00  -0.1996D+01   0.1461D+00   0.1380D+00  -0.1593D+00  -0.1993D+01  -0.2745D-02  -0.1572D+01   0.2419D+00  -0.1996D+01   0.1461D+00
   0.6050D+00  -0.1746D-01   0.1088D+00  -0.6612D-02   0.1173D+00  -0.4851D-01   0.2274D+00   0.0000D+00   0.5593D-01   0.5269D-02  -0.1609D-02   0.1724D-01   0.6050D+00  -0.1746D-01   0.1088D+00  -0.6612D-02   0.1173D+00  -0.4851D-01
  -0.1274D-02  -0.5982D-02  -0.3625D-02  -0.9663D-02  -0.1274D-02  -0.5982D-02  -0.3625D-02  -0.9663D-02
  1.000  0.500
  -0.1935D+01   0.0000D+00  -0.2206D+01   0.0000D+00   0.0000D+00   0.0000D+00  -0.2080D+01   0.0000D+00  -0.1935D+01   0.0000D+00  -0.2206D+01   0.0000D+00
   0.5739D+00   0.0000D+00   0.1014D+00   0.0000D+00   0.1567D+00   0.0000D+00   0.2131D+00   0.0000D+00   0.4736D-01   0.0000D+00   0.0000D+00   0.0000D+00   0.5739D+00   0.0000D+00   0.1014D+00   0.0000D+00   0.1567D+00   0.0000D+00
   0.0000D+00   0.0000D+00   0.0000D+00   0.0000D+00   0.0000D+00   0.0000D+00   0.0000D+00   0.0000D+00
  -0.1495D+01   0.3303D+00  -0.1969D+01   0.1998D+00   0.1842D+00  -0.2167D+00  -0.2021D+01  -0.3451D-02  -0.1495D+01   0.3303D+00  -0.1969D+01   0.1998D+00
   0.5972D+00  -0.1996D-01   0.1072D+00  -0.7521D-02   0.1077D+00  -0.5538D-01   0.2251D+00   0.0000D+00   0.5615D-01   0.6024D-02  -0.1288D-02   0.1971D-01   0.5972D+00  -0.1996D-01   0.1072D+00  -0.7521D-02   0.1077D+00  -0.5538D-01
  -0.1459D-02  -0.6736D-02  -0.4167D-02  -0.1104D-01  -0.1459D-02  -0.6736D-02  -0.4167D-02  -0.1104D-01
  1.000  1.000
  -0.1765D+01   0.0000D+00  -0.2012D+01   0.0000D+00   0.0000D+00   0.0000D+00  -0.1897D+01   0.0000D+00  -0.1765D+01   0.0000D+00  -0.2012D+01   0.0000D+00
   0.5739D+00   0.0000D+00   0.1014D+00   0.0000D+00   0.1567D+00   0.0000D+00   0.2131D+00   0.0000D+00   0.4736D-01   0.0000D+00   0.0000D+00   0.0000D+00   0.5739D+00   0.0000D+00   0.1014D+00   0.0000D+00   0.1567D+00   0.0000D+00
   0.0000D+00   0.0000D+00   0.0000D+00   0.0000D+00   0.0000D+00   0.0000D+00   0.0000D+00   0.0000D+00
  -0.1548D+01   0.2748D+00  -0.1986D+01   0.1662D+00   0.1532D+00  -0.1803D+00  -0.2008D+01  -0.2871D-02  -0.1548D+01   0.2748D+00  -0.1986D+01   0.1662D+00
   0.5955D+00  -0.1820D-01   0.1068D+00  -0.6861D-02   0.1121D+00  -0.5051D-01   0.2241D+00   0.0000D+00   0.5541D-01   0.5495D-02  -0.1173D-02   0.1798D-01   0.5955D+00  -0.1820D-01   0.1068D+00  -0.6861D-02   0.1121D+00  -0.5051D-01
  -0.1331D-02  -0.6145D-02  -0.3801D-02  -0.1007D-01  -0.1331D-02  -0.6145D-02  -0.3801D-02  -0.1007D-01
  1.000  2.000
  -0.1623D+01   0.0000D+00  -0.1851D+01   0.0000D+00   0.0000D+00   0.0000D+00  -0.1745D+01   0.0000D+00  -0.1623D+01   0.0000D+00  -0.1851D+01   0.0000D+00
   0.5739D+00   0.0000D+00   0.1014D+00   0.0000D+00   0.1567D+00   0.0000D+00   0.2131D+00   0.0000D+00   0.4736D-01   0.0000D+00   0.0000D+00   0.0000D+00   0.5739D+00   0.0000D+00   0.1014D+00   0.0000D+00   0.1567D+00   0.0000D+00
   0.0000D+00   0.0000D+00   0.0000D+00   0.0000D+00   0.0000D+00   0.0000D+00   0.0000D+00   0.0000D+00
  -0.1566D+01   0.2324D+00  -0.1972D+01   0.1406D+00   0.1296D+00  -0.1525D+00  -0.1974D+01  -0.2428D-02  -0.1566D+01   0.2324D+00  -0.1972D+01   0.1406D+00
   0.5941D+00  -0.1674D-01   0.1064D+00  -0.6309D-02   0.1158D+00  -0.4646D-01   0.2233D+00   0.0000D+00   0.5478D-01   0.5053D-02  -0.1077D-02   0.1654D-01   0.5941D+00  -0.1674D-01   0.1064D+00  -0.6309D-02   0.1158D+00  -0.4646D-01
  -0.1224D-02  -0.5651D-02  -0.3495D-02  -0.9259D-02  -0.1224D-02  -0.5651D-02  -0.3495D-02  -0.9259D-02
  2.000  0.500
  -0.1845D+01   0.0000D+00  -0.2122D+01   0.0000D+00   0.0000D+00   0.0000D+00  -0.1990D+01   0.0000D+00  -0.1845D+01   0.0000D+00  -0.2122D+01   0.0000D+00
   0.5487D+00   0.0000D+00   0.9729D-01   0.0000D+00   0.1502D+00   0.0000D+00   0.2040D+00   0.0000D+00   0.4533D-01   0.0000D+00   0.0000D+00   0.0000D+00   0.5487D+00   0.0000D+00   0.9729D-01   0.0000D+00   0.1502D+00   0.0000D+00
   0.0000D+00   0.0000D+00   0.0000D+00   0.0000D+00   0.0000D+00   0.0000D+00   0.0000D+00   0.0000D+00
  -0.1498D+01   0.3173D+00  -0.1995D+01   0.1911D+00   0.1834D+00  -0.2073D+00  -0.2042D+01  -0.3010D-02  -0.1498D+01   0.3173D+00  -0.1995D+01   0.1911D+00
   0.5893D+00  -0.1913D-01   0.1062D+00  -0.7208D-02   0.1101D+00  -0.5301D-01   0.2243D+00   0.0000D+00   0.5562D-01   0.5771D-02  -0.1242D-02   0.1889D-01   0.5893D+00  -0.1913D-01   0.1062D+00  -0.7208D-02   0.1101D+00  -0.5301D-01
  -0.1409D-02  -0.6379D-02  -0.4010D-02  -0.1055D-01  -0.1409D-02  -0.6379D-02  -0.4010D-02  -0.1055D-01
  2.000  1.000
  -0.1683D+01   0.0000D+00  -0.1936D+01   0.0000D+00   0.0000D+00   0.0000D+00  -0.1816D+01   0.0000D+00  -0.1683D+01   0.0000D+00  -0.1936D+01   0.0000D+00
   0.5487D+00   0.0000D+00   0.9729D-01   0.0000D+00   0.1502D+00   0.0000D+00   0.2040D+00   0.0000D+00   0.4533D-01   0.0000D+00   0.0000D+00   0.0000D+00   0.5487D+00   0.0000D+00   0.9729D-01   0.0000D+00   0.1502D+00   0.0000D+00
   0.0000D+00   0.0000D+00   0.0000D+00   0.0000D+00   0.0000D+00   0.0000D+00   0.0000D+00   0.0000D+00
  -0.1536D+01   0.2640D+00  -0.1994D+01   0.1590D+00   0.1526D+00  -0.1724D+00  -0.2012D+01  -0.2504D-02  -0.1536D+01   0.2640D+00  -0.1994D+01   0.1590D+00
   0.5858D+00  -0.1745D-01   0.1054D+00  -0.6575D-02   0.1136D+00  -0.4835D-01   0.2225D+00   0.0000D+00   0.5473D-01   0.5265D-02  -0.1130D-02   0.1723D-01   0.5858D+00  -0.1745D-01   0.1054D+00  -0.6575D-02   0.1136D+00  -0.4835D-01
  -0.1285D-02  -0.5819D-02  -0.3658D-02  -0.9626D-02  -0.1285D-02  -0.5819D-02  -0.3658D-02  -0.9626D-02
  2.000  2.000
  -0.1548D+01   0.0000D+00  -0.1780D+01   0.0000D+00   0.0000D+00   0.0000D+00  -0.1670D+01   0.0000D+00  -0.1548D+01   0.0000D+00  -0.1780D+01   0.0000D+00
   0.5487D+00   0.0000D+00   0.9729D-01   0.0000D+00   0.1502D+00   0.0000D+00   0.2040D+00   0.0000D+00   0.4533D-01   0.0000D+00   0.0000D+00   0.0000D+00   0.5487D+00   0.0000D+00   0.9729D-01   0.0000D+00   0.1502D+00   0.0000D+00
   0.0000D+00   0.0000D+00   0.0000D+00   0.0000D+00   0.0000D+00   0.0000D+00   0.0000D+00   0.0000D+00
  -0.1544D+01   0.2233D+00  -0.1968D+01   0.1345D+00   0.1290D+00  -0.1458D+00  -0.1966D+01  -0.2118D-02  -0.1544D+01   0.2233D+00  -0.1968D+01   0.1345D+00
   0.5832D+00  -0.1605D-01   0.1048D+00  -0.6047D-02   0.1167D+00  -0.4447D-01   0.2211D+00   0.0000D+00   0.5400D-01   0.4842D-02  -0.1038D-02   0.1585D-01   0.5832D+00  -0.1605D-01   0.1048D+00  -0.6047D-02   0.1167D+00  -0.4447D-01
  -0.1182D-02  -0.5351D-02  -0.3364D-02  -0.8852D-02  -0.1182D-02  -0.5351D-02  -0.3364D-02  -0.8852D-02
