 LHC=           1 sqrts=   8000.0000000000000      ang=           4 mode=fital                                                                                               scalescheme=           1 R=  0.69999999999999996     
 CT10nlo_rand5678                                                                                             489
 Bin information: chid, chiu, md, mu, mu0
   0.0000000000000000       0.50000000000000000        2116.0000000000000        2250.0000000000000        2183.0000000000000     
 9 scales(muf, mur)*(LO(38), NLO(38))
  0.500  0.500
  -0.8571D-03   0.0000D+00  -0.4603D-03   0.0000D+00   0.0000D+00   0.0000D+00  -0.1945D-03   0.0000D+00  -0.8571D-03   0.0000D+00  -0.4603D-03   0.0000D+00
   0.7517D-02   0.0000D+00   0.1039D-02   0.0000D+00   0.3791D-02   0.0000D+00   0.9531D-03   0.0000D+00   0.2118D-03   0.0000D+00   0.0000D+00   0.0000D+00   0.7517D-02   0.0000D+00   0.1039D-02   0.0000D+00   0.3791D-02   0.0000D+00
   0.0000D+00   0.0000D+00   0.0000D+00   0.0000D+00   0.0000D+00   0.0000D+00   0.0000D+00   0.0000D+00
  -0.7868D-03   0.4978D-04  -0.4255D-03   0.3090D-04   0.1604D-04  -0.1599D-04  -0.1741D-03   0.1126D-04  -0.7868D-03   0.4978D-04  -0.4255D-03   0.3090D-04
   0.5746D-02  -0.3807D-03   0.7952D-03  -0.1008D-03   0.2539D-02  -0.5409D-03   0.8088D-03   0.0000D+00   0.1989D-03   0.2127D-04  -0.3862D-04   0.6962D-04   0.5746D-02  -0.3807D-03   0.7952D-03  -0.1008D-03   0.2539D-02  -0.5409D-03
  -0.4113D-04  -0.9426D-04  -0.3203D-04  -0.6548D-04  -0.4113D-04  -0.9426D-04  -0.3203D-04  -0.6548D-04
  0.500  1.000
  -0.7972D-03   0.0000D+00  -0.4281D-03   0.0000D+00   0.0000D+00   0.0000D+00  -0.1809D-03   0.0000D+00  -0.7972D-03   0.0000D+00  -0.4281D-03   0.0000D+00
   0.7517D-02   0.0000D+00   0.1039D-02   0.0000D+00   0.3791D-02   0.0000D+00   0.9531D-03   0.0000D+00   0.2118D-03   0.0000D+00   0.0000D+00   0.0000D+00   0.7517D-02   0.0000D+00   0.1039D-02   0.0000D+00   0.3791D-02   0.0000D+00
   0.0000D+00   0.0000D+00   0.0000D+00   0.0000D+00   0.0000D+00   0.0000D+00   0.0000D+00   0.0000D+00
  -0.7904D-03   0.4306D-04  -0.4270D-03   0.2673D-04   0.1387D-04  -0.1383D-04  -0.1755D-03   0.9741D-05  -0.7904D-03   0.4306D-04  -0.4270D-03   0.2673D-04
   0.5870D-02  -0.3541D-03   0.8123D-03  -0.9378D-04   0.2627D-02  -0.5030D-03   0.8189D-03   0.0000D+00   0.1998D-03   0.1978D-04  -0.3592D-04   0.6475D-04   0.5870D-02  -0.3541D-03   0.8123D-03  -0.9378D-04   0.2627D-02  -0.5030D-03
  -0.3826D-04  -0.8767D-04  -0.2979D-04  -0.6090D-04  -0.3826D-04  -0.8767D-04  -0.2979D-04  -0.6090D-04
  0.500  2.000
  -0.7451D-03   0.0000D+00  -0.4002D-03   0.0000D+00   0.0000D+00   0.0000D+00  -0.1691D-03   0.0000D+00  -0.7451D-03   0.0000D+00  -0.4002D-03   0.0000D+00
   0.7517D-02   0.0000D+00   0.1039D-02   0.0000D+00   0.3791D-02   0.0000D+00   0.9531D-03   0.0000D+00   0.2118D-03   0.0000D+00   0.0000D+00   0.0000D+00   0.7517D-02   0.0000D+00   0.1039D-02   0.0000D+00   0.3791D-02   0.0000D+00
   0.0000D+00   0.0000D+00   0.0000D+00   0.0000D+00   0.0000D+00   0.0000D+00   0.0000D+00   0.0000D+00
  -0.7864D-03   0.3762D-04  -0.4246D-03   0.2336D-04   0.1212D-04  -0.1208D-04  -0.1751D-03   0.8512D-05  -0.7864D-03   0.3762D-04  -0.4246D-03   0.2336D-04
   0.5978D-02  -0.3310D-03   0.8271D-03  -0.8766D-04   0.2703D-02  -0.4702D-03   0.8277D-03   0.0000D+00   0.2006D-03   0.1849D-04  -0.3358D-04   0.6053D-04   0.5978D-02  -0.3310D-03   0.8271D-03  -0.8766D-04   0.2703D-02  -0.4702D-03
  -0.3576D-04  -0.8195D-04  -0.2784D-04  -0.5693D-04  -0.3576D-04  -0.8195D-04  -0.2784D-04  -0.5693D-04
  1.000  0.500
  -0.7088D-03   0.0000D+00  -0.3805D-03   0.0000D+00   0.0000D+00   0.0000D+00  -0.1606D-03   0.0000D+00  -0.7088D-03   0.0000D+00  -0.3805D-03   0.0000D+00
   0.6212D-02   0.0000D+00   0.8581D-03   0.0000D+00   0.3133D-02   0.0000D+00   0.7872D-03   0.0000D+00   0.1749D-03   0.0000D+00   0.0000D+00   0.0000D+00   0.6212D-02   0.0000D+00   0.8581D-03   0.0000D+00   0.3133D-02   0.0000D+00
   0.0000D+00   0.0000D+00   0.0000D+00   0.0000D+00   0.0000D+00   0.0000D+00   0.0000D+00   0.0000D+00
  -0.7860D-03   0.4114D-04  -0.4243D-03   0.2556D-04   0.1315D-04  -0.1320D-04  -0.1747D-03   0.9303D-05  -0.7860D-03   0.4114D-04  -0.4243D-03   0.2556D-04
   0.5933D-02  -0.3147D-03   0.8199D-03  -0.8335D-04   0.2689D-02  -0.4470D-03   0.8179D-03   0.0000D+00   0.1976D-03   0.1757D-04  -0.3123D-04   0.5750D-04   0.5933D-02  -0.3147D-03   0.8199D-03  -0.8335D-04   0.2689D-02  -0.4470D-03
  -0.3406D-04  -0.7793D-04  -0.2647D-04  -0.5410D-04  -0.3406D-04  -0.7793D-04  -0.2647D-04  -0.5410D-04
  1.000  1.000
  -0.6592D-03   0.0000D+00  -0.3539D-03   0.0000D+00   0.0000D+00   0.0000D+00  -0.1494D-03   0.0000D+00  -0.6592D-03   0.0000D+00  -0.3539D-03   0.0000D+00
   0.6212D-02   0.0000D+00   0.8581D-03   0.0000D+00   0.3133D-02   0.0000D+00   0.7872D-03   0.0000D+00   0.1749D-03   0.0000D+00   0.0000D+00   0.0000D+00   0.6212D-02   0.0000D+00   0.8581D-03   0.0000D+00   0.3133D-02   0.0000D+00
   0.0000D+00   0.0000D+00   0.0000D+00   0.0000D+00   0.0000D+00   0.0000D+00   0.0000D+00   0.0000D+00
  -0.7707D-03   0.3558D-04  -0.4158D-03   0.2211D-04   0.1137D-04  -0.1142D-04  -0.1717D-03   0.8047D-05  -0.7707D-03   0.3558D-04  -0.4158D-03   0.2211D-04
   0.5952D-02  -0.2927D-03   0.8226D-03  -0.7752D-04   0.2720D-02  -0.4158D-03   0.8158D-03   0.0000D+00   0.1960D-03   0.1634D-04  -0.2905D-04   0.5348D-04   0.5952D-02  -0.2927D-03   0.8226D-03  -0.7752D-04   0.2720D-02  -0.4158D-03
  -0.3167D-04  -0.7248D-04  -0.2462D-04  -0.5032D-04  -0.3167D-04  -0.7248D-04  -0.2462D-04  -0.5032D-04
  1.000  2.000
  -0.6162D-03   0.0000D+00  -0.3308D-03   0.0000D+00   0.0000D+00   0.0000D+00  -0.1396D-03   0.0000D+00  -0.6162D-03   0.0000D+00  -0.3308D-03   0.0000D+00
   0.6212D-02   0.0000D+00   0.8581D-03   0.0000D+00   0.3133D-02   0.0000D+00   0.7872D-03   0.0000D+00   0.1749D-03   0.0000D+00   0.0000D+00   0.0000D+00   0.6212D-02   0.0000D+00   0.8581D-03   0.0000D+00   0.3133D-02   0.0000D+00
   0.0000D+00   0.0000D+00   0.0000D+00   0.0000D+00   0.0000D+00   0.0000D+00   0.0000D+00   0.0000D+00
  -0.7527D-03   0.3109D-04  -0.4058D-03   0.1931D-04   0.9939D-05  -0.9978D-05  -0.1680D-03   0.7031D-05  -0.7527D-03   0.3109D-04  -0.4058D-03   0.1931D-04
   0.5970D-02  -0.2736D-03   0.8250D-03  -0.7246D-04   0.2747D-02  -0.3886D-03   0.8140D-03   0.0000D+00   0.1946D-03   0.1528D-04  -0.2715D-04   0.4999D-04   0.5970D-02  -0.2736D-03   0.8250D-03  -0.7246D-04   0.2747D-02  -0.3886D-03
  -0.2961D-04  -0.6775D-04  -0.2301D-04  -0.4703D-04  -0.2961D-04  -0.6775D-04  -0.2301D-04  -0.4703D-04
  2.000  0.500
  -0.5936D-03   0.0000D+00  -0.3182D-03   0.0000D+00   0.0000D+00   0.0000D+00  -0.1343D-03   0.0000D+00  -0.5936D-03   0.0000D+00  -0.3182D-03   0.0000D+00
   0.5198D-02   0.0000D+00   0.7177D-03   0.0000D+00   0.2623D-02   0.0000D+00   0.6584D-03   0.0000D+00   0.1463D-03   0.0000D+00   0.0000D+00   0.0000D+00   0.5198D-02   0.0000D+00   0.7177D-03   0.0000D+00   0.2623D-02   0.0000D+00
   0.0000D+00   0.0000D+00   0.0000D+00   0.0000D+00   0.0000D+00   0.0000D+00   0.0000D+00   0.0000D+00
  -0.7716D-03   0.3441D-04  -0.4163D-03   0.2140D-04   0.1094D-04  -0.1104D-04  -0.1722D-03   0.7784D-05  -0.7716D-03   0.3441D-04  -0.4163D-03   0.2140D-04
   0.5963D-02  -0.2635D-03   0.8242D-03  -0.6975D-04   0.2760D-02  -0.3740D-03   0.8109D-03   0.0000D+00   0.1935D-03   0.1469D-04  -0.2584D-04   0.4809D-04   0.5963D-02  -0.2635D-03   0.8242D-03  -0.6975D-04   0.2760D-02  -0.3740D-03
  -0.2852D-04  -0.6537D-04  -0.2214D-04  -0.4525D-04  -0.2852D-04  -0.6537D-04  -0.2214D-04  -0.4525D-04
  2.000  1.000
  -0.5521D-03   0.0000D+00  -0.2959D-03   0.0000D+00   0.0000D+00   0.0000D+00  -0.1249D-03   0.0000D+00  -0.5521D-03   0.0000D+00  -0.2959D-03   0.0000D+00
   0.5198D-02   0.0000D+00   0.7177D-03   0.0000D+00   0.2623D-02   0.0000D+00   0.6584D-03   0.0000D+00   0.1463D-03   0.0000D+00   0.0000D+00   0.0000D+00   0.5198D-02   0.0000D+00   0.7177D-03   0.0000D+00   0.2623D-02   0.0000D+00
   0.0000D+00   0.0000D+00   0.0000D+00   0.0000D+00   0.0000D+00   0.0000D+00   0.0000D+00   0.0000D+00
  -0.7434D-03   0.2976D-04  -0.4008D-03   0.1851D-04   0.9467D-05  -0.9546D-05  -0.1661D-03   0.6733D-05  -0.7434D-03   0.2976D-04  -0.4008D-03   0.1851D-04
   0.5910D-02  -0.2450D-03   0.8168D-03  -0.6487D-04   0.2750D-02  -0.3478D-03   0.8003D-03   0.0000D+00   0.1902D-03   0.1367D-04  -0.2403D-04   0.4472D-04   0.5910D-02  -0.2450D-03   0.8168D-03  -0.6487D-04   0.2750D-02  -0.3478D-03
  -0.2652D-04  -0.6080D-04  -0.2059D-04  -0.4209D-04  -0.2652D-04  -0.6080D-04  -0.2059D-04  -0.4209D-04
  2.000  2.000
  -0.5161D-03   0.0000D+00  -0.2766D-03   0.0000D+00   0.0000D+00   0.0000D+00  -0.1168D-03   0.0000D+00  -0.5161D-03   0.0000D+00  -0.2766D-03   0.0000D+00
   0.5198D-02   0.0000D+00   0.7177D-03   0.0000D+00   0.2623D-02   0.0000D+00   0.6584D-03   0.0000D+00   0.1463D-03   0.0000D+00   0.0000D+00   0.0000D+00   0.5198D-02   0.0000D+00   0.7177D-03   0.0000D+00   0.2623D-02   0.0000D+00
   0.0000D+00   0.0000D+00   0.0000D+00   0.0000D+00   0.0000D+00   0.0000D+00   0.0000D+00   0.0000D+00
  -0.7160D-03   0.2601D-04  -0.3858D-03   0.1617D-04   0.8273D-05  -0.8341D-05  -0.1602D-03   0.5883D-05  -0.7160D-03   0.2601D-04  -0.3858D-03   0.1617D-04
   0.5864D-02  -0.2290D-03   0.8103D-03  -0.6064D-04   0.2742D-02  -0.3251D-03   0.7911D-03   0.0000D+00   0.1873D-03   0.1277D-04  -0.2246D-04   0.4181D-04   0.5864D-02  -0.2290D-03   0.8103D-03  -0.6064D-04   0.2742D-02  -0.3251D-03
  -0.2479D-04  -0.5683D-04  -0.1925D-04  -0.3934D-04  -0.2479D-04  -0.5683D-04  -0.1925D-04  -0.3934D-04
