 LHC=           1 sqrts=   8000.0000000000000      ang=           4 mode=fital                                                                                               scalescheme=           1 R=  0.69999999999999996     
 CT10nlo_rand5678                                                                                             303
 Bin information: chid, chiu, md, mu, mu0
   0.0000000000000000       0.50000000000000000        64.000000000000000        74.000000000000000        69.000000000000000     
 9 scales(muf, mur)*(LO(38), NLO(38))
  0.500  0.500
  -0.1733D+02   0.0000D+00  -0.3027D+02   0.0000D+00   0.0000D+00   0.0000D+00  -0.3315D+02   0.0000D+00  -0.1733D+02   0.0000D+00  -0.3027D+02   0.0000D+00
   0.2771D+00   0.0000D+00   0.5106D-01   0.0000D+00   0.5443D-01   0.0000D+00   0.1247D+00   0.0000D+00   0.2772D-01   0.0000D+00   0.0000D+00   0.0000D+00   0.2771D+00   0.0000D+00   0.5106D-01   0.0000D+00   0.5443D-01   0.0000D+00
   0.0000D+00   0.0000D+00   0.0000D+00   0.0000D+00   0.0000D+00   0.0000D+00   0.0000D+00   0.0000D+00
  -0.1180D+02   0.5801D+01  -0.2443D+02   0.3530D+01   0.2703D+01  -0.4436D+01  -0.2945D+02  -0.4084D+00  -0.1180D+02   0.5801D+01  -0.2443D+02   0.3530D+01
   0.6992D+00  -0.8769D-02   0.1280D+00  -0.4133D-02   0.1110D+00  -0.3423D-01   0.2740D+00   0.0000D+00   0.7381D-01   0.4416D-02   0.8006D-02   0.1445D-01   0.6992D+00  -0.8769D-02   0.1280D+00  -0.4133D-02   0.1110D+00  -0.3423D-01
  -0.1775D-03  -0.3697D-02  -0.2083D-02  -0.7474D-02  -0.1775D-03  -0.3697D-02  -0.2083D-02  -0.7474D-02
  0.500  1.000
  -0.1544D+02   0.0000D+00  -0.2695D+02   0.0000D+00   0.0000D+00   0.0000D+00  -0.2951D+02   0.0000D+00  -0.1544D+02   0.0000D+00  -0.2695D+02   0.0000D+00
   0.2771D+00   0.0000D+00   0.5106D-01   0.0000D+00   0.5443D-01   0.0000D+00   0.1247D+00   0.0000D+00   0.2772D-01   0.0000D+00   0.0000D+00   0.0000D+00   0.2771D+00   0.0000D+00   0.5106D-01   0.0000D+00   0.5443D-01   0.0000D+00
   0.0000D+00   0.0000D+00   0.0000D+00   0.0000D+00   0.0000D+00   0.0000D+00   0.0000D+00   0.0000D+00
  -0.1268D+02   0.4599D+01  -0.2517D+02   0.2798D+01   0.2141D+01  -0.3517D+01  -0.2970D+02  -0.3238D+00  -0.1268D+02   0.4599D+01  -0.2517D+02   0.2798D+01
   0.6542D+00  -0.7809D-02   0.1198D+00  -0.3681D-02   0.1048D+00  -0.3048D-01   0.2584D+00   0.0000D+00   0.6894D-01   0.3932D-02   0.7200D-02   0.1287D-01   0.6542D+00  -0.7809D-02   0.1198D+00  -0.3681D-02   0.1048D+00  -0.3048D-01
  -0.1580D-03  -0.3292D-02  -0.1854D-02  -0.6655D-02  -0.1580D-03  -0.3292D-02  -0.1854D-02  -0.6655D-02
  0.500  2.000
  -0.1392D+02   0.0000D+00  -0.2430D+02   0.0000D+00   0.0000D+00   0.0000D+00  -0.2661D+02   0.0000D+00  -0.1392D+02   0.0000D+00  -0.2430D+02   0.0000D+00
   0.2771D+00   0.0000D+00   0.5106D-01   0.0000D+00   0.5443D-01   0.0000D+00   0.1247D+00   0.0000D+00   0.2772D-01   0.0000D+00   0.0000D+00   0.0000D+00   0.2771D+00   0.0000D+00   0.5106D-01   0.0000D+00   0.5443D-01   0.0000D+00
   0.0000D+00   0.0000D+00   0.0000D+00   0.0000D+00   0.0000D+00   0.0000D+00   0.0000D+00   0.0000D+00
  -0.1300D+02   0.3738D+01  -0.2516D+02   0.2275D+01   0.1739D+01  -0.2859D+01  -0.2929D+02  -0.2632D+00  -0.1300D+02   0.3738D+01  -0.2516D+02   0.2275D+01
   0.6197D+00  -0.7041D-02   0.1135D+00  -0.3319D-02   0.1005D+00  -0.2749D-01   0.2461D+00   0.0000D+00   0.6513D-01   0.3545D-02   0.6545D-02   0.1160D-01   0.6197D+00  -0.7041D-02   0.1135D+00  -0.3319D-02   0.1005D+00  -0.2749D-01
  -0.1423D-03  -0.2968D-02  -0.1672D-02  -0.6001D-02  -0.1423D-03  -0.2968D-02  -0.1672D-02  -0.6001D-02
  1.000  0.500
  -0.1821D+02   0.0000D+00  -0.3311D+02   0.0000D+00   0.0000D+00   0.0000D+00  -0.3604D+02   0.0000D+00  -0.1821D+02   0.0000D+00  -0.3311D+02   0.0000D+00
   0.2924D+00   0.0000D+00   0.5562D-01   0.0000D+00   0.5755D-01   0.0000D+00   0.1359D+00   0.0000D+00   0.3019D-01   0.0000D+00   0.0000D+00   0.0000D+00   0.2924D+00   0.0000D+00   0.5562D-01   0.0000D+00   0.5755D-01   0.0000D+00
   0.0000D+00   0.0000D+00   0.0000D+00   0.0000D+00   0.0000D+00   0.0000D+00   0.0000D+00   0.0000D+00
  -0.1089D+02   0.6445D+01  -0.2363D+02   0.3880D+01   0.3015D+01  -0.4758D+01  -0.2870D+02  -0.4555D+00  -0.1089D+02   0.6445D+01  -0.2363D+02   0.3880D+01
   0.7039D+00  -0.9512D-02   0.1299D+00  -0.4434D-02   0.1145D+00  -0.3544D-01   0.2752D+00   0.0000D+00   0.7472D-01   0.4875D-02   0.8258D-02   0.1595D-01   0.7039D+00  -0.9512D-02   0.1299D+00  -0.4434D-02   0.1145D+00  -0.3544D-01
  -0.1994D-03  -0.3769D-02  -0.2337D-02  -0.8253D-02  -0.1994D-03  -0.3769D-02  -0.2337D-02  -0.8253D-02
  1.000  1.000
  -0.1622D+02   0.0000D+00  -0.2948D+02   0.0000D+00   0.0000D+00   0.0000D+00  -0.3209D+02   0.0000D+00  -0.1622D+02   0.0000D+00  -0.2948D+02   0.0000D+00
   0.2924D+00   0.0000D+00   0.5562D-01   0.0000D+00   0.5755D-01   0.0000D+00   0.1359D+00   0.0000D+00   0.3019D-01   0.0000D+00   0.0000D+00   0.0000D+00   0.2924D+00   0.0000D+00   0.5562D-01   0.0000D+00   0.5755D-01   0.0000D+00
   0.0000D+00   0.0000D+00   0.0000D+00   0.0000D+00   0.0000D+00   0.0000D+00   0.0000D+00   0.0000D+00
  -0.1208D+02   0.5110D+01  -0.2504D+02   0.3076D+01   0.2389D+01  -0.3772D+01  -0.2962D+02  -0.3611D+00  -0.1208D+02   0.5110D+01  -0.2504D+02   0.3076D+01
   0.6349D+00  -0.8470D-02   0.1178D+00  -0.3949D-02   0.1008D+00  -0.3156D-01   0.2550D+00   0.0000D+00   0.6832D-01   0.4341D-02   0.7234D-02   0.1421D-01   0.6349D+00  -0.8470D-02   0.1178D+00  -0.3949D-02   0.1008D+00  -0.3156D-01
  -0.1775D-03  -0.3356D-02  -0.2080D-02  -0.7349D-02  -0.1775D-03  -0.3356D-02  -0.2080D-02  -0.7349D-02
  1.000  2.000
  -0.1462D+02   0.0000D+00  -0.2658D+02   0.0000D+00   0.0000D+00   0.0000D+00  -0.2893D+02   0.0000D+00  -0.1462D+02   0.0000D+00  -0.2658D+02   0.0000D+00
   0.2924D+00   0.0000D+00   0.5562D-01   0.0000D+00   0.5755D-01   0.0000D+00   0.1359D+00   0.0000D+00   0.3019D-01   0.0000D+00   0.0000D+00   0.0000D+00   0.2924D+00   0.0000D+00   0.5562D-01   0.0000D+00   0.5755D-01   0.0000D+00
   0.0000D+00   0.0000D+00   0.0000D+00   0.0000D+00   0.0000D+00   0.0000D+00   0.0000D+00   0.0000D+00
  -0.1263D+02   0.4153D+01  -0.2548D+02   0.2500D+01   0.1941D+01  -0.3066D+01  -0.2966D+02  -0.2935D+00  -0.1263D+02   0.4153D+01  -0.2548D+02   0.2500D+01
   0.5915D+00  -0.7637D-02   0.1101D+00  -0.3560D-02   0.9330D-01  -0.2845D-01   0.2415D+00   0.0000D+00   0.6399D-01   0.3914D-02   0.6503D-02   0.1281D-01   0.5915D+00  -0.7637D-02   0.1101D+00  -0.3560D-02   0.9330D-01  -0.2845D-01
  -0.1599D-03  -0.3026D-02  -0.1876D-02  -0.6625D-02  -0.1599D-03  -0.3026D-02  -0.1876D-02  -0.6625D-02
  2.000  0.500
  -0.1920D+02   0.0000D+00  -0.3601D+02   0.0000D+00   0.0000D+00   0.0000D+00  -0.3771D+02   0.0000D+00  -0.1920D+02   0.0000D+00  -0.3601D+02   0.0000D+00
   0.3147D+00   0.0000D+00   0.6053D-01   0.0000D+00   0.6031D-01   0.0000D+00   0.1455D+00   0.0000D+00   0.3233D-01   0.0000D+00   0.0000D+00   0.0000D+00   0.3147D+00   0.0000D+00   0.6053D-01   0.0000D+00   0.6031D-01   0.0000D+00
   0.0000D+00   0.0000D+00   0.0000D+00   0.0000D+00   0.0000D+00   0.0000D+00   0.0000D+00   0.0000D+00
  -0.1024D+02   0.6804D+01  -0.2421D+02   0.4080D+01   0.3449D+01  -0.5073D+01  -0.2816D+02  -0.4615D+00  -0.1024D+02   0.6804D+01  -0.2421D+02   0.4080D+01
   0.6039D+00  -0.9770D-02   0.1152D+00  -0.4771D-02   0.8520D-01  -0.3922D-01   0.2566D+00   0.0000D+00   0.6765D-01   0.5206D-02   0.7385D-02   0.1704D-01   0.6039D+00  -0.9770D-02   0.1152D+00  -0.4771D-02   0.8520D-01  -0.3922D-01
  -0.2263D-03  -0.4288D-02  -0.2548D-02  -0.8761D-02  -0.2263D-03  -0.4288D-02  -0.2548D-02  -0.8761D-02
  2.000  1.000
  -0.1709D+02   0.0000D+00  -0.3207D+02   0.0000D+00   0.0000D+00   0.0000D+00  -0.3358D+02   0.0000D+00  -0.1709D+02   0.0000D+00  -0.3207D+02   0.0000D+00
   0.3147D+00   0.0000D+00   0.6053D-01   0.0000D+00   0.6031D-01   0.0000D+00   0.1455D+00   0.0000D+00   0.3233D-01   0.0000D+00   0.0000D+00   0.0000D+00   0.3147D+00   0.0000D+00   0.6053D-01   0.0000D+00   0.6031D-01   0.0000D+00
   0.0000D+00   0.0000D+00   0.0000D+00   0.0000D+00   0.0000D+00   0.0000D+00   0.0000D+00   0.0000D+00
  -0.1219D+02   0.5394D+01  -0.2652D+02   0.3235D+01   0.2722D+01  -0.4022D+01  -0.2994D+02  -0.3659D+00  -0.1219D+02   0.5394D+01  -0.2652D+02   0.3235D+01
   0.7308D+00  -0.8700D-02   0.1369D+00  -0.4248D-02   0.1274D+00  -0.3492D-01   0.2844D+00   0.0000D+00   0.7559D-01   0.4636D-02   0.8100D-02   0.1517D-01   0.7308D+00  -0.8700D-02   0.1369D+00  -0.4248D-02   0.1274D+00  -0.3492D-01
  -0.2014D-03  -0.3819D-02  -0.2268D-02  -0.7802D-02  -0.2014D-03  -0.3819D-02  -0.2268D-02  -0.7802D-02
  2.000  2.000
  -0.1541D+02   0.0000D+00  -0.2891D+02   0.0000D+00   0.0000D+00   0.0000D+00  -0.3027D+02   0.0000D+00  -0.1541D+02   0.0000D+00  -0.2891D+02   0.0000D+00
   0.3147D+00   0.0000D+00   0.6053D-01   0.0000D+00   0.6031D-01   0.0000D+00   0.1455D+00   0.0000D+00   0.3233D-01   0.0000D+00   0.0000D+00   0.0000D+00   0.3147D+00   0.0000D+00   0.6053D-01   0.0000D+00   0.6031D-01   0.0000D+00
   0.0000D+00   0.0000D+00   0.0000D+00   0.0000D+00   0.0000D+00   0.0000D+00   0.0000D+00   0.0000D+00
  -0.1270D+02   0.4384D+01  -0.2694D+02   0.2629D+01   0.2216D+01  -0.3269D+01  -0.3000D+02  -0.2974D+00  -0.1270D+02   0.4384D+01  -0.2694D+02   0.2629D+01
   0.6074D+00  -0.7844D-02   0.1150D+00  -0.3830D-02   0.9738D-01  -0.3149D-01   0.2501D+00   0.0000D+00   0.6522D-01   0.4180D-02   0.6519D-02   0.1368D-01   0.6074D+00  -0.7844D-02   0.1150D+00  -0.3830D-02   0.9738D-01  -0.3149D-01
  -0.1815D-03  -0.3443D-02  -0.2045D-02  -0.7034D-02  -0.1815D-03  -0.3443D-02  -0.2045D-02  -0.7034D-02
