 LHC=           1 sqrts=   8000.0000000000000      ang=           4 mode=fital                                                                                               scalescheme=           1 R=  0.69999999999999996     
 MSTW2008nlo68cl_rand1235                                                                                       1
 Bin information: chid, chiu, md, mu, mu0
   0.0000000000000000       0.50000000000000000        153.00000000000000        174.00000000000000        163.50000000000000     
 9 scales(muf, mur)*(LO(38), NLO(38))
  0.500  0.500
  -0.6281D+01   0.0000D+00  -0.9102D+01   0.0000D+00   0.0000D+00   0.0000D+00  -0.9368D+01   0.0000D+00  -0.6281D+01   0.0000D+00  -0.9102D+01   0.0000D+00
   0.5531D+00   0.0000D+00   0.1014D+00   0.0000D+00   0.1277D+00   0.0000D+00   0.2354D+00   0.0000D+00   0.5231D-01   0.0000D+00   0.0000D+00   0.0000D+00   0.5531D+00   0.0000D+00   0.1014D+00   0.0000D+00   0.1277D+00   0.0000D+00
   0.0000D+00   0.0000D+00   0.0000D+00   0.0000D+00   0.0000D+00   0.0000D+00   0.0000D+00   0.0000D+00
  -0.4295D+01   0.1549D+01  -0.7526D+01   0.9287D+00   0.7514D+00  -0.1095D+01  -0.8502D+01  -0.8436D-01  -0.4295D+01   0.1549D+01  -0.7526D+01   0.9287D+00
   0.7434D+00  -0.1822D-01   0.1360D+00  -0.7728D-02   0.1168D+00  -0.6073D-01   0.3020D+00   0.0000D+00   0.7729D-01   0.7445D-02   0.1723D-02   0.2437D-01   0.7434D+00  -0.1822D-01   0.1360D+00  -0.7728D-02   0.1168D+00  -0.6073D-01
  -0.9005D-03  -0.6765D-02  -0.4252D-02  -0.1281D-01  -0.9005D-03  -0.6765D-02  -0.4252D-02  -0.1281D-01
  0.500  1.000
  -0.5667D+01   0.0000D+00  -0.8212D+01   0.0000D+00   0.0000D+00   0.0000D+00  -0.8453D+01   0.0000D+00  -0.5667D+01   0.0000D+00  -0.8212D+01   0.0000D+00
   0.5531D+00   0.0000D+00   0.1014D+00   0.0000D+00   0.1277D+00   0.0000D+00   0.2354D+00   0.0000D+00   0.5231D-01   0.0000D+00   0.0000D+00   0.0000D+00   0.5531D+00   0.0000D+00   0.1014D+00   0.0000D+00   0.1277D+00   0.0000D+00
   0.0000D+00   0.0000D+00   0.0000D+00   0.0000D+00   0.0000D+00   0.0000D+00   0.0000D+00   0.0000D+00
  -0.4584D+01   0.1261D+01  -0.7703D+01   0.7561D+00   0.6115D+00  -0.8912D+00  -0.8543D+01  -0.6868D-01  -0.4584D+01   0.1261D+01  -0.7703D+01   0.7561D+00
   0.7262D+00  -0.1644D-01   0.1329D+00  -0.6974D-02   0.1182D+00  -0.5480D-01   0.2959D+00   0.0000D+00   0.7496D-01   0.6718D-02   0.1573D-02   0.2199D-01   0.7262D+00  -0.1644D-01   0.1329D+00  -0.6974D-02   0.1182D+00  -0.5480D-01
  -0.8125D-03  -0.6104D-02  -0.3836D-02  -0.1156D-01  -0.8125D-03  -0.6104D-02  -0.3836D-02  -0.1156D-01
  0.500  2.000
  -0.5165D+01   0.0000D+00  -0.7484D+01   0.0000D+00   0.0000D+00   0.0000D+00  -0.7703D+01   0.0000D+00  -0.5165D+01   0.0000D+00  -0.7484D+01   0.0000D+00
   0.5531D+00   0.0000D+00   0.1014D+00   0.0000D+00   0.1277D+00   0.0000D+00   0.2354D+00   0.0000D+00   0.5231D-01   0.0000D+00   0.0000D+00   0.0000D+00   0.5531D+00   0.0000D+00   0.1014D+00   0.0000D+00   0.1277D+00   0.0000D+00
   0.0000D+00   0.0000D+00   0.0000D+00   0.0000D+00   0.0000D+00   0.0000D+00   0.0000D+00   0.0000D+00
  -0.4708D+01   0.1047D+01  -0.7702D+01   0.6280D+00   0.5077D+00  -0.7402D+00  -0.8438D+01  -0.5704D-01  -0.4708D+01   0.1047D+01  -0.7702D+01   0.6280D+00
   0.7118D+00  -0.1498D-01   0.1302D+00  -0.6356D-02   0.1193D+00  -0.4994D-01   0.2908D+00   0.0000D+00   0.7304D-01   0.6123D-02   0.1447D-02   0.2004D-01   0.7118D+00  -0.1498D-01   0.1302D+00  -0.6356D-02   0.1193D+00  -0.4994D-01
  -0.7404D-03  -0.5563D-02  -0.3496D-02  -0.1053D-01  -0.7404D-03  -0.5563D-02  -0.3496D-02  -0.1053D-01
  1.000  0.500
  -0.6261D+01   0.0000D+00  -0.9181D+01   0.0000D+00   0.0000D+00   0.0000D+00  -0.9476D+01   0.0000D+00  -0.6261D+01   0.0000D+00  -0.9181D+01   0.0000D+00
   0.5519D+00   0.0000D+00   0.1020D+00   0.0000D+00   0.1263D+00   0.0000D+00   0.2354D+00   0.0000D+00   0.5232D-01   0.0000D+00   0.0000D+00   0.0000D+00   0.5519D+00   0.0000D+00   0.1020D+00   0.0000D+00   0.1263D+00   0.0000D+00
   0.0000D+00   0.0000D+00   0.0000D+00   0.0000D+00   0.0000D+00   0.0000D+00   0.0000D+00   0.0000D+00
  -0.4280D+01   0.1559D+01  -0.7493D+01   0.9390D+00   0.7343D+00  -0.1106D+01  -0.8575D+01  -0.8351D-01  -0.4280D+01   0.1559D+01  -0.7493D+01   0.9390D+00
   0.7172D+00  -0.1804D-01   0.1327D+00  -0.7712D-02   0.1115D+00  -0.6044D-01   0.2957D+00   0.0000D+00   0.7527D-01   0.7477D-02   0.1656D-02   0.2447D-01   0.7172D+00  -0.1804D-01   0.1327D+00  -0.7712D-02   0.1115D+00  -0.6044D-01
  -0.9081D-03  -0.6878D-02  -0.4317D-02  -0.1298D-01  -0.9081D-03  -0.6878D-02  -0.4317D-02  -0.1298D-01
  1.000  1.000
  -0.5649D+01   0.0000D+00  -0.8284D+01   0.0000D+00   0.0000D+00   0.0000D+00  -0.8550D+01   0.0000D+00  -0.5649D+01   0.0000D+00  -0.8284D+01   0.0000D+00
   0.5519D+00   0.0000D+00   0.1020D+00   0.0000D+00   0.1263D+00   0.0000D+00   0.2354D+00   0.0000D+00   0.5232D-01   0.0000D+00   0.0000D+00   0.0000D+00   0.5519D+00   0.0000D+00   0.1020D+00   0.0000D+00   0.1263D+00   0.0000D+00
   0.0000D+00   0.0000D+00   0.0000D+00   0.0000D+00   0.0000D+00   0.0000D+00   0.0000D+00   0.0000D+00
  -0.4568D+01   0.1269D+01  -0.7689D+01   0.7645D+00   0.5975D+00  -0.9005D+00  -0.8621D+01  -0.6799D-01  -0.4568D+01   0.1269D+01  -0.7689D+01   0.7645D+00
   0.7019D+00  -0.1628D-01   0.1299D+00  -0.6959D-02   0.1132D+00  -0.5454D-01   0.2902D+00   0.0000D+00   0.7311D-01   0.6747D-02   0.1513D-02   0.2208D-01   0.7019D+00  -0.1628D-01   0.1299D+00  -0.6959D-02   0.1132D+00  -0.5454D-01
  -0.8193D-03  -0.6207D-02  -0.3895D-02  -0.1171D-01  -0.8193D-03  -0.6207D-02  -0.3895D-02  -0.1171D-01
  1.000  2.000
  -0.5148D+01   0.0000D+00  -0.7549D+01   0.0000D+00   0.0000D+00   0.0000D+00  -0.7792D+01   0.0000D+00  -0.5148D+01   0.0000D+00  -0.7549D+01   0.0000D+00
   0.5519D+00   0.0000D+00   0.1020D+00   0.0000D+00   0.1263D+00   0.0000D+00   0.2354D+00   0.0000D+00   0.5232D-01   0.0000D+00   0.0000D+00   0.0000D+00   0.5519D+00   0.0000D+00   0.1020D+00   0.0000D+00   0.1263D+00   0.0000D+00
   0.0000D+00   0.0000D+00   0.0000D+00   0.0000D+00   0.0000D+00   0.0000D+00   0.0000D+00   0.0000D+00
  -0.4691D+01   0.1054D+01  -0.7702D+01   0.6349D+00   0.4961D+00  -0.7479D+00  -0.8518D+01  -0.5646D-01  -0.4691D+01   0.1054D+01  -0.7702D+01   0.6349D+00
   0.6895D+00  -0.1483D-01   0.1275D+00  -0.6342D-02   0.1145D+00  -0.4970D-01   0.2856D+00   0.0000D+00   0.7134D-01   0.6149D-02   0.1392D-02   0.2012D-01   0.6895D+00  -0.1483D-01   0.1275D+00  -0.6342D-02   0.1145D+00  -0.4970D-01
  -0.7466D-03  -0.5656D-02  -0.3550D-02  -0.1068D-01  -0.7466D-03  -0.5656D-02  -0.3550D-02  -0.1068D-01
  2.000  0.500
  -0.6167D+01   0.0000D+00  -0.9182D+01   0.0000D+00   0.0000D+00   0.0000D+00  -0.9440D+01   0.0000D+00  -0.6167D+01   0.0000D+00  -0.9182D+01   0.0000D+00
   0.5522D+00   0.0000D+00   0.1012D+00   0.0000D+00   0.1239D+00   0.0000D+00   0.2330D+00   0.0000D+00   0.5178D-01   0.0000D+00   0.0000D+00   0.0000D+00   0.5522D+00   0.0000D+00   0.1012D+00   0.0000D+00   0.1239D+00   0.0000D+00
   0.0000D+00   0.0000D+00   0.0000D+00   0.0000D+00   0.0000D+00   0.0000D+00   0.0000D+00   0.0000D+00
  -0.4324D+01   0.1559D+01  -0.7692D+01   0.9379D+00   0.7576D+00  -0.1104D+01  -0.8661D+01  -0.8247D-01  -0.4324D+01   0.1559D+01  -0.7692D+01   0.9379D+00
   0.7027D+00  -0.1774D-01   0.1298D+00  -0.7627D-02   0.1068D+00  -0.6038D-01   0.2884D+00   0.0000D+00   0.7343D-01   0.7424D-02   0.1498D-02   0.2430D-01   0.7027D+00  -0.1774D-01   0.1298D+00  -0.7627D-02   0.1068D+00  -0.6038D-01
  -0.9083D-03  -0.6739D-02  -0.4361D-02  -0.1282D-01  -0.9083D-03  -0.6739D-02  -0.4361D-02  -0.1282D-01
  2.000  1.000
  -0.5564D+01   0.0000D+00  -0.8285D+01   0.0000D+00   0.0000D+00   0.0000D+00  -0.8518D+01   0.0000D+00  -0.5564D+01   0.0000D+00  -0.8285D+01   0.0000D+00
   0.5522D+00   0.0000D+00   0.1012D+00   0.0000D+00   0.1239D+00   0.0000D+00   0.2330D+00   0.0000D+00   0.5178D-01   0.0000D+00   0.0000D+00   0.0000D+00   0.5522D+00   0.0000D+00   0.1012D+00   0.0000D+00   0.1239D+00   0.0000D+00
   0.0000D+00   0.0000D+00   0.0000D+00   0.0000D+00   0.0000D+00   0.0000D+00   0.0000D+00   0.0000D+00
  -0.4593D+01   0.1269D+01  -0.7857D+01   0.7637D+00   0.6166D+00  -0.8991D+00  -0.8689D+01  -0.6715D-01  -0.4593D+01   0.1269D+01  -0.7857D+01   0.7637D+00
   0.6934D+00  -0.1601D-01   0.1279D+00  -0.6882D-02   0.1099D+00  -0.5448D-01   0.2842D+00   0.0000D+00   0.7167D-01   0.6699D-02   0.1381D-02   0.2192D-01   0.6934D+00  -0.1601D-01   0.1279D+00  -0.6882D-02   0.1099D+00  -0.5448D-01
  -0.8195D-03  -0.6081D-02  -0.3935D-02  -0.1157D-01  -0.8195D-03  -0.6081D-02  -0.3935D-02  -0.1157D-01
  2.000  2.000
  -0.5071D+01   0.0000D+00  -0.7551D+01   0.0000D+00   0.0000D+00   0.0000D+00  -0.7763D+01   0.0000D+00  -0.5071D+01   0.0000D+00  -0.7551D+01   0.0000D+00
   0.5522D+00   0.0000D+00   0.1012D+00   0.0000D+00   0.1239D+00   0.0000D+00   0.2330D+00   0.0000D+00   0.5178D-01   0.0000D+00   0.0000D+00   0.0000D+00   0.5522D+00   0.0000D+00   0.1012D+00   0.0000D+00   0.1239D+00   0.0000D+00
   0.0000D+00   0.0000D+00   0.0000D+00   0.0000D+00   0.0000D+00   0.0000D+00   0.0000D+00   0.0000D+00
  -0.4696D+01   0.1054D+01  -0.7839D+01   0.6342D+00   0.5120D+00  -0.7467D+00  -0.8567D+01  -0.5577D-01  -0.4696D+01   0.1054D+01  -0.7839D+01   0.6342D+00
   0.6793D+00  -0.1459D-01   0.1253D+00  -0.6272D-02   0.1107D+00  -0.4965D-01   0.2795D+00   0.0000D+00   0.6983D-01   0.6105D-02   0.1263D-02   0.1998D-01   0.6793D+00  -0.1459D-01   0.1253D+00  -0.6272D-02   0.1107D+00  -0.4965D-01
  -0.7468D-03  -0.5542D-02  -0.3586D-02  -0.1054D-01  -0.7468D-03  -0.5542D-02  -0.3586D-02  -0.1054D-01
