 LHC=           1 sqrts=   8000.0000000000000      ang=           4 mode=fital                                                                                               scalescheme=           1 R=  0.69999999999999996     
 NNPDF23_nlo_as_0118                                                                                           47
 Bin information: chid, chiu, md, mu, mu0
   0.0000000000000000       0.50000000000000000        84.000000000000000        97.000000000000000        90.500000000000000     
 9 scales(muf, mur)*(LO(38), NLO(38))
  0.500  0.500
  -0.1327D+02   0.0000D+00  -0.2170D+02   0.0000D+00   0.0000D+00   0.0000D+00  -0.2340D+02   0.0000D+00  -0.1327D+02   0.0000D+00  -0.2170D+02   0.0000D+00
   0.3577D+00   0.0000D+00   0.6670D-01   0.0000D+00   0.7586D-01   0.0000D+00   0.1588D+00   0.0000D+00   0.3528D-01   0.0000D+00   0.0000D+00   0.0000D+00   0.3577D+00   0.0000D+00   0.6670D-01   0.0000D+00   0.7586D-01   0.0000D+00
   0.0000D+00   0.0000D+00   0.0000D+00   0.0000D+00   0.0000D+00   0.0000D+00   0.0000D+00   0.0000D+00
  -0.9210D+01   0.3991D+01  -0.1727D+02   0.2414D+01   0.1924D+01  -0.2938D+01  -0.2051D+02  -0.2709D+00  -0.9210D+01   0.3991D+01  -0.1727D+02   0.2414D+01
   0.7227D+00  -0.1184D-01   0.1331D+00  -0.5275D-02   0.1150D+00  -0.4219D-01   0.2870D+00   0.0000D+00   0.7575D-01   0.5418D-02   0.6101D-02   0.1773D-01   0.7227D+00  -0.1184D-01   0.1331D+00  -0.5275D-02   0.1150D+00  -0.4219D-01
  -0.3387D-03  -0.4375D-02  -0.2742D-02  -0.9203D-02  -0.3387D-03  -0.4375D-02  -0.2742D-02  -0.9203D-02
  0.500  1.000
  -0.1188D+02   0.0000D+00  -0.1942D+02   0.0000D+00   0.0000D+00   0.0000D+00  -0.2094D+02   0.0000D+00  -0.1188D+02   0.0000D+00  -0.1942D+02   0.0000D+00
   0.3577D+00   0.0000D+00   0.6670D-01   0.0000D+00   0.7586D-01   0.0000D+00   0.1588D+00   0.0000D+00   0.3528D-01   0.0000D+00   0.0000D+00   0.0000D+00   0.3577D+00   0.0000D+00   0.6670D-01   0.0000D+00   0.7586D-01   0.0000D+00
   0.0000D+00   0.0000D+00   0.0000D+00   0.0000D+00   0.0000D+00   0.0000D+00   0.0000D+00   0.0000D+00
  -0.9831D+01   0.3197D+01  -0.1785D+02   0.1934D+01   0.1541D+01  -0.2354D+01  -0.2076D+02  -0.2171D+00  -0.9831D+01   0.3197D+01  -0.1785D+02   0.1934D+01
   0.6900D+00  -0.1060D-01   0.1271D+00  -0.4722D-02   0.1124D+00  -0.3777D-01   0.2749D+00   0.0000D+00   0.7191D-01   0.4850D-02   0.5512D-02   0.1587D-01   0.6900D+00  -0.1060D-01   0.1271D+00  -0.4722D-02   0.1124D+00  -0.3777D-01
  -0.3031D-03  -0.3916D-02  -0.2454D-02  -0.8238D-02  -0.3031D-03  -0.3916D-02  -0.2454D-02  -0.8238D-02
  0.500  2.000
  -0.1076D+02   0.0000D+00  -0.1760D+02   0.0000D+00   0.0000D+00   0.0000D+00  -0.1897D+02   0.0000D+00  -0.1076D+02   0.0000D+00  -0.1760D+02   0.0000D+00
   0.3577D+00   0.0000D+00   0.6670D-01   0.0000D+00   0.7586D-01   0.0000D+00   0.1588D+00   0.0000D+00   0.3528D-01   0.0000D+00   0.0000D+00   0.0000D+00   0.3577D+00   0.0000D+00   0.6670D-01   0.0000D+00   0.7586D-01   0.0000D+00
   0.0000D+00   0.0000D+00   0.0000D+00   0.0000D+00   0.0000D+00   0.0000D+00   0.0000D+00   0.0000D+00
  -0.1007D+02   0.2624D+01  -0.1792D+02   0.1587D+01   0.1263D+01  -0.1931D+01  -0.2057D+02  -0.1781D+00  -0.1007D+02   0.2624D+01  -0.1792D+02   0.1587D+01
   0.6617D+00  -0.9604D-02   0.1219D+00  -0.4278D-02   0.1096D+00  -0.3422D-01   0.2649D+00   0.0000D+00   0.6872D-01   0.4394D-02   0.5046D-02   0.1438D-01   0.6617D+00  -0.9604D-02   0.1219D+00  -0.4278D-02   0.1096D+00  -0.3422D-01
  -0.2744D-03  -0.3548D-02  -0.2223D-02  -0.7463D-02  -0.2744D-03  -0.3548D-02  -0.2223D-02  -0.7463D-02
  1.000  0.500
  -0.1385D+02   0.0000D+00  -0.2293D+02   0.0000D+00   0.0000D+00   0.0000D+00  -0.2460D+02   0.0000D+00  -0.1385D+02   0.0000D+00  -0.2293D+02   0.0000D+00
   0.3806D+00   0.0000D+00   0.7005D-01   0.0000D+00   0.7894D-01   0.0000D+00   0.1684D+00   0.0000D+00   0.3742D-01   0.0000D+00   0.0000D+00   0.0000D+00   0.3806D+00   0.0000D+00   0.7005D-01   0.0000D+00   0.7894D-01   0.0000D+00
   0.0000D+00   0.0000D+00   0.0000D+00   0.0000D+00   0.0000D+00   0.0000D+00   0.0000D+00   0.0000D+00
  -0.8739D+01   0.4262D+01  -0.1745D+02   0.2533D+01   0.1974D+01  -0.3100D+01  -0.2032D+02  -0.2866D+00  -0.8739D+01   0.4262D+01  -0.1745D+02   0.2533D+01
   0.6987D+00  -0.1217D-01   0.1286D+00  -0.5555D-02   0.1092D+00  -0.4532D-01   0.2794D+00   0.0000D+00   0.7393D-01   0.5686D-02   0.5549D-02   0.1861D-01   0.6987D+00  -0.1217D-01   0.1286D+00  -0.5555D-02   0.1092D+00  -0.4532D-01
  -0.3662D-03  -0.4460D-02  -0.2976D-02  -0.9705D-02  -0.3662D-03  -0.4460D-02  -0.2976D-02  -0.9705D-02
  1.000  1.000
  -0.1240D+02   0.0000D+00  -0.2052D+02   0.0000D+00   0.0000D+00   0.0000D+00  -0.2202D+02   0.0000D+00  -0.1240D+02   0.0000D+00  -0.2052D+02   0.0000D+00
   0.3806D+00   0.0000D+00   0.7005D-01   0.0000D+00   0.7894D-01   0.0000D+00   0.1684D+00   0.0000D+00   0.3742D-01   0.0000D+00   0.0000D+00   0.0000D+00   0.3806D+00   0.0000D+00   0.7005D-01   0.0000D+00   0.7894D-01   0.0000D+00
   0.0000D+00   0.0000D+00   0.0000D+00   0.0000D+00   0.0000D+00   0.0000D+00   0.0000D+00   0.0000D+00
  -0.9536D+01   0.3414D+01  -0.1819D+02   0.2029D+01   0.1580D+01  -0.2484D+01  -0.2080D+02  -0.2296D+00  -0.9536D+01   0.3414D+01  -0.1819D+02   0.2029D+01
   0.6482D+00  -0.1089D-01   0.1195D+00  -0.4972D-02   0.1006D+00  -0.4057D-01   0.2649D+00   0.0000D+00   0.6924D-01   0.5090D-02   0.5081D-02   0.1666D-01   0.6482D+00  -0.1089D-01   0.1195D+00  -0.4972D-02   0.1006D+00  -0.4057D-01
  -0.3277D-03  -0.3993D-02  -0.2664D-02  -0.8687D-02  -0.3277D-03  -0.3993D-02  -0.2664D-02  -0.8687D-02
  1.000  2.000
  -0.1123D+02   0.0000D+00  -0.1859D+02   0.0000D+00   0.0000D+00   0.0000D+00  -0.1995D+02   0.0000D+00  -0.1123D+02   0.0000D+00  -0.1859D+02   0.0000D+00
   0.3806D+00   0.0000D+00   0.7005D-01   0.0000D+00   0.7894D-01   0.0000D+00   0.1684D+00   0.0000D+00   0.3742D-01   0.0000D+00   0.0000D+00   0.0000D+00   0.3806D+00   0.0000D+00   0.7005D-01   0.0000D+00   0.7894D-01   0.0000D+00
   0.0000D+00   0.0000D+00   0.0000D+00   0.0000D+00   0.0000D+00   0.0000D+00   0.0000D+00   0.0000D+00
  -0.9933D+01   0.2802D+01  -0.1841D+02   0.1665D+01   0.1295D+01  -0.2038D+01  -0.2079D+02  -0.1884D+00  -0.9933D+01   0.2802D+01  -0.1841D+02   0.1665D+01
   0.6416D+00  -0.9868D-02   0.1181D+00  -0.4505D-02   0.1040D+00  -0.3675D-01   0.2597D+00   0.0000D+00   0.6738D-01   0.4611D-02   0.4610D-02   0.1509D-01   0.6416D+00  -0.9868D-02   0.1181D+00  -0.4505D-02   0.1040D+00  -0.3675D-01
  -0.2968D-03  -0.3617D-02  -0.2413D-02  -0.7870D-02  -0.2968D-03  -0.3617D-02  -0.2413D-02  -0.7870D-02
  2.000  0.500
  -0.1419D+02   0.0000D+00  -0.2425D+02   0.0000D+00   0.0000D+00   0.0000D+00  -0.2593D+02   0.0000D+00  -0.1419D+02   0.0000D+00  -0.2425D+02   0.0000D+00
   0.3936D+00   0.0000D+00   0.7430D-01   0.0000D+00   0.8264D-01   0.0000D+00   0.1748D+00   0.0000D+00   0.3884D-01   0.0000D+00   0.0000D+00   0.0000D+00   0.3936D+00   0.0000D+00   0.7430D-01   0.0000D+00   0.8264D-01   0.0000D+00
   0.0000D+00   0.0000D+00   0.0000D+00   0.0000D+00   0.0000D+00   0.0000D+00   0.0000D+00   0.0000D+00
  -0.8499D+01   0.4510D+01  -0.1722D+02   0.2677D+01   0.2146D+01  -0.3261D+01  -0.2054D+02  -0.2974D+00  -0.8499D+01   0.4510D+01  -0.1722D+02   0.2677D+01
   0.6560D+00  -0.1270D-01   0.1238D+00  -0.5737D-02   0.1056D+00  -0.4621D-01   0.2700D+00   0.0000D+00   0.7161D-01   0.6020D-02   0.4588D-02   0.1970D-01   0.6560D+00  -0.1270D-01   0.1238D+00  -0.5737D-02   0.1056D+00  -0.4621D-01
  -0.3993D-03  -0.4778D-02  -0.3146D-02  -0.1017D-01  -0.3993D-03  -0.4778D-02  -0.3146D-02  -0.1017D-01
  2.000  1.000
  -0.1270D+02   0.0000D+00  -0.2171D+02   0.0000D+00   0.0000D+00   0.0000D+00  -0.2321D+02   0.0000D+00  -0.1270D+02   0.0000D+00  -0.2171D+02   0.0000D+00
   0.3936D+00   0.0000D+00   0.7430D-01   0.0000D+00   0.8264D-01   0.0000D+00   0.1748D+00   0.0000D+00   0.3884D-01   0.0000D+00   0.0000D+00   0.0000D+00   0.3936D+00   0.0000D+00   0.7430D-01   0.0000D+00   0.8264D-01   0.0000D+00
   0.0000D+00   0.0000D+00   0.0000D+00   0.0000D+00   0.0000D+00   0.0000D+00   0.0000D+00   0.0000D+00
  -0.9450D+01   0.3613D+01  -0.1830D+02   0.2145D+01   0.1718D+01  -0.2613D+01  -0.2126D+02  -0.2382D+00  -0.9450D+01   0.3613D+01  -0.1830D+02   0.2145D+01
   0.6434D+00  -0.1137D-01   0.1211D+00  -0.5136D-02   0.1073D+00  -0.4136D-01   0.2634D+00   0.0000D+00   0.6923D-01   0.5389D-02   0.4219D-02   0.1764D-01   0.6434D+00  -0.1137D-01   0.1211D+00  -0.5136D-02   0.1073D+00  -0.4136D-01
  -0.3573D-03  -0.4277D-02  -0.2816D-02  -0.9104D-02  -0.3573D-03  -0.4277D-02  -0.2816D-02  -0.9104D-02
  2.000  2.000
  -0.1150D+02   0.0000D+00  -0.1967D+02   0.0000D+00   0.0000D+00   0.0000D+00  -0.2103D+02   0.0000D+00  -0.1150D+02   0.0000D+00  -0.1967D+02   0.0000D+00
   0.3936D+00   0.0000D+00   0.7430D-01   0.0000D+00   0.8264D-01   0.0000D+00   0.1748D+00   0.0000D+00   0.3884D-01   0.0000D+00   0.0000D+00   0.0000D+00   0.3936D+00   0.0000D+00   0.7430D-01   0.0000D+00   0.8264D-01   0.0000D+00
   0.0000D+00   0.0000D+00   0.0000D+00   0.0000D+00   0.0000D+00   0.0000D+00   0.0000D+00   0.0000D+00
  -0.9756D+01   0.2965D+01  -0.1852D+02   0.1760D+01   0.1409D+01  -0.2144D+01  -0.2123D+02  -0.1955D+00  -0.9756D+01   0.2965D+01  -0.1852D+02   0.1760D+01
   0.5423D+00  -0.1030D-01   0.1035D+00  -0.4653D-02   0.8271D-01  -0.3748D-01   0.2389D+00   0.0000D+00   0.6125D-01   0.4882D-02   0.3447D-02   0.1598D-01   0.5423D+00  -0.1030D-01   0.1035D+00  -0.4653D-02   0.8271D-01  -0.3748D-01
  -0.3235D-03  -0.3875D-02  -0.2551D-02  -0.8248D-02  -0.3235D-03  -0.3875D-02  -0.2551D-02  -0.8248D-02
