 LHC=           1 sqrts=   8000.0000000000000      ang=           4 mode=fital                                                                                               scalescheme=           1 R=  0.69999999999999996     
 CT10nlo_rand5678                                                                                             173
 Bin information: chid, chiu, md, mu, mu0
   0.0000000000000000       0.50000000000000000        56.000000000000000        64.000000000000000        60.000000000000000     
 9 scales(muf, mur)*(LO(38), NLO(38))
  0.500  0.500
  -0.1658D+02   0.0000D+00  -0.2987D+02   0.0000D+00   0.0000D+00   0.0000D+00  -0.3169D+02   0.0000D+00  -0.1658D+02   0.0000D+00  -0.2987D+02   0.0000D+00
   0.1884D+00   0.0000D+00   0.3629D-01   0.0000D+00   0.3980D-01   0.0000D+00   0.8855D-01   0.0000D+00   0.1968D-01   0.0000D+00   0.0000D+00   0.0000D+00   0.1884D+00   0.0000D+00   0.3629D-01   0.0000D+00   0.3980D-01   0.0000D+00
   0.0000D+00   0.0000D+00   0.0000D+00   0.0000D+00   0.0000D+00   0.0000D+00   0.0000D+00   0.0000D+00
  -0.1170D+02   0.5899D+01  -0.2354D+02   0.3540D+01   0.3098D+01  -0.4358D+01  -0.2838D+02  -0.4100D+00  -0.1170D+02   0.5899D+01  -0.2354D+02   0.3540D+01
   0.5855D+00  -0.6644D-02   0.1109D+00  -0.3063D-02   0.9744D-01  -0.2492D-01   0.2323D+00   0.0000D+00   0.6385D-01   0.3191D-02   0.8593D-02   0.1044D-01   0.5855D+00  -0.6644D-02   0.1109D+00  -0.3063D-02   0.9744D-01  -0.2492D-01
  -0.9806D-04  -0.2127D-02  -0.1452D-02  -0.5496D-02  -0.9806D-04  -0.2127D-02  -0.1452D-02  -0.5496D-02
  0.500  1.000
  -0.1472D+02   0.0000D+00  -0.2652D+02   0.0000D+00   0.0000D+00   0.0000D+00  -0.2814D+02   0.0000D+00  -0.1472D+02   0.0000D+00  -0.2652D+02   0.0000D+00
   0.1884D+00   0.0000D+00   0.3629D-01   0.0000D+00   0.3980D-01   0.0000D+00   0.8855D-01   0.0000D+00   0.1968D-01   0.0000D+00   0.0000D+00   0.0000D+00   0.1884D+00   0.0000D+00   0.3629D-01   0.0000D+00   0.3980D-01   0.0000D+00
   0.0000D+00   0.0000D+00   0.0000D+00   0.0000D+00   0.0000D+00   0.0000D+00   0.0000D+00   0.0000D+00
  -0.1247D+02   0.4649D+01  -0.2441D+02   0.2790D+01   0.2440D+01  -0.3435D+01  -0.2858D+02  -0.3232D+00  -0.1247D+02   0.4649D+01  -0.2441D+02   0.2790D+01
   0.5513D+00  -0.5899D-02   0.1043D+00  -0.2719D-02   0.9392D-01  -0.2213D-01   0.2187D+00   0.0000D+00   0.5967D-01   0.2834D-02   0.7731D-02   0.9274D-02   0.5513D+00  -0.5899D-02   0.1043D+00  -0.2719D-02   0.9392D-01  -0.2213D-01
  -0.8699D-04  -0.1888D-02  -0.1289D-02  -0.4879D-02  -0.8699D-04  -0.1888D-02  -0.1289D-02  -0.4879D-02
  0.500  2.000
  -0.1324D+02   0.0000D+00  -0.2385D+02   0.0000D+00   0.0000D+00   0.0000D+00  -0.2531D+02   0.0000D+00  -0.1324D+02   0.0000D+00  -0.2385D+02   0.0000D+00
   0.1884D+00   0.0000D+00   0.3629D-01   0.0000D+00   0.3980D-01   0.0000D+00   0.8855D-01   0.0000D+00   0.1968D-01   0.0000D+00   0.0000D+00   0.0000D+00   0.1884D+00   0.0000D+00   0.3629D-01   0.0000D+00   0.3980D-01   0.0000D+00
   0.0000D+00   0.0000D+00   0.0000D+00   0.0000D+00   0.0000D+00   0.0000D+00   0.0000D+00   0.0000D+00
  -0.1271D+02   0.3760D+01  -0.2446D+02   0.2257D+01   0.1972D+01  -0.2778D+01  -0.2813D+02  -0.2614D+00  -0.1271D+02   0.3760D+01  -0.2446D+02   0.2257D+01
   0.5175D+00  -0.5305D-02   0.9796D-01  -0.2446D-02   0.8908D-01  -0.1990D-01   0.2065D+00   0.0000D+00   0.5590D-01   0.2549D-02   0.7015D-02   0.8341D-02   0.5175D+00  -0.5305D-02   0.9796D-01  -0.2446D-02   0.8908D-01  -0.1990D-01
  -0.7819D-04  -0.1698D-02  -0.1160D-02  -0.4388D-02  -0.7819D-04  -0.1698D-02  -0.1160D-02  -0.4388D-02
  1.000  0.500
  -0.1798D+02   0.0000D+00  -0.3295D+02   0.0000D+00   0.0000D+00   0.0000D+00  -0.3561D+02   0.0000D+00  -0.1798D+02   0.0000D+00  -0.3295D+02   0.0000D+00
   0.2100D+00   0.0000D+00   0.4028D-01   0.0000D+00   0.4263D-01   0.0000D+00   0.9514D-01   0.0000D+00   0.2114D-01   0.0000D+00   0.0000D+00   0.0000D+00   0.2100D+00   0.0000D+00   0.4028D-01   0.0000D+00   0.4263D-01   0.0000D+00
   0.0000D+00   0.0000D+00   0.0000D+00   0.0000D+00   0.0000D+00   0.0000D+00   0.0000D+00   0.0000D+00
  -0.1072D+02   0.6422D+01  -0.2338D+02   0.3978D+01   0.2986D+01  -0.4938D+01  -0.2846D+02  -0.4730D+00  -0.1072D+02   0.6422D+01  -0.2338D+02   0.3978D+01
   0.5708D+00  -0.6902D-02   0.1073D+00  -0.3294D-02   0.9258D-01  -0.2834D-01   0.2274D+00   0.0000D+00   0.6183D-01   0.3547D-02   0.8282D-02   0.1161D-01   0.5708D+00  -0.6902D-02   0.1073D+00  -0.3294D-02   0.9258D-01  -0.2834D-01
  -0.1097D-03  -0.3087D-02  -0.1691D-02  -0.6065D-02  -0.1097D-03  -0.3087D-02  -0.1691D-02  -0.6065D-02
  1.000  1.000
  -0.1597D+02   0.0000D+00  -0.2926D+02   0.0000D+00   0.0000D+00   0.0000D+00  -0.3162D+02   0.0000D+00  -0.1597D+02   0.0000D+00  -0.2926D+02   0.0000D+00
   0.2100D+00   0.0000D+00   0.4028D-01   0.0000D+00   0.4263D-01   0.0000D+00   0.9514D-01   0.0000D+00   0.2114D-01   0.0000D+00   0.0000D+00   0.0000D+00   0.2100D+00   0.0000D+00   0.4028D-01   0.0000D+00   0.4263D-01   0.0000D+00
   0.0000D+00   0.0000D+00   0.0000D+00   0.0000D+00   0.0000D+00   0.0000D+00   0.0000D+00   0.0000D+00
  -0.1192D+02   0.5061D+01  -0.2483D+02   0.3135D+01   0.2351D+01  -0.3892D+01  -0.2936D+02  -0.3728D+00  -0.1192D+02   0.5061D+01  -0.2483D+02   0.3135D+01
   0.5055D+00  -0.6128D-02   0.9535D-01  -0.2925D-02   0.7923D-01  -0.2516D-01   0.2073D+00   0.0000D+00   0.5560D-01   0.3150D-02   0.7234D-02   0.1031D-01   0.5055D+00  -0.6128D-02   0.9535D-01  -0.2925D-02   0.7923D-01  -0.2516D-01
  -0.9735D-04  -0.2741D-02  -0.1501D-02  -0.5385D-02  -0.9735D-04  -0.2741D-02  -0.1501D-02  -0.5385D-02
  1.000  2.000
  -0.1436D+02   0.0000D+00  -0.2631D+02   0.0000D+00   0.0000D+00   0.0000D+00  -0.2843D+02   0.0000D+00  -0.1436D+02   0.0000D+00  -0.2631D+02   0.0000D+00
   0.2100D+00   0.0000D+00   0.4028D-01   0.0000D+00   0.4263D-01   0.0000D+00   0.9514D-01   0.0000D+00   0.2114D-01   0.0000D+00   0.0000D+00   0.0000D+00   0.2100D+00   0.0000D+00   0.4028D-01   0.0000D+00   0.4263D-01   0.0000D+00
   0.0000D+00   0.0000D+00   0.0000D+00   0.0000D+00   0.0000D+00   0.0000D+00   0.0000D+00   0.0000D+00
  -0.1253D+02   0.4094D+01  -0.2533D+02   0.2536D+01   0.1900D+01  -0.3148D+01  -0.2942D+02  -0.3015D+00  -0.1253D+02   0.4094D+01  -0.2533D+02   0.2536D+01
   0.5087D+00  -0.5512D-02   0.9568D-01  -0.2631D-02   0.8517D-01  -0.2263D-01   0.2039D+00   0.0000D+00   0.5455D-01   0.2833D-02   0.6794D-02   0.9271D-02   0.5087D+00  -0.5512D-02   0.9568D-01  -0.2631D-02   0.8517D-01  -0.2263D-01
  -0.8750D-04  -0.2465D-02  -0.1350D-02  -0.4843D-02  -0.8750D-04  -0.2465D-02  -0.1350D-02  -0.4843D-02
  2.000  0.500
  -0.1940D+02   0.0000D+00  -0.3499D+02   0.0000D+00   0.0000D+00   0.0000D+00  -0.3813D+02   0.0000D+00  -0.1940D+02   0.0000D+00  -0.3499D+02   0.0000D+00
   0.2148D+00   0.0000D+00   0.4372D-01   0.0000D+00   0.4572D-01   0.0000D+00   0.1059D+00   0.0000D+00   0.2354D-01   0.0000D+00   0.0000D+00   0.0000D+00   0.2148D+00   0.0000D+00   0.4372D-01   0.0000D+00   0.4572D-01   0.0000D+00
   0.0000D+00   0.0000D+00   0.0000D+00   0.0000D+00   0.0000D+00   0.0000D+00   0.0000D+00   0.0000D+00
  -0.1014D+02   0.7111D+01  -0.2170D+02   0.4332D+01   0.3257D+01  -0.4914D+01  -0.2748D+02  -0.5078D+00  -0.1014D+02   0.7111D+01  -0.2170D+02   0.4332D+01
   0.5924D+00  -0.7451D-02   0.1175D+00  -0.3277D-02   0.9543D-01  -0.2786D-01   0.2400D+00   0.0000D+00   0.6518D-01   0.3942D-02   0.8152D-02   0.1290D-01   0.5924D+00  -0.7451D-02   0.1175D+00  -0.3277D-02   0.9543D-01  -0.2786D-01
  -0.1315D-03  -0.2864D-02  -0.1896D-02  -0.6812D-02  -0.1315D-03  -0.2864D-02  -0.1896D-02  -0.6812D-02
  2.000  1.000
  -0.1723D+02   0.0000D+00  -0.3107D+02   0.0000D+00   0.0000D+00   0.0000D+00  -0.3385D+02   0.0000D+00  -0.1723D+02   0.0000D+00  -0.3107D+02   0.0000D+00
   0.2148D+00   0.0000D+00   0.4372D-01   0.0000D+00   0.4572D-01   0.0000D+00   0.1059D+00   0.0000D+00   0.2354D-01   0.0000D+00   0.0000D+00   0.0000D+00   0.2148D+00   0.0000D+00   0.4372D-01   0.0000D+00   0.4572D-01   0.0000D+00
   0.0000D+00   0.0000D+00   0.0000D+00   0.0000D+00   0.0000D+00   0.0000D+00   0.0000D+00   0.0000D+00
  -0.1164D+02   0.5605D+01  -0.2377D+02   0.3415D+01   0.2568D+01  -0.3874D+01  -0.2895D+02  -0.4002D+00  -0.1164D+02   0.5605D+01  -0.2377D+02   0.3415D+01
   0.4944D+00  -0.6615D-02   0.9940D-01  -0.2910D-02   0.7529D-01  -0.2474D-01   0.2117D+00   0.0000D+00   0.5633D-01   0.3500D-02   0.6555D-02   0.1145D-01   0.4944D+00  -0.6615D-02   0.9940D-01  -0.2910D-02   0.7529D-01  -0.2474D-01
  -0.1167D-03  -0.2543D-02  -0.1683D-02  -0.6048D-02  -0.1167D-03  -0.2543D-02  -0.1683D-02  -0.6048D-02
  2.000  2.000
  -0.1549D+02   0.0000D+00  -0.2794D+02   0.0000D+00   0.0000D+00   0.0000D+00  -0.3044D+02   0.0000D+00  -0.1549D+02   0.0000D+00  -0.2794D+02   0.0000D+00
   0.2148D+00   0.0000D+00   0.4372D-01   0.0000D+00   0.4572D-01   0.0000D+00   0.1059D+00   0.0000D+00   0.2354D-01   0.0000D+00   0.0000D+00   0.0000D+00   0.2148D+00   0.0000D+00   0.4372D-01   0.0000D+00   0.4572D-01   0.0000D+00
   0.0000D+00   0.0000D+00   0.0000D+00   0.0000D+00   0.0000D+00   0.0000D+00   0.0000D+00   0.0000D+00
  -0.1227D+02   0.4533D+01  -0.2452D+02   0.2762D+01   0.2078D+01  -0.3134D+01  -0.2920D+02  -0.3237D+00  -0.1227D+02   0.4533D+01  -0.2452D+02   0.2762D+01
   0.3775D+00  -0.5950D-02   0.7819D-01  -0.2617D-02   0.4867D-01  -0.2225D-01   0.1806D+00   0.0000D+00   0.4653D-01   0.3148D-02   0.4909D-02   0.1030D-01   0.3775D+00  -0.5950D-02   0.7819D-01  -0.2617D-02   0.4867D-01  -0.2225D-01
  -0.1049D-03  -0.2287D-02  -0.1513D-02  -0.5439D-02  -0.1049D-03  -0.2287D-02  -0.1513D-02  -0.5439D-02
