 LHC=           1 sqrts=   8000.0000000000000      ang=           4 mode=fital                                                                                               scalescheme=           1 R=  0.69999999999999996     
 CT10nlo_rand5678                                                                                             173
 Bin information: chid, chiu, md, mu, mu0
   0.0000000000000000       0.50000000000000000        1101.0000000000000        1172.0000000000000        1136.5000000000000     
 9 scales(muf, mur)*(LO(38), NLO(38))
  0.500  0.500
  -0.8312D-01   0.0000D+00  -0.6056D-01   0.0000D+00   0.0000D+00   0.0000D+00  -0.3270D-01   0.0000D+00  -0.8312D-01   0.0000D+00  -0.6056D-01   0.0000D+00
   0.2360D+00   0.0000D+00   0.3660D-01   0.0000D+00   0.9469D-01   0.0000D+00   0.4405D-01   0.0000D+00   0.9788D-02   0.0000D+00   0.0000D+00   0.0000D+00   0.2360D+00   0.0000D+00   0.3660D-01   0.0000D+00   0.9469D-01   0.0000D+00
   0.0000D+00   0.0000D+00   0.0000D+00   0.0000D+00   0.0000D+00   0.0000D+00   0.0000D+00   0.0000D+00
  -0.6742D-01   0.7190D-02  -0.5297D-01   0.4107D-02   0.3825D-02  -0.2891D-02  -0.2885D-01   0.1210D-02  -0.6742D-01   0.7190D-02  -0.5297D-01   0.4107D-02
   0.1775D+00  -0.1023D-01   0.2847D-01  -0.3060D-02   0.5287D-01  -0.1875D-01   0.3699D-01   0.0000D+00   0.9274D-02   0.1058D-02  -0.1577D-02   0.3462D-02   0.1775D+00  -0.1023D-01   0.2847D-01  -0.3060D-02   0.5287D-01  -0.1875D-01
  -0.1047D-02  -0.2719D-02  -0.1248D-02  -0.2699D-02  -0.1047D-02  -0.2719D-02  -0.1248D-02  -0.2699D-02
  0.500  1.000
  -0.7688D-01   0.0000D+00  -0.5602D-01   0.0000D+00   0.0000D+00   0.0000D+00  -0.3024D-01   0.0000D+00  -0.7688D-01   0.0000D+00  -0.5602D-01   0.0000D+00
   0.2360D+00   0.0000D+00   0.3660D-01   0.0000D+00   0.9469D-01   0.0000D+00   0.4405D-01   0.0000D+00   0.9788D-02   0.0000D+00   0.0000D+00   0.0000D+00   0.2360D+00   0.0000D+00   0.3660D-01   0.0000D+00   0.9469D-01   0.0000D+00
   0.0000D+00   0.0000D+00   0.0000D+00   0.0000D+00   0.0000D+00   0.0000D+00   0.0000D+00   0.0000D+00
  -0.6904D-01   0.6151D-02  -0.5359D-01   0.3514D-02   0.3273D-02  -0.2474D-02  -0.2915D-01   0.1036D-02  -0.6904D-01   0.6151D-02  -0.5359D-01   0.3514D-02
   0.1819D+00  -0.9466D-02   0.2909D-01  -0.2830D-02   0.5602D-01  -0.1735D-01   0.3753D-01   0.0000D+00   0.9314D-02   0.9785D-03  -0.1459D-02   0.3203D-02   0.1819D+00  -0.9466D-02   0.2909D-01  -0.2830D-02   0.5602D-01  -0.1735D-01
  -0.9685D-03  -0.2515D-02  -0.1154D-02  -0.2497D-02  -0.9685D-03  -0.2515D-02  -0.1154D-02  -0.2497D-02
  0.500  2.000
  -0.7152D-01   0.0000D+00  -0.5212D-01   0.0000D+00   0.0000D+00   0.0000D+00  -0.2814D-01   0.0000D+00  -0.7152D-01   0.0000D+00  -0.5212D-01   0.0000D+00
   0.2360D+00   0.0000D+00   0.3660D-01   0.0000D+00   0.9469D-01   0.0000D+00   0.4405D-01   0.0000D+00   0.9788D-02   0.0000D+00   0.0000D+00   0.0000D+00   0.2360D+00   0.0000D+00   0.3660D-01   0.0000D+00   0.9469D-01   0.0000D+00
   0.0000D+00   0.0000D+00   0.0000D+00   0.0000D+00   0.0000D+00   0.0000D+00   0.0000D+00   0.0000D+00
  -0.6957D-01   0.5324D-02  -0.5354D-01   0.3042D-02   0.2833D-02  -0.2141D-02  -0.2909D-01   0.8964D-03  -0.6957D-01   0.5324D-02  -0.5354D-01   0.3042D-02
   0.1857D+00  -0.8807D-02   0.2961D-01  -0.2633D-02   0.5872D-01  -0.1614D-01   0.3798D-01   0.0000D+00   0.9348D-02   0.9104D-03  -0.1358D-02   0.2980D-02   0.1857D+00  -0.8807D-02   0.2961D-01  -0.2633D-02   0.5872D-01  -0.1614D-01
  -0.9010D-03  -0.2340D-02  -0.1074D-02  -0.2323D-02  -0.9010D-03  -0.2340D-02  -0.1074D-02  -0.2323D-02
  1.000  0.500
  -0.7369D-01   0.0000D+00  -0.5379D-01   0.0000D+00   0.0000D+00   0.0000D+00  -0.2903D-01   0.0000D+00  -0.7369D-01   0.0000D+00  -0.5379D-01   0.0000D+00
   0.2090D+00   0.0000D+00   0.3242D-01   0.0000D+00   0.8403D-01   0.0000D+00   0.3911D-01   0.0000D+00   0.8691D-02   0.0000D+00   0.0000D+00   0.0000D+00   0.2090D+00   0.0000D+00   0.3242D-01   0.0000D+00   0.8403D-01   0.0000D+00
   0.0000D+00   0.0000D+00   0.0000D+00   0.0000D+00   0.0000D+00   0.0000D+00   0.0000D+00   0.0000D+00
  -0.6861D-01   0.6377D-02  -0.5342D-01   0.3645D-02   0.3424D-02  -0.2567D-02  -0.2907D-01   0.1073D-02  -0.6861D-01   0.6377D-02  -0.5342D-01   0.3645D-02
   0.1821D+00  -0.9080D-02   0.2903D-01  -0.2715D-02   0.5686D-01  -0.1661D-01   0.3738D-01   0.0000D+00   0.9249D-02   0.9392D-03  -0.1363D-02   0.3074D-02   0.1821D+00  -0.9080D-02   0.2903D-01  -0.2715D-02   0.5686D-01  -0.1661D-01
  -0.9282D-03  -0.2409D-02  -0.1106D-02  -0.2392D-02  -0.9282D-03  -0.2409D-02  -0.1106D-02  -0.2392D-02
  1.000  1.000
  -0.6816D-01   0.0000D+00  -0.4975D-01   0.0000D+00   0.0000D+00   0.0000D+00  -0.2685D-01   0.0000D+00  -0.6816D-01   0.0000D+00  -0.4975D-01   0.0000D+00
   0.2090D+00   0.0000D+00   0.3242D-01   0.0000D+00   0.8403D-01   0.0000D+00   0.3911D-01   0.0000D+00   0.8691D-02   0.0000D+00   0.0000D+00   0.0000D+00   0.2090D+00   0.0000D+00   0.3242D-01   0.0000D+00   0.8403D-01   0.0000D+00
   0.0000D+00   0.0000D+00   0.0000D+00   0.0000D+00   0.0000D+00   0.0000D+00   0.0000D+00   0.0000D+00
  -0.6876D-01   0.5456D-02  -0.5305D-01   0.3118D-02   0.2930D-02  -0.2196D-02  -0.2884D-01   0.9180D-03  -0.6876D-01   0.5456D-02  -0.5305D-01   0.3118D-02
   0.1842D+00  -0.8399D-02   0.2929D-01  -0.2511D-02   0.5890D-01  -0.1536D-01   0.3751D-01   0.0000D+00   0.9208D-02   0.8687D-03  -0.1261D-02   0.2843D-02   0.1842D+00  -0.8399D-02   0.2929D-01  -0.2511D-02   0.5890D-01  -0.1536D-01
  -0.8586D-03  -0.2228D-02  -0.1023D-02  -0.2213D-02  -0.8586D-03  -0.2228D-02  -0.1023D-02  -0.2213D-02
  1.000  2.000
  -0.6342D-01   0.0000D+00  -0.4629D-01   0.0000D+00   0.0000D+00   0.0000D+00  -0.2498D-01   0.0000D+00  -0.6342D-01   0.0000D+00  -0.4629D-01   0.0000D+00
   0.2090D+00   0.0000D+00   0.3242D-01   0.0000D+00   0.8403D-01   0.0000D+00   0.3911D-01   0.0000D+00   0.8691D-02   0.0000D+00   0.0000D+00   0.0000D+00   0.2090D+00   0.0000D+00   0.3242D-01   0.0000D+00   0.8403D-01   0.0000D+00
   0.0000D+00   0.0000D+00   0.0000D+00   0.0000D+00   0.0000D+00   0.0000D+00   0.0000D+00   0.0000D+00
  -0.6822D-01   0.4723D-02  -0.5227D-01   0.2699D-02   0.2536D-02  -0.1901D-02  -0.2839D-01   0.7946D-03  -0.6822D-01   0.4723D-02  -0.5227D-01   0.2699D-02
   0.1859D+00  -0.7814D-02   0.2951D-01  -0.2336D-02   0.6066D-01  -0.1429D-01   0.3763D-01   0.0000D+00   0.9173D-02   0.8082D-03  -0.1173D-02   0.2645D-02   0.1859D+00  -0.7814D-02   0.2951D-01  -0.2336D-02   0.6066D-01  -0.1429D-01
  -0.7988D-03  -0.2073D-02  -0.9514D-03  -0.2059D-02  -0.7988D-03  -0.2073D-02  -0.9514D-03  -0.2059D-02
  2.000  0.500
  -0.6582D-01   0.0000D+00  -0.4804D-01   0.0000D+00   0.0000D+00   0.0000D+00  -0.2594D-01   0.0000D+00  -0.6582D-01   0.0000D+00  -0.4804D-01   0.0000D+00
   0.1867D+00   0.0000D+00   0.2893D-01   0.0000D+00   0.7506D-01   0.0000D+00   0.3495D-01   0.0000D+00   0.7768D-02   0.0000D+00   0.0000D+00   0.0000D+00   0.1867D+00   0.0000D+00   0.2893D-01   0.0000D+00   0.7506D-01   0.0000D+00
   0.0000D+00   0.0000D+00   0.0000D+00   0.0000D+00   0.0000D+00   0.0000D+00   0.0000D+00   0.0000D+00
  -0.6933D-01   0.5704D-02  -0.5363D-01   0.3258D-02   0.3028D-02  -0.2294D-02  -0.2926D-01   0.9594D-03  -0.6933D-01   0.5704D-02  -0.5363D-01   0.3258D-02
   0.1849D+00  -0.8113D-02   0.2947D-01  -0.2424D-02   0.6008D-01  -0.1483D-01   0.3771D-01   0.0000D+00   0.9212D-02   0.8396D-03  -0.1212D-02   0.2748D-02   0.1849D+00  -0.8113D-02   0.2947D-01  -0.2424D-02   0.6008D-01  -0.1483D-01
  -0.8314D-03  -0.2148D-02  -0.9880D-03  -0.2136D-02  -0.8314D-03  -0.2148D-02  -0.9880D-03  -0.2136D-02
  2.000  1.000
  -0.6089D-01   0.0000D+00  -0.4444D-01   0.0000D+00   0.0000D+00   0.0000D+00  -0.2399D-01   0.0000D+00  -0.6089D-01   0.0000D+00  -0.4444D-01   0.0000D+00
   0.1867D+00   0.0000D+00   0.2893D-01   0.0000D+00   0.7506D-01   0.0000D+00   0.3495D-01   0.0000D+00   0.7768D-02   0.0000D+00   0.0000D+00   0.0000D+00   0.1867D+00   0.0000D+00   0.2893D-01   0.0000D+00   0.7506D-01   0.0000D+00
   0.0000D+00   0.0000D+00   0.0000D+00   0.0000D+00   0.0000D+00   0.0000D+00   0.0000D+00   0.0000D+00
  -0.6830D-01   0.4880D-02  -0.5245D-01   0.2787D-02   0.2591D-02  -0.1963D-02  -0.2858D-01   0.8209D-03  -0.6830D-01   0.4880D-02  -0.5245D-01   0.2787D-02
   0.1851D+00  -0.7504D-02   0.2943D-01  -0.2242D-02   0.6122D-01  -0.1372D-01   0.3751D-01   0.0000D+00   0.9105D-02   0.7766D-03  -0.1121D-02   0.2542D-02   0.1851D+00  -0.7504D-02   0.2943D-01  -0.2242D-02   0.6122D-01  -0.1372D-01
  -0.7690D-03  -0.1987D-02  -0.9138D-03  -0.1976D-02  -0.7690D-03  -0.1987D-02  -0.9138D-03  -0.1976D-02
  2.000  2.000
  -0.5665D-01   0.0000D+00  -0.4134D-01   0.0000D+00   0.0000D+00   0.0000D+00  -0.2232D-01   0.0000D+00  -0.5665D-01   0.0000D+00  -0.4134D-01   0.0000D+00
   0.1867D+00   0.0000D+00   0.2893D-01   0.0000D+00   0.7506D-01   0.0000D+00   0.3495D-01   0.0000D+00   0.7768D-02   0.0000D+00   0.0000D+00   0.0000D+00   0.1867D+00   0.0000D+00   0.2893D-01   0.0000D+00   0.7506D-01   0.0000D+00
   0.0000D+00   0.0000D+00   0.0000D+00   0.0000D+00   0.0000D+00   0.0000D+00   0.0000D+00   0.0000D+00
  -0.6689D-01   0.4224D-02  -0.5107D-01   0.2413D-02   0.2242D-02  -0.1699D-02  -0.2780D-01   0.7105D-03  -0.6689D-01   0.4224D-02  -0.5107D-01   0.2413D-02
   0.1852D+00  -0.6982D-02   0.2940D-01  -0.2086D-02   0.6219D-01  -0.1276D-01   0.3733D-01   0.0000D+00   0.9012D-02   0.7225D-03  -0.1043D-02   0.2365D-02   0.1852D+00  -0.6982D-02   0.2940D-01  -0.2086D-02   0.6219D-01  -0.1276D-01
  -0.7154D-03  -0.1848D-02  -0.8502D-03  -0.1839D-02  -0.7154D-03  -0.1848D-02  -0.8502D-03  -0.1839D-02
