 LHC=           1 sqrts=   8000.0000000000000      ang=           4 mode=fital                                                                                               scalescheme=           1 R=  0.69999999999999996     
 NNPDF23_nlo_as_0118                                                                                           84
 Bin information: chid, chiu, md, mu, mu0
   0.0000000000000000       0.50000000000000000        56.000000000000000        64.000000000000000        60.000000000000000     
 9 scales(muf, mur)*(LO(38), NLO(38))
  0.500  0.500
  -0.1801D+02   0.0000D+00  -0.3162D+02   0.0000D+00   0.0000D+00   0.0000D+00  -0.3300D+02   0.0000D+00  -0.1801D+02   0.0000D+00  -0.3162D+02   0.0000D+00
   0.1974D+00   0.0000D+00   0.3790D-01   0.0000D+00   0.4269D-01   0.0000D+00   0.9009D-01   0.0000D+00   0.2002D-01   0.0000D+00   0.0000D+00   0.0000D+00   0.1974D+00   0.0000D+00   0.3790D-01   0.0000D+00   0.4269D-01   0.0000D+00
   0.0000D+00   0.0000D+00   0.0000D+00   0.0000D+00   0.0000D+00   0.0000D+00   0.0000D+00   0.0000D+00
  -0.1204D+02   0.6216D+01  -0.2465D+02   0.3721D+01   0.3469D+01  -0.4539D+01  -0.2900D+02  -0.3895D+00  -0.1204D+02   0.6216D+01  -0.2465D+02   0.3721D+01
   0.5951D+00  -0.7118D-02   0.1129D+00  -0.3230D-02   0.1004D+00  -0.2607D-01   0.2300D+00   0.0000D+00   0.6331D-01   0.3246D-02   0.7370D-02   0.1062D-01   0.5951D+00  -0.7118D-02   0.1129D+00  -0.3230D-02   0.1004D+00  -0.2607D-01
  -0.1511D-03  -0.2201D-02  -0.1583D-02  -0.5659D-02  -0.1511D-03  -0.2201D-02  -0.1583D-02  -0.5659D-02
  0.500  1.000
  -0.1599D+02   0.0000D+00  -0.2808D+02   0.0000D+00   0.0000D+00   0.0000D+00  -0.2930D+02   0.0000D+00  -0.1599D+02   0.0000D+00  -0.2808D+02   0.0000D+00
   0.1974D+00   0.0000D+00   0.3790D-01   0.0000D+00   0.4269D-01   0.0000D+00   0.9009D-01   0.0000D+00   0.2002D-01   0.0000D+00   0.0000D+00   0.0000D+00   0.1974D+00   0.0000D+00   0.3790D-01   0.0000D+00   0.4269D-01   0.0000D+00
   0.0000D+00   0.0000D+00   0.0000D+00   0.0000D+00   0.0000D+00   0.0000D+00   0.0000D+00   0.0000D+00
  -0.1303D+02   0.4899D+01  -0.2563D+02   0.2932D+01   0.2732D+01  -0.3577D+01  -0.2933D+02  -0.3070D+00  -0.1303D+02   0.4899D+01  -0.2563D+02   0.2932D+01
   0.5624D+00  -0.6320D-02   0.1065D+00  -0.2868D-02   0.9759D-01  -0.2314D-01   0.2170D+00   0.0000D+00   0.5927D-01   0.2882D-02   0.6622D-02   0.9432D-02   0.5624D+00  -0.6320D-02   0.1065D+00  -0.2868D-02   0.9759D-01  -0.2314D-01
  -0.1341D-03  -0.1954D-02  -0.1405D-02  -0.5024D-02  -0.1341D-03  -0.1954D-02  -0.1405D-02  -0.5024D-02
  0.500  2.000
  -0.1438D+02   0.0000D+00  -0.2525D+02   0.0000D+00   0.0000D+00   0.0000D+00  -0.2636D+02   0.0000D+00  -0.1438D+02   0.0000D+00  -0.2525D+02   0.0000D+00
   0.1974D+00   0.0000D+00   0.3790D-01   0.0000D+00   0.4269D-01   0.0000D+00   0.9009D-01   0.0000D+00   0.2002D-01   0.0000D+00   0.0000D+00   0.0000D+00   0.1974D+00   0.0000D+00   0.3790D-01   0.0000D+00   0.4269D-01   0.0000D+00
   0.0000D+00   0.0000D+00   0.0000D+00   0.0000D+00   0.0000D+00   0.0000D+00   0.0000D+00   0.0000D+00
  -0.1339D+02   0.3964D+01  -0.2574D+02   0.2373D+01   0.2209D+01  -0.2894D+01  -0.2894D+02  -0.2484D+00  -0.1339D+02   0.3964D+01  -0.2574D+02   0.2373D+01
   0.5222D+00  -0.5685D-02   0.9906D-01  -0.2580D-02   0.9032D-01  -0.2082D-01   0.2041D+00   0.0000D+00   0.5525D-01   0.2593D-02   0.6033D-02   0.8485D-02   0.5222D+00  -0.5685D-02   0.9906D-01  -0.2580D-02   0.9032D-01  -0.2082D-01
  -0.1206D-03  -0.1758D-02  -0.1264D-02  -0.4520D-02  -0.1206D-03  -0.1758D-02  -0.1264D-02  -0.4520D-02
  1.000  0.500
  -0.1952D+02   0.0000D+00  -0.3509D+02   0.0000D+00   0.0000D+00   0.0000D+00  -0.3743D+02   0.0000D+00  -0.1952D+02   0.0000D+00  -0.3509D+02   0.0000D+00
   0.2216D+00   0.0000D+00   0.4242D-01   0.0000D+00   0.4577D-01   0.0000D+00   0.9778D-01   0.0000D+00   0.2173D-01   0.0000D+00   0.0000D+00   0.0000D+00   0.2216D+00   0.0000D+00   0.4242D-01   0.0000D+00   0.4577D-01   0.0000D+00
   0.0000D+00   0.0000D+00   0.0000D+00   0.0000D+00   0.0000D+00   0.0000D+00   0.0000D+00   0.0000D+00
  -0.1099D+02   0.6824D+01  -0.2438D+02   0.4208D+01   0.3349D+01  -0.5173D+01  -0.2919D+02  -0.4566D+00  -0.1099D+02   0.6824D+01  -0.2438D+02   0.4208D+01
   0.5790D+00  -0.7414D-02   0.1090D+00  -0.3493D-02   0.9373D-01  -0.2984D-01   0.2250D+00   0.0000D+00   0.6131D-01   0.3650D-02   0.7290D-02   0.1194D-01   0.5790D+00  -0.7414D-02   0.1090D+00  -0.3493D-02   0.9373D-01  -0.2984D-01
  -0.1638D-03  -0.3310D-02  -0.1847D-02  -0.6319D-02  -0.1638D-03  -0.3310D-02  -0.1847D-02  -0.6319D-02
  1.000  1.000
  -0.1733D+02   0.0000D+00  -0.3115D+02   0.0000D+00   0.0000D+00   0.0000D+00  -0.3323D+02   0.0000D+00  -0.1733D+02   0.0000D+00  -0.3115D+02   0.0000D+00
   0.2216D+00   0.0000D+00   0.4242D-01   0.0000D+00   0.4577D-01   0.0000D+00   0.9778D-01   0.0000D+00   0.2173D-01   0.0000D+00   0.0000D+00   0.0000D+00   0.2216D+00   0.0000D+00   0.4242D-01   0.0000D+00   0.4577D-01   0.0000D+00
   0.0000D+00   0.0000D+00   0.0000D+00   0.0000D+00   0.0000D+00   0.0000D+00   0.0000D+00   0.0000D+00
  -0.1248D+02   0.5378D+01  -0.2608D+02   0.3317D+01   0.2637D+01  -0.4077D+01  -0.3034D+02  -0.3598D+00  -0.1248D+02   0.5378D+01  -0.2608D+02   0.3317D+01
   0.5416D+00  -0.6582D-02   0.1021D+00  -0.3101D-02   0.8890D-01  -0.2649D-01   0.2117D+00   0.0000D+00   0.5715D-01   0.3240D-02   0.6541D-02   0.1060D-01   0.5416D+00  -0.6582D-02   0.1021D+00  -0.3101D-02   0.8890D-01  -0.2649D-01
  -0.1453D-03  -0.2939D-02  -0.1640D-02  -0.5610D-02  -0.1453D-03  -0.2939D-02  -0.1640D-02  -0.5610D-02
  1.000  2.000
  -0.1559D+02   0.0000D+00  -0.2802D+02   0.0000D+00   0.0000D+00   0.0000D+00  -0.2989D+02   0.0000D+00  -0.1559D+02   0.0000D+00  -0.2802D+02   0.0000D+00
   0.2216D+00   0.0000D+00   0.4242D-01   0.0000D+00   0.4577D-01   0.0000D+00   0.9778D-01   0.0000D+00   0.2173D-01   0.0000D+00   0.0000D+00   0.0000D+00   0.2216D+00   0.0000D+00   0.4242D-01   0.0000D+00   0.4577D-01   0.0000D+00
   0.0000D+00   0.0000D+00   0.0000D+00   0.0000D+00   0.0000D+00   0.0000D+00   0.0000D+00   0.0000D+00
  -0.1325D+02   0.4351D+01  -0.2671D+02   0.2684D+01   0.2131D+01  -0.3299D+01  -0.3051D+02  -0.2911D+00  -0.1325D+02   0.4351D+01  -0.2671D+02   0.2684D+01
   0.5491D+00  -0.5921D-02   0.1030D+00  -0.2790D-02   0.9693D-01  -0.2383D-01   0.2091D+00   0.0000D+00   0.5629D-01   0.2915D-02   0.6109D-02   0.9540D-02   0.5491D+00  -0.5921D-02   0.1030D+00  -0.2790D-02   0.9693D-01  -0.2383D-01
  -0.1307D-03  -0.2644D-02  -0.1475D-02  -0.5047D-02  -0.1307D-03  -0.2644D-02  -0.1475D-02  -0.5047D-02
  2.000  0.500
  -0.2102D+02   0.0000D+00  -0.3742D+02   0.0000D+00   0.0000D+00   0.0000D+00  -0.4018D+02   0.0000D+00  -0.2102D+02   0.0000D+00  -0.3742D+02   0.0000D+00
   0.2273D+00   0.0000D+00   0.4623D-01   0.0000D+00   0.4911D-01   0.0000D+00   0.1099D+00   0.0000D+00   0.2442D-01   0.0000D+00   0.0000D+00   0.0000D+00   0.2273D+00   0.0000D+00   0.4623D-01   0.0000D+00   0.4911D-01   0.0000D+00
   0.0000D+00   0.0000D+00   0.0000D+00   0.0000D+00   0.0000D+00   0.0000D+00   0.0000D+00   0.0000D+00
  -0.1022D+02   0.7583D+01  -0.2254D+02   0.4596D+01   0.3645D+01  -0.5166D+01  -0.2799D+02  -0.4976D+00  -0.1022D+02   0.7583D+01  -0.2254D+02   0.4596D+01
   0.5416D+00  -0.8015D-02   0.1093D+00  -0.3475D-02   0.8099D-01  -0.2930D-01   0.2253D+00   0.0000D+00   0.6095D-01   0.4093D-02   0.6684D-02   0.1340D-01   0.5416D+00  -0.8015D-02   0.1093D+00  -0.3475D-02   0.8099D-01  -0.2930D-01
  -0.1867D-03  -0.3031D-02  -0.2072D-02  -0.7150D-02  -0.1867D-03  -0.3031D-02  -0.2072D-02  -0.7150D-02
  2.000  1.000
  -0.1866D+02   0.0000D+00  -0.3322D+02   0.0000D+00   0.0000D+00   0.0000D+00  -0.3567D+02   0.0000D+00  -0.1866D+02   0.0000D+00  -0.3322D+02   0.0000D+00
   0.2273D+00   0.0000D+00   0.4623D-01   0.0000D+00   0.4911D-01   0.0000D+00   0.1099D+00   0.0000D+00   0.2442D-01   0.0000D+00   0.0000D+00   0.0000D+00   0.2273D+00   0.0000D+00   0.4623D-01   0.0000D+00   0.4911D-01   0.0000D+00
   0.0000D+00   0.0000D+00   0.0000D+00   0.0000D+00   0.0000D+00   0.0000D+00   0.0000D+00   0.0000D+00
  -0.1217D+02   0.5976D+01  -0.2509D+02   0.3623D+01   0.2869D+01  -0.4072D+01  -0.2993D+02  -0.3922D+00  -0.1217D+02   0.5976D+01  -0.2509D+02   0.3623D+01
   0.5119D+00  -0.7116D-02   0.1033D+00  -0.3085D-02   0.7872D-01  -0.2601D-01   0.2139D+00   0.0000D+00   0.5732D-01   0.3634D-02   0.6029D-02   0.1189D-01   0.5119D+00  -0.7116D-02   0.1033D+00  -0.3085D-02   0.7872D-01  -0.2601D-01
  -0.1657D-03  -0.2691D-02  -0.1839D-02  -0.6348D-02  -0.1657D-03  -0.2691D-02  -0.1839D-02  -0.6348D-02
  2.000  2.000
  -0.1679D+02   0.0000D+00  -0.2988D+02   0.0000D+00   0.0000D+00   0.0000D+00  -0.3209D+02   0.0000D+00  -0.1679D+02   0.0000D+00  -0.2988D+02   0.0000D+00
   0.2273D+00   0.0000D+00   0.4623D-01   0.0000D+00   0.4911D-01   0.0000D+00   0.1099D+00   0.0000D+00   0.2442D-01   0.0000D+00   0.0000D+00   0.0000D+00   0.2273D+00   0.0000D+00   0.4623D-01   0.0000D+00   0.4911D-01   0.0000D+00
   0.0000D+00   0.0000D+00   0.0000D+00   0.0000D+00   0.0000D+00   0.0000D+00   0.0000D+00   0.0000D+00
  -0.1316D+02   0.4835D+01  -0.2620D+02   0.2931D+01   0.2319D+01  -0.3295D+01  -0.3055D+02  -0.3173D+00  -0.1316D+02   0.4835D+01  -0.2620D+02   0.2931D+01
   0.4835D+00  -0.6401D-02   0.9758D-01  -0.2775D-02   0.7557D-01  -0.2340D-01   0.2038D+00   0.0000D+00   0.5409D-01   0.3269D-02   0.5465D-02   0.1070D-01   0.4835D+00  -0.6401D-02   0.9758D-01  -0.2775D-02   0.7557D-01  -0.2340D-01
  -0.1490D-03  -0.2420D-02  -0.1655D-02  -0.5710D-02  -0.1490D-03  -0.2420D-02  -0.1655D-02  -0.5710D-02
