 LHC=           1 sqrts=   8000.0000000000000      ang=           4 mode=fital                                                                                               scalescheme=           1 R=  0.69999999999999996     
 CT10nlo_rand5678                                                                                             257
 Bin information: chid, chiu, md, mu, mu0
   0.0000000000000000       0.50000000000000000        1101.0000000000000        1172.0000000000000        1136.5000000000000     
 9 scales(muf, mur)*(LO(38), NLO(38))
  0.500  0.500
  -0.8456D-01   0.0000D+00  -0.5940D-01   0.0000D+00   0.0000D+00   0.0000D+00  -0.3163D-01   0.0000D+00  -0.8456D-01   0.0000D+00  -0.5940D-01   0.0000D+00
   0.2364D+00   0.0000D+00   0.3637D-01   0.0000D+00   0.9661D-01   0.0000D+00   0.4365D-01   0.0000D+00   0.9699D-02   0.0000D+00   0.0000D+00   0.0000D+00   0.2364D+00   0.0000D+00   0.3637D-01   0.0000D+00   0.9661D-01   0.0000D+00
   0.0000D+00   0.0000D+00   0.0000D+00   0.0000D+00   0.0000D+00   0.0000D+00   0.0000D+00   0.0000D+00
  -0.6904D-01   0.7043D-02  -0.5215D-01   0.4068D-02   0.3845D-02  -0.2797D-02  -0.2811D-01   0.1211D-02  -0.6904D-01   0.7043D-02  -0.5215D-01   0.4068D-02
   0.1777D+00  -0.1044D-01   0.2816D-01  -0.3090D-02   0.5457D-01  -0.1875D-01   0.3673D-01   0.0000D+00   0.9132D-02   0.1048D-02  -0.1649D-02   0.3431D-02   0.1777D+00  -0.1044D-01   0.2816D-01  -0.3090D-02   0.5457D-01  -0.1875D-01
  -0.1065D-02  -0.2762D-02  -0.1229D-02  -0.2680D-02  -0.1065D-02  -0.2762D-02  -0.1229D-02  -0.2680D-02
  0.500  1.000
  -0.7821D-01   0.0000D+00  -0.5494D-01   0.0000D+00   0.0000D+00   0.0000D+00  -0.2926D-01   0.0000D+00  -0.7821D-01   0.0000D+00  -0.5494D-01   0.0000D+00
   0.2364D+00   0.0000D+00   0.3637D-01   0.0000D+00   0.9661D-01   0.0000D+00   0.4365D-01   0.0000D+00   0.9699D-02   0.0000D+00   0.0000D+00   0.0000D+00   0.2364D+00   0.0000D+00   0.3637D-01   0.0000D+00   0.9661D-01   0.0000D+00
   0.0000D+00   0.0000D+00   0.0000D+00   0.0000D+00   0.0000D+00   0.0000D+00   0.0000D+00   0.0000D+00
  -0.7062D-01   0.6026D-02  -0.5273D-01   0.3480D-02   0.3289D-02  -0.2393D-02  -0.2837D-01   0.1036D-02  -0.7062D-01   0.6026D-02  -0.5273D-01   0.3480D-02
   0.1822D+00  -0.9658D-02   0.2878D-01  -0.2858D-02   0.5773D-01  -0.1734D-01   0.3725D-01   0.0000D+00   0.9176D-02   0.9696D-03  -0.1525D-02   0.3173D-02   0.1822D+00  -0.9658D-02   0.2878D-01  -0.2858D-02   0.5773D-01  -0.1734D-01
  -0.9850D-03  -0.2555D-02  -0.1137D-02  -0.2479D-02  -0.9850D-03  -0.2555D-02  -0.1137D-02  -0.2479D-02
  0.500  2.000
  -0.7277D-01   0.0000D+00  -0.5112D-01   0.0000D+00   0.0000D+00   0.0000D+00  -0.2722D-01   0.0000D+00  -0.7277D-01   0.0000D+00  -0.5112D-01   0.0000D+00
   0.2364D+00   0.0000D+00   0.3637D-01   0.0000D+00   0.9661D-01   0.0000D+00   0.4365D-01   0.0000D+00   0.9699D-02   0.0000D+00   0.0000D+00   0.0000D+00   0.2364D+00   0.0000D+00   0.3637D-01   0.0000D+00   0.9661D-01   0.0000D+00
   0.0000D+00   0.0000D+00   0.0000D+00   0.0000D+00   0.0000D+00   0.0000D+00   0.0000D+00   0.0000D+00
  -0.7111D-01   0.5216D-02  -0.5265D-01   0.3012D-02   0.2847D-02  -0.2072D-02  -0.2829D-01   0.8970D-03  -0.7111D-01   0.5216D-02  -0.5265D-01   0.3012D-02
   0.1860D+00  -0.8985D-02   0.2931D-01  -0.2659D-02   0.6045D-01  -0.1613D-01   0.3770D-01   0.0000D+00   0.9213D-02   0.9021D-03  -0.1419D-02   0.2952D-02   0.1860D+00  -0.8985D-02   0.2931D-01  -0.2659D-02   0.6045D-01  -0.1613D-01
  -0.9164D-03  -0.2377D-02  -0.1058D-02  -0.2306D-02  -0.9164D-03  -0.2377D-02  -0.1058D-02  -0.2306D-02
  1.000  0.500
  -0.7497D-01   0.0000D+00  -0.5262D-01   0.0000D+00   0.0000D+00   0.0000D+00  -0.2791D-01   0.0000D+00  -0.7497D-01   0.0000D+00  -0.5262D-01   0.0000D+00
   0.2089D+00   0.0000D+00   0.3210D-01   0.0000D+00   0.8570D-01   0.0000D+00   0.3845D-01   0.0000D+00   0.8544D-02   0.0000D+00   0.0000D+00   0.0000D+00   0.2089D+00   0.0000D+00   0.3210D-01   0.0000D+00   0.8570D-01   0.0000D+00
   0.0000D+00   0.0000D+00   0.0000D+00   0.0000D+00   0.0000D+00   0.0000D+00   0.0000D+00   0.0000D+00
  -0.7020D-01   0.6229D-02  -0.5254D-01   0.3599D-02   0.3424D-02  -0.2468D-02  -0.2824D-01   0.1077D-02  -0.7020D-01   0.6229D-02  -0.5254D-01   0.3599D-02
   0.1824D+00  -0.9260D-02   0.2873D-01  -0.2737D-02   0.5862D-01  -0.1656D-01   0.3712D-01   0.0000D+00   0.9107D-02   0.9233D-03  -0.1432D-02   0.3022D-02   0.1824D+00  -0.9260D-02   0.2873D-01  -0.2737D-02   0.5862D-01  -0.1656D-01
  -0.9442D-03  -0.2444D-02  -0.1084D-02  -0.2363D-02  -0.9442D-03  -0.2444D-02  -0.1084D-02  -0.2363D-02
  1.000  1.000
  -0.6935D-01   0.0000D+00  -0.4867D-01   0.0000D+00   0.0000D+00   0.0000D+00  -0.2581D-01   0.0000D+00  -0.6935D-01   0.0000D+00  -0.4867D-01   0.0000D+00
   0.2089D+00   0.0000D+00   0.3210D-01   0.0000D+00   0.8570D-01   0.0000D+00   0.3845D-01   0.0000D+00   0.8544D-02   0.0000D+00   0.0000D+00   0.0000D+00   0.2089D+00   0.0000D+00   0.3210D-01   0.0000D+00   0.8570D-01   0.0000D+00
   0.0000D+00   0.0000D+00   0.0000D+00   0.0000D+00   0.0000D+00   0.0000D+00   0.0000D+00   0.0000D+00
  -0.7030D-01   0.5329D-02  -0.5214D-01   0.3079D-02   0.2929D-02  -0.2111D-02  -0.2797D-01   0.9212D-03  -0.7030D-01   0.5329D-02  -0.5214D-01   0.3079D-02
   0.1844D+00  -0.8566D-02   0.2898D-01  -0.2532D-02   0.6066D-01  -0.1532D-01   0.3723D-01   0.0000D+00   0.9066D-02   0.8540D-03  -0.1324D-02   0.2795D-02   0.1844D+00  -0.8566D-02   0.2898D-01  -0.2532D-02   0.6066D-01  -0.1532D-01
  -0.8734D-03  -0.2261D-02  -0.1003D-02  -0.2186D-02  -0.8734D-03  -0.2261D-02  -0.1003D-02  -0.2186D-02
  1.000  2.000
  -0.6452D-01   0.0000D+00  -0.4528D-01   0.0000D+00   0.0000D+00   0.0000D+00  -0.2401D-01   0.0000D+00  -0.6452D-01   0.0000D+00  -0.4528D-01   0.0000D+00
   0.2089D+00   0.0000D+00   0.3210D-01   0.0000D+00   0.8570D-01   0.0000D+00   0.3845D-01   0.0000D+00   0.8544D-02   0.0000D+00   0.0000D+00   0.0000D+00   0.2089D+00   0.0000D+00   0.3210D-01   0.0000D+00   0.8570D-01   0.0000D+00
   0.0000D+00   0.0000D+00   0.0000D+00   0.0000D+00   0.0000D+00   0.0000D+00   0.0000D+00   0.0000D+00
  -0.6970D-01   0.4613D-02  -0.5134D-01   0.2665D-02   0.2536D-02  -0.1827D-02  -0.2751D-01   0.7973D-03  -0.6970D-01   0.4613D-02  -0.5134D-01   0.2665D-02
   0.1861D+00  -0.7969D-02   0.2920D-01  -0.2356D-02   0.6241D-01  -0.1425D-01   0.3732D-01   0.0000D+00   0.9031D-02   0.7945D-03  -0.1232D-02   0.2600D-02   0.1861D+00  -0.7969D-02   0.2920D-01  -0.2356D-02   0.6241D-01  -0.1425D-01
  -0.8125D-03  -0.2103D-02  -0.9329D-03  -0.2034D-02  -0.8125D-03  -0.2103D-02  -0.9329D-03  -0.2034D-02
  2.000  0.500
  -0.6697D-01   0.0000D+00  -0.4689D-01   0.0000D+00   0.0000D+00   0.0000D+00  -0.2479D-01   0.0000D+00  -0.6697D-01   0.0000D+00  -0.4689D-01   0.0000D+00
   0.1861D+00   0.0000D+00   0.2856D-01   0.0000D+00   0.7653D-01   0.0000D+00   0.3412D-01   0.0000D+00   0.7583D-02   0.0000D+00   0.0000D+00   0.0000D+00   0.1861D+00   0.0000D+00   0.2856D-01   0.0000D+00   0.7653D-01   0.0000D+00
   0.0000D+00   0.0000D+00   0.0000D+00   0.0000D+00   0.0000D+00   0.0000D+00   0.0000D+00   0.0000D+00
  -0.7089D-01   0.5557D-02  -0.5267D-01   0.3209D-02   0.3025D-02  -0.2193D-02  -0.2833D-01   0.9651D-03  -0.7089D-01   0.5557D-02  -0.5267D-01   0.3209D-02
   0.1851D+00  -0.8272D-02   0.2915D-01  -0.2441D-02   0.6186D-01  -0.1476D-01   0.3738D-01   0.0000D+00   0.9058D-02   0.8196D-03  -0.1275D-02   0.2682D-02   0.1851D+00  -0.8272D-02   0.2915D-01  -0.2441D-02   0.6186D-01  -0.1476D-01
  -0.8458D-03  -0.2176D-02  -0.9651D-03  -0.2102D-02  -0.8458D-03  -0.2176D-02  -0.9651D-03  -0.2102D-02
  2.000  1.000
  -0.6194D-01   0.0000D+00  -0.4338D-01   0.0000D+00   0.0000D+00   0.0000D+00  -0.2293D-01   0.0000D+00  -0.6194D-01   0.0000D+00  -0.4338D-01   0.0000D+00
   0.1861D+00   0.0000D+00   0.2856D-01   0.0000D+00   0.7653D-01   0.0000D+00   0.3412D-01   0.0000D+00   0.7583D-02   0.0000D+00   0.0000D+00   0.0000D+00   0.1861D+00   0.0000D+00   0.2856D-01   0.0000D+00   0.7653D-01   0.0000D+00
   0.0000D+00   0.0000D+00   0.0000D+00   0.0000D+00   0.0000D+00   0.0000D+00   0.0000D+00   0.0000D+00
  -0.6980D-01   0.4754D-02  -0.5147D-01   0.2746D-02   0.2588D-02  -0.1876D-02  -0.2763D-01   0.8257D-03  -0.6980D-01   0.4754D-02  -0.5147D-01   0.2746D-02
   0.1852D+00  -0.7651D-02   0.2911D-01  -0.2258D-02   0.6297D-01  -0.1365D-01   0.3714D-01   0.0000D+00   0.8948D-02   0.7581D-03  -0.1180D-02   0.2481D-02   0.1852D+00  -0.7651D-02   0.2911D-01  -0.2258D-02   0.6297D-01  -0.1365D-01
  -0.7823D-03  -0.2013D-02  -0.8926D-03  -0.1944D-02  -0.7823D-03  -0.2013D-02  -0.8926D-03  -0.1944D-02
  2.000  2.000
  -0.5763D-01   0.0000D+00  -0.4035D-01   0.0000D+00   0.0000D+00   0.0000D+00  -0.2134D-01   0.0000D+00  -0.5763D-01   0.0000D+00  -0.4035D-01   0.0000D+00
   0.1861D+00   0.0000D+00   0.2856D-01   0.0000D+00   0.7653D-01   0.0000D+00   0.3412D-01   0.0000D+00   0.7583D-02   0.0000D+00   0.0000D+00   0.0000D+00   0.1861D+00   0.0000D+00   0.2856D-01   0.0000D+00   0.7653D-01   0.0000D+00
   0.0000D+00   0.0000D+00   0.0000D+00   0.0000D+00   0.0000D+00   0.0000D+00   0.0000D+00   0.0000D+00
  -0.6832D-01   0.4115D-02  -0.5009D-01   0.2377D-02   0.2240D-02  -0.1624D-02  -0.2684D-01   0.7147D-03  -0.6832D-01   0.4115D-02  -0.5009D-01   0.2377D-02
   0.1853D+00  -0.7118D-02   0.2908D-01  -0.2100D-02   0.6392D-01  -0.1270D-01   0.3693D-01   0.0000D+00   0.8854D-02   0.7053D-03  -0.1098D-02   0.2308D-02   0.1853D+00  -0.7118D-02   0.2908D-01  -0.2100D-02   0.6392D-01  -0.1270D-01
  -0.7278D-03  -0.1873D-02  -0.8305D-03  -0.1808D-02  -0.7278D-03  -0.1873D-02  -0.8305D-03  -0.1808D-02
