 LHC=           1 sqrts=   8000.0000000000000      ang=           4 mode=fital                                                                                               scalescheme=           1 R=  0.69999999999999996     
 CT10nlo_rand5678                                                                                             257
 Bin information: chid, chiu, md, mu, mu0
   0.0000000000000000       0.50000000000000000        3250.0000000000000        3500.0000000000000        3375.0000000000000     
 9 scales(muf, mur)*(LO(38), NLO(38))
  0.500  0.500
  -0.5966D-07   0.0000D+00  -0.8025D-07   0.0000D+00   0.0000D+00   0.0000D+00  -0.5833D-07   0.0000D+00  -0.5966D-07   0.0000D+00  -0.8025D-07   0.0000D+00
   0.2602D-05   0.0000D+00   0.4663D-06   0.0000D+00   0.6703D-06   0.0000D+00   0.7865D-06   0.0000D+00   0.1748D-06   0.0000D+00   0.0000D+00   0.0000D+00   0.2602D-05   0.0000D+00   0.4663D-06   0.0000D+00   0.6703D-06   0.0000D+00
   0.0000D+00   0.0000D+00   0.0000D+00   0.0000D+00   0.0000D+00   0.0000D+00   0.0000D+00   0.0000D+00
  -0.6310D-07   0.8720D-08  -0.8499D-07   0.4587D-08   0.5305D-08  -0.4580D-08  -0.6110D-07   0.7044D-09  -0.6310D-07   0.8720D-08  -0.8499D-07   0.4587D-08
   0.2403D-05  -0.6436D-07   0.4344D-06  -0.2529D-07   0.4691D-06  -0.1902D-06   0.7341D-06   0.0000D+00   0.1794D-06   0.1677D-07   0.1887D-08   0.5488D-07   0.2403D-05  -0.6436D-07   0.4344D-06  -0.2529D-07   0.4691D-06  -0.1902D-06
  -0.6928D-08  -0.2077D-07  -0.1695D-07  -0.3457D-07  -0.6928D-08  -0.2077D-07  -0.1695D-07  -0.3457D-07
  0.500  1.000
  -0.5566D-07   0.0000D+00  -0.7487D-07   0.0000D+00   0.0000D+00   0.0000D+00  -0.5443D-07   0.0000D+00  -0.5566D-07   0.0000D+00  -0.7487D-07   0.0000D+00
   0.2602D-05   0.0000D+00   0.4663D-06   0.0000D+00   0.6703D-06   0.0000D+00   0.7865D-06   0.0000D+00   0.1748D-06   0.0000D+00   0.0000D+00   0.0000D+00   0.2602D-05   0.0000D+00   0.4663D-06   0.0000D+00   0.6703D-06   0.0000D+00
   0.0000D+00   0.0000D+00   0.0000D+00   0.0000D+00   0.0000D+00   0.0000D+00   0.0000D+00   0.0000D+00
  -0.6227D-07   0.7591D-08  -0.8386D-07   0.3993D-08   0.4618D-08  -0.3987D-08  -0.6037D-07   0.6131D-09  -0.6227D-07   0.7591D-08  -0.8386D-07   0.3993D-08
   0.2416D-05  -0.6005D-07   0.4365D-06  -0.2359D-07   0.4826D-06  -0.1775D-06   0.7376D-06   0.0000D+00   0.1791D-06   0.1565D-07   0.1761D-08   0.5121D-07   0.2416D-05  -0.6005D-07   0.4365D-06  -0.2359D-07   0.4826D-06  -0.1775D-06
  -0.6463D-08  -0.1937D-07  -0.1581D-07  -0.3225D-07  -0.6463D-08  -0.1937D-07  -0.1581D-07  -0.3225D-07
  0.500  2.000
  -0.5217D-07   0.0000D+00  -0.7018D-07   0.0000D+00   0.0000D+00   0.0000D+00  -0.5102D-07   0.0000D+00  -0.5217D-07   0.0000D+00  -0.7018D-07   0.0000D+00
   0.2602D-05   0.0000D+00   0.4663D-06   0.0000D+00   0.6703D-06   0.0000D+00   0.7865D-06   0.0000D+00   0.1748D-06   0.0000D+00   0.0000D+00   0.0000D+00   0.2602D-05   0.0000D+00   0.4663D-06   0.0000D+00   0.6703D-06   0.0000D+00
   0.0000D+00   0.0000D+00   0.0000D+00   0.0000D+00   0.0000D+00   0.0000D+00   0.0000D+00   0.0000D+00
  -0.6116D-07   0.6669D-08  -0.8235D-07   0.3508D-08   0.4058D-08  -0.3503D-08  -0.5934D-07   0.5387D-09  -0.6116D-07   0.6669D-08  -0.8235D-07   0.3508D-08
   0.2428D-05  -0.5629D-07   0.4384D-06  -0.2212D-07   0.4944D-06  -0.1664D-06   0.7407D-06   0.0000D+00   0.1788D-06   0.1467D-07   0.1651D-08   0.4800D-07   0.2428D-05  -0.5629D-07   0.4384D-06  -0.2212D-07   0.4944D-06  -0.1664D-06
  -0.6058D-08  -0.1816D-07  -0.1482D-07  -0.3023D-07  -0.6058D-08  -0.1816D-07  -0.1482D-07  -0.3023D-07
  1.000  0.500
  -0.4509D-07   0.0000D+00  -0.6123D-07   0.0000D+00   0.0000D+00   0.0000D+00  -0.4485D-07   0.0000D+00  -0.4509D-07   0.0000D+00  -0.6123D-07   0.0000D+00
   0.1992D-05   0.0000D+00   0.3574D-06   0.0000D+00   0.5088D-06   0.0000D+00   0.6095D-06   0.0000D+00   0.1354D-06   0.0000D+00   0.0000D+00   0.0000D+00   0.1992D-05   0.0000D+00   0.3574D-06   0.0000D+00   0.5088D-06   0.0000D+00
   0.0000D+00   0.0000D+00   0.0000D+00   0.0000D+00   0.0000D+00   0.0000D+00   0.0000D+00   0.0000D+00
  -0.6023D-07   0.6657D-08  -0.8148D-07   0.3506D-08   0.4232D-08  -0.3522D-08  -0.5876D-07   0.5175D-09  -0.6023D-07   0.6657D-08  -0.8148D-07   0.3506D-08
   0.2375D-05  -0.4885D-07   0.4282D-06  -0.1929D-07   0.4948D-06  -0.1457D-06   0.7254D-06   0.0000D+00   0.1737D-06   0.1300D-07   0.1635D-08   0.4254D-07   0.2375D-05  -0.4885D-07   0.4282D-06  -0.1929D-07   0.4948D-06  -0.1457D-06
  -0.5236D-08  -0.1586D-07  -0.1302D-07  -0.2665D-07  -0.5236D-08  -0.1586D-07  -0.1302D-07  -0.2665D-07
  1.000  1.000
  -0.4207D-07   0.0000D+00  -0.5712D-07   0.0000D+00   0.0000D+00   0.0000D+00  -0.4185D-07   0.0000D+00  -0.4207D-07   0.0000D+00  -0.5712D-07   0.0000D+00
   0.1992D-05   0.0000D+00   0.3574D-06   0.0000D+00   0.5088D-06   0.0000D+00   0.6095D-06   0.0000D+00   0.1354D-06   0.0000D+00   0.0000D+00   0.0000D+00   0.1992D-05   0.0000D+00   0.3574D-06   0.0000D+00   0.5088D-06   0.0000D+00
   0.0000D+00   0.0000D+00   0.0000D+00   0.0000D+00   0.0000D+00   0.0000D+00   0.0000D+00   0.0000D+00
  -0.5798D-07   0.5795D-08  -0.7846D-07   0.3052D-08   0.3684D-08  -0.3066D-08  -0.5667D-07   0.4504D-09  -0.5798D-07   0.5795D-08  -0.7846D-07   0.3052D-08
   0.2349D-05  -0.4557D-07   0.4235D-06  -0.1800D-07   0.4958D-06  -0.1359D-06   0.7176D-06   0.0000D+00   0.1711D-06   0.1213D-07   0.1526D-08   0.3969D-07   0.2349D-05  -0.4557D-07   0.4235D-06  -0.1800D-07   0.4958D-06  -0.1359D-06
  -0.4885D-08  -0.1480D-07  -0.1215D-07  -0.2487D-07  -0.4885D-08  -0.1480D-07  -0.1215D-07  -0.2487D-07
  1.000  2.000
  -0.3944D-07   0.0000D+00  -0.5355D-07   0.0000D+00   0.0000D+00   0.0000D+00  -0.3923D-07   0.0000D+00  -0.3944D-07   0.0000D+00  -0.5355D-07   0.0000D+00
   0.1992D-05   0.0000D+00   0.3574D-06   0.0000D+00   0.5088D-06   0.0000D+00   0.6095D-06   0.0000D+00   0.1354D-06   0.0000D+00   0.0000D+00   0.0000D+00   0.1992D-05   0.0000D+00   0.3574D-06   0.0000D+00   0.5088D-06   0.0000D+00
   0.0000D+00   0.0000D+00   0.0000D+00   0.0000D+00   0.0000D+00   0.0000D+00   0.0000D+00   0.0000D+00
  -0.5581D-07   0.5091D-08  -0.7555D-07   0.2681D-08   0.3237D-08  -0.2694D-08  -0.5464D-07   0.3957D-09  -0.5581D-07   0.5091D-08  -0.7555D-07   0.2681D-08
   0.2327D-05  -0.4272D-07   0.4194D-06  -0.1687D-07   0.4966D-06  -0.1274D-06   0.7109D-06   0.0000D+00   0.1689D-06   0.1137D-07   0.1430D-08   0.3721D-07   0.2327D-05  -0.4272D-07   0.4194D-06  -0.1687D-07   0.4966D-06  -0.1274D-06
  -0.4579D-08  -0.1387D-07  -0.1138D-07  -0.2331D-07  -0.4579D-08  -0.1387D-07  -0.1138D-07  -0.2331D-07
  2.000  0.500
  -0.3475D-07   0.0000D+00  -0.4748D-07   0.0000D+00   0.0000D+00   0.0000D+00  -0.3506D-07   0.0000D+00  -0.3475D-07   0.0000D+00  -0.4748D-07   0.0000D+00
   0.1552D-05   0.0000D+00   0.2790D-06   0.0000D+00   0.3936D-06   0.0000D+00   0.4802D-06   0.0000D+00   0.1067D-06   0.0000D+00   0.0000D+00   0.0000D+00   0.1552D-05   0.0000D+00   0.2790D-06   0.0000D+00   0.3936D-06   0.0000D+00
   0.0000D+00   0.0000D+00   0.0000D+00   0.0000D+00   0.0000D+00   0.0000D+00   0.0000D+00   0.0000D+00
  -0.5607D-07   0.5169D-08  -0.7610D-07   0.2727D-08   0.3211D-08  -0.2754D-08  -0.5533D-07   0.3897D-09  -0.5607D-07   0.5169D-08  -0.7610D-07   0.2727D-08
   0.2268D-05  -0.3778D-07   0.4091D-06  -0.1500D-07   0.4902D-06  -0.1134D-06   0.6952D-06   0.0000D+00   0.1642D-06   0.1024D-07   0.1164D-08   0.3352D-07   0.2268D-05  -0.3778D-07   0.4091D-06  -0.1500D-07   0.4902D-06  -0.1134D-06
  -0.4036D-08  -0.1233D-07  -0.1016D-07  -0.2088D-07  -0.4036D-08  -0.1233D-07  -0.1016D-07  -0.2088D-07
  2.000  1.000
  -0.3242D-07   0.0000D+00  -0.4430D-07   0.0000D+00   0.0000D+00   0.0000D+00  -0.3271D-07   0.0000D+00  -0.3242D-07   0.0000D+00  -0.4430D-07   0.0000D+00
   0.1552D-05   0.0000D+00   0.2790D-06   0.0000D+00   0.3936D-06   0.0000D+00   0.4802D-06   0.0000D+00   0.1067D-06   0.0000D+00   0.0000D+00   0.0000D+00   0.1552D-05   0.0000D+00   0.2790D-06   0.0000D+00   0.3936D-06   0.0000D+00
   0.0000D+00   0.0000D+00   0.0000D+00   0.0000D+00   0.0000D+00   0.0000D+00   0.0000D+00   0.0000D+00
  -0.5309D-07   0.4499D-08  -0.7209D-07   0.2374D-08   0.2795D-08  -0.2398D-08  -0.5248D-07   0.3392D-09  -0.5309D-07   0.4499D-08  -0.7209D-07   0.2374D-08
   0.2220D-05  -0.3525D-07   0.4004D-06  -0.1399D-07   0.4837D-06  -0.1058D-06   0.6808D-06   0.0000D+00   0.1603D-06   0.9558D-08   0.1086D-08   0.3128D-07   0.2220D-05  -0.3525D-07   0.4004D-06  -0.1399D-07   0.4837D-06  -0.1058D-06
  -0.3766D-08  -0.1150D-07  -0.9483D-08  -0.1948D-07  -0.3766D-08  -0.1150D-07  -0.9483D-08  -0.1948D-07
  2.000  2.000
  -0.3039D-07   0.0000D+00  -0.4152D-07   0.0000D+00   0.0000D+00   0.0000D+00  -0.3066D-07   0.0000D+00  -0.3039D-07   0.0000D+00  -0.4152D-07   0.0000D+00
   0.1552D-05   0.0000D+00   0.2790D-06   0.0000D+00   0.3936D-06   0.0000D+00   0.4802D-06   0.0000D+00   0.1067D-06   0.0000D+00   0.0000D+00   0.0000D+00   0.1552D-05   0.0000D+00   0.2790D-06   0.0000D+00   0.3936D-06   0.0000D+00
   0.0000D+00   0.0000D+00   0.0000D+00   0.0000D+00   0.0000D+00   0.0000D+00   0.0000D+00   0.0000D+00
  -0.5040D-07   0.3953D-08  -0.6847D-07   0.2086D-08   0.2456D-08  -0.2107D-08  -0.4990D-07   0.2980D-09  -0.5040D-07   0.3953D-08  -0.6847D-07   0.2086D-08
   0.2178D-05  -0.3304D-07   0.3928D-06  -0.1312D-07   0.4781D-06  -0.9922D-07   0.6683D-06   0.0000D+00   0.1570D-06   0.8959D-08   0.1018D-08   0.2932D-07   0.2178D-05  -0.3304D-07   0.3928D-06  -0.1312D-07   0.4781D-06  -0.9922D-07
  -0.3530D-08  -0.1078D-07  -0.8889D-08  -0.1826D-07  -0.3530D-08  -0.1078D-07  -0.8889D-08  -0.1826D-07
