 LHC=           1 sqrts=   8000.0000000000000      ang=           4 mode=fital                                                                                               scalescheme=           1 R=  0.69999999999999996     
 CT10nlo_rand5678                                                                                             297
 Bin information: chid, chiu, md, mu, mu0
   0.0000000000000000       0.50000000000000000        3250.0000000000000        3500.0000000000000        3375.0000000000000     
 9 scales(muf, mur)*(LO(38), NLO(38))
  0.500  0.500
  -0.6407D-07   0.0000D+00  -0.4321D-07   0.0000D+00   0.0000D+00   0.0000D+00  -0.1434D-07   0.0000D+00  -0.6407D-07   0.0000D+00  -0.4321D-07   0.0000D+00
   0.1554D-05   0.0000D+00   0.2313D-06   0.0000D+00   0.6847D-06   0.0000D+00   0.1657D-06   0.0000D+00   0.3682D-07   0.0000D+00   0.0000D+00   0.0000D+00   0.1554D-05   0.0000D+00   0.2313D-06   0.0000D+00   0.6847D-06   0.0000D+00
   0.0000D+00   0.0000D+00   0.0000D+00   0.0000D+00   0.0000D+00   0.0000D+00   0.0000D+00   0.0000D+00
  -0.7159D-07   0.4400D-08  -0.4707D-07   0.2335D-08  -0.6710D-10  -0.1127D-08  -0.1458D-07   0.1197D-08  -0.7159D-07   0.4400D-08  -0.4707D-07   0.2335D-08
   0.1447D-05  -0.6576D-07   0.2139D-06  -0.1870D-07   0.5733D-06  -0.1087D-06   0.1627D-06   0.0000D+00   0.3920D-07   0.3536D-08  -0.2308D-08   0.1157D-07   0.1447D-05  -0.6576D-07   0.2139D-06  -0.1870D-07   0.5733D-06  -0.1087D-06
  -0.7485D-08  -0.1623D-07  -0.6695D-08  -0.1307D-07  -0.7485D-08  -0.1623D-07  -0.6695D-08  -0.1307D-07
  0.500  1.000
  -0.5978D-07   0.0000D+00  -0.4032D-07   0.0000D+00   0.0000D+00   0.0000D+00  -0.1338D-07   0.0000D+00  -0.5978D-07   0.0000D+00  -0.4032D-07   0.0000D+00
   0.1554D-05   0.0000D+00   0.2313D-06   0.0000D+00   0.6847D-06   0.0000D+00   0.1657D-06   0.0000D+00   0.3682D-07   0.0000D+00   0.0000D+00   0.0000D+00   0.1554D-05   0.0000D+00   0.2313D-06   0.0000D+00   0.6847D-06   0.0000D+00
   0.0000D+00   0.0000D+00   0.0000D+00   0.0000D+00   0.0000D+00   0.0000D+00   0.0000D+00   0.0000D+00
  -0.7020D-07   0.3830D-08  -0.4630D-07   0.2032D-08  -0.5838D-10  -0.9811D-09  -0.1446D-07   0.1042D-08  -0.7020D-07   0.3830D-08  -0.4630D-07   0.2032D-08
   0.1454D-05  -0.6136D-07   0.2151D-06  -0.1744D-07   0.5808D-06  -0.1014D-06   0.1629D-06   0.0000D+00   0.3904D-07   0.3299D-08  -0.2153D-08   0.1080D-07   0.1454D-05  -0.6136D-07   0.2151D-06  -0.1744D-07   0.5808D-06  -0.1014D-06
  -0.6983D-08  -0.1515D-07  -0.6246D-08  -0.1220D-07  -0.6983D-08  -0.1515D-07  -0.6246D-08  -0.1220D-07
  0.500  2.000
  -0.5603D-07   0.0000D+00  -0.3779D-07   0.0000D+00   0.0000D+00   0.0000D+00  -0.1254D-07   0.0000D+00  -0.5603D-07   0.0000D+00  -0.3779D-07   0.0000D+00
   0.1554D-05   0.0000D+00   0.2313D-06   0.0000D+00   0.6847D-06   0.0000D+00   0.1657D-06   0.0000D+00   0.3682D-07   0.0000D+00   0.0000D+00   0.0000D+00   0.1554D-05   0.0000D+00   0.2313D-06   0.0000D+00   0.6847D-06   0.0000D+00
   0.0000D+00   0.0000D+00   0.0000D+00   0.0000D+00   0.0000D+00   0.0000D+00   0.0000D+00   0.0000D+00
  -0.6860D-07   0.3365D-08  -0.4535D-07   0.1786D-08  -0.5127D-10  -0.8620D-09  -0.1425D-07   0.9157D-09  -0.6860D-07   0.3365D-08  -0.4535D-07   0.1786D-08
   0.1460D-05  -0.5751D-07   0.2161D-06  -0.1635D-07   0.5873D-06  -0.9504D-07   0.1631D-06   0.0000D+00   0.3890D-07   0.3092D-08  -0.2018D-08   0.1012D-07   0.1460D-05  -0.5751D-07   0.2161D-06  -0.1635D-07   0.5873D-06  -0.9504D-07
  -0.6546D-08  -0.1420D-07  -0.5855D-08  -0.1143D-07  -0.6546D-08  -0.1420D-07  -0.5855D-08  -0.1143D-07
  1.000  0.500
  -0.4782D-07   0.0000D+00  -0.3241D-07   0.0000D+00   0.0000D+00   0.0000D+00  -0.1074D-07   0.0000D+00  -0.4782D-07   0.0000D+00  -0.3241D-07   0.0000D+00
   0.1163D-05   0.0000D+00   0.1733D-06   0.0000D+00   0.5112D-06   0.0000D+00   0.1242D-06   0.0000D+00   0.2759D-07   0.0000D+00   0.0000D+00   0.0000D+00   0.1163D-05   0.0000D+00   0.1733D-06   0.0000D+00   0.5112D-06   0.0000D+00
   0.0000D+00   0.0000D+00   0.0000D+00   0.0000D+00   0.0000D+00   0.0000D+00   0.0000D+00   0.0000D+00
  -0.6747D-07   0.3300D-08  -0.4464D-07   0.1745D-08  -0.8687D-10  -0.8443D-09  -0.1401D-07   0.8987D-09  -0.6747D-07   0.3300D-08  -0.4464D-07   0.1745D-08
   0.1421D-05  -0.4909D-07   0.2102D-06  -0.1397D-07   0.5773D-06  -0.8142D-07   0.1577D-06   0.0000D+00   0.3733D-07   0.2649D-08  -0.1648D-08   0.8671D-08   0.1421D-05  -0.4909D-07   0.2102D-06  -0.1397D-07   0.5773D-06  -0.8142D-07
  -0.5587D-08  -0.1212D-07  -0.5020D-08  -0.9829D-08  -0.5587D-08  -0.1212D-07  -0.5020D-08  -0.9829D-08
  1.000  1.000
  -0.4462D-07   0.0000D+00  -0.3024D-07   0.0000D+00   0.0000D+00   0.0000D+00  -0.1002D-07   0.0000D+00  -0.4462D-07   0.0000D+00  -0.3024D-07   0.0000D+00
   0.1163D-05   0.0000D+00   0.1733D-06   0.0000D+00   0.5112D-06   0.0000D+00   0.1242D-06   0.0000D+00   0.2759D-07   0.0000D+00   0.0000D+00   0.0000D+00   0.1163D-05   0.0000D+00   0.1733D-06   0.0000D+00   0.5112D-06   0.0000D+00
   0.0000D+00   0.0000D+00   0.0000D+00   0.0000D+00   0.0000D+00   0.0000D+00   0.0000D+00   0.0000D+00
  -0.6462D-07   0.2872D-08  -0.4285D-07   0.1519D-08  -0.7559D-10  -0.7350D-09  -0.1352D-07   0.7823D-09  -0.6462D-07   0.2872D-08  -0.4285D-07   0.1519D-08
   0.1404D-05  -0.4580D-07   0.2077D-06  -0.1303D-07   0.5729D-06  -0.7597D-07   0.1555D-06   0.0000D+00   0.3668D-07   0.2472D-08  -0.1538D-08   0.8090D-08   0.1404D-05  -0.4580D-07   0.2077D-06  -0.1303D-07   0.5729D-06  -0.7597D-07
  -0.5212D-08  -0.1131D-07  -0.4683D-08  -0.9170D-08  -0.5212D-08  -0.1131D-07  -0.4683D-08  -0.9170D-08
  1.000  2.000
  -0.4182D-07   0.0000D+00  -0.2835D-07   0.0000D+00   0.0000D+00   0.0000D+00  -0.9396D-08   0.0000D+00  -0.4182D-07   0.0000D+00  -0.2835D-07   0.0000D+00
   0.1163D-05   0.0000D+00   0.1733D-06   0.0000D+00   0.5112D-06   0.0000D+00   0.1242D-06   0.0000D+00   0.2759D-07   0.0000D+00   0.0000D+00   0.0000D+00   0.1163D-05   0.0000D+00   0.1733D-06   0.0000D+00   0.5112D-06   0.0000D+00
   0.0000D+00   0.0000D+00   0.0000D+00   0.0000D+00   0.0000D+00   0.0000D+00   0.0000D+00   0.0000D+00
  -0.6194D-07   0.2524D-08  -0.4115D-07   0.1335D-08  -0.6640D-10  -0.6457D-09  -0.1304D-07   0.6873D-09  -0.6194D-07   0.2524D-08  -0.4115D-07   0.1335D-08
   0.1389D-05  -0.4293D-07   0.2056D-06  -0.1221D-07   0.5690D-06  -0.7121D-07   0.1535D-06   0.0000D+00   0.3611D-07   0.2317D-08  -0.1441D-08   0.7583D-08   0.1389D-05  -0.4293D-07   0.2056D-06  -0.1221D-07   0.5690D-06  -0.7121D-07
  -0.4886D-08  -0.1060D-07  -0.4390D-08  -0.8596D-08  -0.4886D-08  -0.1060D-07  -0.4390D-08  -0.8596D-08
  2.000  0.500
  -0.3641D-07   0.0000D+00  -0.2477D-07   0.0000D+00   0.0000D+00   0.0000D+00  -0.8200D-08   0.0000D+00  -0.3641D-07   0.0000D+00  -0.2477D-07   0.0000D+00
   0.8883D-06   0.0000D+00   0.1324D-06   0.0000D+00   0.3890D-06   0.0000D+00   0.9471D-07   0.0000D+00   0.2105D-07   0.0000D+00   0.0000D+00   0.0000D+00   0.8883D-06   0.0000D+00   0.1324D-06   0.0000D+00   0.3890D-06   0.0000D+00
   0.0000D+00   0.0000D+00   0.0000D+00   0.0000D+00   0.0000D+00   0.0000D+00   0.0000D+00   0.0000D+00
  -0.6205D-07   0.2522D-08  -0.4126D-07   0.1331D-08  -0.5521D-10  -0.6445D-09  -0.1307D-07   0.6870D-09  -0.6205D-07   0.2522D-08  -0.4126D-07   0.1331D-08
   0.1344D-05  -0.3735D-07   0.1990D-06  -0.1065D-07   0.5534D-06  -0.6207D-07   0.1477D-06   0.0000D+00   0.3457D-07   0.2021D-08  -0.1240D-08   0.6615D-08   0.1344D-05  -0.3735D-07   0.1990D-06  -0.1065D-07   0.5534D-06  -0.6207D-07
  -0.4254D-08  -0.9218D-08  -0.3830D-08  -0.7497D-08  -0.4254D-08  -0.9218D-08  -0.3830D-08  -0.7497D-08
  2.000  1.000
  -0.3397D-07   0.0000D+00  -0.2311D-07   0.0000D+00   0.0000D+00   0.0000D+00  -0.7650D-08   0.0000D+00  -0.3397D-07   0.0000D+00  -0.2311D-07   0.0000D+00
   0.8883D-06   0.0000D+00   0.1324D-06   0.0000D+00   0.3890D-06   0.0000D+00   0.9471D-07   0.0000D+00   0.2105D-07   0.0000D+00   0.0000D+00   0.0000D+00   0.8883D-06   0.0000D+00   0.1324D-06   0.0000D+00   0.3890D-06   0.0000D+00
   0.0000D+00   0.0000D+00   0.0000D+00   0.0000D+00   0.0000D+00   0.0000D+00   0.0000D+00   0.0000D+00
  -0.5850D-07   0.2195D-08  -0.3897D-07   0.1159D-08  -0.4804D-10  -0.5610D-09  -0.1239D-07   0.5980D-09  -0.5850D-07   0.2195D-08  -0.3897D-07   0.1159D-08
   0.1313D-05  -0.3485D-07   0.1945D-06  -0.9938D-08   0.5424D-06  -0.5791D-07   0.1442D-06   0.0000D+00   0.3367D-07   0.1886D-08  -0.1157D-08   0.6172D-08   0.1313D-05  -0.3485D-07   0.1945D-06  -0.9938D-08   0.5424D-06  -0.5791D-07
  -0.3969D-08  -0.8601D-08  -0.3574D-08  -0.6995D-08  -0.3969D-08  -0.8601D-08  -0.3574D-08  -0.6995D-08
  2.000  2.000
  -0.3184D-07   0.0000D+00  -0.2166D-07   0.0000D+00   0.0000D+00   0.0000D+00  -0.7171D-08   0.0000D+00  -0.3184D-07   0.0000D+00  -0.2166D-07   0.0000D+00
   0.8883D-06   0.0000D+00   0.1324D-06   0.0000D+00   0.3890D-06   0.0000D+00   0.9471D-07   0.0000D+00   0.2105D-07   0.0000D+00   0.0000D+00   0.0000D+00   0.8883D-06   0.0000D+00   0.1324D-06   0.0000D+00   0.3890D-06   0.0000D+00
   0.0000D+00   0.0000D+00   0.0000D+00   0.0000D+00   0.0000D+00   0.0000D+00   0.0000D+00   0.0000D+00
  -0.5533D-07   0.1929D-08  -0.3691D-07   0.1018D-08  -0.4220D-10  -0.4929D-09  -0.1177D-07   0.5254D-09  -0.5533D-07   0.1929D-08  -0.3691D-07   0.1018D-08
   0.1287D-05  -0.3267D-07   0.1907D-06  -0.9315D-08   0.5328D-06  -0.5428D-07   0.1411D-06   0.0000D+00   0.3288D-07   0.1768D-08  -0.1085D-08   0.5785D-08   0.1287D-05  -0.3267D-07   0.1907D-06  -0.9315D-08   0.5328D-06  -0.5428D-07
  -0.3720D-08  -0.8062D-08  -0.3350D-08  -0.6557D-08  -0.3720D-08  -0.8062D-08  -0.3350D-08  -0.6557D-08
