 LHC=           1 sqrts=   8000.0000000000000      ang=           4 mode=fital                                                                                               scalescheme=           1 R=  0.69999999999999996     
 CT10nlo_rand5678                                                                                             329
 Bin information: chid, chiu, md, mu, mu0
   0.0000000000000000       0.50000000000000000        272.00000000000000        300.00000000000000        286.00000000000000     
 9 scales(muf, mur)*(LO(38), NLO(38))
  0.500  0.500
  -0.2447D+01   0.0000D+00  -0.2872D+01   0.0000D+00   0.0000D+00   0.0000D+00  -0.2786D+01   0.0000D+00  -0.2447D+01   0.0000D+00  -0.2872D+01   0.0000D+00
   0.6146D+00   0.0000D+00   0.1093D+00   0.0000D+00   0.1619D+00   0.0000D+00   0.2336D+00   0.0000D+00   0.5191D-01   0.0000D+00   0.0000D+00   0.0000D+00   0.6146D+00   0.0000D+00   0.1093D+00   0.0000D+00   0.1619D+00   0.0000D+00
   0.0000D+00   0.0000D+00   0.0000D+00   0.0000D+00   0.0000D+00   0.0000D+00   0.0000D+00   0.0000D+00
  -0.1748D+01   0.4360D+00  -0.2445D+01   0.2659D+00   0.2363D+00  -0.2944D+00  -0.2576D+01  -0.9628D-02  -0.1748D+01   0.4360D+00  -0.2445D+01   0.2659D+00
   0.6446D+00  -0.2091D-01   0.1169D+00  -0.8014D-02   0.1110D+00  -0.5956D-01   0.2467D+00   0.0000D+00   0.6212D-01   0.6701D-02  -0.1294D-02   0.2193D-01   0.6446D+00  -0.2091D-01   0.1169D+00  -0.8014D-02   0.1110D+00  -0.5956D-01
  -0.1450D-02  -0.7149D-02  -0.4450D-02  -0.1216D-01  -0.1450D-02  -0.7149D-02  -0.4450D-02  -0.1216D-01
  0.500  1.000
  -0.2230D+01   0.0000D+00  -0.2617D+01   0.0000D+00   0.0000D+00   0.0000D+00  -0.2538D+01   0.0000D+00  -0.2230D+01   0.0000D+00  -0.2617D+01   0.0000D+00
   0.6146D+00   0.0000D+00   0.1093D+00   0.0000D+00   0.1619D+00   0.0000D+00   0.2336D+00   0.0000D+00   0.5191D-01   0.0000D+00   0.0000D+00   0.0000D+00   0.6146D+00   0.0000D+00   0.1093D+00   0.0000D+00   0.1619D+00   0.0000D+00
   0.0000D+00   0.0000D+00   0.0000D+00   0.0000D+00   0.0000D+00   0.0000D+00   0.0000D+00   0.0000D+00
  -0.1840D+01   0.3619D+00  -0.2486D+01   0.2207D+00   0.1961D+00  -0.2443D+00  -0.2581D+01  -0.7991D-02  -0.1840D+01   0.3619D+00  -0.2486D+01   0.2207D+00
   0.6424D+00  -0.1905D-01   0.1163D+00  -0.7302D-02   0.1157D+00  -0.5426D-01   0.2457D+00   0.0000D+00   0.6125D-01   0.6105D-02  -0.1175D-02   0.1998D-01   0.6424D+00  -0.1905D-01   0.1163D+00  -0.7302D-02   0.1157D+00  -0.5426D-01
  -0.1321D-02  -0.6513D-02  -0.4054D-02  -0.1108D-01  -0.1321D-02  -0.6513D-02  -0.4054D-02  -0.1108D-01
  0.500  2.000
  -0.2048D+01   0.0000D+00  -0.2404D+01   0.0000D+00   0.0000D+00   0.0000D+00  -0.2332D+01   0.0000D+00  -0.2048D+01   0.0000D+00  -0.2404D+01   0.0000D+00
   0.6146D+00   0.0000D+00   0.1093D+00   0.0000D+00   0.1619D+00   0.0000D+00   0.2336D+00   0.0000D+00   0.5191D-01   0.0000D+00   0.0000D+00   0.0000D+00   0.6146D+00   0.0000D+00   0.1093D+00   0.0000D+00   0.1619D+00   0.0000D+00
   0.0000D+00   0.0000D+00   0.0000D+00   0.0000D+00   0.0000D+00   0.0000D+00   0.0000D+00   0.0000D+00
  -0.1881D+01   0.3054D+00  -0.2483D+01   0.1863D+00   0.1655D+00  -0.2062D+00  -0.2551D+01  -0.6744D-02  -0.1881D+01   0.3054D+00  -0.2483D+01   0.1863D+00
   0.6405D+00  -0.1750D-01   0.1158D+00  -0.6708D-02   0.1195D+00  -0.4985D-01   0.2448D+00   0.0000D+00   0.6052D-01   0.5609D-02  -0.1077D-02   0.1836D-01   0.6405D+00  -0.1750D-01   0.1158D+00  -0.6708D-02   0.1195D+00  -0.4985D-01
  -0.1213D-02  -0.5984D-02  -0.3724D-02  -0.1018D-01  -0.1213D-02  -0.5984D-02  -0.3724D-02  -0.1018D-01
  1.000  0.500
  -0.2345D+01   0.0000D+00  -0.2807D+01   0.0000D+00   0.0000D+00   0.0000D+00  -0.2702D+01   0.0000D+00  -0.2345D+01   0.0000D+00  -0.2807D+01   0.0000D+00
   0.5940D+00   0.0000D+00   0.1057D+00   0.0000D+00   0.1552D+00   0.0000D+00   0.2270D+00   0.0000D+00   0.5045D-01   0.0000D+00   0.0000D+00   0.0000D+00   0.5940D+00   0.0000D+00   0.1057D+00   0.0000D+00   0.1552D+00   0.0000D+00
   0.0000D+00   0.0000D+00   0.0000D+00   0.0000D+00   0.0000D+00   0.0000D+00   0.0000D+00   0.0000D+00
  -0.1772D+01   0.4250D+00  -0.2467D+01   0.2570D+00   0.2284D+00  -0.2852D+00  -0.2599D+01  -0.8907D-02  -0.1772D+01   0.4250D+00  -0.2467D+01   0.2570D+00
   0.6288D+00  -0.2000D-01   0.1138D+00  -0.7779D-02   0.1094D+00  -0.5827D-01   0.2439D+00   0.0000D+00   0.6120D-01   0.6512D-02  -0.1014D-02   0.2131D-01   0.6288D+00  -0.2000D-01   0.1138D+00  -0.7779D-02   0.1094D+00  -0.5827D-01
  -0.1403D-02  -0.7006D-02  -0.4337D-02  -0.1176D-01  -0.1403D-02  -0.7006D-02  -0.4337D-02  -0.1176D-01
  1.000  1.000
  -0.2136D+01   0.0000D+00  -0.2557D+01   0.0000D+00   0.0000D+00   0.0000D+00  -0.2462D+01   0.0000D+00  -0.2136D+01   0.0000D+00  -0.2557D+01   0.0000D+00
   0.5940D+00   0.0000D+00   0.1057D+00   0.0000D+00   0.1552D+00   0.0000D+00   0.2270D+00   0.0000D+00   0.5045D-01   0.0000D+00   0.0000D+00   0.0000D+00   0.5940D+00   0.0000D+00   0.1057D+00   0.0000D+00   0.1552D+00   0.0000D+00
   0.0000D+00   0.0000D+00   0.0000D+00   0.0000D+00   0.0000D+00   0.0000D+00   0.0000D+00   0.0000D+00
  -0.1844D+01   0.3528D+00  -0.2494D+01   0.2133D+00   0.1896D+00  -0.2368D+00  -0.2587D+01  -0.7392D-02  -0.1844D+01   0.3528D+00  -0.2494D+01   0.2133D+00
   0.6262D+00  -0.1823D-01   0.1132D+00  -0.7088D-02   0.1136D+00  -0.5309D-01   0.2425D+00   0.0000D+00   0.6028D-01   0.5933D-02  -0.9200D-03   0.1942D-01   0.6262D+00  -0.1823D-01   0.1132D+00  -0.7088D-02   0.1136D+00  -0.5309D-01
  -0.1278D-02  -0.6383D-02  -0.3951D-02  -0.1072D-01  -0.1278D-02  -0.6383D-02  -0.3951D-02  -0.1072D-01
  1.000  2.000
  -0.1963D+01   0.0000D+00  -0.2349D+01   0.0000D+00   0.0000D+00   0.0000D+00  -0.2261D+01   0.0000D+00  -0.1963D+01   0.0000D+00  -0.2349D+01   0.0000D+00
   0.5940D+00   0.0000D+00   0.1057D+00   0.0000D+00   0.1552D+00   0.0000D+00   0.2270D+00   0.0000D+00   0.5045D-01   0.0000D+00   0.0000D+00   0.0000D+00   0.5940D+00   0.0000D+00   0.1057D+00   0.0000D+00   0.1552D+00   0.0000D+00
   0.0000D+00   0.0000D+00   0.0000D+00   0.0000D+00   0.0000D+00   0.0000D+00   0.0000D+00   0.0000D+00
  -0.1870D+01   0.2977D+00  -0.2481D+01   0.1800D+00   0.1600D+00  -0.1998D+00  -0.2545D+01  -0.6238D-02  -0.1870D+01   0.2977D+00  -0.2481D+01   0.1800D+00
   0.6239D+00  -0.1674D-01   0.1126D+00  -0.6512D-02   0.1171D+00  -0.4878D-01   0.2414D+00   0.0000D+00   0.5951D-01   0.5451D-02  -0.8426D-03   0.1784D-01   0.6239D+00  -0.1674D-01   0.1126D+00  -0.6512D-02   0.1171D+00  -0.4878D-01
  -0.1174D-02  -0.5864D-02  -0.3630D-02  -0.9845D-02  -0.1174D-02  -0.5864D-02  -0.3630D-02  -0.9845D-02
  2.000  0.500
  -0.2250D+01   0.0000D+00  -0.2720D+01   0.0000D+00   0.0000D+00   0.0000D+00  -0.2618D+01   0.0000D+00  -0.2250D+01   0.0000D+00  -0.2720D+01   0.0000D+00
   0.5735D+00   0.0000D+00   0.1023D+00   0.0000D+00   0.1494D+00   0.0000D+00   0.2186D+00   0.0000D+00   0.4857D-01   0.0000D+00   0.0000D+00   0.0000D+00   0.5735D+00   0.0000D+00   0.1023D+00   0.0000D+00   0.1494D+00   0.0000D+00
   0.0000D+00   0.0000D+00   0.0000D+00   0.0000D+00   0.0000D+00   0.0000D+00   0.0000D+00   0.0000D+00
  -0.1791D+01   0.4129D+00  -0.2498D+01   0.2499D+00   0.2209D+00  -0.2765D+00  -0.2611D+01  -0.8398D-02  -0.1791D+01   0.4129D+00  -0.2498D+01   0.2499D+00
   0.6256D+00  -0.1929D-01   0.1131D+00  -0.7516D-02   0.1105D+00  -0.5602D-01   0.2410D+00   0.0000D+00   0.6034D-01   0.6268D-02  -0.8460D-03   0.2052D-01   0.6256D+00  -0.1929D-01   0.1131D+00  -0.7516D-02   0.1105D+00  -0.5602D-01
  -0.1362D-02  -0.6752D-02  -0.4220D-02  -0.1138D-01  -0.1362D-02  -0.6752D-02  -0.4220D-02  -0.1138D-01
  2.000  1.000
  -0.2050D+01   0.0000D+00  -0.2478D+01   0.0000D+00   0.0000D+00   0.0000D+00  -0.2385D+01   0.0000D+00  -0.2050D+01   0.0000D+00  -0.2478D+01   0.0000D+00
   0.5735D+00   0.0000D+00   0.1023D+00   0.0000D+00   0.1494D+00   0.0000D+00   0.2186D+00   0.0000D+00   0.4857D-01   0.0000D+00   0.0000D+00   0.0000D+00   0.5735D+00   0.0000D+00   0.1023D+00   0.0000D+00   0.1494D+00   0.0000D+00
   0.0000D+00   0.0000D+00   0.0000D+00   0.0000D+00   0.0000D+00   0.0000D+00   0.0000D+00   0.0000D+00
  -0.1844D+01   0.3427D+00  -0.2505D+01   0.2074D+00   0.1833D+00  -0.2295D+00  -0.2583D+01  -0.6970D-02  -0.1844D+01   0.3427D+00  -0.2505D+01   0.2074D+00
   0.6201D+00  -0.1757D-01   0.1120D+00  -0.6847D-02   0.1137D+00  -0.5103D-01   0.2389D+00   0.0000D+00   0.5926D-01   0.5711D-02  -0.7675D-03   0.1869D-01   0.6201D+00  -0.1757D-01   0.1120D+00  -0.6847D-02   0.1137D+00  -0.5103D-01
  -0.1240D-02  -0.6152D-02  -0.3845D-02  -0.1037D-01  -0.1240D-02  -0.6152D-02  -0.3845D-02  -0.1037D-01
  2.000  2.000
  -0.1884D+01   0.0000D+00  -0.2276D+01   0.0000D+00   0.0000D+00   0.0000D+00  -0.2191D+01   0.0000D+00  -0.1884D+01   0.0000D+00  -0.2276D+01   0.0000D+00
   0.5735D+00   0.0000D+00   0.1023D+00   0.0000D+00   0.1494D+00   0.0000D+00   0.2186D+00   0.0000D+00   0.4857D-01   0.0000D+00   0.0000D+00   0.0000D+00   0.5735D+00   0.0000D+00   0.1023D+00   0.0000D+00   0.1494D+00   0.0000D+00
   0.0000D+00   0.0000D+00   0.0000D+00   0.0000D+00   0.0000D+00   0.0000D+00   0.0000D+00   0.0000D+00
  -0.1857D+01   0.2892D+00  -0.2478D+01   0.1750D+00   0.1547D+00  -0.1937D+00  -0.2531D+01  -0.5882D-02  -0.1857D+01   0.2892D+00  -0.2478D+01   0.1750D+00
   0.6167D+00  -0.1615D-01   0.1113D+00  -0.6291D-02   0.1167D+00  -0.4689D-01   0.2373D+00   0.0000D+00   0.5842D-01   0.5247D-02  -0.7026D-03   0.1717D-01   0.6167D+00  -0.1615D-01   0.1113D+00  -0.6291D-02   0.1167D+00  -0.4689D-01
  -0.1140D-02  -0.5652D-02  -0.3532D-02  -0.9529D-02  -0.1140D-02  -0.5652D-02  -0.3532D-02  -0.9529D-02
