 LHC=           1 sqrts=   8000.0000000000000      ang=           4 mode=fital                                                                                               scalescheme=           1 R=  0.69999999999999996     
 CT10nlo_rand5678                                                                                             329
 Bin information: chid, chiu, md, mu, mu0
   0.0000000000000000       0.50000000000000000        1101.0000000000000        1172.0000000000000        1136.5000000000000     
 9 scales(muf, mur)*(LO(38), NLO(38))
  0.500  0.500
  -0.8467D-01   0.0000D+00  -0.5812D-01   0.0000D+00   0.0000D+00   0.0000D+00  -0.3064D-01   0.0000D+00  -0.8467D-01   0.0000D+00  -0.5812D-01   0.0000D+00
   0.2323D+00   0.0000D+00   0.3547D-01   0.0000D+00   0.9658D-01   0.0000D+00   0.4202D-01   0.0000D+00   0.9339D-02   0.0000D+00   0.0000D+00   0.0000D+00   0.2323D+00   0.0000D+00   0.3547D-01   0.0000D+00   0.9658D-01   0.0000D+00
   0.0000D+00   0.0000D+00   0.0000D+00   0.0000D+00   0.0000D+00   0.0000D+00   0.0000D+00   0.0000D+00
  -0.6934D-01   0.6885D-02  -0.5085D-01   0.4003D-02   0.3741D-02  -0.2709D-02  -0.2704D-01   0.1202D-02  -0.6934D-01   0.6885D-02  -0.5085D-01   0.4003D-02
   0.1741D+00  -0.1044D-01   0.2732D-01  -0.3060D-02   0.5504D-01  -0.1840D-01   0.3530D-01   0.0000D+00   0.8765D-02   0.1009D-02  -0.1651D-02   0.3303D-02   0.1741D+00  -0.1044D-01   0.2732D-01  -0.3060D-02   0.5504D-01  -0.1840D-01
  -0.1067D-02  -0.2747D-02  -0.1197D-02  -0.2603D-02  -0.1067D-02  -0.2747D-02  -0.1197D-02  -0.2603D-02
  0.500  1.000
  -0.7832D-01   0.0000D+00  -0.5376D-01   0.0000D+00   0.0000D+00   0.0000D+00  -0.2834D-01   0.0000D+00  -0.7832D-01   0.0000D+00  -0.5376D-01   0.0000D+00
   0.2323D+00   0.0000D+00   0.3547D-01   0.0000D+00   0.9658D-01   0.0000D+00   0.4202D-01   0.0000D+00   0.9339D-02   0.0000D+00   0.0000D+00   0.0000D+00   0.2323D+00   0.0000D+00   0.3547D-01   0.0000D+00   0.9658D-01   0.0000D+00
   0.0000D+00   0.0000D+00   0.0000D+00   0.0000D+00   0.0000D+00   0.0000D+00   0.0000D+00   0.0000D+00
  -0.7089D-01   0.5891D-02  -0.5144D-01   0.3425D-02   0.3201D-02  -0.2318D-02  -0.2732D-01   0.1029D-02  -0.7089D-01   0.5891D-02  -0.5144D-01   0.3425D-02
   0.1785D+00  -0.9655D-02   0.2793D-01  -0.2830D-02   0.5817D-01  -0.1702D-01   0.3581D-01   0.0000D+00   0.8809D-02   0.9336D-03  -0.1527D-02   0.3055D-02   0.1785D+00  -0.9655D-02   0.2793D-01  -0.2830D-02   0.5817D-01  -0.1702D-01
  -0.9868D-03  -0.2541D-02  -0.1107D-02  -0.2407D-02  -0.9868D-03  -0.2541D-02  -0.1107D-02  -0.2407D-02
  0.500  2.000
  -0.7286D-01   0.0000D+00  -0.5002D-01   0.0000D+00   0.0000D+00   0.0000D+00  -0.2636D-01   0.0000D+00  -0.7286D-01   0.0000D+00  -0.5002D-01   0.0000D+00
   0.2323D+00   0.0000D+00   0.3547D-01   0.0000D+00   0.9658D-01   0.0000D+00   0.4202D-01   0.0000D+00   0.9339D-02   0.0000D+00   0.0000D+00   0.0000D+00   0.2323D+00   0.0000D+00   0.3547D-01   0.0000D+00   0.9658D-01   0.0000D+00
   0.0000D+00   0.0000D+00   0.0000D+00   0.0000D+00   0.0000D+00   0.0000D+00   0.0000D+00   0.0000D+00
  -0.7136D-01   0.5099D-02  -0.5139D-01   0.2965D-02   0.2771D-02  -0.2006D-02  -0.2726D-01   0.8903D-03  -0.7136D-01   0.5099D-02  -0.5139D-01   0.2965D-02
   0.1823D+00  -0.8983D-02   0.2846D-01  -0.2633D-02   0.6085D-01  -0.1583D-01   0.3624D-01   0.0000D+00   0.8847D-02   0.8686D-03  -0.1421D-02   0.2843D-02   0.1823D+00  -0.8983D-02   0.2846D-01  -0.2633D-02   0.6085D-01  -0.1583D-01
  -0.9180D-03  -0.2364D-02  -0.1030D-02  -0.2240D-02  -0.9180D-03  -0.2364D-02  -0.1030D-02  -0.2240D-02
  1.000  0.500
  -0.7504D-01   0.0000D+00  -0.5142D-01   0.0000D+00   0.0000D+00   0.0000D+00  -0.2701D-01   0.0000D+00  -0.7504D-01   0.0000D+00  -0.5142D-01   0.0000D+00
   0.2051D+00   0.0000D+00   0.3128D-01   0.0000D+00   0.8564D-01   0.0000D+00   0.3700D-01   0.0000D+00   0.8223D-02   0.0000D+00   0.0000D+00   0.0000D+00   0.2051D+00   0.0000D+00   0.3128D-01   0.0000D+00   0.8564D-01   0.0000D+00
   0.0000D+00   0.0000D+00   0.0000D+00   0.0000D+00   0.0000D+00   0.0000D+00   0.0000D+00   0.0000D+00
  -0.7049D-01   0.6082D-02  -0.5126D-01   0.3540D-02   0.3330D-02  -0.2389D-02  -0.2720D-01   0.1066D-02  -0.7049D-01   0.6082D-02  -0.5126D-01   0.3540D-02
   0.1787D+00  -0.9255D-02   0.2789D-01  -0.2709D-02   0.5906D-01  -0.1623D-01   0.3568D-01   0.0000D+00   0.8745D-02   0.8886D-03  -0.1430D-02   0.2908D-02   0.1787D+00  -0.9255D-02   0.2789D-01  -0.2709D-02   0.5906D-01  -0.1623D-01
  -0.9455D-03  -0.2430D-02  -0.1055D-02  -0.2293D-02  -0.9455D-03  -0.2430D-02  -0.1055D-02  -0.2293D-02
  1.000  1.000
  -0.6941D-01   0.0000D+00  -0.4756D-01   0.0000D+00   0.0000D+00   0.0000D+00  -0.2498D-01   0.0000D+00  -0.6941D-01   0.0000D+00  -0.4756D-01   0.0000D+00
   0.2051D+00   0.0000D+00   0.3128D-01   0.0000D+00   0.8564D-01   0.0000D+00   0.3700D-01   0.0000D+00   0.8223D-02   0.0000D+00   0.0000D+00   0.0000D+00   0.2051D+00   0.0000D+00   0.3128D-01   0.0000D+00   0.8564D-01   0.0000D+00
   0.0000D+00   0.0000D+00   0.0000D+00   0.0000D+00   0.0000D+00   0.0000D+00   0.0000D+00   0.0000D+00
  -0.7056D-01   0.5203D-02  -0.5088D-01   0.3029D-02   0.2850D-02  -0.2044D-02  -0.2696D-01   0.9121D-03  -0.7056D-01   0.5203D-02  -0.5088D-01   0.3029D-02
   0.1807D+00  -0.8560D-02   0.2815D-01  -0.2506D-02   0.6107D-01  -0.1502D-01   0.3578D-01   0.0000D+00   0.8706D-02   0.8220D-03  -0.1323D-02   0.2690D-02   0.1807D+00  -0.8560D-02   0.2815D-01  -0.2506D-02   0.6107D-01  -0.1502D-01
  -0.8745D-03  -0.2248D-02  -0.9756D-03  -0.2121D-02  -0.8745D-03  -0.2248D-02  -0.9756D-03  -0.2121D-02
  1.000  2.000
  -0.6458D-01   0.0000D+00  -0.4425D-01   0.0000D+00   0.0000D+00   0.0000D+00  -0.2324D-01   0.0000D+00  -0.6458D-01   0.0000D+00  -0.4425D-01   0.0000D+00
   0.2051D+00   0.0000D+00   0.3128D-01   0.0000D+00   0.8564D-01   0.0000D+00   0.3700D-01   0.0000D+00   0.8223D-02   0.0000D+00   0.0000D+00   0.0000D+00   0.2051D+00   0.0000D+00   0.3128D-01   0.0000D+00   0.8564D-01   0.0000D+00
   0.0000D+00   0.0000D+00   0.0000D+00   0.0000D+00   0.0000D+00   0.0000D+00   0.0000D+00   0.0000D+00
  -0.6994D-01   0.4504D-02  -0.5011D-01   0.2621D-02   0.2467D-02  -0.1769D-02  -0.2652D-01   0.7895D-03  -0.6994D-01   0.4504D-02  -0.5011D-01   0.2621D-02
   0.1824D+00  -0.7964D-02   0.2837D-01  -0.2332D-02   0.6278D-01  -0.1397D-01   0.3587D-01   0.0000D+00   0.8673D-02   0.7647D-03  -0.1231D-02   0.2503D-02   0.1824D+00  -0.7964D-02   0.2837D-01  -0.2332D-02   0.6278D-01  -0.1397D-01
  -0.8136D-03  -0.2091D-02  -0.9077D-03  -0.1973D-02  -0.8136D-03  -0.2091D-02  -0.9077D-03  -0.1973D-02
  2.000  0.500
  -0.6701D-01   0.0000D+00  -0.4577D-01   0.0000D+00   0.0000D+00   0.0000D+00  -0.2398D-01   0.0000D+00  -0.6701D-01   0.0000D+00  -0.4577D-01   0.0000D+00
   0.1826D+00   0.0000D+00   0.2780D-01   0.0000D+00   0.7646D-01   0.0000D+00   0.3282D-01   0.0000D+00   0.7294D-02   0.0000D+00   0.0000D+00   0.0000D+00   0.1826D+00   0.0000D+00   0.2780D-01   0.0000D+00   0.7646D-01   0.0000D+00
   0.0000D+00   0.0000D+00   0.0000D+00   0.0000D+00   0.0000D+00   0.0000D+00   0.0000D+00   0.0000D+00
  -0.7117D-01   0.5419D-02  -0.5141D-01   0.3154D-02   0.2938D-02  -0.2121D-02  -0.2731D-01   0.9535D-03  -0.7117D-01   0.5419D-02  -0.5141D-01   0.3154D-02
   0.1814D+00  -0.8264D-02   0.2832D-01  -0.2414D-02   0.6226D-01  -0.1445D-01   0.3593D-01   0.0000D+00   0.8700D-02   0.7884D-03  -0.1272D-02   0.2580D-02   0.1814D+00  -0.8264D-02   0.2832D-01  -0.2414D-02   0.6226D-01  -0.1445D-01
  -0.8466D-03  -0.2163D-02  -0.9380D-03  -0.2037D-02  -0.8466D-03  -0.2163D-02  -0.9380D-03  -0.2037D-02
  2.000  1.000
  -0.6198D-01   0.0000D+00  -0.4233D-01   0.0000D+00   0.0000D+00   0.0000D+00  -0.2218D-01   0.0000D+00  -0.6198D-01   0.0000D+00  -0.4233D-01   0.0000D+00
   0.1826D+00   0.0000D+00   0.2780D-01   0.0000D+00   0.7646D-01   0.0000D+00   0.3282D-01   0.0000D+00   0.7294D-02   0.0000D+00   0.0000D+00   0.0000D+00   0.1826D+00   0.0000D+00   0.2780D-01   0.0000D+00   0.7646D-01   0.0000D+00
   0.0000D+00   0.0000D+00   0.0000D+00   0.0000D+00   0.0000D+00   0.0000D+00   0.0000D+00   0.0000D+00
  -0.7004D-01   0.4636D-02  -0.5023D-01   0.2699D-02   0.2514D-02  -0.1815D-02  -0.2664D-01   0.8158D-03  -0.7004D-01   0.4636D-02  -0.5023D-01   0.2699D-02
   0.1816D+00  -0.7644D-02   0.2828D-01  -0.2233D-02   0.6334D-01  -0.1337D-01   0.3570D-01   0.0000D+00   0.8595D-02   0.7293D-03  -0.1177D-02   0.2387D-02   0.1816D+00  -0.7644D-02   0.2828D-01  -0.2233D-02   0.6334D-01  -0.1337D-01
  -0.7831D-03  -0.2001D-02  -0.8676D-03  -0.1884D-02  -0.7831D-03  -0.2001D-02  -0.8676D-03  -0.1884D-02
  2.000  2.000
  -0.5766D-01   0.0000D+00  -0.3938D-01   0.0000D+00   0.0000D+00   0.0000D+00  -0.2064D-01   0.0000D+00  -0.5766D-01   0.0000D+00  -0.3938D-01   0.0000D+00
   0.1826D+00   0.0000D+00   0.2780D-01   0.0000D+00   0.7646D-01   0.0000D+00   0.3282D-01   0.0000D+00   0.7294D-02   0.0000D+00   0.0000D+00   0.0000D+00   0.1826D+00   0.0000D+00   0.2780D-01   0.0000D+00   0.7646D-01   0.0000D+00
   0.0000D+00   0.0000D+00   0.0000D+00   0.0000D+00   0.0000D+00   0.0000D+00   0.0000D+00   0.0000D+00
  -0.6854D-01   0.4013D-02  -0.4888D-01   0.2336D-02   0.2176D-02  -0.1571D-02  -0.2589D-01   0.7061D-03  -0.6854D-01   0.4013D-02  -0.4888D-01   0.2336D-02
   0.1816D+00  -0.7112D-02   0.2825D-01  -0.2077D-02   0.6426D-01  -0.1244D-01   0.3551D-01   0.0000D+00   0.8505D-02   0.6785D-03  -0.1095D-02   0.2221D-02   0.1816D+00  -0.7112D-02   0.2825D-01  -0.2077D-02   0.6426D-01  -0.1244D-01
  -0.7286D-03  -0.1862D-02  -0.8072D-03  -0.1753D-02  -0.7286D-03  -0.1862D-02  -0.8072D-03  -0.1753D-02
