 LHC=           1 sqrts=   8000.0000000000000      ang=           4 mode=fital                                                                                               scalescheme=           1 R=  0.69999999999999996     
 CT10nlo_rand5678                                                                                             493
 Bin information: chid, chiu, md, mu, mu0
   0.0000000000000000       0.50000000000000000        97.000000000000000        114.00000000000000        105.50000000000000     
 9 scales(muf, mur)*(LO(38), NLO(38))
  0.500  0.500
  -0.1314D+02   0.0000D+00  -0.2100D+02   0.0000D+00   0.0000D+00   0.0000D+00  -0.2248D+02   0.0000D+00  -0.1314D+02   0.0000D+00  -0.2100D+02   0.0000D+00
   0.4881D+00   0.0000D+00   0.9132D-01   0.0000D+00   0.1055D+00   0.0000D+00   0.2180D+00   0.0000D+00   0.4845D-01   0.0000D+00   0.0000D+00   0.0000D+00   0.4881D+00   0.0000D+00   0.9132D-01   0.0000D+00   0.1055D+00   0.0000D+00
   0.0000D+00   0.0000D+00   0.0000D+00   0.0000D+00   0.0000D+00   0.0000D+00   0.0000D+00   0.0000D+00
  -0.8937D+01   0.3770D+01  -0.1724D+02   0.2262D+01   0.1680D+01  -0.2754D+01  -0.2005D+02  -0.2530D+00  -0.8937D+01   0.3770D+01  -0.1724D+02   0.2262D+01
   0.8562D+00  -0.1575D-01   0.1596D+00  -0.7064D-02   0.1365D+00  -0.5707D-01   0.3498D+00   0.0000D+00   0.9081D-01   0.7252D-02   0.5457D-02   0.2374D-01   0.8562D+00  -0.1575D-01   0.1596D+00  -0.7064D-02   0.1365D+00  -0.5707D-01
  -0.5372D-03  -0.6127D-02  -0.3724D-02  -0.1243D-01  -0.5372D-03  -0.6127D-02  -0.3724D-02  -0.1243D-01
  0.500  1.000
  -0.1179D+02   0.0000D+00  -0.1884D+02   0.0000D+00   0.0000D+00   0.0000D+00  -0.2017D+02   0.0000D+00  -0.1179D+02   0.0000D+00  -0.1884D+02   0.0000D+00
   0.4881D+00   0.0000D+00   0.9132D-01   0.0000D+00   0.1055D+00   0.0000D+00   0.2180D+00   0.0000D+00   0.4845D-01   0.0000D+00   0.0000D+00   0.0000D+00   0.4881D+00   0.0000D+00   0.9132D-01   0.0000D+00   0.1055D+00   0.0000D+00
   0.0000D+00   0.0000D+00   0.0000D+00   0.0000D+00   0.0000D+00   0.0000D+00   0.0000D+00   0.0000D+00
  -0.9573D+01   0.3036D+01  -0.1768D+02   0.1821D+01   0.1352D+01  -0.2218D+01  -0.2021D+02  -0.2038D+00  -0.9573D+01   0.3036D+01  -0.1768D+02   0.1821D+01
   0.8211D+00  -0.1413D-01   0.1531D+00  -0.6340D-02   0.1339D+00  -0.5122D-01   0.3371D+00   0.0000D+00   0.8669D-01   0.6509D-02   0.4943D-02   0.2130D-01   0.8211D+00  -0.1413D-01   0.1531D+00  -0.6340D-02   0.1339D+00  -0.5122D-01
  -0.4819D-03  -0.5499D-02  -0.3342D-02  -0.1116D-01  -0.4819D-03  -0.5499D-02  -0.3342D-02  -0.1116D-01
  0.500  2.000
  -0.1070D+02   0.0000D+00  -0.1710D+02   0.0000D+00   0.0000D+00   0.0000D+00  -0.1830D+02   0.0000D+00  -0.1070D+02   0.0000D+00  -0.1710D+02   0.0000D+00
   0.4881D+00   0.0000D+00   0.9132D-01   0.0000D+00   0.1055D+00   0.0000D+00   0.2180D+00   0.0000D+00   0.4845D-01   0.0000D+00   0.0000D+00   0.0000D+00   0.4881D+00   0.0000D+00   0.9132D-01   0.0000D+00   0.1055D+00   0.0000D+00
   0.0000D+00   0.0000D+00   0.0000D+00   0.0000D+00   0.0000D+00   0.0000D+00   0.0000D+00   0.0000D+00
  -0.9831D+01   0.2500D+01  -0.1767D+02   0.1500D+01   0.1112D+01  -0.1826D+01  -0.1997D+02  -0.1678D+00  -0.9831D+01   0.2500D+01  -0.1767D+02   0.1500D+01
   0.7923D+00  -0.1282D-01   0.1477D+00  -0.5753D-02   0.1318D+00  -0.4648D-01   0.3267D+00   0.0000D+00   0.8333D-01   0.5907D-02   0.4520D-02   0.1933D-01   0.7923D+00  -0.1282D-01   0.1477D+00  -0.5753D-02   0.1318D+00  -0.4648D-01
  -0.4372D-03  -0.4990D-02  -0.3032D-02  -0.1013D-01  -0.4372D-03  -0.4990D-02  -0.3032D-02  -0.1013D-01
  1.000  0.500
  -0.1335D+02   0.0000D+00  -0.2157D+02   0.0000D+00   0.0000D+00   0.0000D+00  -0.2333D+02   0.0000D+00  -0.1335D+02   0.0000D+00  -0.2157D+02   0.0000D+00
   0.5064D+00   0.0000D+00   0.9440D-01   0.0000D+00   0.1070D+00   0.0000D+00   0.2227D+00   0.0000D+00   0.4948D-01   0.0000D+00   0.0000D+00   0.0000D+00   0.5064D+00   0.0000D+00   0.9440D-01   0.0000D+00   0.1070D+00   0.0000D+00
   0.0000D+00   0.0000D+00   0.0000D+00   0.0000D+00   0.0000D+00   0.0000D+00   0.0000D+00   0.0000D+00
  -0.8798D+01   0.3917D+01  -0.1667D+02   0.2346D+01   0.1881D+01  -0.2870D+01  -0.2018D+02  -0.2635D+00  -0.8798D+01   0.3917D+01  -0.1667D+02   0.2346D+01
   0.8334D+00  -0.1609D-01   0.1540D+00  -0.7229D-02   0.1283D+00  -0.5847D-01   0.3371D+00   0.0000D+00   0.8780D-01   0.7464D-02   0.5798D-02   0.2443D-01   0.8334D+00  -0.1609D-01   0.1540D+00  -0.7229D-02   0.1283D+00  -0.5847D-01
  -0.5670D-03  -0.6401D-02  -0.3936D-02  -0.1275D-01  -0.5670D-03  -0.6401D-02  -0.3936D-02  -0.1275D-01
  1.000  1.000
  -0.1198D+02   0.0000D+00  -0.1936D+02   0.0000D+00   0.0000D+00   0.0000D+00  -0.2093D+02   0.0000D+00  -0.1198D+02   0.0000D+00  -0.1936D+02   0.0000D+00
   0.5064D+00   0.0000D+00   0.9440D-01   0.0000D+00   0.1070D+00   0.0000D+00   0.2227D+00   0.0000D+00   0.4948D-01   0.0000D+00   0.0000D+00   0.0000D+00   0.5064D+00   0.0000D+00   0.9440D-01   0.0000D+00   0.1070D+00   0.0000D+00
   0.0000D+00   0.0000D+00   0.0000D+00   0.0000D+00   0.0000D+00   0.0000D+00   0.0000D+00   0.0000D+00
  -0.9493D+01   0.3154D+01  -0.1732D+02   0.1889D+01   0.1514D+01  -0.2311D+01  -0.2046D+02  -0.2122D+00  -0.9493D+01   0.3154D+01  -0.1732D+02   0.1889D+01
   0.7971D+00  -0.1444D-01   0.1475D+00  -0.6487D-02   0.1250D+00  -0.5248D-01   0.3251D+00   0.0000D+00   0.8375D-01   0.6699D-02   0.5245D-02   0.2192D-01   0.7971D+00  -0.1444D-01   0.1475D+00  -0.6487D-02   0.1250D+00  -0.5248D-01
  -0.5087D-03  -0.5744D-02  -0.3532D-02  -0.1144D-01  -0.5087D-03  -0.5744D-02  -0.3532D-02  -0.1144D-01
  1.000  2.000
  -0.1087D+02   0.0000D+00  -0.1757D+02   0.0000D+00   0.0000D+00   0.0000D+00  -0.1899D+02   0.0000D+00  -0.1087D+02   0.0000D+00  -0.1757D+02   0.0000D+00
   0.5064D+00   0.0000D+00   0.9440D-01   0.0000D+00   0.1070D+00   0.0000D+00   0.2227D+00   0.0000D+00   0.4948D-01   0.0000D+00   0.0000D+00   0.0000D+00   0.5064D+00   0.0000D+00   0.9440D-01   0.0000D+00   0.1070D+00   0.0000D+00
   0.0000D+00   0.0000D+00   0.0000D+00   0.0000D+00   0.0000D+00   0.0000D+00   0.0000D+00   0.0000D+00
  -0.9796D+01   0.2597D+01  -0.1746D+02   0.1555D+01   0.1246D+01  -0.1903D+01  -0.2030D+02  -0.1747D+00  -0.9796D+01   0.2597D+01  -0.1746D+02   0.1555D+01
   0.7722D+00  -0.1310D-01   0.1429D+00  -0.5887D-02   0.1238D+00  -0.4762D-01   0.3162D+00   0.0000D+00   0.8075D-01   0.6079D-02   0.4792D-02   0.1990D-01   0.7722D+00  -0.1310D-01   0.1429D+00  -0.5887D-02   0.1238D+00  -0.4762D-01
  -0.4615D-03  -0.5213D-02  -0.3205D-02  -0.1038D-01  -0.4615D-03  -0.5213D-02  -0.3205D-02  -0.1038D-01
  2.000  0.500
  -0.1365D+02   0.0000D+00  -0.2228D+02   0.0000D+00   0.0000D+00   0.0000D+00  -0.2378D+02   0.0000D+00  -0.1365D+02   0.0000D+00  -0.2228D+02   0.0000D+00
   0.5230D+00   0.0000D+00   0.9743D-01   0.0000D+00   0.1087D+00   0.0000D+00   0.2318D+00   0.0000D+00   0.5151D-01   0.0000D+00   0.0000D+00   0.0000D+00   0.5230D+00   0.0000D+00   0.9743D-01   0.0000D+00   0.1087D+00   0.0000D+00
   0.0000D+00   0.0000D+00   0.0000D+00   0.0000D+00   0.0000D+00   0.0000D+00   0.0000D+00   0.0000D+00
  -0.8704D+01   0.4014D+01  -0.1681D+02   0.2411D+01   0.1999D+01  -0.2923D+01  -0.2038D+02  -0.2651D+00  -0.8704D+01   0.4014D+01  -0.1681D+02   0.2411D+01
   0.7817D+00  -0.1638D-01   0.1450D+00  -0.7401D-02   0.1135D+00  -0.6141D-01   0.3255D+00   0.0000D+00   0.8421D-01   0.7706D-02   0.5033D-02   0.2522D-01   0.7817D+00  -0.1638D-01   0.1450D+00  -0.7401D-02   0.1135D+00  -0.6141D-01
  -0.5970D-03  -0.6619D-02  -0.4111D-02  -0.1329D-01  -0.5970D-03  -0.6619D-02  -0.4111D-02  -0.1329D-01
  2.000  1.000
  -0.1225D+02   0.0000D+00  -0.1999D+02   0.0000D+00   0.0000D+00   0.0000D+00  -0.2134D+02   0.0000D+00  -0.1225D+02   0.0000D+00  -0.1999D+02   0.0000D+00
   0.5230D+00   0.0000D+00   0.9743D-01   0.0000D+00   0.1087D+00   0.0000D+00   0.2318D+00   0.0000D+00   0.5151D-01   0.0000D+00   0.0000D+00   0.0000D+00   0.5230D+00   0.0000D+00   0.9743D-01   0.0000D+00   0.1087D+00   0.0000D+00
   0.0000D+00   0.0000D+00   0.0000D+00   0.0000D+00   0.0000D+00   0.0000D+00   0.0000D+00   0.0000D+00
  -0.9560D+01   0.3233D+01  -0.1765D+02   0.1942D+01   0.1607D+01  -0.2354D+01  -0.2079D+02  -0.2135D+00  -0.9560D+01   0.3233D+01  -0.1765D+02   0.1942D+01
   0.8091D+00  -0.1470D-01   0.1489D+00  -0.6643D-02   0.1286D+00  -0.5511D-01   0.3284D+00   0.0000D+00   0.8450D-01   0.6916D-02   0.4954D-02   0.2263D-01   0.8091D+00  -0.1470D-01   0.1489D+00  -0.6643D-02   0.1286D+00  -0.5511D-01
  -0.5356D-03  -0.5940D-02  -0.3689D-02  -0.1193D-01  -0.5356D-03  -0.5940D-02  -0.3689D-02  -0.1193D-01
  2.000  2.000
  -0.1112D+02   0.0000D+00  -0.1814D+02   0.0000D+00   0.0000D+00   0.0000D+00  -0.1936D+02   0.0000D+00  -0.1112D+02   0.0000D+00  -0.1814D+02   0.0000D+00
   0.5230D+00   0.0000D+00   0.9743D-01   0.0000D+00   0.1087D+00   0.0000D+00   0.2318D+00   0.0000D+00   0.5151D-01   0.0000D+00   0.0000D+00   0.0000D+00   0.5230D+00   0.0000D+00   0.9743D-01   0.0000D+00   0.1087D+00   0.0000D+00
   0.0000D+00   0.0000D+00   0.0000D+00   0.0000D+00   0.0000D+00   0.0000D+00   0.0000D+00   0.0000D+00
  -0.9862D+01   0.2662D+01  -0.1780D+02   0.1599D+01   0.1323D+01  -0.1938D+01  -0.2061D+02  -0.1758D+00  -0.9862D+01   0.2662D+01  -0.1780D+02   0.1599D+01
   0.7616D+00  -0.1334D-01   0.1408D+00  -0.6028D-02   0.1205D+00  -0.5001D-01   0.3148D+00   0.0000D+00   0.8009D-01   0.6276D-02   0.4355D-02   0.2054D-01   0.7616D+00  -0.1334D-01   0.1408D+00  -0.6028D-02   0.1205D+00  -0.5001D-01
  -0.4859D-03  -0.5391D-02  -0.3347D-02  -0.1082D-01  -0.4859D-03  -0.5391D-02  -0.3347D-02  -0.1082D-01
