 LHC=           1 sqrts=   8000.0000000000000      ang=           4 mode=fital                                                                                               scalescheme=           1 R=  0.69999999999999996     
 CT10nlo_rand5678                                                                                             447
 Bin information: chid, chiu, md, mu, mu0
   0.0000000000000000       0.50000000000000000        468.00000000000000        507.00000000000000        487.50000000000000     
 9 scales(muf, mur)*(LO(38), NLO(38))
  0.500  0.500
  -0.9205D+00   0.0000D+00  -0.8723D+00   0.0000D+00   0.0000D+00   0.0000D+00  -0.6926D+00   0.0000D+00  -0.9205D+00   0.0000D+00  -0.8723D+00   0.0000D+00
   0.5766D+00   0.0000D+00   0.9753D-01   0.0000D+00   0.1832D+00   0.0000D+00   0.1753D+00   0.0000D+00   0.3895D-01   0.0000D+00   0.0000D+00   0.0000D+00   0.5766D+00   0.0000D+00   0.9753D-01   0.0000D+00   0.1832D+00   0.0000D+00
   0.0000D+00   0.0000D+00   0.0000D+00   0.0000D+00   0.0000D+00   0.0000D+00   0.0000D+00   0.0000D+00
  -0.6894D+00   0.1198D+00  -0.7532D+00   0.7104D-01   0.7314D-01  -0.6799D-01  -0.6364D+00   0.5932D-02  -0.6894D+00   0.1198D+00  -0.7532D+00   0.7104D-01
   0.5048D+00  -0.2200D-01   0.8782D-01  -0.7568D-02   0.1064D+00  -0.5211D-01   0.1635D+00   0.0000D+00   0.4064D-01   0.4674D-02  -0.3006D-02   0.1530D-01   0.5048D+00  -0.2200D-01   0.8782D-01  -0.7568D-02   0.1064D+00  -0.5211D-01
  -0.1890D-02  -0.6705D-02  -0.3805D-02  -0.9265D-02  -0.1890D-02  -0.6705D-02  -0.3805D-02  -0.9265D-02
  0.500  1.000
  -0.8442D+00   0.0000D+00  -0.8000D+00   0.0000D+00   0.0000D+00   0.0000D+00  -0.6352D+00   0.0000D+00  -0.8442D+00   0.0000D+00  -0.8000D+00   0.0000D+00
   0.5766D+00   0.0000D+00   0.9753D-01   0.0000D+00   0.1832D+00   0.0000D+00   0.1753D+00   0.0000D+00   0.3895D-01   0.0000D+00   0.0000D+00   0.0000D+00   0.5766D+00   0.0000D+00   0.9753D-01   0.0000D+00   0.1832D+00   0.0000D+00
   0.0000D+00   0.0000D+00   0.0000D+00   0.0000D+00   0.0000D+00   0.0000D+00   0.0000D+00   0.0000D+00
  -0.7175D+00   0.1008D+00  -0.7639D+00   0.5975D-01   0.6152D-01  -0.5719D-01  -0.6388D+00   0.4990D-02  -0.7175D+00   0.1008D+00  -0.7639D+00   0.5975D-01
   0.5110D+00  -0.2017D-01   0.8865D-01  -0.6940D-02   0.1128D+00  -0.4779D-01   0.1645D+00   0.0000D+00   0.4051D-01   0.4286D-02  -0.2757D-02   0.1403D-01   0.5110D+00  -0.2017D-01   0.8865D-01  -0.6940D-02   0.1128D+00  -0.4779D-01
  -0.1734D-02  -0.6149D-02  -0.3490D-02  -0.8497D-02  -0.1734D-02  -0.6149D-02  -0.3490D-02  -0.8497D-02
  0.500  2.000
  -0.7797D+00   0.0000D+00  -0.7389D+00   0.0000D+00   0.0000D+00   0.0000D+00  -0.5867D+00   0.0000D+00  -0.7797D+00   0.0000D+00  -0.7389D+00   0.0000D+00
   0.5766D+00   0.0000D+00   0.9753D-01   0.0000D+00   0.1832D+00   0.0000D+00   0.1753D+00   0.0000D+00   0.3895D-01   0.0000D+00   0.0000D+00   0.0000D+00   0.5766D+00   0.0000D+00   0.9753D-01   0.0000D+00   0.1832D+00   0.0000D+00
   0.0000D+00   0.0000D+00   0.0000D+00   0.0000D+00   0.0000D+00   0.0000D+00   0.0000D+00   0.0000D+00
  -0.7293D+00   0.8599D-01  -0.7628D+00   0.5098D-01   0.5248D-01  -0.4879D-01  -0.6331D+00   0.4257D-02  -0.7293D+00   0.8599D-01  -0.7628D+00   0.5098D-01
   0.5161D+00  -0.1863D-01   0.8936D-01  -0.6410D-02   0.1182D+00  -0.4414D-01   0.1654D+00   0.0000D+00   0.4040D-01   0.3959D-02  -0.2546D-02   0.1296D-01   0.5161D+00  -0.1863D-01   0.8936D-01  -0.6410D-02   0.1182D+00  -0.4414D-01
  -0.1601D-02  -0.5679D-02  -0.3223D-02  -0.7849D-02  -0.1601D-02  -0.5679D-02  -0.3223D-02  -0.7849D-02
  1.000  0.500
  -0.8608D+00   0.0000D+00  -0.8134D+00   0.0000D+00   0.0000D+00   0.0000D+00  -0.6465D+00   0.0000D+00  -0.8608D+00   0.0000D+00  -0.8134D+00   0.0000D+00
   0.5400D+00   0.0000D+00   0.9108D-01   0.0000D+00   0.1713D+00   0.0000D+00   0.1634D+00   0.0000D+00   0.3631D-01   0.0000D+00   0.0000D+00   0.0000D+00   0.5400D+00   0.0000D+00   0.9108D-01   0.0000D+00   0.1713D+00   0.0000D+00
   0.0000D+00   0.0000D+00   0.0000D+00   0.0000D+00   0.0000D+00   0.0000D+00   0.0000D+00   0.0000D+00
  -0.7004D+00   0.1120D+00  -0.7551D+00   0.6648D-01   0.6943D-01  -0.6345D-01  -0.6368D+00   0.5680D-02  -0.7004D+00   0.1120D+00  -0.7551D+00   0.6648D-01
   0.5055D+00  -0.2056D-01   0.8753D-01  -0.7060D-02   0.1097D+00  -0.4861D-01   0.1622D+00   0.0000D+00   0.4021D-01   0.4353D-02  -0.2797D-02   0.1425D-01   0.5055D+00  -0.2056D-01   0.8753D-01  -0.7060D-02   0.1097D+00  -0.4861D-01
  -0.1776D-02  -0.6289D-02  -0.3562D-02  -0.8662D-02  -0.1776D-02  -0.6289D-02  -0.3562D-02  -0.8662D-02
  1.000  1.000
  -0.7894D+00   0.0000D+00  -0.7460D+00   0.0000D+00   0.0000D+00   0.0000D+00  -0.5929D+00   0.0000D+00  -0.7894D+00   0.0000D+00  -0.7460D+00   0.0000D+00
   0.5400D+00   0.0000D+00   0.9108D-01   0.0000D+00   0.1713D+00   0.0000D+00   0.1634D+00   0.0000D+00   0.3631D-01   0.0000D+00   0.0000D+00   0.0000D+00   0.5400D+00   0.0000D+00   0.9108D-01   0.0000D+00   0.1713D+00   0.0000D+00
   0.0000D+00   0.0000D+00   0.0000D+00   0.0000D+00   0.0000D+00   0.0000D+00   0.0000D+00   0.0000D+00
  -0.7177D+00   0.9421D-01  -0.7567D+00   0.5591D-01   0.5839D-01  -0.5337D-01  -0.6322D+00   0.4777D-02  -0.7177D+00   0.9421D-01  -0.7567D+00   0.5591D-01
   0.5085D+00  -0.1886D-01   0.8785D-01  -0.6475D-02   0.1149D+00  -0.4458D-01   0.1623D+00   0.0000D+00   0.3990D-01   0.3992D-02  -0.2565D-02   0.1307D-01   0.5085D+00  -0.1886D-01   0.8785D-01  -0.6475D-02   0.1149D+00  -0.4458D-01
  -0.1629D-02  -0.5768D-02  -0.3267D-02  -0.7944D-02  -0.1629D-02  -0.5768D-02  -0.3267D-02  -0.7944D-02
  1.000  2.000
  -0.7292D+00   0.0000D+00  -0.6890D+00   0.0000D+00   0.0000D+00   0.0000D+00  -0.5476D+00   0.0000D+00  -0.7292D+00   0.0000D+00  -0.6890D+00   0.0000D+00
   0.5400D+00   0.0000D+00   0.9108D-01   0.0000D+00   0.1713D+00   0.0000D+00   0.1634D+00   0.0000D+00   0.3631D-01   0.0000D+00   0.0000D+00   0.0000D+00   0.5400D+00   0.0000D+00   0.9108D-01   0.0000D+00   0.1713D+00   0.0000D+00
   0.0000D+00   0.0000D+00   0.0000D+00   0.0000D+00   0.0000D+00   0.0000D+00   0.0000D+00   0.0000D+00
  -0.7219D+00   0.8037D-01  -0.7491D+00   0.4770D-01   0.4982D-01  -0.4553D-01  -0.6216D+00   0.4076D-02  -0.7219D+00   0.8037D-01  -0.7491D+00   0.4770D-01
   0.5111D+00  -0.1742D-01   0.8812D-01  -0.5980D-02   0.1192D+00  -0.4117D-01   0.1625D+00   0.0000D+00   0.3963D-01   0.3688D-02  -0.2369D-02   0.1207D-01   0.5111D+00  -0.1742D-01   0.8812D-01  -0.5980D-02   0.1192D+00  -0.4117D-01
  -0.1504D-02  -0.5328D-02  -0.3017D-02  -0.7338D-02  -0.1504D-02  -0.5328D-02  -0.3017D-02  -0.7338D-02
  2.000  0.500
  -0.8074D+00   0.0000D+00  -0.7641D+00   0.0000D+00   0.0000D+00   0.0000D+00  -0.6048D+00   0.0000D+00  -0.8074D+00   0.0000D+00  -0.7641D+00   0.0000D+00
   0.5070D+00   0.0000D+00   0.8547D-01   0.0000D+00   0.1605D+00   0.0000D+00   0.1525D+00   0.0000D+00   0.3388D-01   0.0000D+00   0.0000D+00   0.0000D+00   0.5070D+00   0.0000D+00   0.8547D-01   0.0000D+00   0.1605D+00   0.0000D+00
   0.0000D+00   0.0000D+00   0.0000D+00   0.0000D+00   0.0000D+00   0.0000D+00   0.0000D+00   0.0000D+00
  -0.7142D+00   0.1053D+00  -0.7607D+00   0.6247D-01   0.6448D-01  -0.5945D-01  -0.6393D+00   0.5475D-02  -0.7142D+00   0.1053D+00  -0.7607D+00   0.6247D-01
   0.5074D+00  -0.1927D-01   0.8787D-01  -0.6628D-02   0.1131D+00  -0.4560D-01   0.1623D+00   0.0000D+00   0.3994D-01   0.4064D-02  -0.2826D-02   0.1330D-01   0.5074D+00  -0.1927D-01   0.8787D-01  -0.6628D-02   0.1131D+00  -0.4560D-01
  -0.1675D-02  -0.5920D-02  -0.3349D-02  -0.8126D-02  -0.1675D-02  -0.5920D-02  -0.3349D-02  -0.8126D-02
  2.000  1.000
  -0.7405D+00   0.0000D+00  -0.7008D+00   0.0000D+00   0.0000D+00   0.0000D+00  -0.5547D+00   0.0000D+00  -0.7405D+00   0.0000D+00  -0.7008D+00   0.0000D+00
   0.5070D+00   0.0000D+00   0.8547D-01   0.0000D+00   0.1605D+00   0.0000D+00   0.1525D+00   0.0000D+00   0.3388D-01   0.0000D+00   0.0000D+00   0.0000D+00   0.5070D+00   0.0000D+00   0.8547D-01   0.0000D+00   0.1605D+00   0.0000D+00
   0.0000D+00   0.0000D+00   0.0000D+00   0.0000D+00   0.0000D+00   0.0000D+00   0.0000D+00   0.0000D+00
  -0.7214D+00   0.8860D-01  -0.7541D+00   0.5254D-01   0.5423D-01  -0.5000D-01  -0.6281D+00   0.4605D-02  -0.7214D+00   0.8860D-01  -0.7541D+00   0.5254D-01
   0.5075D+00  -0.1767D-01   0.8770D-01  -0.6079D-02   0.1171D+00  -0.4182D-01   0.1615D+00   0.0000D+00   0.3945D-01   0.3727D-02  -0.2592D-02   0.1220D-01   0.5075D+00  -0.1767D-01   0.8770D-01  -0.6079D-02   0.1171D+00  -0.4182D-01
  -0.1536D-02  -0.5430D-02  -0.3071D-02  -0.7453D-02  -0.1536D-02  -0.5430D-02  -0.3071D-02  -0.7453D-02
  2.000  2.000
  -0.6840D+00   0.0000D+00  -0.6473D+00   0.0000D+00   0.0000D+00   0.0000D+00  -0.5123D+00   0.0000D+00  -0.6840D+00   0.0000D+00  -0.6473D+00   0.0000D+00
   0.5070D+00   0.0000D+00   0.8547D-01   0.0000D+00   0.1605D+00   0.0000D+00   0.1525D+00   0.0000D+00   0.3388D-01   0.0000D+00   0.0000D+00   0.0000D+00   0.5070D+00   0.0000D+00   0.8547D-01   0.0000D+00   0.1605D+00   0.0000D+00
   0.0000D+00   0.0000D+00   0.0000D+00   0.0000D+00   0.0000D+00   0.0000D+00   0.0000D+00   0.0000D+00
  -0.7182D+00   0.7558D-01  -0.7406D+00   0.4483D-01   0.4627D-01  -0.4266D-01  -0.6128D+00   0.3929D-02  -0.7182D+00   0.7558D-01  -0.7406D+00   0.4483D-01
   0.5076D+00  -0.1632D-01   0.8755D-01  -0.5615D-02   0.1205D+00  -0.3863D-01   0.1608D+00   0.0000D+00   0.3903D-01   0.3442D-02  -0.2394D-02   0.1127D-01   0.5076D+00  -0.1632D-01   0.8755D-01  -0.5615D-02   0.1205D+00  -0.3863D-01
  -0.1419D-02  -0.5015D-02  -0.2837D-02  -0.6884D-02  -0.1419D-02  -0.5015D-02  -0.2837D-02  -0.6884D-02
