 LHC=           1 sqrts=   8000.0000000000000      ang=           4 mode=fital                                                                                               scalescheme=           1 R=  0.69999999999999996     
 CT10nlo_rand5678                                                                                             487
 Bin information: chid, chiu, md, mu, mu0
   0.0000000000000000       0.50000000000000000        846.00000000000000        905.00000000000000        875.50000000000000     
 9 scales(muf, mur)*(LO(38), NLO(38))
  0.500  0.500
  -0.2145D+00   0.0000D+00  -0.1681D+00   0.0000D+00   0.0000D+00   0.0000D+00  -0.1021D+00   0.0000D+00  -0.2145D+00   0.0000D+00  -0.1681D+00   0.0000D+00
   0.3828D+00   0.0000D+00   0.6125D-01   0.0000D+00   0.1433D+00   0.0000D+00   0.8529D-01   0.0000D+00   0.1895D-01   0.0000D+00   0.0000D+00   0.0000D+00   0.3828D+00   0.0000D+00   0.6125D-01   0.0000D+00   0.1433D+00   0.0000D+00
   0.0000D+00   0.0000D+00   0.0000D+00   0.0000D+00   0.0000D+00   0.0000D+00   0.0000D+00   0.0000D+00
  -0.1689D+00   0.2082D-01  -0.1464D+00   0.1200D-01   0.1233D-01  -0.9321D-02  -0.9181D-01   0.2812D-02  -0.1689D+00   0.2082D-01  -0.1464D+00   0.1200D-01
   0.2984D+00  -0.1597D-01   0.4939D-01  -0.4969D-02   0.7860D-01  -0.3160D-01   0.7362D-01   0.0000D+00   0.1831D-01   0.2113D-02  -0.2525D-02   0.6916D-02   0.2984D+00  -0.1597D-01   0.4939D-01  -0.4969D-02   0.7860D-01  -0.3160D-01
  -0.1563D-02  -0.4433D-02  -0.2175D-02  -0.4900D-02  -0.1563D-02  -0.4433D-02  -0.2175D-02  -0.4900D-02
  0.500  1.000
  -0.1979D+00   0.0000D+00  -0.1551D+00   0.0000D+00   0.0000D+00   0.0000D+00  -0.9424D-01   0.0000D+00  -0.1979D+00   0.0000D+00  -0.1551D+00   0.0000D+00
   0.3828D+00   0.0000D+00   0.6125D-01   0.0000D+00   0.1433D+00   0.0000D+00   0.8529D-01   0.0000D+00   0.1895D-01   0.0000D+00   0.0000D+00   0.0000D+00   0.3828D+00   0.0000D+00   0.6125D-01   0.0000D+00   0.1433D+00   0.0000D+00
   0.0000D+00   0.0000D+00   0.0000D+00   0.0000D+00   0.0000D+00   0.0000D+00   0.0000D+00   0.0000D+00
  -0.1739D+00   0.1773D-01  -0.1482D+00   0.1021D-01   0.1049D-01  -0.7936D-02  -0.9249D-01   0.2394D-02  -0.1739D+00   0.1773D-01  -0.1482D+00   0.1021D-01
   0.3050D+00  -0.1473D-01   0.5032D-01  -0.4585D-02   0.8362D-01  -0.2916D-01   0.7453D-01   0.0000D+00   0.1836D-01   0.1950D-02  -0.2330D-02   0.6382D-02   0.3050D+00  -0.1473D-01   0.5032D-01  -0.4585D-02   0.8362D-01  -0.2916D-01
  -0.1442D-02  -0.4090D-02  -0.2007D-02  -0.4522D-02  -0.1442D-02  -0.4090D-02  -0.2007D-02  -0.4522D-02
  0.500  2.000
  -0.1838D+00   0.0000D+00  -0.1440D+00   0.0000D+00   0.0000D+00   0.0000D+00  -0.8749D-01   0.0000D+00  -0.1838D+00   0.0000D+00  -0.1440D+00   0.0000D+00
   0.3828D+00   0.0000D+00   0.6125D-01   0.0000D+00   0.1433D+00   0.0000D+00   0.8529D-01   0.0000D+00   0.1895D-01   0.0000D+00   0.0000D+00   0.0000D+00   0.3828D+00   0.0000D+00   0.6125D-01   0.0000D+00   0.1433D+00   0.0000D+00
   0.0000D+00   0.0000D+00   0.0000D+00   0.0000D+00   0.0000D+00   0.0000D+00   0.0000D+00   0.0000D+00
  -0.1758D+00   0.1528D-01  -0.1481D+00   0.8804D-02   0.9046D-02  -0.6840D-02  -0.9206D-01   0.2064D-02  -0.1758D+00   0.1528D-01  -0.1481D+00   0.8804D-02
   0.3106D+00  -0.1368D-01   0.5111D-01  -0.4257D-02   0.8791D-01  -0.2707D-01   0.7531D-01   0.0000D+00   0.1841D-01   0.1810D-02  -0.2163D-02   0.5925D-02   0.3106D+00  -0.1368D-01   0.5111D-01  -0.4257D-02   0.8791D-01  -0.2707D-01
  -0.1339D-02  -0.3798D-02  -0.1863D-02  -0.4198D-02  -0.1339D-02  -0.3798D-02  -0.1863D-02  -0.4198D-02
  1.000  0.500
  -0.1937D+00   0.0000D+00  -0.1520D+00   0.0000D+00   0.0000D+00   0.0000D+00  -0.9203D-01   0.0000D+00  -0.1937D+00   0.0000D+00  -0.1520D+00   0.0000D+00
   0.3457D+00   0.0000D+00   0.5524D-01   0.0000D+00   0.1294D+00   0.0000D+00   0.7670D-01   0.0000D+00   0.1704D-01   0.0000D+00   0.0000D+00   0.0000D+00   0.3457D+00   0.0000D+00   0.5524D-01   0.0000D+00   0.1294D+00   0.0000D+00
   0.0000D+00   0.0000D+00   0.0000D+00   0.0000D+00   0.0000D+00   0.0000D+00   0.0000D+00   0.0000D+00
  -0.1710D+00   0.1880D-01  -0.1479D+00   0.1083D-01   0.1111D-01  -0.8405D-02  -0.9199D-01   0.2549D-02  -0.1710D+00   0.1880D-01  -0.1479D+00   0.1083D-01
   0.3021D+00  -0.1443D-01   0.4981D-01  -0.4491D-02   0.8377D-01  -0.2849D-01   0.7378D-01   0.0000D+00   0.1818D-01   0.1900D-02  -0.2316D-02   0.6219D-02   0.3021D+00  -0.1443D-01   0.4981D-01  -0.4491D-02   0.8377D-01  -0.2849D-01
  -0.1413D-02  -0.3997D-02  -0.1965D-02  -0.4410D-02  -0.1413D-02  -0.3997D-02  -0.1965D-02  -0.4410D-02
  1.000  1.000
  -0.1787D+00   0.0000D+00  -0.1402D+00   0.0000D+00   0.0000D+00   0.0000D+00  -0.8492D-01   0.0000D+00  -0.1787D+00   0.0000D+00  -0.1402D+00   0.0000D+00
   0.3457D+00   0.0000D+00   0.5524D-01   0.0000D+00   0.1294D+00   0.0000D+00   0.7670D-01   0.0000D+00   0.1704D-01   0.0000D+00   0.0000D+00   0.0000D+00   0.3457D+00   0.0000D+00   0.5524D-01   0.0000D+00   0.1294D+00   0.0000D+00
   0.0000D+00   0.0000D+00   0.0000D+00   0.0000D+00   0.0000D+00   0.0000D+00   0.0000D+00   0.0000D+00
  -0.1728D+00   0.1600D-01  -0.1472D+00   0.9217D-02   0.9460D-02  -0.7156D-02  -0.9123D-01   0.2170D-02  -0.1728D+00   0.1600D-01  -0.1472D+00   0.9217D-02
   0.3055D+00  -0.1331D-01   0.5024D-01  -0.4143D-02   0.8731D-01  -0.2629D-01   0.7402D-01   0.0000D+00   0.1810D-01   0.1753D-02  -0.2137D-02   0.5738D-02   0.3055D+00  -0.1331D-01   0.5024D-01  -0.4143D-02   0.8731D-01  -0.2629D-01
  -0.1303D-02  -0.3688D-02  -0.1813D-02  -0.4070D-02  -0.1303D-02  -0.3688D-02  -0.1813D-02  -0.4070D-02
  1.000  2.000
  -0.1659D+00   0.0000D+00  -0.1302D+00   0.0000D+00   0.0000D+00   0.0000D+00  -0.7884D-01   0.0000D+00  -0.1659D+00   0.0000D+00  -0.1302D+00   0.0000D+00
   0.3457D+00   0.0000D+00   0.5524D-01   0.0000D+00   0.1294D+00   0.0000D+00   0.7670D-01   0.0000D+00   0.1704D-01   0.0000D+00   0.0000D+00   0.0000D+00   0.3457D+00   0.0000D+00   0.5524D-01   0.0000D+00   0.1294D+00   0.0000D+00
   0.0000D+00   0.0000D+00   0.0000D+00   0.0000D+00   0.0000D+00   0.0000D+00   0.0000D+00   0.0000D+00
  -0.1723D+00   0.1379D-01  -0.1453D+00   0.7945D-02   0.8155D-02  -0.6168D-02  -0.8975D-01   0.1871D-02  -0.1723D+00   0.1379D-01  -0.1453D+00   0.7945D-02
   0.3084D+00  -0.1236D-01   0.5060D-01  -0.3847D-02   0.9034D-01  -0.2441D-01   0.7422D-01   0.0000D+00   0.1802D-01   0.1628D-02  -0.1984D-02   0.5327D-02   0.3084D+00  -0.1236D-01   0.5060D-01  -0.3847D-02   0.9034D-01  -0.2441D-01
  -0.1210D-02  -0.3424D-02  -0.1683D-02  -0.3778D-02  -0.1210D-02  -0.3424D-02  -0.1683D-02  -0.3778D-02
  2.000  0.500
  -0.1764D+00   0.0000D+00  -0.1381D+00   0.0000D+00   0.0000D+00   0.0000D+00  -0.8350D-01   0.0000D+00  -0.1764D+00   0.0000D+00  -0.1381D+00   0.0000D+00
   0.3139D+00   0.0000D+00   0.5018D-01   0.0000D+00   0.1179D+00   0.0000D+00   0.6940D-01   0.0000D+00   0.1542D-01   0.0000D+00   0.0000D+00   0.0000D+00   0.3139D+00   0.0000D+00   0.5018D-01   0.0000D+00   0.1179D+00   0.0000D+00
   0.0000D+00   0.0000D+00   0.0000D+00   0.0000D+00   0.0000D+00   0.0000D+00   0.0000D+00   0.0000D+00
  -0.1746D+00   0.1709D-01  -0.1487D+00   0.9842D-02   0.1017D-01  -0.7615D-02  -0.9247D-01   0.2334D-02  -0.1746D+00   0.1709D-01  -0.1487D+00   0.9842D-02
   0.3065D+00  -0.1312D-01   0.5050D-01  -0.4078D-02   0.8831D-01  -0.2588D-01   0.7411D-01   0.0000D+00   0.1808D-01   0.1720D-02  -0.2024D-02   0.5627D-02   0.3065D+00  -0.1312D-01   0.5050D-01  -0.4078D-02   0.8831D-01  -0.2588D-01
  -0.1287D-02  -0.3622D-02  -0.1787D-02  -0.3998D-02  -0.1287D-02  -0.3622D-02  -0.1787D-02  -0.3998D-02
  2.000  1.000
  -0.1628D+00   0.0000D+00  -0.1274D+00   0.0000D+00   0.0000D+00   0.0000D+00  -0.7704D-01   0.0000D+00  -0.1628D+00   0.0000D+00  -0.1274D+00   0.0000D+00
   0.3139D+00   0.0000D+00   0.5018D-01   0.0000D+00   0.1179D+00   0.0000D+00   0.6940D-01   0.0000D+00   0.1542D-01   0.0000D+00   0.0000D+00   0.0000D+00   0.3139D+00   0.0000D+00   0.5018D-01   0.0000D+00   0.1179D+00   0.0000D+00
   0.0000D+00   0.0000D+00   0.0000D+00   0.0000D+00   0.0000D+00   0.0000D+00   0.0000D+00   0.0000D+00
  -0.1734D+00   0.1455D-01  -0.1460D+00   0.8379D-02   0.8661D-02  -0.6483D-02  -0.9044D-01   0.1987D-02  -0.1734D+00   0.1455D-01  -0.1460D+00   0.8379D-02
   0.3071D+00  -0.1210D-01   0.5048D-01  -0.3763D-02   0.9061D-01  -0.2388D-01   0.7376D-01   0.0000D+00   0.1788D-01   0.1587D-02  -0.1868D-02   0.5192D-02   0.3071D+00  -0.1210D-01   0.5048D-01  -0.3763D-02   0.9061D-01  -0.2388D-01
  -0.1188D-02  -0.3342D-02  -0.1649D-02  -0.3689D-02  -0.1188D-02  -0.3342D-02  -0.1649D-02  -0.3689D-02
  2.000  2.000
  -0.1511D+00   0.0000D+00  -0.1183D+00   0.0000D+00   0.0000D+00   0.0000D+00  -0.7153D-01   0.0000D+00  -0.1511D+00   0.0000D+00  -0.1183D+00   0.0000D+00
   0.3139D+00   0.0000D+00   0.5018D-01   0.0000D+00   0.1179D+00   0.0000D+00   0.6940D-01   0.0000D+00   0.1542D-01   0.0000D+00   0.0000D+00   0.0000D+00   0.3139D+00   0.0000D+00   0.5018D-01   0.0000D+00   0.1179D+00   0.0000D+00
   0.0000D+00   0.0000D+00   0.0000D+00   0.0000D+00   0.0000D+00   0.0000D+00   0.0000D+00   0.0000D+00
  -0.1708D+00   0.1254D-01  -0.1425D+00   0.7222D-02   0.7466D-02  -0.5588D-02  -0.8804D-01   0.1713D-02  -0.1708D+00   0.1254D-01  -0.1425D+00   0.7222D-02
   0.3076D+00  -0.1124D-01   0.5047D-01  -0.3494D-02   0.9257D-01  -0.2217D-01   0.7345D-01   0.0000D+00   0.1770D-01   0.1473D-02  -0.1734D-02   0.4821D-02   0.3076D+00  -0.1124D-01   0.5047D-01  -0.3494D-02   0.9257D-01  -0.2217D-01
  -0.1103D-02  -0.3103D-02  -0.1531D-02  -0.3425D-02  -0.1103D-02  -0.3103D-02  -0.1531D-02  -0.3425D-02
