 LHC=           1 sqrts=   8000.0000000000000      ang=           4 mode=fital                                                                                               scalescheme=           1 R=  0.69999999999999996     
 NNPDF23_nlo_as_0118                                                                                           96
 Bin information: chid, chiu, md, mu, mu0
   0.0000000000000000       0.50000000000000000        686.00000000000000        737.00000000000000        711.50000000000000     
 9 scales(muf, mur)*(LO(38), NLO(38))
  0.500  0.500
  -0.4119D+00   0.0000D+00  -0.3376D+00   0.0000D+00   0.0000D+00   0.0000D+00  -0.2199D+00   0.0000D+00  -0.4119D+00   0.0000D+00  -0.3376D+00   0.0000D+00
   0.4933D+00   0.0000D+00   0.8023D-01   0.0000D+00   0.1770D+00   0.0000D+00   0.1188D+00   0.0000D+00   0.2641D-01   0.0000D+00   0.0000D+00   0.0000D+00   0.4933D+00   0.0000D+00   0.8023D-01   0.0000D+00   0.1770D+00   0.0000D+00
   0.0000D+00   0.0000D+00   0.0000D+00   0.0000D+00   0.0000D+00   0.0000D+00   0.0000D+00   0.0000D+00
  -0.3181D+00   0.4361D-01  -0.2936D+00   0.2521D-01   0.2764D-01  -0.2076D-01  -0.1964D+00   0.5054D-02  -0.3181D+00   0.4361D-01  -0.2936D+00   0.2521D-01
   0.3943D+00  -0.2042D-01   0.6636D-01  -0.6513D-02   0.9672D-01  -0.4230D-01   0.1043D+00   0.0000D+00   0.2591D-01   0.3045D-02  -0.3665D-02   0.9964D-02   0.3943D+00  -0.2042D-01   0.6636D-01  -0.6513D-02   0.9672D-01  -0.4230D-01
  -0.1936D-02  -0.5749D-02  -0.2953D-02  -0.6793D-02  -0.1936D-02  -0.5749D-02  -0.2953D-02  -0.6793D-02
  0.500  1.000
  -0.3819D+00   0.0000D+00  -0.3131D+00   0.0000D+00   0.0000D+00   0.0000D+00  -0.2039D+00   0.0000D+00  -0.3819D+00   0.0000D+00  -0.3131D+00   0.0000D+00
   0.4933D+00   0.0000D+00   0.8023D-01   0.0000D+00   0.1770D+00   0.0000D+00   0.1188D+00   0.0000D+00   0.2641D-01   0.0000D+00   0.0000D+00   0.0000D+00   0.4933D+00   0.0000D+00   0.8023D-01   0.0000D+00   0.1770D+00   0.0000D+00
   0.0000D+00   0.0000D+00   0.0000D+00   0.0000D+00   0.0000D+00   0.0000D+00   0.0000D+00   0.0000D+00
  -0.3309D+00   0.3749D-01  -0.2995D+00   0.2167D-01   0.2377D-01  -0.1785D-01  -0.1995D+00   0.4345D-02  -0.3309D+00   0.3749D-01  -0.2995D+00   0.2167D-01
   0.4016D+00  -0.1893D-01   0.6738D-01  -0.6039D-02   0.1026D+00  -0.3922D-01   0.1054D+00   0.0000D+00   0.2595D-01   0.2823D-02  -0.3399D-02   0.9239D-02   0.4016D+00  -0.1893D-01   0.6738D-01  -0.6039D-02   0.1026D+00  -0.3922D-01
  -0.1795D-02  -0.5331D-02  -0.2738D-02  -0.6299D-02  -0.1795D-02  -0.5331D-02  -0.2738D-02  -0.6299D-02
  0.500  2.000
  -0.3561D+00   0.0000D+00  -0.2919D+00   0.0000D+00   0.0000D+00   0.0000D+00  -0.1901D+00   0.0000D+00  -0.3561D+00   0.0000D+00  -0.2919D+00   0.0000D+00
   0.4933D+00   0.0000D+00   0.8023D-01   0.0000D+00   0.1770D+00   0.0000D+00   0.1188D+00   0.0000D+00   0.2641D-01   0.0000D+00   0.0000D+00   0.0000D+00   0.4933D+00   0.0000D+00   0.8023D-01   0.0000D+00   0.1770D+00   0.0000D+00
   0.0000D+00   0.0000D+00   0.0000D+00   0.0000D+00   0.0000D+00   0.0000D+00   0.0000D+00   0.0000D+00
  -0.3375D+00   0.3259D-01  -0.3012D+00   0.1884D-01   0.2066D-01  -0.1551D-01  -0.2000D+00   0.3776D-02  -0.3375D+00   0.3259D-01  -0.3012D+00   0.1884D-01
   0.4079D+00  -0.1765D-01   0.6826D-01  -0.5630D-02   0.1077D+00  -0.3657D-01   0.1063D+00   0.0000D+00   0.2598D-01   0.2632D-02  -0.3169D-02   0.8614D-02   0.4079D+00  -0.1765D-01   0.6826D-01  -0.5630D-02   0.1077D+00  -0.3657D-01
  -0.1674D-02  -0.4970D-02  -0.2553D-02  -0.5873D-02  -0.1674D-02  -0.4970D-02  -0.2553D-02  -0.5873D-02
  1.000  0.500
  -0.3768D+00   0.0000D+00  -0.3089D+00   0.0000D+00   0.0000D+00   0.0000D+00  -0.2003D+00   0.0000D+00  -0.3768D+00   0.0000D+00  -0.3089D+00   0.0000D+00
   0.4514D+00   0.0000D+00   0.7331D-01   0.0000D+00   0.1619D+00   0.0000D+00   0.1078D+00   0.0000D+00   0.2397D-01   0.0000D+00   0.0000D+00   0.0000D+00   0.4514D+00   0.0000D+00   0.7331D-01   0.0000D+00   0.1619D+00   0.0000D+00
   0.0000D+00   0.0000D+00   0.0000D+00   0.0000D+00   0.0000D+00   0.0000D+00   0.0000D+00   0.0000D+00
  -0.3233D+00   0.3979D-01  -0.2959D+00   0.2300D-01   0.2516D-01  -0.1889D-01  -0.1986D+00   0.4676D-02  -0.3233D+00   0.3979D-01  -0.2959D+00   0.2300D-01
   0.3997D+00  -0.1866D-01   0.6711D-01  -0.5955D-02   0.1022D+00  -0.3876D-01   0.1045D+00   0.0000D+00   0.2569D-01   0.2765D-02  -0.3301D-02   0.9049D-02   0.3997D+00  -0.1866D-01   0.6711D-01  -0.5955D-02   0.1022D+00  -0.3876D-01
  -0.1774D-02  -0.5293D-02  -0.2696D-02  -0.6197D-02  -0.1774D-02  -0.5293D-02  -0.2696D-02  -0.6197D-02
  1.000  1.000
  -0.3493D+00   0.0000D+00  -0.2864D+00   0.0000D+00   0.0000D+00   0.0000D+00  -0.1857D+00   0.0000D+00  -0.3493D+00   0.0000D+00  -0.2864D+00   0.0000D+00
   0.4514D+00   0.0000D+00   0.7331D-01   0.0000D+00   0.1619D+00   0.0000D+00   0.1078D+00   0.0000D+00   0.2397D-01   0.0000D+00   0.0000D+00   0.0000D+00   0.4514D+00   0.0000D+00   0.7331D-01   0.0000D+00   0.1619D+00   0.0000D+00
   0.0000D+00   0.0000D+00   0.0000D+00   0.0000D+00   0.0000D+00   0.0000D+00   0.0000D+00   0.0000D+00
  -0.3306D+00   0.3421D-01  -0.2975D+00   0.1978D-01   0.2163D-01  -0.1624D-01  -0.1987D+00   0.4020D-02  -0.3306D+00   0.3421D-01  -0.2975D+00   0.1978D-01
   0.4036D+00  -0.1730D-01   0.6757D-01  -0.5522D-02   0.1066D+00  -0.3594D-01   0.1048D+00   0.0000D+00   0.2557D-01   0.2564D-02  -0.3061D-02   0.8390D-02   0.4036D+00  -0.1730D-01   0.6757D-01  -0.5522D-02   0.1066D+00  -0.3594D-01
  -0.1645D-02  -0.4908D-02  -0.2500D-02  -0.5746D-02  -0.1645D-02  -0.4908D-02  -0.2500D-02  -0.5746D-02
  1.000  2.000
  -0.3257D+00   0.0000D+00  -0.2670D+00   0.0000D+00   0.0000D+00   0.0000D+00  -0.1731D+00   0.0000D+00  -0.3257D+00   0.0000D+00  -0.2670D+00   0.0000D+00
   0.4514D+00   0.0000D+00   0.7331D-01   0.0000D+00   0.1619D+00   0.0000D+00   0.1078D+00   0.0000D+00   0.2397D-01   0.0000D+00   0.0000D+00   0.0000D+00   0.4514D+00   0.0000D+00   0.7331D-01   0.0000D+00   0.1619D+00   0.0000D+00
   0.0000D+00   0.0000D+00   0.0000D+00   0.0000D+00   0.0000D+00   0.0000D+00   0.0000D+00   0.0000D+00
  -0.3329D+00   0.2973D-01  -0.2960D+00   0.1719D-01   0.1880D-01  -0.1412D-01  -0.1969D+00   0.3494D-02  -0.3329D+00   0.2973D-01  -0.2960D+00   0.1719D-01
   0.4069D+00  -0.1613D-01   0.6797D-01  -0.5148D-02   0.1104D+00  -0.3351D-01   0.1050D+00   0.0000D+00   0.2546D-01   0.2390D-02  -0.2854D-02   0.7822D-02   0.4069D+00  -0.1613D-01   0.6797D-01  -0.5148D-02   0.1104D+00  -0.3351D-01
  -0.1534D-02  -0.4575D-02  -0.2331D-02  -0.5357D-02  -0.1534D-02  -0.4575D-02  -0.2331D-02  -0.5357D-02
  2.000  0.500
  -0.3469D+00   0.0000D+00  -0.2841D+00   0.0000D+00   0.0000D+00   0.0000D+00  -0.1835D+00   0.0000D+00  -0.3469D+00   0.0000D+00  -0.2841D+00   0.0000D+00
   0.4143D+00   0.0000D+00   0.6731D-01   0.0000D+00   0.1489D+00   0.0000D+00   0.9842D-01   0.0000D+00   0.2187D-01   0.0000D+00   0.0000D+00   0.0000D+00   0.4143D+00   0.0000D+00   0.6731D-01   0.0000D+00   0.1489D+00   0.0000D+00
   0.0000D+00   0.0000D+00   0.0000D+00   0.0000D+00   0.0000D+00   0.0000D+00   0.0000D+00   0.0000D+00
  -0.3296D+00   0.3656D-01  -0.2992D+00   0.2115D-01   0.2309D-01  -0.1732D-01  -0.1994D+00   0.4353D-02  -0.3296D+00   0.3656D-01  -0.2992D+00   0.2115D-01
   0.4040D+00  -0.1717D-01   0.6773D-01  -0.5468D-02   0.1072D+00  -0.3549D-01   0.1046D+00   0.0000D+00   0.2559D-01   0.2523D-02  -0.3035D-02   0.8258D-02   0.4040D+00  -0.1717D-01   0.6773D-01  -0.5468D-02   0.1072D+00  -0.3549D-01
  -0.1635D-02  -0.4876D-02  -0.2472D-02  -0.5675D-02  -0.1635D-02  -0.4876D-02  -0.2472D-02  -0.5675D-02
  2.000  1.000
  -0.3217D+00   0.0000D+00  -0.2634D+00   0.0000D+00   0.0000D+00   0.0000D+00  -0.1702D+00   0.0000D+00  -0.3217D+00   0.0000D+00  -0.2634D+00   0.0000D+00
   0.4143D+00   0.0000D+00   0.6731D-01   0.0000D+00   0.1489D+00   0.0000D+00   0.9842D-01   0.0000D+00   0.2187D-01   0.0000D+00   0.0000D+00   0.0000D+00   0.4143D+00   0.0000D+00   0.6731D-01   0.0000D+00   0.1489D+00   0.0000D+00
   0.0000D+00   0.0000D+00   0.0000D+00   0.0000D+00   0.0000D+00   0.0000D+00   0.0000D+00   0.0000D+00
  -0.3318D+00   0.3143D-01  -0.2968D+00   0.1818D-01   0.1986D-01  -0.1489D-01  -0.1970D+00   0.3743D-02  -0.3318D+00   0.3143D-01  -0.2968D+00   0.1818D-01
   0.4048D+00  -0.1592D-01   0.6771D-01  -0.5071D-02   0.1103D+00  -0.3291D-01   0.1042D+00   0.0000D+00   0.2533D-01   0.2340D-02  -0.2814D-02   0.7657D-02   0.4048D+00  -0.1592D-01   0.6771D-01  -0.5071D-02   0.1103D+00  -0.3291D-01
  -0.1516D-02  -0.4521D-02  -0.2292D-02  -0.5262D-02  -0.1516D-02  -0.4521D-02  -0.2292D-02  -0.5262D-02
  2.000  2.000
  -0.2999D+00   0.0000D+00  -0.2456D+00   0.0000D+00   0.0000D+00   0.0000D+00  -0.1587D+00   0.0000D+00  -0.2999D+00   0.0000D+00  -0.2456D+00   0.0000D+00
   0.4143D+00   0.0000D+00   0.6731D-01   0.0000D+00   0.1489D+00   0.0000D+00   0.9842D-01   0.0000D+00   0.2187D-01   0.0000D+00   0.0000D+00   0.0000D+00   0.4143D+00   0.0000D+00   0.6731D-01   0.0000D+00   0.1489D+00   0.0000D+00
   0.0000D+00   0.0000D+00   0.0000D+00   0.0000D+00   0.0000D+00   0.0000D+00   0.0000D+00   0.0000D+00
  -0.3304D+00   0.2732D-01  -0.2924D+00   0.1580D-01   0.1726D-01  -0.1294D-01  -0.1935D+00   0.3253D-02  -0.3304D+00   0.2732D-01  -0.2924D+00   0.1580D-01
   0.4055D+00  -0.1484D-01   0.6769D-01  -0.4727D-02   0.1129D+00  -0.3068D-01   0.1038D+00   0.0000D+00   0.2509D-01   0.2181D-02  -0.2624D-02   0.7139D-02   0.4055D+00  -0.1484D-01   0.6769D-01  -0.4727D-02   0.1129D+00  -0.3068D-01
  -0.1413D-02  -0.4215D-02  -0.2137D-02  -0.4906D-02  -0.1413D-02  -0.4215D-02  -0.2137D-02  -0.4906D-02
