 LHC=           1 sqrts=   8000.0000000000000      ang=           4 mode=fital                                                                                               scalescheme=           1 R=  0.69999999999999996     
 MSTW2008nlo68cl_rand1235                                                                                      64
 Bin information: chid, chiu, md, mu, mu0
   0.0000000000000000       0.50000000000000000        967.00000000000000        1032.0000000000000        999.50000000000000     
 9 scales(muf, mur)*(LO(38), NLO(38))
  0.500  0.500
  -0.1294D+00   0.0000D+00  -0.9270D-01   0.0000D+00   0.0000D+00   0.0000D+00  -0.5121D-01   0.0000D+00  -0.1294D+00   0.0000D+00  -0.9270D-01   0.0000D+00
   0.2793D+00   0.0000D+00   0.4343D-01   0.0000D+00   0.1118D+00   0.0000D+00   0.5478D-01   0.0000D+00   0.1217D-01   0.0000D+00   0.0000D+00   0.0000D+00   0.2793D+00   0.0000D+00   0.4343D-01   0.0000D+00   0.1118D+00   0.0000D+00
   0.0000D+00   0.0000D+00   0.0000D+00   0.0000D+00   0.0000D+00   0.0000D+00   0.0000D+00   0.0000D+00
  -0.1040D+00   0.1138D-01  -0.8086D-01   0.6592D-02   0.6572D-02  -0.4665D-02  -0.4546D-01   0.1852D-02  -0.1040D+00   0.1138D-01  -0.8086D-01   0.6592D-02
   0.2107D+00  -0.1244D-01   0.3378D-01  -0.3721D-02   0.6173D-01  -0.2285D-01   0.4632D-01   0.0000D+00   0.1150D-01   0.1354D-02  -0.2024D-02   0.4431D-02   0.2107D+00  -0.1244D-01   0.3378D-01  -0.3721D-02   0.6173D-01  -0.2285D-01
  -0.1248D-02  -0.3323D-02  -0.1517D-02  -0.3352D-02  -0.1248D-02  -0.3323D-02  -0.1517D-02  -0.3352D-02
  0.500  1.000
  -0.1194D+00   0.0000D+00  -0.8554D-01   0.0000D+00   0.0000D+00   0.0000D+00  -0.4726D-01   0.0000D+00  -0.1194D+00   0.0000D+00  -0.8554D-01   0.0000D+00
   0.2793D+00   0.0000D+00   0.4343D-01   0.0000D+00   0.1118D+00   0.0000D+00   0.5478D-01   0.0000D+00   0.1217D-01   0.0000D+00   0.0000D+00   0.0000D+00   0.2793D+00   0.0000D+00   0.4343D-01   0.0000D+00   0.1118D+00   0.0000D+00
   0.0000D+00   0.0000D+00   0.0000D+00   0.0000D+00   0.0000D+00   0.0000D+00   0.0000D+00   0.0000D+00
  -0.1067D+00   0.9690D-02  -0.8185D-01   0.5614D-02   0.5597D-02  -0.3973D-02  -0.4589D-01   0.1577D-02  -0.1067D+00   0.9690D-02  -0.8185D-01   0.5614D-02
   0.2160D+00  -0.1148D-01   0.3453D-01  -0.3434D-02   0.6561D-01  -0.2108D-01   0.4698D-01   0.0000D+00   0.1155D-01   0.1249D-02  -0.1868D-02   0.4089D-02   0.2160D+00  -0.1148D-01   0.3453D-01  -0.3434D-02   0.6561D-01  -0.2108D-01
  -0.1152D-02  -0.3066D-02  -0.1400D-02  -0.3094D-02  -0.1152D-02  -0.3066D-02  -0.1400D-02  -0.3094D-02
  0.500  2.000
  -0.1109D+00   0.0000D+00  -0.7943D-01   0.0000D+00   0.0000D+00   0.0000D+00  -0.4388D-01   0.0000D+00  -0.1109D+00   0.0000D+00  -0.7943D-01   0.0000D+00
   0.2793D+00   0.0000D+00   0.4343D-01   0.0000D+00   0.1118D+00   0.0000D+00   0.5478D-01   0.0000D+00   0.1217D-01   0.0000D+00   0.0000D+00   0.0000D+00   0.2793D+00   0.0000D+00   0.4343D-01   0.0000D+00   0.1118D+00   0.0000D+00
   0.0000D+00   0.0000D+00   0.0000D+00   0.0000D+00   0.0000D+00   0.0000D+00   0.0000D+00   0.0000D+00
  -0.1076D+00   0.8354D-02  -0.8175D-01   0.4840D-02   0.4825D-02  -0.3425D-02  -0.4574D-01   0.1360D-02  -0.1076D+00   0.8354D-02  -0.8175D-01   0.4840D-02
   0.2206D+00  -0.1066D-01   0.3517D-01  -0.3189D-02   0.6892D-01  -0.1958D-01   0.4754D-01   0.0000D+00   0.1160D-01   0.1160D-02  -0.1734D-02   0.3797D-02   0.2206D+00  -0.1066D-01   0.3517D-01  -0.3189D-02   0.6892D-01  -0.1958D-01
  -0.1069D-02  -0.2847D-02  -0.1299D-02  -0.2872D-02  -0.1069D-02  -0.2847D-02  -0.1299D-02  -0.2872D-02
  1.000  0.500
  -0.1155D+00   0.0000D+00  -0.8253D-01   0.0000D+00   0.0000D+00   0.0000D+00  -0.4543D-01   0.0000D+00  -0.1155D+00   0.0000D+00  -0.8253D-01   0.0000D+00
   0.2488D+00   0.0000D+00   0.3868D-01   0.0000D+00   0.9969D-01   0.0000D+00   0.4848D-01   0.0000D+00   0.1077D-01   0.0000D+00   0.0000D+00   0.0000D+00   0.2488D+00   0.0000D+00   0.3868D-01   0.0000D+00   0.9969D-01   0.0000D+00
   0.0000D+00   0.0000D+00   0.0000D+00   0.0000D+00   0.0000D+00   0.0000D+00   0.0000D+00   0.0000D+00
  -0.1058D+00   0.1013D-01  -0.8149D-01   0.5855D-02   0.5761D-02  -0.4138D-02  -0.4558D-01   0.1660D-02  -0.1058D+00   0.1013D-01  -0.8149D-01   0.5855D-02
   0.2163D+00  -0.1112D-01   0.3455D-01  -0.3328D-02   0.6645D-01  -0.2036D-01   0.4685D-01   0.0000D+00   0.1145D-01   0.1200D-02  -0.1809D-02   0.3926D-02   0.2163D+00  -0.1112D-01   0.3455D-01  -0.3328D-02   0.6645D-01  -0.2036D-01
  -0.1117D-02  -0.2959D-02  -0.1348D-02  -0.2972D-02  -0.1117D-02  -0.2959D-02  -0.1348D-02  -0.2972D-02
  1.000  1.000
  -0.1066D+00   0.0000D+00  -0.7616D-01   0.0000D+00   0.0000D+00   0.0000D+00  -0.4192D-01   0.0000D+00  -0.1066D+00   0.0000D+00  -0.7616D-01   0.0000D+00
   0.2488D+00   0.0000D+00   0.3868D-01   0.0000D+00   0.9969D-01   0.0000D+00   0.4848D-01   0.0000D+00   0.1077D-01   0.0000D+00   0.0000D+00   0.0000D+00   0.2488D+00   0.0000D+00   0.3868D-01   0.0000D+00   0.9969D-01   0.0000D+00
   0.0000D+00   0.0000D+00   0.0000D+00   0.0000D+00   0.0000D+00   0.0000D+00   0.0000D+00   0.0000D+00
  -0.1063D+00   0.8625D-02  -0.8096D-01   0.4986D-02   0.4906D-02  -0.3524D-02  -0.4518D-01   0.1414D-02  -0.1063D+00   0.8625D-02  -0.8096D-01   0.4986D-02
   0.2188D+00  -0.1026D-01   0.3488D-01  -0.3071D-02   0.6903D-01  -0.1879D-01   0.4698D-01   0.0000D+00   0.1140D-01   0.1107D-02  -0.1669D-02   0.3623D-02   0.2188D+00  -0.1026D-01   0.3488D-01  -0.3071D-02   0.6903D-01  -0.1879D-01
  -0.1030D-02  -0.2731D-02  -0.1244D-02  -0.2743D-02  -0.1030D-02  -0.2731D-02  -0.1244D-02  -0.2743D-02
  1.000  2.000
  -0.9897D-01   0.0000D+00  -0.7072D-01   0.0000D+00   0.0000D+00   0.0000D+00  -0.3892D-01   0.0000D+00  -0.9897D-01   0.0000D+00  -0.7072D-01   0.0000D+00
   0.2488D+00   0.0000D+00   0.3868D-01   0.0000D+00   0.9969D-01   0.0000D+00   0.4848D-01   0.0000D+00   0.1077D-01   0.0000D+00   0.0000D+00   0.0000D+00   0.2488D+00   0.0000D+00   0.3868D-01   0.0000D+00   0.9969D-01   0.0000D+00
   0.0000D+00   0.0000D+00   0.0000D+00   0.0000D+00   0.0000D+00   0.0000D+00   0.0000D+00   0.0000D+00
  -0.1056D+00   0.7436D-02  -0.7975D-01   0.4298D-02   0.4230D-02  -0.3038D-02  -0.4443D-01   0.1219D-02  -0.1056D+00   0.7436D-02  -0.7975D-01   0.4298D-02
   0.2210D+00  -0.9531D-02   0.3515D-01  -0.2852D-02   0.7123D-01  -0.1744D-01   0.4709D-01   0.0000D+00   0.1136D-01   0.1028D-02  -0.1550D-02   0.3364D-02   0.2210D+00  -0.9531D-02   0.3515D-01  -0.2852D-02   0.7123D-01  -0.1744D-01
  -0.9567D-03  -0.2536D-02  -0.1155D-02  -0.2547D-02  -0.9567D-03  -0.2536D-02  -0.1155D-02  -0.2547D-02
  2.000  0.500
  -0.1040D+00   0.0000D+00  -0.7406D-01   0.0000D+00   0.0000D+00   0.0000D+00  -0.4059D-01   0.0000D+00  -0.1040D+00   0.0000D+00  -0.7406D-01   0.0000D+00
   0.2236D+00   0.0000D+00   0.3472D-01   0.0000D+00   0.8979D-01   0.0000D+00   0.4326D-01   0.0000D+00   0.9613D-02   0.0000D+00   0.0000D+00   0.0000D+00   0.2236D+00   0.0000D+00   0.3472D-01   0.0000D+00   0.8979D-01   0.0000D+00
   0.0000D+00   0.0000D+00   0.0000D+00   0.0000D+00   0.0000D+00   0.0000D+00   0.0000D+00   0.0000D+00
  -0.1075D+00   0.9077D-02  -0.8173D-01   0.5245D-02   0.5110D-02  -0.3699D-02  -0.4577D-01   0.1498D-02  -0.1075D+00   0.9077D-02  -0.8173D-01   0.5245D-02
   0.2203D+00  -0.9994D-02   0.3511D-01  -0.2990D-02   0.6995D-01  -0.1832D-01   0.4709D-01   0.0000D+00   0.1139D-01   0.1070D-02  -0.1624D-02   0.3503D-02   0.2203D+00  -0.9994D-02   0.3511D-01  -0.2990D-02   0.6995D-01  -0.1832D-01
  -0.1005D-02  -0.2663D-02  -0.1209D-02  -0.2666D-02  -0.1005D-02  -0.2663D-02  -0.1209D-02  -0.2666D-02
  2.000  1.000
  -0.9594D-01   0.0000D+00  -0.6834D-01   0.0000D+00   0.0000D+00   0.0000D+00  -0.3745D-01   0.0000D+00  -0.9594D-01   0.0000D+00  -0.6834D-01   0.0000D+00
   0.2236D+00   0.0000D+00   0.3472D-01   0.0000D+00   0.8979D-01   0.0000D+00   0.4326D-01   0.0000D+00   0.9613D-02   0.0000D+00   0.0000D+00   0.0000D+00   0.2236D+00   0.0000D+00   0.3472D-01   0.0000D+00   0.8979D-01   0.0000D+00
   0.0000D+00   0.0000D+00   0.0000D+00   0.0000D+00   0.0000D+00   0.0000D+00   0.0000D+00   0.0000D+00
  -0.1061D+00   0.7730D-02  -0.7998D-01   0.4466D-02   0.4352D-02  -0.3150D-02  -0.4467D-01   0.1276D-02  -0.1061D+00   0.7730D-02  -0.7998D-01   0.4466D-02
   0.2206D+00  -0.9223D-02   0.3508D-01  -0.2759D-02   0.7150D-01  -0.1691D-01   0.4680D-01   0.0000D+00   0.1126D-01   0.9876D-03  -0.1499D-02   0.3232D-02   0.2206D+00  -0.9223D-02   0.3508D-01  -0.2759D-02   0.7150D-01  -0.1691D-01
  -0.9278D-03  -0.2458D-02  -0.1115D-02  -0.2460D-02  -0.9278D-03  -0.2458D-02  -0.1115D-02  -0.2460D-02
  2.000  2.000
  -0.8908D-01   0.0000D+00  -0.6346D-01   0.0000D+00   0.0000D+00   0.0000D+00  -0.3478D-01   0.0000D+00  -0.8908D-01   0.0000D+00  -0.6346D-01   0.0000D+00
   0.2236D+00   0.0000D+00   0.3472D-01   0.0000D+00   0.8979D-01   0.0000D+00   0.4326D-01   0.0000D+00   0.9613D-02   0.0000D+00   0.0000D+00   0.0000D+00   0.2236D+00   0.0000D+00   0.3472D-01   0.0000D+00   0.8979D-01   0.0000D+00
   0.0000D+00   0.0000D+00   0.0000D+00   0.0000D+00   0.0000D+00   0.0000D+00   0.0000D+00   0.0000D+00
  -0.1040D+00   0.6664D-02  -0.7789D-01   0.3851D-02   0.3753D-02  -0.2715D-02  -0.4340D-01   0.1100D-02  -0.1040D+00   0.6664D-02  -0.7789D-01   0.3851D-02
   0.2208D+00  -0.8563D-02   0.3506D-01  -0.2562D-02   0.7282D-01  -0.1570D-01   0.4655D-01   0.0000D+00   0.1114D-01   0.9170D-03  -0.1392D-02   0.3001D-02   0.2208D+00  -0.8563D-02   0.3506D-01  -0.2562D-02   0.7282D-01  -0.1570D-01
  -0.8615D-03  -0.2282D-02  -0.1036D-02  -0.2284D-02  -0.8615D-03  -0.2282D-02  -0.1036D-02  -0.2284D-02
