 LHC=           1 sqrts=   8000.0000000000000      ang=           4 mode=fital                                                                                               scalescheme=           1 R=  0.69999999999999996     
 CT10nlo_rand5678                                                                                             130
 Bin information: chid, chiu, md, mu, mu0
   0.0000000000000000       0.50000000000000000        1410.0000000000000        1497.0000000000000        1453.5000000000000     
 9 scales(muf, mur)*(LO(38), NLO(38))
  0.500  0.500
  -0.2491D-01   0.0000D+00  -0.1619D-01   0.0000D+00   0.0000D+00   0.0000D+00  -0.7542D-02   0.0000D+00  -0.2491D-01   0.0000D+00  -0.1619D-01   0.0000D+00
   0.1082D+00   0.0000D+00   0.1615D-01   0.0000D+00   0.4744D-01   0.0000D+00   0.1692D-01   0.0000D+00   0.3760D-02   0.0000D+00   0.0000D+00   0.0000D+00   0.1082D+00   0.0000D+00   0.1615D-01   0.0000D+00   0.4744D-01   0.0000D+00
   0.0000D+00   0.0000D+00   0.0000D+00   0.0000D+00   0.0000D+00   0.0000D+00   0.0000D+00   0.0000D+00
  -0.2103D-01   0.1847D-02  -0.1435D-01   0.1071D-02   0.8493D-03  -0.6484D-03  -0.6628D-02   0.3769D-03  -0.2103D-01   0.1847D-02  -0.1435D-01   0.1071D-02
   0.8030D-01  -0.4984D-02   0.1226D-01  -0.1421D-02   0.2785D-01  -0.8272D-02   0.1410D-01   0.0000D+00   0.3495D-02   0.3952D-03  -0.7200D-03   0.1293D-02   0.8030D-01  -0.4984D-02   0.1226D-01  -0.1421D-02   0.2785D-01  -0.8272D-02
  -0.5220D-03  -0.1280D-02  -0.5219D-03  -0.1104D-02  -0.5220D-03  -0.1280D-02  -0.5219D-03  -0.1104D-02
  0.500  1.000
  -0.2309D-01   0.0000D+00  -0.1501D-01   0.0000D+00   0.0000D+00   0.0000D+00  -0.6991D-02   0.0000D+00  -0.2309D-01   0.0000D+00  -0.1501D-01   0.0000D+00
   0.1082D+00   0.0000D+00   0.1615D-01   0.0000D+00   0.4744D-01   0.0000D+00   0.1692D-01   0.0000D+00   0.3760D-02   0.0000D+00   0.0000D+00   0.0000D+00   0.1082D+00   0.0000D+00   0.1615D-01   0.0000D+00   0.4744D-01   0.0000D+00
   0.0000D+00   0.0000D+00   0.0000D+00   0.0000D+00   0.0000D+00   0.0000D+00   0.0000D+00   0.0000D+00
  -0.2139D-01   0.1587D-02  -0.1449D-01   0.9203D-03   0.7299D-03  -0.5571D-03  -0.6700D-02   0.3238D-03  -0.2139D-01   0.1587D-02  -0.1449D-01   0.9203D-03
   0.8235D-01  -0.4620D-02   0.1255D-01  -0.1317D-02   0.2928D-01  -0.7668D-02   0.1431D-01   0.0000D+00   0.3515D-02   0.3663D-03  -0.6675D-03   0.1199D-02   0.8235D-01  -0.4620D-02   0.1255D-01  -0.1317D-02   0.2928D-01  -0.7668D-02
  -0.4839D-03  -0.1187D-02  -0.4838D-03  -0.1023D-02  -0.4839D-03  -0.1187D-02  -0.4838D-03  -0.1023D-02
  0.500  2.000
  -0.2152D-01   0.0000D+00  -0.1399D-01   0.0000D+00   0.0000D+00   0.0000D+00  -0.6516D-02   0.0000D+00  -0.2152D-01   0.0000D+00  -0.1399D-01   0.0000D+00
   0.1082D+00   0.0000D+00   0.1615D-01   0.0000D+00   0.4744D-01   0.0000D+00   0.1692D-01   0.0000D+00   0.3760D-02   0.0000D+00   0.0000D+00   0.0000D+00   0.1082D+00   0.0000D+00   0.1615D-01   0.0000D+00   0.4744D-01   0.0000D+00
   0.0000D+00   0.0000D+00   0.0000D+00   0.0000D+00   0.0000D+00   0.0000D+00   0.0000D+00   0.0000D+00
  -0.2146D-01   0.1379D-02  -0.1446D-01   0.7995D-03   0.6342D-03  -0.4840D-03  -0.6693D-02   0.2814D-03  -0.2146D-01   0.1379D-02  -0.1446D-01   0.7995D-03
   0.8411D-01  -0.4306D-02   0.1279D-01  -0.1228D-02   0.3052D-01  -0.7147D-02   0.1449D-01   0.0000D+00   0.3532D-02   0.3414D-03  -0.6222D-03   0.1117D-02   0.8411D-01  -0.4306D-02   0.1279D-01  -0.1228D-02   0.3052D-01  -0.7147D-02
  -0.4510D-03  -0.1106D-02  -0.4509D-03  -0.9539D-03  -0.4510D-03  -0.1106D-02  -0.4509D-03  -0.9539D-03
  1.000  0.500
  -0.2156D-01   0.0000D+00  -0.1398D-01   0.0000D+00   0.0000D+00   0.0000D+00  -0.6521D-02   0.0000D+00  -0.2156D-01   0.0000D+00  -0.1398D-01   0.0000D+00
   0.9361D-01   0.0000D+00   0.1395D-01   0.0000D+00   0.4109D-01   0.0000D+00   0.1463D-01   0.0000D+00   0.3251D-02   0.0000D+00   0.0000D+00   0.0000D+00   0.9361D-01   0.0000D+00   0.1395D-01   0.0000D+00   0.4109D-01   0.0000D+00
   0.0000D+00   0.0000D+00   0.0000D+00   0.0000D+00   0.0000D+00   0.0000D+00   0.0000D+00   0.0000D+00
  -0.2129D-01   0.1596D-02  -0.1443D-01   0.9264D-03   0.7332D-03  -0.5603D-03  -0.6680D-02   0.3267D-03  -0.2129D-01   0.1596D-02  -0.1443D-01   0.9264D-03
   0.8286D-01  -0.4314D-02   0.1259D-01  -0.1229D-02   0.3006D-01  -0.7169D-02   0.1430D-01   0.0000D+00   0.3486D-02   0.3415D-03  -0.6239D-03   0.1118D-02   0.8286D-01  -0.4314D-02   0.1259D-01  -0.1229D-02   0.3006D-01  -0.7169D-02
  -0.4527D-03  -0.1107D-02  -0.4511D-03  -0.9553D-03  -0.4527D-03  -0.1107D-02  -0.4511D-03  -0.9553D-03
  1.000  1.000
  -0.1999D-01   0.0000D+00  -0.1296D-01   0.0000D+00   0.0000D+00   0.0000D+00  -0.6045D-02   0.0000D+00  -0.1999D-01   0.0000D+00  -0.1296D-01   0.0000D+00
   0.9361D-01   0.0000D+00   0.1395D-01   0.0000D+00   0.4109D-01   0.0000D+00   0.1463D-01   0.0000D+00   0.3251D-02   0.0000D+00   0.0000D+00   0.0000D+00   0.9361D-01   0.0000D+00   0.1395D-01   0.0000D+00   0.4109D-01   0.0000D+00
   0.0000D+00   0.0000D+00   0.0000D+00   0.0000D+00   0.0000D+00   0.0000D+00   0.0000D+00   0.0000D+00
  -0.2117D-01   0.1371D-02  -0.1426D-01   0.7960D-03   0.6301D-03  -0.4815D-03  -0.6609D-02   0.2807D-03  -0.2117D-01   0.1371D-02  -0.1426D-01   0.7960D-03
   0.8365D-01  -0.3999D-02   0.1269D-01  -0.1139D-02   0.3087D-01  -0.6646D-02   0.1433D-01   0.0000D+00   0.3469D-02   0.3166D-03  -0.5784D-03   0.1036D-02   0.8365D-01  -0.3999D-02   0.1269D-01  -0.1139D-02   0.3087D-01  -0.6646D-02
  -0.4196D-03  -0.1026D-02  -0.4182D-03  -0.8855D-03  -0.4196D-03  -0.1026D-02  -0.4182D-03  -0.8855D-03
  1.000  2.000
  -0.1863D-01   0.0000D+00  -0.1208D-01   0.0000D+00   0.0000D+00   0.0000D+00  -0.5634D-02   0.0000D+00  -0.1863D-01   0.0000D+00  -0.1208D-01   0.0000D+00
   0.9361D-01   0.0000D+00   0.1395D-01   0.0000D+00   0.4109D-01   0.0000D+00   0.1463D-01   0.0000D+00   0.3251D-02   0.0000D+00   0.0000D+00   0.0000D+00   0.9361D-01   0.0000D+00   0.1395D-01   0.0000D+00   0.4109D-01   0.0000D+00
   0.0000D+00   0.0000D+00   0.0000D+00   0.0000D+00   0.0000D+00   0.0000D+00   0.0000D+00   0.0000D+00
  -0.2088D-01   0.1191D-02  -0.1400D-01   0.6916D-03   0.5475D-03  -0.4183D-03  -0.6496D-02   0.2439D-03  -0.2088D-01   0.1191D-02  -0.1400D-01   0.6916D-03
   0.8433D-01  -0.3728D-02   0.1277D-01  -0.1062D-02   0.3156D-01  -0.6195D-02   0.1435D-01   0.0000D+00   0.3455D-02   0.2951D-03  -0.5392D-03   0.9657D-03   0.8433D-01  -0.3728D-02   0.1277D-01  -0.1062D-02   0.3156D-01  -0.6195D-02
  -0.3911D-03  -0.9568D-03  -0.3898D-03  -0.8254D-03  -0.3911D-03  -0.9568D-03  -0.3898D-03  -0.8254D-03
  2.000  0.500
  -0.1887D-01   0.0000D+00  -0.1221D-01   0.0000D+00   0.0000D+00   0.0000D+00  -0.5684D-02   0.0000D+00  -0.1887D-01   0.0000D+00  -0.1221D-01   0.0000D+00
   0.8169D-01   0.0000D+00   0.1217D-01   0.0000D+00   0.3592D-01   0.0000D+00   0.1276D-01   0.0000D+00   0.2835D-02   0.0000D+00   0.0000D+00   0.0000D+00   0.8169D-01   0.0000D+00   0.1217D-01   0.0000D+00   0.3592D-01   0.0000D+00
   0.0000D+00   0.0000D+00   0.0000D+00   0.0000D+00   0.0000D+00   0.0000D+00   0.0000D+00   0.0000D+00
  -0.2141D-01   0.1393D-02  -0.1438D-01   0.8101D-03   0.6389D-03  -0.4886D-03  -0.6670D-02   0.2857D-03  -0.2141D-01   0.1393D-02  -0.1438D-01   0.8101D-03
   0.8418D-01  -0.3775D-02   0.1278D-01  -0.1073D-02   0.3145D-01  -0.6242D-02   0.1436D-01   0.0000D+00   0.3460D-02   0.2978D-03  -0.5439D-03   0.9746D-03   0.8418D-01  -0.3775D-02   0.1278D-01  -0.1073D-02   0.3145D-01  -0.6242D-02
  -0.3968D-03  -0.9657D-03  -0.3939D-03  -0.8326D-03  -0.3968D-03  -0.9657D-03  -0.3939D-03  -0.8326D-03
  2.000  1.000
  -0.1749D-01   0.0000D+00  -0.1132D-01   0.0000D+00   0.0000D+00   0.0000D+00  -0.5269D-02   0.0000D+00  -0.1749D-01   0.0000D+00  -0.1132D-01   0.0000D+00
   0.8169D-01   0.0000D+00   0.1217D-01   0.0000D+00   0.3592D-01   0.0000D+00   0.1276D-01   0.0000D+00   0.2835D-02   0.0000D+00   0.0000D+00   0.0000D+00   0.8169D-01   0.0000D+00   0.1217D-01   0.0000D+00   0.3592D-01   0.0000D+00
   0.0000D+00   0.0000D+00   0.0000D+00   0.0000D+00   0.0000D+00   0.0000D+00   0.0000D+00   0.0000D+00
  -0.2091D-01   0.1197D-02  -0.1398D-01   0.6961D-03   0.5491D-03  -0.4198D-03  -0.6489D-02   0.2455D-03  -0.2091D-01   0.1197D-02  -0.1398D-01   0.6961D-03
   0.8401D-01  -0.3499D-02   0.1274D-01  -0.9951D-03   0.3178D-01  -0.5786D-02   0.1425D-01   0.0000D+00   0.3415D-02   0.2760D-03  -0.5043D-03   0.9034D-03   0.8401D-01  -0.3499D-02   0.1274D-01  -0.9951D-03   0.3178D-01  -0.5786D-02
  -0.3678D-03  -0.8952D-03  -0.3651D-03  -0.7718D-03  -0.3678D-03  -0.8952D-03  -0.3651D-03  -0.7718D-03
  2.000  2.000
  -0.1630D-01   0.0000D+00  -0.1055D-01   0.0000D+00   0.0000D+00   0.0000D+00  -0.4911D-02   0.0000D+00  -0.1630D-01   0.0000D+00  -0.1055D-01   0.0000D+00
   0.8169D-01   0.0000D+00   0.1217D-01   0.0000D+00   0.3592D-01   0.0000D+00   0.1276D-01   0.0000D+00   0.2835D-02   0.0000D+00   0.0000D+00   0.0000D+00   0.8169D-01   0.0000D+00   0.1217D-01   0.0000D+00   0.3592D-01   0.0000D+00
   0.0000D+00   0.0000D+00   0.0000D+00   0.0000D+00   0.0000D+00   0.0000D+00   0.0000D+00   0.0000D+00
  -0.2035D-01   0.1040D-02  -0.1356D-01   0.6048D-03   0.4771D-03  -0.3647D-03  -0.6295D-02   0.2133D-03  -0.2035D-01   0.1040D-02  -0.1356D-01   0.6048D-03
   0.8386D-01  -0.3261D-02   0.1270D-01  -0.9275D-03   0.3206D-01  -0.5393D-02   0.1415D-01   0.0000D+00   0.3376D-02   0.2573D-03  -0.4700D-03   0.8421D-03   0.8386D-01  -0.3261D-02   0.1270D-01  -0.9275D-03   0.3206D-01  -0.5393D-02
  -0.3428D-03  -0.8344D-03  -0.3403D-03  -0.7194D-03  -0.3428D-03  -0.8344D-03  -0.3403D-03  -0.7194D-03
