 LHC=           1 sqrts=   8000.0000000000000      ang=           4 mode=fital                                                                                               scalescheme=           1 R=  0.69999999999999996     
 CT10nlo_rand5678                                                                                             333
 Bin information: chid, chiu, md, mu, mu0
   0.0000000000000000       0.50000000000000000        468.00000000000000        507.00000000000000        487.50000000000000     
 9 scales(muf, mur)*(LO(38), NLO(38))
  0.500  0.500
  -0.9068D+00   0.0000D+00  -0.8757D+00   0.0000D+00   0.0000D+00   0.0000D+00  -0.7067D+00   0.0000D+00  -0.9068D+00   0.0000D+00  -0.8757D+00   0.0000D+00
   0.5792D+00   0.0000D+00   0.9843D-01   0.0000D+00   0.1812D+00   0.0000D+00   0.1801D+00   0.0000D+00   0.4003D-01   0.0000D+00   0.0000D+00   0.0000D+00   0.5792D+00   0.0000D+00   0.9843D-01   0.0000D+00   0.1812D+00   0.0000D+00
   0.0000D+00   0.0000D+00   0.0000D+00   0.0000D+00   0.0000D+00   0.0000D+00   0.0000D+00   0.0000D+00
  -0.6780D+00   0.1206D+00  -0.7581D+00   0.7152D-01   0.7231D-01  -0.6938D-01  -0.6538D+00   0.5269D-02  -0.6780D+00   0.1206D+00  -0.7581D+00   0.7152D-01
   0.5094D+00  -0.2175D-01   0.8903D-01  -0.7556D-02   0.1049D+00  -0.5240D-01   0.1687D+00   0.0000D+00   0.4200D-01   0.4804D-02  -0.2620D-02   0.1572D-01   0.5094D+00  -0.2175D-01   0.8903D-01  -0.7556D-02   0.1049D+00  -0.5240D-01
  -0.1855D-02  -0.6697D-02  -0.3855D-02  -0.9425D-02  -0.1855D-02  -0.6697D-02  -0.3855D-02  -0.9425D-02
  0.500  1.000
  -0.8316D+00   0.0000D+00  -0.8031D+00   0.0000D+00   0.0000D+00   0.0000D+00  -0.6481D+00   0.0000D+00  -0.8316D+00   0.0000D+00  -0.8031D+00   0.0000D+00
   0.5792D+00   0.0000D+00   0.9843D-01   0.0000D+00   0.1812D+00   0.0000D+00   0.1801D+00   0.0000D+00   0.4003D-01   0.0000D+00   0.0000D+00   0.0000D+00   0.5792D+00   0.0000D+00   0.9843D-01   0.0000D+00   0.1812D+00   0.0000D+00
   0.0000D+00   0.0000D+00   0.0000D+00   0.0000D+00   0.0000D+00   0.0000D+00   0.0000D+00   0.0000D+00
  -0.7058D+00   0.1014D+00  -0.7685D+00   0.6016D-01   0.6082D-01  -0.5835D-01  -0.6555D+00   0.4431D-02  -0.7058D+00   0.1014D+00  -0.7685D+00   0.6016D-01
   0.5154D+00  -0.1995D-01   0.8984D-01  -0.6930D-02   0.1112D+00  -0.4806D-01   0.1697D+00   0.0000D+00   0.4185D-01   0.4405D-02  -0.2402D-02   0.1442D-01   0.5154D+00  -0.1995D-01   0.8984D-01  -0.6930D-02   0.1112D+00  -0.4806D-01
  -0.1701D-02  -0.6142D-02  -0.3536D-02  -0.8644D-02  -0.1701D-02  -0.6142D-02  -0.3536D-02  -0.8644D-02
  0.500  2.000
  -0.7681D+00   0.0000D+00  -0.7418D+00   0.0000D+00   0.0000D+00   0.0000D+00  -0.5987D+00   0.0000D+00  -0.7681D+00   0.0000D+00  -0.7418D+00   0.0000D+00
   0.5792D+00   0.0000D+00   0.9843D-01   0.0000D+00   0.1812D+00   0.0000D+00   0.1801D+00   0.0000D+00   0.4003D-01   0.0000D+00   0.0000D+00   0.0000D+00   0.5792D+00   0.0000D+00   0.9843D-01   0.0000D+00   0.1812D+00   0.0000D+00
   0.0000D+00   0.0000D+00   0.0000D+00   0.0000D+00   0.0000D+00   0.0000D+00   0.0000D+00   0.0000D+00
  -0.7175D+00   0.8651D-01  -0.7671D+00   0.5132D-01   0.5189D-01  -0.4978D-01  -0.6492D+00   0.3781D-02  -0.7175D+00   0.8651D-01  -0.7671D+00   0.5132D-01
   0.5204D+00  -0.1843D-01   0.9052D-01  -0.6401D-02   0.1166D+00  -0.4439D-01   0.1705D+00   0.0000D+00   0.4172D-01   0.4069D-02  -0.2219D-02   0.1332D-01   0.5204D+00  -0.1843D-01   0.9052D-01  -0.6401D-02   0.1166D+00  -0.4439D-01
  -0.1571D-02  -0.5673D-02  -0.3266D-02  -0.7984D-02  -0.1571D-02  -0.5673D-02  -0.3266D-02  -0.7984D-02
  1.000  0.500
  -0.8484D+00   0.0000D+00  -0.8170D+00   0.0000D+00   0.0000D+00   0.0000D+00  -0.6601D+00   0.0000D+00  -0.8484D+00   0.0000D+00  -0.8170D+00   0.0000D+00
   0.5427D+00   0.0000D+00   0.9198D-01   0.0000D+00   0.1695D+00   0.0000D+00   0.1680D+00   0.0000D+00   0.3734D-01   0.0000D+00   0.0000D+00   0.0000D+00   0.5427D+00   0.0000D+00   0.9198D-01   0.0000D+00   0.1695D+00   0.0000D+00
   0.0000D+00   0.0000D+00   0.0000D+00   0.0000D+00   0.0000D+00   0.0000D+00   0.0000D+00   0.0000D+00
  -0.6887D+00   0.1127D+00  -0.7598D+00   0.6697D-01   0.6867D-01  -0.6478D-01  -0.6538D+00   0.5059D-02  -0.6887D+00   0.1127D+00  -0.7598D+00   0.6697D-01
   0.5099D+00  -0.2034D-01   0.8870D-01  -0.7053D-02   0.1081D+00  -0.4891D-01   0.1673D+00   0.0000D+00   0.4156D-01   0.4477D-02  -0.2418D-02   0.1465D-01   0.5099D+00  -0.2034D-01   0.8870D-01  -0.7053D-02   0.1081D+00  -0.4891D-01
  -0.1744D-02  -0.6285D-02  -0.3611D-02  -0.8817D-02  -0.1744D-02  -0.6285D-02  -0.3611D-02  -0.8817D-02
  1.000  1.000
  -0.7780D+00   0.0000D+00  -0.7493D+00   0.0000D+00   0.0000D+00   0.0000D+00  -0.6054D+00   0.0000D+00  -0.7780D+00   0.0000D+00  -0.7493D+00   0.0000D+00
   0.5427D+00   0.0000D+00   0.9198D-01   0.0000D+00   0.1695D+00   0.0000D+00   0.1680D+00   0.0000D+00   0.3734D-01   0.0000D+00   0.0000D+00   0.0000D+00   0.5427D+00   0.0000D+00   0.9198D-01   0.0000D+00   0.1695D+00   0.0000D+00
   0.0000D+00   0.0000D+00   0.0000D+00   0.0000D+00   0.0000D+00   0.0000D+00   0.0000D+00   0.0000D+00
  -0.7060D+00   0.9483D-01  -0.7612D+00   0.5632D-01   0.5775D-01  -0.5449D-01  -0.6486D+00   0.4255D-02  -0.7060D+00   0.9483D-01  -0.7612D+00   0.5632D-01
   0.5128D+00  -0.1866D-01   0.8901D-01  -0.6468D-02   0.1133D+00  -0.4485D-01   0.1674D+00   0.0000D+00   0.4122D-01   0.4106D-02  -0.2217D-02   0.1344D-01   0.5128D+00  -0.1866D-01   0.8901D-01  -0.6468D-02   0.1133D+00  -0.4485D-01
  -0.1599D-02  -0.5764D-02  -0.3312D-02  -0.8086D-02  -0.1599D-02  -0.5764D-02  -0.3312D-02  -0.8086D-02
  1.000  2.000
  -0.7186D+00   0.0000D+00  -0.6921D+00   0.0000D+00   0.0000D+00   0.0000D+00  -0.5591D+00   0.0000D+00  -0.7186D+00   0.0000D+00  -0.6921D+00   0.0000D+00
   0.5427D+00   0.0000D+00   0.9198D-01   0.0000D+00   0.1695D+00   0.0000D+00   0.1680D+00   0.0000D+00   0.3734D-01   0.0000D+00   0.0000D+00   0.0000D+00   0.5427D+00   0.0000D+00   0.9198D-01   0.0000D+00   0.1695D+00   0.0000D+00
   0.0000D+00   0.0000D+00   0.0000D+00   0.0000D+00   0.0000D+00   0.0000D+00   0.0000D+00   0.0000D+00
  -0.7103D+00   0.8090D-01  -0.7534D+00   0.4805D-01   0.4927D-01  -0.4649D-01  -0.6373D+00   0.3631D-02  -0.7103D+00   0.8090D-01  -0.7534D+00   0.4805D-01
   0.5153D+00  -0.1723D-01   0.8926D-01  -0.5974D-02   0.1176D+00  -0.4143D-01   0.1675D+00   0.0000D+00   0.4093D-01   0.3793D-02  -0.2048D-02   0.1241D-01   0.5153D+00  -0.1723D-01   0.8926D-01  -0.5974D-02   0.1176D+00  -0.4143D-01
  -0.1477D-02  -0.5324D-02  -0.3059D-02  -0.7469D-02  -0.1477D-02  -0.5324D-02  -0.3059D-02  -0.7469D-02
  2.000  0.500
  -0.7961D+00   0.0000D+00  -0.7679D+00   0.0000D+00   0.0000D+00   0.0000D+00  -0.6179D+00   0.0000D+00  -0.7961D+00   0.0000D+00  -0.7679D+00   0.0000D+00
   0.5098D+00   0.0000D+00   0.8636D-01   0.0000D+00   0.1589D+00   0.0000D+00   0.1569D+00   0.0000D+00   0.3487D-01   0.0000D+00   0.0000D+00   0.0000D+00   0.5098D+00   0.0000D+00   0.8636D-01   0.0000D+00   0.1589D+00   0.0000D+00
   0.0000D+00   0.0000D+00   0.0000D+00   0.0000D+00   0.0000D+00   0.0000D+00   0.0000D+00   0.0000D+00
  -0.7023D+00   0.1061D+00  -0.7652D+00   0.6296D-01   0.6380D-01  -0.6073D-01  -0.6561D+00   0.4891D-02  -0.7023D+00   0.1061D+00  -0.7652D+00   0.6296D-01
   0.5117D+00  -0.1907D-01   0.8903D-01  -0.6625D-02   0.1115D+00  -0.4590D-01   0.1673D+00   0.0000D+00   0.4126D-01   0.4182D-02  -0.2491D-02   0.1369D-01   0.5117D+00  -0.1907D-01   0.8903D-01  -0.6625D-02   0.1115D+00  -0.4590D-01
  -0.1645D-02  -0.5916D-02  -0.3397D-02  -0.8275D-02  -0.1645D-02  -0.5916D-02  -0.3397D-02  -0.8275D-02
  2.000  1.000
  -0.7301D+00   0.0000D+00  -0.7042D+00   0.0000D+00   0.0000D+00   0.0000D+00  -0.5667D+00   0.0000D+00  -0.7301D+00   0.0000D+00  -0.7042D+00   0.0000D+00
   0.5098D+00   0.0000D+00   0.8636D-01   0.0000D+00   0.1589D+00   0.0000D+00   0.1569D+00   0.0000D+00   0.3487D-01   0.0000D+00   0.0000D+00   0.0000D+00   0.5098D+00   0.0000D+00   0.8636D-01   0.0000D+00   0.1589D+00   0.0000D+00
   0.0000D+00   0.0000D+00   0.0000D+00   0.0000D+00   0.0000D+00   0.0000D+00   0.0000D+00   0.0000D+00
  -0.7097D+00   0.8922D-01  -0.7584D+00   0.5296D-01   0.5366D-01  -0.5108D-01  -0.6441D+00   0.4114D-02  -0.7097D+00   0.8922D-01  -0.7584D+00   0.5296D-01
   0.5117D+00  -0.1749D-01   0.8883D-01  -0.6076D-02   0.1155D+00  -0.4209D-01   0.1665D+00   0.0000D+00   0.4074D-01   0.3835D-02  -0.2285D-02   0.1255D-01   0.5117D+00  -0.1749D-01   0.8883D-01  -0.6076D-02   0.1155D+00  -0.4209D-01
  -0.1509D-02  -0.5426D-02  -0.3115D-02  -0.7589D-02  -0.1509D-02  -0.5426D-02  -0.3115D-02  -0.7589D-02
  2.000  2.000
  -0.6743D+00   0.0000D+00  -0.6505D+00   0.0000D+00   0.0000D+00   0.0000D+00  -0.5234D+00   0.0000D+00  -0.6743D+00   0.0000D+00  -0.6505D+00   0.0000D+00
   0.5098D+00   0.0000D+00   0.8636D-01   0.0000D+00   0.1589D+00   0.0000D+00   0.1569D+00   0.0000D+00   0.3487D-01   0.0000D+00   0.0000D+00   0.0000D+00   0.5098D+00   0.0000D+00   0.8636D-01   0.0000D+00   0.1589D+00   0.0000D+00
   0.0000D+00   0.0000D+00   0.0000D+00   0.0000D+00   0.0000D+00   0.0000D+00   0.0000D+00   0.0000D+00
  -0.7068D+00   0.7611D-01  -0.7448D+00   0.4518D-01   0.4578D-01  -0.4358D-01  -0.6282D+00   0.3510D-02  -0.7068D+00   0.7611D-01  -0.7448D+00   0.4518D-01
   0.5117D+00  -0.1616D-01   0.8867D-01  -0.5612D-02   0.1189D+00  -0.3888D-01   0.1658D+00   0.0000D+00   0.4030D-01   0.3543D-02  -0.2110D-02   0.1159D-01   0.5117D+00  -0.1616D-01   0.8867D-01  -0.5612D-02   0.1189D+00  -0.3888D-01
  -0.1393D-02  -0.5012D-02  -0.2877D-02  -0.7010D-02  -0.1393D-02  -0.5012D-02  -0.2877D-02  -0.7010D-02
