 LHC=           1 sqrts=   8000.0000000000000      ang=           4 mode=fital                                                                                               scalescheme=           1 R=  0.69999999999999996     
 CT10nlo_rand5678                                                                                             333
 Bin information: chid, chiu, md, mu, mu0
   0.0000000000000000       0.50000000000000000        1248.0000000000000        1327.0000000000000        1287.5000000000000     
 9 scales(muf, mur)*(LO(38), NLO(38))
  0.500  0.500
  -0.4663D-01   0.0000D+00  -0.3193D-01   0.0000D+00   0.0000D+00   0.0000D+00  -0.1545D-01   0.0000D+00  -0.4663D-01   0.0000D+00  -0.3193D-01   0.0000D+00
   0.1650D+00   0.0000D+00   0.2510D-01   0.0000D+00   0.6924D-01   0.0000D+00   0.2772D-01   0.0000D+00   0.6160D-02   0.0000D+00   0.0000D+00   0.0000D+00   0.1650D+00   0.0000D+00   0.2510D-01   0.0000D+00   0.6924D-01   0.0000D+00
   0.0000D+00   0.0000D+00   0.0000D+00   0.0000D+00   0.0000D+00   0.0000D+00   0.0000D+00   0.0000D+00
  -0.3864D-01   0.3699D-02  -0.2822D-01   0.2123D-02   0.1875D-02  -0.1347D-02  -0.1363D-01   0.7214D-03  -0.3864D-01   0.3699D-02  -0.2822D-01   0.2123D-02
   0.1231D+00  -0.7379D-02   0.1921D-01  -0.2150D-02   0.3950D-01  -0.1288D-01   0.2319D-01   0.0000D+00   0.5739D-02   0.6563D-03  -0.1149D-02   0.2148D-02   0.1231D+00  -0.7379D-02   0.1921D-01  -0.2150D-02   0.3950D-01  -0.1288D-01
  -0.7638D-03  -0.1920D-02  -0.8214D-03  -0.1777D-02  -0.7638D-03  -0.1920D-02  -0.8214D-03  -0.1777D-02
  0.500  1.000
  -0.4318D-01   0.0000D+00  -0.2957D-01   0.0000D+00   0.0000D+00   0.0000D+00  -0.1431D-01   0.0000D+00  -0.4318D-01   0.0000D+00  -0.2957D-01   0.0000D+00
   0.1650D+00   0.0000D+00   0.2510D-01   0.0000D+00   0.6924D-01   0.0000D+00   0.2772D-01   0.0000D+00   0.6160D-02   0.0000D+00   0.0000D+00   0.0000D+00   0.1650D+00   0.0000D+00   0.2510D-01   0.0000D+00   0.6924D-01   0.0000D+00
   0.0000D+00   0.0000D+00   0.0000D+00   0.0000D+00   0.0000D+00   0.0000D+00   0.0000D+00   0.0000D+00
  -0.3942D-01   0.3172D-02  -0.2850D-01   0.1820D-02   0.1608D-02  -0.1155D-02  -0.1377D-01   0.6186D-03  -0.3942D-01   0.3172D-02  -0.2850D-01   0.1820D-02
   0.1262D+00  -0.6833D-02   0.1965D-01  -0.1991D-02   0.4171D-01  -0.1192D-01   0.2353D-01   0.0000D+00   0.5771D-02   0.6077D-03  -0.1064D-02   0.1989D-02   0.1262D+00  -0.6833D-02   0.1965D-01  -0.1991D-02   0.4171D-01  -0.1192D-01
  -0.7073D-03  -0.1778D-02  -0.7606D-03  -0.1645D-02  -0.7073D-03  -0.1778D-02  -0.7606D-03  -0.1645D-02
  0.500  2.000
  -0.4021D-01   0.0000D+00  -0.2754D-01   0.0000D+00   0.0000D+00   0.0000D+00  -0.1333D-01   0.0000D+00  -0.4021D-01   0.0000D+00  -0.2754D-01   0.0000D+00
   0.1650D+00   0.0000D+00   0.2510D-01   0.0000D+00   0.6924D-01   0.0000D+00   0.2772D-01   0.0000D+00   0.6160D-02   0.0000D+00   0.0000D+00   0.0000D+00   0.1650D+00   0.0000D+00   0.2510D-01   0.0000D+00   0.6924D-01   0.0000D+00
   0.0000D+00   0.0000D+00   0.0000D+00   0.0000D+00   0.0000D+00   0.0000D+00   0.0000D+00   0.0000D+00
  -0.3963D-01   0.2750D-02  -0.2845D-01   0.1578D-02   0.1394D-02  -0.1002D-02  -0.1375D-01   0.5364D-03  -0.3963D-01   0.2750D-02  -0.2845D-01   0.1578D-02
   0.1289D+00  -0.6364D-02   0.2002D-01  -0.1854D-02   0.4361D-01  -0.1110D-01   0.2382D-01   0.0000D+00   0.5798D-02   0.5660D-03  -0.9905D-03   0.1852D-02   0.1289D+00  -0.6364D-02   0.2002D-01  -0.1854D-02   0.4361D-01  -0.1110D-01
  -0.6586D-03  -0.1656D-02  -0.7084D-03  -0.1532D-02  -0.6586D-03  -0.1656D-02  -0.7084D-03  -0.1532D-02
  1.000  0.500
  -0.4086D-01   0.0000D+00  -0.2794D-01   0.0000D+00   0.0000D+00   0.0000D+00  -0.1347D-01   0.0000D+00  -0.4086D-01   0.0000D+00  -0.2794D-01   0.0000D+00
   0.1443D+00   0.0000D+00   0.2197D-01   0.0000D+00   0.6062D-01   0.0000D+00   0.2415D-01   0.0000D+00   0.5367D-02   0.0000D+00   0.0000D+00   0.0000D+00   0.1443D+00   0.0000D+00   0.2197D-01   0.0000D+00   0.6062D-01   0.0000D+00
   0.0000D+00   0.0000D+00   0.0000D+00   0.0000D+00   0.0000D+00   0.0000D+00   0.0000D+00   0.0000D+00
  -0.3927D-01   0.3235D-02  -0.2841D-01   0.1857D-02   0.1622D-02  -0.1174D-02  -0.1372D-01   0.6323D-03  -0.3927D-01   0.3235D-02  -0.2841D-01   0.1857D-02
   0.1267D+00  -0.6457D-02   0.1975D-01  -0.1884D-02   0.4261D-01  -0.1127D-01   0.2353D-01   0.0000D+00   0.5726D-02   0.5720D-03  -0.1008D-02   0.1872D-02   0.1267D+00  -0.6457D-02   0.1975D-01  -0.1884D-02   0.4261D-01  -0.1127D-01
  -0.6696D-03  -0.1685D-02  -0.7178D-03  -0.1553D-02  -0.6696D-03  -0.1685D-02  -0.7178D-03  -0.1553D-02
  1.000  1.000
  -0.3784D-01   0.0000D+00  -0.2587D-01   0.0000D+00   0.0000D+00   0.0000D+00  -0.1248D-01   0.0000D+00  -0.3784D-01   0.0000D+00  -0.2587D-01   0.0000D+00
   0.1443D+00   0.0000D+00   0.2197D-01   0.0000D+00   0.6062D-01   0.0000D+00   0.2415D-01   0.0000D+00   0.5367D-02   0.0000D+00   0.0000D+00   0.0000D+00   0.1443D+00   0.0000D+00   0.2197D-01   0.0000D+00   0.6062D-01   0.0000D+00
   0.0000D+00   0.0000D+00   0.0000D+00   0.0000D+00   0.0000D+00   0.0000D+00   0.0000D+00   0.0000D+00
  -0.3919D-01   0.2774D-02  -0.2813D-01   0.1592D-02   0.1391D-02  -0.1007D-02  -0.1358D-01   0.5422D-03  -0.3919D-01   0.2774D-02  -0.2813D-01   0.1592D-02
   0.1280D+00  -0.5979D-02   0.1992D-01  -0.1744D-02   0.4395D-01  -0.1043D-01   0.2358D-01   0.0000D+00   0.5700D-02   0.5297D-03  -0.9336D-03   0.1733D-02   0.1280D+00  -0.5979D-02   0.1992D-01  -0.1744D-02   0.4395D-01  -0.1043D-01
  -0.6200D-03  -0.1561D-02  -0.6647D-03  -0.1438D-02  -0.6200D-03  -0.1561D-02  -0.6647D-03  -0.1438D-02
  1.000  2.000
  -0.3524D-01   0.0000D+00  -0.2409D-01   0.0000D+00   0.0000D+00   0.0000D+00  -0.1162D-01   0.0000D+00  -0.3524D-01   0.0000D+00  -0.2409D-01   0.0000D+00
   0.1443D+00   0.0000D+00   0.2197D-01   0.0000D+00   0.6062D-01   0.0000D+00   0.2415D-01   0.0000D+00   0.5367D-02   0.0000D+00   0.0000D+00   0.0000D+00   0.1443D+00   0.0000D+00   0.2197D-01   0.0000D+00   0.6062D-01   0.0000D+00
   0.0000D+00   0.0000D+00   0.0000D+00   0.0000D+00   0.0000D+00   0.0000D+00   0.0000D+00   0.0000D+00
  -0.3876D-01   0.2406D-02  -0.2766D-01   0.1381D-02   0.1206D-02  -0.8732D-03  -0.1335D-01   0.4702D-03  -0.3876D-01   0.2406D-02  -0.2766D-01   0.1381D-02
   0.1291D+00  -0.5568D-02   0.2006D-01  -0.1624D-02   0.4510D-01  -0.9715D-02   0.2362D-01   0.0000D+00   0.5678D-02   0.4933D-03  -0.8695D-03   0.1614D-02   0.1291D+00  -0.5568D-02   0.2006D-01  -0.1624D-02   0.4510D-01  -0.9715D-02
  -0.5774D-03  -0.1453D-02  -0.6190D-03  -0.1339D-02  -0.5774D-03  -0.1453D-02  -0.6190D-03  -0.1339D-02
  2.000  0.500
  -0.3616D-01   0.0000D+00  -0.2465D-01   0.0000D+00   0.0000D+00   0.0000D+00  -0.1186D-01   0.0000D+00  -0.3616D-01   0.0000D+00  -0.2465D-01   0.0000D+00
   0.1274D+00   0.0000D+00   0.1936D-01   0.0000D+00   0.5357D-01   0.0000D+00   0.2125D-01   0.0000D+00   0.4721D-02   0.0000D+00   0.0000D+00   0.0000D+00   0.1274D+00   0.0000D+00   0.1936D-01   0.0000D+00   0.5357D-01   0.0000D+00
   0.0000D+00   0.0000D+00   0.0000D+00   0.0000D+00   0.0000D+00   0.0000D+00   0.0000D+00   0.0000D+00
  -0.3955D-01   0.2854D-02  -0.2838D-01   0.1638D-02   0.1397D-02  -0.1034D-02  -0.1371D-01   0.5599D-03  -0.3955D-01   0.2854D-02  -0.2838D-01   0.1638D-02
   0.1290D+00  -0.5709D-02   0.2002D-01  -0.1665D-02   0.4495D-01  -0.9942D-02   0.2362D-01   0.0000D+00   0.5687D-02   0.5029D-03  -0.8789D-03   0.1646D-02   0.1290D+00  -0.5709D-02   0.2002D-01  -0.1665D-02   0.4495D-01  -0.9942D-02
  -0.5922D-03  -0.1479D-02  -0.6329D-03  -0.1364D-02  -0.5922D-03  -0.1479D-02  -0.6329D-03  -0.1364D-02
  2.000  1.000
  -0.3348D-01   0.0000D+00  -0.2283D-01   0.0000D+00   0.0000D+00   0.0000D+00  -0.1098D-01   0.0000D+00  -0.3348D-01   0.0000D+00  -0.2283D-01   0.0000D+00
   0.1274D+00   0.0000D+00   0.1936D-01   0.0000D+00   0.5357D-01   0.0000D+00   0.2125D-01   0.0000D+00   0.4721D-02   0.0000D+00   0.0000D+00   0.0000D+00   0.1274D+00   0.0000D+00   0.1936D-01   0.0000D+00   0.5357D-01   0.0000D+00
   0.0000D+00   0.0000D+00   0.0000D+00   0.0000D+00   0.0000D+00   0.0000D+00   0.0000D+00   0.0000D+00
  -0.3879D-01   0.2447D-02  -0.2766D-01   0.1404D-02   0.1198D-02  -0.8866D-03  -0.1335D-01   0.4801D-03  -0.3879D-01   0.2447D-02  -0.2766D-01   0.1404D-02
   0.1289D+00  -0.5286D-02   0.1997D-01  -0.1542D-02   0.4560D-01  -0.9206D-02   0.2344D-01   0.0000D+00   0.5616D-02   0.4657D-03  -0.8139D-03   0.1524D-02   0.1289D+00  -0.5286D-02   0.1997D-01  -0.1542D-02   0.4560D-01  -0.9206D-02
  -0.5484D-03  -0.1369D-02  -0.5860D-03  -0.1263D-02  -0.5484D-03  -0.1369D-02  -0.5860D-03  -0.1263D-02
  2.000  2.000
  -0.3118D-01   0.0000D+00  -0.2126D-01   0.0000D+00   0.0000D+00   0.0000D+00  -0.1023D-01   0.0000D+00  -0.3118D-01   0.0000D+00  -0.2126D-01   0.0000D+00
   0.1274D+00   0.0000D+00   0.1936D-01   0.0000D+00   0.5357D-01   0.0000D+00   0.2125D-01   0.0000D+00   0.4721D-02   0.0000D+00   0.0000D+00   0.0000D+00   0.1274D+00   0.0000D+00   0.1936D-01   0.0000D+00   0.5357D-01   0.0000D+00
   0.0000D+00   0.0000D+00   0.0000D+00   0.0000D+00   0.0000D+00   0.0000D+00   0.0000D+00   0.0000D+00
  -0.3786D-01   0.2122D-02  -0.2686D-01   0.1218D-02   0.1039D-02  -0.7689D-03  -0.1297D-01   0.4163D-03  -0.3786D-01   0.2122D-02  -0.2686D-01   0.1218D-02
   0.1288D+00  -0.4923D-02   0.1993D-01  -0.1436D-02   0.4615D-01  -0.8573D-02   0.2329D-01   0.0000D+00   0.5554D-02   0.4337D-03  -0.7580D-03   0.1419D-02   0.1288D+00  -0.4923D-02   0.1993D-01  -0.1436D-02   0.4615D-01  -0.8573D-02
  -0.5107D-03  -0.1275D-02  -0.5457D-03  -0.1176D-02  -0.5107D-03  -0.1275D-02  -0.5457D-03  -0.1176D-02
