 LHC=           1 sqrts=   8000.0000000000000      ang=           4 mode=fital                                                                                               scalescheme=           1 R=  0.69999999999999996     
 CT10nlo_rand5678                                                                                             279
 Bin information: chid, chiu, md, mu, mu0
   0.0000000000000000       0.50000000000000000        1327.0000000000000        1410.0000000000000        1368.5000000000000     
 9 scales(muf, mur)*(LO(38), NLO(38))
  0.500  0.500
  -0.3298D-01   0.0000D+00  -0.2225D-01   0.0000D+00   0.0000D+00   0.0000D+00  -0.1024D-01   0.0000D+00  -0.3298D-01   0.0000D+00  -0.2225D-01   0.0000D+00
   0.1277D+00   0.0000D+00   0.1920D-01   0.0000D+00   0.5498D-01   0.0000D+00   0.1928D-01   0.0000D+00   0.4285D-02   0.0000D+00   0.0000D+00   0.0000D+00   0.1277D+00   0.0000D+00   0.1920D-01   0.0000D+00   0.5498D-01   0.0000D+00
   0.0000D+00   0.0000D+00   0.0000D+00   0.0000D+00   0.0000D+00   0.0000D+00   0.0000D+00   0.0000D+00
  -0.2752D-01   0.2553D-02  -0.1969D-01   0.1450D-02   0.1198D-02  -0.8860D-03  -0.8945D-02   0.5274D-03  -0.2752D-01   0.2553D-02  -0.1969D-01   0.1450D-02
   0.9455D-01  -0.5818D-02   0.1460D-01  -0.1674D-02   0.3161D-01  -0.9858D-02   0.1601D-01   0.0000D+00   0.3973D-02   0.4533D-03  -0.9200D-03   0.1483D-02   0.9455D-01  -0.5818D-02   0.1460D-01  -0.1674D-02   0.3161D-01  -0.9858D-02
  -0.6107D-03  -0.1480D-02  -0.6240D-03  -0.1305D-02  -0.6107D-03  -0.1480D-02  -0.6240D-03  -0.1305D-02
  0.500  1.000
  -0.3055D-01   0.0000D+00  -0.2062D-01   0.0000D+00   0.0000D+00   0.0000D+00  -0.9486D-02   0.0000D+00  -0.3055D-01   0.0000D+00  -0.2062D-01   0.0000D+00
   0.1277D+00   0.0000D+00   0.1920D-01   0.0000D+00   0.5498D-01   0.0000D+00   0.1928D-01   0.0000D+00   0.4285D-02   0.0000D+00   0.0000D+00   0.0000D+00   0.1277D+00   0.0000D+00   0.1920D-01   0.0000D+00   0.5498D-01   0.0000D+00
   0.0000D+00   0.0000D+00   0.0000D+00   0.0000D+00   0.0000D+00   0.0000D+00   0.0000D+00   0.0000D+00
  -0.2805D-01   0.2192D-02  -0.1989D-01   0.1245D-02   0.1028D-02  -0.7605D-03  -0.9051D-02   0.4527D-03  -0.2805D-01   0.2192D-02  -0.1989D-01   0.1245D-02
   0.9699D-01  -0.5390D-02   0.1494D-01  -0.1551D-02   0.3333D-01  -0.9133D-02   0.1626D-01   0.0000D+00   0.3997D-02   0.4200D-03  -0.8524D-03   0.1374D-02   0.9699D-01  -0.5390D-02   0.1494D-01  -0.1551D-02   0.3333D-01  -0.9133D-02
  -0.5658D-03  -0.1371D-02  -0.5782D-03  -0.1209D-02  -0.5658D-03  -0.1371D-02  -0.5782D-03  -0.1209D-02
  0.500  2.000
  -0.2847D-01   0.0000D+00  -0.1921D-01   0.0000D+00   0.0000D+00   0.0000D+00  -0.8838D-02   0.0000D+00  -0.2847D-01   0.0000D+00  -0.1921D-01   0.0000D+00
   0.1277D+00   0.0000D+00   0.1920D-01   0.0000D+00   0.5498D-01   0.0000D+00   0.1928D-01   0.0000D+00   0.4285D-02   0.0000D+00   0.0000D+00   0.0000D+00   0.1277D+00   0.0000D+00   0.1920D-01   0.0000D+00   0.5498D-01   0.0000D+00
   0.0000D+00   0.0000D+00   0.0000D+00   0.0000D+00   0.0000D+00   0.0000D+00   0.0000D+00   0.0000D+00
  -0.2818D-01   0.1902D-02  -0.1985D-01   0.1081D-02   0.8928D-03  -0.6601D-03  -0.9046D-02   0.3929D-03  -0.2818D-01   0.1902D-02  -0.1985D-01   0.1081D-02
   0.9910D-01  -0.5022D-02   0.1524D-01  -0.1445D-02   0.3482D-01  -0.8509D-02   0.1646D-01   0.0000D+00   0.4017D-02   0.3913D-03  -0.7943D-03   0.1281D-02   0.9910D-01  -0.5022D-02   0.1524D-01  -0.1445D-02   0.3482D-01  -0.8509D-02
  -0.5271D-03  -0.1277D-02  -0.5387D-03  -0.1127D-02  -0.5271D-03  -0.1277D-02  -0.5387D-03  -0.1127D-02
  1.000  0.500
  -0.2869D-01   0.0000D+00  -0.1935D-01   0.0000D+00   0.0000D+00   0.0000D+00  -0.8894D-02   0.0000D+00  -0.2869D-01   0.0000D+00  -0.1935D-01   0.0000D+00
   0.1110D+00   0.0000D+00   0.1669D-01   0.0000D+00   0.4778D-01   0.0000D+00   0.1675D-01   0.0000D+00   0.3723D-02   0.0000D+00   0.0000D+00   0.0000D+00   0.1110D+00   0.0000D+00   0.1669D-01   0.0000D+00   0.4778D-01   0.0000D+00
   0.0000D+00   0.0000D+00   0.0000D+00   0.0000D+00   0.0000D+00   0.0000D+00   0.0000D+00   0.0000D+00
  -0.2794D-01   0.2219D-02  -0.1983D-01   0.1260D-02   0.1035D-02  -0.7697D-03  -0.9016D-02   0.4596D-03  -0.2794D-01   0.2219D-02  -0.1983D-01   0.1260D-02
   0.9739D-01  -0.5055D-02   0.1501D-01  -0.1454D-02   0.3415D-01  -0.8572D-02   0.1622D-01   0.0000D+00   0.3972D-02   0.3938D-03  -0.8032D-03   0.1289D-02   0.9739D-01  -0.5055D-02   0.1501D-01  -0.1454D-02   0.3415D-01  -0.8572D-02
  -0.5318D-03  -0.1304D-02  -0.5420D-03  -0.1135D-02  -0.5318D-03  -0.1304D-02  -0.5420D-03  -0.1135D-02
  1.000  1.000
  -0.2658D-01   0.0000D+00  -0.1793D-01   0.0000D+00   0.0000D+00   0.0000D+00  -0.8240D-02   0.0000D+00  -0.2658D-01   0.0000D+00  -0.1793D-01   0.0000D+00
   0.1110D+00   0.0000D+00   0.1669D-01   0.0000D+00   0.4778D-01   0.0000D+00   0.1675D-01   0.0000D+00   0.3723D-02   0.0000D+00   0.0000D+00   0.0000D+00   0.1110D+00   0.0000D+00   0.1669D-01   0.0000D+00   0.4778D-01   0.0000D+00
   0.0000D+00   0.0000D+00   0.0000D+00   0.0000D+00   0.0000D+00   0.0000D+00   0.0000D+00   0.0000D+00
  -0.2783D-01   0.1905D-02  -0.1962D-01   0.1082D-02   0.8886D-03  -0.6607D-03  -0.8931D-02   0.3945D-03  -0.2783D-01   0.1905D-02  -0.1962D-01   0.1082D-02
   0.9840D-01  -0.4683D-02   0.1513D-01  -0.1347D-02   0.3516D-01  -0.7942D-02   0.1626D-01   0.0000D+00   0.3954D-02   0.3649D-03  -0.7442D-03   0.1194D-02   0.9840D-01  -0.4683D-02   0.1513D-01  -0.1347D-02   0.3516D-01  -0.7942D-02
  -0.4927D-03  -0.1208D-02  -0.5021D-03  -0.1052D-02  -0.4927D-03  -0.1208D-02  -0.5021D-03  -0.1052D-02
  1.000  2.000
  -0.2476D-01   0.0000D+00  -0.1671D-01   0.0000D+00   0.0000D+00   0.0000D+00  -0.7677D-02   0.0000D+00  -0.2476D-01   0.0000D+00  -0.1671D-01   0.0000D+00
   0.1110D+00   0.0000D+00   0.1669D-01   0.0000D+00   0.4778D-01   0.0000D+00   0.1675D-01   0.0000D+00   0.3723D-02   0.0000D+00   0.0000D+00   0.0000D+00   0.1110D+00   0.0000D+00   0.1669D-01   0.0000D+00   0.4778D-01   0.0000D+00
   0.0000D+00   0.0000D+00   0.0000D+00   0.0000D+00   0.0000D+00   0.0000D+00   0.0000D+00   0.0000D+00
  -0.2749D-01   0.1653D-02  -0.1928D-01   0.9389D-03   0.7714D-03  -0.5735D-03  -0.8786D-02   0.3425D-03  -0.2749D-01   0.1653D-02  -0.1928D-01   0.9389D-03
   0.9926D-01  -0.4363D-02   0.1524D-01  -0.1255D-02   0.3603D-01  -0.7400D-02   0.1630D-01   0.0000D+00   0.3939D-02   0.3399D-03  -0.6934D-03   0.1113D-02   0.9926D-01  -0.4363D-02   0.1524D-01  -0.1255D-02   0.3603D-01  -0.7400D-02
  -0.4590D-03  -0.1126D-02  -0.4678D-03  -0.9797D-03  -0.4590D-03  -0.1126D-02  -0.4678D-03  -0.9797D-03
  2.000  0.500
  -0.2520D-01   0.0000D+00  -0.1700D-01   0.0000D+00   0.0000D+00   0.0000D+00  -0.7802D-02   0.0000D+00  -0.2520D-01   0.0000D+00  -0.1700D-01   0.0000D+00
   0.9726D-01   0.0000D+00   0.1464D-01   0.0000D+00   0.4202D-01   0.0000D+00   0.1468D-01   0.0000D+00   0.3262D-02   0.0000D+00   0.0000D+00   0.0000D+00   0.9726D-01   0.0000D+00   0.1464D-01   0.0000D+00   0.4202D-01   0.0000D+00
   0.0000D+00   0.0000D+00   0.0000D+00   0.0000D+00   0.0000D+00   0.0000D+00   0.0000D+00   0.0000D+00
  -0.2809D-01   0.1947D-02  -0.1982D-01   0.1105D-02   0.9056D-03  -0.6747D-03  -0.9016D-02   0.4040D-03  -0.2809D-01   0.1947D-02  -0.1982D-01   0.1105D-02
   0.9908D-01  -0.4443D-02   0.1525D-01  -0.1276D-02   0.3587D-01  -0.7503D-02   0.1630D-01   0.0000D+00   0.3945D-02   0.3451D-03  -0.7012D-03   0.1129D-02   0.9908D-01  -0.4443D-02   0.1525D-01  -0.1276D-02   0.3587D-01  -0.7503D-02
  -0.4678D-03  -0.1137D-02  -0.4757D-03  -0.9962D-03  -0.4678D-03  -0.1137D-02  -0.4757D-03  -0.9962D-03
  2.000  1.000
  -0.2335D-01   0.0000D+00  -0.1575D-01   0.0000D+00   0.0000D+00   0.0000D+00  -0.7228D-02   0.0000D+00  -0.2335D-01   0.0000D+00  -0.1575D-01   0.0000D+00
   0.9726D-01   0.0000D+00   0.1464D-01   0.0000D+00   0.4202D-01   0.0000D+00   0.1468D-01   0.0000D+00   0.3262D-02   0.0000D+00   0.0000D+00   0.0000D+00   0.9726D-01   0.0000D+00   0.1464D-01   0.0000D+00   0.4202D-01   0.0000D+00
   0.0000D+00   0.0000D+00   0.0000D+00   0.0000D+00   0.0000D+00   0.0000D+00   0.0000D+00   0.0000D+00
  -0.2749D-01   0.1671D-02  -0.1929D-01   0.9488D-03   0.7774D-03  -0.5791D-03  -0.8785D-02   0.3468D-03  -0.2749D-01   0.1671D-02  -0.1929D-01   0.9488D-03
   0.9895D-01  -0.4116D-02   0.1520D-01  -0.1182D-02   0.3633D-01  -0.6951D-02   0.1619D-01   0.0000D+00   0.3895D-02   0.3197D-03  -0.6497D-03   0.1046D-02   0.9895D-01  -0.4116D-02   0.1520D-01  -0.1182D-02   0.3633D-01  -0.6951D-02
  -0.4334D-03  -0.1053D-02  -0.4408D-03  -0.9230D-03  -0.4334D-03  -0.1053D-02  -0.4408D-03  -0.9230D-03
  2.000  2.000
  -0.2175D-01   0.0000D+00  -0.1467D-01   0.0000D+00   0.0000D+00   0.0000D+00  -0.6734D-02   0.0000D+00  -0.2175D-01   0.0000D+00  -0.1467D-01   0.0000D+00
   0.9726D-01   0.0000D+00   0.1464D-01   0.0000D+00   0.4202D-01   0.0000D+00   0.1468D-01   0.0000D+00   0.3262D-02   0.0000D+00   0.0000D+00   0.0000D+00   0.9726D-01   0.0000D+00   0.1464D-01   0.0000D+00   0.4202D-01   0.0000D+00
   0.0000D+00   0.0000D+00   0.0000D+00   0.0000D+00   0.0000D+00   0.0000D+00   0.0000D+00   0.0000D+00
  -0.2679D-01   0.1451D-02  -0.1872D-01   0.8236D-03   0.6749D-03  -0.5027D-03  -0.8532D-02   0.3011D-03  -0.2679D-01   0.1451D-02  -0.1872D-01   0.8236D-03
   0.9884D-01  -0.3835D-02   0.1517D-01  -0.1102D-02   0.3672D-01  -0.6476D-02   0.1608D-01   0.0000D+00   0.3852D-02   0.2979D-03  -0.6053D-03   0.9750D-03   0.9884D-01  -0.3835D-02   0.1517D-01  -0.1102D-02   0.3672D-01  -0.6476D-02
  -0.4038D-03  -0.9813D-03  -0.4107D-03  -0.8599D-03  -0.4038D-03  -0.9813D-03  -0.4107D-03  -0.8599D-03
