 LHC=           1 sqrts=   8000.0000000000000      ang=           4 mode=fital                                                                                               scalescheme=           1 R=  0.69999999999999996     
 CT10nlo_rand5678                                                                                             483
 Bin information: chid, chiu, md, mu, mu0
   0.0000000000000000       0.50000000000000000        362.00000000000000        395.00000000000000        378.50000000000000     
 9 scales(muf, mur)*(LO(38), NLO(38))
  0.500  0.500
  -0.1475D+01   0.0000D+00  -0.1536D+01   0.0000D+00   0.0000D+00   0.0000D+00  -0.1335D+01   0.0000D+00  -0.1475D+01   0.0000D+00  -0.1536D+01   0.0000D+00
   0.5939D+00   0.0000D+00   0.1029D+00   0.0000D+00   0.1743D+00   0.0000D+00   0.1998D+00   0.0000D+00   0.4439D-01   0.0000D+00   0.0000D+00   0.0000D+00   0.5939D+00   0.0000D+00   0.1029D+00   0.0000D+00   0.1743D+00   0.0000D+00
   0.0000D+00   0.0000D+00   0.0000D+00   0.0000D+00   0.0000D+00   0.0000D+00   0.0000D+00   0.0000D+00
  -0.1080D+01   0.2203D+00  -0.1307D+01   0.1332D+00   0.1333D+00  -0.1354D+00  -0.1225D+01   0.3983D-02  -0.1080D+01   0.2203D+00  -0.1307D+01   0.1332D+00
   0.5584D+00  -0.2165D-01   0.9926D-01  -0.7805D-02   0.1075D+00  -0.5577D-01   0.1946D+00   0.0000D+00   0.4875D-01   0.5510D-02  -0.2762D-02   0.1803D-01   0.5584D+00  -0.2165D-01   0.9926D-01  -0.7805D-02   0.1075D+00  -0.5577D-01
  -0.1719D-02  -0.6956D-02  -0.4096D-02  -0.1047D-01  -0.1719D-02  -0.6956D-02  -0.4096D-02  -0.1047D-01
  0.500  1.000
  -0.1349D+01   0.0000D+00  -0.1404D+01   0.0000D+00   0.0000D+00   0.0000D+00  -0.1221D+01   0.0000D+00  -0.1349D+01   0.0000D+00  -0.1404D+01   0.0000D+00
   0.5939D+00   0.0000D+00   0.1029D+00   0.0000D+00   0.1743D+00   0.0000D+00   0.1998D+00   0.0000D+00   0.4439D-01   0.0000D+00   0.0000D+00   0.0000D+00   0.5939D+00   0.0000D+00   0.1029D+00   0.0000D+00   0.1743D+00   0.0000D+00
   0.0000D+00   0.0000D+00   0.0000D+00   0.0000D+00   0.0000D+00   0.0000D+00   0.0000D+00   0.0000D+00
  -0.1130D+01   0.1842D+00  -0.1329D+01   0.1114D+00   0.1114D+00  -0.1132D+00  -0.1230D+01   0.3331D-02  -0.1130D+01   0.1842D+00  -0.1329D+01   0.1114D+00
   0.5617D+00  -0.1980D-01   0.9962D-01  -0.7136D-02   0.1133D+00  -0.5099D-01   0.1952D+00   0.0000D+00   0.4839D-01   0.5038D-02  -0.2525D-02   0.1649D-01   0.5617D+00  -0.1980D-01   0.9962D-01  -0.7136D-02   0.1133D+00  -0.5099D-01
  -0.1572D-02  -0.6360D-02  -0.3746D-02  -0.9578D-02  -0.1572D-02  -0.6360D-02  -0.3746D-02  -0.9578D-02
  0.500  2.000
  -0.1243D+01   0.0000D+00  -0.1294D+01   0.0000D+00   0.0000D+00   0.0000D+00  -0.1125D+01   0.0000D+00  -0.1243D+01   0.0000D+00  -0.1294D+01   0.0000D+00
   0.5939D+00   0.0000D+00   0.1029D+00   0.0000D+00   0.1743D+00   0.0000D+00   0.1998D+00   0.0000D+00   0.4439D-01   0.0000D+00   0.0000D+00   0.0000D+00   0.5939D+00   0.0000D+00   0.1029D+00   0.0000D+00   0.1743D+00   0.0000D+00
   0.0000D+00   0.0000D+00   0.0000D+00   0.0000D+00   0.0000D+00   0.0000D+00   0.0000D+00   0.0000D+00
  -0.1152D+01   0.1563D+00  -0.1328D+01   0.9456D-01   0.9460D-01  -0.9613D-01  -0.1218D+01   0.2828D-02  -0.1152D+01   0.1563D+00  -0.1328D+01   0.9456D-01
   0.5645D+00  -0.1824D-01   0.9992D-01  -0.6575D-02   0.1181D+00  -0.4698D-01   0.1956D+00   0.0000D+00   0.4809D-01   0.4642D-02  -0.2326D-02   0.1519D-01   0.5645D+00  -0.1824D-01   0.9992D-01  -0.6575D-02   0.1181D+00  -0.4698D-01
  -0.1448D-02  -0.5860D-02  -0.3451D-02  -0.8825D-02  -0.1448D-02  -0.5860D-02  -0.3451D-02  -0.8825D-02
  1.000  0.500
  -0.1396D+01   0.0000D+00  -0.1463D+01   0.0000D+00   0.0000D+00   0.0000D+00  -0.1268D+01   0.0000D+00  -0.1396D+01   0.0000D+00  -0.1463D+01   0.0000D+00
   0.5627D+00   0.0000D+00   0.9768D-01   0.0000D+00   0.1649D+00   0.0000D+00   0.1890D+00   0.0000D+00   0.4199D-01   0.0000D+00   0.0000D+00   0.0000D+00   0.5627D+00   0.0000D+00   0.9768D-01   0.0000D+00   0.1649D+00   0.0000D+00
   0.0000D+00   0.0000D+00   0.0000D+00   0.0000D+00   0.0000D+00   0.0000D+00   0.0000D+00   0.0000D+00
  -0.1113D+01   0.2097D+00  -0.1328D+01   0.1263D+00   0.1259D+00  -0.1288D+00  -0.1228D+01   0.4004D-02  -0.1113D+01   0.2097D+00  -0.1328D+01   0.1263D+00
   0.5550D+00  -0.2047D-01   0.9877D-01  -0.7394D-02   0.1089D+00  -0.5268D-01   0.1927D+00   0.0000D+00   0.4796D-01   0.5213D-02  -0.2978D-02   0.1706D-01   0.5550D+00  -0.2047D-01   0.9877D-01  -0.7394D-02   0.1089D+00  -0.5268D-01
  -0.1638D-02  -0.6596D-02  -0.3903D-02  -0.9947D-02  -0.1638D-02  -0.6596D-02  -0.3903D-02  -0.9947D-02
  1.000  1.000
  -0.1276D+01   0.0000D+00  -0.1338D+01   0.0000D+00   0.0000D+00   0.0000D+00  -0.1160D+01   0.0000D+00  -0.1276D+01   0.0000D+00  -0.1338D+01   0.0000D+00
   0.5627D+00   0.0000D+00   0.9768D-01   0.0000D+00   0.1649D+00   0.0000D+00   0.1890D+00   0.0000D+00   0.4199D-01   0.0000D+00   0.0000D+00   0.0000D+00   0.5627D+00   0.0000D+00   0.9768D-01   0.0000D+00   0.1649D+00   0.0000D+00
   0.0000D+00   0.0000D+00   0.0000D+00   0.0000D+00   0.0000D+00   0.0000D+00   0.0000D+00   0.0000D+00
  -0.1145D+01   0.1753D+00  -0.1336D+01   0.1056D+00   0.1053D+00  -0.1077D+00  -0.1222D+01   0.3348D-02  -0.1145D+01   0.1753D+00  -0.1336D+01   0.1056D+00
   0.5560D+00  -0.1872D-01   0.9873D-01  -0.6760D-02   0.1138D+00  -0.4817D-01   0.1924D+00   0.0000D+00   0.4747D-01   0.4767D-02  -0.2722D-02   0.1560D-01   0.5560D+00  -0.1872D-01   0.9873D-01  -0.6760D-02   0.1138D+00  -0.4817D-01
  -0.1497D-02  -0.6031D-02  -0.3569D-02  -0.9095D-02  -0.1497D-02  -0.6031D-02  -0.3569D-02  -0.9095D-02
  1.000  2.000
  -0.1176D+01   0.0000D+00  -0.1232D+01   0.0000D+00   0.0000D+00   0.0000D+00  -0.1068D+01   0.0000D+00  -0.1176D+01   0.0000D+00  -0.1232D+01   0.0000D+00
   0.5627D+00   0.0000D+00   0.9768D-01   0.0000D+00   0.1649D+00   0.0000D+00   0.1890D+00   0.0000D+00   0.4199D-01   0.0000D+00   0.0000D+00   0.0000D+00   0.5627D+00   0.0000D+00   0.9768D-01   0.0000D+00   0.1649D+00   0.0000D+00
   0.0000D+00   0.0000D+00   0.0000D+00   0.0000D+00   0.0000D+00   0.0000D+00   0.0000D+00   0.0000D+00
  -0.1154D+01   0.1489D+00  -0.1325D+01   0.8965D-01   0.8936D-01  -0.9144D-01  -0.1203D+01   0.2843D-02  -0.1154D+01   0.1489D+00  -0.1325D+01   0.8965D-01
   0.5567D+00  -0.1725D-01   0.9868D-01  -0.6229D-02   0.1178D+00  -0.4438D-01   0.1922D+00   0.0000D+00   0.4705D-01   0.4392D-02  -0.2508D-02   0.1437D-01   0.5567D+00  -0.1725D-01   0.9868D-01  -0.6229D-02   0.1178D+00  -0.4438D-01
  -0.1380D-02  -0.5557D-02  -0.3288D-02  -0.8380D-02  -0.1380D-02  -0.5557D-02  -0.3288D-02  -0.8380D-02
  2.000  0.500
  -0.1328D+01   0.0000D+00  -0.1392D+01   0.0000D+00   0.0000D+00   0.0000D+00  -0.1205D+01   0.0000D+00  -0.1328D+01   0.0000D+00  -0.1392D+01   0.0000D+00
   0.5346D+00   0.0000D+00   0.9275D-01   0.0000D+00   0.1564D+00   0.0000D+00   0.1786D+00   0.0000D+00   0.3969D-01   0.0000D+00   0.0000D+00   0.0000D+00   0.5346D+00   0.0000D+00   0.9275D-01   0.0000D+00   0.1564D+00   0.0000D+00
   0.0000D+00   0.0000D+00   0.0000D+00   0.0000D+00   0.0000D+00   0.0000D+00   0.0000D+00   0.0000D+00
  -0.1125D+01   0.2001D+00  -0.1346D+01   0.1200D+00   0.1204D+00  -0.1224D+00  -0.1239D+01   0.4022D-02  -0.1125D+01   0.2001D+00  -0.1346D+01   0.1200D+00
   0.5531D+00  -0.1942D-01   0.9804D-01  -0.7018D-02   0.1113D+00  -0.5018D-01   0.1923D+00   0.0000D+00   0.4740D-01   0.4935D-02  -0.2517D-02   0.1615D-01   0.5531D+00  -0.1942D-01   0.9804D-01  -0.7018D-02   0.1113D+00  -0.5018D-01
  -0.1563D-02  -0.6263D-02  -0.3714D-02  -0.9429D-02  -0.1563D-02  -0.6263D-02  -0.3714D-02  -0.9429D-02
  2.000  1.000
  -0.1214D+01   0.0000D+00  -0.1273D+01   0.0000D+00   0.0000D+00   0.0000D+00  -0.1102D+01   0.0000D+00  -0.1214D+01   0.0000D+00  -0.1273D+01   0.0000D+00
   0.5346D+00   0.0000D+00   0.9275D-01   0.0000D+00   0.1564D+00   0.0000D+00   0.1786D+00   0.0000D+00   0.3969D-01   0.0000D+00   0.0000D+00   0.0000D+00   0.5346D+00   0.0000D+00   0.9275D-01   0.0000D+00   0.1564D+00   0.0000D+00
   0.0000D+00   0.0000D+00   0.0000D+00   0.0000D+00   0.0000D+00   0.0000D+00   0.0000D+00   0.0000D+00
  -0.1145D+01   0.1673D+00  -0.1339D+01   0.1003D+00   0.1006D+00  -0.1023D+00  -0.1222D+01   0.3363D-02  -0.1145D+01   0.1673D+00  -0.1339D+01   0.1003D+00
   0.5518D+00  -0.1775D-01   0.9764D-01  -0.6417D-02   0.1153D+00  -0.4588D-01   0.1912D+00   0.0000D+00   0.4676D-01   0.4512D-02  -0.2301D-02   0.1477D-01   0.5518D+00  -0.1775D-01   0.9764D-01  -0.6417D-02   0.1153D+00  -0.4588D-01
  -0.1429D-02  -0.5727D-02  -0.3396D-02  -0.8622D-02  -0.1429D-02  -0.5727D-02  -0.3396D-02  -0.8622D-02
  2.000  2.000
  -0.1118D+01   0.0000D+00  -0.1173D+01   0.0000D+00   0.0000D+00   0.0000D+00  -0.1015D+01   0.0000D+00  -0.1118D+01   0.0000D+00  -0.1173D+01   0.0000D+00
   0.5346D+00   0.0000D+00   0.9275D-01   0.0000D+00   0.1564D+00   0.0000D+00   0.1786D+00   0.0000D+00   0.3969D-01   0.0000D+00   0.0000D+00   0.0000D+00   0.5346D+00   0.0000D+00   0.9275D-01   0.0000D+00   0.1564D+00   0.0000D+00
   0.0000D+00   0.0000D+00   0.0000D+00   0.0000D+00   0.0000D+00   0.0000D+00   0.0000D+00   0.0000D+00
  -0.1145D+01   0.1420D+00  -0.1318D+01   0.8517D-01   0.8541D-01  -0.8684D-01  -0.1194D+01   0.2855D-02  -0.1145D+01   0.1420D+00  -0.1318D+01   0.8517D-01
   0.5506D+00  -0.1636D-01   0.9728D-01  -0.5913D-02   0.1185D+00  -0.4227D-01   0.1902D+00   0.0000D+00   0.4621D-01   0.4158D-02  -0.2119D-02   0.1361D-01   0.5506D+00  -0.1636D-01   0.9728D-01  -0.5913D-02   0.1185D+00  -0.4227D-01
  -0.1316D-02  -0.5277D-02  -0.3129D-02  -0.7944D-02  -0.1316D-02  -0.5277D-02  -0.3129D-02  -0.7944D-02
