 LHC=           1 sqrts=   8000.0000000000000      ang=           4 mode=fital                                                                                               scalescheme=           1 R=  0.69999999999999996     
 CT10nlo_rand5678                                                                                             483
 Bin information: chid, chiu, md, mu, mu0
   0.0000000000000000       0.50000000000000000        1172.0000000000000        1248.0000000000000        1210.0000000000000     
 9 scales(muf, mur)*(LO(38), NLO(38))
  0.500  0.500
  -0.6413D-01   0.0000D+00  -0.4498D-01   0.0000D+00   0.0000D+00   0.0000D+00  -0.2104D-01   0.0000D+00  -0.6413D-01   0.0000D+00  -0.4498D-01   0.0000D+00
   0.1974D+00   0.0000D+00   0.3014D-01   0.0000D+00   0.8269D-01   0.0000D+00   0.3061D-01   0.0000D+00   0.6802D-02   0.0000D+00   0.0000D+00   0.0000D+00   0.1974D+00   0.0000D+00   0.3014D-01   0.0000D+00   0.8269D-01   0.0000D+00
   0.0000D+00   0.0000D+00   0.0000D+00   0.0000D+00   0.0000D+00   0.0000D+00   0.0000D+00   0.0000D+00
  -0.5251D-01   0.5232D-02  -0.3965D-01   0.2939D-02   0.2697D-02  -0.1847D-02  -0.1828D-01   0.1064D-02  -0.5251D-01   0.5232D-02  -0.3965D-01   0.2939D-02
   0.1464D+00  -0.8867D-02   0.2306D-01  -0.2592D-02   0.4633D-01  -0.1550D-01   0.2548D-01   0.0000D+00   0.6313D-02   0.7299D-03  -0.1595D-02   0.2389D-02   0.1464D+00  -0.8867D-02   0.2306D-01  -0.2592D-02   0.4633D-01  -0.1550D-01
  -0.9241D-03  -0.2277D-02  -0.9890D-03  -0.2088D-02  -0.9241D-03  -0.2277D-02  -0.9890D-03  -0.2088D-02
  0.500  1.000
  -0.5935D-01   0.0000D+00  -0.4163D-01   0.0000D+00   0.0000D+00   0.0000D+00  -0.1947D-01   0.0000D+00  -0.5935D-01   0.0000D+00  -0.4163D-01   0.0000D+00
   0.1974D+00   0.0000D+00   0.3014D-01   0.0000D+00   0.8269D-01   0.0000D+00   0.3061D-01   0.0000D+00   0.6802D-02   0.0000D+00   0.0000D+00   0.0000D+00   0.1974D+00   0.0000D+00   0.3014D-01   0.0000D+00   0.8269D-01   0.0000D+00
   0.0000D+00   0.0000D+00   0.0000D+00   0.0000D+00   0.0000D+00   0.0000D+00   0.0000D+00   0.0000D+00
  -0.5368D-01   0.4481D-02  -0.4007D-01   0.2518D-02   0.2310D-02  -0.1582D-02  -0.1852D-01   0.9115D-03  -0.5368D-01   0.4481D-02  -0.4007D-01   0.2518D-02
   0.1502D+00  -0.8207D-02   0.2359D-01  -0.2399D-02   0.4905D-01  -0.1435D-01   0.2587D-01   0.0000D+00   0.6350D-02   0.6756D-03  -0.1476D-02   0.2211D-02   0.1502D+00  -0.8207D-02   0.2359D-01  -0.2399D-02   0.4905D-01  -0.1435D-01
  -0.8552D-03  -0.2107D-02  -0.9153D-03  -0.1932D-02  -0.8552D-03  -0.2107D-02  -0.9153D-03  -0.1932D-02
  0.500  2.000
  -0.5525D-01   0.0000D+00  -0.3875D-01   0.0000D+00   0.0000D+00   0.0000D+00  -0.1812D-01   0.0000D+00  -0.5525D-01   0.0000D+00  -0.3875D-01   0.0000D+00
   0.1974D+00   0.0000D+00   0.3014D-01   0.0000D+00   0.8269D-01   0.0000D+00   0.3061D-01   0.0000D+00   0.6802D-02   0.0000D+00   0.0000D+00   0.0000D+00   0.1974D+00   0.0000D+00   0.3014D-01   0.0000D+00   0.8269D-01   0.0000D+00
   0.0000D+00   0.0000D+00   0.0000D+00   0.0000D+00   0.0000D+00   0.0000D+00   0.0000D+00   0.0000D+00
  -0.5404D-01   0.3882D-02  -0.4000D-01   0.2181D-02   0.2002D-02  -0.1371D-02  -0.1851D-01   0.7897D-03  -0.5404D-01   0.3882D-02  -0.4000D-01   0.2181D-02
   0.1535D+00  -0.7639D-02   0.2405D-01  -0.2233D-02   0.5139D-01  -0.1336D-01   0.2620D-01   0.0000D+00   0.6382D-02   0.6288D-03  -0.1374D-02   0.2058D-02   0.1535D+00  -0.7639D-02   0.2405D-01  -0.2233D-02   0.5139D-01  -0.1336D-01
  -0.7961D-03  -0.1961D-02  -0.8519D-03  -0.1798D-02  -0.7961D-03  -0.1961D-02  -0.8519D-03  -0.1798D-02
  1.000  0.500
  -0.5652D-01   0.0000D+00  -0.3960D-01   0.0000D+00   0.0000D+00   0.0000D+00  -0.1845D-01   0.0000D+00  -0.5652D-01   0.0000D+00  -0.3960D-01   0.0000D+00
   0.1738D+00   0.0000D+00   0.2653D-01   0.0000D+00   0.7278D-01   0.0000D+00   0.2685D-01   0.0000D+00   0.5967D-02   0.0000D+00   0.0000D+00   0.0000D+00   0.1738D+00   0.0000D+00   0.2653D-01   0.0000D+00   0.7278D-01   0.0000D+00
   0.0000D+00   0.0000D+00   0.0000D+00   0.0000D+00   0.0000D+00   0.0000D+00   0.0000D+00   0.0000D+00
  -0.5351D-01   0.4603D-02  -0.3994D-01   0.2586D-02   0.2344D-02  -0.1620D-02  -0.1845D-01   0.9386D-03  -0.5351D-01   0.4603D-02  -0.3994D-01   0.2586D-02
   0.1509D+00  -0.7809D-02   0.2372D-01  -0.2281D-02   0.5000D-01  -0.1364D-01   0.2584D-01   0.0000D+00   0.6321D-02   0.6402D-03  -0.1381D-02   0.2095D-02   0.1509D+00  -0.7809D-02   0.2372D-01  -0.2281D-02   0.5000D-01  -0.1364D-01
  -0.8153D-03  -0.1999D-02  -0.8701D-03  -0.1835D-02  -0.8153D-03  -0.1999D-02  -0.8701D-03  -0.1835D-02
  1.000  1.000
  -0.5231D-01   0.0000D+00  -0.3665D-01   0.0000D+00   0.0000D+00   0.0000D+00  -0.1708D-01   0.0000D+00  -0.5231D-01   0.0000D+00  -0.3665D-01   0.0000D+00
   0.1738D+00   0.0000D+00   0.2653D-01   0.0000D+00   0.7278D-01   0.0000D+00   0.2685D-01   0.0000D+00   0.5967D-02   0.0000D+00   0.0000D+00   0.0000D+00   0.1738D+00   0.0000D+00   0.2653D-01   0.0000D+00   0.7278D-01   0.0000D+00
   0.0000D+00   0.0000D+00   0.0000D+00   0.0000D+00   0.0000D+00   0.0000D+00   0.0000D+00   0.0000D+00
  -0.5350D-01   0.3943D-02  -0.3959D-01   0.2215D-02   0.2008D-02  -0.1387D-02  -0.1830D-01   0.8039D-03  -0.5350D-01   0.3943D-02  -0.3959D-01   0.2215D-02
   0.1526D+00  -0.7227D-02   0.2394D-01  -0.2111D-02   0.5170D-01  -0.1263D-01   0.2592D-01   0.0000D+00   0.6296D-02   0.5925D-03  -0.1278D-02   0.1939D-02   0.1526D+00  -0.7227D-02   0.2394D-01  -0.2111D-02   0.5170D-01  -0.1263D-01
  -0.7546D-03  -0.1850D-02  -0.8052D-03  -0.1698D-02  -0.7546D-03  -0.1850D-02  -0.8052D-03  -0.1698D-02
  1.000  2.000
  -0.4869D-01   0.0000D+00  -0.3411D-01   0.0000D+00   0.0000D+00   0.0000D+00  -0.1589D-01   0.0000D+00  -0.4869D-01   0.0000D+00  -0.3411D-01   0.0000D+00
   0.1738D+00   0.0000D+00   0.2653D-01   0.0000D+00   0.7278D-01   0.0000D+00   0.2685D-01   0.0000D+00   0.5967D-02   0.0000D+00   0.0000D+00   0.0000D+00   0.1738D+00   0.0000D+00   0.2653D-01   0.0000D+00   0.7278D-01   0.0000D+00
   0.0000D+00   0.0000D+00   0.0000D+00   0.0000D+00   0.0000D+00   0.0000D+00   0.0000D+00   0.0000D+00
  -0.5299D-01   0.3416D-02  -0.3895D-01   0.1919D-02   0.1740D-02  -0.1202D-02  -0.1802D-01   0.6965D-03  -0.5299D-01   0.3416D-02  -0.3895D-01   0.1919D-02
   0.1541D+00  -0.6727D-02   0.2412D-01  -0.1965D-02   0.5317D-01  -0.1175D-01   0.2599D-01   0.0000D+00   0.6273D-02   0.5515D-03  -0.1190D-02   0.1805D-02   0.1541D+00  -0.6727D-02   0.2412D-01  -0.1965D-02   0.5317D-01  -0.1175D-01
  -0.7024D-03  -0.1722D-02  -0.7495D-03  -0.1581D-02  -0.7024D-03  -0.1722D-02  -0.7495D-03  -0.1581D-02
  2.000  0.500
  -0.5015D-01   0.0000D+00  -0.3513D-01   0.0000D+00   0.0000D+00   0.0000D+00  -0.1633D-01   0.0000D+00  -0.5015D-01   0.0000D+00  -0.3513D-01   0.0000D+00
   0.1541D+00   0.0000D+00   0.2350D-01   0.0000D+00   0.6465D-01   0.0000D+00   0.2377D-01   0.0000D+00   0.5283D-02   0.0000D+00   0.0000D+00   0.0000D+00   0.1541D+00   0.0000D+00   0.2350D-01   0.0000D+00   0.6465D-01   0.0000D+00
   0.0000D+00   0.0000D+00   0.0000D+00   0.0000D+00   0.0000D+00   0.0000D+00   0.0000D+00   0.0000D+00
  -0.5398D-01   0.4092D-02  -0.3998D-01   0.2291D-02   0.2041D-02  -0.1434D-02  -0.1845D-01   0.8344D-03  -0.5398D-01   0.4092D-02  -0.3998D-01   0.2291D-02
   0.1539D+00  -0.6936D-02   0.2407D-01  -0.2023D-02   0.5286D-01  -0.1210D-01   0.2599D-01   0.0000D+00   0.6295D-02   0.5668D-03  -0.1211D-02   0.1855D-02   0.1539D+00  -0.6936D-02   0.2407D-01  -0.2023D-02   0.5286D-01  -0.1210D-01
  -0.7237D-03  -0.1779D-02  -0.7699D-03  -0.1627D-02  -0.7237D-03  -0.1779D-02  -0.7699D-03  -0.1627D-02
  2.000  1.000
  -0.4641D-01   0.0000D+00  -0.3251D-01   0.0000D+00   0.0000D+00   0.0000D+00  -0.1511D-01   0.0000D+00  -0.4641D-01   0.0000D+00  -0.3251D-01   0.0000D+00
   0.1541D+00   0.0000D+00   0.2350D-01   0.0000D+00   0.6465D-01   0.0000D+00   0.2377D-01   0.0000D+00   0.5283D-02   0.0000D+00   0.0000D+00   0.0000D+00   0.1541D+00   0.0000D+00   0.2350D-01   0.0000D+00   0.6465D-01   0.0000D+00
   0.0000D+00   0.0000D+00   0.0000D+00   0.0000D+00   0.0000D+00   0.0000D+00   0.0000D+00   0.0000D+00
  -0.5304D-01   0.3505D-02  -0.3902D-01   0.1962D-02   0.1748D-02  -0.1228D-02  -0.1802D-01   0.7147D-03  -0.5304D-01   0.3505D-02  -0.3902D-01   0.1962D-02
   0.1540D+00  -0.6420D-02   0.2403D-01  -0.1873D-02   0.5375D-01  -0.1120D-01   0.2583D-01   0.0000D+00   0.6220D-02   0.5246D-03  -0.1121D-02   0.1717D-02   0.1540D+00  -0.6420D-02   0.2403D-01  -0.1873D-02   0.5375D-01  -0.1120D-01
  -0.6698D-03  -0.1647D-02  -0.7125D-03  -0.1505D-02  -0.6698D-03  -0.1647D-02  -0.7125D-03  -0.1505D-02
  2.000  2.000
  -0.4320D-01   0.0000D+00  -0.3026D-01   0.0000D+00   0.0000D+00   0.0000D+00  -0.1407D-01   0.0000D+00  -0.4320D-01   0.0000D+00  -0.3026D-01   0.0000D+00
   0.1541D+00   0.0000D+00   0.2350D-01   0.0000D+00   0.6465D-01   0.0000D+00   0.2377D-01   0.0000D+00   0.5283D-02   0.0000D+00   0.0000D+00   0.0000D+00   0.1541D+00   0.0000D+00   0.2350D-01   0.0000D+00   0.6465D-01   0.0000D+00
   0.0000D+00   0.0000D+00   0.0000D+00   0.0000D+00   0.0000D+00   0.0000D+00   0.0000D+00   0.0000D+00
  -0.5184D-01   0.3037D-02  -0.3793D-01   0.1700D-02   0.1515D-02  -0.1064D-02  -0.1753D-01   0.6192D-03  -0.5184D-01   0.3037D-02  -0.3793D-01   0.1700D-02
   0.1540D+00  -0.5975D-02   0.2400D-01  -0.1743D-02   0.5451D-01  -0.1042D-01   0.2569D-01   0.0000D+00   0.6156D-02   0.4883D-03  -0.1043D-02   0.1598D-02   0.1540D+00  -0.5975D-02   0.2400D-01  -0.1743D-02   0.5451D-01  -0.1042D-01
  -0.6234D-03  -0.1533D-02  -0.6632D-03  -0.1401D-02  -0.6234D-03  -0.1533D-02  -0.6632D-03  -0.1401D-02
