 LHC=           1 sqrts=   8000.0000000000000      ang=           4 mode=fital                                                                                               scalescheme=           1 R=  0.69999999999999996     
 MSTW2008nlo68cl_rand1235                                                                                      35
 Bin information: chid, chiu, md, mu, mu0
   0.0000000000000000       0.50000000000000000        507.00000000000000        548.00000000000000        527.50000000000000     
 9 scales(muf, mur)*(LO(38), NLO(38))
  0.500  0.500
  -0.7777D+00   0.0000D+00  -0.7242D+00   0.0000D+00   0.0000D+00   0.0000D+00  -0.5752D+00   0.0000D+00  -0.7777D+00   0.0000D+00  -0.7242D+00   0.0000D+00
   0.5652D+00   0.0000D+00   0.9575D-01   0.0000D+00   0.1807D+00   0.0000D+00   0.1735D+00   0.0000D+00   0.3855D-01   0.0000D+00   0.0000D+00   0.0000D+00   0.5652D+00   0.0000D+00   0.9575D-01   0.0000D+00   0.1807D+00   0.0000D+00
   0.0000D+00   0.0000D+00   0.0000D+00   0.0000D+00   0.0000D+00   0.0000D+00   0.0000D+00   0.0000D+00
  -0.5814D+00   0.1002D+00  -0.6246D+00   0.5980D-01   0.6135D-01  -0.5677D-01  -0.5307D+00   0.5025D-02  -0.5814D+00   0.1002D+00  -0.6246D+00   0.5980D-01
   0.4873D+00  -0.2180D-01   0.8441D-01  -0.7472D-02   0.1012D+00  -0.5126D-01   0.1595D+00   0.0000D+00   0.3982D-01   0.4652D-02  -0.2616D-02   0.1523D-01   0.4873D+00  -0.2180D-01   0.8441D-01  -0.7472D-02   0.1012D+00  -0.5126D-01
  -0.1895D-02  -0.6683D-02  -0.3769D-02  -0.9173D-02  -0.1895D-02  -0.6683D-02  -0.3769D-02  -0.9173D-02
  0.500  1.000
  -0.7129D+00   0.0000D+00  -0.6639D+00   0.0000D+00   0.0000D+00   0.0000D+00  -0.5272D+00   0.0000D+00  -0.7129D+00   0.0000D+00  -0.6639D+00   0.0000D+00
   0.5652D+00   0.0000D+00   0.9575D-01   0.0000D+00   0.1807D+00   0.0000D+00   0.1735D+00   0.0000D+00   0.3855D-01   0.0000D+00   0.0000D+00   0.0000D+00   0.5652D+00   0.0000D+00   0.9575D-01   0.0000D+00   0.1807D+00   0.0000D+00
   0.0000D+00   0.0000D+00   0.0000D+00   0.0000D+00   0.0000D+00   0.0000D+00   0.0000D+00   0.0000D+00
  -0.6053D+00   0.8418D-01  -0.6336D+00   0.5025D-01   0.5155D-01  -0.4770D-01  -0.5323D+00   0.4222D-02  -0.6053D+00   0.8418D-01  -0.6336D+00   0.5025D-01
   0.4940D+00  -0.1998D-01   0.8538D-01  -0.6849D-02   0.1079D+00  -0.4699D-01   0.1607D+00   0.0000D+00   0.3972D-01   0.4265D-02  -0.2398D-02   0.1396D-01   0.4940D+00  -0.1998D-01   0.8538D-01  -0.6849D-02   0.1079D+00  -0.4699D-01
  -0.1737D-02  -0.6126D-02  -0.3455D-02  -0.8409D-02  -0.1737D-02  -0.6126D-02  -0.3455D-02  -0.8409D-02
  0.500  2.000
  -0.6582D+00   0.0000D+00  -0.6130D+00   0.0000D+00   0.0000D+00   0.0000D+00  -0.4868D+00   0.0000D+00  -0.6582D+00   0.0000D+00  -0.6130D+00   0.0000D+00
   0.5652D+00   0.0000D+00   0.9575D-01   0.0000D+00   0.1807D+00   0.0000D+00   0.1735D+00   0.0000D+00   0.3855D-01   0.0000D+00   0.0000D+00   0.0000D+00   0.5652D+00   0.0000D+00   0.9575D-01   0.0000D+00   0.1807D+00   0.0000D+00
   0.0000D+00   0.0000D+00   0.0000D+00   0.0000D+00   0.0000D+00   0.0000D+00   0.0000D+00   0.0000D+00
  -0.6154D+00   0.7176D-01  -0.6327D+00   0.4283D-01   0.4394D-01  -0.4067D-01  -0.5272D+00   0.3599D-02  -0.6154D+00   0.7176D-01  -0.6327D+00   0.4283D-01
   0.4996D+00  -0.1845D-01   0.8620D-01  -0.6324D-02   0.1135D+00  -0.4339D-01   0.1617D+00   0.0000D+00   0.3964D-01   0.3937D-02  -0.2214D-02   0.1289D-01   0.4996D+00  -0.1845D-01   0.8620D-01  -0.6324D-02   0.1135D+00  -0.4339D-01
  -0.1604D-02  -0.5656D-02  -0.3189D-02  -0.7764D-02  -0.1604D-02  -0.5656D-02  -0.3189D-02  -0.7764D-02
  1.000  0.500
  -0.7217D+00   0.0000D+00  -0.6741D+00   0.0000D+00   0.0000D+00   0.0000D+00  -0.5336D+00   0.0000D+00  -0.7217D+00   0.0000D+00  -0.6741D+00   0.0000D+00
   0.5258D+00   0.0000D+00   0.8904D-01   0.0000D+00   0.1679D+00   0.0000D+00   0.1607D+00   0.0000D+00   0.3571D-01   0.0000D+00   0.0000D+00   0.0000D+00   0.5258D+00   0.0000D+00   0.8904D-01   0.0000D+00   0.1679D+00   0.0000D+00
   0.0000D+00   0.0000D+00   0.0000D+00   0.0000D+00   0.0000D+00   0.0000D+00   0.0000D+00   0.0000D+00
  -0.5953D+00   0.9316D-01  -0.6290D+00   0.5547D-01   0.5603D-01  -0.5269D-01  -0.5301D+00   0.4792D-02  -0.5953D+00   0.9316D-01  -0.6290D+00   0.5547D-01
   0.4850D+00  -0.2026D-01   0.8463D-01  -0.6935D-02   0.1061D+00  -0.4753D-01   0.1592D+00   0.0000D+00   0.3948D-01   0.4309D-02  -0.2374D-02   0.1410D-01   0.4850D+00  -0.2026D-01   0.8463D-01  -0.6935D-02   0.1061D+00  -0.4753D-01
  -0.1769D-02  -0.6181D-02  -0.3509D-02  -0.8516D-02  -0.1769D-02  -0.6181D-02  -0.3509D-02  -0.8516D-02
  1.000  1.000
  -0.6616D+00   0.0000D+00  -0.6180D+00   0.0000D+00   0.0000D+00   0.0000D+00  -0.4891D+00   0.0000D+00  -0.6616D+00   0.0000D+00  -0.6180D+00   0.0000D+00
   0.5258D+00   0.0000D+00   0.8904D-01   0.0000D+00   0.1679D+00   0.0000D+00   0.1607D+00   0.0000D+00   0.3571D-01   0.0000D+00   0.0000D+00   0.0000D+00   0.5258D+00   0.0000D+00   0.8904D-01   0.0000D+00   0.1679D+00   0.0000D+00
   0.0000D+00   0.0000D+00   0.0000D+00   0.0000D+00   0.0000D+00   0.0000D+00   0.0000D+00   0.0000D+00
  -0.6086D+00   0.7828D-01  -0.6297D+00   0.4661D-01   0.4708D-01  -0.4427D-01  -0.5255D+00   0.4027D-02  -0.6086D+00   0.7828D-01  -0.6297D+00   0.4661D-01
   0.4885D+00  -0.1857D-01   0.8503D-01  -0.6357D-02   0.1113D+00  -0.4357D-01   0.1594D+00   0.0000D+00   0.3918D-01   0.3950D-02  -0.2176D-02   0.1293D-01   0.4885D+00  -0.1857D-01   0.8503D-01  -0.6357D-02   0.1113D+00  -0.4357D-01
  -0.1622D-02  -0.5666D-02  -0.3217D-02  -0.7806D-02  -0.1622D-02  -0.5666D-02  -0.3217D-02  -0.7806D-02
  1.000  2.000
  -0.6108D+00   0.0000D+00  -0.5706D+00   0.0000D+00   0.0000D+00   0.0000D+00  -0.4516D+00   0.0000D+00  -0.6108D+00   0.0000D+00  -0.5706D+00   0.0000D+00
   0.5258D+00   0.0000D+00   0.8904D-01   0.0000D+00   0.1679D+00   0.0000D+00   0.1607D+00   0.0000D+00   0.3571D-01   0.0000D+00   0.0000D+00   0.0000D+00   0.5258D+00   0.0000D+00   0.8904D-01   0.0000D+00   0.1679D+00   0.0000D+00
   0.0000D+00   0.0000D+00   0.0000D+00   0.0000D+00   0.0000D+00   0.0000D+00   0.0000D+00   0.0000D+00
  -0.6110D+00   0.6673D-01  -0.6230D+00   0.3973D-01   0.4013D-01  -0.3774D-01  -0.5162D+00   0.3433D-02  -0.6110D+00   0.6673D-01  -0.6230D+00   0.3973D-01
   0.4915D+00  -0.1715D-01   0.8535D-01  -0.5869D-02   0.1157D+00  -0.4023D-01   0.1595D+00   0.0000D+00   0.3892D-01   0.3647D-02  -0.2009D-02   0.1194D-01   0.4915D+00  -0.1715D-01   0.8535D-01  -0.5869D-02   0.1157D+00  -0.4023D-01
  -0.1497D-02  -0.5232D-02  -0.2970D-02  -0.7207D-02  -0.1497D-02  -0.5232D-02  -0.2970D-02  -0.7207D-02
  2.000  0.500
  -0.6732D+00   0.0000D+00  -0.6308D+00   0.0000D+00   0.0000D+00   0.0000D+00  -0.4966D+00   0.0000D+00  -0.6732D+00   0.0000D+00  -0.6308D+00   0.0000D+00
   0.4901D+00   0.0000D+00   0.8307D-01   0.0000D+00   0.1566D+00   0.0000D+00   0.1495D+00   0.0000D+00   0.3322D-01   0.0000D+00   0.0000D+00   0.0000D+00   0.4901D+00   0.0000D+00   0.8307D-01   0.0000D+00   0.1566D+00   0.0000D+00
   0.0000D+00   0.0000D+00   0.0000D+00   0.0000D+00   0.0000D+00   0.0000D+00   0.0000D+00   0.0000D+00
  -0.6047D+00   0.8697D-01  -0.6334D+00   0.5177D-01   0.5330D-01  -0.4904D-01  -0.5342D+00   0.4577D-02  -0.6047D+00   0.8697D-01  -0.6334D+00   0.5177D-01
   0.4889D+00  -0.1890D-01   0.8523D-01  -0.6477D-02   0.1097D+00  -0.4444D-01   0.1590D+00   0.0000D+00   0.3919D-01   0.4009D-02  -0.2258D-02   0.1312D-01   0.4889D+00  -0.1890D-01   0.8523D-01  -0.6477D-02   0.1097D+00  -0.4444D-01
  -0.1657D-02  -0.5767D-02  -0.3284D-02  -0.7937D-02  -0.1657D-02  -0.5767D-02  -0.3284D-02  -0.7937D-02
  2.000  1.000
  -0.6171D+00   0.0000D+00  -0.5782D+00   0.0000D+00   0.0000D+00   0.0000D+00  -0.4552D+00   0.0000D+00  -0.6171D+00   0.0000D+00  -0.5782D+00   0.0000D+00
   0.4901D+00   0.0000D+00   0.8307D-01   0.0000D+00   0.1566D+00   0.0000D+00   0.1495D+00   0.0000D+00   0.3322D-01   0.0000D+00   0.0000D+00   0.0000D+00   0.4901D+00   0.0000D+00   0.8307D-01   0.0000D+00   0.1566D+00   0.0000D+00
   0.0000D+00   0.0000D+00   0.0000D+00   0.0000D+00   0.0000D+00   0.0000D+00   0.0000D+00   0.0000D+00
  -0.6092D+00   0.7307D-01  -0.6270D+00   0.4350D-01   0.4478D-01  -0.4121D-01  -0.5234D+00   0.3846D-02  -0.6092D+00   0.7307D-01  -0.6270D+00   0.4350D-01
   0.4892D+00  -0.1732D-01   0.8507D-01  -0.5937D-02   0.1137D+00  -0.4073D-01   0.1583D+00   0.0000D+00   0.3870D-01   0.3675D-02  -0.2070D-02   0.1203D-01   0.4892D+00  -0.1732D-01   0.8507D-01  -0.5937D-02   0.1137D+00  -0.4073D-01
  -0.1519D-02  -0.5287D-02  -0.3010D-02  -0.7276D-02  -0.1519D-02  -0.5287D-02  -0.3010D-02  -0.7276D-02
  2.000  2.000
  -0.5698D+00   0.0000D+00  -0.5339D+00   0.0000D+00   0.0000D+00   0.0000D+00  -0.4203D+00   0.0000D+00  -0.5698D+00   0.0000D+00  -0.5339D+00   0.0000D+00
   0.4901D+00   0.0000D+00   0.8307D-01   0.0000D+00   0.1566D+00   0.0000D+00   0.1495D+00   0.0000D+00   0.3322D-01   0.0000D+00   0.0000D+00   0.0000D+00   0.4901D+00   0.0000D+00   0.8307D-01   0.0000D+00   0.1566D+00   0.0000D+00
   0.0000D+00   0.0000D+00   0.0000D+00   0.0000D+00   0.0000D+00   0.0000D+00   0.0000D+00   0.0000D+00
  -0.6053D+00   0.6229D-01  -0.6151D+00   0.3708D-01   0.3818D-01  -0.3513D-01  -0.5097D+00   0.3279D-02  -0.6053D+00   0.6229D-01  -0.6151D+00   0.3708D-01
   0.4894D+00  -0.1599D-01   0.8494D-01  -0.5482D-02   0.1170D+00  -0.3761D-01   0.1576D+00   0.0000D+00   0.3829D-01   0.3393D-02  -0.1911D-02   0.1111D-01   0.4894D+00  -0.1599D-01   0.8494D-01  -0.5482D-02   0.1170D+00  -0.3761D-01
  -0.1402D-02  -0.4881D-02  -0.2779D-02  -0.6718D-02  -0.1402D-02  -0.4881D-02  -0.2779D-02  -0.6718D-02
