 LHC=           1 sqrts=   8000.0000000000000      ang=           4 mode=fital                                                                                               scalescheme=           1 R=  0.69999999999999996     
 MSTW2008nlo68cl_rand1235                                                                                      59
 Bin information: chid, chiu, md, mu, mu0
   0.0000000000000000       0.50000000000000000        153.00000000000000        174.00000000000000        163.50000000000000     
 9 scales(muf, mur)*(LO(38), NLO(38))
  0.500  0.500
  -0.6397D+01   0.0000D+00  -0.9356D+01   0.0000D+00   0.0000D+00   0.0000D+00  -0.9654D+01   0.0000D+00  -0.6397D+01   0.0000D+00  -0.9356D+01   0.0000D+00
   0.5678D+00   0.0000D+00   0.1042D+00   0.0000D+00   0.1303D+00   0.0000D+00   0.2428D+00   0.0000D+00   0.5395D-01   0.0000D+00   0.0000D+00   0.0000D+00   0.5678D+00   0.0000D+00   0.1042D+00   0.0000D+00   0.1303D+00   0.0000D+00
   0.0000D+00   0.0000D+00   0.0000D+00   0.0000D+00   0.0000D+00   0.0000D+00   0.0000D+00   0.0000D+00
  -0.4360D+01   0.1593D+01  -0.7736D+01   0.9546D+00   0.7641D+00  -0.1128D+01  -0.8769D+01  -0.8850D-01  -0.4360D+01   0.1593D+01  -0.7736D+01   0.9546D+00
   0.7655D+00  -0.1858D-01   0.1403D+00  -0.7918D-02   0.1189D+00  -0.6236D-01   0.3129D+00   0.0000D+00   0.8010D-01   0.7679D-02   0.2115D-02   0.2513D-01   0.7655D+00  -0.1858D-01   0.1403D+00  -0.7918D-02   0.1189D+00  -0.6236D-01
  -0.9093D-03  -0.6931D-02  -0.4372D-02  -0.1319D-01  -0.9093D-03  -0.6931D-02  -0.4372D-02  -0.1319D-01
  0.500  1.000
  -0.5772D+01   0.0000D+00  -0.8442D+01   0.0000D+00   0.0000D+00   0.0000D+00  -0.8711D+01   0.0000D+00  -0.5772D+01   0.0000D+00  -0.8442D+01   0.0000D+00
   0.5678D+00   0.0000D+00   0.1042D+00   0.0000D+00   0.1303D+00   0.0000D+00   0.2428D+00   0.0000D+00   0.5395D-01   0.0000D+00   0.0000D+00   0.0000D+00   0.5678D+00   0.0000D+00   0.1042D+00   0.0000D+00   0.1303D+00   0.0000D+00
   0.0000D+00   0.0000D+00   0.0000D+00   0.0000D+00   0.0000D+00   0.0000D+00   0.0000D+00   0.0000D+00
  -0.4657D+01   0.1297D+01  -0.7918D+01   0.7772D+00   0.6218D+00  -0.9184D+00  -0.8810D+01  -0.7205D-01  -0.4657D+01   0.1297D+01  -0.7918D+01   0.7772D+00
   0.7476D+00  -0.1676D-01   0.1370D+00  -0.7145D-02   0.1203D+00  -0.5627D-01   0.3065D+00   0.0000D+00   0.7766D-01   0.6929D-02   0.1929D-02   0.2268D-01   0.7476D+00  -0.1676D-01   0.1370D+00  -0.7145D-02   0.1203D+00  -0.5627D-01
  -0.8204D-03  -0.6254D-02  -0.3945D-02  -0.1190D-01  -0.8204D-03  -0.6254D-02  -0.3945D-02  -0.1190D-01
  0.500  2.000
  -0.5260D+01   0.0000D+00  -0.7694D+01   0.0000D+00   0.0000D+00   0.0000D+00  -0.7939D+01   0.0000D+00  -0.5260D+01   0.0000D+00  -0.7694D+01   0.0000D+00
   0.5678D+00   0.0000D+00   0.1042D+00   0.0000D+00   0.1303D+00   0.0000D+00   0.2428D+00   0.0000D+00   0.5395D-01   0.0000D+00   0.0000D+00   0.0000D+00   0.5678D+00   0.0000D+00   0.1042D+00   0.0000D+00   0.1303D+00   0.0000D+00
   0.0000D+00   0.0000D+00   0.0000D+00   0.0000D+00   0.0000D+00   0.0000D+00   0.0000D+00   0.0000D+00
  -0.4785D+01   0.1077D+01  -0.7917D+01   0.6455D+00   0.5162D+00  -0.7628D+00  -0.8701D+01  -0.5984D-01  -0.4785D+01   0.1077D+01  -0.7917D+01   0.6455D+00
   0.7327D+00  -0.1528D-01   0.1343D+00  -0.6512D-02   0.1215D+00  -0.5129D-01   0.3011D+00   0.0000D+00   0.7564D-01   0.6315D-02   0.1773D-02   0.2067D-01   0.7327D+00  -0.1528D-01   0.1343D+00  -0.6512D-02   0.1215D+00  -0.5129D-01
  -0.7476D-03  -0.5699D-02  -0.3595D-02  -0.1085D-01  -0.7476D-03  -0.5699D-02  -0.3595D-02  -0.1085D-01
  1.000  0.500
  -0.6371D+01   0.0000D+00  -0.9432D+01   0.0000D+00   0.0000D+00   0.0000D+00  -0.9759D+01   0.0000D+00  -0.6371D+01   0.0000D+00  -0.9432D+01   0.0000D+00
   0.5662D+00   0.0000D+00   0.1047D+00   0.0000D+00   0.1287D+00   0.0000D+00   0.2426D+00   0.0000D+00   0.5391D-01   0.0000D+00   0.0000D+00   0.0000D+00   0.5662D+00   0.0000D+00   0.1047D+00   0.0000D+00   0.1287D+00   0.0000D+00
   0.0000D+00   0.0000D+00   0.0000D+00   0.0000D+00   0.0000D+00   0.0000D+00   0.0000D+00   0.0000D+00
  -0.4336D+01   0.1602D+01  -0.7691D+01   0.9645D+00   0.7465D+00  -0.1139D+01  -0.8831D+01  -0.8749D-01  -0.4336D+01   0.1602D+01  -0.7691D+01   0.9645D+00
   0.7366D+00  -0.1838D-01   0.1366D+00  -0.7896D-02   0.1131D+00  -0.6203D-01   0.3055D+00   0.0000D+00   0.7776D-01   0.7704D-02   0.1972D-02   0.2521D-01   0.7366D+00  -0.1838D-01   0.1366D+00  -0.7896D-02   0.1131D+00  -0.6203D-01
  -0.9165D-03  -0.7039D-02  -0.4436D-02  -0.1336D-01  -0.9165D-03  -0.7039D-02  -0.4436D-02  -0.1336D-01
  1.000  1.000
  -0.5749D+01   0.0000D+00  -0.8511D+01   0.0000D+00   0.0000D+00   0.0000D+00  -0.8806D+01   0.0000D+00  -0.5749D+01   0.0000D+00  -0.8511D+01   0.0000D+00
   0.5662D+00   0.0000D+00   0.1047D+00   0.0000D+00   0.1287D+00   0.0000D+00   0.2426D+00   0.0000D+00   0.5391D-01   0.0000D+00   0.0000D+00   0.0000D+00   0.5662D+00   0.0000D+00   0.1047D+00   0.0000D+00   0.1287D+00   0.0000D+00
   0.0000D+00   0.0000D+00   0.0000D+00   0.0000D+00   0.0000D+00   0.0000D+00   0.0000D+00   0.0000D+00
  -0.4633D+01   0.1304D+01  -0.7894D+01   0.7852D+00   0.6074D+00  -0.9274D+00  -0.8878D+01  -0.7123D-01  -0.4633D+01   0.1304D+01  -0.7894D+01   0.7852D+00
   0.7208D+00  -0.1659D-01   0.1336D+00  -0.7125D-02   0.1148D+00  -0.5597D-01   0.2996D+00   0.0000D+00   0.7551D-01   0.6952D-02   0.1799D-02   0.2275D-01   0.7208D+00  -0.1659D-01   0.1336D+00  -0.7125D-02   0.1148D+00  -0.5597D-01
  -0.8269D-03  -0.6352D-02  -0.4003D-02  -0.1205D-01  -0.8269D-03  -0.6352D-02  -0.4003D-02  -0.1205D-01
  1.000  2.000
  -0.5239D+01   0.0000D+00  -0.7756D+01   0.0000D+00   0.0000D+00   0.0000D+00  -0.8025D+01   0.0000D+00  -0.5239D+01   0.0000D+00  -0.7756D+01   0.0000D+00
   0.5662D+00   0.0000D+00   0.1047D+00   0.0000D+00   0.1287D+00   0.0000D+00   0.2426D+00   0.0000D+00   0.5391D-01   0.0000D+00   0.0000D+00   0.0000D+00   0.5662D+00   0.0000D+00   0.1047D+00   0.0000D+00   0.1287D+00   0.0000D+00
   0.0000D+00   0.0000D+00   0.0000D+00   0.0000D+00   0.0000D+00   0.0000D+00   0.0000D+00   0.0000D+00
  -0.4761D+01   0.1083D+01  -0.7908D+01   0.6522D+00   0.5043D+00  -0.7702D+00  -0.8772D+01  -0.5916D-01  -0.4761D+01   0.1083D+01  -0.7908D+01   0.6522D+00
   0.7080D+00  -0.1512D-01   0.1312D+00  -0.6493D-02   0.1163D+00  -0.5101D-01   0.2949D+00   0.0000D+00   0.7367D-01   0.6335D-02   0.1654D-02   0.2073D-01   0.7080D+00  -0.1512D-01   0.1312D+00  -0.6493D-02   0.1163D+00  -0.5101D-01
  -0.7535D-03  -0.5789D-02  -0.3648D-02  -0.1098D-01  -0.7535D-03  -0.5789D-02  -0.3648D-02  -0.1098D-01
  2.000  0.500
  -0.6271D+01   0.0000D+00  -0.9428D+01   0.0000D+00   0.0000D+00   0.0000D+00  -0.9715D+01   0.0000D+00  -0.6271D+01   0.0000D+00  -0.9428D+01   0.0000D+00
   0.5662D+00   0.0000D+00   0.1039D+00   0.0000D+00   0.1262D+00   0.0000D+00   0.2399D+00   0.0000D+00   0.5332D-01   0.0000D+00   0.0000D+00   0.0000D+00   0.5662D+00   0.0000D+00   0.1039D+00   0.0000D+00   0.1262D+00   0.0000D+00
   0.0000D+00   0.0000D+00   0.0000D+00   0.0000D+00   0.0000D+00   0.0000D+00   0.0000D+00   0.0000D+00
  -0.4375D+01   0.1601D+01  -0.7888D+01   0.9628D+00   0.7705D+00  -0.1136D+01  -0.8908D+01  -0.8632D-01  -0.4375D+01   0.1601D+01  -0.7888D+01   0.9628D+00
   0.7169D+00  -0.1806D-01   0.1330D+00  -0.7804D-02   0.1076D+00  -0.6193D-01   0.2962D+00   0.0000D+00   0.7530D-01   0.7643D-02   0.1543D-02   0.2501D-01   0.7169D+00  -0.1806D-01   0.1330D+00  -0.7804D-02   0.1076D+00  -0.6193D-01
  -0.9162D-03  -0.6892D-02  -0.4479D-02  -0.1318D-01  -0.9162D-03  -0.6892D-02  -0.4479D-02  -0.1318D-01
  2.000  1.000
  -0.5659D+01   0.0000D+00  -0.8507D+01   0.0000D+00   0.0000D+00   0.0000D+00  -0.8766D+01   0.0000D+00  -0.5659D+01   0.0000D+00  -0.8507D+01   0.0000D+00
   0.5662D+00   0.0000D+00   0.1039D+00   0.0000D+00   0.1262D+00   0.0000D+00   0.2399D+00   0.0000D+00   0.5332D-01   0.0000D+00   0.0000D+00   0.0000D+00   0.5662D+00   0.0000D+00   0.1039D+00   0.0000D+00   0.1262D+00   0.0000D+00
   0.0000D+00   0.0000D+00   0.0000D+00   0.0000D+00   0.0000D+00   0.0000D+00   0.0000D+00   0.0000D+00
  -0.4653D+01   0.1303D+01  -0.8059D+01   0.7839D+00   0.6271D+00  -0.9253D+00  -0.8938D+01  -0.7028D-01  -0.4653D+01   0.1303D+01  -0.8059D+01   0.7839D+00
   0.7078D+00  -0.1630D-01   0.1310D+00  -0.7042D-02   0.1109D+00  -0.5588D-01   0.2920D+00   0.0000D+00   0.7353D-01   0.6897D-02   0.1430D-02   0.2257D-01   0.7078D+00  -0.1630D-01   0.1310D+00  -0.7042D-02   0.1109D+00  -0.5588D-01
  -0.8266D-03  -0.6219D-02  -0.4041D-02  -0.1189D-01  -0.8266D-03  -0.6219D-02  -0.4041D-02  -0.1189D-01
  2.000  2.000
  -0.5157D+01   0.0000D+00  -0.7753D+01   0.0000D+00   0.0000D+00   0.0000D+00  -0.7989D+01   0.0000D+00  -0.5157D+01   0.0000D+00  -0.7753D+01   0.0000D+00
   0.5662D+00   0.0000D+00   0.1039D+00   0.0000D+00   0.1262D+00   0.0000D+00   0.2399D+00   0.0000D+00   0.5332D-01   0.0000D+00   0.0000D+00   0.0000D+00   0.5662D+00   0.0000D+00   0.1039D+00   0.0000D+00   0.1262D+00   0.0000D+00
   0.0000D+00   0.0000D+00   0.0000D+00   0.0000D+00   0.0000D+00   0.0000D+00   0.0000D+00   0.0000D+00
  -0.4761D+01   0.1082D+01  -0.8041D+01   0.6511D+00   0.5207D+00  -0.7685D+00  -0.8814D+01  -0.5837D-01  -0.4761D+01   0.1082D+01  -0.8041D+01   0.6511D+00
   0.6937D+00  -0.1486D-01   0.1284D+00  -0.6418D-02   0.1118D+00  -0.5093D-01   0.2871D+00   0.0000D+00   0.7165D-01   0.6285D-02   0.1305D-02   0.2057D-01   0.6937D+00  -0.1486D-01   0.1284D+00  -0.6418D-02   0.1118D+00  -0.5093D-01
  -0.7533D-03  -0.5668D-02  -0.3683D-02  -0.1084D-01  -0.7533D-03  -0.5668D-02  -0.3683D-02  -0.1084D-01
