 LHC=           1 sqrts=   8000.0000000000000      ang=           4 mode=fital                                                                                               scalescheme=           1 R=  0.69999999999999996     
 MSTW2008nlo68cl_rand1235                                                                                      59
 Bin information: chid, chiu, md, mu, mu0
   0.0000000000000000       0.50000000000000000        2116.0000000000000        2250.0000000000000        2183.0000000000000     
 9 scales(muf, mur)*(LO(38), NLO(38))
  0.500  0.500
  -0.7503D-03   0.0000D+00  -0.3892D-03   0.0000D+00   0.0000D+00   0.0000D+00  -0.1546D-03   0.0000D+00  -0.7503D-03   0.0000D+00  -0.3892D-03   0.0000D+00
   0.6340D-02   0.0000D+00   0.8639D-03   0.0000D+00   0.3271D-02   0.0000D+00   0.7413D-03   0.0000D+00   0.1647D-03   0.0000D+00   0.0000D+00   0.0000D+00   0.6340D-02   0.0000D+00   0.8639D-03   0.0000D+00   0.3271D-02   0.0000D+00
   0.0000D+00   0.0000D+00   0.0000D+00   0.0000D+00   0.0000D+00   0.0000D+00   0.0000D+00   0.0000D+00
  -0.6950D-03   0.4247D-04  -0.3623D-03   0.2653D-04   0.1212D-04  -0.1288D-04  -0.1381D-03   0.1015D-04  -0.6950D-03   0.4247D-04  -0.3623D-03   0.2653D-04
   0.4851D-02  -0.3329D-03   0.6592D-03  -0.8715D-04   0.2209D-02  -0.4609D-03   0.6326D-03   0.0000D+00   0.1548D-03   0.1676D-04  -0.3348D-04   0.5486D-04   0.4851D-02  -0.3329D-03   0.6592D-03  -0.8715D-04   0.2209D-02  -0.4609D-03
  -0.3606D-04  -0.8172D-04  -0.2657D-04  -0.5419D-04  -0.3606D-04  -0.8172D-04  -0.2657D-04  -0.5419D-04
  0.500  1.000
  -0.6972D-03   0.0000D+00  -0.3617D-03   0.0000D+00   0.0000D+00   0.0000D+00  -0.1437D-03   0.0000D+00  -0.6972D-03   0.0000D+00  -0.3617D-03   0.0000D+00
   0.6340D-02   0.0000D+00   0.8639D-03   0.0000D+00   0.3271D-02   0.0000D+00   0.7413D-03   0.0000D+00   0.1647D-03   0.0000D+00   0.0000D+00   0.0000D+00   0.6340D-02   0.0000D+00   0.8639D-03   0.0000D+00   0.3271D-02   0.0000D+00
   0.0000D+00   0.0000D+00   0.0000D+00   0.0000D+00   0.0000D+00   0.0000D+00   0.0000D+00   0.0000D+00
  -0.6973D-03   0.3666D-04  -0.3632D-03   0.2290D-04   0.1047D-04  -0.1112D-04  -0.1393D-03   0.8762D-05  -0.6973D-03   0.3666D-04  -0.3632D-03   0.2290D-04
   0.4957D-02  -0.3093D-03   0.6738D-03  -0.8098D-04   0.2284D-02  -0.4282D-03   0.6403D-03   0.0000D+00   0.1555D-03   0.1558D-04  -0.3111D-04   0.5098D-04   0.4957D-02  -0.3093D-03   0.6738D-03  -0.8098D-04   0.2284D-02  -0.4282D-03
  -0.3350D-04  -0.7593D-04  -0.2469D-04  -0.5035D-04  -0.3350D-04  -0.7593D-04  -0.2469D-04  -0.5035D-04
  0.500  2.000
  -0.6511D-03   0.0000D+00  -0.3378D-03   0.0000D+00   0.0000D+00   0.0000D+00  -0.1342D-03   0.0000D+00  -0.6511D-03   0.0000D+00  -0.3378D-03   0.0000D+00
   0.6340D-02   0.0000D+00   0.8639D-03   0.0000D+00   0.3271D-02   0.0000D+00   0.7413D-03   0.0000D+00   0.1647D-03   0.0000D+00   0.0000D+00   0.0000D+00   0.6340D-02   0.0000D+00   0.8639D-03   0.0000D+00   0.3271D-02   0.0000D+00
   0.0000D+00   0.0000D+00   0.0000D+00   0.0000D+00   0.0000D+00   0.0000D+00   0.0000D+00   0.0000D+00
  -0.6929D-03   0.3198D-04  -0.3608D-03   0.1998D-04   0.9131D-05  -0.9698D-05  -0.1390D-03   0.7644D-05  -0.6929D-03   0.3198D-04  -0.3608D-03   0.1998D-04
   0.5049D-02  -0.2889D-03   0.6864D-03  -0.7563D-04   0.2350D-02  -0.4000D-03   0.6470D-03   0.0000D+00   0.1561D-03   0.1455D-04  -0.2906D-04   0.4761D-04   0.5049D-02  -0.2889D-03   0.6864D-03  -0.7563D-04   0.2350D-02  -0.4000D-03
  -0.3129D-04  -0.7092D-04  -0.2306D-04  -0.4703D-04  -0.3129D-04  -0.7092D-04  -0.2306D-04  -0.4703D-04
  1.000  0.500
  -0.6155D-03   0.0000D+00  -0.3184D-03   0.0000D+00   0.0000D+00   0.0000D+00  -0.1263D-03   0.0000D+00  -0.6155D-03   0.0000D+00  -0.3184D-03   0.0000D+00
   0.5188D-02   0.0000D+00   0.7058D-03   0.0000D+00   0.2681D-02   0.0000D+00   0.6052D-03   0.0000D+00   0.1345D-03   0.0000D+00   0.0000D+00   0.0000D+00   0.5188D-02   0.0000D+00   0.7058D-03   0.0000D+00   0.2681D-02   0.0000D+00
   0.0000D+00   0.0000D+00   0.0000D+00   0.0000D+00   0.0000D+00   0.0000D+00   0.0000D+00   0.0000D+00
  -0.6930D-03   0.3473D-04  -0.3606D-03   0.2173D-04   0.9803D-05  -0.1052D-04  -0.1385D-03   0.8299D-05  -0.6930D-03   0.3473D-04  -0.3606D-03   0.2173D-04
   0.5011D-02  -0.2729D-03   0.6805D-03  -0.7141D-04   0.2341D-02  -0.3771D-03   0.6389D-03   0.0000D+00   0.1535D-03   0.1369D-04  -0.2679D-04   0.4480D-04   0.5011D-02  -0.2729D-03   0.6805D-03  -0.7141D-04   0.2341D-02  -0.3771D-03
  -0.2960D-04  -0.6701D-04  -0.2173D-04  -0.4429D-04  -0.2960D-04  -0.6701D-04  -0.2173D-04  -0.4429D-04
  1.000  1.000
  -0.5719D-03   0.0000D+00  -0.2958D-03   0.0000D+00   0.0000D+00   0.0000D+00  -0.1174D-03   0.0000D+00  -0.5719D-03   0.0000D+00  -0.2958D-03   0.0000D+00
   0.5188D-02   0.0000D+00   0.7058D-03   0.0000D+00   0.2681D-02   0.0000D+00   0.6052D-03   0.0000D+00   0.1345D-03   0.0000D+00   0.0000D+00   0.0000D+00   0.5188D-02   0.0000D+00   0.7058D-03   0.0000D+00   0.2681D-02   0.0000D+00
   0.0000D+00   0.0000D+00   0.0000D+00   0.0000D+00   0.0000D+00   0.0000D+00   0.0000D+00   0.0000D+00
  -0.6781D-03   0.2998D-04  -0.3525D-03   0.1876D-04   0.8464D-05  -0.9083D-05  -0.1359D-03   0.7165D-05  -0.6781D-03   0.2998D-04  -0.3525D-03   0.1876D-04
   0.5024D-02  -0.2536D-03   0.6824D-03  -0.6635D-04   0.2365D-02  -0.3504D-03   0.6365D-03   0.0000D+00   0.1522D-03   0.1272D-04  -0.2489D-04   0.4162D-04   0.5024D-02  -0.2536D-03   0.6824D-03  -0.6635D-04   0.2365D-02  -0.3504D-03
  -0.2751D-04  -0.6226D-04  -0.2019D-04  -0.4115D-04  -0.2751D-04  -0.6226D-04  -0.2019D-04  -0.4115D-04
  1.000  2.000
  -0.5342D-03   0.0000D+00  -0.2763D-03   0.0000D+00   0.0000D+00   0.0000D+00  -0.1096D-03   0.0000D+00  -0.5342D-03   0.0000D+00  -0.2763D-03   0.0000D+00
   0.5188D-02   0.0000D+00   0.7058D-03   0.0000D+00   0.2681D-02   0.0000D+00   0.6052D-03   0.0000D+00   0.1345D-03   0.0000D+00   0.0000D+00   0.0000D+00   0.5188D-02   0.0000D+00   0.7058D-03   0.0000D+00   0.2681D-02   0.0000D+00
   0.0000D+00   0.0000D+00   0.0000D+00   0.0000D+00   0.0000D+00   0.0000D+00   0.0000D+00   0.0000D+00
  -0.6610D-03   0.2616D-04  -0.3435D-03   0.1637D-04   0.7384D-05  -0.7923D-05  -0.1328D-03   0.6250D-05  -0.6610D-03   0.2616D-04  -0.3435D-03   0.1637D-04
   0.5035D-02  -0.2368D-03   0.6839D-03  -0.6197D-04   0.2386D-02  -0.3273D-03   0.6345D-03   0.0000D+00   0.1510D-03   0.1188D-04  -0.2325D-04   0.3888D-04   0.5035D-02  -0.2368D-03   0.6839D-03  -0.6197D-04   0.2386D-02  -0.3273D-03
  -0.2569D-04  -0.5815D-04  -0.1886D-04  -0.3844D-04  -0.2569D-04  -0.5815D-04  -0.1886D-04  -0.3844D-04
  2.000  0.500
  -0.5117D-03   0.0000D+00  -0.2637D-03   0.0000D+00   0.0000D+00   0.0000D+00  -0.1046D-03   0.0000D+00  -0.5117D-03   0.0000D+00  -0.2637D-03   0.0000D+00
   0.4303D-02   0.0000D+00   0.5847D-03   0.0000D+00   0.2228D-02   0.0000D+00   0.5010D-03   0.0000D+00   0.1113D-03   0.0000D+00   0.0000D+00   0.0000D+00   0.4303D-02   0.0000D+00   0.5847D-03   0.0000D+00   0.2228D-02   0.0000D+00
   0.0000D+00   0.0000D+00   0.0000D+00   0.0000D+00   0.0000D+00   0.0000D+00   0.0000D+00   0.0000D+00
  -0.6783D-03   0.2877D-04  -0.3524D-03   0.1805D-04   0.8048D-05  -0.8711D-05  -0.1360D-03   0.6879D-05  -0.6783D-03   0.2877D-04  -0.3524D-03   0.1805D-04
   0.5026D-02  -0.2268D-03   0.6829D-03  -0.5927D-04   0.2396D-02  -0.3127D-03   0.6311D-03   0.0000D+00   0.1499D-03   0.1133D-04  -0.2196D-04   0.3708D-04   0.5026D-02  -0.2268D-03   0.6829D-03  -0.5927D-04   0.2396D-02  -0.3127D-03
  -0.2461D-04  -0.5578D-04  -0.1800D-04  -0.3668D-04  -0.2461D-04  -0.5578D-04  -0.1800D-04  -0.3668D-04
  2.000  1.000
  -0.4754D-03   0.0000D+00  -0.2451D-03   0.0000D+00   0.0000D+00   0.0000D+00  -0.9720D-04   0.0000D+00  -0.4754D-03   0.0000D+00  -0.2451D-03   0.0000D+00
   0.4303D-02   0.0000D+00   0.5847D-03   0.0000D+00   0.2228D-02   0.0000D+00   0.5010D-03   0.0000D+00   0.1113D-03   0.0000D+00   0.0000D+00   0.0000D+00   0.4303D-02   0.0000D+00   0.5847D-03   0.0000D+00   0.2228D-02   0.0000D+00
   0.0000D+00   0.0000D+00   0.0000D+00   0.0000D+00   0.0000D+00   0.0000D+00   0.0000D+00   0.0000D+00
  -0.6519D-03   0.2484D-04  -0.3384D-03   0.1558D-04   0.6949D-05  -0.7520D-05  -0.1310D-03   0.5939D-05  -0.6519D-03   0.2484D-04  -0.3384D-03   0.1558D-04
   0.4975D-02  -0.2107D-03   0.6759D-03  -0.5507D-04   0.2385D-02  -0.2905D-03   0.6219D-03   0.0000D+00   0.1472D-03   0.1053D-04  -0.2041D-04   0.3445D-04   0.4975D-02  -0.2107D-03   0.6759D-03  -0.5507D-04   0.2385D-02  -0.2905D-03
  -0.2286D-04  -0.5183D-04  -0.1673D-04  -0.3408D-04  -0.2286D-04  -0.5183D-04  -0.1673D-04  -0.3408D-04
  2.000  2.000
  -0.4440D-03   0.0000D+00  -0.2289D-03   0.0000D+00   0.0000D+00   0.0000D+00  -0.9079D-04   0.0000D+00  -0.4440D-03   0.0000D+00  -0.2289D-03   0.0000D+00
   0.4303D-02   0.0000D+00   0.5847D-03   0.0000D+00   0.2228D-02   0.0000D+00   0.5010D-03   0.0000D+00   0.1113D-03   0.0000D+00   0.0000D+00   0.0000D+00   0.4303D-02   0.0000D+00   0.5847D-03   0.0000D+00   0.2228D-02   0.0000D+00
   0.0000D+00   0.0000D+00   0.0000D+00   0.0000D+00   0.0000D+00   0.0000D+00   0.0000D+00   0.0000D+00
  -0.6264D-03   0.2167D-04  -0.3250D-03   0.1359D-04   0.6063D-05  -0.6560D-05  -0.1261D-03   0.5181D-05  -0.6264D-03   0.2167D-04  -0.3250D-03   0.1359D-04
   0.4931D-02  -0.1968D-03   0.6700D-03  -0.5143D-04   0.2374D-02  -0.2713D-03   0.6140D-03   0.0000D+00   0.1448D-03   0.9831D-05  -0.1906D-04   0.3218D-04   0.4931D-02  -0.1968D-03   0.6700D-03  -0.5143D-04   0.2374D-02  -0.2713D-03
  -0.2135D-04  -0.4840D-04  -0.1562D-04  -0.3183D-04  -0.2135D-04  -0.4840D-04  -0.1562D-04  -0.3183D-04
