 LHC=           1 sqrts=   8000.0000000000000      ang=           4 mode=fital                                                                                               scalescheme=           1 R=  0.69999999999999996     
 NNPDF23_nlo_as_0118                                                                                            2
 Bin information: chid, chiu, md, mu, mu0
   0.0000000000000000       0.50000000000000000        3250.0000000000000        3500.0000000000000        3375.0000000000000     
 9 scales(muf, mur)*(LO(38), NLO(38))
  0.500  0.500
  -0.3176D-07   0.0000D+00  -0.1380D-07   0.0000D+00   0.0000D+00   0.0000D+00  -0.6494D-08   0.0000D+00  -0.3176D-07   0.0000D+00  -0.1380D-07   0.0000D+00
   0.6834D-06   0.0000D+00   0.9374D-07   0.0000D+00   0.3492D-06   0.0000D+00   0.1269D-06   0.0000D+00   0.2820D-07   0.0000D+00   0.0000D+00   0.0000D+00   0.6834D-06   0.0000D+00   0.9374D-07   0.0000D+00   0.3492D-06   0.0000D+00
   0.0000D+00   0.0000D+00   0.0000D+00   0.0000D+00   0.0000D+00   0.0000D+00   0.0000D+00   0.0000D+00
  -0.3638D-07   0.1472D-08  -0.1545D-07   0.1045D-08   0.3686D-09  -0.5220D-09  -0.6923D-08   0.2971D-09  -0.3638D-07   0.1472D-08  -0.1545D-07   0.1045D-08
   0.6526D-06  -0.3431D-07   0.8824D-07  -0.9032D-08   0.3087D-06  -0.4803D-07   0.1272D-06   0.0000D+00   0.3055D-07   0.2771D-08  -0.3244D-09   0.9068D-08   0.6526D-06  -0.3431D-07   0.8824D-07  -0.9032D-08   0.3087D-06  -0.4803D-07
  -0.3720D-08  -0.8803D-08  -0.2915D-08  -0.6524D-08  -0.3720D-08  -0.8803D-08  -0.2915D-08  -0.6524D-08
  0.500  1.000
  -0.2977D-07   0.0000D+00  -0.1294D-07   0.0000D+00   0.0000D+00   0.0000D+00  -0.6088D-08   0.0000D+00  -0.2977D-07   0.0000D+00  -0.1294D-07   0.0000D+00
   0.6834D-06   0.0000D+00   0.9374D-07   0.0000D+00   0.3492D-06   0.0000D+00   0.1269D-06   0.0000D+00   0.2820D-07   0.0000D+00   0.0000D+00   0.0000D+00   0.6834D-06   0.0000D+00   0.9374D-07   0.0000D+00   0.3492D-06   0.0000D+00
   0.0000D+00   0.0000D+00   0.0000D+00   0.0000D+00   0.0000D+00   0.0000D+00   0.0000D+00   0.0000D+00
  -0.3583D-07   0.1294D-08  -0.1526D-07   0.9183D-09   0.3240D-09  -0.4588D-09  -0.6872D-08   0.2612D-09  -0.3583D-07   0.1294D-08  -0.1526D-07   0.9183D-09
   0.6545D-06  -0.3217D-07   0.8859D-07  -0.8468D-08   0.3112D-06  -0.4503D-07   0.1272D-06   0.0000D+00   0.3040D-07   0.2598D-08  -0.3041D-09   0.8502D-08   0.6545D-06  -0.3217D-07   0.8859D-07  -0.8468D-08   0.3112D-06  -0.4503D-07
  -0.3488D-08  -0.8253D-08  -0.2733D-08  -0.6117D-08  -0.3488D-08  -0.8253D-08  -0.2733D-08  -0.6117D-08
  0.500  2.000
  -0.2803D-07   0.0000D+00  -0.1218D-07   0.0000D+00   0.0000D+00   0.0000D+00  -0.5731D-08   0.0000D+00  -0.2803D-07   0.0000D+00  -0.1218D-07   0.0000D+00
   0.6834D-06   0.0000D+00   0.9374D-07   0.0000D+00   0.3492D-06   0.0000D+00   0.1269D-06   0.0000D+00   0.2820D-07   0.0000D+00   0.0000D+00   0.0000D+00   0.6834D-06   0.0000D+00   0.9374D-07   0.0000D+00   0.3492D-06   0.0000D+00
   0.0000D+00   0.0000D+00   0.0000D+00   0.0000D+00   0.0000D+00   0.0000D+00   0.0000D+00   0.0000D+00
  -0.3515D-07   0.1146D-08  -0.1500D-07   0.8136D-09   0.2871D-09  -0.4066D-09  -0.6786D-08   0.2314D-09  -0.3515D-07   0.1146D-08  -0.1500D-07   0.8136D-09
   0.6562D-06  -0.3028D-07   0.8889D-07  -0.7971D-08   0.3134D-06  -0.4239D-07   0.1272D-06   0.0000D+00   0.3028D-07   0.2445D-08  -0.2863D-09   0.8003D-08   0.6562D-06  -0.3028D-07   0.8889D-07  -0.7971D-08   0.3134D-06  -0.4239D-07
  -0.3283D-08  -0.7769D-08  -0.2572D-08  -0.5758D-08  -0.3283D-08  -0.7769D-08  -0.2572D-08  -0.5758D-08
  1.000  0.500
  -0.2335D-07   0.0000D+00  -0.1012D-07   0.0000D+00   0.0000D+00   0.0000D+00  -0.4788D-08   0.0000D+00  -0.2335D-07   0.0000D+00  -0.1012D-07   0.0000D+00
   0.5025D-06   0.0000D+00   0.6889D-07   0.0000D+00   0.2569D-06   0.0000D+00   0.9388D-07   0.0000D+00   0.2086D-07   0.0000D+00   0.0000D+00   0.0000D+00   0.5025D-06   0.0000D+00   0.6889D-07   0.0000D+00   0.2569D-06   0.0000D+00
   0.0000D+00   0.0000D+00   0.0000D+00   0.0000D+00   0.0000D+00   0.0000D+00   0.0000D+00   0.0000D+00
  -0.3397D-07   0.1080D-08  -0.1449D-07   0.7678D-09   0.2695D-09  -0.3849D-09  -0.6563D-08   0.2166D-09  -0.3397D-07   0.1080D-08  -0.1449D-07   0.7678D-09
   0.6352D-06  -0.2524D-07   0.8608D-07  -0.6638D-08   0.3062D-06  -0.3534D-07   0.1223D-06   0.0000D+00   0.2890D-07   0.2049D-08  -0.1975D-09   0.6707D-08   0.6352D-06  -0.2524D-07   0.8608D-07  -0.6638D-08   0.3062D-06  -0.3534D-07
  -0.2735D-08  -0.6479D-08  -0.2146D-08  -0.4822D-08  -0.2735D-08  -0.6479D-08  -0.2146D-08  -0.4822D-08
  1.000  1.000
  -0.2189D-07   0.0000D+00  -0.9487D-08   0.0000D+00   0.0000D+00   0.0000D+00  -0.4489D-08   0.0000D+00  -0.2189D-07   0.0000D+00  -0.9487D-08   0.0000D+00
   0.5025D-06   0.0000D+00   0.6889D-07   0.0000D+00   0.2569D-06   0.0000D+00   0.9388D-07   0.0000D+00   0.2086D-07   0.0000D+00   0.0000D+00   0.0000D+00   0.5025D-06   0.0000D+00   0.6889D-07   0.0000D+00   0.2569D-06   0.0000D+00
   0.0000D+00   0.0000D+00   0.0000D+00   0.0000D+00   0.0000D+00   0.0000D+00   0.0000D+00   0.0000D+00
  -0.3269D-07   0.9490D-09  -0.1396D-07   0.6749D-09   0.2369D-09  -0.3383D-09  -0.6350D-08   0.1904D-09  -0.3269D-07   0.9490D-09  -0.1396D-07   0.6749D-09
   0.6269D-06  -0.2367D-07   0.8501D-07  -0.6223D-08   0.3032D-06  -0.3313D-07   0.1205D-06   0.0000D+00   0.2840D-07   0.1921D-08  -0.1852D-09   0.6288D-08   0.6269D-06  -0.2367D-07   0.8501D-07  -0.6223D-08   0.3032D-06  -0.3313D-07
  -0.2565D-08  -0.6075D-08  -0.2012D-08  -0.4521D-08  -0.2565D-08  -0.6075D-08  -0.2012D-08  -0.4521D-08
  1.000  2.000
  -0.2060D-07   0.0000D+00  -0.8930D-08   0.0000D+00   0.0000D+00   0.0000D+00  -0.4226D-08   0.0000D+00  -0.2060D-07   0.0000D+00  -0.8930D-08   0.0000D+00
   0.5025D-06   0.0000D+00   0.6889D-07   0.0000D+00   0.2569D-06   0.0000D+00   0.9388D-07   0.0000D+00   0.2086D-07   0.0000D+00   0.0000D+00   0.0000D+00   0.5025D-06   0.0000D+00   0.6889D-07   0.0000D+00   0.2569D-06   0.0000D+00
   0.0000D+00   0.0000D+00   0.0000D+00   0.0000D+00   0.0000D+00   0.0000D+00   0.0000D+00   0.0000D+00
  -0.3147D-07   0.8409D-09  -0.1346D-07   0.5980D-09   0.2099D-09  -0.2998D-09  -0.6140D-08   0.1687D-09  -0.3147D-07   0.8409D-09  -0.1346D-07   0.5980D-09
   0.6196D-06  -0.2228D-07   0.8407D-07  -0.5858D-08   0.3005D-06  -0.3119D-07   0.1189D-06   0.0000D+00   0.2796D-07   0.1809D-08  -0.1743D-09   0.5919D-08   0.6196D-06  -0.2228D-07   0.8407D-07  -0.5858D-08   0.3005D-06  -0.3119D-07
  -0.2414D-08  -0.5718D-08  -0.1894D-08  -0.4256D-08  -0.2414D-08  -0.5718D-08  -0.1894D-08  -0.4256D-08
  2.000  0.500
  -0.1750D-07   0.0000D+00  -0.7561D-08   0.0000D+00   0.0000D+00   0.0000D+00  -0.3595D-08   0.0000D+00  -0.1750D-07   0.0000D+00  -0.7561D-08   0.0000D+00
   0.3768D-06   0.0000D+00   0.5158D-07   0.0000D+00   0.1926D-06   0.0000D+00   0.7062D-07   0.0000D+00   0.1569D-07   0.0000D+00   0.0000D+00   0.0000D+00   0.3768D-06   0.0000D+00   0.5158D-07   0.0000D+00   0.1926D-06   0.0000D+00
   0.0000D+00   0.0000D+00   0.0000D+00   0.0000D+00   0.0000D+00   0.0000D+00   0.0000D+00   0.0000D+00
  -0.3087D-07   0.8072D-09  -0.1319D-07   0.5755D-09   0.2068D-09  -0.2890D-09  -0.6036D-08   0.1610D-09  -0.3087D-07   0.8072D-09  -0.1319D-07   0.5755D-09
   0.5930D-06  -0.1892D-07   0.8051D-07  -0.4978D-08   0.2891D-06  -0.2644D-07   0.1136D-06   0.0000D+00   0.2654D-07   0.1542D-08  -0.1403D-09   0.5045D-08   0.5930D-06  -0.1892D-07   0.8051D-07  -0.4978D-08   0.2891D-06  -0.2644D-07
  -0.2051D-08  -0.4855D-08  -0.1606D-08  -0.3611D-08  -0.2051D-08  -0.4855D-08  -0.1606D-08  -0.3611D-08
  2.000  1.000
  -0.1641D-07   0.0000D+00  -0.7089D-08   0.0000D+00   0.0000D+00   0.0000D+00  -0.3371D-08   0.0000D+00  -0.1641D-07   0.0000D+00  -0.7089D-08   0.0000D+00
   0.3768D-06   0.0000D+00   0.5158D-07   0.0000D+00   0.1926D-06   0.0000D+00   0.7062D-07   0.0000D+00   0.1569D-07   0.0000D+00   0.0000D+00   0.0000D+00   0.3768D-06   0.0000D+00   0.5158D-07   0.0000D+00   0.1926D-06   0.0000D+00
   0.0000D+00   0.0000D+00   0.0000D+00   0.0000D+00   0.0000D+00   0.0000D+00   0.0000D+00   0.0000D+00
  -0.2926D-07   0.7095D-09  -0.1251D-07   0.5059D-09   0.1818D-09  -0.2541D-09  -0.5741D-08   0.1415D-09  -0.2926D-07   0.7095D-09  -0.1251D-07   0.5059D-09
   0.5795D-06  -0.1773D-07   0.7871D-07  -0.4667D-08   0.2831D-06  -0.2479D-07   0.1109D-06   0.0000D+00   0.2586D-07   0.1445D-08  -0.1316D-09   0.4730D-08   0.5795D-06  -0.1773D-07   0.7871D-07  -0.4667D-08   0.2831D-06  -0.2479D-07
  -0.1923D-08  -0.4552D-08  -0.1506D-08  -0.3385D-08  -0.1923D-08  -0.4552D-08  -0.1506D-08  -0.3385D-08
  2.000  2.000
  -0.1545D-07   0.0000D+00  -0.6673D-08   0.0000D+00   0.0000D+00   0.0000D+00  -0.3173D-08   0.0000D+00  -0.1545D-07   0.0000D+00  -0.6673D-08   0.0000D+00
   0.3768D-06   0.0000D+00   0.5158D-07   0.0000D+00   0.1926D-06   0.0000D+00   0.7062D-07   0.0000D+00   0.1569D-07   0.0000D+00   0.0000D+00   0.0000D+00   0.3768D-06   0.0000D+00   0.5158D-07   0.0000D+00   0.1926D-06   0.0000D+00
   0.0000D+00   0.0000D+00   0.0000D+00   0.0000D+00   0.0000D+00   0.0000D+00   0.0000D+00   0.0000D+00
  -0.2780D-07   0.6287D-09  -0.1190D-07   0.4482D-09   0.1611D-09  -0.2251D-09  -0.5473D-08   0.1254D-09  -0.2780D-07   0.6287D-09  -0.1190D-07   0.4482D-09
   0.5676D-06  -0.1669D-07   0.7712D-07  -0.4393D-08   0.2778D-06  -0.2333D-07   0.1085D-06   0.0000D+00   0.2526D-07   0.1360D-08  -0.1239D-09   0.4452D-08   0.5676D-06  -0.1669D-07   0.7712D-07  -0.4393D-08   0.2778D-06  -0.2333D-07
  -0.1810D-08  -0.4285D-08  -0.1418D-08  -0.3186D-08  -0.1810D-08  -0.4285D-08  -0.1418D-08  -0.3186D-08
