 LHC=           1 sqrts=   8000.0000000000000      ang=           4 mode=fital                                                                                               scalescheme=           1 R=  0.69999999999999996     
 CT10nlo_rand5678                                                                                             216
 Bin information: chid, chiu, md, mu, mu0
   0.0000000000000000       0.50000000000000000        97.000000000000000        114.00000000000000        105.50000000000000     
 9 scales(muf, mur)*(LO(38), NLO(38))
  0.500  0.500
  -0.1278D+02   0.0000D+00  -0.2108D+02   0.0000D+00   0.0000D+00   0.0000D+00  -0.2247D+02   0.0000D+00  -0.1278D+02   0.0000D+00  -0.2108D+02   0.0000D+00
   0.4827D+00   0.0000D+00   0.9058D-01   0.0000D+00   0.1026D+00   0.0000D+00   0.2156D+00   0.0000D+00   0.4792D-01   0.0000D+00   0.0000D+00   0.0000D+00   0.4827D+00   0.0000D+00   0.9058D-01   0.0000D+00   0.1026D+00   0.0000D+00
   0.0000D+00   0.0000D+00   0.0000D+00   0.0000D+00   0.0000D+00   0.0000D+00   0.0000D+00   0.0000D+00
  -0.8580D+01   0.3784D+01  -0.1727D+02   0.2255D+01   0.1693D+01  -0.2753D+01  -0.1998D+02  -0.2473D+00  -0.8580D+01   0.3784D+01  -0.1727D+02   0.2255D+01
   0.8416D+00  -0.1531D-01   0.1574D+00  -0.6950D-02   0.1303D+00  -0.5648D-01   0.3448D+00   0.0000D+00   0.8960D-01   0.7173D-02   0.5779D-02   0.2348D-01   0.8416D+00  -0.1531D-01   0.1574D+00  -0.6950D-02   0.1303D+00  -0.5648D-01
  -0.5338D-03  -0.6004D-02  -0.3755D-02  -0.1231D-01  -0.5338D-03  -0.6004D-02  -0.3755D-02  -0.1231D-01
  0.500  1.000
  -0.1147D+02   0.0000D+00  -0.1892D+02   0.0000D+00   0.0000D+00   0.0000D+00  -0.2017D+02   0.0000D+00  -0.1147D+02   0.0000D+00  -0.1892D+02   0.0000D+00
   0.4827D+00   0.0000D+00   0.9058D-01   0.0000D+00   0.1026D+00   0.0000D+00   0.2156D+00   0.0000D+00   0.4792D-01   0.0000D+00   0.0000D+00   0.0000D+00   0.4827D+00   0.0000D+00   0.9058D-01   0.0000D+00   0.1026D+00   0.0000D+00
   0.0000D+00   0.0000D+00   0.0000D+00   0.0000D+00   0.0000D+00   0.0000D+00   0.0000D+00   0.0000D+00
  -0.9221D+01   0.3047D+01  -0.1772D+02   0.1816D+01   0.1362D+01  -0.2217D+01  -0.2016D+02  -0.1991D+00  -0.9221D+01   0.3047D+01  -0.1772D+02   0.1816D+01
   0.8074D+00  -0.1374D-01   0.1510D+00  -0.6238D-02   0.1280D+00  -0.5069D-01   0.3323D+00   0.0000D+00   0.8555D-01   0.6438D-02   0.5232D-02   0.2107D-01   0.8074D+00  -0.1374D-01   0.1510D+00  -0.6238D-02   0.1280D+00  -0.5069D-01
  -0.4789D-03  -0.5389D-02  -0.3370D-02  -0.1105D-01  -0.4789D-03  -0.5389D-02  -0.3370D-02  -0.1105D-01
  0.500  2.000
  -0.1041D+02   0.0000D+00  -0.1717D+02   0.0000D+00   0.0000D+00   0.0000D+00  -0.1830D+02   0.0000D+00  -0.1041D+02   0.0000D+00  -0.1717D+02   0.0000D+00
   0.4827D+00   0.0000D+00   0.9058D-01   0.0000D+00   0.1026D+00   0.0000D+00   0.2156D+00   0.0000D+00   0.4792D-01   0.0000D+00   0.0000D+00   0.0000D+00   0.4827D+00   0.0000D+00   0.9058D-01   0.0000D+00   0.1026D+00   0.0000D+00
   0.0000D+00   0.0000D+00   0.0000D+00   0.0000D+00   0.0000D+00   0.0000D+00   0.0000D+00   0.0000D+00
  -0.9489D+01   0.2509D+01  -0.1772D+02   0.1495D+01   0.1121D+01  -0.1826D+01  -0.1993D+02  -0.1640D+00  -0.9489D+01   0.2509D+01  -0.1772D+02   0.1495D+01
   0.7793D+00  -0.1247D-01   0.1457D+00  -0.5661D-02   0.1261D+00  -0.4600D-01   0.3222D+00   0.0000D+00   0.8224D-01   0.5842D-02   0.4782D-02   0.1912D-01   0.7793D+00  -0.1247D-01   0.1457D+00  -0.5661D-02   0.1261D+00  -0.4600D-01
  -0.4345D-03  -0.4890D-02  -0.3058D-02  -0.1003D-01  -0.4345D-03  -0.4890D-02  -0.3058D-02  -0.1003D-01
  1.000  0.500
  -0.1300D+02   0.0000D+00  -0.2160D+02   0.0000D+00   0.0000D+00   0.0000D+00  -0.2328D+02   0.0000D+00  -0.1300D+02   0.0000D+00  -0.2160D+02   0.0000D+00
   0.5002D+00   0.0000D+00   0.9351D-01   0.0000D+00   0.1042D+00   0.0000D+00   0.2200D+00   0.0000D+00   0.4890D-01   0.0000D+00   0.0000D+00   0.0000D+00   0.5002D+00   0.0000D+00   0.9351D-01   0.0000D+00   0.1042D+00   0.0000D+00
   0.0000D+00   0.0000D+00   0.0000D+00   0.0000D+00   0.0000D+00   0.0000D+00   0.0000D+00   0.0000D+00
  -0.8456D+01   0.3920D+01  -0.1673D+02   0.2334D+01   0.1888D+01  -0.2863D+01  -0.2014D+02  -0.2576D+00  -0.8456D+01   0.3920D+01  -0.1673D+02   0.2334D+01
   0.8184D+00  -0.1566D-01   0.1517D+00  -0.7110D-02   0.1223D+00  -0.5781D-01   0.3319D+00   0.0000D+00   0.8654D-01   0.7376D-02   0.6049D-02   0.2414D-01   0.8184D+00  -0.1566D-01   0.1517D+00  -0.7110D-02   0.1223D+00  -0.5781D-01
  -0.5622D-03  -0.6275D-02  -0.3953D-02  -0.1261D-01  -0.5622D-03  -0.6275D-02  -0.3953D-02  -0.1261D-01
  1.000  1.000
  -0.1167D+02   0.0000D+00  -0.1938D+02   0.0000D+00   0.0000D+00   0.0000D+00  -0.2089D+02   0.0000D+00  -0.1167D+02   0.0000D+00  -0.1938D+02   0.0000D+00
   0.5002D+00   0.0000D+00   0.9351D-01   0.0000D+00   0.1042D+00   0.0000D+00   0.2200D+00   0.0000D+00   0.4890D-01   0.0000D+00   0.0000D+00   0.0000D+00   0.5002D+00   0.0000D+00   0.9351D-01   0.0000D+00   0.1042D+00   0.0000D+00
   0.0000D+00   0.0000D+00   0.0000D+00   0.0000D+00   0.0000D+00   0.0000D+00   0.0000D+00   0.0000D+00
  -0.9155D+01   0.3157D+01  -0.1737D+02   0.1879D+01   0.1519D+01  -0.2306D+01  -0.2042D+02  -0.2074D+00  -0.9155D+01   0.3157D+01  -0.1737D+02   0.1879D+01
   0.7832D+00  -0.1405D-01   0.1453D+00  -0.6381D-02   0.1195D+00  -0.5188D-01   0.3202D+00   0.0000D+00   0.8257D-01   0.6620D-02   0.5467D-02   0.2167D-01   0.7832D+00  -0.1405D-01   0.1453D+00  -0.6381D-02   0.1195D+00  -0.5188D-01
  -0.5044D-03  -0.5631D-02  -0.3548D-02  -0.1132D-01  -0.5044D-03  -0.5631D-02  -0.3548D-02  -0.1132D-01
  1.000  2.000
  -0.1059D+02   0.0000D+00  -0.1759D+02   0.0000D+00   0.0000D+00   0.0000D+00  -0.1895D+02   0.0000D+00  -0.1059D+02   0.0000D+00  -0.1759D+02   0.0000D+00
   0.5002D+00   0.0000D+00   0.9351D-01   0.0000D+00   0.1042D+00   0.0000D+00   0.2200D+00   0.0000D+00   0.4890D-01   0.0000D+00   0.0000D+00   0.0000D+00   0.5002D+00   0.0000D+00   0.9351D-01   0.0000D+00   0.1042D+00   0.0000D+00
   0.0000D+00   0.0000D+00   0.0000D+00   0.0000D+00   0.0000D+00   0.0000D+00   0.0000D+00   0.0000D+00
  -0.9466D+01   0.2599D+01  -0.1750D+02   0.1548D+01   0.1250D+01  -0.1899D+01  -0.2026D+02  -0.1708D+00  -0.9466D+01   0.2599D+01  -0.1750D+02   0.1548D+01
   0.7589D+00  -0.1275D-01   0.1409D+00  -0.5790D-02   0.1185D+00  -0.4708D-01   0.3115D+00   0.0000D+00   0.7962D-01   0.6007D-02   0.4993D-02   0.1966D-01   0.7589D+00  -0.1275D-01   0.1409D+00  -0.5790D-02   0.1185D+00  -0.4708D-01
  -0.4576D-03  -0.5110D-02  -0.3219D-02  -0.1027D-01  -0.4576D-03  -0.5110D-02  -0.3219D-02  -0.1027D-01
  2.000  0.500
  -0.1330D+02   0.0000D+00  -0.2225D+02   0.0000D+00   0.0000D+00   0.0000D+00  -0.2367D+02   0.0000D+00  -0.1330D+02   0.0000D+00  -0.2225D+02   0.0000D+00
   0.5160D+00   0.0000D+00   0.9637D-01   0.0000D+00   0.1058D+00   0.0000D+00   0.2287D+00   0.0000D+00   0.5082D-01   0.0000D+00   0.0000D+00   0.0000D+00   0.5160D+00   0.0000D+00   0.9637D-01   0.0000D+00   0.1058D+00   0.0000D+00
   0.0000D+00   0.0000D+00   0.0000D+00   0.0000D+00   0.0000D+00   0.0000D+00   0.0000D+00   0.0000D+00
  -0.8377D+01   0.4007D+01  -0.1690D+02   0.2395D+01   0.1997D+01  -0.2909D+01  -0.2035D+02  -0.2590D+00  -0.8377D+01   0.4007D+01  -0.1690D+02   0.2395D+01
   0.7684D+00  -0.1595D-01   0.1430D+00  -0.7274D-02   0.1086D+00  -0.6060D-01   0.3203D+00   0.0000D+00   0.8299D-01   0.7604D-02   0.5231D-02   0.2489D-01   0.7684D+00  -0.1595D-01   0.1430D+00  -0.7274D-02   0.1086D+00  -0.6060D-01
  -0.5909D-03  -0.6479D-02  -0.4115D-02  -0.1313D-01  -0.5909D-03  -0.6479D-02  -0.4115D-02  -0.1313D-01
  2.000  1.000
  -0.1193D+02   0.0000D+00  -0.1996D+02   0.0000D+00   0.0000D+00   0.0000D+00  -0.2124D+02   0.0000D+00  -0.1193D+02   0.0000D+00  -0.1996D+02   0.0000D+00
   0.5160D+00   0.0000D+00   0.9637D-01   0.0000D+00   0.1058D+00   0.0000D+00   0.2287D+00   0.0000D+00   0.5082D-01   0.0000D+00   0.0000D+00   0.0000D+00   0.5160D+00   0.0000D+00   0.9637D-01   0.0000D+00   0.1058D+00   0.0000D+00
   0.0000D+00   0.0000D+00   0.0000D+00   0.0000D+00   0.0000D+00   0.0000D+00   0.0000D+00   0.0000D+00
  -0.9230D+01   0.3227D+01  -0.1771D+02   0.1928D+01   0.1606D+01  -0.2343D+01  -0.2074D+02  -0.2086D+00  -0.9230D+01   0.3227D+01  -0.1771D+02   0.1928D+01
   0.7945D+00  -0.1431D-01   0.1467D+00  -0.6528D-02   0.1227D+00  -0.5438D-01   0.3233D+00   0.0000D+00   0.8323D-01   0.6825D-02   0.5153D-02   0.2233D-01   0.7945D+00  -0.1431D-01   0.1467D+00  -0.6528D-02   0.1227D+00  -0.5438D-01
  -0.5301D-03  -0.5815D-02  -0.3693D-02  -0.1178D-01  -0.5301D-03  -0.5815D-02  -0.3693D-02  -0.1178D-01
  2.000  2.000
  -0.1083D+02   0.0000D+00  -0.1811D+02   0.0000D+00   0.0000D+00   0.0000D+00  -0.1927D+02   0.0000D+00  -0.1083D+02   0.0000D+00  -0.1811D+02   0.0000D+00
   0.5160D+00   0.0000D+00   0.9637D-01   0.0000D+00   0.1058D+00   0.0000D+00   0.2287D+00   0.0000D+00   0.5082D-01   0.0000D+00   0.0000D+00   0.0000D+00   0.5160D+00   0.0000D+00   0.9637D-01   0.0000D+00   0.1058D+00   0.0000D+00
   0.0000D+00   0.0000D+00   0.0000D+00   0.0000D+00   0.0000D+00   0.0000D+00   0.0000D+00   0.0000D+00
  -0.9538D+01   0.2657D+01  -0.1785D+02   0.1588D+01   0.1322D+01  -0.1929D+01  -0.2056D+02  -0.1717D+00  -0.9538D+01   0.2657D+01  -0.1785D+02   0.1588D+01
   0.7485D+00  -0.1299D-01   0.1388D+00  -0.5924D-02   0.1154D+00  -0.4935D-01   0.3100D+00   0.0000D+00   0.7891D-01   0.6193D-02   0.4527D-02   0.2027D-01   0.7485D+00  -0.1299D-01   0.1388D+00  -0.5924D-02   0.1154D+00  -0.4935D-01
  -0.4809D-03  -0.5277D-02  -0.3351D-02  -0.1069D-01  -0.4809D-03  -0.5277D-02  -0.3351D-02  -0.1069D-01
