 LHC=           1 sqrts=   8000.0000000000000      ang=           4 mode=fital                                                                                               scalescheme=           1 R=  0.69999999999999996     
 CT10nlo_rand5678                                                                                             113
 Bin information: chid, chiu, md, mu, mu0
   0.0000000000000000       0.50000000000000000        468.00000000000000        507.00000000000000        487.50000000000000     
 9 scales(muf, mur)*(LO(38), NLO(38))
  0.500  0.500
  -0.9012D+00   0.0000D+00  -0.8605D+00   0.0000D+00   0.0000D+00   0.0000D+00  -0.6992D+00   0.0000D+00  -0.9012D+00   0.0000D+00  -0.8605D+00   0.0000D+00
   0.5767D+00   0.0000D+00   0.9794D-01   0.0000D+00   0.1808D+00   0.0000D+00   0.1810D+00   0.0000D+00   0.4022D-01   0.0000D+00   0.0000D+00   0.0000D+00   0.5767D+00   0.0000D+00   0.9794D-01   0.0000D+00   0.1808D+00   0.0000D+00
   0.0000D+00   0.0000D+00   0.0000D+00   0.0000D+00   0.0000D+00   0.0000D+00   0.0000D+00   0.0000D+00
  -0.6755D+00   0.1186D+00  -0.7432D+00   0.7074D-01   0.7104D-01  -0.6864D-01  -0.6468D+00   0.4890D-02  -0.6755D+00   0.1186D+00  -0.7432D+00   0.7074D-01
   0.5077D+00  -0.2171D-01   0.8844D-01  -0.7530D-02   0.1052D+00  -0.5217D-01   0.1696D+00   0.0000D+00   0.4214D-01   0.4826D-02  -0.2521D-02   0.1580D-01   0.5077D+00  -0.2171D-01   0.8844D-01  -0.7530D-02   0.1052D+00  -0.5217D-01
  -0.1841D-02  -0.6694D-02  -0.3827D-02  -0.9418D-02  -0.1841D-02  -0.6694D-02  -0.3827D-02  -0.9418D-02
  0.500  1.000
  -0.8265D+00   0.0000D+00  -0.7891D+00   0.0000D+00   0.0000D+00   0.0000D+00  -0.6412D+00   0.0000D+00  -0.8265D+00   0.0000D+00  -0.7891D+00   0.0000D+00
   0.5767D+00   0.0000D+00   0.9794D-01   0.0000D+00   0.1808D+00   0.0000D+00   0.1810D+00   0.0000D+00   0.4022D-01   0.0000D+00   0.0000D+00   0.0000D+00   0.5767D+00   0.0000D+00   0.9794D-01   0.0000D+00   0.1808D+00   0.0000D+00
   0.0000D+00   0.0000D+00   0.0000D+00   0.0000D+00   0.0000D+00   0.0000D+00   0.0000D+00   0.0000D+00
  -0.7028D+00   0.9972D-01  -0.7537D+00   0.5950D-01   0.5975D-01  -0.5773D-01  -0.6485D+00   0.4113D-02  -0.7028D+00   0.9972D-01  -0.7537D+00   0.5950D-01
   0.5136D+00  -0.1991D-01   0.8926D-01  -0.6906D-02   0.1115D+00  -0.4784D-01   0.1706D+00   0.0000D+00   0.4199D-01   0.4426D-02  -0.2312D-02   0.1449D-01   0.5136D+00  -0.1991D-01   0.8926D-01  -0.6906D-02   0.1115D+00  -0.4784D-01
  -0.1689D-02  -0.6139D-02  -0.3509D-02  -0.8637D-02  -0.1689D-02  -0.6139D-02  -0.3509D-02  -0.8637D-02
  0.500  2.000
  -0.7634D+00   0.0000D+00  -0.7289D+00   0.0000D+00   0.0000D+00   0.0000D+00  -0.5923D+00   0.0000D+00  -0.7634D+00   0.0000D+00  -0.7289D+00   0.0000D+00
   0.5767D+00   0.0000D+00   0.9794D-01   0.0000D+00   0.1808D+00   0.0000D+00   0.1810D+00   0.0000D+00   0.4022D-01   0.0000D+00   0.0000D+00   0.0000D+00   0.5767D+00   0.0000D+00   0.9794D-01   0.0000D+00   0.1808D+00   0.0000D+00
   0.0000D+00   0.0000D+00   0.0000D+00   0.0000D+00   0.0000D+00   0.0000D+00   0.0000D+00   0.0000D+00
  -0.7143D+00   0.8508D-01  -0.7526D+00   0.5076D-01   0.5097D-01  -0.4925D-01  -0.6422D+00   0.3509D-02  -0.7143D+00   0.8508D-01  -0.7526D+00   0.5076D-01
   0.5186D+00  -0.1839D-01   0.8995D-01  -0.6379D-02   0.1169D+00  -0.4419D-01   0.1715D+00   0.0000D+00   0.4187D-01   0.4088D-02  -0.2135D-02   0.1338D-01   0.5186D+00  -0.1839D-01   0.8995D-01  -0.6379D-02   0.1169D+00  -0.4419D-01
  -0.1560D-02  -0.5670D-02  -0.3241D-02  -0.7978D-02  -0.1560D-02  -0.5670D-02  -0.3241D-02  -0.7978D-02
  1.000  0.500
  -0.8432D+00   0.0000D+00  -0.8034D+00   0.0000D+00   0.0000D+00   0.0000D+00  -0.6536D+00   0.0000D+00  -0.8432D+00   0.0000D+00  -0.8034D+00   0.0000D+00
   0.5405D+00   0.0000D+00   0.9156D-01   0.0000D+00   0.1692D+00   0.0000D+00   0.1689D+00   0.0000D+00   0.3754D-01   0.0000D+00   0.0000D+00   0.0000D+00   0.5405D+00   0.0000D+00   0.9156D-01   0.0000D+00   0.1692D+00   0.0000D+00
   0.0000D+00   0.0000D+00   0.0000D+00   0.0000D+00   0.0000D+00   0.0000D+00   0.0000D+00   0.0000D+00
  -0.6860D+00   0.1110D+00  -0.7451D+00   0.6627D-01   0.6746D-01  -0.6415D-01  -0.6469D+00   0.4701D-02  -0.6860D+00   0.1110D+00  -0.7451D+00   0.6627D-01
   0.5080D+00  -0.2030D-01   0.8813D-01  -0.7029D-02   0.1084D+00  -0.4870D-01   0.1682D+00   0.0000D+00   0.4169D-01   0.4501D-02  -0.2318D-02   0.1473D-01   0.5080D+00  -0.2030D-01   0.8813D-01  -0.7029D-02   0.1084D+00  -0.4870D-01
  -0.1731D-02  -0.6282D-02  -0.3586D-02  -0.8813D-02  -0.1731D-02  -0.6282D-02  -0.3586D-02  -0.8813D-02
  1.000  1.000
  -0.7733D+00   0.0000D+00  -0.7368D+00   0.0000D+00   0.0000D+00   0.0000D+00  -0.5994D+00   0.0000D+00  -0.7733D+00   0.0000D+00  -0.7368D+00   0.0000D+00
   0.5405D+00   0.0000D+00   0.9156D-01   0.0000D+00   0.1692D+00   0.0000D+00   0.1689D+00   0.0000D+00   0.3754D-01   0.0000D+00   0.0000D+00   0.0000D+00   0.5405D+00   0.0000D+00   0.9156D-01   0.0000D+00   0.1692D+00   0.0000D+00
   0.0000D+00   0.0000D+00   0.0000D+00   0.0000D+00   0.0000D+00   0.0000D+00   0.0000D+00   0.0000D+00
  -0.7030D+00   0.9333D-01  -0.7468D+00   0.5574D-01   0.5674D-01  -0.5395D-01  -0.6418D+00   0.3954D-02  -0.7030D+00   0.9333D-01  -0.7468D+00   0.5574D-01
   0.5109D+00  -0.1862D-01   0.8844D-01  -0.6447D-02   0.1135D+00  -0.4466D-01   0.1683D+00   0.0000D+00   0.4136D-01   0.4128D-02  -0.2126D-02   0.1351D-01   0.5109D+00  -0.1862D-01   0.8844D-01  -0.6447D-02   0.1135D+00  -0.4466D-01
  -0.1587D-02  -0.5762D-02  -0.3289D-02  -0.8083D-02  -0.1587D-02  -0.5762D-02  -0.3289D-02  -0.8083D-02
  1.000  2.000
  -0.7142D+00   0.0000D+00  -0.6806D+00   0.0000D+00   0.0000D+00   0.0000D+00  -0.5536D+00   0.0000D+00  -0.7142D+00   0.0000D+00  -0.6806D+00   0.0000D+00
   0.5405D+00   0.0000D+00   0.9156D-01   0.0000D+00   0.1692D+00   0.0000D+00   0.1689D+00   0.0000D+00   0.3754D-01   0.0000D+00   0.0000D+00   0.0000D+00   0.5405D+00   0.0000D+00   0.9156D-01   0.0000D+00   0.1692D+00   0.0000D+00
   0.0000D+00   0.0000D+00   0.0000D+00   0.0000D+00   0.0000D+00   0.0000D+00   0.0000D+00   0.0000D+00
  -0.7071D+00   0.7962D-01  -0.7394D+00   0.4755D-01   0.4841D-01  -0.4603D-01  -0.6307D+00   0.3374D-02  -0.7071D+00   0.7962D-01  -0.7394D+00   0.4755D-01
   0.5133D+00  -0.1719D-01   0.8870D-01  -0.5955D-02   0.1178D+00  -0.4125D-01   0.1684D+00   0.0000D+00   0.4108D-01   0.3813D-02  -0.1963D-02   0.1248D-01   0.5133D+00  -0.1719D-01   0.8870D-01  -0.5955D-02   0.1178D+00  -0.4125D-01
  -0.1466D-02  -0.5322D-02  -0.3038D-02  -0.7466D-02  -0.1466D-02  -0.5322D-02  -0.3038D-02  -0.7466D-02
  2.000  0.500
  -0.7912D+00   0.0000D+00  -0.7555D+00   0.0000D+00   0.0000D+00   0.0000D+00  -0.6122D+00   0.0000D+00  -0.7912D+00   0.0000D+00  -0.7555D+00   0.0000D+00
   0.5078D+00   0.0000D+00   0.8598D-01   0.0000D+00   0.1585D+00   0.0000D+00   0.1578D+00   0.0000D+00   0.3506D-01   0.0000D+00   0.0000D+00   0.0000D+00   0.5078D+00   0.0000D+00   0.8598D-01   0.0000D+00   0.1585D+00   0.0000D+00
   0.0000D+00   0.0000D+00   0.0000D+00   0.0000D+00   0.0000D+00   0.0000D+00   0.0000D+00   0.0000D+00
  -0.6995D+00   0.1045D+00  -0.7508D+00   0.6234D-01   0.6274D-01  -0.6017D-01  -0.6494D+00   0.4554D-02  -0.6995D+00   0.1045D+00  -0.7508D+00   0.6234D-01
   0.5099D+00  -0.1903D-01   0.8847D-01  -0.6603D-02   0.1118D+00  -0.4572D-01   0.1682D+00   0.0000D+00   0.4140D-01   0.4205D-02  -0.2404D-02   0.1376D-01   0.5099D+00  -0.1903D-01   0.8847D-01  -0.6603D-02   0.1118D+00  -0.4572D-01
  -0.1633D-02  -0.5915D-02  -0.3375D-02  -0.8274D-02  -0.1633D-02  -0.5915D-02  -0.3375D-02  -0.8274D-02
  2.000  1.000
  -0.7256D+00   0.0000D+00  -0.6929D+00   0.0000D+00   0.0000D+00   0.0000D+00  -0.5615D+00   0.0000D+00  -0.7256D+00   0.0000D+00  -0.6929D+00   0.0000D+00
   0.5078D+00   0.0000D+00   0.8598D-01   0.0000D+00   0.1585D+00   0.0000D+00   0.1578D+00   0.0000D+00   0.3506D-01   0.0000D+00   0.0000D+00   0.0000D+00   0.5078D+00   0.0000D+00   0.8598D-01   0.0000D+00   0.1585D+00   0.0000D+00
   0.0000D+00   0.0000D+00   0.0000D+00   0.0000D+00   0.0000D+00   0.0000D+00   0.0000D+00   0.0000D+00
  -0.7066D+00   0.8786D-01  -0.7444D+00   0.5243D-01   0.5277D-01  -0.5061D-01  -0.6377D+00   0.3830D-02  -0.7066D+00   0.8786D-01  -0.7444D+00   0.5243D-01
   0.5098D+00  -0.1745D-01   0.8829D-01  -0.6056D-02   0.1157D+00  -0.4193D-01   0.1674D+00   0.0000D+00   0.4089D-01   0.3857D-02  -0.2205D-02   0.1262D-01   0.5098D+00  -0.1745D-01   0.8829D-01  -0.6056D-02   0.1157D+00  -0.4193D-01
  -0.1498D-02  -0.5425D-02  -0.3095D-02  -0.7588D-02  -0.1498D-02  -0.5425D-02  -0.3095D-02  -0.7588D-02
  2.000  2.000
  -0.6702D+00   0.0000D+00  -0.6400D+00   0.0000D+00   0.0000D+00   0.0000D+00  -0.5186D+00   0.0000D+00  -0.6702D+00   0.0000D+00  -0.6400D+00   0.0000D+00
   0.5078D+00   0.0000D+00   0.8598D-01   0.0000D+00   0.1585D+00   0.0000D+00   0.1578D+00   0.0000D+00   0.3506D-01   0.0000D+00   0.0000D+00   0.0000D+00   0.5078D+00   0.0000D+00   0.8598D-01   0.0000D+00   0.1585D+00   0.0000D+00
   0.0000D+00   0.0000D+00   0.0000D+00   0.0000D+00   0.0000D+00   0.0000D+00   0.0000D+00   0.0000D+00
  -0.7035D+00   0.7495D-01  -0.7313D+00   0.4473D-01   0.4502D-01  -0.4318D-01  -0.6220D+00   0.3268D-02  -0.7035D+00   0.7495D-01  -0.7313D+00   0.4473D-01
   0.5098D+00  -0.1612D-01   0.8813D-01  -0.5594D-02   0.1190D+00  -0.3873D-01   0.1667D+00   0.0000D+00   0.4045D-01   0.3562D-02  -0.2036D-02   0.1166D-01   0.5098D+00  -0.1612D-01   0.8813D-01  -0.5594D-02   0.1190D+00  -0.3873D-01
  -0.1383D-02  -0.5011D-02  -0.2859D-02  -0.7009D-02  -0.1383D-02  -0.5011D-02  -0.2859D-02  -0.7009D-02
