 LHC=           1 sqrts=   8000.0000000000000      ang=           4 mode=fital                                                                                               scalescheme=           1 R=  0.69999999999999996     
 CT10nlo_rand5678                                                                                              20
 Bin information: chid, chiu, md, mu, mu0
   0.0000000000000000       0.50000000000000000        686.00000000000000        737.00000000000000        711.50000000000000     
 9 scales(muf, mur)*(LO(38), NLO(38))
  0.500  0.500
  -0.3991D+00   0.0000D+00  -0.3341D+00   0.0000D+00   0.0000D+00   0.0000D+00  -0.2245D+00   0.0000D+00  -0.3991D+00   0.0000D+00  -0.3341D+00   0.0000D+00
   0.4886D+00   0.0000D+00   0.7984D-01   0.0000D+00   0.1730D+00   0.0000D+00   0.1217D+00   0.0000D+00   0.2705D-01   0.0000D+00   0.0000D+00   0.0000D+00   0.4886D+00   0.0000D+00   0.7984D-01   0.0000D+00   0.1730D+00   0.0000D+00
   0.0000D+00   0.0000D+00   0.0000D+00   0.0000D+00   0.0000D+00   0.0000D+00   0.0000D+00   0.0000D+00
  -0.3074D+00   0.4293D-01  -0.2904D+00   0.2489D-01   0.2659D-01  -0.2101D-01  -0.2014D+00   0.4566D-02  -0.3074D+00   0.4293D-01  -0.2904D+00   0.2489D-01
   0.3926D+00  -0.1979D-01   0.6660D-01  -0.6362D-02   0.9476D-01  -0.4159D-01   0.1072D+00   0.0000D+00   0.2681D-01   0.3093D-02  -0.3237D-02   0.1012D-01   0.3926D+00  -0.1979D-01   0.6660D-01  -0.6362D-02   0.9476D-01  -0.4159D-01
  -0.1873D-02  -0.5623D-02  -0.2949D-02  -0.6778D-02  -0.1873D-02  -0.5623D-02  -0.2949D-02  -0.6778D-02
  0.500  1.000
  -0.3675D+00   0.0000D+00  -0.3077D+00   0.0000D+00   0.0000D+00   0.0000D+00  -0.2067D+00   0.0000D+00  -0.3675D+00   0.0000D+00  -0.3077D+00   0.0000D+00
   0.4886D+00   0.0000D+00   0.7984D-01   0.0000D+00   0.1730D+00   0.0000D+00   0.1217D+00   0.0000D+00   0.2705D-01   0.0000D+00   0.0000D+00   0.0000D+00   0.4886D+00   0.0000D+00   0.7984D-01   0.0000D+00   0.1730D+00   0.0000D+00
   0.0000D+00   0.0000D+00   0.0000D+00   0.0000D+00   0.0000D+00   0.0000D+00   0.0000D+00   0.0000D+00
  -0.3179D+00   0.3640D-01  -0.2942D+00   0.2111D-01   0.2255D-01  -0.1782D-01  -0.2029D+00   0.3871D-02  -0.3179D+00   0.3640D-01  -0.2942D+00   0.2111D-01
   0.4003D+00  -0.1823D-01   0.6766D-01  -0.5858D-02   0.1010D+00  -0.3830D-01   0.1084D+00   0.0000D+00   0.2684D-01   0.2848D-02  -0.2981D-02   0.9320D-02   0.4003D+00  -0.1823D-01   0.6766D-01  -0.5858D-02   0.1010D+00  -0.3830D-01
  -0.1724D-02  -0.5178D-02  -0.2716D-02  -0.6242D-02  -0.1724D-02  -0.5178D-02  -0.2716D-02  -0.6242D-02
  0.500  2.000
  -0.3406D+00   0.0000D+00  -0.2851D+00   0.0000D+00   0.0000D+00   0.0000D+00  -0.1916D+00   0.0000D+00  -0.3406D+00   0.0000D+00  -0.2851D+00   0.0000D+00
   0.4886D+00   0.0000D+00   0.7984D-01   0.0000D+00   0.1730D+00   0.0000D+00   0.1217D+00   0.0000D+00   0.2705D-01   0.0000D+00   0.0000D+00   0.0000D+00   0.4886D+00   0.0000D+00   0.7984D-01   0.0000D+00   0.1730D+00   0.0000D+00
   0.0000D+00   0.0000D+00   0.0000D+00   0.0000D+00   0.0000D+00   0.0000D+00   0.0000D+00   0.0000D+00
  -0.3221D+00   0.3127D-01  -0.2938D+00   0.1813D-01   0.1937D-01  -0.1530D-01  -0.2019D+00   0.3325D-02  -0.3221D+00   0.3127D-01  -0.2938D+00   0.1813D-01
   0.4069D+00  -0.1689D-01   0.6857D-01  -0.5430D-02   0.1063D+00  -0.3549D-01   0.1094D+00   0.0000D+00   0.2686D-01   0.2639D-02  -0.2763D-02   0.8637D-02   0.4069D+00  -0.1689D-01   0.6857D-01  -0.5430D-02   0.1063D+00  -0.3549D-01
  -0.1598D-02  -0.4799D-02  -0.2517D-02  -0.5785D-02  -0.1598D-02  -0.4799D-02  -0.2517D-02  -0.5785D-02
  1.000  0.500
  -0.3654D+00   0.0000D+00  -0.3066D+00   0.0000D+00   0.0000D+00   0.0000D+00  -0.2055D+00   0.0000D+00  -0.3654D+00   0.0000D+00  -0.3066D+00   0.0000D+00
   0.4483D+00   0.0000D+00   0.7320D-01   0.0000D+00   0.1585D+00   0.0000D+00   0.1110D+00   0.0000D+00   0.2467D-01   0.0000D+00   0.0000D+00   0.0000D+00   0.4483D+00   0.0000D+00   0.7320D-01   0.0000D+00   0.1585D+00   0.0000D+00
   0.0000D+00   0.0000D+00   0.0000D+00   0.0000D+00   0.0000D+00   0.0000D+00   0.0000D+00   0.0000D+00
  -0.3123D+00   0.3931D-01  -0.2927D+00   0.2279D-01   0.2430D-01  -0.1922D-01  -0.2037D+00   0.4224D-02  -0.3123D+00   0.3931D-01  -0.2927D+00   0.2279D-01
   0.3977D+00  -0.1811D-01   0.6727D-01  -0.5829D-02   0.9995D-01  -0.3822D-01   0.1074D+00   0.0000D+00   0.2658D-01   0.2822D-02  -0.2899D-02   0.9236D-02   0.3977D+00  -0.1811D-01   0.6727D-01  -0.5829D-02   0.9995D-01  -0.3822D-01
  -0.1718D-02  -0.5185D-02  -0.2704D-02  -0.6208D-02  -0.1718D-02  -0.5185D-02  -0.2704D-02  -0.6208D-02
  1.000  1.000
  -0.3365D+00   0.0000D+00  -0.2824D+00   0.0000D+00   0.0000D+00   0.0000D+00  -0.1892D+00   0.0000D+00  -0.3365D+00   0.0000D+00  -0.2824D+00   0.0000D+00
   0.4483D+00   0.0000D+00   0.7320D-01   0.0000D+00   0.1585D+00   0.0000D+00   0.1110D+00   0.0000D+00   0.2467D-01   0.0000D+00   0.0000D+00   0.0000D+00   0.4483D+00   0.0000D+00   0.7320D-01   0.0000D+00   0.1585D+00   0.0000D+00
   0.0000D+00   0.0000D+00   0.0000D+00   0.0000D+00   0.0000D+00   0.0000D+00   0.0000D+00   0.0000D+00
  -0.3172D+00   0.3333D-01  -0.2921D+00   0.1932D-01   0.2060D-01  -0.1630D-01  -0.2022D+00   0.3582D-02  -0.3172D+00   0.3333D-01  -0.2921D+00   0.1932D-01
   0.4018D+00  -0.1668D-01   0.6776D-01  -0.5368D-02   0.1046D+00  -0.3519D-01   0.1077D+00   0.0000D+00   0.2643D-01   0.2599D-02  -0.2669D-02   0.8505D-02   0.4018D+00  -0.1668D-01   0.6776D-01  -0.5368D-02   0.1046D+00  -0.3519D-01
  -0.1582D-02  -0.4775D-02  -0.2490D-02  -0.5716D-02  -0.1582D-02  -0.4775D-02  -0.2490D-02  -0.5716D-02
  1.000  2.000
  -0.3118D+00   0.0000D+00  -0.2617D+00   0.0000D+00   0.0000D+00   0.0000D+00  -0.1753D+00   0.0000D+00  -0.3118D+00   0.0000D+00  -0.2617D+00   0.0000D+00
   0.4483D+00   0.0000D+00   0.7320D-01   0.0000D+00   0.1585D+00   0.0000D+00   0.1110D+00   0.0000D+00   0.2467D-01   0.0000D+00   0.0000D+00   0.0000D+00   0.4483D+00   0.0000D+00   0.7320D-01   0.0000D+00   0.1585D+00   0.0000D+00
   0.0000D+00   0.0000D+00   0.0000D+00   0.0000D+00   0.0000D+00   0.0000D+00   0.0000D+00   0.0000D+00
  -0.3174D+00   0.2863D-01  -0.2886D+00   0.1659D-01   0.1770D-01  -0.1400D-01  -0.1989D+00   0.3077D-02  -0.3174D+00   0.2863D-01  -0.2886D+00   0.1659D-01
   0.4052D+00  -0.1546D-01   0.6817D-01  -0.4975D-02   0.1086D+00  -0.3262D-01   0.1080D+00   0.0000D+00   0.2631D-01   0.2408D-02  -0.2474D-02   0.7882D-02   0.4052D+00  -0.1546D-01   0.6817D-01  -0.4975D-02   0.1086D+00  -0.3262D-01
  -0.1466D-02  -0.4425D-02  -0.2307D-02  -0.5298D-02  -0.1466D-02  -0.4425D-02  -0.2307D-02  -0.5298D-02
  2.000  0.500
  -0.3370D+00   0.0000D+00  -0.2831D+00   0.0000D+00   0.0000D+00   0.0000D+00  -0.1893D+00   0.0000D+00  -0.3370D+00   0.0000D+00  -0.2831D+00   0.0000D+00
   0.4127D+00   0.0000D+00   0.6746D-01   0.0000D+00   0.1459D+00   0.0000D+00   0.1019D+00   0.0000D+00   0.2264D-01   0.0000D+00   0.0000D+00   0.0000D+00   0.4127D+00   0.0000D+00   0.6746D-01   0.0000D+00   0.1459D+00   0.0000D+00
   0.0000D+00   0.0000D+00   0.0000D+00   0.0000D+00   0.0000D+00   0.0000D+00   0.0000D+00   0.0000D+00
  -0.3186D+00   0.3625D-01  -0.2961D+00   0.2103D-01   0.2238D-01  -0.1771D-01  -0.2046D+00   0.3934D-02  -0.3186D+00   0.3625D-01  -0.2961D+00   0.2103D-01
   0.4020D+00  -0.1669D-01   0.6789D-01  -0.5366D-02   0.1048D+00  -0.3511D-01   0.1075D+00   0.0000D+00   0.2649D-01   0.2589D-02  -0.2644D-02   0.8474D-02   0.4020D+00  -0.1669D-01   0.6789D-01  -0.5366D-02   0.1048D+00  -0.3511D-01
  -0.1585D-02  -0.4787D-02  -0.2490D-02  -0.5709D-02  -0.1585D-02  -0.4787D-02  -0.2490D-02  -0.5709D-02
  2.000  1.000
  -0.3103D+00   0.0000D+00  -0.2607D+00   0.0000D+00   0.0000D+00   0.0000D+00  -0.1743D+00   0.0000D+00  -0.3103D+00   0.0000D+00  -0.2607D+00   0.0000D+00
   0.4127D+00   0.0000D+00   0.6746D-01   0.0000D+00   0.1459D+00   0.0000D+00   0.1019D+00   0.0000D+00   0.2264D-01   0.0000D+00   0.0000D+00   0.0000D+00   0.4127D+00   0.0000D+00   0.6746D-01   0.0000D+00   0.1459D+00   0.0000D+00
   0.0000D+00   0.0000D+00   0.0000D+00   0.0000D+00   0.0000D+00   0.0000D+00   0.0000D+00   0.0000D+00
  -0.3185D+00   0.3074D-01  -0.2916D+00   0.1783D-01   0.1897D-01  -0.1501D-01  -0.2006D+00   0.3336D-02  -0.3185D+00   0.3074D-01  -0.2916D+00   0.1783D-01
   0.4029D+00  -0.1537D-01   0.6787D-01  -0.4941D-02   0.1081D+00  -0.3233D-01   0.1071D+00   0.0000D+00   0.2619D-01   0.2384D-02  -0.2435D-02   0.7803D-02   0.4029D+00  -0.1537D-01   0.6787D-01  -0.4941D-02   0.1081D+00  -0.3233D-01
  -0.1460D-02  -0.4408D-02  -0.2293D-02  -0.5257D-02  -0.1460D-02  -0.4408D-02  -0.2293D-02  -0.5257D-02
  2.000  2.000
  -0.2876D+00   0.0000D+00  -0.2416D+00   0.0000D+00   0.0000D+00   0.0000D+00  -0.1615D+00   0.0000D+00  -0.2876D+00   0.0000D+00  -0.2416D+00   0.0000D+00
   0.4127D+00   0.0000D+00   0.6746D-01   0.0000D+00   0.1459D+00   0.0000D+00   0.1019D+00   0.0000D+00   0.2264D-01   0.0000D+00   0.0000D+00   0.0000D+00   0.4127D+00   0.0000D+00   0.6746D-01   0.0000D+00   0.1459D+00   0.0000D+00
   0.0000D+00   0.0000D+00   0.0000D+00   0.0000D+00   0.0000D+00   0.0000D+00   0.0000D+00   0.0000D+00
  -0.3150D+00   0.2640D-01  -0.2853D+00   0.1531D-01   0.1630D-01  -0.1290D-01  -0.1956D+00   0.2865D-02  -0.3150D+00   0.2640D-01  -0.2853D+00   0.1531D-01
   0.4037D+00  -0.1424D-01   0.6785D-01  -0.4580D-02   0.1109D+00  -0.2996D-01   0.1067D+00   0.0000D+00   0.2593D-01   0.2210D-02  -0.2257D-02   0.7231D-02   0.4037D+00  -0.1424D-01   0.6785D-01  -0.4580D-02   0.1109D+00  -0.2996D-01
  -0.1353D-02  -0.4085D-02  -0.2125D-02  -0.4872D-02  -0.1353D-02  -0.4085D-02  -0.2125D-02  -0.4872D-02
