 LHC=           1 sqrts=   8000.0000000000000      ang=           4 mode=fital                                                                                               scalescheme=           1 R=  0.69999999999999996     
 CT10nlo_rand5678                                                                                             274
 Bin information: chid, chiu, md, mu, mu0
   0.0000000000000000       0.50000000000000000        49.000000000000000        56.000000000000000        52.500000000000000     
 9 scales(muf, mur)*(LO(38), NLO(38))
  0.500  0.500
  -0.2073D+02   0.0000D+00  -0.3614D+02   0.0000D+00   0.0000D+00   0.0000D+00  -0.4066D+02   0.0000D+00  -0.2073D+02   0.0000D+00  -0.3614D+02   0.0000D+00
   0.1797D+00   0.0000D+00   0.3421D-01   0.0000D+00   0.3547D-01   0.0000D+00   0.7891D-01   0.0000D+00   0.1753D-01   0.0000D+00   0.0000D+00   0.0000D+00   0.1797D+00   0.0000D+00   0.3421D-01   0.0000D+00   0.3547D-01   0.0000D+00
   0.0000D+00   0.0000D+00   0.0000D+00   0.0000D+00   0.0000D+00   0.0000D+00   0.0000D+00   0.0000D+00
  -0.1406D+02   0.7286D+01  -0.2963D+02   0.4613D+01   0.3449D+01  -0.5642D+01  -0.3628D+02  -0.5356D+00  -0.1406D+02   0.7286D+01  -0.2963D+02   0.4613D+01
   0.6089D+00  -0.5869D-02   0.1148D+00  -0.2945D-02   0.1000D+00  -0.2402D-01   0.2344D+00   0.0000D+00   0.6506D-01   0.2822D-02   0.9856D-02   0.9236D-02   0.6089D+00  -0.5869D-02   0.1148D+00  -0.2945D-02   0.1000D+00  -0.2402D-01
  -0.5716D-04  -0.2379D-02  -0.1344D-02  -0.4939D-02  -0.5716D-04  -0.2379D-02  -0.1344D-02  -0.4939D-02
  0.500  1.000
  -0.1835D+02   0.0000D+00  -0.3198D+02   0.0000D+00   0.0000D+00   0.0000D+00  -0.3598D+02   0.0000D+00  -0.1835D+02   0.0000D+00  -0.3198D+02   0.0000D+00
   0.1797D+00   0.0000D+00   0.3421D-01   0.0000D+00   0.3547D-01   0.0000D+00   0.7891D-01   0.0000D+00   0.1753D-01   0.0000D+00   0.0000D+00   0.0000D+00   0.1797D+00   0.0000D+00   0.3421D-01   0.0000D+00   0.3547D-01   0.0000D+00
   0.0000D+00   0.0000D+00   0.0000D+00   0.0000D+00   0.0000D+00   0.0000D+00   0.0000D+00   0.0000D+00
  -0.1515D+02   0.5708D+01  -0.3042D+02   0.3613D+01   0.2699D+01  -0.4419D+01  -0.3654D+02  -0.4196D+00  -0.1515D+02   0.5708D+01  -0.3042D+02   0.3613D+01
   0.5551D+00  -0.5195D-02   0.1048D+00  -0.2606D-02   0.9082D-01  -0.2126D-01   0.2161D+00   0.0000D+00   0.5944D-01   0.2498D-02   0.8787D-02   0.8176D-02   0.5551D+00  -0.5195D-02   0.1048D+00  -0.2606D-02   0.9082D-01  -0.2126D-01
  -0.5053D-04  -0.2106D-02  -0.1190D-02  -0.4371D-02  -0.5053D-04  -0.2106D-02  -0.1190D-02  -0.4371D-02
  0.500  2.000
  -0.1647D+02   0.0000D+00  -0.2870D+02   0.0000D+00   0.0000D+00   0.0000D+00  -0.3229D+02   0.0000D+00  -0.1647D+02   0.0000D+00  -0.2870D+02   0.0000D+00
   0.1797D+00   0.0000D+00   0.3421D-01   0.0000D+00   0.3547D-01   0.0000D+00   0.7891D-01   0.0000D+00   0.1753D-01   0.0000D+00   0.0000D+00   0.0000D+00   0.1797D+00   0.0000D+00   0.3421D-01   0.0000D+00   0.3547D-01   0.0000D+00
   0.0000D+00   0.0000D+00   0.0000D+00   0.0000D+00   0.0000D+00   0.0000D+00   0.0000D+00   0.0000D+00
  -0.1552D+02   0.4596D+01  -0.3029D+02   0.2910D+01   0.2171D+01  -0.3559D+01  -0.3594D+02  -0.3379D+00  -0.1552D+02   0.4596D+01  -0.3029D+02   0.2910D+01
   0.5197D+00  -0.4662D-02   0.9812D-01  -0.2339D-02   0.8582D-01  -0.1908D-01   0.2030D+00   0.0000D+00   0.5543D-01   0.2242D-02   0.7956D-02   0.7337D-02   0.5197D+00  -0.4662D-02   0.9812D-01  -0.2339D-02   0.8582D-01  -0.1908D-01
  -0.4531D-04  -0.1890D-02  -0.1068D-02  -0.3923D-02  -0.4531D-04  -0.1890D-02  -0.1068D-02  -0.3923D-02
  1.000  0.500
  -0.2225D+02   0.0000D+00  -0.3992D+02   0.0000D+00   0.0000D+00   0.0000D+00  -0.4319D+02   0.0000D+00  -0.2225D+02   0.0000D+00  -0.3992D+02   0.0000D+00
   0.1988D+00   0.0000D+00   0.3934D-01   0.0000D+00   0.3941D-01   0.0000D+00   0.9358D-01   0.0000D+00   0.2080D-01   0.0000D+00   0.0000D+00   0.0000D+00   0.1988D+00   0.0000D+00   0.3934D-01   0.0000D+00   0.3941D-01   0.0000D+00
   0.0000D+00   0.0000D+00   0.0000D+00   0.0000D+00   0.0000D+00   0.0000D+00   0.0000D+00   0.0000D+00
  -0.1281D+02   0.8170D+01  -0.2665D+02   0.5057D+01   0.4020D+01  -0.5906D+01  -0.3393D+02  -0.5921D+00  -0.1281D+02   0.8170D+01  -0.2665D+02   0.5057D+01
   0.5550D+00  -0.6613D-02   0.1052D+00  -0.3268D-02   0.8075D-01  -0.2556D-01   0.2256D+00   0.0000D+00   0.6214D-01   0.3410D-02   0.8373D-02   0.1116D-01   0.5550D+00  -0.6613D-02   0.1052D+00  -0.3268D-02   0.8075D-01  -0.2556D-01
  -0.9572D-04  -0.2689D-02  -0.1572D-02  -0.5643D-02  -0.9572D-04  -0.2689D-02  -0.1572D-02  -0.5643D-02
  1.000  1.000
  -0.1970D+02   0.0000D+00  -0.3534D+02   0.0000D+00   0.0000D+00   0.0000D+00  -0.3823D+02   0.0000D+00  -0.1970D+02   0.0000D+00  -0.3534D+02   0.0000D+00
   0.1988D+00   0.0000D+00   0.3934D-01   0.0000D+00   0.3941D-01   0.0000D+00   0.9358D-01   0.0000D+00   0.2080D-01   0.0000D+00   0.0000D+00   0.0000D+00   0.1988D+00   0.0000D+00   0.3934D-01   0.0000D+00   0.3941D-01   0.0000D+00
   0.0000D+00   0.0000D+00   0.0000D+00   0.0000D+00   0.0000D+00   0.0000D+00   0.0000D+00   0.0000D+00
  -0.1460D+02   0.6401D+01  -0.2898D+02   0.3961D+01   0.3145D+01  -0.4627D+01  -0.3532D+02  -0.4638D+00  -0.1460D+02   0.6401D+01  -0.2898D+02   0.3961D+01
   0.5792D+00  -0.5853D-02   0.1089D+00  -0.2892D-02   0.9363D-01  -0.2263D-01   0.2257D+00   0.0000D+00   0.6208D-01   0.3018D-02   0.7867D-02   0.9878D-02   0.5792D+00  -0.5853D-02   0.1089D+00  -0.2892D-02   0.9363D-01  -0.2263D-01
  -0.8464D-04  -0.2380D-02  -0.1391D-02  -0.4995D-02  -0.8464D-04  -0.2380D-02  -0.1391D-02  -0.4995D-02
  1.000  2.000
  -0.1767D+02   0.0000D+00  -0.3171D+02   0.0000D+00   0.0000D+00   0.0000D+00  -0.3430D+02   0.0000D+00  -0.1767D+02   0.0000D+00  -0.3171D+02   0.0000D+00
   0.1988D+00   0.0000D+00   0.3934D-01   0.0000D+00   0.3941D-01   0.0000D+00   0.9358D-01   0.0000D+00   0.2080D-01   0.0000D+00   0.0000D+00   0.0000D+00   0.1988D+00   0.0000D+00   0.3934D-01   0.0000D+00   0.3941D-01   0.0000D+00
   0.0000D+00   0.0000D+00   0.0000D+00   0.0000D+00   0.0000D+00   0.0000D+00   0.0000D+00   0.0000D+00
  -0.1526D+02   0.5154D+01  -0.2967D+02   0.3190D+01   0.2532D+01  -0.3726D+01  -0.3530D+02  -0.3735D+00  -0.1526D+02   0.5154D+01  -0.2967D+02   0.3190D+01
   0.5073D+00  -0.5253D-02   0.9615D-01  -0.2596D-02   0.7881D-01  -0.2031D-01   0.2049D+00   0.0000D+00   0.5560D-01   0.2709D-02   0.6910D-02   0.8865D-02   0.5073D+00  -0.5253D-02   0.9615D-01  -0.2596D-02   0.7881D-01  -0.2031D-01
  -0.7591D-04  -0.2137D-02  -0.1248D-02  -0.4482D-02  -0.7591D-04  -0.2137D-02  -0.1248D-02  -0.4482D-02
  2.000  0.500
  -0.2408D+02   0.0000D+00  -0.4578D+02   0.0000D+00   0.0000D+00   0.0000D+00  -0.4819D+02   0.0000D+00  -0.2408D+02   0.0000D+00  -0.4578D+02   0.0000D+00
   0.2299D+00   0.0000D+00   0.4170D-01   0.0000D+00   0.4136D-01   0.0000D+00   0.1003D+00   0.0000D+00   0.2229D-01   0.0000D+00   0.0000D+00   0.0000D+00   0.2299D+00   0.0000D+00   0.4170D-01   0.0000D+00   0.4136D-01   0.0000D+00
   0.0000D+00   0.0000D+00   0.0000D+00   0.0000D+00   0.0000D+00   0.0000D+00   0.0000D+00   0.0000D+00
  -0.1199D+02   0.9165D+01  -0.2793D+02   0.5447D+01   0.4333D+01  -0.6634D+01  -0.3392D+02  -0.6230D+00  -0.1199D+02   0.9165D+01  -0.2793D+02   0.5447D+01
   0.5552D+00  -0.6897D-02   0.1002D+00  -0.3332D-02   0.7118D-01  -0.2941D-01   0.2163D+00   0.0000D+00   0.6082D-01   0.3846D-02   0.8395D-02   0.1259D-01   0.5552D+00  -0.6897D-02   0.1002D+00  -0.3332D-02   0.7118D-01  -0.2941D-01
  -0.1014D-03  -0.2863D-02  -0.1774D-02  -0.6303D-02  -0.1014D-03  -0.2863D-02  -0.1774D-02  -0.6303D-02
  2.000  1.000
  -0.2132D+02   0.0000D+00  -0.4052D+02   0.0000D+00   0.0000D+00   0.0000D+00  -0.4265D+02   0.0000D+00  -0.2132D+02   0.0000D+00  -0.4052D+02   0.0000D+00
   0.2299D+00   0.0000D+00   0.4170D-01   0.0000D+00   0.4136D-01   0.0000D+00   0.1003D+00   0.0000D+00   0.2229D-01   0.0000D+00   0.0000D+00   0.0000D+00   0.2299D+00   0.0000D+00   0.4170D-01   0.0000D+00   0.4136D-01   0.0000D+00
   0.0000D+00   0.0000D+00   0.0000D+00   0.0000D+00   0.0000D+00   0.0000D+00   0.0000D+00   0.0000D+00
  -0.1402D+02   0.7180D+01  -0.3080D+02   0.4267D+01   0.3400D+01  -0.5197D+01  -0.3597D+02  -0.4881D+00  -0.1402D+02   0.7180D+01  -0.3080D+02   0.4267D+01
   0.4590D+00  -0.6105D-02   0.8328D-01  -0.2950D-02   0.5182D-01  -0.2603D-01   0.1888D+00   0.0000D+00   0.5210D-01   0.3404D-02   0.6760D-02   0.1114D-01   0.4590D+00  -0.6105D-02   0.8328D-01  -0.2950D-02   0.5182D-01  -0.2603D-01
  -0.8965D-04  -0.2534D-02  -0.1570D-02  -0.5579D-02  -0.8965D-04  -0.2534D-02  -0.1570D-02  -0.5579D-02
  2.000  2.000
  -0.1913D+02   0.0000D+00  -0.3636D+02   0.0000D+00   0.0000D+00   0.0000D+00  -0.3828D+02   0.0000D+00  -0.1913D+02   0.0000D+00  -0.3636D+02   0.0000D+00
   0.2299D+00   0.0000D+00   0.4170D-01   0.0000D+00   0.4136D-01   0.0000D+00   0.1003D+00   0.0000D+00   0.2229D-01   0.0000D+00   0.0000D+00   0.0000D+00   0.2299D+00   0.0000D+00   0.4170D-01   0.0000D+00   0.4136D-01   0.0000D+00
   0.0000D+00   0.0000D+00   0.0000D+00   0.0000D+00   0.0000D+00   0.0000D+00   0.0000D+00   0.0000D+00
  -0.1560D+02   0.5782D+01  -0.3271D+02   0.3436D+01   0.2716D+01  -0.4185D+01  -0.3727D+02  -0.3931D+00  -0.1560D+02   0.5782D+01  -0.3271D+02   0.3436D+01
   0.6145D+00  -0.5479D-02   0.1103D+00  -0.2647D-02   0.9847D-01  -0.2336D-01   0.2242D+00   0.0000D+00   0.6243D-01   0.3054D-02   0.8294D-02   0.9997D-02   0.6145D+00  -0.5479D-02   0.1103D+00  -0.2647D-02   0.9847D-01  -0.2336D-01
  -0.8040D-04  -0.2274D-02  -0.1409D-02  -0.5006D-02  -0.8040D-04  -0.2274D-02  -0.1409D-02  -0.5006D-02
