 LHC=           1 sqrts=   8000.0000000000000      ang=           4 mode=fital                                                                                               scalescheme=           1 R=  0.69999999999999996     
 CT10nlo_rand5678                                                                                              22
 Bin information: chid, chiu, md, mu, mu0
   0.0000000000000000       0.50000000000000000        49.000000000000000        56.000000000000000        52.500000000000000     
 9 scales(muf, mur)*(LO(38), NLO(38))
  0.500  0.500
  -0.2202D+02   0.0000D+00  -0.3947D+02   0.0000D+00   0.0000D+00   0.0000D+00  -0.4437D+02   0.0000D+00  -0.2202D+02   0.0000D+00  -0.3947D+02   0.0000D+00
   0.1946D+00   0.0000D+00   0.3719D-01   0.0000D+00   0.3775D-01   0.0000D+00   0.8568D-01   0.0000D+00   0.1904D-01   0.0000D+00   0.0000D+00   0.0000D+00   0.1946D+00   0.0000D+00   0.3719D-01   0.0000D+00   0.3775D-01   0.0000D+00
   0.0000D+00   0.0000D+00   0.0000D+00   0.0000D+00   0.0000D+00   0.0000D+00   0.0000D+00   0.0000D+00
  -0.1444D+02   0.7958D+01  -0.3212D+02   0.5012D+01   0.3754D+01  -0.6153D+01  -0.3938D+02  -0.5816D+00  -0.1444D+02   0.7958D+01  -0.3212D+02   0.5012D+01
   0.6343D+00  -0.6254D-02   0.1198D+00  -0.3174D-02   0.1008D+00  -0.2605D-01   0.2482D+00   0.0000D+00   0.6858D-01   0.3070D-02   0.1082D-01   0.1005D-01   0.6343D+00  -0.6254D-02   0.1198D+00  -0.3174D-02   0.1008D+00  -0.2605D-01
  -0.6653D-04  -0.2548D-02  -0.1494D-02  -0.5378D-02  -0.6653D-04  -0.2548D-02  -0.1494D-02  -0.5378D-02
  0.500  1.000
  -0.1949D+02   0.0000D+00  -0.3494D+02   0.0000D+00   0.0000D+00   0.0000D+00  -0.3927D+02   0.0000D+00  -0.1949D+02   0.0000D+00  -0.3494D+02   0.0000D+00
   0.1946D+00   0.0000D+00   0.3719D-01   0.0000D+00   0.3775D-01   0.0000D+00   0.8568D-01   0.0000D+00   0.1904D-01   0.0000D+00   0.0000D+00   0.0000D+00   0.1946D+00   0.0000D+00   0.3719D-01   0.0000D+00   0.3775D-01   0.0000D+00
   0.0000D+00   0.0000D+00   0.0000D+00   0.0000D+00   0.0000D+00   0.0000D+00   0.0000D+00   0.0000D+00
  -0.1570D+02   0.6234D+01  -0.3304D+02   0.3926D+01   0.2937D+01  -0.4820D+01  -0.3971D+02  -0.4556D+00  -0.1570D+02   0.6234D+01  -0.3304D+02   0.3926D+01
   0.5794D+00  -0.5536D-02   0.1096D+00  -0.2809D-02   0.9173D-01  -0.2306D-01   0.2292D+00   0.0000D+00   0.6274D-01   0.2718D-02   0.9644D-02   0.8894D-02   0.5794D+00  -0.5536D-02   0.1096D+00  -0.2809D-02   0.9173D-01  -0.2306D-01
  -0.5882D-04  -0.2255D-02  -0.1322D-02  -0.4760D-02  -0.5882D-04  -0.2255D-02  -0.1322D-02  -0.4760D-02
  0.500  2.000
  -0.1749D+02   0.0000D+00  -0.3135D+02   0.0000D+00   0.0000D+00   0.0000D+00  -0.3524D+02   0.0000D+00  -0.1749D+02   0.0000D+00  -0.3135D+02   0.0000D+00
   0.1946D+00   0.0000D+00   0.3719D-01   0.0000D+00   0.3775D-01   0.0000D+00   0.8568D-01   0.0000D+00   0.1904D-01   0.0000D+00   0.0000D+00   0.0000D+00   0.1946D+00   0.0000D+00   0.3719D-01   0.0000D+00   0.3775D-01   0.0000D+00
   0.0000D+00   0.0000D+00   0.0000D+00   0.0000D+00   0.0000D+00   0.0000D+00   0.0000D+00   0.0000D+00
  -0.1617D+02   0.5020D+01  -0.3294D+02   0.3162D+01   0.2363D+01  -0.3881D+01  -0.3909D+02  -0.3669D+00  -0.1617D+02   0.5020D+01  -0.3294D+02   0.3162D+01
   0.5430D+00  -0.4968D-02   0.1027D+00  -0.2521D-02   0.8688D-01  -0.2069D-01   0.2155D+00   0.0000D+00   0.5855D-01   0.2439D-02   0.8730D-02   0.7982D-02   0.5430D+00  -0.4968D-02   0.1027D+00  -0.2521D-02   0.8688D-01  -0.2069D-01
  -0.5274D-04  -0.2024D-02  -0.1186D-02  -0.4272D-02  -0.5274D-04  -0.2024D-02  -0.1186D-02  -0.4272D-02
  1.000  0.500
  -0.2361D+02   0.0000D+00  -0.4332D+02   0.0000D+00   0.0000D+00   0.0000D+00  -0.4685D+02   0.0000D+00  -0.2361D+02   0.0000D+00  -0.4332D+02   0.0000D+00
   0.2143D+00   0.0000D+00   0.4250D-01   0.0000D+00   0.4188D-01   0.0000D+00   0.1012D+00   0.0000D+00   0.2248D-01   0.0000D+00   0.0000D+00   0.0000D+00   0.2143D+00   0.0000D+00   0.4250D-01   0.0000D+00   0.4188D-01   0.0000D+00
   0.0000D+00   0.0000D+00   0.0000D+00   0.0000D+00   0.0000D+00   0.0000D+00   0.0000D+00   0.0000D+00
  -0.1321D+02   0.8868D+01  -0.2899D+02   0.5468D+01   0.4323D+01  -0.6406D+01  -0.3688D+02  -0.6399D+00  -0.1321D+02   0.8868D+01  -0.2899D+02   0.5468D+01
   0.5777D+00  -0.7029D-02   0.1097D+00  -0.3509D-02   0.8121D-01  -0.2759D-01   0.2382D+00   0.0000D+00   0.6531D-01   0.3687D-02   0.9153D-02   0.1207D-01   0.5777D+00  -0.7029D-02   0.1097D+00  -0.3509D-02   0.8121D-01  -0.2759D-01
  -0.1069D-03  -0.2883D-02  -0.1731D-02  -0.6098D-02  -0.1069D-03  -0.2883D-02  -0.1731D-02  -0.6098D-02
  1.000  1.000
  -0.2090D+02   0.0000D+00  -0.3834D+02   0.0000D+00   0.0000D+00   0.0000D+00  -0.4146D+02   0.0000D+00  -0.2090D+02   0.0000D+00  -0.3834D+02   0.0000D+00
   0.2143D+00   0.0000D+00   0.4250D-01   0.0000D+00   0.4188D-01   0.0000D+00   0.1012D+00   0.0000D+00   0.2248D-01   0.0000D+00   0.0000D+00   0.0000D+00   0.2143D+00   0.0000D+00   0.4250D-01   0.0000D+00   0.4188D-01   0.0000D+00
   0.0000D+00   0.0000D+00   0.0000D+00   0.0000D+00   0.0000D+00   0.0000D+00   0.0000D+00   0.0000D+00
  -0.1518D+02   0.6947D+01  -0.3149D+02   0.4284D+01   0.3382D+01  -0.5018D+01  -0.3836D+02  -0.5012D+00  -0.1518D+02   0.6947D+01  -0.3149D+02   0.4284D+01
   0.6012D+00  -0.6221D-02   0.1132D+00  -0.3106D-02   0.9443D-01  -0.2442D-01   0.2379D+00   0.0000D+00   0.6511D-01   0.3264D-02   0.8578D-02   0.1068D-01   0.6012D+00  -0.6221D-02   0.1132D+00  -0.3106D-02   0.9443D-01  -0.2442D-01
  -0.9457D-04  -0.2552D-02  -0.1532D-02  -0.5398D-02  -0.9457D-04  -0.2552D-02  -0.1532D-02  -0.5398D-02
  1.000  2.000
  -0.1876D+02   0.0000D+00  -0.3440D+02   0.0000D+00   0.0000D+00   0.0000D+00  -0.3721D+02   0.0000D+00  -0.1876D+02   0.0000D+00  -0.3440D+02   0.0000D+00
   0.2143D+00   0.0000D+00   0.4250D-01   0.0000D+00   0.4188D-01   0.0000D+00   0.1012D+00   0.0000D+00   0.2248D-01   0.0000D+00   0.0000D+00   0.0000D+00   0.2143D+00   0.0000D+00   0.4250D-01   0.0000D+00   0.4188D-01   0.0000D+00
   0.0000D+00   0.0000D+00   0.0000D+00   0.0000D+00   0.0000D+00   0.0000D+00   0.0000D+00   0.0000D+00
  -0.1595D+02   0.5594D+01  -0.3223D+02   0.3450D+01   0.2722D+01  -0.4041D+01  -0.3834D+02  -0.4036D+00  -0.1595D+02   0.5594D+01  -0.3223D+02   0.3450D+01
   0.5285D+00  -0.5583D-02   0.1003D+00  -0.2787D-02   0.7972D-01  -0.2191D-01   0.2166D+00   0.0000D+00   0.5849D-01   0.2929D-02   0.7541D-02   0.9587D-02   0.5285D+00  -0.5583D-02   0.1003D+00  -0.2787D-02   0.7972D-01  -0.2191D-01
  -0.8481D-04  -0.2291D-02  -0.1375D-02  -0.4844D-02  -0.8481D-04  -0.2291D-02  -0.1375D-02  -0.4844D-02
  2.000  0.500
  -0.2547D+02   0.0000D+00  -0.4939D+02   0.0000D+00   0.0000D+00   0.0000D+00  -0.5194D+02   0.0000D+00  -0.2547D+02   0.0000D+00  -0.4939D+02   0.0000D+00
   0.2465D+00   0.0000D+00   0.4487D-01   0.0000D+00   0.4378D-01   0.0000D+00   0.1079D+00   0.0000D+00   0.2397D-01   0.0000D+00   0.0000D+00   0.0000D+00   0.2465D+00   0.0000D+00   0.4487D-01   0.0000D+00   0.4378D-01   0.0000D+00
   0.0000D+00   0.0000D+00   0.0000D+00   0.0000D+00   0.0000D+00   0.0000D+00   0.0000D+00   0.0000D+00
  -0.1241D+02   0.9882D+01  -0.3054D+02   0.5854D+01   0.4611D+01  -0.7149D+01  -0.3700D+02  -0.6704D+00  -0.1241D+02   0.9882D+01  -0.3054D+02   0.5854D+01
   0.5773D+00  -0.7307D-02   0.1044D+00  -0.3562D-02   0.7154D-01  -0.3154D-01   0.2277D+00   0.0000D+00   0.6373D-01   0.4144D-02   0.9054D-02   0.1356D-01   0.5773D+00  -0.7307D-02   0.1044D+00  -0.3562D-02   0.7154D-01  -0.3154D-01
  -0.1128D-03  -0.3072D-02  -0.1937D-02  -0.6789D-02  -0.1128D-03  -0.3072D-02  -0.1937D-02  -0.6789D-02
  2.000  1.000
  -0.2254D+02   0.0000D+00  -0.4371D+02   0.0000D+00   0.0000D+00   0.0000D+00  -0.4597D+02   0.0000D+00  -0.2254D+02   0.0000D+00  -0.4371D+02   0.0000D+00
   0.2465D+00   0.0000D+00   0.4487D-01   0.0000D+00   0.4378D-01   0.0000D+00   0.1079D+00   0.0000D+00   0.2397D-01   0.0000D+00   0.0000D+00   0.0000D+00   0.2465D+00   0.0000D+00   0.4487D-01   0.0000D+00   0.4378D-01   0.0000D+00
   0.0000D+00   0.0000D+00   0.0000D+00   0.0000D+00   0.0000D+00   0.0000D+00   0.0000D+00   0.0000D+00
  -0.1464D+02   0.7742D+01  -0.3356D+02   0.4585D+01   0.3617D+01  -0.5600D+01  -0.3913D+02  -0.5252D+00  -0.1464D+02   0.7742D+01  -0.3356D+02   0.4585D+01
   0.4802D+00  -0.6468D-02   0.8740D-01  -0.3153D-02   0.5233D-01  -0.2792D-01   0.1995D+00   0.0000D+00   0.5482D-01   0.3668D-02   0.7272D-02   0.1200D-01   0.4802D+00  -0.6468D-02   0.8740D-01  -0.3153D-02   0.5233D-01  -0.2792D-01
  -0.9980D-04  -0.2719D-02  -0.1715D-02  -0.6009D-02  -0.9980D-04  -0.2719D-02  -0.1715D-02  -0.6009D-02
  2.000  2.000
  -0.2023D+02   0.0000D+00  -0.3923D+02   0.0000D+00   0.0000D+00   0.0000D+00  -0.4126D+02   0.0000D+00  -0.2023D+02   0.0000D+00  -0.3923D+02   0.0000D+00
   0.2465D+00   0.0000D+00   0.4487D-01   0.0000D+00   0.4378D-01   0.0000D+00   0.1079D+00   0.0000D+00   0.2397D-01   0.0000D+00   0.0000D+00   0.0000D+00   0.2465D+00   0.0000D+00   0.4487D-01   0.0000D+00   0.4378D-01   0.0000D+00
   0.0000D+00   0.0000D+00   0.0000D+00   0.0000D+00   0.0000D+00   0.0000D+00   0.0000D+00   0.0000D+00
  -0.1631D+02   0.6234D+01  -0.3551D+02   0.3692D+01   0.2890D+01  -0.4510D+01  -0.4043D+02  -0.4230D+00  -0.1631D+02   0.6234D+01  -0.3551D+02   0.3692D+01
   0.6359D+00  -0.5805D-02   0.1142D+00  -0.2829D-02   0.9940D-01  -0.2506D-01   0.2354D+00   0.0000D+00   0.6519D-01   0.3291D-02   0.8968D-02   0.1077D-01   0.6359D+00  -0.5805D-02   0.1142D+00  -0.2829D-02   0.9940D-01  -0.2506D-01
  -0.8951D-04  -0.2439D-02  -0.1539D-02  -0.5392D-02  -0.8951D-04  -0.2439D-02  -0.1539D-02  -0.5392D-02
