 LHC=           1 sqrts=   8000.0000000000000      ang=           4 mode=fital                                                                                               scalescheme=           1 R=  0.69999999999999996     
 NNPDF23_nlo_as_0118                                                                                           58
 Bin information: chid, chiu, md, mu, mu0
   0.0000000000000000       0.50000000000000000        1101.0000000000000        1172.0000000000000        1136.5000000000000     
 9 scales(muf, mur)*(LO(38), NLO(38))
  0.500  0.500
  -0.8538D-01   0.0000D+00  -0.5788D-01   0.0000D+00   0.0000D+00   0.0000D+00  -0.2888D-01   0.0000D+00  -0.8538D-01   0.0000D+00  -0.5788D-01   0.0000D+00
   0.2303D+00   0.0000D+00   0.3508D-01   0.0000D+00   0.9619D-01   0.0000D+00   0.3966D-01   0.0000D+00   0.8814D-02   0.0000D+00   0.0000D+00   0.0000D+00   0.2303D+00   0.0000D+00   0.3508D-01   0.0000D+00   0.9619D-01   0.0000D+00
   0.0000D+00   0.0000D+00   0.0000D+00   0.0000D+00   0.0000D+00   0.0000D+00   0.0000D+00   0.0000D+00
  -0.6978D-01   0.6915D-02  -0.5065D-01   0.3985D-02   0.3778D-02  -0.2589D-02  -0.2525D-01   0.1302D-02  -0.6978D-01   0.6915D-02  -0.5065D-01   0.3985D-02
   0.1719D+00  -0.1054D-01   0.2688D-01  -0.3080D-02   0.5419D-01  -0.1847D-01   0.3337D-01   0.0000D+00   0.8197D-02   0.9654D-03  -0.1846D-02   0.3160D-02   0.1719D+00  -0.1054D-01   0.2688D-01  -0.3080D-02   0.5419D-01  -0.1847D-01
  -0.1077D-02  -0.2754D-02  -0.1175D-02  -0.2569D-02  -0.1077D-02  -0.2754D-02  -0.1175D-02  -0.2569D-02
  0.500  1.000
  -0.7946D-01   0.0000D+00  -0.5387D-01   0.0000D+00   0.0000D+00   0.0000D+00  -0.2688D-01   0.0000D+00  -0.7946D-01   0.0000D+00  -0.5387D-01   0.0000D+00
   0.2303D+00   0.0000D+00   0.3508D-01   0.0000D+00   0.9619D-01   0.0000D+00   0.3966D-01   0.0000D+00   0.8814D-02   0.0000D+00   0.0000D+00   0.0000D+00   0.2303D+00   0.0000D+00   0.3508D-01   0.0000D+00   0.9619D-01   0.0000D+00
   0.0000D+00   0.0000D+00   0.0000D+00   0.0000D+00   0.0000D+00   0.0000D+00   0.0000D+00   0.0000D+00
  -0.7184D-01   0.5990D-02  -0.5160D-01   0.3452D-02   0.3273D-02  -0.2242D-02  -0.2572D-01   0.1128D-02  -0.7184D-01   0.5990D-02  -0.5160D-01   0.3452D-02
   0.1760D+00  -0.9806D-02   0.2745D-01  -0.2867D-02   0.5710D-01  -0.1719D-01   0.3381D-01   0.0000D+00   0.8240D-02   0.8985D-03  -0.1719D-02   0.2941D-02   0.1760D+00  -0.9806D-02   0.2745D-01  -0.2867D-02   0.5710D-01  -0.1719D-01
  -0.1002D-02  -0.2563D-02  -0.1093D-02  -0.2391D-02  -0.1002D-02  -0.2563D-02  -0.1093D-02  -0.2391D-02
  0.500  2.000
  -0.7432D-01   0.0000D+00  -0.5038D-01   0.0000D+00   0.0000D+00   0.0000D+00  -0.2514D-01   0.0000D+00  -0.7432D-01   0.0000D+00  -0.5038D-01   0.0000D+00
   0.2303D+00   0.0000D+00   0.3508D-01   0.0000D+00   0.9619D-01   0.0000D+00   0.3966D-01   0.0000D+00   0.8814D-02   0.0000D+00   0.0000D+00   0.0000D+00   0.2303D+00   0.0000D+00   0.3508D-01   0.0000D+00   0.9619D-01   0.0000D+00
   0.0000D+00   0.0000D+00   0.0000D+00   0.0000D+00   0.0000D+00   0.0000D+00   0.0000D+00   0.0000D+00
  -0.7280D-01   0.5240D-02  -0.5188D-01   0.3020D-02   0.2864D-02  -0.1962D-02  -0.2587D-01   0.9870D-03  -0.7280D-01   0.5240D-02  -0.5188D-01   0.3020D-02
   0.1795D+00  -0.9172D-02   0.2795D-01  -0.2682D-02   0.5964D-01  -0.1608D-01   0.3419D-01   0.0000D+00   0.8278D-02   0.8404D-03  -0.1608D-02   0.2750D-02   0.1795D+00  -0.9172D-02   0.2795D-01  -0.2682D-02   0.5964D-01  -0.1608D-01
  -0.9372D-03  -0.2398D-02  -0.1023D-02  -0.2237D-02  -0.9372D-03  -0.2398D-02  -0.1023D-02  -0.2237D-02
  1.000  0.500
  -0.7553D-01   0.0000D+00  -0.5115D-01   0.0000D+00   0.0000D+00   0.0000D+00  -0.2539D-01   0.0000D+00  -0.7553D-01   0.0000D+00  -0.5115D-01   0.0000D+00
   0.2030D+00   0.0000D+00   0.3089D-01   0.0000D+00   0.8513D-01   0.0000D+00   0.3480D-01   0.0000D+00   0.7734D-02   0.0000D+00   0.0000D+00   0.0000D+00   0.2030D+00   0.0000D+00   0.3089D-01   0.0000D+00   0.8513D-01   0.0000D+00
   0.0000D+00   0.0000D+00   0.0000D+00   0.0000D+00   0.0000D+00   0.0000D+00   0.0000D+00   0.0000D+00
  -0.7097D-01   0.6101D-02  -0.5106D-01   0.3517D-02   0.3355D-02  -0.2275D-02  -0.2542D-01   0.1156D-02  -0.7097D-01   0.6101D-02  -0.5106D-01   0.3517D-02
   0.1767D+00  -0.9323D-02   0.2748D-01  -0.2723D-02   0.5832D-01  -0.1627D-01   0.3374D-01   0.0000D+00   0.8189D-02   0.8469D-03  -0.1599D-02   0.2772D-02   0.1767D+00  -0.9323D-02   0.2748D-01  -0.2723D-02   0.5832D-01  -0.1627D-01
  -0.9524D-03  -0.2431D-02  -0.1033D-02  -0.2259D-02  -0.9524D-03  -0.2431D-02  -0.1033D-02  -0.2259D-02
  1.000  1.000
  -0.7030D-01   0.0000D+00  -0.4760D-01   0.0000D+00   0.0000D+00   0.0000D+00  -0.2363D-01   0.0000D+00  -0.7030D-01   0.0000D+00  -0.4760D-01   0.0000D+00
   0.2030D+00   0.0000D+00   0.3089D-01   0.0000D+00   0.8513D-01   0.0000D+00   0.3480D-01   0.0000D+00   0.7734D-02   0.0000D+00   0.0000D+00   0.0000D+00   0.2030D+00   0.0000D+00   0.3089D-01   0.0000D+00   0.8513D-01   0.0000D+00
   0.0000D+00   0.0000D+00   0.0000D+00   0.0000D+00   0.0000D+00   0.0000D+00   0.0000D+00   0.0000D+00
  -0.7155D-01   0.5285D-02  -0.5106D-01   0.3047D-02   0.2907D-02  -0.1971D-02  -0.2541D-01   0.1001D-02  -0.7155D-01   0.5285D-02  -0.5106D-01   0.3047D-02
   0.1785D+00  -0.8677D-02   0.2772D-01  -0.2534D-02   0.6018D-01  -0.1515D-01   0.3382D-01   0.0000D+00   0.8158D-02   0.7882D-03  -0.1488D-02   0.2580D-02   0.1785D+00  -0.8677D-02   0.2772D-01  -0.2534D-02   0.6018D-01  -0.1515D-01
  -0.8864D-03  -0.2262D-02  -0.9615D-03  -0.2102D-02  -0.8864D-03  -0.2262D-02  -0.9615D-03  -0.2102D-02
  1.000  2.000
  -0.6575D-01   0.0000D+00  -0.4452D-01   0.0000D+00   0.0000D+00   0.0000D+00  -0.2210D-01   0.0000D+00  -0.6575D-01   0.0000D+00  -0.4452D-01   0.0000D+00
   0.2030D+00   0.0000D+00   0.3089D-01   0.0000D+00   0.8513D-01   0.0000D+00   0.3480D-01   0.0000D+00   0.7734D-02   0.0000D+00   0.0000D+00   0.0000D+00   0.2030D+00   0.0000D+00   0.3089D-01   0.0000D+00   0.8513D-01   0.0000D+00
   0.0000D+00   0.0000D+00   0.0000D+00   0.0000D+00   0.0000D+00   0.0000D+00   0.0000D+00   0.0000D+00
  -0.7140D-01   0.4623D-02  -0.5063D-01   0.2665D-02   0.2543D-02  -0.1724D-02  -0.2518D-01   0.8758D-03  -0.7140D-01   0.4623D-02  -0.5063D-01   0.2665D-02
   0.1801D+00  -0.8116D-02   0.2793D-01  -0.2370D-02   0.6180D-01  -0.1417D-01   0.3389D-01   0.0000D+00   0.8131D-02   0.7373D-03  -0.1392D-02   0.2413D-02   0.1801D+00  -0.8116D-02   0.2793D-01  -0.2370D-02   0.6180D-01  -0.1417D-01
  -0.8291D-03  -0.2116D-02  -0.8993D-03  -0.1966D-02  -0.8291D-03  -0.2116D-02  -0.8993D-03  -0.1966D-02
  2.000  0.500
  -0.6727D-01   0.0000D+00  -0.4544D-01   0.0000D+00   0.0000D+00   0.0000D+00  -0.2246D-01   0.0000D+00  -0.6727D-01   0.0000D+00  -0.4544D-01   0.0000D+00
   0.1803D+00   0.0000D+00   0.2740D-01   0.0000D+00   0.7581D-01   0.0000D+00   0.3075D-01   0.0000D+00   0.6833D-02   0.0000D+00   0.0000D+00   0.0000D+00   0.1803D+00   0.0000D+00   0.2740D-01   0.0000D+00   0.7581D-01   0.0000D+00
   0.0000D+00   0.0000D+00   0.0000D+00   0.0000D+00   0.0000D+00   0.0000D+00   0.0000D+00   0.0000D+00
  -0.7161D-01   0.5426D-02  -0.5117D-01   0.3126D-02   0.2951D-02  -0.2013D-02  -0.2552D-01   0.1034D-02  -0.7161D-01   0.5426D-02  -0.5117D-01   0.3126D-02
   0.1793D+00  -0.8304D-02   0.2790D-01  -0.2420D-02   0.6155D-01  -0.1445D-01   0.3395D-01   0.0000D+00   0.8143D-02   0.7485D-03  -0.1421D-02   0.2450D-02   0.1793D+00  -0.8304D-02   0.2790D-01  -0.2420D-02   0.6155D-01  -0.1445D-01
  -0.8506D-03  -0.2158D-02  -0.9165D-03  -0.2002D-02  -0.8506D-03  -0.2158D-02  -0.9165D-03  -0.2002D-02
  2.000  1.000
  -0.6261D-01   0.0000D+00  -0.4230D-01   0.0000D+00   0.0000D+00   0.0000D+00  -0.2091D-01   0.0000D+00  -0.6261D-01   0.0000D+00  -0.4230D-01   0.0000D+00
   0.1803D+00   0.0000D+00   0.2740D-01   0.0000D+00   0.7581D-01   0.0000D+00   0.3075D-01   0.0000D+00   0.6833D-02   0.0000D+00   0.0000D+00   0.0000D+00   0.1803D+00   0.0000D+00   0.2740D-01   0.0000D+00   0.7581D-01   0.0000D+00
   0.0000D+00   0.0000D+00   0.0000D+00   0.0000D+00   0.0000D+00   0.0000D+00   0.0000D+00   0.0000D+00
  -0.7100D-01   0.4700D-02  -0.5039D-01   0.2708D-02   0.2557D-02  -0.1744D-02  -0.2510D-01   0.8953D-03  -0.7100D-01   0.4700D-02  -0.5039D-01   0.2708D-02
   0.1794D+00  -0.7729D-02   0.2786D-01  -0.2253D-02   0.6254D-01  -0.1345D-01   0.3373D-01   0.0000D+00   0.8053D-02   0.6966D-03  -0.1322D-02   0.2280D-02   0.1794D+00  -0.7729D-02   0.2786D-01  -0.2253D-02   0.6254D-01  -0.1345D-01
  -0.7917D-03  -0.2008D-02  -0.8530D-03  -0.1863D-02  -0.7917D-03  -0.2008D-02  -0.8530D-03  -0.1863D-02
  2.000  2.000
  -0.5856D-01   0.0000D+00  -0.3956D-01   0.0000D+00   0.0000D+00   0.0000D+00  -0.1955D-01   0.0000D+00  -0.5856D-01   0.0000D+00  -0.3956D-01   0.0000D+00
   0.1803D+00   0.0000D+00   0.2740D-01   0.0000D+00   0.7581D-01   0.0000D+00   0.3075D-01   0.0000D+00   0.6833D-02   0.0000D+00   0.0000D+00   0.0000D+00   0.1803D+00   0.0000D+00   0.2740D-01   0.0000D+00   0.7581D-01   0.0000D+00
   0.0000D+00   0.0000D+00   0.0000D+00   0.0000D+00   0.0000D+00   0.0000D+00   0.0000D+00   0.0000D+00
  -0.6996D-01   0.4111D-02  -0.4938D-01   0.2369D-02   0.2237D-02  -0.1526D-02  -0.2458D-01   0.7832D-03  -0.6996D-01   0.4111D-02  -0.4938D-01   0.2369D-02
   0.1795D+00  -0.7229D-02   0.2784D-01  -0.2107D-02   0.6341D-01  -0.1258D-01   0.3354D-01   0.0000D+00   0.7974D-02   0.6515D-03  -0.1237D-02   0.2132D-02   0.1795D+00  -0.7229D-02   0.2784D-01  -0.2107D-02   0.6341D-01  -0.1258D-01
  -0.7405D-03  -0.1878D-02  -0.7978D-03  -0.1742D-02  -0.7405D-03  -0.1878D-02  -0.7978D-03  -0.1742D-02
