 LHC=           1 sqrts=   8000.0000000000000      ang=           4 mode=fital                                                                                               scalescheme=           1 R=  0.69999999999999996     
 CT10nlo_rand5678                                                                                             477
 Bin information: chid, chiu, md, mu, mu0
   0.0000000000000000       0.50000000000000000        133.00000000000000        153.00000000000000        143.00000000000000     
 9 scales(muf, mur)*(LO(38), NLO(38))
  0.500  0.500
  -0.7685D+01   0.0000D+00  -0.1162D+02   0.0000D+00   0.0000D+00   0.0000D+00  -0.1211D+02   0.0000D+00  -0.7685D+01   0.0000D+00  -0.1162D+02   0.0000D+00
   0.5252D+00   0.0000D+00   0.9770D-01   0.0000D+00   0.1177D+00   0.0000D+00   0.2284D+00   0.0000D+00   0.5076D-01   0.0000D+00   0.0000D+00   0.0000D+00   0.5252D+00   0.0000D+00   0.9770D-01   0.0000D+00   0.1177D+00   0.0000D+00
   0.0000D+00   0.0000D+00   0.0000D+00   0.0000D+00   0.0000D+00   0.0000D+00   0.0000D+00   0.0000D+00
  -0.5298D+01   0.1975D+01  -0.9523D+01   0.1193D+01   0.9262D+00  -0.1421D+01  -0.1087D+02  -0.1164D+00  -0.5298D+01   0.1975D+01  -0.9523D+01   0.1193D+01
   0.7611D+00  -0.1674D-01   0.1409D+00  -0.7299D-02   0.1217D+00  -0.5802D-01   0.3111D+00   0.0000D+00   0.7993D-01   0.7323D-02   0.2181D-02   0.2397D-01   0.7611D+00  -0.1674D-01   0.1409D+00  -0.7299D-02   0.1217D+00  -0.5802D-01
  -0.7400D-03  -0.6543D-02  -0.4029D-02  -0.1252D-01  -0.7400D-03  -0.6543D-02  -0.4029D-02  -0.1252D-01
  0.500  1.000
  -0.6934D+01   0.0000D+00  -0.1048D+02   0.0000D+00   0.0000D+00   0.0000D+00  -0.1093D+02   0.0000D+00  -0.6934D+01   0.0000D+00  -0.1048D+02   0.0000D+00
   0.5252D+00   0.0000D+00   0.9770D-01   0.0000D+00   0.1177D+00   0.0000D+00   0.2284D+00   0.0000D+00   0.5076D-01   0.0000D+00   0.0000D+00   0.0000D+00   0.5252D+00   0.0000D+00   0.9770D-01   0.0000D+00   0.1177D+00   0.0000D+00
   0.0000D+00   0.0000D+00   0.0000D+00   0.0000D+00   0.0000D+00   0.0000D+00   0.0000D+00   0.0000D+00
  -0.5646D+01   0.1608D+01  -0.9766D+01   0.9709D+00   0.7536D+00  -0.1156D+01  -0.1095D+02  -0.9474D-01  -0.5646D+01   0.1608D+01  -0.9766D+01   0.9709D+00
   0.7396D+00  -0.1510D-01   0.1369D+00  -0.6585D-02   0.1217D+00  -0.5234D-01   0.3035D+00   0.0000D+00   0.7721D-01   0.6607D-02   0.1990D-02   0.2162D-01   0.7396D+00  -0.1510D-01   0.1369D+00  -0.6585D-02   0.1217D+00  -0.5234D-01
  -0.6675D-03  -0.5903D-02  -0.3635D-02  -0.1130D-01  -0.6675D-03  -0.5903D-02  -0.3635D-02  -0.1130D-01
  0.500  2.000
  -0.6317D+01   0.0000D+00  -0.9550D+01   0.0000D+00   0.0000D+00   0.0000D+00  -0.9955D+01   0.0000D+00  -0.6317D+01   0.0000D+00  -0.9550D+01   0.0000D+00
   0.5252D+00   0.0000D+00   0.9770D-01   0.0000D+00   0.1177D+00   0.0000D+00   0.2284D+00   0.0000D+00   0.5076D-01   0.0000D+00   0.0000D+00   0.0000D+00   0.5252D+00   0.0000D+00   0.9770D-01   0.0000D+00   0.1177D+00   0.0000D+00
   0.0000D+00   0.0000D+00   0.0000D+00   0.0000D+00   0.0000D+00   0.0000D+00   0.0000D+00   0.0000D+00
  -0.5791D+01   0.1334D+01  -0.9775D+01   0.8058D+00   0.6252D+00  -0.9598D+00  -0.1082D+02  -0.7863D-01  -0.5791D+01   0.1334D+01  -0.9775D+01   0.8058D+00
   0.7218D+00  -0.1376D-01   0.1337D+00  -0.5999D-02   0.1217D+00  -0.4769D-01   0.2972D+00   0.0000D+00   0.7496D-01   0.6019D-02   0.1831D-02   0.1970D-01   0.7218D+00  -0.1376D-01   0.1337D+00  -0.5999D-02   0.1217D+00  -0.4769D-01
  -0.6080D-03  -0.5378D-02  -0.3311D-02  -0.1029D-01  -0.6080D-03  -0.5378D-02  -0.3311D-02  -0.1029D-01
  1.000  0.500
  -0.7701D+01   0.0000D+00  -0.1184D+02   0.0000D+00   0.0000D+00   0.0000D+00  -0.1230D+02   0.0000D+00  -0.7701D+01   0.0000D+00  -0.1184D+02   0.0000D+00
   0.5337D+00   0.0000D+00   0.9869D-01   0.0000D+00   0.1177D+00   0.0000D+00   0.2294D+00   0.0000D+00   0.5097D-01   0.0000D+00   0.0000D+00   0.0000D+00   0.5337D+00   0.0000D+00   0.9869D-01   0.0000D+00   0.1177D+00   0.0000D+00
   0.0000D+00   0.0000D+00   0.0000D+00   0.0000D+00   0.0000D+00   0.0000D+00   0.0000D+00   0.0000D+00
  -0.5245D+01   0.2023D+01  -0.9467D+01   0.1214D+01   0.9540D+00  -0.1440D+01  -0.1079D+02  -0.1172D+00  -0.5245D+01   0.2023D+01  -0.9467D+01   0.1214D+01
   0.7430D+00  -0.1683D-01   0.1364D+00  -0.7361D-02   0.1140D+00  -0.5914D-01   0.3037D+00   0.0000D+00   0.7795D-01   0.7274D-02   0.2527D-02   0.2381D-01   0.7430D+00  -0.1683D-01   0.1364D+00  -0.7361D-02   0.1140D+00  -0.5914D-01
  -0.7713D-03  -0.6371D-02  -0.4134D-02  -0.1260D-01  -0.7713D-03  -0.6371D-02  -0.4134D-02  -0.1260D-01
  1.000  1.000
  -0.6947D+01   0.0000D+00  -0.1068D+02   0.0000D+00   0.0000D+00   0.0000D+00  -0.1110D+02   0.0000D+00  -0.6947D+01   0.0000D+00  -0.1068D+02   0.0000D+00
   0.5337D+00   0.0000D+00   0.9869D-01   0.0000D+00   0.1177D+00   0.0000D+00   0.2294D+00   0.0000D+00   0.5097D-01   0.0000D+00   0.0000D+00   0.0000D+00   0.5337D+00   0.0000D+00   0.9869D-01   0.0000D+00   0.1177D+00   0.0000D+00
   0.0000D+00   0.0000D+00   0.0000D+00   0.0000D+00   0.0000D+00   0.0000D+00   0.0000D+00   0.0000D+00
  -0.5603D+01   0.1646D+01  -0.9758D+01   0.9880D+00   0.7761D+00  -0.1172D+01  -0.1091D+02  -0.9539D-01  -0.5603D+01   0.1646D+01  -0.9758D+01   0.9880D+00
   0.7220D+00  -0.1518D-01   0.1327D+00  -0.6641D-02   0.1140D+00  -0.5336D-01   0.2966D+00   0.0000D+00   0.7532D-01   0.6563D-02   0.2303D-02   0.2148D-01   0.7220D+00  -0.1518D-01   0.1327D+00  -0.6641D-02   0.1140D+00  -0.5336D-01
  -0.6957D-03  -0.5748D-02  -0.3729D-02  -0.1136D-01  -0.6957D-03  -0.5748D-02  -0.3729D-02  -0.1136D-01
  1.000  2.000
  -0.6329D+01   0.0000D+00  -0.9733D+01   0.0000D+00   0.0000D+00   0.0000D+00  -0.1011D+02   0.0000D+00  -0.6329D+01   0.0000D+00  -0.9733D+01   0.0000D+00
   0.5337D+00   0.0000D+00   0.9869D-01   0.0000D+00   0.1177D+00   0.0000D+00   0.2294D+00   0.0000D+00   0.5097D-01   0.0000D+00   0.0000D+00   0.0000D+00   0.5337D+00   0.0000D+00   0.9869D-01   0.0000D+00   0.1177D+00   0.0000D+00
   0.0000D+00   0.0000D+00   0.0000D+00   0.0000D+00   0.0000D+00   0.0000D+00   0.0000D+00   0.0000D+00
  -0.5757D+01   0.1366D+01  -0.9800D+01   0.8200D+00   0.6438D+00  -0.9726D+00  -0.1083D+02  -0.7917D-01  -0.5757D+01   0.1366D+01  -0.9800D+01   0.8200D+00
   0.7065D+00  -0.1383D-01   0.1299D+00  -0.6050D-02   0.1147D+00  -0.4861D-01   0.2910D+00   0.0000D+00   0.7326D-01   0.5979D-02   0.2115D-02   0.1957D-01   0.7065D+00  -0.1383D-01   0.1299D+00  -0.6050D-02   0.1147D+00  -0.4861D-01
  -0.6338D-03  -0.5237D-02  -0.3397D-02  -0.1035D-01  -0.6338D-03  -0.5237D-02  -0.3397D-02  -0.1035D-01
  2.000  0.500
  -0.7662D+01   0.0000D+00  -0.1194D+02   0.0000D+00   0.0000D+00   0.0000D+00  -0.1250D+02   0.0000D+00  -0.7662D+01   0.0000D+00  -0.1194D+02   0.0000D+00
   0.5395D+00   0.0000D+00   0.9982D-01   0.0000D+00   0.1177D+00   0.0000D+00   0.2339D+00   0.0000D+00   0.5197D-01   0.0000D+00   0.0000D+00   0.0000D+00   0.5395D+00   0.0000D+00   0.9982D-01   0.0000D+00   0.1177D+00   0.0000D+00
   0.0000D+00   0.0000D+00   0.0000D+00   0.0000D+00   0.0000D+00   0.0000D+00   0.0000D+00   0.0000D+00
  -0.5253D+01   0.2035D+01  -0.9563D+01   0.1215D+01   0.9435D+00  -0.1460D+01  -0.1118D+02  -0.1173D+00  -0.5253D+01   0.2035D+01  -0.9563D+01   0.1215D+01
   0.7515D+00  -0.1677D-01   0.1389D+00  -0.7429D-02   0.1182D+00  -0.5965D-01   0.3054D+00   0.0000D+00   0.7865D-01   0.7418D-02   0.2352D-02   0.2428D-01   0.7515D+00  -0.1677D-01   0.1389D+00  -0.7429D-02   0.1182D+00  -0.5965D-01
  -0.7827D-03  -0.6422D-02  -0.4214D-02  -0.1270D-01  -0.7827D-03  -0.6422D-02  -0.4214D-02  -0.1270D-01
  2.000  1.000
  -0.6912D+01   0.0000D+00  -0.1077D+02   0.0000D+00   0.0000D+00   0.0000D+00  -0.1128D+02   0.0000D+00  -0.6912D+01   0.0000D+00  -0.1077D+02   0.0000D+00
   0.5395D+00   0.0000D+00   0.9982D-01   0.0000D+00   0.1177D+00   0.0000D+00   0.2339D+00   0.0000D+00   0.5197D-01   0.0000D+00   0.0000D+00   0.0000D+00   0.5395D+00   0.0000D+00   0.9982D-01   0.0000D+00   0.1177D+00   0.0000D+00
   0.0000D+00   0.0000D+00   0.0000D+00   0.0000D+00   0.0000D+00   0.0000D+00   0.0000D+00   0.0000D+00
  -0.5586D+01   0.1656D+01  -0.9836D+01   0.9889D+00   0.7674D+00  -0.1188D+01  -0.1125D+02  -0.9546D-01  -0.5586D+01   0.1656D+01  -0.9836D+01   0.9889D+00
   0.7199D+00  -0.1513D-01   0.1332D+00  -0.6703D-02   0.1145D+00  -0.5381D-01   0.2960D+00   0.0000D+00   0.7533D-01   0.6692D-02   0.2085D-02   0.2190D-01   0.7199D+00  -0.1513D-01   0.1332D+00  -0.6703D-02   0.1145D+00  -0.5381D-01
  -0.7060D-03  -0.5794D-02  -0.3801D-02  -0.1146D-01  -0.7060D-03  -0.5794D-02  -0.3801D-02  -0.1146D-01
  2.000  2.000
  -0.6297D+01   0.0000D+00  -0.9813D+01   0.0000D+00   0.0000D+00   0.0000D+00  -0.1027D+02   0.0000D+00  -0.6297D+01   0.0000D+00  -0.9813D+01   0.0000D+00
   0.5395D+00   0.0000D+00   0.9982D-01   0.0000D+00   0.1177D+00   0.0000D+00   0.2339D+00   0.0000D+00   0.5197D-01   0.0000D+00   0.0000D+00   0.0000D+00   0.5395D+00   0.0000D+00   0.9982D-01   0.0000D+00   0.1177D+00   0.0000D+00
   0.0000D+00   0.0000D+00   0.0000D+00   0.0000D+00   0.0000D+00   0.0000D+00   0.0000D+00   0.0000D+00
  -0.5722D+01   0.1374D+01  -0.9864D+01   0.8207D+00   0.6366D+00  -0.9860D+00  -0.1112D+02  -0.7923D-01  -0.5722D+01   0.1374D+01  -0.9864D+01   0.8207D+00
   0.6936D+00  -0.1378D-01   0.1285D+00  -0.6106D-02   0.1113D+00  -0.4903D-01   0.2883D+00   0.0000D+00   0.7261D-01   0.6097D-02   0.1876D-02   0.1995D-01   0.6936D+00  -0.1378D-01   0.1285D+00  -0.6106D-02   0.1113D+00  -0.4903D-01
  -0.6431D-03  -0.5278D-02  -0.3463D-02  -0.1044D-01  -0.6431D-03  -0.5278D-02  -0.3463D-02  -0.1044D-01
