 LHC=           1 sqrts=   8000.0000000000000      ang=           4 mode=fital                                                                                               scalescheme=           1 R=  0.69999999999999996     
 CT10nlo_rand5678                                                                                             322
 Bin information: chid, chiu, md, mu, mu0
   0.0000000000000000       0.50000000000000000        468.00000000000000        507.00000000000000        487.50000000000000     
 9 scales(muf, mur)*(LO(38), NLO(38))
  0.500  0.500
  -0.8968D+00   0.0000D+00  -0.8794D+00   0.0000D+00   0.0000D+00   0.0000D+00  -0.7191D+00   0.0000D+00  -0.8968D+00   0.0000D+00  -0.8794D+00   0.0000D+00
   0.5820D+00   0.0000D+00   0.9928D-01   0.0000D+00   0.1798D+00   0.0000D+00   0.1842D+00   0.0000D+00   0.4094D-01   0.0000D+00   0.0000D+00   0.0000D+00   0.5820D+00   0.0000D+00   0.9928D-01   0.0000D+00   0.1798D+00   0.0000D+00
   0.0000D+00   0.0000D+00   0.0000D+00   0.0000D+00   0.0000D+00   0.0000D+00   0.0000D+00   0.0000D+00
  -0.6677D+00   0.1213D+00  -0.7592D+00   0.7200D-01   0.7219D-01  -0.7059D-01  -0.6645D+00   0.4721D-02  -0.6677D+00   0.1213D+00  -0.7592D+00   0.7200D-01
   0.5120D+00  -0.2159D-01   0.8984D-01  -0.7557D-02   0.1038D+00  -0.5270D-01   0.1720D+00   0.0000D+00   0.4288D-01   0.4913D-02  -0.2515D-02   0.1608D-01   0.5120D+00  -0.2159D-01   0.8984D-01  -0.7557D-02   0.1038D+00  -0.5270D-01
  -0.1829D-02  -0.6698D-02  -0.3903D-02  -0.9565D-02  -0.1829D-02  -0.6698D-02  -0.3903D-02  -0.9565D-02
  0.500  1.000
  -0.8224D+00   0.0000D+00  -0.8065D+00   0.0000D+00   0.0000D+00   0.0000D+00  -0.6595D+00   0.0000D+00  -0.8224D+00   0.0000D+00  -0.8065D+00   0.0000D+00
   0.5820D+00   0.0000D+00   0.9928D-01   0.0000D+00   0.1798D+00   0.0000D+00   0.1842D+00   0.0000D+00   0.4094D-01   0.0000D+00   0.0000D+00   0.0000D+00   0.5820D+00   0.0000D+00   0.9928D-01   0.0000D+00   0.1798D+00   0.0000D+00
   0.0000D+00   0.0000D+00   0.0000D+00   0.0000D+00   0.0000D+00   0.0000D+00   0.0000D+00   0.0000D+00
  -0.6956D+00   0.1020D+00  -0.7700D+00   0.6055D-01   0.6071D-01  -0.5937D-01  -0.6664D+00   0.3971D-02  -0.6956D+00   0.1020D+00  -0.7700D+00   0.6055D-01
   0.5180D+00  -0.1980D-01   0.9066D-01  -0.6930D-02   0.1101D+00  -0.4833D-01   0.1730D+00   0.0000D+00   0.4273D-01   0.4506D-02  -0.2306D-02   0.1475D-01   0.5180D+00  -0.1980D-01   0.9066D-01  -0.6930D-02   0.1101D+00  -0.4833D-01
  -0.1678D-02  -0.6143D-02  -0.3580D-02  -0.8772D-02  -0.1678D-02  -0.6143D-02  -0.3580D-02  -0.8772D-02
  0.500  2.000
  -0.7596D+00   0.0000D+00  -0.7449D+00   0.0000D+00   0.0000D+00   0.0000D+00  -0.6091D+00   0.0000D+00  -0.7596D+00   0.0000D+00  -0.7449D+00   0.0000D+00
   0.5820D+00   0.0000D+00   0.9928D-01   0.0000D+00   0.1798D+00   0.0000D+00   0.1842D+00   0.0000D+00   0.4094D-01   0.0000D+00   0.0000D+00   0.0000D+00   0.5820D+00   0.0000D+00   0.9928D-01   0.0000D+00   0.1798D+00   0.0000D+00
   0.0000D+00   0.0000D+00   0.0000D+00   0.0000D+00   0.0000D+00   0.0000D+00   0.0000D+00   0.0000D+00
  -0.7076D+00   0.8701D-01  -0.7689D+00   0.5166D-01   0.5180D-01  -0.5065D-01  -0.6600D+00   0.3388D-02  -0.7076D+00   0.8701D-01  -0.7689D+00   0.5166D-01
   0.5230D+00  -0.1828D-01   0.9134D-01  -0.6401D-02   0.1155D+00  -0.4464D-01   0.1739D+00   0.0000D+00   0.4260D-01   0.4162D-02  -0.2130D-02   0.1362D-01   0.5230D+00  -0.1828D-01   0.9134D-01  -0.6401D-02   0.1155D+00  -0.4464D-01
  -0.1550D-02  -0.5674D-02  -0.3306D-02  -0.8102D-02  -0.1550D-02  -0.5674D-02  -0.3306D-02  -0.8102D-02
  1.000  0.500
  -0.8395D+00   0.0000D+00  -0.8213D+00   0.0000D+00   0.0000D+00   0.0000D+00  -0.6722D+00   0.0000D+00  -0.8395D+00   0.0000D+00  -0.8213D+00   0.0000D+00
   0.5456D+00   0.0000D+00   0.9283D-01   0.0000D+00   0.1683D+00   0.0000D+00   0.1719D+00   0.0000D+00   0.3820D-01   0.0000D+00   0.0000D+00   0.0000D+00   0.5456D+00   0.0000D+00   0.9283D-01   0.0000D+00   0.1683D+00   0.0000D+00
   0.0000D+00   0.0000D+00   0.0000D+00   0.0000D+00   0.0000D+00   0.0000D+00   0.0000D+00   0.0000D+00
  -0.6783D+00   0.1135D+00  -0.7612D+00   0.6747D-01   0.6857D-01  -0.6598D-01  -0.6647D+00   0.4559D-02  -0.6783D+00   0.1135D+00  -0.7612D+00   0.6747D-01
   0.5124D+00  -0.2019D-01   0.8952D-01  -0.7056D-02   0.1070D+00  -0.4921D-01   0.1706D+00   0.0000D+00   0.4243D-01   0.4580D-02  -0.2313D-02   0.1499D-01   0.5124D+00  -0.2019D-01   0.8952D-01  -0.7056D-02   0.1070D+00  -0.4921D-01
  -0.1721D-02  -0.6288D-02  -0.3659D-02  -0.8950D-02  -0.1721D-02  -0.6288D-02  -0.3659D-02  -0.8950D-02
  1.000  1.000
  -0.7699D+00   0.0000D+00  -0.7532D+00   0.0000D+00   0.0000D+00   0.0000D+00  -0.6165D+00   0.0000D+00  -0.7699D+00   0.0000D+00  -0.7532D+00   0.0000D+00
   0.5456D+00   0.0000D+00   0.9283D-01   0.0000D+00   0.1683D+00   0.0000D+00   0.1719D+00   0.0000D+00   0.3820D-01   0.0000D+00   0.0000D+00   0.0000D+00   0.5456D+00   0.0000D+00   0.9283D-01   0.0000D+00   0.1683D+00   0.0000D+00
   0.0000D+00   0.0000D+00   0.0000D+00   0.0000D+00   0.0000D+00   0.0000D+00   0.0000D+00   0.0000D+00
  -0.6960D+00   0.9548D-01  -0.7630D+00   0.5675D-01   0.5767D-01  -0.5549D-01  -0.6595D+00   0.3835D-02  -0.6960D+00   0.9548D-01  -0.7630D+00   0.5675D-01
   0.5153D+00  -0.1852D-01   0.8982D-01  -0.6471D-02   0.1121D+00  -0.4513D-01   0.1707D+00   0.0000D+00   0.4209D-01   0.4201D-02  -0.2121D-02   0.1375D-01   0.5153D+00  -0.1852D-01   0.8982D-01  -0.6471D-02   0.1121D+00  -0.4513D-01
  -0.1578D-02  -0.5766D-02  -0.3355D-02  -0.8208D-02  -0.1578D-02  -0.5766D-02  -0.3355D-02  -0.8208D-02
  1.000  2.000
  -0.7111D+00   0.0000D+00  -0.6957D+00   0.0000D+00   0.0000D+00   0.0000D+00  -0.5694D+00   0.0000D+00  -0.7111D+00   0.0000D+00  -0.6957D+00   0.0000D+00
   0.5456D+00   0.0000D+00   0.9283D-01   0.0000D+00   0.1683D+00   0.0000D+00   0.1719D+00   0.0000D+00   0.3820D-01   0.0000D+00   0.0000D+00   0.0000D+00   0.5456D+00   0.0000D+00   0.9283D-01   0.0000D+00   0.1683D+00   0.0000D+00
   0.0000D+00   0.0000D+00   0.0000D+00   0.0000D+00   0.0000D+00   0.0000D+00   0.0000D+00   0.0000D+00
  -0.7006D+00   0.8146D-01  -0.7555D+00   0.4841D-01   0.4920D-01  -0.4734D-01  -0.6482D+00   0.3272D-02  -0.7006D+00   0.8146D-01  -0.7555D+00   0.4841D-01
   0.5178D+00  -0.1710D-01   0.9008D-01  -0.5977D-02   0.1165D+00  -0.4169D-01   0.1708D+00   0.0000D+00   0.4180D-01   0.3880D-02  -0.1959D-02   0.1270D-01   0.5178D+00  -0.1710D-01   0.9008D-01  -0.5977D-02   0.1165D+00  -0.4169D-01
  -0.1458D-02  -0.5326D-02  -0.3099D-02  -0.7582D-02  -0.1458D-02  -0.5326D-02  -0.3099D-02  -0.7582D-02
  2.000  0.500
  -0.7882D+00   0.0000D+00  -0.7726D+00   0.0000D+00   0.0000D+00   0.0000D+00  -0.6298D+00   0.0000D+00  -0.7882D+00   0.0000D+00  -0.7726D+00   0.0000D+00
   0.5126D+00   0.0000D+00   0.8719D-01   0.0000D+00   0.1577D+00   0.0000D+00   0.1606D+00   0.0000D+00   0.3568D-01   0.0000D+00   0.0000D+00   0.0000D+00   0.5126D+00   0.0000D+00   0.8719D-01   0.0000D+00   0.1577D+00   0.0000D+00
   0.0000D+00   0.0000D+00   0.0000D+00   0.0000D+00   0.0000D+00   0.0000D+00   0.0000D+00   0.0000D+00
  -0.6921D+00   0.1069D+00  -0.7670D+00   0.6348D-01   0.6379D-01  -0.6190D-01  -0.6672D+00   0.4433D-02  -0.6921D+00   0.1069D+00  -0.7670D+00   0.6348D-01
   0.5142D+00  -0.1893D-01   0.8985D-01  -0.6630D-02   0.1103D+00  -0.4620D-01   0.1707D+00   0.0000D+00   0.4214D-01   0.4279D-02  -0.2394D-02   0.1400D-01   0.5142D+00  -0.1893D-01   0.8985D-01  -0.6630D-02   0.1103D+00  -0.4620D-01
  -0.1625D-02  -0.5923D-02  -0.3444D-02  -0.8403D-02  -0.1625D-02  -0.5923D-02  -0.3444D-02  -0.8403D-02
  2.000  1.000
  -0.7228D+00   0.0000D+00  -0.7086D+00   0.0000D+00   0.0000D+00   0.0000D+00  -0.5776D+00   0.0000D+00  -0.7228D+00   0.0000D+00  -0.7086D+00   0.0000D+00
   0.5126D+00   0.0000D+00   0.8719D-01   0.0000D+00   0.1577D+00   0.0000D+00   0.1606D+00   0.0000D+00   0.3568D-01   0.0000D+00   0.0000D+00   0.0000D+00   0.5126D+00   0.0000D+00   0.8719D-01   0.0000D+00   0.1577D+00   0.0000D+00
   0.0000D+00   0.0000D+00   0.0000D+00   0.0000D+00   0.0000D+00   0.0000D+00   0.0000D+00   0.0000D+00
  -0.6999D+00   0.8992D-01  -0.7606D+00   0.5339D-01   0.5365D-01  -0.5206D-01  -0.6553D+00   0.3729D-02  -0.6999D+00   0.8992D-01  -0.7606D+00   0.5339D-01
   0.5142D+00  -0.1736D-01   0.8966D-01  -0.6081D-02   0.1143D+00  -0.4237D-01   0.1699D+00   0.0000D+00   0.4161D-01   0.3924D-02  -0.2195D-02   0.1284D-01   0.5142D+00  -0.1736D-01   0.8966D-01  -0.6081D-02   0.1143D+00  -0.4237D-01
  -0.1490D-02  -0.5432D-02  -0.3158D-02  -0.7706D-02  -0.1490D-02  -0.5432D-02  -0.3158D-02  -0.7706D-02
  2.000  2.000
  -0.6676D+00   0.0000D+00  -0.6545D+00   0.0000D+00   0.0000D+00   0.0000D+00  -0.5335D+00   0.0000D+00  -0.6676D+00   0.0000D+00  -0.6545D+00   0.0000D+00
   0.5126D+00   0.0000D+00   0.8719D-01   0.0000D+00   0.1577D+00   0.0000D+00   0.1606D+00   0.0000D+00   0.3568D-01   0.0000D+00   0.0000D+00   0.0000D+00   0.5126D+00   0.0000D+00   0.8719D-01   0.0000D+00   0.1577D+00   0.0000D+00
   0.0000D+00   0.0000D+00   0.0000D+00   0.0000D+00   0.0000D+00   0.0000D+00   0.0000D+00   0.0000D+00
  -0.6974D+00   0.7671D-01  -0.7473D+00   0.4555D-01   0.4577D-01  -0.4442D-01  -0.6392D+00   0.3181D-02  -0.6974D+00   0.7671D-01  -0.7473D+00   0.4555D-01
   0.5142D+00  -0.1604D-01   0.8949D-01  -0.5616D-02   0.1176D+00  -0.3914D-01   0.1692D+00   0.0000D+00   0.4117D-01   0.3625D-02  -0.2027D-02   0.1186D-01   0.5142D+00  -0.1604D-01   0.8949D-01  -0.5616D-02   0.1176D+00  -0.3914D-01
  -0.1376D-02  -0.5017D-02  -0.2917D-02  -0.7118D-02  -0.1376D-02  -0.5017D-02  -0.2917D-02  -0.7118D-02
