 LHC=           1 sqrts=   8000.0000000000000      ang=           4 mode=fital                                                                                               scalescheme=           1 R=  0.69999999999999996     
 CT10nlo_rand5678                                                                                             234
 Bin information: chid, chiu, md, mu, mu0
   0.0000000000000000       0.50000000000000000        967.00000000000000        1032.0000000000000        999.50000000000000     
 9 scales(muf, mur)*(LO(38), NLO(38))
  0.500  0.500
  -0.1453D+00   0.0000D+00  -0.1049D+00   0.0000D+00   0.0000D+00   0.0000D+00  -0.5852D-01   0.0000D+00  -0.1453D+00   0.0000D+00  -0.1049D+00   0.0000D+00
   0.3186D+00   0.0000D+00   0.4961D-01   0.0000D+00   0.1271D+00   0.0000D+00   0.6284D-01   0.0000D+00   0.1396D-01   0.0000D+00   0.0000D+00   0.0000D+00   0.3186D+00   0.0000D+00   0.4961D-01   0.0000D+00   0.1271D+00   0.0000D+00
   0.0000D+00   0.0000D+00   0.0000D+00   0.0000D+00   0.0000D+00   0.0000D+00   0.0000D+00   0.0000D+00
  -0.1170D+00   0.1270D-01  -0.9184D-01   0.7358D-02   0.7273D-02  -0.5255D-02  -0.5228D-01   0.2033D-02  -0.1170D+00   0.1270D-01  -0.9184D-01   0.7358D-02
   0.2421D+00  -0.1395D-01   0.3890D-01  -0.4179D-02   0.7096D-01  -0.2570D-01   0.5342D-01   0.0000D+00   0.1329D-01   0.1531D-02  -0.2228D-02   0.5010D-02   0.2421D+00  -0.1395D-01   0.3890D-01  -0.4179D-02   0.7096D-01  -0.2570D-01
  -0.1400D-02  -0.3730D-02  -0.1714D-02  -0.3781D-02  -0.1400D-02  -0.3730D-02  -0.1714D-02  -0.3781D-02
  0.500  1.000
  -0.1342D+00   0.0000D+00  -0.9692D-01   0.0000D+00   0.0000D+00   0.0000D+00  -0.5407D-01   0.0000D+00  -0.1342D+00   0.0000D+00  -0.9692D-01   0.0000D+00
   0.3186D+00   0.0000D+00   0.4961D-01   0.0000D+00   0.1271D+00   0.0000D+00   0.6284D-01   0.0000D+00   0.1396D-01   0.0000D+00   0.0000D+00   0.0000D+00   0.3186D+00   0.0000D+00   0.4961D-01   0.0000D+00   0.1271D+00   0.0000D+00
   0.0000D+00   0.0000D+00   0.0000D+00   0.0000D+00   0.0000D+00   0.0000D+00   0.0000D+00   0.0000D+00
  -0.1200D+00   0.1084D-01  -0.9291D-01   0.6280D-02   0.6208D-02  -0.4485D-02  -0.5273D-01   0.1736D-02  -0.1200D+00   0.1084D-01  -0.9291D-01   0.6280D-02
   0.2479D+00  -0.1289D-01   0.3973D-01  -0.3861D-02   0.7525D-01  -0.2374D-01   0.5414D-01   0.0000D+00   0.1334D-01   0.1414D-02  -0.2058D-02   0.4629D-02   0.2479D+00  -0.1289D-01   0.3973D-01  -0.3861D-02   0.7525D-01  -0.2374D-01
  -0.1293D-02  -0.3446D-02  -0.1583D-02  -0.3493D-02  -0.1293D-02  -0.3446D-02  -0.1583D-02  -0.3493D-02
  0.500  2.000
  -0.1247D+00   0.0000D+00  -0.9008D-01   0.0000D+00   0.0000D+00   0.0000D+00  -0.5025D-01   0.0000D+00  -0.1247D+00   0.0000D+00  -0.9008D-01   0.0000D+00
   0.3186D+00   0.0000D+00   0.4961D-01   0.0000D+00   0.1271D+00   0.0000D+00   0.6284D-01   0.0000D+00   0.1396D-01   0.0000D+00   0.0000D+00   0.0000D+00   0.3186D+00   0.0000D+00   0.4961D-01   0.0000D+00   0.1271D+00   0.0000D+00
   0.0000D+00   0.0000D+00   0.0000D+00   0.0000D+00   0.0000D+00   0.0000D+00   0.0000D+00   0.0000D+00
  -0.1210D+00   0.9367D-02  -0.9278D-01   0.5425D-02   0.5363D-02  -0.3875D-02  -0.5253D-01   0.1499D-02  -0.1210D+00   0.9367D-02  -0.9278D-01   0.5425D-02
   0.2530D+00  -0.1198D-01   0.4043D-01  -0.3589D-02   0.7893D-01  -0.2207D-01   0.5476D-01   0.0000D+00   0.1339D-01   0.1315D-02  -0.1913D-02   0.4302D-02   0.2530D+00  -0.1198D-01   0.4043D-01  -0.3589D-02   0.7893D-01  -0.2207D-01
  -0.1202D-02  -0.3203D-02  -0.1472D-02  -0.3246D-02  -0.1202D-02  -0.3203D-02  -0.1472D-02  -0.3246D-02
  1.000  0.500
  -0.1300D+00   0.0000D+00  -0.9371D-01   0.0000D+00   0.0000D+00   0.0000D+00  -0.5216D-01   0.0000D+00  -0.1300D+00   0.0000D+00  -0.9371D-01   0.0000D+00
   0.2848D+00   0.0000D+00   0.4435D-01   0.0000D+00   0.1137D+00   0.0000D+00   0.5591D-01   0.0000D+00   0.1242D-01   0.0000D+00   0.0000D+00   0.0000D+00   0.2848D+00   0.0000D+00   0.4435D-01   0.0000D+00   0.1137D+00   0.0000D+00
   0.0000D+00   0.0000D+00   0.0000D+00   0.0000D+00   0.0000D+00   0.0000D+00   0.0000D+00   0.0000D+00
  -0.1189D+00   0.1135D-01  -0.9246D-01   0.6556D-02   0.6416D-02  -0.4683D-02  -0.5236D-01   0.1826D-02  -0.1189D+00   0.1135D-01  -0.9246D-01   0.6556D-02
   0.2480D+00  -0.1250D-01   0.3973D-01  -0.3750D-02   0.7611D-01  -0.2298D-01   0.5397D-01   0.0000D+00   0.1323D-01   0.1364D-02  -0.1987D-02   0.4463D-02   0.2480D+00  -0.1250D-01   0.3973D-01  -0.3750D-02   0.7611D-01  -0.2298D-01
  -0.1255D-02  -0.3332D-02  -0.1530D-02  -0.3366D-02  -0.1255D-02  -0.3332D-02  -0.1530D-02  -0.3366D-02
  1.000  1.000
  -0.1201D+00   0.0000D+00  -0.8658D-01   0.0000D+00   0.0000D+00   0.0000D+00  -0.4819D-01   0.0000D+00  -0.1201D+00   0.0000D+00  -0.8658D-01   0.0000D+00
   0.2848D+00   0.0000D+00   0.4435D-01   0.0000D+00   0.1137D+00   0.0000D+00   0.5591D-01   0.0000D+00   0.1242D-01   0.0000D+00   0.0000D+00   0.0000D+00   0.2848D+00   0.0000D+00   0.4435D-01   0.0000D+00   0.1137D+00   0.0000D+00
   0.0000D+00   0.0000D+00   0.0000D+00   0.0000D+00   0.0000D+00   0.0000D+00   0.0000D+00   0.0000D+00
  -0.1195D+00   0.9685D-02  -0.9188D-01   0.5596D-02   0.5477D-02  -0.3997D-02  -0.5191D-01   0.1558D-02  -0.1195D+00   0.9685D-02  -0.9188D-01   0.5596D-02
   0.2508D+00  -0.1155D-01   0.4008D-01  -0.3464D-02   0.7898D-01  -0.2123D-01   0.5412D-01   0.0000D+00   0.1317D-01   0.1260D-02  -0.1836D-02   0.4123D-02   0.2508D+00  -0.1155D-01   0.4008D-01  -0.3464D-02   0.7898D-01  -0.2123D-01
  -0.1160D-02  -0.3078D-02  -0.1413D-02  -0.3109D-02  -0.1160D-02  -0.3078D-02  -0.1413D-02  -0.3109D-02
  1.000  2.000
  -0.1116D+00   0.0000D+00  -0.8047D-01   0.0000D+00   0.0000D+00   0.0000D+00  -0.4479D-01   0.0000D+00  -0.1116D+00   0.0000D+00  -0.8047D-01   0.0000D+00
   0.2848D+00   0.0000D+00   0.4435D-01   0.0000D+00   0.1137D+00   0.0000D+00   0.5591D-01   0.0000D+00   0.1242D-01   0.0000D+00   0.0000D+00   0.0000D+00   0.2848D+00   0.0000D+00   0.4435D-01   0.0000D+00   0.1137D+00   0.0000D+00
   0.0000D+00   0.0000D+00   0.0000D+00   0.0000D+00   0.0000D+00   0.0000D+00   0.0000D+00   0.0000D+00
  -0.1187D+00   0.8366D-02  -0.9056D-01   0.4834D-02   0.4731D-02  -0.3452D-02  -0.5107D-01   0.1346D-02  -0.1187D+00   0.8366D-02  -0.9056D-01   0.4834D-02
   0.2533D+00  -0.1074D-01   0.4039D-01  -0.3220D-02   0.8144D-01  -0.1973D-01   0.5425D-01   0.0000D+00   0.1312D-01   0.1171D-02  -0.1706D-02   0.3832D-02   0.2533D+00  -0.1074D-01   0.4039D-01  -0.3220D-02   0.8144D-01  -0.1973D-01
  -0.1078D-02  -0.2861D-02  -0.1314D-02  -0.2890D-02  -0.1078D-02  -0.2861D-02  -0.1314D-02  -0.2890D-02
  2.000  0.500
  -0.1172D+00   0.0000D+00  -0.8434D-01   0.0000D+00   0.0000D+00   0.0000D+00  -0.4680D-01   0.0000D+00  -0.1172D+00   0.0000D+00  -0.8434D-01   0.0000D+00
   0.2567D+00   0.0000D+00   0.3994D-01   0.0000D+00   0.1026D+00   0.0000D+00   0.5013D-01   0.0000D+00   0.1114D-01   0.0000D+00   0.0000D+00   0.0000D+00   0.2567D+00   0.0000D+00   0.3994D-01   0.0000D+00   0.1026D+00   0.0000D+00
   0.0000D+00   0.0000D+00   0.0000D+00   0.0000D+00   0.0000D+00   0.0000D+00   0.0000D+00   0.0000D+00
  -0.1207D+00   0.1020D-01  -0.9268D-01   0.5891D-02   0.5701D-02  -0.4204D-02  -0.5255D-01   0.1649D-02  -0.1207D+00   0.1020D-01  -0.9268D-01   0.5891D-02
   0.2524D+00  -0.1126D-01   0.4032D-01  -0.3377D-02   0.7995D-01  -0.2074D-01   0.5422D-01   0.0000D+00   0.1315D-01   0.1223D-02  -0.1784D-02   0.4001D-02   0.2524D+00  -0.1126D-01   0.4032D-01  -0.3377D-02   0.7995D-01  -0.2074D-01
  -0.1132D-02  -0.3006D-02  -0.1377D-02  -0.3030D-02  -0.1132D-02  -0.3006D-02  -0.1377D-02  -0.3030D-02
  2.000  1.000
  -0.1083D+00   0.0000D+00  -0.7792D-01   0.0000D+00   0.0000D+00   0.0000D+00  -0.4324D-01   0.0000D+00  -0.1083D+00   0.0000D+00  -0.7792D-01   0.0000D+00
   0.2567D+00   0.0000D+00   0.3994D-01   0.0000D+00   0.1026D+00   0.0000D+00   0.5013D-01   0.0000D+00   0.1114D-01   0.0000D+00   0.0000D+00   0.0000D+00   0.2567D+00   0.0000D+00   0.3994D-01   0.0000D+00   0.1026D+00   0.0000D+00
   0.0000D+00   0.0000D+00   0.0000D+00   0.0000D+00   0.0000D+00   0.0000D+00   0.0000D+00   0.0000D+00
  -0.1193D+00   0.8707D-02  -0.9078D-01   0.5028D-02   0.4866D-02  -0.3588D-02  -0.5133D-01   0.1407D-02  -0.1193D+00   0.8707D-02  -0.9078D-01   0.5028D-02
   0.2528D+00  -0.1040D-01   0.4030D-01  -0.3120D-02   0.8169D-01  -0.1916D-01   0.5391D-01   0.0000D+00   0.1300D-01   0.1129D-02  -0.1648D-02   0.3696D-02   0.2528D+00  -0.1040D-01   0.4030D-01  -0.3120D-02   0.8169D-01  -0.1916D-01
  -0.1046D-02  -0.2777D-02  -0.1272D-02  -0.2800D-02  -0.1046D-02  -0.2777D-02  -0.1272D-02  -0.2800D-02
  2.000  2.000
  -0.1007D+00   0.0000D+00  -0.7242D-01   0.0000D+00   0.0000D+00   0.0000D+00  -0.4019D-01   0.0000D+00  -0.1007D+00   0.0000D+00  -0.7242D-01   0.0000D+00
   0.2567D+00   0.0000D+00   0.3994D-01   0.0000D+00   0.1026D+00   0.0000D+00   0.5013D-01   0.0000D+00   0.1114D-01   0.0000D+00   0.0000D+00   0.0000D+00   0.2567D+00   0.0000D+00   0.3994D-01   0.0000D+00   0.1026D+00   0.0000D+00
   0.0000D+00   0.0000D+00   0.0000D+00   0.0000D+00   0.0000D+00   0.0000D+00   0.0000D+00   0.0000D+00
  -0.1170D+00   0.7521D-02  -0.8849D-01   0.4344D-02   0.4204D-02  -0.3099D-02  -0.4993D-01   0.1216D-02  -0.1170D+00   0.7521D-02  -0.8849D-01   0.4344D-02
   0.2531D+00  -0.9668D-02   0.4028D-01  -0.2900D-02   0.8318D-01  -0.1781D-01   0.5365D-01   0.0000D+00   0.1287D-01   0.1050D-02  -0.1532D-02   0.3435D-02   0.2531D+00  -0.9668D-02   0.4028D-01  -0.2900D-02   0.8318D-01  -0.1781D-01
  -0.9723D-03  -0.2581D-02  -0.1182D-02  -0.2602D-02  -0.9723D-03  -0.2581D-02  -0.1182D-02  -0.2602D-02
