 LHC=           1 sqrts=   8000.0000000000000      ang=           4 mode=fital                                                                                               scalescheme=           1 R=  0.69999999999999996     
 CT10nlo_rand5678                                                                                             254
 Bin information: chid, chiu, md, mu, mu0
   0.0000000000000000       0.50000000000000000        56.000000000000000        64.000000000000000        60.000000000000000     
 9 scales(muf, mur)*(LO(38), NLO(38))
  0.500  0.500
  -0.1817D+02   0.0000D+00  -0.3327D+02   0.0000D+00   0.0000D+00   0.0000D+00  -0.3528D+02   0.0000D+00  -0.1817D+02   0.0000D+00  -0.3327D+02   0.0000D+00
   0.2091D+00   0.0000D+00   0.4035D-01   0.0000D+00   0.4371D-01   0.0000D+00   0.9844D-01   0.0000D+00   0.2188D-01   0.0000D+00   0.0000D+00   0.0000D+00   0.2091D+00   0.0000D+00   0.4035D-01   0.0000D+00   0.4371D-01   0.0000D+00
   0.0000D+00   0.0000D+00   0.0000D+00   0.0000D+00   0.0000D+00   0.0000D+00   0.0000D+00   0.0000D+00
  -0.1225D+02   0.6564D+01  -0.2565D+02   0.3930D+01   0.3434D+01  -0.4852D+01  -0.3098D+02  -0.4553D+00  -0.1225D+02   0.6564D+01  -0.2565D+02   0.3930D+01
   0.6075D+00  -0.7293D-02   0.1149D+00  -0.3388D-02   0.9978D-01  -0.2765D-01   0.2439D+00   0.0000D+00   0.6650D-01   0.3545D-02   0.8615D-02   0.1160D-01   0.6075D+00  -0.7293D-02   0.1149D+00  -0.3388D-02   0.9978D-01  -0.2765D-01
  -0.1149D-03  -0.2350D-02  -0.1648D-02  -0.6106D-02  -0.1149D-03  -0.2350D-02  -0.1648D-02  -0.6106D-02
  0.500  1.000
  -0.1613D+02   0.0000D+00  -0.2954D+02   0.0000D+00   0.0000D+00   0.0000D+00  -0.3132D+02   0.0000D+00  -0.1613D+02   0.0000D+00  -0.2954D+02   0.0000D+00
   0.2091D+00   0.0000D+00   0.4035D-01   0.0000D+00   0.4371D-01   0.0000D+00   0.9844D-01   0.0000D+00   0.2188D-01   0.0000D+00   0.0000D+00   0.0000D+00   0.2091D+00   0.0000D+00   0.4035D-01   0.0000D+00   0.4371D-01   0.0000D+00
   0.0000D+00   0.0000D+00   0.0000D+00   0.0000D+00   0.0000D+00   0.0000D+00   0.0000D+00   0.0000D+00
  -0.1322D+02   0.5174D+01  -0.2673D+02   0.3098D+01   0.2705D+01  -0.3825D+01  -0.3133D+02  -0.3589D+00  -0.1322D+02   0.5174D+01  -0.2673D+02   0.3098D+01
   0.5728D+00  -0.6476D-02   0.1082D+00  -0.3008D-02   0.9645D-01  -0.2455D-01   0.2300D+00   0.0000D+00   0.6222D-01   0.3147D-02   0.7739D-02   0.1030D-01   0.5728D+00  -0.6476D-02   0.1082D+00  -0.3008D-02   0.9645D-01  -0.2455D-01
  -0.1020D-03  -0.2086D-02  -0.1463D-02  -0.5421D-02  -0.1020D-03  -0.2086D-02  -0.1463D-02  -0.5421D-02
  0.500  2.000
  -0.1451D+02   0.0000D+00  -0.2656D+02   0.0000D+00   0.0000D+00   0.0000D+00  -0.2817D+02   0.0000D+00  -0.1451D+02   0.0000D+00  -0.2656D+02   0.0000D+00
   0.2091D+00   0.0000D+00   0.4035D-01   0.0000D+00   0.4371D-01   0.0000D+00   0.9844D-01   0.0000D+00   0.2188D-01   0.0000D+00   0.0000D+00   0.0000D+00   0.2091D+00   0.0000D+00   0.4035D-01   0.0000D+00   0.4371D-01   0.0000D+00
   0.0000D+00   0.0000D+00   0.0000D+00   0.0000D+00   0.0000D+00   0.0000D+00   0.0000D+00   0.0000D+00
  -0.1356D+02   0.4184D+01  -0.2688D+02   0.2505D+01   0.2186D+01  -0.3093D+01  -0.3091D+02  -0.2903D+00  -0.1356D+02   0.4184D+01  -0.2688D+02   0.2505D+01
   0.5390D+00  -0.5824D-02   0.1019D+00  -0.2706D-02   0.9175D-01  -0.2208D-01   0.2176D+00   0.0000D+00   0.5841D-01   0.2831D-02   0.7021D-02   0.9264D-02   0.5390D+00  -0.5824D-02   0.1019D+00  -0.2706D-02   0.9175D-01  -0.2208D-01
  -0.9166D-04  -0.1876D-02  -0.1315D-02  -0.4876D-02  -0.9166D-04  -0.1876D-02  -0.1315D-02  -0.4876D-02
  1.000  0.500
  -0.1961D+02   0.0000D+00  -0.3638D+02   0.0000D+00   0.0000D+00   0.0000D+00  -0.3939D+02   0.0000D+00  -0.1961D+02   0.0000D+00  -0.3638D+02   0.0000D+00
   0.2312D+00   0.0000D+00   0.4444D-01   0.0000D+00   0.4653D-01   0.0000D+00   0.1049D+00   0.0000D+00   0.2331D-01   0.0000D+00   0.0000D+00   0.0000D+00   0.2312D+00   0.0000D+00   0.4444D-01   0.0000D+00   0.4653D-01   0.0000D+00
   0.0000D+00   0.0000D+00   0.0000D+00   0.0000D+00   0.0000D+00   0.0000D+00   0.0000D+00   0.0000D+00
  -0.1128D+02   0.7089D+01  -0.2550D+02   0.4384D+01   0.3293D+01  -0.5446D+01  -0.3127D+02  -0.5222D+00  -0.1128D+02   0.7089D+01  -0.2550D+02   0.4384D+01
   0.5906D+00  -0.7532D-02   0.1107D+00  -0.3619D-02   0.9440D-01  -0.3121D-01   0.2372D+00   0.0000D+00   0.6405D-01   0.3912D-02   0.8229D-02   0.1280D-01   0.5906D+00  -0.7532D-02   0.1107D+00  -0.3619D-02   0.9440D-01  -0.3121D-01
  -0.1275D-03  -0.3384D-02  -0.1897D-02  -0.6693D-02  -0.1275D-03  -0.3384D-02  -0.1897D-02  -0.6693D-02
  1.000  1.000
  -0.1741D+02   0.0000D+00  -0.3230D+02   0.0000D+00   0.0000D+00   0.0000D+00  -0.3497D+02   0.0000D+00  -0.1741D+02   0.0000D+00  -0.3230D+02   0.0000D+00
   0.2312D+00   0.0000D+00   0.4444D-01   0.0000D+00   0.4653D-01   0.0000D+00   0.1049D+00   0.0000D+00   0.2331D-01   0.0000D+00   0.0000D+00   0.0000D+00   0.2312D+00   0.0000D+00   0.4444D-01   0.0000D+00   0.4653D-01   0.0000D+00
   0.0000D+00   0.0000D+00   0.0000D+00   0.0000D+00   0.0000D+00   0.0000D+00   0.0000D+00   0.0000D+00
  -0.1268D+02   0.5587D+01  -0.2717D+02   0.3455D+01   0.2593D+01  -0.4292D+01  -0.3231D+02  -0.4116D+00  -0.1268D+02   0.5587D+01  -0.2717D+02   0.3455D+01
   0.5264D+00  -0.6687D-02   0.9913D-01  -0.3213D-02   0.8126D-01  -0.2771D-01   0.2175D+00   0.0000D+00   0.5793D-01   0.3473D-02   0.7218D-02   0.1137D-01   0.5264D+00  -0.6687D-02   0.9913D-01  -0.3213D-02   0.8126D-01  -0.2771D-01
  -0.1131D-03  -0.3005D-02  -0.1684D-02  -0.5943D-02  -0.1131D-03  -0.3005D-02  -0.1684D-02  -0.5943D-02
  1.000  2.000
  -0.1565D+02   0.0000D+00  -0.2905D+02   0.0000D+00   0.0000D+00   0.0000D+00  -0.3145D+02   0.0000D+00  -0.1565D+02   0.0000D+00  -0.2905D+02   0.0000D+00
   0.2312D+00   0.0000D+00   0.4444D-01   0.0000D+00   0.4653D-01   0.0000D+00   0.1049D+00   0.0000D+00   0.2331D-01   0.0000D+00   0.0000D+00   0.0000D+00   0.2312D+00   0.0000D+00   0.4444D-01   0.0000D+00   0.4653D-01   0.0000D+00
   0.0000D+00   0.0000D+00   0.0000D+00   0.0000D+00   0.0000D+00   0.0000D+00   0.0000D+00   0.0000D+00
  -0.1340D+02   0.4519D+01  -0.2777D+02   0.2795D+01   0.2095D+01  -0.3471D+01  -0.3240D+02  -0.3329D+00  -0.1340D+02   0.4519D+01  -0.2777D+02   0.2795D+01
   0.5285D+00  -0.6015D-02   0.9921D-01  -0.2890D-02   0.8741D-01  -0.2493D-01   0.2136D+00   0.0000D+00   0.5671D-01   0.3124D-02   0.6742D-02   0.1022D-01   0.5285D+00  -0.6015D-02   0.9921D-01  -0.2890D-02   0.8741D-01  -0.2493D-01
  -0.1017D-03  -0.2703D-02  -0.1514D-02  -0.5345D-02  -0.1017D-03  -0.2703D-02  -0.1514D-02  -0.5345D-02
  2.000  0.500
  -0.2101D+02   0.0000D+00  -0.3833D+02   0.0000D+00   0.0000D+00   0.0000D+00  -0.4173D+02   0.0000D+00  -0.2101D+02   0.0000D+00  -0.3833D+02   0.0000D+00
   0.2344D+00   0.0000D+00   0.4786D-01   0.0000D+00   0.4960D-01   0.0000D+00   0.1160D+00   0.0000D+00   0.2577D-01   0.0000D+00   0.0000D+00   0.0000D+00   0.2344D+00   0.0000D+00   0.4786D-01   0.0000D+00   0.4960D-01   0.0000D+00
   0.0000D+00   0.0000D+00   0.0000D+00   0.0000D+00   0.0000D+00   0.0000D+00   0.0000D+00   0.0000D+00
  -0.1079D+02   0.7784D+01  -0.2390D+02   0.4736D+01   0.3561D+01  -0.5365D+01  -0.3026D+02  -0.5559D+00  -0.1079D+02   0.7784D+01  -0.2390D+02   0.4736D+01
   0.6084D+00  -0.8084D-02   0.1204D+00  -0.3566D-02   0.9744D-01  -0.3035D-01   0.2493D+00   0.0000D+00   0.6722D-01   0.4319D-02   0.8077D-02   0.1413D-01   0.6084D+00  -0.8084D-02   0.1204D+00  -0.3566D-02   0.9744D-01  -0.3035D-01
  -0.1506D-03  -0.3126D-02  -0.2104D-02  -0.7468D-02  -0.1506D-03  -0.3126D-02  -0.2104D-02  -0.7468D-02
  2.000  1.000
  -0.1865D+02   0.0000D+00  -0.3403D+02   0.0000D+00   0.0000D+00   0.0000D+00  -0.3705D+02   0.0000D+00  -0.1865D+02   0.0000D+00  -0.3403D+02   0.0000D+00
   0.2344D+00   0.0000D+00   0.4786D-01   0.0000D+00   0.4960D-01   0.0000D+00   0.1160D+00   0.0000D+00   0.2577D-01   0.0000D+00   0.0000D+00   0.0000D+00   0.2344D+00   0.0000D+00   0.4786D-01   0.0000D+00   0.4960D-01   0.0000D+00
   0.0000D+00   0.0000D+00   0.0000D+00   0.0000D+00   0.0000D+00   0.0000D+00   0.0000D+00   0.0000D+00
  -0.1246D+02   0.6135D+01  -0.2616D+02   0.3733D+01   0.2806D+01  -0.4229D+01  -0.3184D+02  -0.4382D+00  -0.1246D+02   0.6135D+01  -0.2616D+02   0.3733D+01
   0.5126D+00  -0.7177D-02   0.1029D+00  -0.3167D-02   0.7753D-01  -0.2694D-01   0.2218D+00   0.0000D+00   0.5863D-01   0.3834D-02   0.6544D-02   0.1255D-01   0.5126D+00  -0.7177D-02   0.1029D+00  -0.3167D-02   0.7753D-01  -0.2694D-01
  -0.1336D-03  -0.2775D-02  -0.1868D-02  -0.6631D-02  -0.1336D-03  -0.2775D-02  -0.1868D-02  -0.6631D-02
  2.000  2.000
  -0.1677D+02   0.0000D+00  -0.3060D+02   0.0000D+00   0.0000D+00   0.0000D+00  -0.3332D+02   0.0000D+00  -0.1677D+02   0.0000D+00  -0.3060D+02   0.0000D+00
   0.2344D+00   0.0000D+00   0.4786D-01   0.0000D+00   0.4960D-01   0.0000D+00   0.1160D+00   0.0000D+00   0.2577D-01   0.0000D+00   0.0000D+00   0.0000D+00   0.2344D+00   0.0000D+00   0.4786D-01   0.0000D+00   0.4960D-01   0.0000D+00
   0.0000D+00   0.0000D+00   0.0000D+00   0.0000D+00   0.0000D+00   0.0000D+00   0.0000D+00   0.0000D+00
  -0.1318D+02   0.4962D+01  -0.2698D+02   0.3020D+01   0.2270D+01  -0.3421D+01  -0.3212D+02  -0.3544D+00  -0.1318D+02   0.4962D+01  -0.2698D+02   0.3020D+01
   0.3985D+00  -0.6455D-02   0.8242D-01  -0.2848D-02   0.5107D-01  -0.2423D-01   0.1916D+00   0.0000D+00   0.4916D-01   0.3448D-02   0.4974D-02   0.1129D-01   0.3985D+00  -0.6455D-02   0.8242D-01  -0.2848D-02   0.5107D-01  -0.2423D-01
  -0.1201D-03  -0.2496D-02  -0.1680D-02  -0.5963D-02  -0.1201D-03  -0.2496D-02  -0.1680D-02  -0.5963D-02
