 LHC=           1 sqrts=   8000.0000000000000      ang=           4 mode=fital                                                                                               scalescheme=           1 R=  0.69999999999999996     
 CT10nlo_rand5678                                                                                             332
 Bin information: chid, chiu, md, mu, mu0
   0.0000000000000000       0.50000000000000000        468.00000000000000        507.00000000000000        487.50000000000000     
 9 scales(muf, mur)*(LO(38), NLO(38))
  0.500  0.500
  -0.9200D+00   0.0000D+00  -0.8723D+00   0.0000D+00   0.0000D+00   0.0000D+00  -0.6981D+00   0.0000D+00  -0.9200D+00   0.0000D+00  -0.8723D+00   0.0000D+00
   0.5790D+00   0.0000D+00   0.9801D-01   0.0000D+00   0.1835D+00   0.0000D+00   0.1778D+00   0.0000D+00   0.3951D-01   0.0000D+00   0.0000D+00   0.0000D+00   0.5790D+00   0.0000D+00   0.9801D-01   0.0000D+00   0.1835D+00   0.0000D+00
   0.0000D+00   0.0000D+00   0.0000D+00   0.0000D+00   0.0000D+00   0.0000D+00   0.0000D+00   0.0000D+00
  -0.6891D+00   0.1200D+00  -0.7509D+00   0.7131D-01   0.7245D-01  -0.6853D-01  -0.6411D+00   0.5607D-02  -0.6891D+00   0.1200D+00  -0.7509D+00   0.7131D-01
   0.5076D+00  -0.2203D-01   0.8829D-01  -0.7592D-02   0.1069D+00  -0.5234D-01   0.1664D+00   0.0000D+00   0.4136D-01   0.4741D-02  -0.2811D-02   0.1552D-01   0.5076D+00  -0.2203D-01   0.8829D-01  -0.7592D-02   0.1069D+00  -0.5234D-01
  -0.1888D-02  -0.6737D-02  -0.3829D-02  -0.9349D-02  -0.1888D-02  -0.6737D-02  -0.3829D-02  -0.9349D-02
  0.500  1.000
  -0.8438D+00   0.0000D+00  -0.8000D+00   0.0000D+00   0.0000D+00   0.0000D+00  -0.6402D+00   0.0000D+00  -0.8438D+00   0.0000D+00  -0.8000D+00   0.0000D+00
   0.5790D+00   0.0000D+00   0.9801D-01   0.0000D+00   0.1835D+00   0.0000D+00   0.1778D+00   0.0000D+00   0.3951D-01   0.0000D+00   0.0000D+00   0.0000D+00   0.5790D+00   0.0000D+00   0.9801D-01   0.0000D+00   0.1835D+00   0.0000D+00
   0.0000D+00   0.0000D+00   0.0000D+00   0.0000D+00   0.0000D+00   0.0000D+00   0.0000D+00   0.0000D+00
  -0.7171D+00   0.1009D+00  -0.7619D+00   0.5998D-01   0.6094D-01  -0.5764D-01  -0.6435D+00   0.4716D-02  -0.7171D+00   0.1009D+00  -0.7619D+00   0.5998D-01
   0.5137D+00  -0.2021D-01   0.8913D-01  -0.6962D-02   0.1133D+00  -0.4800D-01   0.1674D+00   0.0000D+00   0.4122D-01   0.4348D-02  -0.2578D-02   0.1423D-01   0.5137D+00  -0.2021D-01   0.8913D-01  -0.6962D-02   0.1133D+00  -0.4800D-01
  -0.1731D-02  -0.6179D-02  -0.3512D-02  -0.8574D-02  -0.1731D-02  -0.6179D-02  -0.3512D-02  -0.8574D-02
  0.500  2.000
  -0.7794D+00   0.0000D+00  -0.7389D+00   0.0000D+00   0.0000D+00   0.0000D+00  -0.5914D+00   0.0000D+00  -0.7794D+00   0.0000D+00  -0.7389D+00   0.0000D+00
   0.5790D+00   0.0000D+00   0.9801D-01   0.0000D+00   0.1835D+00   0.0000D+00   0.1778D+00   0.0000D+00   0.3951D-01   0.0000D+00   0.0000D+00   0.0000D+00   0.5790D+00   0.0000D+00   0.9801D-01   0.0000D+00   0.1835D+00   0.0000D+00
   0.0000D+00   0.0000D+00   0.0000D+00   0.0000D+00   0.0000D+00   0.0000D+00   0.0000D+00   0.0000D+00
  -0.7289D+00   0.8608D-01  -0.7611D+00   0.5117D-01   0.5199D-01  -0.4918D-01  -0.6379D+00   0.4023D-02  -0.7289D+00   0.8608D-01  -0.7611D+00   0.5117D-01
   0.5189D+00  -0.1866D-01   0.8983D-01  -0.6431D-02   0.1187D+00  -0.4434D-01   0.1682D+00   0.0000D+00   0.4110D-01   0.4016D-02  -0.2381D-02   0.1314D-01   0.5189D+00  -0.1866D-01   0.8983D-01  -0.6431D-02   0.1187D+00  -0.4434D-01
  -0.1599D-02  -0.5707D-02  -0.3244D-02  -0.7920D-02  -0.1599D-02  -0.5707D-02  -0.3244D-02  -0.7920D-02
  1.000  0.500
  -0.8609D+00   0.0000D+00  -0.8144D+00   0.0000D+00   0.0000D+00   0.0000D+00  -0.6531D+00   0.0000D+00  -0.8609D+00   0.0000D+00  -0.8144D+00   0.0000D+00
   0.5429D+00   0.0000D+00   0.9166D-01   0.0000D+00   0.1717D+00   0.0000D+00   0.1661D+00   0.0000D+00   0.3692D-01   0.0000D+00   0.0000D+00   0.0000D+00   0.5429D+00   0.0000D+00   0.9166D-01   0.0000D+00   0.1717D+00   0.0000D+00
   0.0000D+00   0.0000D+00   0.0000D+00   0.0000D+00   0.0000D+00   0.0000D+00   0.0000D+00   0.0000D+00
  -0.6999D+00   0.1123D+00  -0.7530D+00   0.6683D-01   0.6887D-01  -0.6410D-01  -0.6418D+00   0.5345D-02  -0.6999D+00   0.1123D+00  -0.7530D+00   0.6683D-01
   0.5083D+00  -0.2061D-01   0.8800D-01  -0.7089D-02   0.1101D+00  -0.4888D-01   0.1650D+00   0.0000D+00   0.4093D-01   0.4426D-02  -0.2584D-02   0.1449D-01   0.5083D+00  -0.2061D-01   0.8800D-01  -0.7089D-02   0.1101D+00  -0.4888D-01
  -0.1774D-02  -0.6327D-02  -0.3591D-02  -0.8756D-02  -0.1774D-02  -0.6327D-02  -0.3591D-02  -0.8756D-02
  1.000  1.000
  -0.7895D+00   0.0000D+00  -0.7469D+00   0.0000D+00   0.0000D+00   0.0000D+00  -0.5989D+00   0.0000D+00  -0.7895D+00   0.0000D+00  -0.7469D+00   0.0000D+00
   0.5429D+00   0.0000D+00   0.9166D-01   0.0000D+00   0.1717D+00   0.0000D+00   0.1661D+00   0.0000D+00   0.3692D-01   0.0000D+00   0.0000D+00   0.0000D+00   0.5429D+00   0.0000D+00   0.9166D-01   0.0000D+00   0.1717D+00   0.0000D+00
   0.0000D+00   0.0000D+00   0.0000D+00   0.0000D+00   0.0000D+00   0.0000D+00   0.0000D+00   0.0000D+00
  -0.7174D+00   0.9443D-01  -0.7551D+00   0.5621D-01   0.5792D-01  -0.5391D-01  -0.6374D+00   0.4495D-02  -0.7174D+00   0.9443D-01  -0.7551D+00   0.5621D-01
   0.5113D+00  -0.1890D-01   0.8833D-01  -0.6502D-02   0.1153D+00  -0.4483D-01   0.1651D+00   0.0000D+00   0.4061D-01   0.4059D-02  -0.2370D-02   0.1329D-01   0.5113D+00  -0.1890D-01   0.8833D-01  -0.6502D-02   0.1153D+00  -0.4483D-01
  -0.1627D-02  -0.5803D-02  -0.3293D-02  -0.8030D-02  -0.1627D-02  -0.5803D-02  -0.3293D-02  -0.8030D-02
  1.000  2.000
  -0.7293D+00   0.0000D+00  -0.6899D+00   0.0000D+00   0.0000D+00   0.0000D+00  -0.5532D+00   0.0000D+00  -0.7293D+00   0.0000D+00  -0.6899D+00   0.0000D+00
   0.5429D+00   0.0000D+00   0.9166D-01   0.0000D+00   0.1717D+00   0.0000D+00   0.1661D+00   0.0000D+00   0.3692D-01   0.0000D+00   0.0000D+00   0.0000D+00   0.5429D+00   0.0000D+00   0.9166D-01   0.0000D+00   0.1717D+00   0.0000D+00
   0.0000D+00   0.0000D+00   0.0000D+00   0.0000D+00   0.0000D+00   0.0000D+00   0.0000D+00   0.0000D+00
  -0.7216D+00   0.8056D-01  -0.7479D+00   0.4795D-01   0.4942D-01  -0.4599D-01  -0.6269D+00   0.3835D-02  -0.7216D+00   0.8056D-01  -0.7479D+00   0.4795D-01
   0.5139D+00  -0.1746D-01   0.8861D-01  -0.6006D-02   0.1196D+00  -0.4141D-01   0.1652D+00   0.0000D+00   0.4033D-01   0.3750D-02  -0.2189D-02   0.1227D-01   0.5139D+00  -0.1746D-01   0.8861D-01  -0.6006D-02   0.1196D+00  -0.4141D-01
  -0.1503D-02  -0.5360D-02  -0.3042D-02  -0.7417D-02  -0.1503D-02  -0.5360D-02  -0.3042D-02  -0.7417D-02
  2.000  0.500
  -0.8079D+00   0.0000D+00  -0.7658D+00   0.0000D+00   0.0000D+00   0.0000D+00  -0.6120D+00   0.0000D+00  -0.8079D+00   0.0000D+00  -0.7658D+00   0.0000D+00
   0.5102D+00   0.0000D+00   0.8610D-01   0.0000D+00   0.1610D+00   0.0000D+00   0.1553D+00   0.0000D+00   0.3452D-01   0.0000D+00   0.0000D+00   0.0000D+00   0.5102D+00   0.0000D+00   0.8610D-01   0.0000D+00   0.1610D+00   0.0000D+00
   0.0000D+00   0.0000D+00   0.0000D+00   0.0000D+00   0.0000D+00   0.0000D+00   0.0000D+00   0.0000D+00
  -0.7139D+00   0.1057D+00  -0.7591D+00   0.6288D-01   0.6400D-01  -0.6016D-01  -0.6447D+00   0.5135D-02  -0.7139D+00   0.1057D+00  -0.7591D+00   0.6288D-01
   0.5103D+00  -0.1932D-01   0.8836D-01  -0.6662D-02   0.1135D+00  -0.4590D-01   0.1651D+00   0.0000D+00   0.4065D-01   0.4140D-02  -0.2639D-02   0.1355D-01   0.5103D+00  -0.1932D-01   0.8836D-01  -0.6662D-02   0.1135D+00  -0.4590D-01
  -0.1674D-02  -0.5961D-02  -0.3380D-02  -0.8225D-02  -0.1674D-02  -0.5961D-02  -0.3380D-02  -0.8225D-02
  2.000  1.000
  -0.7409D+00   0.0000D+00  -0.7023D+00   0.0000D+00   0.0000D+00   0.0000D+00  -0.5613D+00   0.0000D+00  -0.7409D+00   0.0000D+00  -0.7023D+00   0.0000D+00
   0.5102D+00   0.0000D+00   0.8610D-01   0.0000D+00   0.1610D+00   0.0000D+00   0.1553D+00   0.0000D+00   0.3452D-01   0.0000D+00   0.0000D+00   0.0000D+00   0.5102D+00   0.0000D+00   0.8610D-01   0.0000D+00   0.1610D+00   0.0000D+00
   0.0000D+00   0.0000D+00   0.0000D+00   0.0000D+00   0.0000D+00   0.0000D+00   0.0000D+00   0.0000D+00
  -0.7212D+00   0.8890D-01  -0.7529D+00   0.5289D-01   0.5383D-01  -0.5060D-01  -0.6337D+00   0.4319D-02  -0.7212D+00   0.8890D-01  -0.7529D+00   0.5289D-01
   0.5104D+00  -0.1772D-01   0.8820D-01  -0.6109D-02   0.1175D+00  -0.4209D-01   0.1643D+00   0.0000D+00   0.4015D-01   0.3797D-02  -0.2420D-02   0.1242D-01   0.5104D+00  -0.1772D-01   0.8820D-01  -0.6109D-02   0.1175D+00  -0.4209D-01
  -0.1535D-02  -0.5467D-02  -0.3100D-02  -0.7544D-02  -0.1535D-02  -0.5467D-02  -0.3100D-02  -0.7544D-02
  2.000  2.000
  -0.6844D+00   0.0000D+00  -0.6487D+00   0.0000D+00   0.0000D+00   0.0000D+00  -0.5184D+00   0.0000D+00  -0.6844D+00   0.0000D+00  -0.6487D+00   0.0000D+00
   0.5102D+00   0.0000D+00   0.8610D-01   0.0000D+00   0.1610D+00   0.0000D+00   0.1553D+00   0.0000D+00   0.3452D-01   0.0000D+00   0.0000D+00   0.0000D+00   0.5102D+00   0.0000D+00   0.8610D-01   0.0000D+00   0.1610D+00   0.0000D+00
   0.0000D+00   0.0000D+00   0.0000D+00   0.0000D+00   0.0000D+00   0.0000D+00   0.0000D+00   0.0000D+00
  -0.7181D+00   0.7584D-01  -0.7398D+00   0.4512D-01   0.4592D-01  -0.4316D-01  -0.6186D+00   0.3685D-02  -0.7181D+00   0.7584D-01  -0.7398D+00   0.4512D-01
   0.5105D+00  -0.1637D-01   0.8806D-01  -0.5643D-02   0.1209D+00  -0.3888D-01   0.1637D+00   0.0000D+00   0.3973D-01   0.3507D-02  -0.2235D-02   0.1148D-01   0.5105D+00  -0.1637D-01   0.8806D-01  -0.5643D-02   0.1209D+00  -0.3888D-01
  -0.1418D-02  -0.5049D-02  -0.2863D-02  -0.6968D-02  -0.1418D-02  -0.5049D-02  -0.2863D-02  -0.6968D-02
