 LHC=           1 sqrts=   8000.0000000000000      ang=           4 mode=fital                                                                                               scalescheme=           1 R=  0.69999999999999996     
 CT10nlo_rand5678                                                                                             265
 Bin information: chid, chiu, md, mu, mu0
   0.0000000000000000       0.50000000000000000        330.00000000000000        362.00000000000000        346.00000000000000     
 9 scales(muf, mur)*(LO(38), NLO(38))
  0.500  0.500
  -0.1790D+01   0.0000D+00  -0.1906D+01   0.0000D+00   0.0000D+00   0.0000D+00  -0.1729D+01   0.0000D+00  -0.1790D+01   0.0000D+00  -0.1906D+01   0.0000D+00
   0.6149D+00   0.0000D+00   0.1072D+00   0.0000D+00   0.1751D+00   0.0000D+00   0.2165D+00   0.0000D+00   0.4812D-01   0.0000D+00   0.0000D+00   0.0000D+00   0.6149D+00   0.0000D+00   0.1072D+00   0.0000D+00   0.1751D+00   0.0000D+00
   0.0000D+00   0.0000D+00   0.0000D+00   0.0000D+00   0.0000D+00   0.0000D+00   0.0000D+00   0.0000D+00
  -0.1313D+01   0.2798D+00  -0.1633D+01   0.1687D+00   0.1637D+00  -0.1778D+00  -0.1585D+01   0.1038D-02  -0.1313D+01   0.2798D+00  -0.1633D+01   0.1687D+00
   0.5972D+00  -0.2202D-01   0.1065D+00  -0.8075D-02   0.1130D+00  -0.5826D-01   0.2170D+00   0.0000D+00   0.5421D-01   0.6047D-02  -0.2488D-02   0.1979D-01   0.5972D+00  -0.2202D-01   0.1065D+00  -0.8075D-02   0.1130D+00  -0.5826D-01
  -0.1683D-02  -0.7251D-02  -0.4311D-02  -0.1129D-01  -0.1683D-02  -0.7251D-02  -0.4311D-02  -0.1129D-01
  0.500  1.000
  -0.1635D+01   0.0000D+00  -0.1741D+01   0.0000D+00   0.0000D+00   0.0000D+00  -0.1579D+01   0.0000D+00  -0.1635D+01   0.0000D+00  -0.1741D+01   0.0000D+00
   0.6149D+00   0.0000D+00   0.1072D+00   0.0000D+00   0.1751D+00   0.0000D+00   0.2165D+00   0.0000D+00   0.4812D-01   0.0000D+00   0.0000D+00   0.0000D+00   0.6149D+00   0.0000D+00   0.1072D+00   0.0000D+00   0.1751D+00   0.0000D+00
   0.0000D+00   0.0000D+00   0.0000D+00   0.0000D+00   0.0000D+00   0.0000D+00   0.0000D+00   0.0000D+00
  -0.1373D+01   0.2334D+00  -0.1658D+01   0.1407D+00   0.1365D+00  -0.1483D+00  -0.1591D+01   0.8660D-03  -0.1373D+01   0.2334D+00  -0.1658D+01   0.1407D+00
   0.5991D+00  -0.2011D-01   0.1066D+00  -0.7375D-02   0.1185D+00  -0.5321D-01   0.2171D+00   0.0000D+00   0.5371D-01   0.5523D-02  -0.2271D-02   0.1807D-01   0.5991D+00  -0.2011D-01   0.1066D+00  -0.7375D-02   0.1185D+00  -0.5321D-01
  -0.1537D-02  -0.6623D-02  -0.3937D-02  -0.1031D-01  -0.1537D-02  -0.6623D-02  -0.3937D-02  -0.1031D-01
  0.500  2.000
  -0.1505D+01   0.0000D+00  -0.1603D+01   0.0000D+00   0.0000D+00   0.0000D+00  -0.1453D+01   0.0000D+00  -0.1505D+01   0.0000D+00  -0.1603D+01   0.0000D+00
   0.6149D+00   0.0000D+00   0.1072D+00   0.0000D+00   0.1751D+00   0.0000D+00   0.2165D+00   0.0000D+00   0.4812D-01   0.0000D+00   0.0000D+00   0.0000D+00   0.6149D+00   0.0000D+00   0.1072D+00   0.0000D+00   0.1751D+00   0.0000D+00
   0.0000D+00   0.0000D+00   0.0000D+00   0.0000D+00   0.0000D+00   0.0000D+00   0.0000D+00   0.0000D+00
  -0.1399D+01   0.1978D+00  -0.1656D+01   0.1193D+00   0.1157D+00  -0.1257D+00  -0.1575D+01   0.7341D-03  -0.1399D+01   0.1978D+00  -0.1656D+01   0.1193D+00
   0.6006D+00  -0.1851D-01   0.1067D+00  -0.6789D-02   0.1231D+00  -0.4898D-01   0.2171D+00   0.0000D+00   0.5328D-01   0.5084D-02  -0.2089D-02   0.1664D-01   0.6006D+00  -0.1851D-01   0.1067D+00  -0.6789D-02   0.1231D+00  -0.4898D-01
  -0.1415D-02  -0.6096D-02  -0.3624D-02  -0.9494D-02  -0.1415D-02  -0.6096D-02  -0.3624D-02  -0.9494D-02
  1.000  0.500
  -0.1702D+01   0.0000D+00  -0.1832D+01   0.0000D+00   0.0000D+00   0.0000D+00  -0.1653D+01   0.0000D+00  -0.1702D+01   0.0000D+00  -0.1832D+01   0.0000D+00
   0.5859D+00   0.0000D+00   0.1025D+00   0.0000D+00   0.1671D+00   0.0000D+00   0.2069D+00   0.0000D+00   0.4598D-01   0.0000D+00   0.0000D+00   0.0000D+00   0.5859D+00   0.0000D+00   0.1025D+00   0.0000D+00   0.1671D+00   0.0000D+00
   0.0000D+00   0.0000D+00   0.0000D+00   0.0000D+00   0.0000D+00   0.0000D+00   0.0000D+00   0.0000D+00
  -0.1332D+01   0.2681D+00  -0.1639D+01   0.1623D+00   0.1589D+00  -0.1699D+00  -0.1589D+01   0.1161D-02  -0.1332D+01   0.2681D+00  -0.1639D+01   0.1623D+00
   0.5886D+00  -0.2099D-01   0.1052D+00  -0.7689D-02   0.1129D+00  -0.5540D-01   0.2140D+00   0.0000D+00   0.5355D-01   0.5783D-02  -0.2440D-02   0.1892D-01   0.5886D+00  -0.2099D-01   0.1052D+00  -0.7689D-02   0.1129D+00  -0.5540D-01
  -0.1613D-02  -0.6904D-02  -0.4144D-02  -0.1079D-01  -0.1613D-02  -0.6904D-02  -0.4144D-02  -0.1079D-01
  1.000  1.000
  -0.1555D+01   0.0000D+00  -0.1673D+01   0.0000D+00   0.0000D+00   0.0000D+00  -0.1509D+01   0.0000D+00  -0.1555D+01   0.0000D+00  -0.1673D+01   0.0000D+00
   0.5859D+00   0.0000D+00   0.1025D+00   0.0000D+00   0.1671D+00   0.0000D+00   0.2069D+00   0.0000D+00   0.4598D-01   0.0000D+00   0.0000D+00   0.0000D+00   0.5859D+00   0.0000D+00   0.1025D+00   0.0000D+00   0.1671D+00   0.0000D+00
   0.0000D+00   0.0000D+00   0.0000D+00   0.0000D+00   0.0000D+00   0.0000D+00   0.0000D+00   0.0000D+00
  -0.1376D+01   0.2237D+00  -0.1652D+01   0.1354D+00   0.1325D+00  -0.1417D+00  -0.1583D+01   0.9688D-03  -0.1376D+01   0.2237D+00  -0.1652D+01   0.1354D+00
   0.5887D+00  -0.1917D-01   0.1051D+00  -0.7022D-02   0.1177D+00  -0.5060D-01   0.2135D+00   0.0000D+00   0.5292D-01   0.5281D-02  -0.2227D-02   0.1728D-01   0.5887D+00  -0.1917D-01   0.1051D+00  -0.7022D-02   0.1177D+00  -0.5060D-01
  -0.1473D-02  -0.6305D-02  -0.3785D-02  -0.9855D-02  -0.1473D-02  -0.6305D-02  -0.3785D-02  -0.9855D-02
  1.000  2.000
  -0.1431D+01   0.0000D+00  -0.1540D+01   0.0000D+00   0.0000D+00   0.0000D+00  -0.1389D+01   0.0000D+00  -0.1431D+01   0.0000D+00  -0.1540D+01   0.0000D+00
   0.5859D+00   0.0000D+00   0.1025D+00   0.0000D+00   0.1671D+00   0.0000D+00   0.2069D+00   0.0000D+00   0.4598D-01   0.0000D+00   0.0000D+00   0.0000D+00   0.5859D+00   0.0000D+00   0.1025D+00   0.0000D+00   0.1671D+00   0.0000D+00
   0.0000D+00   0.0000D+00   0.0000D+00   0.0000D+00   0.0000D+00   0.0000D+00   0.0000D+00   0.0000D+00
  -0.1389D+01   0.1895D+00  -0.1641D+01   0.1147D+00   0.1123D+00  -0.1201D+00  -0.1558D+01   0.8212D-03  -0.1389D+01   0.1895D+00  -0.1641D+01   0.1147D+00
   0.5887D+00  -0.1765D-01   0.1049D+00  -0.6464D-02   0.1217D+00  -0.4658D-01   0.2130D+00   0.0000D+00   0.5238D-01   0.4862D-02  -0.2049D-02   0.1591D-01   0.5887D+00  -0.1765D-01   0.1049D+00  -0.6464D-02   0.1217D+00  -0.4658D-01
  -0.1356D-02  -0.5804D-02  -0.3484D-02  -0.9072D-02  -0.1356D-02  -0.5804D-02  -0.3484D-02  -0.9072D-02
  2.000  0.500
  -0.1622D+01   0.0000D+00  -0.1758D+01   0.0000D+00   0.0000D+00   0.0000D+00  -0.1585D+01   0.0000D+00  -0.1622D+01   0.0000D+00  -0.1758D+01   0.0000D+00
   0.5606D+00   0.0000D+00   0.9815D-01   0.0000D+00   0.1593D+00   0.0000D+00   0.1979D+00   0.0000D+00   0.4398D-01   0.0000D+00   0.0000D+00   0.0000D+00   0.5606D+00   0.0000D+00   0.9815D-01   0.0000D+00   0.1593D+00   0.0000D+00
   0.0000D+00   0.0000D+00   0.0000D+00   0.0000D+00   0.0000D+00   0.0000D+00   0.0000D+00   0.0000D+00
  -0.1353D+01   0.2573D+00  -0.1658D+01   0.1548D+00   0.1492D+00  -0.1630D+00  -0.1611D+01   0.1272D-02  -0.1353D+01   0.2573D+00  -0.1658D+01   0.1548D+00
   0.5861D+00  -0.2002D-01   0.1048D+00  -0.7359D-02   0.1149D+00  -0.5311D-01   0.2140D+00   0.0000D+00   0.5313D-01   0.5528D-02  -0.2261D-02   0.1809D-01   0.5861D+00  -0.2002D-01   0.1048D+00  -0.7359D-02   0.1149D+00  -0.5311D-01
  -0.1544D-02  -0.6639D-02  -0.3977D-02  -0.1030D-01  -0.1544D-02  -0.6639D-02  -0.3977D-02  -0.1030D-01
  2.000  1.000
  -0.1482D+01   0.0000D+00  -0.1606D+01   0.0000D+00   0.0000D+00   0.0000D+00  -0.1447D+01   0.0000D+00  -0.1482D+01   0.0000D+00  -0.1606D+01   0.0000D+00
   0.5606D+00   0.0000D+00   0.9815D-01   0.0000D+00   0.1593D+00   0.0000D+00   0.1979D+00   0.0000D+00   0.4398D-01   0.0000D+00   0.0000D+00   0.0000D+00   0.5606D+00   0.0000D+00   0.9815D-01   0.0000D+00   0.1593D+00   0.0000D+00
   0.0000D+00   0.0000D+00   0.0000D+00   0.0000D+00   0.0000D+00   0.0000D+00   0.0000D+00   0.0000D+00
  -0.1381D+01   0.2146D+00  -0.1656D+01   0.1291D+00   0.1244D+00  -0.1359D+00  -0.1590D+01   0.1062D-02  -0.1381D+01   0.2146D+00  -0.1656D+01   0.1291D+00
   0.5843D+00  -0.1828D-01   0.1043D+00  -0.6722D-02   0.1189D+00  -0.4851D-01   0.2127D+00   0.0000D+00   0.5236D-01   0.5049D-02  -0.2064D-02   0.1652D-01   0.5843D+00  -0.1828D-01   0.1043D+00  -0.6722D-02   0.1189D+00  -0.4851D-01
  -0.1410D-02  -0.6064D-02  -0.3632D-02  -0.9410D-02  -0.1410D-02  -0.6064D-02  -0.3632D-02  -0.9410D-02
  2.000  2.000
  -0.1364D+01   0.0000D+00  -0.1478D+01   0.0000D+00   0.0000D+00   0.0000D+00  -0.1332D+01   0.0000D+00  -0.1364D+01   0.0000D+00  -0.1478D+01   0.0000D+00
   0.5606D+00   0.0000D+00   0.9815D-01   0.0000D+00   0.1593D+00   0.0000D+00   0.1979D+00   0.0000D+00   0.4398D-01   0.0000D+00   0.0000D+00   0.0000D+00   0.5606D+00   0.0000D+00   0.9815D-01   0.0000D+00   0.1593D+00   0.0000D+00
   0.0000D+00   0.0000D+00   0.0000D+00   0.0000D+00   0.0000D+00   0.0000D+00   0.0000D+00   0.0000D+00
  -0.1384D+01   0.1818D+00  -0.1635D+01   0.1094D+00   0.1054D+00  -0.1152D+00  -0.1556D+01   0.9001D-03  -0.1384D+01   0.1818D+00  -0.1635D+01   0.1094D+00
   0.5826D+00  -0.1683D-01   0.1038D+00  -0.6187D-02   0.1222D+00  -0.4465D-01   0.2116D+00   0.0000D+00   0.5171D-01   0.4648D-02  -0.1899D-02   0.1521D-01   0.5826D+00  -0.1683D-01   0.1038D+00  -0.6187D-02   0.1222D+00  -0.4465D-01
  -0.1298D-02  -0.5582D-02  -0.3343D-02  -0.8662D-02  -0.1298D-02  -0.5582D-02  -0.3343D-02  -0.8662D-02
