 LHC=           1 sqrts=   8000.0000000000000      ang=           4 mode=fital                                                                                               scalescheme=           1 R=  0.69999999999999996     
 CT10nlo_rand5678                                                                                             265
 Bin information: chid, chiu, md, mu, mu0
   0.0000000000000000       0.50000000000000000        2750.0000000000000        3000.0000000000000        2875.0000000000000     
 9 scales(muf, mur)*(LO(38), NLO(38))
  0.500  0.500
  -0.8761D-05   0.0000D+00  -0.3947D-05   0.0000D+00   0.0000D+00   0.0000D+00  -0.1650D-05   0.0000D+00  -0.8761D-05   0.0000D+00  -0.3947D-05   0.0000D+00
   0.1204D-03   0.0000D+00   0.1551D-04   0.0000D+00   0.6744D-04   0.0000D+00   0.1445D-04   0.0000D+00   0.3211D-05   0.0000D+00   0.0000D+00   0.0000D+00   0.1204D-03   0.0000D+00   0.1551D-04   0.0000D+00   0.6744D-04   0.0000D+00
   0.0000D+00   0.0000D+00   0.0000D+00   0.0000D+00   0.0000D+00   0.0000D+00   0.0000D+00   0.0000D+00
  -0.9007D-05   0.4149D-06  -0.3971D-05   0.2822D-06   0.6513D-07  -0.1318D-06  -0.1584D-05   0.9473D-07  -0.9007D-05   0.4149D-06  -0.3971D-05   0.2822D-06
   0.1017D-03  -0.6584D-05   0.1283D-04  -0.1656D-05   0.5310D-04  -0.8303D-05   0.1323D-04   0.0000D+00   0.3210D-05   0.3135D-06  -0.3212D-06   0.1026D-05   0.1017D-03  -0.6584D-05   0.1283D-04  -0.1656D-05   0.5310D-04  -0.8303D-05
  -0.7375D-06  -0.1613D-05  -0.4786D-06  -0.9537D-06  -0.7375D-06  -0.1613D-05  -0.4786D-06  -0.9537D-06
  0.500  1.000
  -0.8165D-05   0.0000D+00  -0.3678D-05   0.0000D+00   0.0000D+00   0.0000D+00  -0.1537D-05   0.0000D+00  -0.8165D-05   0.0000D+00  -0.3678D-05   0.0000D+00
   0.1204D-03   0.0000D+00   0.1551D-04   0.0000D+00   0.6744D-04   0.0000D+00   0.1445D-04   0.0000D+00   0.3211D-05   0.0000D+00   0.0000D+00   0.0000D+00   0.1204D-03   0.0000D+00   0.1551D-04   0.0000D+00   0.6744D-04   0.0000D+00
   0.0000D+00   0.0000D+00   0.0000D+00   0.0000D+00   0.0000D+00   0.0000D+00   0.0000D+00   0.0000D+00
  -0.8917D-05   0.3603D-06  -0.3942D-05   0.2451D-06   0.5657D-07  -0.1145D-06  -0.1582D-05   0.8227D-07  -0.8917D-05   0.3603D-06  -0.3942D-05   0.2451D-06
   0.1029D-03  -0.6135D-05   0.1301D-04  -0.1544D-05   0.5408D-04  -0.7738D-05   0.1332D-04   0.0000D+00   0.3210D-05   0.2922D-06  -0.2994D-06   0.9561D-06   0.1029D-03  -0.6135D-05   0.1301D-04  -0.1544D-05   0.5408D-04  -0.7738D-05
  -0.6873D-06  -0.1503D-05  -0.4461D-06  -0.8888D-06  -0.6873D-06  -0.1503D-05  -0.4461D-06  -0.8888D-06
  0.500  2.000
  -0.7646D-05   0.0000D+00  -0.3444D-05   0.0000D+00   0.0000D+00   0.0000D+00  -0.1439D-05   0.0000D+00  -0.7646D-05   0.0000D+00  -0.3444D-05   0.0000D+00
   0.1204D-03   0.0000D+00   0.1551D-04   0.0000D+00   0.6744D-04   0.0000D+00   0.1445D-04   0.0000D+00   0.3211D-05   0.0000D+00   0.0000D+00   0.0000D+00   0.1204D-03   0.0000D+00   0.1551D-04   0.0000D+00   0.6744D-04   0.0000D+00
   0.0000D+00   0.0000D+00   0.0000D+00   0.0000D+00   0.0000D+00   0.0000D+00   0.0000D+00   0.0000D+00
  -0.8778D-05   0.3159D-06  -0.3888D-05   0.2149D-06   0.4961D-07  -0.1004D-06  -0.1568D-05   0.7214D-07  -0.8778D-05   0.3159D-06  -0.3888D-05   0.2149D-06
   0.1040D-03  -0.5745D-05   0.1317D-04  -0.1445D-05   0.5493D-04  -0.7246D-05   0.1339D-04   0.0000D+00   0.3210D-05   0.2736D-06  -0.2803D-06   0.8953D-06   0.1040D-03  -0.5745D-05   0.1317D-04  -0.1445D-05   0.5493D-04  -0.7246D-05
  -0.6436D-06  -0.1407D-05  -0.4177D-06  -0.8323D-06  -0.6436D-06  -0.1407D-05  -0.4177D-06  -0.8323D-06
  1.000  0.500
  -0.6820D-05   0.0000D+00  -0.3070D-05   0.0000D+00   0.0000D+00   0.0000D+00  -0.1285D-05   0.0000D+00  -0.6820D-05   0.0000D+00  -0.3070D-05   0.0000D+00
   0.9363D-04   0.0000D+00   0.1206D-04   0.0000D+00   0.5247D-04   0.0000D+00   0.1127D-04   0.0000D+00   0.2505D-05   0.0000D+00   0.0000D+00   0.0000D+00   0.9363D-04   0.0000D+00   0.1206D-04   0.0000D+00   0.5247D-04   0.0000D+00
   0.0000D+00   0.0000D+00   0.0000D+00   0.0000D+00   0.0000D+00   0.0000D+00   0.0000D+00   0.0000D+00
  -0.8723D-05   0.3225D-06  -0.3862D-05   0.2197D-06   0.4986D-07  -0.1027D-06  -0.1554D-05   0.7356D-07  -0.8723D-05   0.3225D-06  -0.3862D-05   0.2197D-06
   0.1027D-03  -0.5124D-05   0.1301D-04  -0.1288D-05   0.5449D-04  -0.6456D-05   0.1312D-04   0.0000D+00   0.3124D-05   0.2446D-06  -0.2417D-06   0.8005D-06   0.1027D-03  -0.5124D-05   0.1301D-04  -0.1288D-05   0.5449D-04  -0.6456D-05
  -0.5742D-06  -0.1254D-05  -0.3727D-06  -0.7432D-06  -0.5742D-06  -0.1254D-05  -0.3727D-06  -0.7432D-06
  1.000  1.000
  -0.6356D-05   0.0000D+00  -0.2861D-05   0.0000D+00   0.0000D+00   0.0000D+00  -0.1198D-05   0.0000D+00  -0.6356D-05   0.0000D+00  -0.2861D-05   0.0000D+00
   0.9363D-04   0.0000D+00   0.1206D-04   0.0000D+00   0.5247D-04   0.0000D+00   0.1127D-04   0.0000D+00   0.2505D-05   0.0000D+00   0.0000D+00   0.0000D+00   0.9363D-04   0.0000D+00   0.1206D-04   0.0000D+00   0.5247D-04   0.0000D+00
   0.0000D+00   0.0000D+00   0.0000D+00   0.0000D+00   0.0000D+00   0.0000D+00   0.0000D+00   0.0000D+00
  -0.8428D-05   0.2801D-06  -0.3738D-05   0.1908D-06   0.4331D-07  -0.8918D-07  -0.1511D-05   0.6388D-07  -0.8428D-05   0.2801D-06  -0.3738D-05   0.1908D-06
   0.1021D-03  -0.4775D-05   0.1294D-04  -0.1201D-05   0.5436D-04  -0.6016D-05   0.1300D-04   0.0000D+00   0.3082D-05   0.2279D-06  -0.2253D-06   0.7460D-06   0.1021D-03  -0.4775D-05   0.1294D-04  -0.1201D-05   0.5436D-04  -0.6016D-05
  -0.5351D-06  -0.1169D-05  -0.3473D-06  -0.6926D-06  -0.5351D-06  -0.1169D-05  -0.3473D-06  -0.6926D-06
  1.000  2.000
  -0.5952D-05   0.0000D+00  -0.2679D-05   0.0000D+00   0.0000D+00   0.0000D+00  -0.1122D-05   0.0000D+00  -0.5952D-05   0.0000D+00  -0.2679D-05   0.0000D+00
   0.9363D-04   0.0000D+00   0.1206D-04   0.0000D+00   0.5247D-04   0.0000D+00   0.1127D-04   0.0000D+00   0.2505D-05   0.0000D+00   0.0000D+00   0.0000D+00   0.9363D-04   0.0000D+00   0.1206D-04   0.0000D+00   0.5247D-04   0.0000D+00
   0.0000D+00   0.0000D+00   0.0000D+00   0.0000D+00   0.0000D+00   0.0000D+00   0.0000D+00   0.0000D+00
  -0.8137D-05   0.2456D-06  -0.3613D-05   0.1673D-06   0.3798D-07  -0.7820D-07  -0.1465D-05   0.5602D-07  -0.8137D-05   0.2456D-06  -0.3613D-05   0.1673D-06
   0.1015D-03  -0.4471D-05   0.1289D-04  -0.1124D-05   0.5424D-04  -0.5634D-05   0.1289D-04   0.0000D+00   0.3045D-05   0.2135D-06  -0.2109D-06   0.6986D-06   0.1015D-03  -0.4471D-05   0.1289D-04  -0.1124D-05   0.5424D-04  -0.5634D-05
  -0.5010D-06  -0.1094D-05  -0.3252D-06  -0.6485D-06  -0.5010D-06  -0.1094D-05  -0.3252D-06  -0.6485D-06
  2.000  0.500
  -0.5397D-05   0.0000D+00  -0.2427D-05   0.0000D+00   0.0000D+00   0.0000D+00  -0.1018D-05   0.0000D+00  -0.5397D-05   0.0000D+00  -0.2427D-05   0.0000D+00
   0.7403D-04   0.0000D+00   0.9536D-05   0.0000D+00   0.4147D-04   0.0000D+00   0.8934D-05   0.0000D+00   0.1985D-05   0.0000D+00   0.0000D+00   0.0000D+00   0.7403D-04   0.0000D+00   0.9536D-05   0.0000D+00   0.4147D-04   0.0000D+00
   0.0000D+00   0.0000D+00   0.0000D+00   0.0000D+00   0.0000D+00   0.0000D+00   0.0000D+00   0.0000D+00
  -0.8268D-05   0.2550D-06  -0.3668D-05   0.1738D-06   0.4060D-07  -0.8132D-07  -0.1488D-05   0.5809D-07  -0.8268D-05   0.2550D-06  -0.3668D-05   0.1738D-06
   0.9991D-04  -0.4050D-05   0.1270D-04  -0.1019D-05   0.5355D-04  -0.5106D-05   0.1264D-04   0.0000D+00   0.2974D-05   0.1938D-06  -0.1880D-06   0.6343D-06   0.9991D-04  -0.4050D-05   0.1270D-04  -0.1019D-05   0.5355D-04  -0.5106D-05
  -0.4543D-06  -0.9907D-06  -0.2949D-06  -0.5878D-06  -0.4543D-06  -0.9907D-06  -0.2949D-06  -0.5878D-06
  2.000  1.000
  -0.5030D-05   0.0000D+00  -0.2262D-05   0.0000D+00   0.0000D+00   0.0000D+00  -0.9485D-06   0.0000D+00  -0.5030D-05   0.0000D+00  -0.2262D-05   0.0000D+00
   0.7403D-04   0.0000D+00   0.9536D-05   0.0000D+00   0.4147D-04   0.0000D+00   0.8934D-05   0.0000D+00   0.1985D-05   0.0000D+00   0.0000D+00   0.0000D+00   0.7403D-04   0.0000D+00   0.9536D-05   0.0000D+00   0.4147D-04   0.0000D+00
   0.0000D+00   0.0000D+00   0.0000D+00   0.0000D+00   0.0000D+00   0.0000D+00   0.0000D+00   0.0000D+00
  -0.7855D-05   0.2215D-06  -0.3489D-05   0.1509D-06   0.3526D-07  -0.7062D-07  -0.1420D-05   0.5045D-07  -0.7855D-05   0.2215D-06  -0.3489D-05   0.1509D-06
   0.9815D-04  -0.3774D-05   0.1248D-04  -0.9496D-06   0.5273D-04  -0.4759D-05   0.1239D-04   0.0000D+00   0.2907D-05   0.1806D-06  -0.1752D-06   0.5912D-06   0.9815D-04  -0.3774D-05   0.1248D-04  -0.9496D-06   0.5273D-04  -0.4759D-05
  -0.4234D-06  -0.9233D-06  -0.2748D-06  -0.5478D-06  -0.4234D-06  -0.9233D-06  -0.2748D-06  -0.5478D-06
  2.000  2.000
  -0.4710D-05   0.0000D+00  -0.2118D-05   0.0000D+00   0.0000D+00   0.0000D+00  -0.8882D-06   0.0000D+00  -0.4710D-05   0.0000D+00  -0.2118D-05   0.0000D+00
   0.7403D-04   0.0000D+00   0.9536D-05   0.0000D+00   0.4147D-04   0.0000D+00   0.8934D-05   0.0000D+00   0.1985D-05   0.0000D+00   0.0000D+00   0.0000D+00   0.7403D-04   0.0000D+00   0.9536D-05   0.0000D+00   0.4147D-04   0.0000D+00
   0.0000D+00   0.0000D+00   0.0000D+00   0.0000D+00   0.0000D+00   0.0000D+00   0.0000D+00   0.0000D+00
  -0.7478D-05   0.1942D-06  -0.3325D-05   0.1324D-06   0.3092D-07  -0.6193D-07  -0.1356D-05   0.4424D-07  -0.7478D-05   0.1942D-06  -0.3325D-05   0.1324D-06
   0.9662D-04  -0.3534D-05   0.1230D-04  -0.8892D-06   0.5202D-04  -0.4456D-05   0.1217D-04   0.0000D+00   0.2848D-05   0.1691D-06  -0.1641D-06   0.5536D-06   0.9662D-04  -0.3534D-05   0.1230D-04  -0.8892D-06   0.5202D-04  -0.4456D-05
  -0.3964D-06  -0.8646D-06  -0.2574D-06  -0.5129D-06  -0.3964D-06  -0.8646D-06  -0.2574D-06  -0.5129D-06
