 LHC=           1 sqrts=   8000.0000000000000      ang=           4 mode=fital                                                                                               scalescheme=           1 R=  0.69999999999999996     
 CT10nlo_rand5678                                                                                             260
 Bin information: chid, chiu, md, mu, mu0
   0.0000000000000000       0.50000000000000000        1497.0000000000000        1588.0000000000000        1542.5000000000000     
 9 scales(muf, mur)*(LO(38), NLO(38))
  0.500  0.500
  -0.1666D-01   0.0000D+00  -0.1044D-01   0.0000D+00   0.0000D+00   0.0000D+00  -0.4765D-02   0.0000D+00  -0.1666D-01   0.0000D+00  -0.1044D-01   0.0000D+00
   0.7934D-01   0.0000D+00   0.1166D-01   0.0000D+00   0.3578D-01   0.0000D+00   0.1177D-01   0.0000D+00   0.2615D-02   0.0000D+00   0.0000D+00   0.0000D+00   0.7934D-01   0.0000D+00   0.1166D-01   0.0000D+00   0.3578D-01   0.0000D+00
   0.0000D+00   0.0000D+00   0.0000D+00   0.0000D+00   0.0000D+00   0.0000D+00   0.0000D+00   0.0000D+00
  -0.1423D-01   0.1180D-02  -0.9291D-02   0.6919D-03   0.5270D-03  -0.4068D-03  -0.4185D-02   0.2464D-03  -0.1423D-01   0.1180D-02  -0.9291D-02   0.6919D-03
   0.5877D-01  -0.3734D-02   0.8824D-02  -0.1048D-02   0.2141D-01  -0.6014D-02   0.9785D-02   0.0000D+00   0.2423D-02   0.2726D-03  -0.5279D-03   0.8922D-03   0.5877D-01  -0.3734D-02   0.8824D-02  -0.1048D-02   0.2141D-01  -0.6014D-02
  -0.3949D-03  -0.9482D-03  -0.3736D-03  -0.7847D-03  -0.3949D-03  -0.9482D-03  -0.3736D-03  -0.7847D-03
  0.500  1.000
  -0.1545D-01   0.0000D+00  -0.9678D-02   0.0000D+00   0.0000D+00   0.0000D+00  -0.4419D-02   0.0000D+00  -0.1545D-01   0.0000D+00  -0.9678D-02   0.0000D+00
   0.7934D-01   0.0000D+00   0.1166D-01   0.0000D+00   0.3578D-01   0.0000D+00   0.1177D-01   0.0000D+00   0.2615D-02   0.0000D+00   0.0000D+00   0.0000D+00   0.7934D-01   0.0000D+00   0.1166D-01   0.0000D+00   0.3578D-01   0.0000D+00
   0.0000D+00   0.0000D+00   0.0000D+00   0.0000D+00   0.0000D+00   0.0000D+00   0.0000D+00   0.0000D+00
  -0.1445D-01   0.1015D-02  -0.9374D-02   0.5951D-03   0.4534D-03  -0.3499D-03  -0.4231D-02   0.2120D-03  -0.1445D-01   0.1015D-02  -0.9374D-02   0.5951D-03
   0.6027D-01  -0.3463D-02   0.9031D-02  -0.9719D-03   0.2246D-01  -0.5578D-02   0.9930D-02   0.0000D+00   0.2437D-02   0.2528D-03  -0.4897D-03   0.8274D-03   0.6027D-01  -0.3463D-02   0.9031D-02  -0.9719D-03   0.2246D-01  -0.5578D-02
  -0.3662D-03  -0.8794D-03  -0.3465D-03  -0.7278D-03  -0.3662D-03  -0.8794D-03  -0.3465D-03  -0.7278D-03
  0.500  2.000
  -0.1441D-01   0.0000D+00  -0.9025D-02   0.0000D+00   0.0000D+00   0.0000D+00  -0.4121D-02   0.0000D+00  -0.1441D-01   0.0000D+00  -0.9025D-02   0.0000D+00
   0.7934D-01   0.0000D+00   0.1166D-01   0.0000D+00   0.3578D-01   0.0000D+00   0.1177D-01   0.0000D+00   0.2615D-02   0.0000D+00   0.0000D+00   0.0000D+00   0.7934D-01   0.0000D+00   0.1166D-01   0.0000D+00   0.3578D-01   0.0000D+00
   0.0000D+00   0.0000D+00   0.0000D+00   0.0000D+00   0.0000D+00   0.0000D+00   0.0000D+00   0.0000D+00
  -0.1448D-01   0.8827D-03  -0.9352D-02   0.5175D-03   0.3943D-03  -0.3043D-03  -0.4227D-02   0.1843D-03  -0.1448D-01   0.8827D-03  -0.9352D-02   0.5175D-03
   0.6156D-01  -0.3229D-02   0.9210D-02  -0.9063D-03   0.2336D-01  -0.5201D-02   0.1005D-01   0.0000D+00   0.2449D-02   0.2358D-03  -0.4566D-03   0.7716D-03   0.6156D-01  -0.3229D-02   0.9210D-02  -0.9063D-03   0.2336D-01  -0.5201D-02
  -0.3415D-03  -0.8200D-03  -0.3231D-03  -0.6787D-03  -0.3415D-03  -0.8200D-03  -0.3231D-03  -0.6787D-03
  1.000  0.500
  -0.1435D-01   0.0000D+00  -0.8970D-02   0.0000D+00   0.0000D+00   0.0000D+00  -0.4091D-02   0.0000D+00  -0.1435D-01   0.0000D+00  -0.8970D-02   0.0000D+00
   0.6825D-01   0.0000D+00   0.1002D-01   0.0000D+00   0.3086D-01   0.0000D+00   0.1009D-01   0.0000D+00   0.2242D-02   0.0000D+00   0.0000D+00   0.0000D+00   0.6825D-01   0.0000D+00   0.1002D-01   0.0000D+00   0.3086D-01   0.0000D+00
   0.0000D+00   0.0000D+00   0.0000D+00   0.0000D+00   0.0000D+00   0.0000D+00   0.0000D+00   0.0000D+00
  -0.1439D-01   0.1014D-02  -0.9333D-02   0.5954D-03   0.4518D-03  -0.3493D-03  -0.4212D-02   0.2122D-03  -0.1439D-01   0.1014D-02  -0.9333D-02   0.5954D-03
   0.6077D-01  -0.3220D-02   0.9080D-02  -0.9025D-03   0.2303D-01  -0.5171D-02   0.9901D-02   0.0000D+00   0.2418D-02   0.2340D-03  -0.4471D-03   0.7658D-03   0.6077D-01  -0.3220D-02   0.9080D-02  -0.9025D-03   0.2303D-01  -0.5171D-02
  -0.3403D-03  -0.8165D-03  -0.3211D-03  -0.6741D-03  -0.3403D-03  -0.8165D-03  -0.3211D-03  -0.6741D-03
  1.000  1.000
  -0.1331D-01   0.0000D+00  -0.8319D-02   0.0000D+00   0.0000D+00   0.0000D+00  -0.3794D-02   0.0000D+00  -0.1331D-01   0.0000D+00  -0.8319D-02   0.0000D+00
   0.6825D-01   0.0000D+00   0.1002D-01   0.0000D+00   0.3086D-01   0.0000D+00   0.1009D-01   0.0000D+00   0.2242D-02   0.0000D+00   0.0000D+00   0.0000D+00   0.6825D-01   0.0000D+00   0.1002D-01   0.0000D+00   0.3086D-01   0.0000D+00
   0.0000D+00   0.0000D+00   0.0000D+00   0.0000D+00   0.0000D+00   0.0000D+00   0.0000D+00   0.0000D+00
  -0.1428D-01   0.8722D-03  -0.9216D-02   0.5121D-03   0.3887D-03  -0.3004D-03  -0.4165D-02   0.1826D-03  -0.1428D-01   0.8722D-03  -0.9216D-02   0.5121D-03
   0.6131D-01  -0.2986D-02   0.9149D-02  -0.8370D-03   0.2360D-01  -0.4796D-02   0.9916D-02   0.0000D+00   0.2406D-02   0.2170D-03  -0.4147D-03   0.7102D-03   0.6131D-01  -0.2986D-02   0.9149D-02  -0.8370D-03   0.2360D-01  -0.4796D-02
  -0.3156D-03  -0.7572D-03  -0.2978D-03  -0.6252D-03  -0.3156D-03  -0.7572D-03  -0.2978D-03  -0.6252D-03
  1.000  2.000
  -0.1241D-01   0.0000D+00  -0.7758D-02   0.0000D+00   0.0000D+00   0.0000D+00  -0.3538D-02   0.0000D+00  -0.1241D-01   0.0000D+00  -0.7758D-02   0.0000D+00
   0.6825D-01   0.0000D+00   0.1002D-01   0.0000D+00   0.3086D-01   0.0000D+00   0.1009D-01   0.0000D+00   0.2242D-02   0.0000D+00   0.0000D+00   0.0000D+00   0.6825D-01   0.0000D+00   0.1002D-01   0.0000D+00   0.3086D-01   0.0000D+00
   0.0000D+00   0.0000D+00   0.0000D+00   0.0000D+00   0.0000D+00   0.0000D+00   0.0000D+00   0.0000D+00
  -0.1406D-01   0.7584D-03  -0.9046D-02   0.4453D-03   0.3380D-03  -0.2612D-03  -0.4092D-02   0.1587D-03  -0.1406D-01   0.7584D-03  -0.9046D-02   0.4453D-03
   0.6179D-01  -0.2785D-02   0.9209D-02  -0.7805D-03   0.2409D-01  -0.4472D-02   0.9928D-02   0.0000D+00   0.2395D-02   0.2024D-03  -0.3867D-03   0.6623D-03   0.6179D-01  -0.2785D-02   0.9209D-02  -0.7805D-03   0.2409D-01  -0.4472D-02
  -0.2943D-03  -0.7061D-03  -0.2777D-03  -0.5830D-03  -0.2943D-03  -0.7061D-03  -0.2777D-03  -0.5830D-03
  2.000  0.500
  -0.1249D-01   0.0000D+00  -0.7789D-02   0.0000D+00   0.0000D+00   0.0000D+00  -0.3546D-02   0.0000D+00  -0.1249D-01   0.0000D+00  -0.7789D-02   0.0000D+00
   0.5934D-01   0.0000D+00   0.8703D-02   0.0000D+00   0.2685D-01   0.0000D+00   0.8749D-02   0.0000D+00   0.1944D-02   0.0000D+00   0.0000D+00   0.0000D+00   0.5934D-01   0.0000D+00   0.8703D-02   0.0000D+00   0.2685D-01   0.0000D+00
   0.0000D+00   0.0000D+00   0.0000D+00   0.0000D+00   0.0000D+00   0.0000D+00   0.0000D+00   0.0000D+00
  -0.1440D-01   0.8804D-03  -0.9300D-02   0.5176D-03   0.3909D-03  -0.3028D-03  -0.4202D-02   0.1848D-03  -0.1440D-01   0.8804D-03  -0.9300D-02   0.5176D-03
   0.6180D-01  -0.2802D-02   0.9211D-02  -0.7849D-03   0.2416D-01  -0.4491D-02   0.9945D-02   0.0000D+00   0.2396D-02   0.2028D-03  -0.3840D-03   0.6639D-03   0.6180D-01  -0.2802D-02   0.9211D-02  -0.7849D-03   0.2416D-01  -0.4491D-02
  -0.2962D-03  -0.7105D-03  -0.2787D-03  -0.5846D-03  -0.2962D-03  -0.7105D-03  -0.2787D-03  -0.5846D-03
  2.000  1.000
  -0.1158D-01   0.0000D+00  -0.7224D-02   0.0000D+00   0.0000D+00   0.0000D+00  -0.3289D-02   0.0000D+00  -0.1158D-01   0.0000D+00  -0.7224D-02   0.0000D+00
   0.5934D-01   0.0000D+00   0.8703D-02   0.0000D+00   0.2685D-01   0.0000D+00   0.8749D-02   0.0000D+00   0.1944D-02   0.0000D+00   0.0000D+00   0.0000D+00   0.5934D-01   0.0000D+00   0.8703D-02   0.0000D+00   0.2685D-01   0.0000D+00
   0.0000D+00   0.0000D+00   0.0000D+00   0.0000D+00   0.0000D+00   0.0000D+00   0.0000D+00   0.0000D+00
  -0.1404D-01   0.7573D-03  -0.9031D-02   0.4452D-03   0.3362D-03  -0.2604D-03  -0.4084D-02   0.1590D-03  -0.1404D-01   0.7573D-03  -0.9031D-02   0.4452D-03
   0.6162D-01  -0.2599D-02   0.9175D-02  -0.7279D-03   0.2435D-01  -0.4165D-02   0.9859D-02   0.0000D+00   0.2363D-02   0.1881D-03  -0.3562D-03   0.6157D-03   0.6162D-01  -0.2599D-02   0.9175D-02  -0.7279D-03   0.2435D-01  -0.4165D-02
  -0.2747D-03  -0.6590D-03  -0.2585D-03  -0.5422D-03  -0.2747D-03  -0.6590D-03  -0.2585D-03  -0.5422D-03
  2.000  2.000
  -0.1080D-01   0.0000D+00  -0.6737D-02   0.0000D+00   0.0000D+00   0.0000D+00  -0.3067D-02   0.0000D+00  -0.1080D-01   0.0000D+00  -0.6737D-02   0.0000D+00
   0.5934D-01   0.0000D+00   0.8703D-02   0.0000D+00   0.2685D-01   0.0000D+00   0.8749D-02   0.0000D+00   0.1944D-02   0.0000D+00   0.0000D+00   0.0000D+00   0.5934D-01   0.0000D+00   0.8703D-02   0.0000D+00   0.2685D-01   0.0000D+00
   0.0000D+00   0.0000D+00   0.0000D+00   0.0000D+00   0.0000D+00   0.0000D+00   0.0000D+00   0.0000D+00
  -0.1365D-01   0.6585D-03  -0.8749D-02   0.3871D-03   0.2924D-03  -0.2265D-03  -0.3959D-02   0.1382D-03  -0.1365D-01   0.6585D-03  -0.8749D-02   0.3871D-03
   0.6147D-01  -0.2423D-02   0.9144D-02  -0.6788D-03   0.2452D-01  -0.3884D-02   0.9784D-02   0.0000D+00   0.2335D-02   0.1754D-03  -0.3322D-03   0.5741D-03   0.6147D-01  -0.2423D-02   0.9144D-02  -0.6788D-03   0.2452D-01  -0.3884D-02
  -0.2561D-03  -0.6145D-03  -0.2410D-03  -0.5056D-03  -0.2561D-03  -0.6145D-03  -0.2410D-03  -0.5056D-03
