 LHC=           1 sqrts=   8000.0000000000000      ang=           4 mode=fital                                                                                               scalescheme=           1 R=  0.69999999999999996     
 MSTW2008nlo68cl_rand1235                                                                                      32
 Bin information: chid, chiu, md, mu, mu0
   0.0000000000000000       0.50000000000000000        2116.0000000000000        2250.0000000000000        2183.0000000000000     
 9 scales(muf, mur)*(LO(38), NLO(38))
  0.500  0.500
  -0.6855D-03   0.0000D+00  -0.3498D-03   0.0000D+00   0.0000D+00   0.0000D+00  -0.1369D-03   0.0000D+00  -0.6855D-03   0.0000D+00  -0.3498D-03   0.0000D+00
   0.5723D-02   0.0000D+00   0.7743D-03   0.0000D+00   0.2986D-02   0.0000D+00   0.6506D-03   0.0000D+00   0.1446D-03   0.0000D+00   0.0000D+00   0.0000D+00   0.5723D-02   0.0000D+00   0.7743D-03   0.0000D+00   0.2986D-02   0.0000D+00
   0.0000D+00   0.0000D+00   0.0000D+00   0.0000D+00   0.0000D+00   0.0000D+00   0.0000D+00   0.0000D+00
  -0.6357D-03   0.3813D-04  -0.3256D-03   0.2396D-04   0.1063D-04  -0.1141D-04  -0.1221D-03   0.9225D-05  -0.6357D-03   0.3813D-04  -0.3256D-03   0.2396D-04
   0.4375D-02  -0.3039D-03   0.5893D-03  -0.7912D-04   0.2023D-02  -0.4154D-03   0.5553D-03   0.0000D+00   0.1358D-03   0.1471D-04  -0.3069D-04   0.4815D-04   0.4375D-02  -0.3039D-03   0.5893D-03  -0.7912D-04   0.2023D-02  -0.4154D-03
  -0.3295D-04  -0.7440D-04  -0.2373D-04  -0.4830D-04  -0.3295D-04  -0.7440D-04  -0.2373D-04  -0.4830D-04
  0.500  1.000
  -0.6370D-03   0.0000D+00  -0.3251D-03   0.0000D+00   0.0000D+00   0.0000D+00  -0.1272D-03   0.0000D+00  -0.6370D-03   0.0000D+00  -0.3251D-03   0.0000D+00
   0.5723D-02   0.0000D+00   0.7743D-03   0.0000D+00   0.2986D-02   0.0000D+00   0.6506D-03   0.0000D+00   0.1446D-03   0.0000D+00   0.0000D+00   0.0000D+00   0.5723D-02   0.0000D+00   0.7743D-03   0.0000D+00   0.2986D-02   0.0000D+00
   0.0000D+00   0.0000D+00   0.0000D+00   0.0000D+00   0.0000D+00   0.0000D+00   0.0000D+00   0.0000D+00
  -0.6376D-03   0.3292D-04  -0.3265D-03   0.2069D-04   0.9183D-05  -0.9847D-05  -0.1232D-03   0.7964D-05  -0.6376D-03   0.3292D-04  -0.3265D-03   0.2069D-04
   0.4470D-02  -0.2824D-03   0.6025D-03  -0.7352D-04   0.2091D-02  -0.3860D-03   0.5621D-03   0.0000D+00   0.1364D-03   0.1367D-04  -0.2852D-04   0.4474D-04   0.4470D-02  -0.2824D-03   0.6025D-03  -0.7352D-04   0.2091D-02  -0.3860D-03
  -0.3061D-04  -0.6913D-04  -0.2205D-04  -0.4488D-04  -0.3061D-04  -0.6913D-04  -0.2205D-04  -0.4488D-04
  0.500  2.000
  -0.5949D-03   0.0000D+00  -0.3036D-03   0.0000D+00   0.0000D+00   0.0000D+00  -0.1188D-03   0.0000D+00  -0.5949D-03   0.0000D+00  -0.3036D-03   0.0000D+00
   0.5723D-02   0.0000D+00   0.7743D-03   0.0000D+00   0.2986D-02   0.0000D+00   0.6506D-03   0.0000D+00   0.1446D-03   0.0000D+00   0.0000D+00   0.0000D+00   0.5723D-02   0.0000D+00   0.7743D-03   0.0000D+00   0.2986D-02   0.0000D+00
   0.0000D+00   0.0000D+00   0.0000D+00   0.0000D+00   0.0000D+00   0.0000D+00   0.0000D+00   0.0000D+00
  -0.6336D-03   0.2872D-04  -0.3243D-03   0.1805D-04   0.8011D-05  -0.8590D-05  -0.1229D-03   0.6947D-05  -0.6336D-03   0.2872D-04  -0.3243D-03   0.1805D-04
   0.4553D-02  -0.2637D-03   0.6138D-03  -0.6867D-04   0.2150D-02  -0.3605D-03   0.5679D-03   0.0000D+00   0.1369D-03   0.1277D-04  -0.2663D-04   0.4179D-04   0.4553D-02  -0.2637D-03   0.6138D-03  -0.6867D-04   0.2150D-02  -0.3605D-03
  -0.2859D-04  -0.6457D-04  -0.2060D-04  -0.4192D-04  -0.2859D-04  -0.6457D-04  -0.2060D-04  -0.4192D-04
  1.000  0.500
  -0.5624D-03   0.0000D+00  -0.2862D-03   0.0000D+00   0.0000D+00   0.0000D+00  -0.1119D-03   0.0000D+00  -0.5624D-03   0.0000D+00  -0.2862D-03   0.0000D+00
   0.4684D-02   0.0000D+00   0.6327D-03   0.0000D+00   0.2448D-02   0.0000D+00   0.5314D-03   0.0000D+00   0.1181D-03   0.0000D+00   0.0000D+00   0.0000D+00   0.4684D-02   0.0000D+00   0.6327D-03   0.0000D+00   0.2448D-02   0.0000D+00
   0.0000D+00   0.0000D+00   0.0000D+00   0.0000D+00   0.0000D+00   0.0000D+00   0.0000D+00   0.0000D+00
  -0.6337D-03   0.3118D-04  -0.3241D-03   0.1963D-04   0.8603D-05  -0.9319D-05  -0.1225D-03   0.7542D-05  -0.6337D-03   0.3118D-04  -0.3241D-03   0.1963D-04
   0.4520D-02  -0.2492D-03   0.6088D-03  -0.6483D-04   0.2143D-02  -0.3400D-03   0.5611D-03   0.0000D+00   0.1348D-03   0.1202D-04  -0.2455D-04   0.3933D-04   0.4520D-02  -0.2492D-03   0.6088D-03  -0.6483D-04   0.2143D-02  -0.3400D-03
  -0.2705D-04  -0.6101D-04  -0.1941D-04  -0.3948D-04  -0.2705D-04  -0.6101D-04  -0.1941D-04  -0.3948D-04
  1.000  1.000
  -0.5225D-03   0.0000D+00  -0.2659D-03   0.0000D+00   0.0000D+00   0.0000D+00  -0.1040D-03   0.0000D+00  -0.5225D-03   0.0000D+00  -0.2659D-03   0.0000D+00
   0.4684D-02   0.0000D+00   0.6327D-03   0.0000D+00   0.2448D-02   0.0000D+00   0.5314D-03   0.0000D+00   0.1181D-03   0.0000D+00   0.0000D+00   0.0000D+00   0.4684D-02   0.0000D+00   0.6327D-03   0.0000D+00   0.2448D-02   0.0000D+00
   0.0000D+00   0.0000D+00   0.0000D+00   0.0000D+00   0.0000D+00   0.0000D+00   0.0000D+00   0.0000D+00
  -0.6200D-03   0.2692D-04  -0.3169D-03   0.1695D-04   0.7428D-05  -0.8045D-05  -0.1202D-03   0.6512D-05  -0.6200D-03   0.2692D-04  -0.3169D-03   0.1695D-04
   0.4532D-02  -0.2315D-03   0.6106D-03  -0.6024D-04   0.2164D-02  -0.3159D-03   0.5590D-03   0.0000D+00   0.1336D-03   0.1117D-04  -0.2281D-04   0.3655D-04   0.4532D-02  -0.2315D-03   0.6106D-03  -0.6024D-04   0.2164D-02  -0.3159D-03
  -0.2513D-04  -0.5669D-04  -0.1803D-04  -0.3669D-04  -0.2513D-04  -0.5669D-04  -0.1803D-04  -0.3669D-04
  1.000  2.000
  -0.4880D-03   0.0000D+00  -0.2483D-03   0.0000D+00   0.0000D+00   0.0000D+00  -0.9712D-04   0.0000D+00  -0.4880D-03   0.0000D+00  -0.2483D-03   0.0000D+00
   0.4684D-02   0.0000D+00   0.6327D-03   0.0000D+00   0.2448D-02   0.0000D+00   0.5314D-03   0.0000D+00   0.1181D-03   0.0000D+00   0.0000D+00   0.0000D+00   0.4684D-02   0.0000D+00   0.6327D-03   0.0000D+00   0.2448D-02   0.0000D+00
   0.0000D+00   0.0000D+00   0.0000D+00   0.0000D+00   0.0000D+00   0.0000D+00   0.0000D+00   0.0000D+00
  -0.6043D-03   0.2348D-04  -0.3087D-03   0.1478D-04   0.6480D-05  -0.7018D-05  -0.1175D-03   0.5680D-05  -0.6043D-03   0.2348D-04  -0.3087D-03   0.1478D-04
   0.4542D-02  -0.2162D-03   0.6120D-03  -0.5626D-04   0.2183D-02  -0.2950D-03   0.5572D-03   0.0000D+00   0.1326D-03   0.1043D-04  -0.2131D-04   0.3413D-04   0.4542D-02  -0.2162D-03   0.6120D-03  -0.5626D-04   0.2183D-02  -0.2950D-03
  -0.2347D-04  -0.5295D-04  -0.1684D-04  -0.3427D-04  -0.2347D-04  -0.5295D-04  -0.1684D-04  -0.3427D-04
  2.000  0.500
  -0.4675D-03   0.0000D+00  -0.2370D-03   0.0000D+00   0.0000D+00   0.0000D+00  -0.9265D-04   0.0000D+00  -0.4675D-03   0.0000D+00  -0.2370D-03   0.0000D+00
   0.3884D-02   0.0000D+00   0.5240D-03   0.0000D+00   0.2034D-02   0.0000D+00   0.4396D-03   0.0000D+00   0.9769D-04   0.0000D+00   0.0000D+00   0.0000D+00   0.3884D-02   0.0000D+00   0.5240D-03   0.0000D+00   0.2034D-02   0.0000D+00
   0.0000D+00   0.0000D+00   0.0000D+00   0.0000D+00   0.0000D+00   0.0000D+00   0.0000D+00   0.0000D+00
  -0.6201D-03   0.2583D-04  -0.3167D-03   0.1630D-04   0.7055D-05  -0.7714D-05  -0.1203D-03   0.6252D-05  -0.6201D-03   0.2583D-04  -0.3167D-03   0.1630D-04
   0.4534D-02  -0.2070D-03   0.6111D-03  -0.5381D-04   0.2192D-02  -0.2818D-03   0.5540D-03   0.0000D+00   0.1315D-03   0.9942D-05  -0.2013D-04   0.3254D-04   0.4534D-02  -0.2070D-03   0.6111D-03  -0.5381D-04   0.2192D-02  -0.2818D-03
  -0.2248D-04  -0.5078D-04  -0.1608D-04  -0.3269D-04  -0.2248D-04  -0.5078D-04  -0.1608D-04  -0.3269D-04
  2.000  1.000
  -0.4343D-03   0.0000D+00  -0.2202D-03   0.0000D+00   0.0000D+00   0.0000D+00  -0.8609D-04   0.0000D+00  -0.4343D-03   0.0000D+00  -0.2202D-03   0.0000D+00
   0.3884D-02   0.0000D+00   0.5240D-03   0.0000D+00   0.2034D-02   0.0000D+00   0.4396D-03   0.0000D+00   0.9769D-04   0.0000D+00   0.0000D+00   0.0000D+00   0.3884D-02   0.0000D+00   0.5240D-03   0.0000D+00   0.2034D-02   0.0000D+00
   0.0000D+00   0.0000D+00   0.0000D+00   0.0000D+00   0.0000D+00   0.0000D+00   0.0000D+00   0.0000D+00
  -0.5959D-03   0.2230D-04  -0.3041D-03   0.1407D-04   0.6092D-05  -0.6660D-05  -0.1159D-03   0.5397D-05  -0.5959D-03   0.2230D-04  -0.3041D-03   0.1407D-04
   0.4488D-02  -0.1924D-03   0.6049D-03  -0.4999D-04   0.2181D-02  -0.2618D-03   0.5459D-03   0.0000D+00   0.1291D-03   0.9237D-05  -0.1871D-04   0.3023D-04   0.4488D-02  -0.1924D-03   0.6049D-03  -0.4999D-04   0.2181D-02  -0.2618D-03
  -0.2089D-04  -0.4718D-04  -0.1494D-04  -0.3037D-04  -0.2089D-04  -0.4718D-04  -0.1494D-04  -0.3037D-04
  2.000  2.000
  -0.4057D-03   0.0000D+00  -0.2057D-03   0.0000D+00   0.0000D+00   0.0000D+00  -0.8040D-04   0.0000D+00  -0.4057D-03   0.0000D+00  -0.2057D-03   0.0000D+00
   0.3884D-02   0.0000D+00   0.5240D-03   0.0000D+00   0.2034D-02   0.0000D+00   0.4396D-03   0.0000D+00   0.9769D-04   0.0000D+00   0.0000D+00   0.0000D+00   0.3884D-02   0.0000D+00   0.5240D-03   0.0000D+00   0.2034D-02   0.0000D+00
   0.0000D+00   0.0000D+00   0.0000D+00   0.0000D+00   0.0000D+00   0.0000D+00   0.0000D+00   0.0000D+00
  -0.5726D-03   0.1946D-04  -0.2920D-03   0.1228D-04   0.5315D-05  -0.5810D-05  -0.1116D-03   0.4708D-05  -0.5726D-03   0.1946D-04  -0.2920D-03   0.1228D-04
   0.4448D-02  -0.1797D-03   0.5996D-03  -0.4669D-04   0.2171D-02  -0.2446D-03   0.5389D-03   0.0000D+00   0.1270D-03   0.8628D-05  -0.1747D-04   0.2824D-04   0.4448D-02  -0.1797D-03   0.5996D-03  -0.4669D-04   0.2171D-02  -0.2446D-03
  -0.1951D-04  -0.4406D-04  -0.1395D-04  -0.2837D-04  -0.1951D-04  -0.4406D-04  -0.1395D-04  -0.2837D-04
