 LHC=           1 sqrts=   8000.0000000000000      ang=           4 mode=fital                                                                                               scalescheme=           1 R=  0.69999999999999996     
 CT10nlo_rand5678                                                                                             142
 Bin information: chid, chiu, md, mu, mu0
   0.0000000000000000       0.50000000000000000        220.00000000000000        245.00000000000000        232.50000000000000     
 9 scales(muf, mur)*(LO(38), NLO(38))
  0.500  0.500
  -0.3456D+01   0.0000D+00  -0.4382D+01   0.0000D+00   0.0000D+00   0.0000D+00  -0.4357D+01   0.0000D+00  -0.3456D+01   0.0000D+00  -0.4382D+01   0.0000D+00
   0.5905D+00   0.0000D+00   0.1063D+00   0.0000D+00   0.1477D+00   0.0000D+00   0.2333D+00   0.0000D+00   0.5184D-01   0.0000D+00   0.0000D+00   0.0000D+00   0.5905D+00   0.0000D+00   0.1063D+00   0.0000D+00   0.1477D+00   0.0000D+00
   0.0000D+00   0.0000D+00   0.0000D+00   0.0000D+00   0.0000D+00   0.0000D+00   0.0000D+00   0.0000D+00
  -0.2456D+01   0.6907D+00  -0.3679D+01   0.4154D+00   0.3609D+00  -0.4738D+00  -0.3991D+01  -0.2418D-01  -0.2456D+01   0.6907D+00  -0.3679D+01   0.4154D+00
   0.6653D+00  -0.1958D-01   0.1211D+00  -0.7792D-02   0.1102D+00  -0.5963D-01   0.2600D+00   0.0000D+00   0.6550D-01   0.6879D-02  -0.4972D-03   0.2251D-01   0.6653D+00  -0.1958D-01   0.1211D+00  -0.7792D-02   0.1102D+00  -0.5963D-01
  -0.1233D-02  -0.6922D-02  -0.4351D-02  -0.1230D-01  -0.1233D-02  -0.6922D-02  -0.4351D-02  -0.1230D-01
  0.500  1.000
  -0.3141D+01   0.0000D+00  -0.3982D+01   0.0000D+00   0.0000D+00   0.0000D+00  -0.3959D+01   0.0000D+00  -0.3141D+01   0.0000D+00  -0.3982D+01   0.0000D+00
   0.5905D+00   0.0000D+00   0.1063D+00   0.0000D+00   0.1477D+00   0.0000D+00   0.2333D+00   0.0000D+00   0.5184D-01   0.0000D+00   0.0000D+00   0.0000D+00   0.5905D+00   0.0000D+00   0.1063D+00   0.0000D+00   0.1477D+00   0.0000D+00
   0.0000D+00   0.0000D+00   0.0000D+00   0.0000D+00   0.0000D+00   0.0000D+00   0.0000D+00   0.0000D+00
  -0.2591D+01   0.5703D+00  -0.3752D+01   0.3430D+00   0.2979D+00  -0.3912D+00  -0.4006D+01  -0.1996D-01  -0.2591D+01   0.5703D+00  -0.3752D+01   0.3430D+00
   0.6591D+00  -0.1779D-01   0.1199D+00  -0.7080D-02   0.1139D+00  -0.5419D-01   0.2577D+00   0.0000D+00   0.6430D-01   0.6251D-02  -0.4451D-03   0.2046D-01   0.6591D+00  -0.1779D-01   0.1199D+00  -0.7080D-02   0.1139D+00  -0.5419D-01
  -0.1120D-02  -0.6290D-02  -0.3953D-02  -0.1118D-01  -0.1120D-02  -0.6290D-02  -0.3953D-02  -0.1118D-01
  0.500  2.000
  -0.2879D+01   0.0000D+00  -0.3650D+01   0.0000D+00   0.0000D+00   0.0000D+00  -0.3629D+01   0.0000D+00  -0.2879D+01   0.0000D+00  -0.3650D+01   0.0000D+00
   0.5905D+00   0.0000D+00   0.1063D+00   0.0000D+00   0.1477D+00   0.0000D+00   0.2333D+00   0.0000D+00   0.5184D-01   0.0000D+00   0.0000D+00   0.0000D+00   0.5905D+00   0.0000D+00   0.1063D+00   0.0000D+00   0.1477D+00   0.0000D+00
   0.0000D+00   0.0000D+00   0.0000D+00   0.0000D+00   0.0000D+00   0.0000D+00   0.0000D+00   0.0000D+00
  -0.2649D+01   0.4791D+00  -0.3751D+01   0.2881D+00   0.2502D+00  -0.3287D+00  -0.3961D+01  -0.1677D-01  -0.2649D+01   0.4791D+00  -0.3751D+01   0.2881D+00
   0.6539D+00  -0.1631D-01   0.1188D+00  -0.6490D-02   0.1168D+00  -0.4967D-01   0.2558D+00   0.0000D+00   0.6330D-01   0.5730D-02  -0.4027D-03   0.1875D-01   0.6539D+00  -0.1631D-01   0.1188D+00  -0.6490D-02   0.1168D+00  -0.4967D-01
  -0.1027D-02  -0.5766D-02  -0.3623D-02  -0.1025D-01  -0.1027D-02  -0.5766D-02  -0.3623D-02  -0.1025D-01
  1.000  0.500
  -0.3341D+01   0.0000D+00  -0.4310D+01   0.0000D+00   0.0000D+00   0.0000D+00  -0.4248D+01   0.0000D+00  -0.3341D+01   0.0000D+00  -0.4310D+01   0.0000D+00
   0.5779D+00   0.0000D+00   0.1044D+00   0.0000D+00   0.1442D+00   0.0000D+00   0.2279D+00   0.0000D+00   0.5065D-01   0.0000D+00   0.0000D+00   0.0000D+00   0.5779D+00   0.0000D+00   0.1044D+00   0.0000D+00   0.1442D+00   0.0000D+00
   0.0000D+00   0.0000D+00   0.0000D+00   0.0000D+00   0.0000D+00   0.0000D+00   0.0000D+00   0.0000D+00
  -0.2481D+01   0.6764D+00  -0.3717D+01   0.4071D+00   0.3461D+00  -0.4610D+00  -0.3990D+01  -0.2370D-01  -0.2481D+01   0.6764D+00  -0.3717D+01   0.4071D+00
   0.6507D+00  -0.1922D-01   0.1196D+00  -0.7667D-02   0.1092D+00  -0.5835D-01   0.2560D+00   0.0000D+00   0.6443D-01   0.6737D-02  -0.4908D-03   0.2205D-01   0.6507D+00  -0.1922D-01   0.1196D+00  -0.7667D-02   0.1092D+00  -0.5835D-01
  -0.1209D-02  -0.6687D-02  -0.4304D-02  -0.1202D-01  -0.1209D-02  -0.6687D-02  -0.4304D-02  -0.1202D-01
  1.000  1.000
  -0.3036D+01   0.0000D+00  -0.3916D+01   0.0000D+00   0.0000D+00   0.0000D+00  -0.3860D+01   0.0000D+00  -0.3036D+01   0.0000D+00  -0.3916D+01   0.0000D+00
   0.5779D+00   0.0000D+00   0.1044D+00   0.0000D+00   0.1442D+00   0.0000D+00   0.2279D+00   0.0000D+00   0.5065D-01   0.0000D+00   0.0000D+00   0.0000D+00   0.5779D+00   0.0000D+00   0.1044D+00   0.0000D+00   0.1442D+00   0.0000D+00
   0.0000D+00   0.0000D+00   0.0000D+00   0.0000D+00   0.0000D+00   0.0000D+00   0.0000D+00   0.0000D+00
  -0.2594D+01   0.5585D+00  -0.3771D+01   0.3361D+00   0.2857D+00  -0.3807D+00  -0.3987D+01  -0.1956D-01  -0.2594D+01   0.5585D+00  -0.3771D+01   0.3361D+00
   0.6447D+00  -0.1746D-01   0.1183D+00  -0.6967D-02   0.1125D+00  -0.5302D-01   0.2537D+00   0.0000D+00   0.6322D-01   0.6121D-02  -0.4402D-03   0.2003D-01   0.6447D+00  -0.1746D-01   0.1183D+00  -0.6967D-02   0.1125D+00  -0.5302D-01
  -0.1099D-02  -0.6077D-02  -0.3911D-02  -0.1092D-01  -0.1099D-02  -0.6077D-02  -0.3911D-02  -0.1092D-01
  1.000  2.000
  -0.2783D+01   0.0000D+00  -0.3589D+01   0.0000D+00   0.0000D+00   0.0000D+00  -0.3538D+01   0.0000D+00  -0.2783D+01   0.0000D+00  -0.3589D+01   0.0000D+00
   0.5779D+00   0.0000D+00   0.1044D+00   0.0000D+00   0.1442D+00   0.0000D+00   0.2279D+00   0.0000D+00   0.5065D-01   0.0000D+00   0.0000D+00   0.0000D+00   0.5779D+00   0.0000D+00   0.1044D+00   0.0000D+00   0.1442D+00   0.0000D+00
   0.0000D+00   0.0000D+00   0.0000D+00   0.0000D+00   0.0000D+00   0.0000D+00   0.0000D+00   0.0000D+00
  -0.2636D+01   0.4692D+00  -0.3757D+01   0.2824D+00   0.2400D+00  -0.3198D+00  -0.3930D+01  -0.1644D-01  -0.2636D+01   0.4692D+00  -0.3757D+01   0.2824D+00
   0.6396D+00  -0.1601D-01   0.1172D+00  -0.6386D-02   0.1153D+00  -0.4860D-01   0.2517D+00   0.0000D+00   0.6221D-01   0.5611D-02  -0.3990D-03   0.1836D-01   0.6396D+00  -0.1601D-01   0.1172D+00  -0.6386D-02   0.1153D+00  -0.4860D-01
  -0.1007D-02  -0.5570D-02  -0.3585D-02  -0.1001D-01  -0.1007D-02  -0.5570D-02  -0.3585D-02  -0.1001D-01
  2.000  0.500
  -0.3262D+01   0.0000D+00  -0.4203D+01   0.0000D+00   0.0000D+00   0.0000D+00  -0.4157D+01   0.0000D+00  -0.3262D+01   0.0000D+00  -0.4203D+01   0.0000D+00
   0.5628D+00   0.0000D+00   0.1018D+00   0.0000D+00   0.1397D+00   0.0000D+00   0.2227D+00   0.0000D+00   0.4948D-01   0.0000D+00   0.0000D+00   0.0000D+00   0.5628D+00   0.0000D+00   0.1018D+00   0.0000D+00   0.1397D+00   0.0000D+00
   0.0000D+00   0.0000D+00   0.0000D+00   0.0000D+00   0.0000D+00   0.0000D+00   0.0000D+00   0.0000D+00
  -0.2508D+01   0.6615D+00  -0.3748D+01   0.3977D+00   0.3557D+00  -0.4513D+00  -0.4039D+01  -0.2266D-01  -0.2508D+01   0.6615D+00  -0.3748D+01   0.3977D+00
   0.6379D+00  -0.1855D-01   0.1164D+00  -0.7437D-02   0.1071D+00  -0.5636D-01   0.2527D+00   0.0000D+00   0.6361D-01   0.6577D-02  -0.4732D-03   0.2153D-01   0.6379D+00  -0.1855D-01   0.1164D+00  -0.7437D-02   0.1071D+00  -0.5636D-01
  -0.1186D-02  -0.6583D-02  -0.4232D-02  -0.1174D-01  -0.1186D-02  -0.6583D-02  -0.4232D-02  -0.1174D-01
  2.000  1.000
  -0.2964D+01   0.0000D+00  -0.3819D+01   0.0000D+00   0.0000D+00   0.0000D+00  -0.3778D+01   0.0000D+00  -0.2964D+01   0.0000D+00  -0.3819D+01   0.0000D+00
   0.5628D+00   0.0000D+00   0.1018D+00   0.0000D+00   0.1397D+00   0.0000D+00   0.2227D+00   0.0000D+00   0.4948D-01   0.0000D+00   0.0000D+00   0.0000D+00   0.5628D+00   0.0000D+00   0.1018D+00   0.0000D+00   0.1397D+00   0.0000D+00
   0.0000D+00   0.0000D+00   0.0000D+00   0.0000D+00   0.0000D+00   0.0000D+00   0.0000D+00   0.0000D+00
  -0.2607D+01   0.5462D+00  -0.3784D+01   0.3284D+00   0.2937D+00  -0.3726D+00  -0.4015D+01  -0.1871D-01  -0.2607D+01   0.5462D+00  -0.3784D+01   0.3284D+00
   0.6356D+00  -0.1686D-01   0.1158D+00  -0.6758D-02   0.1115D+00  -0.5121D-01   0.2509D+00   0.0000D+00   0.6262D-01   0.5977D-02  -0.4190D-03   0.1956D-01   0.6356D+00  -0.1686D-01   0.1158D+00  -0.6758D-02   0.1115D+00  -0.5121D-01
  -0.1078D-02  -0.5982D-02  -0.3845D-02  -0.1067D-01  -0.1078D-02  -0.5982D-02  -0.3845D-02  -0.1067D-01
  2.000  2.000
  -0.2717D+01   0.0000D+00  -0.3500D+01   0.0000D+00   0.0000D+00   0.0000D+00  -0.3463D+01   0.0000D+00  -0.2717D+01   0.0000D+00  -0.3500D+01   0.0000D+00
   0.5628D+00   0.0000D+00   0.1018D+00   0.0000D+00   0.1397D+00   0.0000D+00   0.2227D+00   0.0000D+00   0.4948D-01   0.0000D+00   0.0000D+00   0.0000D+00   0.5628D+00   0.0000D+00   0.1018D+00   0.0000D+00   0.1397D+00   0.0000D+00
   0.0000D+00   0.0000D+00   0.0000D+00   0.0000D+00   0.0000D+00   0.0000D+00   0.0000D+00   0.0000D+00
  -0.2636D+01   0.4589D+00  -0.3753D+01   0.2759D+00   0.2467D+00  -0.3131D+00  -0.3942D+01  -0.1572D-01  -0.2636D+01   0.4589D+00  -0.3753D+01   0.2759D+00
   0.6300D+00  -0.1545D-01   0.1147D+00  -0.6195D-02   0.1140D+00  -0.4694D-01   0.2487D+00   0.0000D+00   0.6156D-01   0.5478D-02  -0.3797D-03   0.1793D-01   0.6300D+00  -0.1545D-01   0.1147D+00  -0.6195D-02   0.1140D+00  -0.4694D-01
  -0.9878D-03  -0.5483D-02  -0.3525D-02  -0.9780D-02  -0.9878D-03  -0.5483D-02  -0.3525D-02  -0.9780D-02
