 LHC=           1 sqrts=   8000.0000000000000      ang=           4 mode=fital                                                                                               scalescheme=           1 R=  0.69999999999999996     
 CT10nlo_rand5678                                                                                             378
 Bin information: chid, chiu, md, mu, mu0
   0.0000000000000000       0.50000000000000000        2250.0000000000000        2500.0000000000000        2375.0000000000000     
 9 scales(muf, mur)*(LO(38), NLO(38))
  0.500  0.500
  -0.4329D-03   0.0000D+00  -0.2986D-03   0.0000D+00   0.0000D+00   0.0000D+00  -0.1162D-03   0.0000D+00  -0.4329D-03   0.0000D+00  -0.2986D-03   0.0000D+00
   0.5142D-02   0.0000D+00   0.7717D-03   0.0000D+00   0.2228D-02   0.0000D+00   0.6342D-03   0.0000D+00   0.1409D-03   0.0000D+00   0.0000D+00   0.0000D+00   0.5142D-02   0.0000D+00   0.7717D-03   0.0000D+00   0.2228D-02   0.0000D+00
   0.0000D+00   0.0000D+00   0.0000D+00   0.0000D+00   0.0000D+00   0.0000D+00   0.0000D+00   0.0000D+00
  -0.4040D-03   0.3187D-04  -0.2839D-03   0.1727D-04   0.7828D-05  -0.9474D-05  -0.1053D-03   0.7738D-05  -0.4040D-03   0.3187D-04  -0.2839D-03   0.1727D-04
   0.4064D-02  -0.2219D-03   0.6174D-03  -0.6362D-04   0.1464D-02  -0.3735D-03   0.5434D-03   0.0000D+00   0.1342D-03   0.1404D-04  -0.2359D-04   0.4595D-04   0.4064D-02  -0.2219D-03   0.6174D-03  -0.6362D-04   0.1464D-02  -0.3735D-03
  -0.2471D-04  -0.5554D-04  -0.2366D-04  -0.4687D-04  -0.2471D-04  -0.5554D-04  -0.2366D-04  -0.4687D-04
  0.500  1.000
  -0.4029D-03   0.0000D+00  -0.2778D-03   0.0000D+00   0.0000D+00   0.0000D+00  -0.1082D-03   0.0000D+00  -0.4029D-03   0.0000D+00  -0.2778D-03   0.0000D+00
   0.5142D-02   0.0000D+00   0.7717D-03   0.0000D+00   0.2228D-02   0.0000D+00   0.6342D-03   0.0000D+00   0.1409D-03   0.0000D+00   0.0000D+00   0.0000D+00   0.5142D-02   0.0000D+00   0.7717D-03   0.0000D+00   0.2228D-02   0.0000D+00
   0.0000D+00   0.0000D+00   0.0000D+00   0.0000D+00   0.0000D+00   0.0000D+00   0.0000D+00   0.0000D+00
  -0.4049D-03   0.2760D-04  -0.2839D-03   0.1495D-04   0.6780D-05  -0.8205D-05  -0.1059D-03   0.6701D-05  -0.4049D-03   0.2760D-04  -0.2839D-03   0.1495D-04
   0.4139D-02  -0.2065D-03   0.6281D-03  -0.5920D-04   0.1517D-02  -0.3476D-03   0.5498D-03   0.0000D+00   0.1347D-03   0.1306D-04  -0.2196D-04   0.4276D-04   0.4139D-02  -0.2065D-03   0.6281D-03  -0.5920D-04   0.1517D-02  -0.3476D-03
  -0.2300D-04  -0.5169D-04  -0.2202D-04  -0.4361D-04  -0.2300D-04  -0.5169D-04  -0.2202D-04  -0.4361D-04
  0.500  2.000
  -0.3768D-03   0.0000D+00  -0.2598D-03   0.0000D+00   0.0000D+00   0.0000D+00  -0.1011D-03   0.0000D+00  -0.3768D-03   0.0000D+00  -0.2598D-03   0.0000D+00
   0.5142D-02   0.0000D+00   0.7717D-03   0.0000D+00   0.2228D-02   0.0000D+00   0.6342D-03   0.0000D+00   0.1409D-03   0.0000D+00   0.0000D+00   0.0000D+00   0.5142D-02   0.0000D+00   0.7717D-03   0.0000D+00   0.2228D-02   0.0000D+00
   0.0000D+00   0.0000D+00   0.0000D+00   0.0000D+00   0.0000D+00   0.0000D+00   0.0000D+00   0.0000D+00
  -0.4023D-03   0.2414D-04  -0.2815D-03   0.1308D-04   0.5931D-05  -0.7176D-05  -0.1056D-03   0.5861D-05  -0.4023D-03   0.2414D-04  -0.2815D-03   0.1308D-04
   0.4204D-02  -0.1931D-03   0.6374D-03  -0.5537D-04   0.1564D-02  -0.3251D-03   0.5553D-03   0.0000D+00   0.1351D-03   0.1222D-04  -0.2053D-04   0.3999D-04   0.4204D-02  -0.1931D-03   0.6374D-03  -0.5537D-04   0.1564D-02  -0.3251D-03
  -0.2151D-04  -0.4834D-04  -0.2059D-04  -0.4079D-04  -0.2151D-04  -0.4834D-04  -0.2059D-04  -0.4079D-04
  1.000  0.500
  -0.3515D-03   0.0000D+00  -0.2434D-03   0.0000D+00   0.0000D+00   0.0000D+00  -0.9493D-04   0.0000D+00  -0.3515D-03   0.0000D+00  -0.2434D-03   0.0000D+00
   0.4188D-02   0.0000D+00   0.6294D-03   0.0000D+00   0.1808D-02   0.0000D+00   0.5182D-03   0.0000D+00   0.1152D-03   0.0000D+00   0.0000D+00   0.0000D+00   0.4188D-02   0.0000D+00   0.6294D-03   0.0000D+00   0.1808D-02   0.0000D+00
   0.0000D+00   0.0000D+00   0.0000D+00   0.0000D+00   0.0000D+00   0.0000D+00   0.0000D+00   0.0000D+00
  -0.4006D-03   0.2598D-04  -0.2811D-03   0.1406D-04   0.6331D-05  -0.7738D-05  -0.1053D-03   0.6300D-05  -0.4006D-03   0.2598D-04  -0.2811D-03   0.1406D-04
   0.4168D-02  -0.1801D-03   0.6321D-03  -0.5175D-04   0.1563D-02  -0.3045D-03   0.5485D-03   0.0000D+00   0.1329D-03   0.1147D-04  -0.1886D-04   0.3755D-04   0.4168D-02  -0.1801D-03   0.6321D-03  -0.5175D-04   0.1563D-02  -0.3045D-03
  -0.2007D-04  -0.4507D-04  -0.1930D-04  -0.3827D-04  -0.2007D-04  -0.4507D-04  -0.1930D-04  -0.3827D-04
  1.000  1.000
  -0.3271D-03   0.0000D+00  -0.2265D-03   0.0000D+00   0.0000D+00   0.0000D+00  -0.8834D-04   0.0000D+00  -0.3271D-03   0.0000D+00  -0.2265D-03   0.0000D+00
   0.4188D-02   0.0000D+00   0.6294D-03   0.0000D+00   0.1808D-02   0.0000D+00   0.5182D-03   0.0000D+00   0.1152D-03   0.0000D+00   0.0000D+00   0.0000D+00   0.4188D-02   0.0000D+00   0.6294D-03   0.0000D+00   0.1808D-02   0.0000D+00
   0.0000D+00   0.0000D+00   0.0000D+00   0.0000D+00   0.0000D+00   0.0000D+00   0.0000D+00   0.0000D+00
  -0.3916D-03   0.2250D-04  -0.2744D-03   0.1218D-04   0.5483D-05  -0.6701D-05  -0.1033D-03   0.5455D-05  -0.3916D-03   0.2250D-04  -0.2744D-03   0.1218D-04
   0.4169D-02  -0.1676D-03   0.6319D-03  -0.4816D-04   0.1580D-02  -0.2833D-03   0.5464D-03   0.0000D+00   0.1316D-03   0.1068D-04  -0.1755D-04   0.3494D-04   0.4169D-02  -0.1676D-03   0.6319D-03  -0.4816D-04   0.1580D-02  -0.2833D-03
  -0.1868D-04  -0.4194D-04  -0.1796D-04  -0.3561D-04  -0.1868D-04  -0.4194D-04  -0.1796D-04  -0.3561D-04
  1.000  2.000
  -0.3059D-03   0.0000D+00  -0.2119D-03   0.0000D+00   0.0000D+00   0.0000D+00  -0.8262D-04   0.0000D+00  -0.3059D-03   0.0000D+00  -0.2119D-03   0.0000D+00
   0.4188D-02   0.0000D+00   0.6294D-03   0.0000D+00   0.1808D-02   0.0000D+00   0.5182D-03   0.0000D+00   0.1152D-03   0.0000D+00   0.0000D+00   0.0000D+00   0.4188D-02   0.0000D+00   0.6294D-03   0.0000D+00   0.1808D-02   0.0000D+00
   0.0000D+00   0.0000D+00   0.0000D+00   0.0000D+00   0.0000D+00   0.0000D+00   0.0000D+00   0.0000D+00
  -0.3816D-03   0.1968D-04  -0.2671D-03   0.1065D-04   0.4796D-05  -0.5861D-05  -0.1009D-03   0.4771D-05  -0.3816D-03   0.1968D-04  -0.2671D-03   0.1065D-04
   0.4171D-02  -0.1568D-03   0.6318D-03  -0.4504D-04   0.1595D-02  -0.2650D-03   0.5446D-03   0.0000D+00   0.1306D-03   0.9986D-05  -0.1642D-04   0.3268D-04   0.4171D-02  -0.1568D-03   0.6318D-03  -0.4504D-04   0.1595D-02  -0.2650D-03
  -0.1747D-04  -0.3922D-04  -0.1680D-04  -0.3330D-04  -0.1747D-04  -0.3922D-04  -0.1680D-04  -0.3330D-04
  2.000  0.500
  -0.2893D-03   0.0000D+00  -0.2011D-03   0.0000D+00   0.0000D+00   0.0000D+00  -0.7857D-04   0.0000D+00  -0.2893D-03   0.0000D+00  -0.2011D-03   0.0000D+00
   0.3458D-02   0.0000D+00   0.5203D-03   0.0000D+00   0.1489D-02   0.0000D+00   0.4292D-03   0.0000D+00   0.9537D-04   0.0000D+00   0.0000D+00   0.0000D+00   0.3458D-02   0.0000D+00   0.5203D-03   0.0000D+00   0.1489D-02   0.0000D+00
   0.0000D+00   0.0000D+00   0.0000D+00   0.0000D+00   0.0000D+00   0.0000D+00   0.0000D+00   0.0000D+00
  -0.3908D-03   0.2147D-04  -0.2737D-03   0.1160D-04   0.5210D-05  -0.6399D-05  -0.1032D-03   0.5202D-05  -0.3908D-03   0.2147D-04  -0.2737D-03   0.1160D-04
   0.4160D-02  -0.1483D-03   0.6297D-03  -0.4269D-04   0.1600D-02  -0.2515D-03   0.5417D-03   0.0000D+00   0.1295D-03   0.9502D-05  -0.1556D-04   0.3110D-04   0.4160D-02  -0.1483D-03   0.6297D-03  -0.4269D-04   0.1600D-02  -0.2515D-03
  -0.1653D-04  -0.3715D-04  -0.1596D-04  -0.3161D-04  -0.1653D-04  -0.3715D-04  -0.1596D-04  -0.3161D-04
  2.000  1.000
  -0.2692D-03   0.0000D+00  -0.1872D-03   0.0000D+00   0.0000D+00   0.0000D+00  -0.7312D-04   0.0000D+00  -0.2692D-03   0.0000D+00  -0.1872D-03   0.0000D+00
   0.3458D-02   0.0000D+00   0.5203D-03   0.0000D+00   0.1489D-02   0.0000D+00   0.4292D-03   0.0000D+00   0.9537D-04   0.0000D+00   0.0000D+00   0.0000D+00   0.3458D-02   0.0000D+00   0.5203D-03   0.0000D+00   0.1489D-02   0.0000D+00
   0.0000D+00   0.0000D+00   0.0000D+00   0.0000D+00   0.0000D+00   0.0000D+00   0.0000D+00   0.0000D+00
  -0.3752D-03   0.1859D-04  -0.2626D-03   0.1005D-04   0.4512D-05  -0.5542D-05  -0.9939D-04   0.4505D-05  -0.3752D-03   0.1859D-04  -0.2626D-03   0.1005D-04
   0.4111D-02  -0.1380D-03   0.6221D-03  -0.3972D-04   0.1592D-02  -0.2341D-03   0.5339D-03   0.0000D+00   0.1271D-03   0.8842D-05  -0.1448D-04   0.2894D-04   0.4111D-02  -0.1380D-03   0.6221D-03  -0.3972D-04   0.1592D-02  -0.2341D-03
  -0.1538D-04  -0.3457D-04  -0.1485D-04  -0.2942D-04  -0.1538D-04  -0.3457D-04  -0.1485D-04  -0.2942D-04
  2.000  2.000
  -0.2518D-03   0.0000D+00  -0.1750D-03   0.0000D+00   0.0000D+00   0.0000D+00  -0.6838D-04   0.0000D+00  -0.2518D-03   0.0000D+00  -0.1750D-03   0.0000D+00
   0.3458D-02   0.0000D+00   0.5203D-03   0.0000D+00   0.1489D-02   0.0000D+00   0.4292D-03   0.0000D+00   0.9537D-04   0.0000D+00   0.0000D+00   0.0000D+00   0.3458D-02   0.0000D+00   0.5203D-03   0.0000D+00   0.1489D-02   0.0000D+00
   0.0000D+00   0.0000D+00   0.0000D+00   0.0000D+00   0.0000D+00   0.0000D+00   0.0000D+00   0.0000D+00
  -0.3603D-03   0.1626D-04  -0.2521D-03   0.8786D-05   0.3947D-05  -0.4847D-05  -0.9566D-04   0.3940D-05  -0.3603D-03   0.1626D-04  -0.2521D-03   0.8786D-05
   0.4069D-02  -0.1291D-03   0.6156D-03  -0.3715D-04   0.1586D-02  -0.2189D-03   0.5272D-03   0.0000D+00   0.1251D-03   0.8270D-05  -0.1354D-04   0.2707D-04   0.4069D-02  -0.1291D-03   0.6156D-03  -0.3715D-04   0.1586D-02  -0.2189D-03
  -0.1439D-04  -0.3233D-04  -0.1389D-04  -0.2751D-04  -0.1439D-04  -0.3233D-04  -0.1389D-04  -0.2751D-04
