 LHC=           1 sqrts=   8000.0000000000000      ang=           4 mode=fital                                                                                               scalescheme=           1 R=  0.69999999999999996     
 CT10nlo_rand5678                                                                                             335
 Bin information: chid, chiu, md, mu, mu0
   0.0000000000000000       0.50000000000000000        84.000000000000000        97.000000000000000        90.500000000000000     
 9 scales(muf, mur)*(LO(38), NLO(38))
  0.500  0.500
  -0.1347D+02   0.0000D+00  -0.2278D+02   0.0000D+00   0.0000D+00   0.0000D+00  -0.2463D+02   0.0000D+00  -0.1347D+02   0.0000D+00  -0.2278D+02   0.0000D+00
   0.3729D+00   0.0000D+00   0.6982D-01   0.0000D+00   0.7739D-01   0.0000D+00   0.1671D+00   0.0000D+00   0.3713D-01   0.0000D+00   0.0000D+00   0.0000D+00   0.3729D+00   0.0000D+00   0.6982D-01   0.0000D+00   0.7739D-01   0.0000D+00
   0.0000D+00   0.0000D+00   0.0000D+00   0.0000D+00   0.0000D+00   0.0000D+00   0.0000D+00   0.0000D+00
  -0.9260D+01   0.4192D+01  -0.1835D+02   0.2526D+01   0.1975D+01  -0.3092D+01  -0.2186D+02  -0.2895D+00  -0.9260D+01   0.4192D+01  -0.1835D+02   0.2526D+01
   0.7395D+00  -0.1208D-01   0.1371D+00  -0.5467D-02   0.1134D+00  -0.4406D-01   0.2996D+00   0.0000D+00   0.7911D-01   0.5702D-02   0.7265D-02   0.1866D-01   0.7395D+00  -0.1208D-01   0.1371D+00  -0.5467D-02   0.1134D+00  -0.4406D-01
  -0.3383D-03  -0.4522D-02  -0.2903D-02  -0.9663D-02  -0.3383D-03  -0.4522D-02  -0.2903D-02  -0.9663D-02
  0.500  1.000
  -0.1206D+02   0.0000D+00  -0.2039D+02   0.0000D+00   0.0000D+00   0.0000D+00  -0.2204D+02   0.0000D+00  -0.1206D+02   0.0000D+00  -0.2039D+02   0.0000D+00
   0.3729D+00   0.0000D+00   0.6982D-01   0.0000D+00   0.7739D-01   0.0000D+00   0.1671D+00   0.0000D+00   0.3713D-01   0.0000D+00   0.0000D+00   0.0000D+00   0.3729D+00   0.0000D+00   0.6982D-01   0.0000D+00   0.7739D-01   0.0000D+00
   0.0000D+00   0.0000D+00   0.0000D+00   0.0000D+00   0.0000D+00   0.0000D+00   0.0000D+00   0.0000D+00
  -0.9904D+01   0.3357D+01  -0.1890D+02   0.2023D+01   0.1580D+01  -0.2477D+01  -0.2206D+02  -0.2319D+00  -0.9904D+01   0.3357D+01  -0.1890D+02   0.2023D+01
   0.7040D+00  -0.1081D-01   0.1305D+00  -0.4893D-02   0.1103D+00  -0.3943D-01   0.2866D+00   0.0000D+00   0.7496D-01   0.5104D-02   0.6557D-02   0.1670D-01   0.7040D+00  -0.1081D-01   0.1305D+00  -0.4893D-02   0.1103D+00  -0.3943D-01
  -0.3027D-03  -0.4047D-02  -0.2598D-02  -0.8648D-02  -0.3027D-03  -0.4047D-02  -0.2598D-02  -0.8648D-02
  0.500  2.000
  -0.1092D+02   0.0000D+00  -0.1846D+02   0.0000D+00   0.0000D+00   0.0000D+00  -0.1996D+02   0.0000D+00  -0.1092D+02   0.0000D+00  -0.1846D+02   0.0000D+00
   0.3729D+00   0.0000D+00   0.6982D-01   0.0000D+00   0.7739D-01   0.0000D+00   0.1671D+00   0.0000D+00   0.3713D-01   0.0000D+00   0.0000D+00   0.0000D+00   0.3729D+00   0.0000D+00   0.6982D-01   0.0000D+00   0.7739D-01   0.0000D+00
   0.0000D+00   0.0000D+00   0.0000D+00   0.0000D+00   0.0000D+00   0.0000D+00   0.0000D+00   0.0000D+00
  -0.1015D+02   0.2753D+01  -0.1893D+02   0.1659D+01   0.1295D+01  -0.2031D+01  -0.2180D+02  -0.1901D+00  -0.1015D+02   0.2753D+01  -0.1893D+02   0.1659D+01
   0.6745D+00  -0.9790D-02   0.1251D+00  -0.4431D-02   0.1076D+00  -0.3571D-01   0.2759D+00   0.0000D+00   0.7156D-01   0.4622D-02   0.5977D-02   0.1513D-01   0.6745D+00  -0.9790D-02   0.1251D+00  -0.4431D-02   0.1076D+00  -0.3571D-01
  -0.2740D-03  -0.3665D-02  -0.2352D-02  -0.7831D-02  -0.2740D-03  -0.3665D-02  -0.2352D-02  -0.7831D-02
  1.000  0.500
  -0.1402D+02   0.0000D+00  -0.2387D+02   0.0000D+00   0.0000D+00   0.0000D+00  -0.2568D+02   0.0000D+00  -0.1402D+02   0.0000D+00  -0.2387D+02   0.0000D+00
   0.3939D+00   0.0000D+00   0.7276D-01   0.0000D+00   0.8013D-01   0.0000D+00   0.1757D+00   0.0000D+00   0.3905D-01   0.0000D+00   0.0000D+00   0.0000D+00   0.3939D+00   0.0000D+00   0.7276D-01   0.0000D+00   0.8013D-01   0.0000D+00
   0.0000D+00   0.0000D+00   0.0000D+00   0.0000D+00   0.0000D+00   0.0000D+00   0.0000D+00   0.0000D+00
  -0.8821D+01   0.4437D+01  -0.1852D+02   0.2629D+01   0.2011D+01  -0.3236D+01  -0.2164D+02  -0.3032D+00  -0.8821D+01   0.4437D+01  -0.1852D+02   0.2629D+01
   0.7125D+00  -0.1235D-01   0.1319D+00  -0.5718D-02   0.1068D+00  -0.4696D-01   0.2908D+00   0.0000D+00   0.7691D-01   0.5935D-02   0.6638D-02   0.1942D-01   0.7125D+00  -0.1235D-01   0.1319D+00  -0.5718D-02   0.1068D+00  -0.4696D-01
  -0.3649D-03  -0.4588D-02  -0.3118D-02  -0.1011D-01  -0.3649D-03  -0.4588D-02  -0.3118D-02  -0.1011D-01
  1.000  1.000
  -0.1254D+02   0.0000D+00  -0.2136D+02   0.0000D+00   0.0000D+00   0.0000D+00  -0.2298D+02   0.0000D+00  -0.1254D+02   0.0000D+00  -0.2136D+02   0.0000D+00
   0.3939D+00   0.0000D+00   0.7276D-01   0.0000D+00   0.8013D-01   0.0000D+00   0.1757D+00   0.0000D+00   0.3905D-01   0.0000D+00   0.0000D+00   0.0000D+00   0.3939D+00   0.0000D+00   0.7276D-01   0.0000D+00   0.8013D-01   0.0000D+00
   0.0000D+00   0.0000D+00   0.0000D+00   0.0000D+00   0.0000D+00   0.0000D+00   0.0000D+00   0.0000D+00
  -0.9653D+01   0.3554D+01  -0.1924D+02   0.2106D+01   0.1609D+01  -0.2592D+01  -0.2208D+02  -0.2428D+00  -0.9653D+01   0.3554D+01  -0.1924D+02   0.2106D+01
   0.6823D+00  -0.1106D-01   0.1263D+00  -0.5117D-02   0.1048D+00  -0.4203D-01   0.2797D+00   0.0000D+00   0.7321D-01   0.5312D-02   0.5997D-02   0.1738D-01   0.6823D+00  -0.1106D-01   0.1263D+00  -0.5117D-02   0.1048D+00  -0.4203D-01
  -0.3265D-03  -0.4107D-02  -0.2791D-02  -0.9046D-02  -0.3265D-03  -0.4107D-02  -0.2791D-02  -0.9046D-02
  1.000  2.000
  -0.1136D+02   0.0000D+00  -0.1934D+02   0.0000D+00   0.0000D+00   0.0000D+00  -0.2081D+02   0.0000D+00  -0.1136D+02   0.0000D+00  -0.1934D+02   0.0000D+00
   0.3939D+00   0.0000D+00   0.7276D-01   0.0000D+00   0.8013D-01   0.0000D+00   0.1757D+00   0.0000D+00   0.3905D-01   0.0000D+00   0.0000D+00   0.0000D+00   0.3939D+00   0.0000D+00   0.7276D-01   0.0000D+00   0.8013D-01   0.0000D+00
   0.0000D+00   0.0000D+00   0.0000D+00   0.0000D+00   0.0000D+00   0.0000D+00   0.0000D+00   0.0000D+00
  -0.1003D+02   0.2914D+01  -0.1937D+02   0.1727D+01   0.1319D+01  -0.2125D+01  -0.2197D+02  -0.1991D+00  -0.1003D+02   0.2914D+01  -0.1937D+02   0.1727D+01
   0.6585D+00  -0.1001D-01   0.1219D+00  -0.4634D-02   0.1033D+00  -0.3806D-01   0.2709D+00   0.0000D+00   0.7026D-01   0.4810D-02   0.5471D-02   0.1574D-01   0.6585D+00  -0.1001D-01   0.1219D+00  -0.4634D-02   0.1033D+00  -0.3806D-01
  -0.2955D-03  -0.3719D-02  -0.2527D-02  -0.8191D-02  -0.2955D-03  -0.3719D-02  -0.2527D-02  -0.8191D-02
  2.000  0.500
  -0.1430D+02   0.0000D+00  -0.2508D+02   0.0000D+00   0.0000D+00   0.0000D+00  -0.2690D+02   0.0000D+00  -0.1430D+02   0.0000D+00  -0.2508D+02   0.0000D+00
   0.4051D+00   0.0000D+00   0.7671D-01   0.0000D+00   0.8357D-01   0.0000D+00   0.1812D+00   0.0000D+00   0.4028D-01   0.0000D+00   0.0000D+00   0.0000D+00   0.4051D+00   0.0000D+00   0.7671D-01   0.0000D+00   0.8357D-01   0.0000D+00
   0.0000D+00   0.0000D+00   0.0000D+00   0.0000D+00   0.0000D+00   0.0000D+00   0.0000D+00   0.0000D+00
  -0.8652D+01   0.4667D+01  -0.1836D+02   0.2763D+01   0.2174D+01  -0.3383D+01  -0.2194D+02  -0.3125D+00  -0.8652D+01   0.4667D+01  -0.1836D+02   0.2763D+01
   0.7050D+00  -0.1284D-01   0.1330D+00  -0.5876D-02   0.1134D+00  -0.4761D-01   0.2886D+00   0.0000D+00   0.7701D-01   0.6243D-02   0.5953D-02   0.2043D-01   0.7050D+00  -0.1284D-01   0.1330D+00  -0.5876D-02   0.1134D+00  -0.4761D-01
  -0.3967D-03  -0.4890D-02  -0.3271D-02  -0.1052D-01  -0.3967D-03  -0.4890D-02  -0.3271D-02  -0.1052D-01
  2.000  1.000
  -0.1280D+02   0.0000D+00  -0.2245D+02   0.0000D+00   0.0000D+00   0.0000D+00  -0.2408D+02   0.0000D+00  -0.1280D+02   0.0000D+00  -0.2245D+02   0.0000D+00
   0.4051D+00   0.0000D+00   0.7671D-01   0.0000D+00   0.8357D-01   0.0000D+00   0.1812D+00   0.0000D+00   0.4028D-01   0.0000D+00   0.0000D+00   0.0000D+00   0.4051D+00   0.0000D+00   0.7671D-01   0.0000D+00   0.8357D-01   0.0000D+00
   0.0000D+00   0.0000D+00   0.0000D+00   0.0000D+00   0.0000D+00   0.0000D+00   0.0000D+00   0.0000D+00
  -0.9525D+01   0.3738D+01  -0.1928D+02   0.2213D+01   0.1740D+01  -0.2710D+01  -0.2249D+02  -0.2503D+00  -0.9525D+01   0.3738D+01  -0.1928D+02   0.2213D+01
   0.6528D+00  -0.1149D-01   0.1235D+00  -0.5259D-02   0.1046D+00  -0.4261D-01   0.2726D+00   0.0000D+00   0.7166D-01   0.5588D-02   0.5142D-02   0.1829D-01   0.6528D+00  -0.1149D-01   0.1235D+00  -0.5259D-02   0.1046D+00  -0.4261D-01
  -0.3549D-03  -0.4376D-02  -0.2928D-02  -0.9419D-02  -0.3549D-03  -0.4376D-02  -0.2928D-02  -0.9419D-02
  2.000  2.000
  -0.1159D+02   0.0000D+00  -0.2033D+02   0.0000D+00   0.0000D+00   0.0000D+00  -0.2180D+02   0.0000D+00  -0.1159D+02   0.0000D+00  -0.2033D+02   0.0000D+00
   0.4051D+00   0.0000D+00   0.7671D-01   0.0000D+00   0.8357D-01   0.0000D+00   0.1812D+00   0.0000D+00   0.4028D-01   0.0000D+00   0.0000D+00   0.0000D+00   0.4051D+00   0.0000D+00   0.7671D-01   0.0000D+00   0.8357D-01   0.0000D+00
   0.0000D+00   0.0000D+00   0.0000D+00   0.0000D+00   0.0000D+00   0.0000D+00   0.0000D+00   0.0000D+00
  -0.9967D+01   0.3065D+01  -0.1959D+02   0.1814D+01   0.1426D+01  -0.2222D+01  -0.2249D+02  -0.2052D+00  -0.9967D+01   0.3065D+01  -0.1959D+02   0.1814D+01
   0.6330D+00  -0.1041D-01   0.1198D+00  -0.4762D-02   0.1034D+00  -0.3859D-01   0.2650D+00   0.0000D+00   0.6900D-01   0.5060D-02   0.4721D-02   0.1656D-01   0.6330D+00  -0.1041D-01   0.1198D+00  -0.4762D-02   0.1034D+00  -0.3859D-01
  -0.3213D-03  -0.3963D-02  -0.2651D-02  -0.8529D-02  -0.3213D-03  -0.3963D-02  -0.2651D-02  -0.8529D-02
