 LHC=           1 sqrts=   8000.0000000000000      ang=           4 mode=fital                                                                                               scalescheme=           1 R=  0.69999999999999996     
 MSTW2008nlo68cl_rand1235                                                                                      45
 Bin information: chid, chiu, md, mu, mu0
   0.0000000000000000       0.50000000000000000        905.00000000000000        967.00000000000000        936.00000000000000     
 9 scales(muf, mur)*(LO(38), NLO(38))
  0.500  0.500
  -0.1777D+00   0.0000D+00  -0.1320D+00   0.0000D+00   0.0000D+00   0.0000D+00  -0.7643D-01   0.0000D+00  -0.1777D+00   0.0000D+00  -0.1320D+00   0.0000D+00
   0.3437D+00   0.0000D+00   0.5416D-01   0.0000D+00   0.1341D+00   0.0000D+00   0.7112D-01   0.0000D+00   0.1580D-01   0.0000D+00   0.0000D+00   0.0000D+00   0.3437D+00   0.0000D+00   0.5416D-01   0.0000D+00   0.1341D+00   0.0000D+00
   0.0000D+00   0.0000D+00   0.0000D+00   0.0000D+00   0.0000D+00   0.0000D+00   0.0000D+00   0.0000D+00
  -0.1413D+00   0.1637D-01  -0.1147D+00   0.9475D-02   0.9565D-02  -0.7017D-02  -0.6817D-01   0.2455D-02  -0.1413D+00   0.1637D-01  -0.1147D+00   0.9475D-02
   0.2615D+00  -0.1504D-01   0.4270D-01  -0.4572D-02   0.7347D-01  -0.2844D-01   0.6044D-01   0.0000D+00   0.1506D-01   0.1773D-02  -0.2424D-02   0.5804D-02   0.2615D+00  -0.1504D-01   0.4270D-01  -0.4572D-02   0.7347D-01  -0.2844D-01
  -0.1491D-02  -0.4094D-02  -0.1917D-02  -0.4260D-02  -0.1491D-02  -0.4094D-02  -0.1917D-02  -0.4260D-02
  0.500  1.000
  -0.1638D+00   0.0000D+00  -0.1217D+00   0.0000D+00   0.0000D+00   0.0000D+00  -0.7048D-01   0.0000D+00  -0.1638D+00   0.0000D+00  -0.1217D+00   0.0000D+00
   0.3437D+00   0.0000D+00   0.5416D-01   0.0000D+00   0.1341D+00   0.0000D+00   0.7112D-01   0.0000D+00   0.1580D-01   0.0000D+00   0.0000D+00   0.0000D+00   0.3437D+00   0.0000D+00   0.5416D-01   0.0000D+00   0.1341D+00   0.0000D+00
   0.0000D+00   0.0000D+00   0.0000D+00   0.0000D+00   0.0000D+00   0.0000D+00   0.0000D+00   0.0000D+00
  -0.1453D+00   0.1393D-01  -0.1162D+00   0.8059D-02   0.8135D-02  -0.5968D-02  -0.6876D-01   0.2088D-02  -0.1453D+00   0.1393D-01  -0.1162D+00   0.8059D-02
   0.2680D+00  -0.1387D-01   0.4360D-01  -0.4216D-02   0.7820D-01  -0.2622D-01   0.6128D-01   0.0000D+00   0.1512D-01   0.1635D-02  -0.2236D-02   0.5353D-02   0.2680D+00  -0.1387D-01   0.4360D-01  -0.4216D-02   0.7820D-01  -0.2622D-01
  -0.1375D-02  -0.3776D-02  -0.1768D-02  -0.3929D-02  -0.1375D-02  -0.3776D-02  -0.1768D-02  -0.3929D-02
  0.500  2.000
  -0.1520D+00   0.0000D+00  -0.1130D+00   0.0000D+00   0.0000D+00   0.0000D+00  -0.6541D-01   0.0000D+00  -0.1520D+00   0.0000D+00  -0.1130D+00   0.0000D+00
   0.3437D+00   0.0000D+00   0.5416D-01   0.0000D+00   0.1341D+00   0.0000D+00   0.7112D-01   0.0000D+00   0.1580D-01   0.0000D+00   0.0000D+00   0.0000D+00   0.3437D+00   0.0000D+00   0.5416D-01   0.0000D+00   0.1341D+00   0.0000D+00
   0.0000D+00   0.0000D+00   0.0000D+00   0.0000D+00   0.0000D+00   0.0000D+00   0.0000D+00   0.0000D+00
  -0.1467D+00   0.1199D-01  -0.1161D+00   0.6940D-02   0.7007D-02  -0.5140D-02  -0.6849D-01   0.1798D-02  -0.1467D+00   0.1199D-01  -0.1161D+00   0.6940D-02
   0.2735D+00  -0.1287D-01   0.4436D-01  -0.3913D-02   0.8224D-01  -0.2434D-01   0.6200D-01   0.0000D+00   0.1517D-01   0.1518D-02  -0.2075D-02   0.4967D-02   0.2735D+00  -0.1287D-01   0.4436D-01  -0.3913D-02   0.8224D-01  -0.2434D-01
  -0.1276D-02  -0.3504D-02  -0.1641D-02  -0.3646D-02  -0.1276D-02  -0.3504D-02  -0.1641D-02  -0.3646D-02
  1.000  0.500
  -0.1597D+00   0.0000D+00  -0.1183D+00   0.0000D+00   0.0000D+00   0.0000D+00  -0.6817D-01   0.0000D+00  -0.1597D+00   0.0000D+00  -0.1183D+00   0.0000D+00
   0.3080D+00   0.0000D+00   0.4837D-01   0.0000D+00   0.1204D+00   0.0000D+00   0.6345D-01   0.0000D+00   0.1410D-01   0.0000D+00   0.0000D+00   0.0000D+00   0.3080D+00   0.0000D+00   0.4837D-01   0.0000D+00   0.1204D+00   0.0000D+00
   0.0000D+00   0.0000D+00   0.0000D+00   0.0000D+00   0.0000D+00   0.0000D+00   0.0000D+00   0.0000D+00
  -0.1441D+00   0.1465D-01  -0.1161D+00   0.8482D-02   0.8589D-02  -0.6261D-02  -0.6833D-01   0.2211D-02  -0.1441D+00   0.1465D-01  -0.1161D+00   0.8482D-02
   0.2679D+00  -0.1352D-01   0.4326D-01  -0.4099D-02   0.7867D-01  -0.2546D-01   0.6106D-01   0.0000D+00   0.1505D-01   0.1582D-02  -0.2183D-02   0.5176D-02   0.2679D+00  -0.1352D-01   0.4326D-01  -0.4099D-02   0.7867D-01  -0.2546D-01
  -0.1342D-02  -0.3647D-02  -0.1719D-02  -0.3812D-02  -0.1342D-02  -0.3647D-02  -0.1719D-02  -0.3812D-02
  1.000  1.000
  -0.1473D+00   0.0000D+00  -0.1091D+00   0.0000D+00   0.0000D+00   0.0000D+00  -0.6287D-01   0.0000D+00  -0.1473D+00   0.0000D+00  -0.1091D+00   0.0000D+00
   0.3080D+00   0.0000D+00   0.4837D-01   0.0000D+00   0.1204D+00   0.0000D+00   0.6345D-01   0.0000D+00   0.1410D-01   0.0000D+00   0.0000D+00   0.0000D+00   0.3080D+00   0.0000D+00   0.4837D-01   0.0000D+00   0.1204D+00   0.0000D+00
   0.0000D+00   0.0000D+00   0.0000D+00   0.0000D+00   0.0000D+00   0.0000D+00   0.0000D+00   0.0000D+00
  -0.1451D+00   0.1246D-01  -0.1155D+00   0.7214D-02   0.7306D-02  -0.5325D-02  -0.6773D-01   0.1881D-02  -0.1451D+00   0.1246D-01  -0.1155D+00   0.7214D-02
   0.2711D+00  -0.1247D-01   0.4367D-01  -0.3780D-02   0.8194D-01  -0.2348D-01   0.6126D-01   0.0000D+00   0.1498D-01   0.1459D-02  -0.2014D-02   0.4774D-02   0.2711D+00  -0.1247D-01   0.4367D-01  -0.3780D-02   0.8194D-01  -0.2348D-01
  -0.1238D-02  -0.3363D-02  -0.1585D-02  -0.3516D-02  -0.1238D-02  -0.3363D-02  -0.1585D-02  -0.3516D-02
  1.000  2.000
  -0.1367D+00   0.0000D+00  -0.1013D+00   0.0000D+00   0.0000D+00   0.0000D+00  -0.5834D-01   0.0000D+00  -0.1367D+00   0.0000D+00  -0.1013D+00   0.0000D+00
   0.3080D+00   0.0000D+00   0.4837D-01   0.0000D+00   0.1204D+00   0.0000D+00   0.6345D-01   0.0000D+00   0.1410D-01   0.0000D+00   0.0000D+00   0.0000D+00   0.3080D+00   0.0000D+00   0.4837D-01   0.0000D+00   0.1204D+00   0.0000D+00
   0.0000D+00   0.0000D+00   0.0000D+00   0.0000D+00   0.0000D+00   0.0000D+00   0.0000D+00   0.0000D+00
  -0.1443D+00   0.1073D-01  -0.1138D+00   0.6213D-02   0.6292D-02  -0.4586D-02  -0.6660D-01   0.1620D-02  -0.1443D+00   0.1073D-01  -0.1138D+00   0.6213D-02
   0.2738D+00  -0.1157D-01   0.4401D-01  -0.3508D-02   0.8472D-01  -0.2179D-01   0.6142D-01   0.0000D+00   0.1492D-01   0.1354D-02  -0.1869D-02   0.4430D-02   0.2738D+00  -0.1157D-01   0.4401D-01  -0.3508D-02   0.8472D-01  -0.2179D-01
  -0.1149D-02  -0.3121D-02  -0.1471D-02  -0.3263D-02  -0.1149D-02  -0.3121D-02  -0.1471D-02  -0.3263D-02
  2.000  0.500
  -0.1444D+00   0.0000D+00  -0.1067D+00   0.0000D+00   0.0000D+00   0.0000D+00  -0.6131D-01   0.0000D+00  -0.1444D+00   0.0000D+00  -0.1067D+00   0.0000D+00
   0.2775D+00   0.0000D+00   0.4357D-01   0.0000D+00   0.1089D+00   0.0000D+00   0.5691D-01   0.0000D+00   0.1265D-01   0.0000D+00   0.0000D+00   0.0000D+00   0.2775D+00   0.0000D+00   0.4357D-01   0.0000D+00   0.1089D+00   0.0000D+00
   0.0000D+00   0.0000D+00   0.0000D+00   0.0000D+00   0.0000D+00   0.0000D+00   0.0000D+00   0.0000D+00
  -0.1461D+00   0.1321D-01  -0.1167D+00   0.7642D-02   0.7709D-02  -0.5629D-02  -0.6870D-01   0.2011D-02  -0.1461D+00   0.1321D-01  -0.1167D+00   0.7642D-02
   0.2718D+00  -0.1222D-01   0.4387D-01  -0.3698D-02   0.8339D-01  -0.2293D-01   0.6153D-01   0.0000D+00   0.1496D-01   0.1419D-02  -0.1932D-02   0.4645D-02   0.2718D+00  -0.1222D-01   0.4387D-01  -0.3698D-02   0.8339D-01  -0.2293D-01
  -0.1215D-02  -0.3290D-02  -0.1545D-02  -0.3421D-02  -0.1215D-02  -0.3290D-02  -0.1545D-02  -0.3421D-02
  2.000  1.000
  -0.1332D+00   0.0000D+00  -0.9841D-01   0.0000D+00   0.0000D+00   0.0000D+00  -0.5654D-01   0.0000D+00  -0.1332D+00   0.0000D+00  -0.9841D-01   0.0000D+00
   0.2775D+00   0.0000D+00   0.4357D-01   0.0000D+00   0.1089D+00   0.0000D+00   0.5691D-01   0.0000D+00   0.1265D-01   0.0000D+00   0.0000D+00   0.0000D+00   0.2775D+00   0.0000D+00   0.4357D-01   0.0000D+00   0.1089D+00   0.0000D+00
   0.0000D+00   0.0000D+00   0.0000D+00   0.0000D+00   0.0000D+00   0.0000D+00   0.0000D+00   0.0000D+00
  -0.1446D+00   0.1123D-01  -0.1143D+00   0.6500D-02   0.6557D-02  -0.4787D-02  -0.6708D-01   0.1710D-02  -0.1446D+00   0.1123D-01  -0.1143D+00   0.6500D-02
   0.2723D+00  -0.1127D-01   0.4385D-01  -0.3410D-02   0.8538D-01  -0.2114D-01   0.6118D-01   0.0000D+00   0.1478D-01   0.1309D-02  -0.1781D-02   0.4284D-02   0.2723D+00  -0.1127D-01   0.4385D-01  -0.3410D-02   0.8538D-01  -0.2114D-01
  -0.1120D-02  -0.3034D-02  -0.1425D-02  -0.3155D-02  -0.1120D-02  -0.3034D-02  -0.1425D-02  -0.3155D-02
  2.000  2.000
  -0.1236D+00   0.0000D+00  -0.9133D-01   0.0000D+00   0.0000D+00   0.0000D+00  -0.5247D-01   0.0000D+00  -0.1236D+00   0.0000D+00  -0.9133D-01   0.0000D+00
   0.2775D+00   0.0000D+00   0.4357D-01   0.0000D+00   0.1089D+00   0.0000D+00   0.5691D-01   0.0000D+00   0.1265D-01   0.0000D+00   0.0000D+00   0.0000D+00   0.2775D+00   0.0000D+00   0.4357D-01   0.0000D+00   0.1089D+00   0.0000D+00
   0.0000D+00   0.0000D+00   0.0000D+00   0.0000D+00   0.0000D+00   0.0000D+00   0.0000D+00   0.0000D+00
  -0.1421D+00   0.9672D-02  -0.1114D+00   0.5598D-02   0.5648D-02  -0.4123D-02  -0.6521D-01   0.1473D-02  -0.1421D+00   0.9672D-02  -0.1114D+00   0.5598D-02
   0.2727D+00  -0.1046D-01   0.4384D-01  -0.3165D-02   0.8709D-01  -0.1962D-01   0.6088D-01   0.0000D+00   0.1463D-01   0.1215D-02  -0.1653D-02   0.3976D-02   0.2727D+00  -0.1046D-01   0.4384D-01  -0.3165D-02   0.8709D-01  -0.1962D-01
  -0.1040D-02  -0.2816D-02  -0.1323D-02  -0.2928D-02  -0.1040D-02  -0.2816D-02  -0.1323D-02  -0.2928D-02
