 LHC=           1 sqrts=   8000.0000000000000      ang=           4 mode=fital                                                                                               scalescheme=           1 R=  0.69999999999999996     
 MSTW2008nlo68cl_rand1235                                                                                      45
 Bin information: chid, chiu, md, mu, mu0
   0.0000000000000000       0.50000000000000000        1172.0000000000000        1248.0000000000000        1210.0000000000000     
 9 scales(muf, mur)*(LO(38), NLO(38))
  0.500  0.500
  -0.6429D-01   0.0000D+00  -0.4333D-01   0.0000D+00   0.0000D+00   0.0000D+00  -0.2145D-01   0.0000D+00  -0.6429D-01   0.0000D+00  -0.4333D-01   0.0000D+00
   0.1939D+00   0.0000D+00   0.2941D-01   0.0000D+00   0.8232D-01   0.0000D+00   0.3271D-01   0.0000D+00   0.7268D-02   0.0000D+00   0.0000D+00   0.0000D+00   0.1939D+00   0.0000D+00   0.2941D-01   0.0000D+00   0.8232D-01   0.0000D+00
   0.0000D+00   0.0000D+00   0.0000D+00   0.0000D+00   0.0000D+00   0.0000D+00   0.0000D+00   0.0000D+00
  -0.5283D-01   0.5135D-02  -0.3801D-01   0.2975D-02   0.2710D-02  -0.1910D-02  -0.1883D-01   0.9755D-03  -0.5283D-01   0.5135D-02  -0.3801D-01   0.2975D-02
   0.1434D+00  -0.8952D-02   0.2232D-01  -0.2597D-02   0.4650D-01  -0.1542D-01   0.2726D-01   0.0000D+00   0.6760D-02   0.7910D-03  -0.1434D-02   0.2589D-02   0.1434D+00  -0.8952D-02   0.2232D-01  -0.2597D-02   0.4650D-01  -0.1542D-01
  -0.9246D-03  -0.2318D-02  -0.9897D-03  -0.2124D-02  -0.9246D-03  -0.2318D-02  -0.9897D-03  -0.2124D-02
  0.500  1.000
  -0.5943D-01   0.0000D+00  -0.4006D-01   0.0000D+00   0.0000D+00   0.0000D+00  -0.1983D-01   0.0000D+00  -0.5943D-01   0.0000D+00  -0.4006D-01   0.0000D+00
   0.1939D+00   0.0000D+00   0.2941D-01   0.0000D+00   0.8232D-01   0.0000D+00   0.3271D-01   0.0000D+00   0.7268D-02   0.0000D+00   0.0000D+00   0.0000D+00   0.1939D+00   0.0000D+00   0.2941D-01   0.0000D+00   0.8232D-01   0.0000D+00
   0.0000D+00   0.0000D+00   0.0000D+00   0.0000D+00   0.0000D+00   0.0000D+00   0.0000D+00   0.0000D+00
  -0.5399D-01   0.4389D-02  -0.3844D-01   0.2543D-02   0.2316D-02  -0.1632D-02  -0.1904D-01   0.8338D-03  -0.5399D-01   0.4389D-02  -0.3844D-01   0.2543D-02
   0.1472D+00  -0.8276D-02   0.2286D-01  -0.2401D-02   0.4922D-01  -0.1425D-01   0.2767D-01   0.0000D+00   0.6800D-02   0.7313D-03  -0.1326D-02   0.2393D-02   0.1472D+00  -0.8276D-02   0.2286D-01  -0.2401D-02   0.4922D-01  -0.1425D-01
  -0.8548D-03  -0.2143D-02  -0.9149D-03  -0.1964D-02  -0.8548D-03  -0.2143D-02  -0.9149D-03  -0.1964D-02
  0.500  2.000
  -0.5527D-01   0.0000D+00  -0.3726D-01   0.0000D+00   0.0000D+00   0.0000D+00  -0.1844D-01   0.0000D+00  -0.5527D-01   0.0000D+00  -0.3726D-01   0.0000D+00
   0.1939D+00   0.0000D+00   0.2941D-01   0.0000D+00   0.8232D-01   0.0000D+00   0.3271D-01   0.0000D+00   0.7268D-02   0.0000D+00   0.0000D+00   0.0000D+00   0.1939D+00   0.0000D+00   0.2941D-01   0.0000D+00   0.8232D-01   0.0000D+00
   0.0000D+00   0.0000D+00   0.0000D+00   0.0000D+00   0.0000D+00   0.0000D+00   0.0000D+00   0.0000D+00
  -0.5431D-01   0.3796D-02  -0.3839D-01   0.2199D-02   0.2003D-02  -0.1411D-02  -0.1901D-01   0.7210D-03  -0.5431D-01   0.3796D-02  -0.3839D-01   0.2199D-02
   0.1505D+00  -0.7697D-02   0.2332D-01  -0.2233D-02   0.5154D-01  -0.1326D-01   0.2803D-01   0.0000D+00   0.6833D-02   0.6800D-03  -0.1233D-02   0.2226D-02   0.1505D+00  -0.7697D-02   0.2332D-01  -0.2233D-02   0.5154D-01  -0.1326D-01
  -0.7949D-03  -0.1993D-02  -0.8508D-03  -0.1826D-02  -0.7949D-03  -0.1993D-02  -0.8508D-03  -0.1826D-02
  1.000  0.500
  -0.5657D-01   0.0000D+00  -0.3801D-01   0.0000D+00   0.0000D+00   0.0000D+00  -0.1873D-01   0.0000D+00  -0.5657D-01   0.0000D+00  -0.3801D-01   0.0000D+00
   0.1702D+00   0.0000D+00   0.2578D-01   0.0000D+00   0.7234D-01   0.0000D+00   0.2856D-01   0.0000D+00   0.6346D-02   0.0000D+00   0.0000D+00   0.0000D+00   0.1702D+00   0.0000D+00   0.2578D-01   0.0000D+00   0.7234D-01   0.0000D+00
   0.0000D+00   0.0000D+00   0.0000D+00   0.0000D+00   0.0000D+00   0.0000D+00   0.0000D+00   0.0000D+00
  -0.5382D-01   0.4501D-02  -0.3832D-01   0.2610D-02   0.2352D-02  -0.1667D-02  -0.1897D-01   0.8580D-03  -0.5382D-01   0.4501D-02  -0.3832D-01   0.2610D-02
   0.1479D+00  -0.7871D-02   0.2300D-01  -0.2280D-02   0.5017D-01  -0.1352D-01   0.2765D-01   0.0000D+00   0.6766D-02   0.6905D-03  -0.1239D-02   0.2260D-02   0.1479D+00  -0.7871D-02   0.2300D-01  -0.2280D-02   0.5017D-01  -0.1352D-01
  -0.8146D-03  -0.2031D-02  -0.8670D-03  -0.1859D-02  -0.8146D-03  -0.2031D-02  -0.8670D-03  -0.1859D-02
  1.000  1.000
  -0.5230D-01   0.0000D+00  -0.3514D-01   0.0000D+00   0.0000D+00   0.0000D+00  -0.1732D-01   0.0000D+00  -0.5230D-01   0.0000D+00  -0.3514D-01   0.0000D+00
   0.1702D+00   0.0000D+00   0.2578D-01   0.0000D+00   0.7234D-01   0.0000D+00   0.2856D-01   0.0000D+00   0.6346D-02   0.0000D+00   0.0000D+00   0.0000D+00   0.1702D+00   0.0000D+00   0.2578D-01   0.0000D+00   0.7234D-01   0.0000D+00
   0.0000D+00   0.0000D+00   0.0000D+00   0.0000D+00   0.0000D+00   0.0000D+00   0.0000D+00   0.0000D+00
  -0.5377D-01   0.3847D-02  -0.3797D-01   0.2231D-02   0.2011D-02  -0.1425D-02  -0.1879D-01   0.7333D-03  -0.5377D-01   0.3847D-02  -0.3797D-01   0.2231D-02
   0.1496D+00  -0.7277D-02   0.2321D-01  -0.2108D-02   0.5185D-01  -0.1250D-01   0.2773D-01   0.0000D+00   0.6735D-02   0.6383D-03  -0.1146D-02   0.2089D-02   0.1496D+00  -0.7277D-02   0.2321D-01  -0.2108D-02   0.5185D-01  -0.1250D-01
  -0.7531D-03  -0.1878D-02  -0.8015D-03  -0.1719D-02  -0.7531D-03  -0.1878D-02  -0.8015D-03  -0.1719D-02
  1.000  2.000
  -0.4864D-01   0.0000D+00  -0.3268D-01   0.0000D+00   0.0000D+00   0.0000D+00  -0.1610D-01   0.0000D+00  -0.4864D-01   0.0000D+00  -0.3268D-01   0.0000D+00
   0.1702D+00   0.0000D+00   0.2578D-01   0.0000D+00   0.7234D-01   0.0000D+00   0.2856D-01   0.0000D+00   0.6346D-02   0.0000D+00   0.0000D+00   0.0000D+00   0.1702D+00   0.0000D+00   0.2578D-01   0.0000D+00   0.7234D-01   0.0000D+00
   0.0000D+00   0.0000D+00   0.0000D+00   0.0000D+00   0.0000D+00   0.0000D+00   0.0000D+00   0.0000D+00
  -0.5321D-01   0.3327D-02  -0.3735D-01   0.1929D-02   0.1739D-02  -0.1232D-02  -0.1847D-01   0.6342D-03  -0.5321D-01   0.3327D-02  -0.3735D-01   0.1929D-02
   0.1511D+00  -0.6767D-02   0.2339D-01  -0.1961D-02   0.5329D-01  -0.1163D-01   0.2779D-01   0.0000D+00   0.6708D-02   0.5936D-03  -0.1066D-02   0.1943D-02   0.1511D+00  -0.6767D-02   0.2339D-01  -0.1961D-02   0.5329D-01  -0.1163D-01
  -0.7004D-03  -0.1746D-02  -0.7454D-03  -0.1599D-02  -0.7004D-03  -0.1746D-02  -0.7454D-03  -0.1599D-02
  2.000  0.500
  -0.5014D-01   0.0000D+00  -0.3361D-01   0.0000D+00   0.0000D+00   0.0000D+00  -0.1652D-01   0.0000D+00  -0.5014D-01   0.0000D+00  -0.3361D-01   0.0000D+00
   0.1505D+00   0.0000D+00   0.2276D-01   0.0000D+00   0.6417D-01   0.0000D+00   0.2518D-01   0.0000D+00   0.5595D-02   0.0000D+00   0.0000D+00   0.0000D+00   0.1505D+00   0.0000D+00   0.2276D-01   0.0000D+00   0.6417D-01   0.0000D+00
   0.0000D+00   0.0000D+00   0.0000D+00   0.0000D+00   0.0000D+00   0.0000D+00   0.0000D+00   0.0000D+00
  -0.5428D-01   0.3988D-02  -0.3837D-01   0.2307D-02   0.2042D-02  -0.1471D-02  -0.1895D-01   0.7609D-03  -0.5428D-01   0.3988D-02  -0.3837D-01   0.2307D-02
   0.1509D+00  -0.6983D-02   0.2335D-01  -0.2018D-02   0.5302D-01  -0.1195D-01   0.2780D-01   0.0000D+00   0.6734D-02   0.6088D-03  -0.1083D-02   0.1992D-02   0.1509D+00  -0.6983D-02   0.2335D-01  -0.2018D-02   0.5302D-01  -0.1195D-01
  -0.7222D-03  -0.1805D-02  -0.7647D-03  -0.1642D-02  -0.7222D-03  -0.1805D-02  -0.7647D-03  -0.1642D-02
  2.000  1.000
  -0.4635D-01   0.0000D+00  -0.3107D-01   0.0000D+00   0.0000D+00   0.0000D+00  -0.1527D-01   0.0000D+00  -0.4635D-01   0.0000D+00  -0.3107D-01   0.0000D+00
   0.1505D+00   0.0000D+00   0.2276D-01   0.0000D+00   0.6417D-01   0.0000D+00   0.2518D-01   0.0000D+00   0.5595D-02   0.0000D+00   0.0000D+00   0.0000D+00   0.1505D+00   0.0000D+00   0.2276D-01   0.0000D+00   0.6417D-01   0.0000D+00
   0.0000D+00   0.0000D+00   0.0000D+00   0.0000D+00   0.0000D+00   0.0000D+00   0.0000D+00   0.0000D+00
  -0.5328D-01   0.3409D-02  -0.3741D-01   0.1971D-02   0.1745D-02  -0.1257D-02  -0.1847D-01   0.6503D-03  -0.5328D-01   0.3409D-02  -0.3741D-01   0.1971D-02
   0.1509D+00  -0.6455D-02   0.2331D-01  -0.1866D-02   0.5387D-01  -0.1105D-01   0.2761D-01   0.0000D+00   0.6648D-02   0.5628D-03  -0.1001D-02   0.1842D-02   0.1509D+00  -0.6455D-02   0.2331D-01  -0.1866D-02   0.5387D-01  -0.1105D-01
  -0.6677D-03  -0.1669D-02  -0.7070D-03  -0.1518D-02  -0.6677D-03  -0.1669D-02  -0.7070D-03  -0.1518D-02
  2.000  2.000
  -0.4310D-01   0.0000D+00  -0.2890D-01   0.0000D+00   0.0000D+00   0.0000D+00  -0.1420D-01   0.0000D+00  -0.4310D-01   0.0000D+00  -0.2890D-01   0.0000D+00
   0.1505D+00   0.0000D+00   0.2276D-01   0.0000D+00   0.6417D-01   0.0000D+00   0.2518D-01   0.0000D+00   0.5595D-02   0.0000D+00   0.0000D+00   0.0000D+00   0.1505D+00   0.0000D+00   0.2276D-01   0.0000D+00   0.6417D-01   0.0000D+00
   0.0000D+00   0.0000D+00   0.0000D+00   0.0000D+00   0.0000D+00   0.0000D+00   0.0000D+00   0.0000D+00
  -0.5202D-01   0.2948D-02  -0.3634D-01   0.1705D-02   0.1509D-02  -0.1087D-02  -0.1793D-01   0.5624D-03  -0.5202D-01   0.2948D-02  -0.3634D-01   0.1705D-02
   0.1509D+00  -0.6003D-02   0.2328D-01  -0.1735D-02   0.5460D-01  -0.1028D-01   0.2744D-01   0.0000D+00   0.6575D-02   0.5234D-03  -0.9311D-03   0.1713D-02   0.1509D+00  -0.6003D-02   0.2328D-01  -0.1735D-02   0.5460D-01  -0.1028D-01
  -0.6209D-03  -0.1552D-02  -0.6574D-03  -0.1412D-02  -0.6209D-03  -0.1552D-02  -0.6574D-03  -0.1412D-02
