 LHC=           1 sqrts=   8000.0000000000000      ang=           4 mode=fital                                                                                               scalescheme=           1 R=  0.69999999999999996     
 MSTW2008nlo68cl_rand1235                                                                                      48
 Bin information: chid, chiu, md, mu, mu0
   0.0000000000000000       0.50000000000000000        468.00000000000000        507.00000000000000        487.50000000000000     
 9 scales(muf, mur)*(LO(38), NLO(38))
  0.500  0.500
  -0.9168D+00   0.0000D+00  -0.8946D+00   0.0000D+00   0.0000D+00   0.0000D+00  -0.7341D+00   0.0000D+00  -0.9168D+00   0.0000D+00  -0.8946D+00   0.0000D+00
   0.5890D+00   0.0000D+00   0.1005D+00   0.0000D+00   0.1817D+00   0.0000D+00   0.1878D+00   0.0000D+00   0.4174D-01   0.0000D+00   0.0000D+00   0.0000D+00   0.5890D+00   0.0000D+00   0.1005D+00   0.0000D+00   0.1817D+00   0.0000D+00
   0.0000D+00   0.0000D+00   0.0000D+00   0.0000D+00   0.0000D+00   0.0000D+00   0.0000D+00   0.0000D+00
  -0.6812D+00   0.1254D+00  -0.7722D+00   0.7465D-01   0.7426D-01  -0.7321D-01  -0.6813D+00   0.4727D-02  -0.6812D+00   0.1254D+00  -0.7722D+00   0.7465D-01
   0.5168D+00  -0.2216D-01   0.9050D-01  -0.7765D-02   0.1035D+00  -0.5419D-01   0.1754D+00   0.0000D+00   0.4373D-01   0.5089D-02  -0.2315D-02   0.1665D-01   0.5168D+00  -0.2216D-01   0.9050D-01  -0.7765D-02   0.1035D+00  -0.5419D-01
  -0.1871D-02  -0.6891D-02  -0.4007D-02  -0.9869D-02  -0.1871D-02  -0.6891D-02  -0.4007D-02  -0.9869D-02
  0.500  1.000
  -0.8397D+00   0.0000D+00  -0.8193D+00   0.0000D+00   0.0000D+00   0.0000D+00  -0.6723D+00   0.0000D+00  -0.8397D+00   0.0000D+00  -0.8193D+00   0.0000D+00
   0.5890D+00   0.0000D+00   0.1005D+00   0.0000D+00   0.1817D+00   0.0000D+00   0.1878D+00   0.0000D+00   0.4174D-01   0.0000D+00   0.0000D+00   0.0000D+00   0.5890D+00   0.0000D+00   0.1005D+00   0.0000D+00   0.1817D+00   0.0000D+00
   0.0000D+00   0.0000D+00   0.0000D+00   0.0000D+00   0.0000D+00   0.0000D+00   0.0000D+00   0.0000D+00
  -0.7103D+00   0.1052D+00  -0.7833D+00   0.6261D-01   0.6229D-01  -0.6141D-01  -0.6826D+00   0.3965D-02  -0.7103D+00   0.1052D+00  -0.7833D+00   0.6261D-01
   0.5231D+00  -0.2029D-01   0.9138D-01  -0.7111D-02   0.1101D+00  -0.4963D-01   0.1765D+00   0.0000D+00   0.4357D-01   0.4660D-02  -0.2119D-02   0.1525D-01   0.5231D+00  -0.2029D-01   0.9138D-01  -0.7111D-02   0.1101D+00  -0.4963D-01
  -0.1713D-02  -0.6311D-02  -0.3669D-02  -0.9039D-02  -0.1713D-02  -0.6311D-02  -0.3669D-02  -0.9039D-02
  0.500  2.000
  -0.7747D+00   0.0000D+00  -0.7559D+00   0.0000D+00   0.0000D+00   0.0000D+00  -0.6202D+00   0.0000D+00  -0.7747D+00   0.0000D+00  -0.7559D+00   0.0000D+00
   0.5890D+00   0.0000D+00   0.1005D+00   0.0000D+00   0.1817D+00   0.0000D+00   0.1878D+00   0.0000D+00   0.4174D-01   0.0000D+00   0.0000D+00   0.0000D+00   0.5890D+00   0.0000D+00   0.1005D+00   0.0000D+00   0.1817D+00   0.0000D+00
   0.0000D+00   0.0000D+00   0.0000D+00   0.0000D+00   0.0000D+00   0.0000D+00   0.0000D+00   0.0000D+00
  -0.7226D+00   0.8952D-01  -0.7818D+00   0.5329D-01   0.5301D-01  -0.5227D-01  -0.6755D+00   0.3375D-02  -0.7226D+00   0.8952D-01  -0.7818D+00   0.5329D-01
   0.5284D+00  -0.1872D-01   0.9211D-01  -0.6561D-02   0.1157D+00  -0.4579D-01   0.1774D+00   0.0000D+00   0.4344D-01   0.4300D-02  -0.1955D-02   0.1407D-01   0.5284D+00  -0.1872D-01   0.9211D-01  -0.6561D-02   0.1157D+00  -0.4579D-01
  -0.1581D-02  -0.5823D-02  -0.3385D-02  -0.8339D-02  -0.1581D-02  -0.5823D-02  -0.3385D-02  -0.8339D-02
  1.000  0.500
  -0.8564D+00   0.0000D+00  -0.8334D+00   0.0000D+00   0.0000D+00   0.0000D+00  -0.6844D+00   0.0000D+00  -0.8564D+00   0.0000D+00  -0.8334D+00   0.0000D+00
   0.5508D+00   0.0000D+00   0.9374D-01   0.0000D+00   0.1696D+00   0.0000D+00   0.1748D+00   0.0000D+00   0.3885D-01   0.0000D+00   0.0000D+00   0.0000D+00   0.5508D+00   0.0000D+00   0.9374D-01   0.0000D+00   0.1696D+00   0.0000D+00
   0.0000D+00   0.0000D+00   0.0000D+00   0.0000D+00   0.0000D+00   0.0000D+00   0.0000D+00   0.0000D+00
  -0.6925D+00   0.1171D+00  -0.7743D+00   0.6978D-01   0.7033D-01  -0.6824D-01  -0.6811D+00   0.4557D-02  -0.6925D+00   0.1171D+00  -0.7743D+00   0.6978D-01
   0.5173D+00  -0.2068D-01   0.9018D-01  -0.7233D-02   0.1070D+00  -0.5047D-01   0.1739D+00   0.0000D+00   0.4325D-01   0.4733D-02  -0.2124D-02   0.1549D-01   0.5173D+00  -0.2068D-01   0.9018D-01  -0.7233D-02   0.1070D+00  -0.5047D-01
  -0.1756D-02  -0.6453D-02  -0.3745D-02  -0.9211D-02  -0.1756D-02  -0.6453D-02  -0.3745D-02  -0.9211D-02
  1.000  1.000
  -0.7843D+00   0.0000D+00  -0.7633D+00   0.0000D+00   0.0000D+00   0.0000D+00  -0.6268D+00   0.0000D+00  -0.7843D+00   0.0000D+00  -0.7633D+00   0.0000D+00
   0.5508D+00   0.0000D+00   0.9374D-01   0.0000D+00   0.1696D+00   0.0000D+00   0.1748D+00   0.0000D+00   0.3885D-01   0.0000D+00   0.0000D+00   0.0000D+00   0.5508D+00   0.0000D+00   0.9374D-01   0.0000D+00   0.1696D+00   0.0000D+00
   0.0000D+00   0.0000D+00   0.0000D+00   0.0000D+00   0.0000D+00   0.0000D+00   0.0000D+00   0.0000D+00
  -0.7106D+00   0.9820D-01  -0.7757D+00   0.5852D-01   0.5898D-01  -0.5724D-01  -0.6750D+00   0.3822D-02  -0.7106D+00   0.9820D-01  -0.7757D+00   0.5852D-01
   0.5203D+00  -0.1894D-01   0.9052D-01  -0.6625D-02   0.1123D+00  -0.4623D-01   0.1740D+00   0.0000D+00   0.4289D-01   0.4334D-02  -0.1945D-02   0.1419D-01   0.5203D+00  -0.1894D-01   0.9052D-01  -0.6625D-02   0.1123D+00  -0.4623D-01
  -0.1608D-02  -0.5910D-02  -0.3430D-02  -0.8436D-02  -0.1608D-02  -0.5910D-02  -0.3430D-02  -0.8436D-02
  1.000  2.000
  -0.7236D+00   0.0000D+00  -0.7042D+00   0.0000D+00   0.0000D+00   0.0000D+00  -0.5783D+00   0.0000D+00  -0.7236D+00   0.0000D+00  -0.7042D+00   0.0000D+00
   0.5508D+00   0.0000D+00   0.9374D-01   0.0000D+00   0.1696D+00   0.0000D+00   0.1748D+00   0.0000D+00   0.3885D-01   0.0000D+00   0.0000D+00   0.0000D+00   0.5508D+00   0.0000D+00   0.9374D-01   0.0000D+00   0.1696D+00   0.0000D+00
   0.0000D+00   0.0000D+00   0.0000D+00   0.0000D+00   0.0000D+00   0.0000D+00   0.0000D+00   0.0000D+00
  -0.7151D+00   0.8359D-01  -0.7676D+00   0.4981D-01   0.5020D-01  -0.4872D-01  -0.6626D+00   0.3254D-02  -0.7151D+00   0.8359D-01  -0.7676D+00   0.4981D-01
   0.5228D+00  -0.1748D-01   0.9079D-01  -0.6112D-02   0.1168D+00  -0.4265D-01   0.1741D+00   0.0000D+00   0.4259D-01   0.3999D-02  -0.1794D-02   0.1309D-01   0.5228D+00  -0.1748D-01   0.9079D-01  -0.6112D-02   0.1168D+00  -0.4265D-01
  -0.1483D-02  -0.5452D-02  -0.3165D-02  -0.7783D-02  -0.1483D-02  -0.5452D-02  -0.3165D-02  -0.7783D-02
  2.000  0.500
  -0.8023D+00   0.0000D+00  -0.7821D+00   0.0000D+00   0.0000D+00   0.0000D+00  -0.6397D+00   0.0000D+00  -0.8023D+00   0.0000D+00  -0.7821D+00   0.0000D+00
   0.5163D+00   0.0000D+00   0.8784D-01   0.0000D+00   0.1587D+00   0.0000D+00   0.1629D+00   0.0000D+00   0.3620D-01   0.0000D+00   0.0000D+00   0.0000D+00   0.5163D+00   0.0000D+00   0.8784D-01   0.0000D+00   0.1587D+00   0.0000D+00
   0.0000D+00   0.0000D+00   0.0000D+00   0.0000D+00   0.0000D+00   0.0000D+00   0.0000D+00   0.0000D+00
  -0.7069D+00   0.1100D+00  -0.7805D+00   0.6550D-01   0.6534D-01  -0.6387D-01  -0.6837D+00   0.4426D-02  -0.7069D+00   0.1100D+00  -0.7805D+00   0.6550D-01
   0.5193D+00  -0.1936D-01   0.9057D-01  -0.6782D-02   0.1106D+00  -0.4728D-01   0.1740D+00   0.0000D+00   0.4294D-01   0.4411D-02  -0.2238D-02   0.1444D-01   0.5193D+00  -0.1936D-01   0.9057D-01  -0.6782D-02   0.1106D+00  -0.4728D-01
  -0.1654D-02  -0.6063D-02  -0.3517D-02  -0.8627D-02  -0.1654D-02  -0.6063D-02  -0.3517D-02  -0.8627D-02
  2.000  1.000
  -0.7348D+00   0.0000D+00  -0.7162D+00   0.0000D+00   0.0000D+00   0.0000D+00  -0.5858D+00   0.0000D+00  -0.7348D+00   0.0000D+00  -0.7162D+00   0.0000D+00
   0.5163D+00   0.0000D+00   0.8784D-01   0.0000D+00   0.1587D+00   0.0000D+00   0.1629D+00   0.0000D+00   0.3620D-01   0.0000D+00   0.0000D+00   0.0000D+00   0.5163D+00   0.0000D+00   0.8784D-01   0.0000D+00   0.1587D+00   0.0000D+00
   0.0000D+00   0.0000D+00   0.0000D+00   0.0000D+00   0.0000D+00   0.0000D+00   0.0000D+00   0.0000D+00
  -0.7145D+00   0.9225D-01  -0.7731D+00   0.5494D-01   0.5480D-01  -0.5357D-01  -0.6703D+00   0.3713D-02  -0.7145D+00   0.9225D-01  -0.7731D+00   0.5494D-01
   0.5192D+00  -0.1773D-01   0.9036D-01  -0.6211D-02   0.1147D+00  -0.4330D-01   0.1731D+00   0.0000D+00   0.4238D-01   0.4040D-02  -0.2050D-02   0.1322D-01   0.5192D+00  -0.1773D-01   0.9036D-01  -0.6211D-02   0.1147D+00  -0.4330D-01
  -0.1515D-02  -0.5553D-02  -0.3221D-02  -0.7901D-02  -0.1515D-02  -0.5553D-02  -0.3221D-02  -0.7901D-02
  2.000  2.000
  -0.6779D+00   0.0000D+00  -0.6608D+00   0.0000D+00   0.0000D+00   0.0000D+00  -0.5405D+00   0.0000D+00  -0.6779D+00   0.0000D+00  -0.6608D+00   0.0000D+00
   0.5163D+00   0.0000D+00   0.8784D-01   0.0000D+00   0.1587D+00   0.0000D+00   0.1629D+00   0.0000D+00   0.3620D-01   0.0000D+00   0.0000D+00   0.0000D+00   0.5163D+00   0.0000D+00   0.8784D-01   0.0000D+00   0.1587D+00   0.0000D+00
   0.0000D+00   0.0000D+00   0.0000D+00   0.0000D+00   0.0000D+00   0.0000D+00   0.0000D+00   0.0000D+00
  -0.7114D+00   0.7852D-01  -0.7587D+00   0.4676D-01   0.4665D-01  -0.4560D-01  -0.6529D+00   0.3160D-02  -0.7114D+00   0.7852D-01  -0.7587D+00   0.4676D-01
   0.5191D+00  -0.1636D-01   0.9019D-01  -0.5730D-02   0.1181D+00  -0.3995D-01   0.1724D+00   0.0000D+00   0.4191D-01   0.3727D-02  -0.1891D-02   0.1220D-01   0.5191D+00  -0.1636D-01   0.9019D-01  -0.5730D-02   0.1181D+00  -0.3995D-01
  -0.1397D-02  -0.5123D-02  -0.2972D-02  -0.7290D-02  -0.1397D-02  -0.5123D-02  -0.2972D-02  -0.7290D-02
