 LHC=           1 sqrts=   8000.0000000000000      ang=           4 mode=fital                                                                                               scalescheme=           1 R=  0.69999999999999996     
 CT10nlo_rand5678                                                                                             147
 Bin information: chid, chiu, md, mu, mu0
   0.0000000000000000       0.50000000000000000        56.000000000000000        64.000000000000000        60.000000000000000     
 9 scales(muf, mur)*(LO(38), NLO(38))
  0.500  0.500
  -0.1787D+02   0.0000D+00  -0.3297D+02   0.0000D+00   0.0000D+00   0.0000D+00  -0.3493D+02   0.0000D+00  -0.1787D+02   0.0000D+00  -0.3297D+02   0.0000D+00
   0.2068D+00   0.0000D+00   0.3997D-01   0.0000D+00   0.4304D-01   0.0000D+00   0.9743D-01   0.0000D+00   0.2165D-01   0.0000D+00   0.0000D+00   0.0000D+00   0.2068D+00   0.0000D+00   0.3997D-01   0.0000D+00   0.4304D-01   0.0000D+00
   0.0000D+00   0.0000D+00   0.0000D+00   0.0000D+00   0.0000D+00   0.0000D+00   0.0000D+00   0.0000D+00
  -0.1220D+02   0.6501D+01  -0.2624D+02   0.3888D+01   0.3362D+01  -0.4806D+01  -0.3159D+02  -0.4495D+00  -0.1220D+02   0.6501D+01  -0.2624D+02   0.3888D+01
   0.6061D+00  -0.7177D-02   0.1157D+00  -0.3346D-02   0.9818D-01  -0.2735D-01   0.2443D+00   0.0000D+00   0.6706D-01   0.3507D-02   0.9042D-02   0.1148D-01   0.6061D+00  -0.7177D-02   0.1157D+00  -0.3346D-02   0.9818D-01  -0.2735D-01
  -0.1178D-03  -0.2323D-02  -0.1647D-02  -0.6039D-02  -0.1178D-03  -0.2323D-02  -0.1647D-02  -0.6039D-02
  0.500  1.000
  -0.1587D+02   0.0000D+00  -0.2927D+02   0.0000D+00   0.0000D+00   0.0000D+00  -0.3102D+02   0.0000D+00  -0.1587D+02   0.0000D+00  -0.2927D+02   0.0000D+00
   0.2068D+00   0.0000D+00   0.3997D-01   0.0000D+00   0.4304D-01   0.0000D+00   0.9743D-01   0.0000D+00   0.2165D-01   0.0000D+00   0.0000D+00   0.0000D+00   0.2068D+00   0.0000D+00   0.3997D-01   0.0000D+00   0.4304D-01   0.0000D+00
   0.0000D+00   0.0000D+00   0.0000D+00   0.0000D+00   0.0000D+00   0.0000D+00   0.0000D+00   0.0000D+00
  -0.1312D+02   0.5124D+01  -0.2715D+02   0.3065D+01   0.2648D+01  -0.3788D+01  -0.3175D+02  -0.3543D+00  -0.1312D+02   0.5124D+01  -0.2715D+02   0.3065D+01
   0.5713D+00  -0.6372D-02   0.1089D+00  -0.2971D-02   0.9502D-01  -0.2428D-01   0.2303D+00   0.0000D+00   0.6272D-01   0.3114D-02   0.8137D-02   0.1019D-01   0.5713D+00  -0.6372D-02   0.1089D+00  -0.2971D-02   0.9502D-01  -0.2428D-01
  -0.1045D-03  -0.2062D-02  -0.1462D-02  -0.5362D-02  -0.1045D-03  -0.2062D-02  -0.1462D-02  -0.5362D-02
  0.500  2.000
  -0.1427D+02   0.0000D+00  -0.2633D+02   0.0000D+00   0.0000D+00   0.0000D+00  -0.2789D+02   0.0000D+00  -0.1427D+02   0.0000D+00  -0.2633D+02   0.0000D+00
   0.2068D+00   0.0000D+00   0.3997D-01   0.0000D+00   0.4304D-01   0.0000D+00   0.9743D-01   0.0000D+00   0.2165D-01   0.0000D+00   0.0000D+00   0.0000D+00   0.2068D+00   0.0000D+00   0.3997D-01   0.0000D+00   0.4304D-01   0.0000D+00
   0.0000D+00   0.0000D+00   0.0000D+00   0.0000D+00   0.0000D+00   0.0000D+00   0.0000D+00   0.0000D+00
  -0.1344D+02   0.4144D+01  -0.2716D+02   0.2479D+01   0.2140D+01  -0.3064D+01  -0.3120D+02  -0.2866D+00  -0.1344D+02   0.4144D+01  -0.2716D+02   0.2479D+01
   0.5374D+00  -0.5731D-02   0.1024D+00  -0.2672D-02   0.9040D-01  -0.2184D-01   0.2178D+00   0.0000D+00   0.5885D-01   0.2801D-02   0.7381D-02   0.9166D-02   0.5374D+00  -0.5731D-02   0.1024D+00  -0.2672D-02   0.9040D-01  -0.2184D-01
  -0.9392D-04  -0.1855D-02  -0.1315D-02  -0.4822D-02  -0.9392D-04  -0.1855D-02  -0.1315D-02  -0.4822D-02
  1.000  0.500
  -0.1929D+02   0.0000D+00  -0.3604D+02   0.0000D+00   0.0000D+00   0.0000D+00  -0.3903D+02   0.0000D+00  -0.1929D+02   0.0000D+00  -0.3604D+02   0.0000D+00
   0.2287D+00   0.0000D+00   0.4400D-01   0.0000D+00   0.4579D-01   0.0000D+00   0.1037D+00   0.0000D+00   0.2306D-01   0.0000D+00   0.0000D+00   0.0000D+00   0.2287D+00   0.0000D+00   0.4400D-01   0.0000D+00   0.4579D-01   0.0000D+00
   0.0000D+00   0.0000D+00   0.0000D+00   0.0000D+00   0.0000D+00   0.0000D+00   0.0000D+00   0.0000D+00
  -0.1121D+02   0.7027D+01  -0.2602D+02   0.4338D+01   0.3227D+01  -0.5389D+01  -0.3180D+02  -0.5153D+00  -0.1121D+02   0.7027D+01  -0.2602D+02   0.4338D+01
   0.5901D+00  -0.7412D-02   0.1116D+00  -0.3573D-02   0.9310D-01  -0.3087D-01   0.2379D+00   0.0000D+00   0.6467D-01   0.3871D-02   0.8698D-02   0.1267D-01   0.5901D+00  -0.7412D-02   0.1116D+00  -0.3573D-02   0.9310D-01  -0.3087D-01
  -0.1300D-03  -0.3342D-02  -0.1894D-02  -0.6627D-02  -0.1300D-03  -0.3342D-02  -0.1894D-02  -0.6627D-02
  1.000  1.000
  -0.1713D+02   0.0000D+00  -0.3200D+02   0.0000D+00   0.0000D+00   0.0000D+00  -0.3465D+02   0.0000D+00  -0.1713D+02   0.0000D+00  -0.3200D+02   0.0000D+00
   0.2287D+00   0.0000D+00   0.4400D-01   0.0000D+00   0.4579D-01   0.0000D+00   0.1037D+00   0.0000D+00   0.2306D-01   0.0000D+00   0.0000D+00   0.0000D+00   0.2287D+00   0.0000D+00   0.4400D-01   0.0000D+00   0.4579D-01   0.0000D+00
   0.0000D+00   0.0000D+00   0.0000D+00   0.0000D+00   0.0000D+00   0.0000D+00   0.0000D+00   0.0000D+00
  -0.1256D+02   0.5539D+01  -0.2752D+02   0.3419D+01   0.2541D+01  -0.4248D+01  -0.3266D+02  -0.4061D+00  -0.1256D+02   0.5539D+01  -0.2752D+02   0.3419D+01
   0.5257D+00  -0.6581D-02   0.9984D-01  -0.3173D-02   0.7983D-01  -0.2741D-01   0.2178D+00   0.0000D+00   0.5838D-01   0.3437D-02   0.7581D-02   0.1125D-01   0.5257D+00  -0.6581D-02   0.9984D-01  -0.3173D-02   0.7983D-01  -0.2741D-01
  -0.1154D-03  -0.2967D-02  -0.1681D-02  -0.5884D-02  -0.1154D-03  -0.2967D-02  -0.1681D-02  -0.5884D-02
  1.000  2.000
  -0.1540D+02   0.0000D+00  -0.2878D+02   0.0000D+00   0.0000D+00   0.0000D+00  -0.3116D+02   0.0000D+00  -0.1540D+02   0.0000D+00  -0.2878D+02   0.0000D+00
   0.2287D+00   0.0000D+00   0.4400D-01   0.0000D+00   0.4579D-01   0.0000D+00   0.1037D+00   0.0000D+00   0.2306D-01   0.0000D+00   0.0000D+00   0.0000D+00   0.2287D+00   0.0000D+00   0.4400D-01   0.0000D+00   0.4579D-01   0.0000D+00
   0.0000D+00   0.0000D+00   0.0000D+00   0.0000D+00   0.0000D+00   0.0000D+00   0.0000D+00   0.0000D+00
  -0.1325D+02   0.4480D+01  -0.2800D+02   0.2765D+01   0.2053D+01  -0.3436D+01  -0.3262D+02  -0.3285D+00  -0.1325D+02   0.4480D+01  -0.2800D+02   0.2765D+01
   0.5276D+00  -0.5919D-02   0.9980D-01  -0.2854D-02   0.8624D-01  -0.2465D-01   0.2140D+00   0.0000D+00   0.5719D-01   0.3091D-02   0.7132D-02   0.1012D-01   0.5276D+00  -0.5919D-02   0.9980D-01  -0.2854D-02   0.8624D-01  -0.2465D-01
  -0.1037D-03  -0.2669D-02  -0.1512D-02  -0.5292D-02  -0.1037D-03  -0.2669D-02  -0.1512D-02  -0.5292D-02
  2.000  0.500
  -0.2068D+02   0.0000D+00  -0.3804D+02   0.0000D+00   0.0000D+00   0.0000D+00  -0.4137D+02   0.0000D+00  -0.2068D+02   0.0000D+00  -0.3804D+02   0.0000D+00
   0.2320D+00   0.0000D+00   0.4741D-01   0.0000D+00   0.4885D-01   0.0000D+00   0.1149D+00   0.0000D+00   0.2553D-01   0.0000D+00   0.0000D+00   0.0000D+00   0.2320D+00   0.0000D+00   0.4741D-01   0.0000D+00   0.4885D-01   0.0000D+00
   0.0000D+00   0.0000D+00   0.0000D+00   0.0000D+00   0.0000D+00   0.0000D+00   0.0000D+00   0.0000D+00
  -0.1066D+02   0.7723D+01  -0.2435D+02   0.4690D+01   0.3489D+01  -0.5314D+01  -0.3068D+02  -0.5492D+00  -0.1066D+02   0.7723D+01  -0.2435D+02   0.4690D+01
   0.6067D+00  -0.7966D-02   0.1213D+00  -0.3523D-02   0.9632D-01  -0.2997D-01   0.2506D+00   0.0000D+00   0.6802D-01   0.4276D-02   0.8540D-02   0.1400D-01   0.6067D+00  -0.7966D-02   0.1213D+00  -0.3523D-02   0.9632D-01  -0.2997D-01
  -0.1529D-03  -0.3090D-02  -0.2101D-02  -0.7398D-02  -0.1529D-03  -0.3090D-02  -0.2101D-02  -0.7398D-02
  2.000  1.000
  -0.1836D+02   0.0000D+00  -0.3377D+02   0.0000D+00   0.0000D+00   0.0000D+00  -0.3673D+02   0.0000D+00  -0.1836D+02   0.0000D+00  -0.3377D+02   0.0000D+00
   0.2320D+00   0.0000D+00   0.4741D-01   0.0000D+00   0.4885D-01   0.0000D+00   0.1149D+00   0.0000D+00   0.2553D-01   0.0000D+00   0.0000D+00   0.0000D+00   0.2320D+00   0.0000D+00   0.4741D-01   0.0000D+00   0.4885D-01   0.0000D+00
   0.0000D+00   0.0000D+00   0.0000D+00   0.0000D+00   0.0000D+00   0.0000D+00   0.0000D+00   0.0000D+00
  -0.1230D+02   0.6087D+01  -0.2645D+02   0.3697D+01   0.2750D+01  -0.4189D+01  -0.3210D+02  -0.4329D+00  -0.1230D+02   0.6087D+01  -0.2645D+02   0.3697D+01
   0.5108D+00  -0.7073D-02   0.1036D+00  -0.3128D-02   0.7625D-01  -0.2661D-01   0.2223D+00   0.0000D+00   0.5916D-01   0.3797D-02   0.6876D-02   0.1243D-01   0.5108D+00  -0.7073D-02   0.1036D+00  -0.3128D-02   0.7625D-01  -0.2661D-01
  -0.1357D-03  -0.2744D-02  -0.1865D-02  -0.6568D-02  -0.1357D-03  -0.2744D-02  -0.1865D-02  -0.6568D-02
  2.000  2.000
  -0.1651D+02   0.0000D+00  -0.3037D+02   0.0000D+00   0.0000D+00   0.0000D+00  -0.3303D+02   0.0000D+00  -0.1651D+02   0.0000D+00  -0.3037D+02   0.0000D+00
   0.2320D+00   0.0000D+00   0.4741D-01   0.0000D+00   0.4885D-01   0.0000D+00   0.1149D+00   0.0000D+00   0.2553D-01   0.0000D+00   0.0000D+00   0.0000D+00   0.2320D+00   0.0000D+00   0.4741D-01   0.0000D+00   0.4885D-01   0.0000D+00
   0.0000D+00   0.0000D+00   0.0000D+00   0.0000D+00   0.0000D+00   0.0000D+00   0.0000D+00   0.0000D+00
  -0.1300D+02   0.4923D+01  -0.2716D+02   0.2990D+01   0.2226D+01  -0.3389D+01  -0.3226D+02  -0.3501D+00  -0.1300D+02   0.4923D+01  -0.2716D+02   0.2990D+01
   0.3969D+00  -0.6361D-02   0.8294D-01  -0.2813D-02   0.4953D-01  -0.2394D-01   0.1913D+00   0.0000D+00   0.4937D-01   0.3415D-02   0.5148D-02   0.1118D-01   0.3969D+00  -0.6361D-02   0.8294D-01  -0.2813D-02   0.4953D-01  -0.2394D-01
  -0.1220D-03  -0.2467D-02  -0.1678D-02  -0.5907D-02  -0.1220D-03  -0.2467D-02  -0.1678D-02  -0.5907D-02
