 LHC=           1 sqrts=   8000.0000000000000      ang=           4 mode=fital                                                                                               scalescheme=           1 R=  0.69999999999999996     
 CT10nlo_rand5678                                                                                             424
 Bin information: chid, chiu, md, mu, mu0
   0.0000000000000000       0.50000000000000000        395.00000000000000        430.00000000000000        412.50000000000000     
 9 scales(muf, mur)*(LO(38), NLO(38))
  0.500  0.500
  -0.1240D+01   0.0000D+00  -0.1279D+01   0.0000D+00   0.0000D+00   0.0000D+00  -0.1094D+01   0.0000D+00  -0.1240D+01   0.0000D+00  -0.1279D+01   0.0000D+00
   0.5929D+00   0.0000D+00   0.1025D+00   0.0000D+00   0.1761D+00   0.0000D+00   0.1966D+00   0.0000D+00   0.4369D-01   0.0000D+00   0.0000D+00   0.0000D+00   0.5929D+00   0.0000D+00   0.1025D+00   0.0000D+00   0.1761D+00   0.0000D+00
   0.0000D+00   0.0000D+00   0.0000D+00   0.0000D+00   0.0000D+00   0.0000D+00   0.0000D+00   0.0000D+00
  -0.9123D+00   0.1816D+00  -0.1097D+01   0.1085D+00   0.1091D+00  -0.1099D+00  -0.1010D+01   0.4252D-02  -0.9123D+00   0.1816D+00  -0.1097D+01   0.1085D+00
   0.5466D+00  -0.2160D-01   0.9710D-01  -0.7710D-02   0.1056D+00  -0.5472D-01   0.1898D+00   0.0000D+00   0.4755D-01   0.5361D-02  -0.2330D-02   0.1754D-01   0.5466D+00  -0.2160D-01   0.9710D-01  -0.7710D-02   0.1056D+00  -0.5472D-01
  -0.1748D-02  -0.6830D-02  -0.4072D-02  -0.1028D-01  -0.1748D-02  -0.6830D-02  -0.4072D-02  -0.1028D-01
  0.500  1.000
  -0.1135D+01   0.0000D+00  -0.1170D+01   0.0000D+00   0.0000D+00   0.0000D+00  -0.1001D+01   0.0000D+00  -0.1135D+01   0.0000D+00  -0.1170D+01   0.0000D+00
   0.5929D+00   0.0000D+00   0.1025D+00   0.0000D+00   0.1761D+00   0.0000D+00   0.1966D+00   0.0000D+00   0.4369D-01   0.0000D+00   0.0000D+00   0.0000D+00   0.5929D+00   0.0000D+00   0.1025D+00   0.0000D+00   0.1761D+00   0.0000D+00
   0.0000D+00   0.0000D+00   0.0000D+00   0.0000D+00   0.0000D+00   0.0000D+00   0.0000D+00   0.0000D+00
  -0.9532D+00   0.1522D+00  -0.1114D+01   0.9091D-01   0.9136D-01  -0.9205D-01  -0.1013D+01   0.3562D-02  -0.9532D+00   0.1522D+00  -0.1114D+01   0.9091D-01
   0.5507D+00  -0.1977D-01   0.9760D-01  -0.7057D-02   0.1117D+00  -0.5008D-01   0.1904D+00   0.0000D+00   0.4724D-01   0.4907D-02  -0.2132D-02   0.1606D-01   0.5507D+00  -0.1977D-01   0.9760D-01  -0.7057D-02   0.1117D+00  -0.5008D-01
  -0.1600D-02  -0.6251D-02  -0.3727D-02  -0.9413D-02  -0.1600D-02  -0.6251D-02  -0.3727D-02  -0.9413D-02
  0.500  2.000
  -0.1046D+01   0.0000D+00  -0.1079D+01   0.0000D+00   0.0000D+00   0.0000D+00  -0.9235D+00   0.0000D+00  -0.1046D+01   0.0000D+00  -0.1079D+01   0.0000D+00
   0.5929D+00   0.0000D+00   0.1025D+00   0.0000D+00   0.1761D+00   0.0000D+00   0.1966D+00   0.0000D+00   0.4369D-01   0.0000D+00   0.0000D+00   0.0000D+00   0.5929D+00   0.0000D+00   0.1025D+00   0.0000D+00   0.1761D+00   0.0000D+00
   0.0000D+00   0.0000D+00   0.0000D+00   0.0000D+00   0.0000D+00   0.0000D+00   0.0000D+00   0.0000D+00
  -0.9709D+00   0.1294D+00  -0.1113D+01   0.7731D-01   0.7769D-01  -0.7828D-01  -0.1003D+01   0.3030D-02  -0.9709D+00   0.1294D+00  -0.1113D+01   0.7731D-01
   0.5542D+00  -0.1823D-01   0.9802D-01  -0.6508D-02   0.1168D+00  -0.4619D-01   0.1909D+00   0.0000D+00   0.4697D-01   0.4525D-02  -0.1965D-02   0.1481D-01   0.5542D+00  -0.1823D-01   0.9802D-01  -0.6508D-02   0.1168D+00  -0.4619D-01
  -0.1475D-02  -0.5765D-02  -0.3437D-02  -0.8681D-02  -0.1475D-02  -0.5765D-02  -0.3437D-02  -0.8681D-02
  1.000  0.500
  -0.1172D+01   0.0000D+00  -0.1212D+01   0.0000D+00   0.0000D+00   0.0000D+00  -0.1035D+01   0.0000D+00  -0.1172D+01   0.0000D+00  -0.1212D+01   0.0000D+00
   0.5593D+00   0.0000D+00   0.9655D-01   0.0000D+00   0.1659D+00   0.0000D+00   0.1859D+00   0.0000D+00   0.4131D-01   0.0000D+00   0.0000D+00   0.0000D+00   0.5593D+00   0.0000D+00   0.9655D-01   0.0000D+00   0.1659D+00   0.0000D+00
   0.0000D+00   0.0000D+00   0.0000D+00   0.0000D+00   0.0000D+00   0.0000D+00   0.0000D+00   0.0000D+00
  -0.9336D+00   0.1720D+00  -0.1103D+01   0.1025D+00   0.1030D+00  -0.1039D+00  -0.1015D+01   0.4188D-02  -0.9336D+00   0.1720D+00  -0.1103D+01   0.1025D+00
   0.5422D+00  -0.2034D-01   0.9616D-01  -0.7282D-02   0.1071D+00  -0.5191D-01   0.1887D+00   0.0000D+00   0.4688D-01   0.5067D-02  -0.2457D-02   0.1658D-01   0.5422D+00  -0.2034D-01   0.9616D-01  -0.7282D-02   0.1071D+00  -0.5191D-01
  -0.1658D-02  -0.6566D-02  -0.3865D-02  -0.9705D-02  -0.1658D-02  -0.6566D-02  -0.3865D-02  -0.9705D-02
  1.000  1.000
  -0.1072D+01   0.0000D+00  -0.1109D+01   0.0000D+00   0.0000D+00   0.0000D+00  -0.9472D+00   0.0000D+00  -0.1072D+01   0.0000D+00  -0.1109D+01   0.0000D+00
   0.5593D+00   0.0000D+00   0.9655D-01   0.0000D+00   0.1659D+00   0.0000D+00   0.1859D+00   0.0000D+00   0.4131D-01   0.0000D+00   0.0000D+00   0.0000D+00   0.5593D+00   0.0000D+00   0.9655D-01   0.0000D+00   0.1659D+00   0.0000D+00
   0.0000D+00   0.0000D+00   0.0000D+00   0.0000D+00   0.0000D+00   0.0000D+00   0.0000D+00   0.0000D+00
  -0.9606D+00   0.1441D+00  -0.1109D+01   0.8589D-01   0.8626D-01  -0.8707D-01  -0.1008D+01   0.3509D-02  -0.9606D+00   0.1441D+00  -0.1109D+01   0.8589D-01
   0.5439D+00  -0.1862D-01   0.9623D-01  -0.6666D-02   0.1122D+00  -0.4752D-01   0.1885D+00   0.0000D+00   0.4642D-01   0.4638D-02  -0.2248D-02   0.1518D-01   0.5439D+00  -0.1862D-01   0.9623D-01  -0.6666D-02   0.1122D+00  -0.4752D-01
  -0.1518D-02  -0.6010D-02  -0.3537D-02  -0.8883D-02  -0.1518D-02  -0.6010D-02  -0.3537D-02  -0.8883D-02
  1.000  2.000
  -0.9889D+00   0.0000D+00  -0.1023D+01   0.0000D+00   0.0000D+00   0.0000D+00  -0.8735D+00   0.0000D+00  -0.9889D+00   0.0000D+00  -0.1023D+01   0.0000D+00
   0.5593D+00   0.0000D+00   0.9655D-01   0.0000D+00   0.1659D+00   0.0000D+00   0.1859D+00   0.0000D+00   0.4131D-01   0.0000D+00   0.0000D+00   0.0000D+00   0.5593D+00   0.0000D+00   0.9655D-01   0.0000D+00   0.1659D+00   0.0000D+00
   0.0000D+00   0.0000D+00   0.0000D+00   0.0000D+00   0.0000D+00   0.0000D+00   0.0000D+00   0.0000D+00
  -0.9684D+00   0.1225D+00  -0.1100D+01   0.7304D-01   0.7335D-01  -0.7404D-01  -0.9912D+00   0.2984D-02  -0.9684D+00   0.1225D+00  -0.1100D+01   0.7304D-01
   0.5453D+00  -0.1717D-01   0.9629D-01  -0.6147D-02   0.1164D+00  -0.4382D-01   0.1883D+00   0.0000D+00   0.4604D-01   0.4277D-02  -0.2072D-02   0.1400D-01   0.5453D+00  -0.1717D-01   0.9629D-01  -0.6147D-02   0.1164D+00  -0.4382D-01
  -0.1399D-02  -0.5542D-02  -0.3262D-02  -0.8191D-02  -0.1399D-02  -0.5542D-02  -0.3262D-02  -0.8191D-02
  2.000  0.500
  -0.1110D+01   0.0000D+00  -0.1152D+01   0.0000D+00   0.0000D+00   0.0000D+00  -0.9812D+00   0.0000D+00  -0.1110D+01   0.0000D+00  -0.1152D+01   0.0000D+00
   0.5293D+00   0.0000D+00   0.9168D-01   0.0000D+00   0.1567D+00   0.0000D+00   0.1752D+00   0.0000D+00   0.3894D-01   0.0000D+00   0.0000D+00   0.0000D+00   0.5293D+00   0.0000D+00   0.9168D-01   0.0000D+00   0.1567D+00   0.0000D+00
   0.0000D+00   0.0000D+00   0.0000D+00   0.0000D+00   0.0000D+00   0.0000D+00   0.0000D+00   0.0000D+00
  -0.9508D+00   0.1630D+00  -0.1120D+01   0.9708D-01   0.9811D-01  -0.9851D-01  -0.1029D+01   0.4089D-02  -0.9508D+00   0.1630D+00  -0.1120D+01   0.9708D-01
   0.5425D+00  -0.1923D-01   0.9610D-01  -0.6878D-02   0.1092D+00  -0.4874D-01   0.1885D+00   0.0000D+00   0.4656D-01   0.4778D-02  -0.2145D-02   0.1564D-01   0.5425D+00  -0.1923D-01   0.9610D-01  -0.6878D-02   0.1092D+00  -0.4874D-01
  -0.1573D-02  -0.6209D-02  -0.3676D-02  -0.9176D-02  -0.1573D-02  -0.6209D-02  -0.3676D-02  -0.9176D-02
  2.000  1.000
  -0.1016D+01   0.0000D+00  -0.1055D+01   0.0000D+00   0.0000D+00   0.0000D+00  -0.8981D+00   0.0000D+00  -0.1016D+01   0.0000D+00  -0.1055D+01   0.0000D+00
   0.5293D+00   0.0000D+00   0.9168D-01   0.0000D+00   0.1567D+00   0.0000D+00   0.1752D+00   0.0000D+00   0.3894D-01   0.0000D+00   0.0000D+00   0.0000D+00   0.5293D+00   0.0000D+00   0.9168D-01   0.0000D+00   0.1567D+00   0.0000D+00
   0.0000D+00   0.0000D+00   0.0000D+00   0.0000D+00   0.0000D+00   0.0000D+00   0.0000D+00   0.0000D+00
  -0.9656D+00   0.1366D+00  -0.1114D+01   0.8133D-01   0.8219D-01  -0.8253D-01  -0.1012D+01   0.3426D-02  -0.9656D+00   0.1366D+00  -0.1114D+01   0.8133D-01
   0.5416D+00  -0.1760D-01   0.9577D-01  -0.6296D-02   0.1133D+00  -0.4461D-01   0.1875D+00   0.0000D+00   0.4593D-01   0.4373D-02  -0.1963D-02   0.1431D-01   0.5416D+00  -0.1760D-01   0.9577D-01  -0.6296D-02   0.1133D+00  -0.4461D-01
  -0.1439D-02  -0.5683D-02  -0.3365D-02  -0.8399D-02  -0.1439D-02  -0.5683D-02  -0.3365D-02  -0.8399D-02
  2.000  2.000
  -0.9366D+00   0.0000D+00  -0.9726D+00   0.0000D+00   0.0000D+00   0.0000D+00  -0.8282D+00   0.0000D+00  -0.9366D+00   0.0000D+00  -0.9726D+00   0.0000D+00
   0.5293D+00   0.0000D+00   0.9168D-01   0.0000D+00   0.1567D+00   0.0000D+00   0.1752D+00   0.0000D+00   0.3894D-01   0.0000D+00   0.0000D+00   0.0000D+00   0.5293D+00   0.0000D+00   0.9168D-01   0.0000D+00   0.1567D+00   0.0000D+00
   0.0000D+00   0.0000D+00   0.0000D+00   0.0000D+00   0.0000D+00   0.0000D+00   0.0000D+00   0.0000D+00
  -0.9646D+00   0.1162D+00  -0.1096D+01   0.6916D-01   0.6989D-01  -0.7018D-01  -0.9871D+00   0.2914D-02  -0.9646D+00   0.1162D+00  -0.1096D+01   0.6916D-01
   0.5408D+00  -0.1623D-01   0.9548D-01  -0.5806D-02   0.1168D+00  -0.4114D-01   0.1866D+00   0.0000D+00   0.4540D-01   0.4033D-02  -0.1810D-02   0.1320D-01   0.5408D+00  -0.1623D-01   0.9548D-01  -0.5806D-02   0.1168D+00  -0.4114D-01
  -0.1327D-02  -0.5241D-02  -0.3103D-02  -0.7745D-02  -0.1327D-02  -0.5241D-02  -0.3103D-02  -0.7745D-02
