 LHC=           1 sqrts=   8000.0000000000000      ang=           4 mode=fital                                                                                               scalescheme=           1 R=  0.69999999999999996     
 CT10nlo_rand5678                                                                                             424
 Bin information: chid, chiu, md, mu, mu0
   0.0000000000000000       0.50000000000000000        1497.0000000000000        1588.0000000000000        1542.5000000000000     
 9 scales(muf, mur)*(LO(38), NLO(38))
  0.500  0.500
  -0.1530D-01   0.0000D+00  -0.1055D-01   0.0000D+00   0.0000D+00   0.0000D+00  -0.4756D-02   0.0000D+00  -0.1530D-01   0.0000D+00  -0.1055D-01   0.0000D+00
   0.7766D-01   0.0000D+00   0.1178D-01   0.0000D+00   0.3288D-01   0.0000D+00   0.1175D-01   0.0000D+00   0.2610D-02   0.0000D+00   0.0000D+00   0.0000D+00   0.7766D-01   0.0000D+00   0.1178D-01   0.0000D+00   0.3288D-01   0.0000D+00
   0.0000D+00   0.0000D+00   0.0000D+00   0.0000D+00   0.0000D+00   0.0000D+00   0.0000D+00   0.0000D+00
  -0.1296D-01   0.1192D-02  -0.9437D-02   0.6675D-03   0.5152D-03  -0.4060D-03  -0.4172D-02   0.2524D-03  -0.1296D-01   0.1192D-02  -0.9437D-02   0.6675D-03
   0.5787D-01  -0.3431D-02   0.9017D-02  -0.9963D-03   0.1912D-01  -0.5928D-02   0.9761D-02   0.0000D+00   0.2423D-02   0.2721D-03  -0.5095D-03   0.8907D-03   0.5787D-01  -0.3431D-02   0.9017D-02  -0.9963D-03   0.1912D-01  -0.5928D-02
  -0.3626D-03  -0.8791D-03  -0.3760D-03  -0.7897D-03  -0.3626D-03  -0.8791D-03  -0.3760D-03  -0.7897D-03
  0.500  1.000
  -0.1419D-01   0.0000D+00  -0.9787D-02   0.0000D+00   0.0000D+00   0.0000D+00  -0.4411D-02   0.0000D+00  -0.1419D-01   0.0000D+00  -0.9787D-02   0.0000D+00
   0.7766D-01   0.0000D+00   0.1178D-01   0.0000D+00   0.3288D-01   0.0000D+00   0.1175D-01   0.0000D+00   0.2610D-02   0.0000D+00   0.0000D+00   0.0000D+00   0.7766D-01   0.0000D+00   0.1178D-01   0.0000D+00   0.3288D-01   0.0000D+00
   0.0000D+00   0.0000D+00   0.0000D+00   0.0000D+00   0.0000D+00   0.0000D+00   0.0000D+00   0.0000D+00
  -0.1317D-01   0.1026D-02  -0.9515D-02   0.5741D-03   0.4432D-03  -0.3492D-03  -0.4219D-02   0.2171D-03  -0.1317D-01   0.1026D-02  -0.9515D-02   0.5741D-03
   0.5931D-01  -0.3182D-02   0.9218D-02  -0.9240D-03   0.2012D-01  -0.5498D-02   0.9906D-02   0.0000D+00   0.2437D-02   0.2524D-03  -0.4726D-03   0.8261D-03   0.5931D-01  -0.3182D-02   0.9218D-02  -0.9240D-03   0.2012D-01  -0.5498D-02
  -0.3363D-03  -0.8153D-03  -0.3488D-03  -0.7324D-03  -0.3363D-03  -0.8153D-03  -0.3488D-03  -0.7324D-03
  0.500  2.000
  -0.1323D-01   0.0000D+00  -0.9126D-02   0.0000D+00   0.0000D+00   0.0000D+00  -0.4113D-02   0.0000D+00  -0.1323D-01   0.0000D+00  -0.9126D-02   0.0000D+00
   0.7766D-01   0.0000D+00   0.1178D-01   0.0000D+00   0.3288D-01   0.0000D+00   0.1175D-01   0.0000D+00   0.2610D-02   0.0000D+00   0.0000D+00   0.0000D+00   0.7766D-01   0.0000D+00   0.1178D-01   0.0000D+00   0.3288D-01   0.0000D+00
   0.0000D+00   0.0000D+00   0.0000D+00   0.0000D+00   0.0000D+00   0.0000D+00   0.0000D+00   0.0000D+00
  -0.1321D-01   0.8917D-03  -0.9488D-02   0.4992D-03   0.3854D-03  -0.3037D-03  -0.4216D-02   0.1888D-03  -0.1321D-01   0.8917D-03  -0.9488D-02   0.4992D-03
   0.6055D-01  -0.2967D-02   0.9391D-02  -0.8617D-03   0.2098D-01  -0.5127D-02   0.1003D-01   0.0000D+00   0.2449D-02   0.2354D-03  -0.4407D-03   0.7703D-03   0.6055D-01  -0.2967D-02   0.9391D-02  -0.8617D-03   0.2098D-01  -0.5127D-02
  -0.3136D-03  -0.7603D-03  -0.3252D-03  -0.6829D-03  -0.3136D-03  -0.7603D-03  -0.3252D-03  -0.6829D-03
  1.000  0.500
  -0.1315D-01   0.0000D+00  -0.9068D-02   0.0000D+00   0.0000D+00   0.0000D+00  -0.4090D-02   0.0000D+00  -0.1315D-01   0.0000D+00  -0.9068D-02   0.0000D+00
   0.6677D-01   0.0000D+00   0.1011D-01   0.0000D+00   0.2832D-01   0.0000D+00   0.1009D-01   0.0000D+00   0.2243D-02   0.0000D+00   0.0000D+00   0.0000D+00   0.6677D-01   0.0000D+00   0.1011D-01   0.0000D+00   0.2832D-01   0.0000D+00
   0.0000D+00   0.0000D+00   0.0000D+00   0.0000D+00   0.0000D+00   0.0000D+00   0.0000D+00   0.0000D+00
  -0.1312D-01   0.1024D-02  -0.9475D-02   0.5743D-03   0.4421D-03  -0.3491D-03  -0.4202D-02   0.2169D-03  -0.1312D-01   0.1024D-02  -0.9475D-02   0.5743D-03
   0.5978D-01  -0.2955D-02   0.9265D-02  -0.8573D-03   0.2069D-01  -0.5094D-02   0.9878D-02   0.0000D+00   0.2419D-02   0.2341D-03  -0.4301D-03   0.7660D-03   0.5978D-01  -0.2955D-02   0.9265D-02  -0.8573D-03   0.2069D-01  -0.5094D-02
  -0.3121D-03  -0.7563D-03  -0.3233D-03  -0.6787D-03  -0.3121D-03  -0.7563D-03  -0.3233D-03  -0.6787D-03
  1.000  1.000
  -0.1220D-01   0.0000D+00  -0.8410D-02   0.0000D+00   0.0000D+00   0.0000D+00  -0.3793D-02   0.0000D+00  -0.1220D-01   0.0000D+00  -0.8410D-02   0.0000D+00
   0.6677D-01   0.0000D+00   0.1011D-01   0.0000D+00   0.2832D-01   0.0000D+00   0.1009D-01   0.0000D+00   0.2243D-02   0.0000D+00   0.0000D+00   0.0000D+00   0.6677D-01   0.0000D+00   0.1011D-01   0.0000D+00   0.2832D-01   0.0000D+00
   0.0000D+00   0.0000D+00   0.0000D+00   0.0000D+00   0.0000D+00   0.0000D+00   0.0000D+00   0.0000D+00
  -0.1303D-01   0.8810D-03  -0.9351D-02   0.4939D-03   0.3803D-03  -0.3003D-03  -0.4156D-02   0.1866D-03  -0.1303D-01   0.8810D-03  -0.9351D-02   0.4939D-03
   0.6030D-01  -0.2740D-02   0.9327D-02  -0.7951D-03   0.2124D-01  -0.4725D-02   0.9895D-02   0.0000D+00   0.2407D-02   0.2171D-03  -0.3990D-03   0.7104D-03   0.6030D-01  -0.2740D-02   0.9327D-02  -0.7951D-03   0.2124D-01  -0.4725D-02
  -0.2895D-03  -0.7014D-03  -0.2999D-03  -0.6294D-03  -0.2895D-03  -0.7014D-03  -0.2999D-03  -0.6294D-03
  1.000  2.000
  -0.1138D-01   0.0000D+00  -0.7842D-02   0.0000D+00   0.0000D+00   0.0000D+00  -0.3537D-02   0.0000D+00  -0.1138D-01   0.0000D+00  -0.7842D-02   0.0000D+00
   0.6677D-01   0.0000D+00   0.1011D-01   0.0000D+00   0.2832D-01   0.0000D+00   0.1009D-01   0.0000D+00   0.2243D-02   0.0000D+00   0.0000D+00   0.0000D+00   0.6677D-01   0.0000D+00   0.1011D-01   0.0000D+00   0.2832D-01   0.0000D+00
   0.0000D+00   0.0000D+00   0.0000D+00   0.0000D+00   0.0000D+00   0.0000D+00   0.0000D+00   0.0000D+00
  -0.1284D-01   0.7660D-03  -0.9174D-02   0.4295D-03   0.3307D-03  -0.2611D-03  -0.4084D-02   0.1622D-03  -0.1284D-01   0.7660D-03  -0.9174D-02   0.4295D-03
   0.6074D-01  -0.2555D-02   0.9381D-02  -0.7414D-03   0.2172D-01  -0.4406D-02   0.9909D-02   0.0000D+00   0.2396D-02   0.2024D-03  -0.3721D-03   0.6625D-03   0.6074D-01  -0.2555D-02   0.9381D-02  -0.7414D-03   0.2172D-01  -0.4406D-02
  -0.2699D-03  -0.6541D-03  -0.2796D-03  -0.5870D-03  -0.2699D-03  -0.6541D-03  -0.2796D-03  -0.5870D-03
  2.000  0.500
  -0.1143D-01   0.0000D+00  -0.7872D-02   0.0000D+00   0.0000D+00   0.0000D+00  -0.3550D-02   0.0000D+00  -0.1143D-01   0.0000D+00  -0.7872D-02   0.0000D+00
   0.5802D-01   0.0000D+00   0.8783D-02   0.0000D+00   0.2461D-01   0.0000D+00   0.8768D-02   0.0000D+00   0.1948D-02   0.0000D+00   0.0000D+00   0.0000D+00   0.5802D-01   0.0000D+00   0.8783D-02   0.0000D+00   0.2461D-01   0.0000D+00
   0.0000D+00   0.0000D+00   0.0000D+00   0.0000D+00   0.0000D+00   0.0000D+00   0.0000D+00   0.0000D+00
  -0.1314D-01   0.8891D-03  -0.9435D-02   0.4991D-03   0.3826D-03  -0.3031D-03  -0.4196D-02   0.1885D-03  -0.1314D-01   0.8891D-03  -0.9435D-02   0.4991D-03
   0.6076D-01  -0.2569D-02   0.9384D-02  -0.7449D-03   0.2178D-01  -0.4423D-02   0.9927D-02   0.0000D+00   0.2398D-02   0.2033D-03  -0.3682D-03   0.6652D-03   0.6076D-01  -0.2569D-02   0.9384D-02  -0.7449D-03   0.2178D-01  -0.4423D-02
  -0.2713D-03  -0.6576D-03  -0.2807D-03  -0.5888D-03  -0.2713D-03  -0.6576D-03  -0.2807D-03  -0.5888D-03
  2.000  1.000
  -0.1060D-01   0.0000D+00  -0.7300D-02   0.0000D+00   0.0000D+00   0.0000D+00  -0.3292D-02   0.0000D+00  -0.1060D-01   0.0000D+00  -0.7300D-02   0.0000D+00
   0.5802D-01   0.0000D+00   0.8783D-02   0.0000D+00   0.2461D-01   0.0000D+00   0.8768D-02   0.0000D+00   0.1948D-02   0.0000D+00   0.0000D+00   0.0000D+00   0.5802D-01   0.0000D+00   0.8783D-02   0.0000D+00   0.2461D-01   0.0000D+00
   0.0000D+00   0.0000D+00   0.0000D+00   0.0000D+00   0.0000D+00   0.0000D+00   0.0000D+00   0.0000D+00
  -0.1281D-01   0.7647D-03  -0.9158D-02   0.4293D-03   0.3292D-03  -0.2607D-03  -0.4079D-02   0.1621D-03  -0.1281D-01   0.7647D-03  -0.9158D-02   0.4293D-03
   0.6056D-01  -0.2382D-02   0.9341D-02  -0.6909D-03   0.2199D-01  -0.4102D-02   0.9844D-02   0.0000D+00   0.2365D-02   0.1885D-03  -0.3415D-03   0.6170D-03   0.6056D-01  -0.2382D-02   0.9341D-02  -0.6909D-03   0.2199D-01  -0.4102D-02
  -0.2516D-03  -0.6098D-03  -0.2603D-03  -0.5461D-03  -0.2516D-03  -0.6098D-03  -0.2603D-03  -0.5461D-03
  2.000  2.000
  -0.9889D-02   0.0000D+00  -0.6808D-02   0.0000D+00   0.0000D+00   0.0000D+00  -0.3070D-02   0.0000D+00  -0.9889D-02   0.0000D+00  -0.6808D-02   0.0000D+00
   0.5802D-01   0.0000D+00   0.8783D-02   0.0000D+00   0.2461D-01   0.0000D+00   0.8768D-02   0.0000D+00   0.1948D-02   0.0000D+00   0.0000D+00   0.0000D+00   0.5802D-01   0.0000D+00   0.8783D-02   0.0000D+00   0.2461D-01   0.0000D+00
   0.0000D+00   0.0000D+00   0.0000D+00   0.0000D+00   0.0000D+00   0.0000D+00   0.0000D+00   0.0000D+00
  -0.1246D-01   0.6649D-03  -0.8869D-02   0.3733D-03   0.2862D-03  -0.2267D-03  -0.3956D-02   0.1410D-03  -0.1246D-01   0.6649D-03  -0.8869D-02   0.3733D-03
   0.6039D-01  -0.2221D-02   0.9304D-02  -0.6443D-03   0.2217D-01  -0.3825D-02   0.9772D-02   0.0000D+00   0.2337D-02   0.1758D-03  -0.3184D-03   0.5753D-03   0.6039D-01  -0.2221D-02   0.9304D-02  -0.6443D-03   0.2217D-01  -0.3825D-02
  -0.2346D-03  -0.5687D-03  -0.2427D-03  -0.5092D-03  -0.2346D-03  -0.5687D-03  -0.2427D-03  -0.5092D-03
