 LHC=           1 sqrts=   8000.0000000000000      ang=           4 mode=fital                                                                                               scalescheme=           1 R=  0.69999999999999996     
 CT10nlo_rand5678                                                                                             195
 Bin information: chid, chiu, md, mu, mu0
   0.0000000000000000       0.50000000000000000        1032.0000000000000        1101.0000000000000        1066.5000000000000     
 9 scales(muf, mur)*(LO(38), NLO(38))
  0.500  0.500
  -0.1066D+00   0.0000D+00  -0.7891D-01   0.0000D+00   0.0000D+00   0.0000D+00  -0.4151D-01   0.0000D+00  -0.1066D+00   0.0000D+00  -0.7891D-01   0.0000D+00
   0.2691D+00   0.0000D+00   0.4198D-01   0.0000D+00   0.1066D+00   0.0000D+00   0.4944D-01   0.0000D+00   0.1099D-01   0.0000D+00   0.0000D+00   0.0000D+00   0.2691D+00   0.0000D+00   0.4198D-01   0.0000D+00   0.1066D+00   0.0000D+00
   0.0000D+00   0.0000D+00   0.0000D+00   0.0000D+00   0.0000D+00   0.0000D+00   0.0000D+00   0.0000D+00
  -0.8585D-01   0.9411D-02  -0.6920D-01   0.5325D-02   0.5188D-02  -0.3698D-02  -0.3651D-01   0.1655D-02  -0.8585D-01   0.9411D-02  -0.6920D-01   0.5325D-02
   0.2030D+00  -0.1161D-01   0.3279D-01  -0.3499D-02   0.5861D-01  -0.2159D-01   0.4158D-01   0.0000D+00   0.1035D-01   0.1196D-02  -0.2002D-02   0.3913D-02   0.2030D+00  -0.1161D-01   0.3279D-01  -0.3499D-02   0.5861D-01  -0.2159D-01
  -0.1179D-02  -0.3071D-02  -0.1424D-02  -0.3095D-02  -0.1179D-02  -0.3071D-02  -0.1424D-02  -0.3095D-02
  0.500  1.000
  -0.9856D-01   0.0000D+00  -0.7295D-01   0.0000D+00   0.0000D+00   0.0000D+00  -0.3837D-01   0.0000D+00  -0.9856D-01   0.0000D+00  -0.7295D-01   0.0000D+00
   0.2691D+00   0.0000D+00   0.4198D-01   0.0000D+00   0.1066D+00   0.0000D+00   0.4944D-01   0.0000D+00   0.1099D-01   0.0000D+00   0.0000D+00   0.0000D+00   0.2691D+00   0.0000D+00   0.4198D-01   0.0000D+00   0.1066D+00   0.0000D+00
   0.0000D+00   0.0000D+00   0.0000D+00   0.0000D+00   0.0000D+00   0.0000D+00   0.0000D+00   0.0000D+00
  -0.8802D-01   0.8042D-02  -0.6999D-01   0.4551D-02   0.4433D-02  -0.3160D-02  -0.3690D-01   0.1414D-02  -0.8802D-01   0.8042D-02  -0.6999D-01   0.4551D-02
   0.2080D+00  -0.1073D-01   0.3349D-01  -0.3234D-02   0.6225D-01  -0.1995D-01   0.4218D-01   0.0000D+00   0.1040D-01   0.1105D-02  -0.1851D-02   0.3618D-02   0.2080D+00  -0.1073D-01   0.3349D-01  -0.3234D-02   0.6225D-01  -0.1995D-01
  -0.1090D-02  -0.2839D-02  -0.1317D-02  -0.2861D-02  -0.1090D-02  -0.2839D-02  -0.1317D-02  -0.2861D-02
  0.500  2.000
  -0.9165D-01   0.0000D+00  -0.6783D-01   0.0000D+00   0.0000D+00   0.0000D+00  -0.3568D-01   0.0000D+00  -0.9165D-01   0.0000D+00  -0.6783D-01   0.0000D+00
   0.2691D+00   0.0000D+00   0.4198D-01   0.0000D+00   0.1066D+00   0.0000D+00   0.4944D-01   0.0000D+00   0.1099D-01   0.0000D+00   0.0000D+00   0.0000D+00   0.2691D+00   0.0000D+00   0.4198D-01   0.0000D+00   0.1066D+00   0.0000D+00
   0.0000D+00   0.0000D+00   0.0000D+00   0.0000D+00   0.0000D+00   0.0000D+00   0.0000D+00   0.0000D+00
  -0.8877D-01   0.6954D-02  -0.6989D-01   0.3935D-02   0.3834D-02  -0.2733D-02  -0.3684D-01   0.1223D-02  -0.8877D-01   0.6954D-02  -0.6989D-01   0.3935D-02
   0.2123D+00  -0.9980D-02   0.3409D-01  -0.3007D-02   0.6537D-01  -0.1856D-01   0.4269D-01   0.0000D+00   0.1044D-01   0.1028D-02  -0.1721D-02   0.3364D-02   0.2123D+00  -0.9980D-02   0.3409D-01  -0.3007D-02   0.6537D-01  -0.1856D-01
  -0.1014D-02  -0.2640D-02  -0.1224D-02  -0.2661D-02  -0.1014D-02  -0.2640D-02  -0.1224D-02  -0.2661D-02
  1.000  0.500
  -0.9504D-01   0.0000D+00  -0.7033D-01   0.0000D+00   0.0000D+00   0.0000D+00  -0.3679D-01   0.0000D+00  -0.9504D-01   0.0000D+00  -0.7033D-01   0.0000D+00
   0.2389D+00   0.0000D+00   0.3728D-01   0.0000D+00   0.9490D-01   0.0000D+00   0.4374D-01   0.0000D+00   0.9720D-02   0.0000D+00   0.0000D+00   0.0000D+00   0.2389D+00   0.0000D+00   0.3728D-01   0.0000D+00   0.9490D-01   0.0000D+00
   0.0000D+00   0.0000D+00   0.0000D+00   0.0000D+00   0.0000D+00   0.0000D+00   0.0000D+00   0.0000D+00
  -0.8750D-01   0.8365D-02  -0.6969D-01   0.4724D-02   0.4573D-02  -0.3278D-02  -0.3675D-01   0.1476D-02  -0.8750D-01   0.8365D-02  -0.6969D-01   0.4724D-02
   0.2078D+00  -0.1033D-01   0.3340D-01  -0.3112D-02   0.6324D-01  -0.1915D-01   0.4210D-01   0.0000D+00   0.1032D-01   0.1059D-02  -0.1745D-02   0.3465D-02   0.2078D+00  -0.1033D-01   0.3340D-01  -0.3112D-02   0.6324D-01  -0.1915D-01
  -0.1051D-02  -0.2735D-02  -0.1264D-02  -0.2743D-02  -0.1051D-02  -0.2735D-02  -0.1264D-02  -0.2743D-02
  1.000  1.000
  -0.8786D-01   0.0000D+00  -0.6501D-01   0.0000D+00   0.0000D+00   0.0000D+00  -0.3401D-01   0.0000D+00  -0.8786D-01   0.0000D+00  -0.6501D-01   0.0000D+00
   0.2389D+00   0.0000D+00   0.3728D-01   0.0000D+00   0.9490D-01   0.0000D+00   0.4374D-01   0.0000D+00   0.9720D-02   0.0000D+00   0.0000D+00   0.0000D+00   0.2389D+00   0.0000D+00   0.3728D-01   0.0000D+00   0.9490D-01   0.0000D+00
   0.0000D+00   0.0000D+00   0.0000D+00   0.0000D+00   0.0000D+00   0.0000D+00   0.0000D+00   0.0000D+00
  -0.8784D-01   0.7148D-02  -0.6922D-01   0.4037D-02   0.3909D-02  -0.2801D-02  -0.3647D-01   0.1262D-02  -0.8784D-01   0.7148D-02  -0.6922D-01   0.4037D-02
   0.2102D+00  -0.9554D-02   0.3370D-01  -0.2877D-02   0.6565D-01  -0.1770D-01   0.4223D-01   0.0000D+00   0.1028D-01   0.9788D-03  -0.1614D-02   0.3203D-02   0.2102D+00  -0.9554D-02   0.3370D-01  -0.2877D-02   0.6565D-01  -0.1770D-01
  -0.9713D-03  -0.2528D-02  -0.1169D-02  -0.2535D-02  -0.9713D-03  -0.2528D-02  -0.1169D-02  -0.2535D-02
  1.000  2.000
  -0.8170D-01   0.0000D+00  -0.6046D-01   0.0000D+00   0.0000D+00   0.0000D+00  -0.3163D-01   0.0000D+00  -0.8170D-01   0.0000D+00  -0.6046D-01   0.0000D+00
   0.2389D+00   0.0000D+00   0.3728D-01   0.0000D+00   0.9490D-01   0.0000D+00   0.4374D-01   0.0000D+00   0.9720D-02   0.0000D+00   0.0000D+00   0.0000D+00   0.2389D+00   0.0000D+00   0.3728D-01   0.0000D+00   0.9490D-01   0.0000D+00
   0.0000D+00   0.0000D+00   0.0000D+00   0.0000D+00   0.0000D+00   0.0000D+00   0.0000D+00   0.0000D+00
  -0.8724D-01   0.6181D-02  -0.6820D-01   0.3491D-02   0.3380D-02  -0.2422D-02  -0.3590D-01   0.1091D-02  -0.8724D-01   0.6181D-02  -0.6820D-01   0.3491D-02
   0.2123D+00  -0.8884D-02   0.3395D-01  -0.2675D-02   0.6771D-01  -0.1646D-01   0.4234D-01   0.0000D+00   0.1024D-01   0.9102D-03  -0.1501D-02   0.2979D-02   0.2123D+00  -0.8884D-02   0.3395D-01  -0.2675D-02   0.6771D-01  -0.1646D-01
  -0.9032D-03  -0.2351D-02  -0.1087D-02  -0.2358D-02  -0.9032D-03  -0.2351D-02  -0.1087D-02  -0.2358D-02
  2.000  0.500
  -0.8530D-01   0.0000D+00  -0.6301D-01   0.0000D+00   0.0000D+00   0.0000D+00  -0.3289D-01   0.0000D+00  -0.8530D-01   0.0000D+00  -0.6301D-01   0.0000D+00
   0.2140D+00   0.0000D+00   0.3336D-01   0.0000D+00   0.8517D-01   0.0000D+00   0.3905D-01   0.0000D+00   0.8679D-02   0.0000D+00   0.0000D+00   0.0000D+00   0.2140D+00   0.0000D+00   0.3336D-01   0.0000D+00   0.8517D-01   0.0000D+00
   0.0000D+00   0.0000D+00   0.0000D+00   0.0000D+00   0.0000D+00   0.0000D+00   0.0000D+00   0.0000D+00
  -0.8870D-01   0.7501D-02  -0.7012D-01   0.4231D-02   0.4075D-02  -0.2931D-02  -0.3706D-01   0.1327D-02  -0.8870D-01   0.7501D-02  -0.7012D-01   0.4231D-02
   0.2118D+00  -0.9273D-02   0.3387D-01  -0.2784D-02   0.6693D-01  -0.1711D-01   0.4226D-01   0.0000D+00   0.1028D-01   0.9450D-03  -0.1565D-02   0.3093D-02   0.2118D+00  -0.9273D-02   0.3387D-01  -0.2784D-02   0.6693D-01  -0.1711D-01
  -0.9433D-03  -0.2456D-02  -0.1132D-02  -0.2454D-02  -0.9433D-03  -0.2456D-02  -0.1132D-02  -0.2454D-02
  2.000  1.000
  -0.7885D-01   0.0000D+00  -0.5824D-01   0.0000D+00   0.0000D+00   0.0000D+00  -0.3040D-01   0.0000D+00  -0.7885D-01   0.0000D+00  -0.5824D-01   0.0000D+00
   0.2140D+00   0.0000D+00   0.3336D-01   0.0000D+00   0.8517D-01   0.0000D+00   0.3905D-01   0.0000D+00   0.8679D-02   0.0000D+00   0.0000D+00   0.0000D+00   0.2140D+00   0.0000D+00   0.3336D-01   0.0000D+00   0.8517D-01   0.0000D+00
   0.0000D+00   0.0000D+00   0.0000D+00   0.0000D+00   0.0000D+00   0.0000D+00   0.0000D+00   0.0000D+00
  -0.8753D-01   0.6410D-02  -0.6859D-01   0.3616D-02   0.3483D-02  -0.2505D-02  -0.3619D-01   0.1134D-02  -0.8753D-01   0.6410D-02  -0.6859D-01   0.3616D-02
   0.2120D+00  -0.8572D-02   0.3384D-01  -0.2574D-02   0.6831D-01  -0.1582D-01   0.4202D-01   0.0000D+00   0.1016D-01   0.8736D-03  -0.1447D-02   0.2859D-02   0.2120D+00  -0.8572D-02   0.3384D-01  -0.2574D-02   0.6831D-01  -0.1582D-01
  -0.8720D-03  -0.2271D-02  -0.1047D-02  -0.2269D-02  -0.8720D-03  -0.2271D-02  -0.1047D-02  -0.2269D-02
  2.000  2.000
  -0.7332D-01   0.0000D+00  -0.5416D-01   0.0000D+00   0.0000D+00   0.0000D+00  -0.2827D-01   0.0000D+00  -0.7332D-01   0.0000D+00  -0.5416D-01   0.0000D+00
   0.2140D+00   0.0000D+00   0.3336D-01   0.0000D+00   0.8517D-01   0.0000D+00   0.3905D-01   0.0000D+00   0.8679D-02   0.0000D+00   0.0000D+00   0.0000D+00   0.2140D+00   0.0000D+00   0.3336D-01   0.0000D+00   0.8517D-01   0.0000D+00
   0.0000D+00   0.0000D+00   0.0000D+00   0.0000D+00   0.0000D+00   0.0000D+00   0.0000D+00   0.0000D+00
  -0.8581D-01   0.5543D-02  -0.6679D-01   0.3127D-02   0.3012D-02  -0.2166D-02  -0.3520D-01   0.9809D-03  -0.8581D-01   0.5543D-02  -0.6679D-01   0.3127D-02
   0.2122D+00  -0.7971D-02   0.3381D-01  -0.2393D-02   0.6950D-01  -0.1471D-01   0.4182D-01   0.0000D+00   0.1006D-01   0.8123D-03  -0.1345D-02   0.2658D-02   0.2122D+00  -0.7971D-02   0.3381D-01  -0.2393D-02   0.6950D-01  -0.1471D-01
  -0.8109D-03  -0.2112D-02  -0.9734D-03  -0.2109D-02  -0.8109D-03  -0.2112D-02  -0.9734D-03  -0.2109D-02
