 LHC=           1 sqrts=   8000.0000000000000      ang=           4 mode=fital                                                                                               scalescheme=           1 R=  0.69999999999999996     
 CT10nlo_rand5678                                                                                             352
 Bin information: chid, chiu, md, mu, mu0
   0.0000000000000000       0.50000000000000000        300.00000000000000        330.00000000000000        315.00000000000000     
 9 scales(muf, mur)*(LO(38), NLO(38))
  0.500  0.500
  -0.2083D+01   0.0000D+00  -0.2390D+01   0.0000D+00   0.0000D+00   0.0000D+00  -0.2196D+01   0.0000D+00  -0.2083D+01   0.0000D+00  -0.2390D+01   0.0000D+00
   0.6102D+00   0.0000D+00   0.1077D+00   0.0000D+00   0.1676D+00   0.0000D+00   0.2197D+00   0.0000D+00   0.4882D-01   0.0000D+00   0.0000D+00   0.0000D+00   0.6102D+00   0.0000D+00   0.1077D+00   0.0000D+00   0.1676D+00   0.0000D+00
   0.0000D+00   0.0000D+00   0.0000D+00   0.0000D+00   0.0000D+00   0.0000D+00   0.0000D+00   0.0000D+00
  -0.1503D+01   0.3552D+00  -0.2032D+01   0.2122D+00   0.2071D+00  -0.2289D+00  -0.2012D+01  -0.5232D-03  -0.1503D+01   0.3552D+00  -0.2032D+01   0.2122D+00
   0.6123D+00  -0.2133D-01   0.1111D+00  -0.8039D-02   0.1084D+00  -0.5882D-01   0.2248D+00   0.0000D+00   0.5648D-01   0.6212D-02  -0.2585D-02   0.2033D-01   0.6123D+00  -0.2133D-01   0.1111D+00  -0.8039D-02   0.1084D+00  -0.5882D-01
  -0.1595D-02  -0.7222D-02  -0.4401D-02  -0.1156D-01  -0.1595D-02  -0.7222D-02  -0.4401D-02  -0.1156D-01
  0.500  1.000
  -0.1900D+01   0.0000D+00  -0.2180D+01   0.0000D+00   0.0000D+00   0.0000D+00  -0.2003D+01   0.0000D+00  -0.1900D+01   0.0000D+00  -0.2180D+01   0.0000D+00
   0.6102D+00   0.0000D+00   0.1077D+00   0.0000D+00   0.1676D+00   0.0000D+00   0.2197D+00   0.0000D+00   0.4882D-01   0.0000D+00   0.0000D+00   0.0000D+00   0.6102D+00   0.0000D+00   0.1077D+00   0.0000D+00   0.1676D+00   0.0000D+00
   0.0000D+00   0.0000D+00   0.0000D+00   0.0000D+00   0.0000D+00   0.0000D+00   0.0000D+00   0.0000D+00
  -0.1578D+01   0.2956D+00  -0.2067D+01   0.1766D+00   0.1723D+00  -0.1904D+00  -0.2020D+01  -0.4346D-03  -0.1578D+01   0.2956D+00  -0.2067D+01   0.1766D+00
   0.6125D+00  -0.1945D-01   0.1109D+00  -0.7333D-02   0.1137D+00  -0.5366D-01   0.2245D+00   0.0000D+00   0.5584D-01   0.5667D-02  -0.2357D-02   0.1855D-01   0.6125D+00  -0.1945D-01   0.1109D+00  -0.7333D-02   0.1137D+00  -0.5366D-01
  -0.1455D-02  -0.6588D-02  -0.4014D-02  -0.1054D-01  -0.1455D-02  -0.6588D-02  -0.4014D-02  -0.1054D-01
  0.500  2.000
  -0.1747D+01   0.0000D+00  -0.2005D+01   0.0000D+00   0.0000D+00   0.0000D+00  -0.1842D+01   0.0000D+00  -0.1747D+01   0.0000D+00  -0.2005D+01   0.0000D+00
   0.6102D+00   0.0000D+00   0.1077D+00   0.0000D+00   0.1676D+00   0.0000D+00   0.2197D+00   0.0000D+00   0.4882D-01   0.0000D+00   0.0000D+00   0.0000D+00   0.6102D+00   0.0000D+00   0.1077D+00   0.0000D+00   0.1676D+00   0.0000D+00
   0.0000D+00   0.0000D+00   0.0000D+00   0.0000D+00   0.0000D+00   0.0000D+00   0.0000D+00   0.0000D+00
  -0.1611D+01   0.2500D+00  -0.2065D+01   0.1493D+00   0.1457D+00  -0.1610D+00  -0.2000D+01  -0.3671D-03  -0.1611D+01   0.2500D+00  -0.2065D+01   0.1493D+00
   0.6127D+00  -0.1789D-01   0.1107D+00  -0.6744D-02   0.1181D+00  -0.4934D-01   0.2242D+00   0.0000D+00   0.5530D-01   0.5212D-02  -0.2166D-02   0.1706D-01   0.6127D+00  -0.1789D-01   0.1107D+00  -0.6744D-02   0.1181D+00  -0.4934D-01
  -0.1338D-02  -0.6059D-02  -0.3692D-02  -0.9697D-02  -0.1338D-02  -0.6059D-02  -0.3692D-02  -0.9697D-02
  1.000  0.500
  -0.2002D+01   0.0000D+00  -0.2294D+01   0.0000D+00   0.0000D+00   0.0000D+00  -0.2111D+01   0.0000D+00  -0.2002D+01   0.0000D+00  -0.2294D+01   0.0000D+00
   0.5854D+00   0.0000D+00   0.1033D+00   0.0000D+00   0.1607D+00   0.0000D+00   0.2115D+00   0.0000D+00   0.4701D-01   0.0000D+00   0.0000D+00   0.0000D+00   0.5854D+00   0.0000D+00   0.1033D+00   0.0000D+00   0.1607D+00   0.0000D+00
   0.0000D+00   0.0000D+00   0.0000D+00   0.0000D+00   0.0000D+00   0.0000D+00   0.0000D+00   0.0000D+00
  -0.1525D+01   0.3423D+00  -0.2035D+01   0.2047D+00   0.1951D+00  -0.2199D+00  -0.2022D+01  -0.2546D-03  -0.1525D+01   0.3423D+00  -0.2035D+01   0.2047D+00
   0.6043D+00  -0.2046D-01   0.1091D+00  -0.7685D-02   0.1079D+00  -0.5647D-01   0.2218D+00   0.0000D+00   0.5553D-01   0.5979D-02  -0.1916D-02   0.1957D-01   0.6043D+00  -0.2046D-01   0.1091D+00  -0.7685D-02   0.1079D+00  -0.5647D-01
  -0.1531D-02  -0.6835D-02  -0.4256D-02  -0.1111D-01  -0.1531D-02  -0.6835D-02  -0.4256D-02  -0.1111D-01
  1.000  1.000
  -0.1827D+01   0.0000D+00  -0.2093D+01   0.0000D+00   0.0000D+00   0.0000D+00  -0.1926D+01   0.0000D+00  -0.1827D+01   0.0000D+00  -0.2093D+01   0.0000D+00
   0.5854D+00   0.0000D+00   0.1033D+00   0.0000D+00   0.1607D+00   0.0000D+00   0.2115D+00   0.0000D+00   0.4701D-01   0.0000D+00   0.0000D+00   0.0000D+00   0.5854D+00   0.0000D+00   0.1033D+00   0.0000D+00   0.1607D+00   0.0000D+00
   0.0000D+00   0.0000D+00   0.0000D+00   0.0000D+00   0.0000D+00   0.0000D+00   0.0000D+00   0.0000D+00
  -0.1584D+01   0.2848D+00  -0.2054D+01   0.1703D+00   0.1623D+00  -0.1830D+00  -0.2014D+01  -0.2111D-03  -0.1584D+01   0.2848D+00  -0.2054D+01   0.1703D+00
   0.6030D+00  -0.1866D-01   0.1087D+00  -0.7010D-02   0.1126D+00  -0.5151D-01   0.2210D+00   0.0000D+00   0.5481D-01   0.5454D-02  -0.1746D-02   0.1785D-01   0.6030D+00  -0.1866D-01   0.1087D+00  -0.7010D-02   0.1126D+00  -0.5151D-01
  -0.1397D-02  -0.6235D-02  -0.3882D-02  -0.1013D-01  -0.1397D-02  -0.6235D-02  -0.3882D-02  -0.1013D-01
  1.000  2.000
  -0.1680D+01   0.0000D+00  -0.1925D+01   0.0000D+00   0.0000D+00   0.0000D+00  -0.1771D+01   0.0000D+00  -0.1680D+01   0.0000D+00  -0.1925D+01   0.0000D+00
   0.5854D+00   0.0000D+00   0.1033D+00   0.0000D+00   0.1607D+00   0.0000D+00   0.2115D+00   0.0000D+00   0.4701D-01   0.0000D+00   0.0000D+00   0.0000D+00   0.5854D+00   0.0000D+00   0.1033D+00   0.0000D+00   0.1607D+00   0.0000D+00
   0.0000D+00   0.0000D+00   0.0000D+00   0.0000D+00   0.0000D+00   0.0000D+00   0.0000D+00   0.0000D+00
  -0.1605D+01   0.2409D+00  -0.2042D+01   0.1440D+00   0.1373D+00  -0.1547D+00  -0.1984D+01  -0.1781D-03  -0.1605D+01   0.2409D+00  -0.2042D+01   0.1440D+00
   0.6019D+00  -0.1716D-01   0.1083D+00  -0.6447D-02   0.1166D+00  -0.4737D-01   0.2203D+00   0.0000D+00   0.5421D-01   0.5016D-02  -0.1604D-02   0.1642D-01   0.6019D+00  -0.1716D-01   0.1083D+00  -0.6447D-02   0.1166D+00  -0.4737D-01
  -0.1285D-02  -0.5734D-02  -0.3570D-02  -0.9320D-02  -0.1285D-02  -0.5734D-02  -0.3570D-02  -0.9320D-02
  2.000  0.500
  -0.1911D+01   0.0000D+00  -0.2212D+01   0.0000D+00   0.0000D+00   0.0000D+00  -0.2026D+01   0.0000D+00  -0.1911D+01   0.0000D+00  -0.2212D+01   0.0000D+00
   0.5608D+00   0.0000D+00   0.9934D-01   0.0000D+00   0.1541D+00   0.0000D+00   0.2030D+00   0.0000D+00   0.4512D-01   0.0000D+00   0.0000D+00   0.0000D+00   0.5608D+00   0.0000D+00   0.9934D-01   0.0000D+00   0.1541D+00   0.0000D+00
   0.0000D+00   0.0000D+00   0.0000D+00   0.0000D+00   0.0000D+00   0.0000D+00   0.0000D+00   0.0000D+00
  -0.1529D+01   0.3296D+00  -0.2063D+01   0.1963D+00   0.1937D+00  -0.2109D+00  -0.2047D+01  -0.8783D-06  -0.1529D+01   0.3296D+00  -0.2063D+01   0.1963D+00
   0.5966D+00  -0.1963D-01   0.1080D+00  -0.7376D-02   0.1104D+00  -0.5416D-01   0.2211D+00   0.0000D+00   0.5505D-01   0.5744D-02  -0.1794D-02   0.1880D-01   0.5966D+00  -0.1963D-01   0.1080D+00  -0.7376D-02   0.1104D+00  -0.5416D-01
  -0.1478D-02  -0.6480D-02  -0.4107D-02  -0.1065D-01  -0.1478D-02  -0.6480D-02  -0.4107D-02  -0.1065D-01
  2.000  1.000
  -0.1743D+01   0.0000D+00  -0.2018D+01   0.0000D+00   0.0000D+00   0.0000D+00  -0.1848D+01   0.0000D+00  -0.1743D+01   0.0000D+00  -0.2018D+01   0.0000D+00
   0.5608D+00   0.0000D+00   0.9934D-01   0.0000D+00   0.1541D+00   0.0000D+00   0.2030D+00   0.0000D+00   0.4512D-01   0.0000D+00   0.0000D+00   0.0000D+00   0.5608D+00   0.0000D+00   0.9934D-01   0.0000D+00   0.1541D+00   0.0000D+00
   0.0000D+00   0.0000D+00   0.0000D+00   0.0000D+00   0.0000D+00   0.0000D+00   0.0000D+00   0.0000D+00
  -0.1573D+01   0.2743D+00  -0.2065D+01   0.1633D+00   0.1612D+00  -0.1755D+00  -0.2021D+01  -0.8624D-07  -0.1573D+01   0.2743D+00  -0.2065D+01   0.1633D+00
   0.5936D+00  -0.1790D-01   0.1073D+00  -0.6729D-02   0.1142D+00  -0.4940D-01   0.2195D+00   0.0000D+00   0.5419D-01   0.5240D-02  -0.1635D-02   0.1715D-01   0.5936D+00  -0.1790D-01   0.1073D+00  -0.6729D-02   0.1142D+00  -0.4940D-01
  -0.1348D-02  -0.5911D-02  -0.3746D-02  -0.9713D-02  -0.1348D-02  -0.5911D-02  -0.3746D-02  -0.9713D-02
  2.000  2.000
  -0.1603D+01   0.0000D+00  -0.1856D+01   0.0000D+00   0.0000D+00   0.0000D+00  -0.1699D+01   0.0000D+00  -0.1603D+01   0.0000D+00  -0.1856D+01   0.0000D+00
   0.5608D+00   0.0000D+00   0.9934D-01   0.0000D+00   0.1541D+00   0.0000D+00   0.2030D+00   0.0000D+00   0.4512D-01   0.0000D+00   0.0000D+00   0.0000D+00   0.5608D+00   0.0000D+00   0.9934D-01   0.0000D+00   0.1541D+00   0.0000D+00
   0.0000D+00   0.0000D+00   0.0000D+00   0.0000D+00   0.0000D+00   0.0000D+00   0.0000D+00   0.0000D+00
  -0.1583D+01   0.2320D+00  -0.2040D+01   0.1381D+00   0.1363D+00  -0.1484D+00  -0.1978D+01   0.3588D-06  -0.1583D+01   0.2320D+00  -0.2040D+01   0.1381D+00
   0.5913D+00  -0.1647D-01   0.1067D+00  -0.6188D-02   0.1175D+00  -0.4543D-01   0.2183D+00   0.0000D+00   0.5349D-01   0.4819D-02  -0.1502D-02   0.1577D-01   0.5913D+00  -0.1647D-01   0.1067D+00  -0.6188D-02   0.1175D+00  -0.4543D-01
  -0.1240D-02  -0.5436D-02  -0.3445D-02  -0.8932D-02  -0.1240D-02  -0.5436D-02  -0.3445D-02  -0.8932D-02
