 LHC=           1 sqrts=   8000.0000000000000      ang=           4 mode=fital                                                                                               scalescheme=           1 R=  0.69999999999999996     
 CT10nlo_rand5678                                                                                             355
 Bin information: chid, chiu, md, mu, mu0
   0.0000000000000000       0.50000000000000000        430.00000000000000        468.00000000000000        449.00000000000000     
 9 scales(muf, mur)*(LO(38), NLO(38))
  0.500  0.500
  -0.1111D+01   0.0000D+00  -0.1085D+01   0.0000D+00   0.0000D+00   0.0000D+00  -0.8961D+00   0.0000D+00  -0.1111D+01   0.0000D+00  -0.1085D+01   0.0000D+00
   0.6055D+00   0.0000D+00   0.1031D+00   0.0000D+00   0.1872D+00   0.0000D+00   0.1904D+00   0.0000D+00   0.4231D-01   0.0000D+00   0.0000D+00   0.0000D+00   0.6055D+00   0.0000D+00   0.1031D+00   0.0000D+00   0.1872D+00   0.0000D+00
   0.0000D+00   0.0000D+00   0.0000D+00   0.0000D+00   0.0000D+00   0.0000D+00   0.0000D+00   0.0000D+00
  -0.8267D+00   0.1520D+00  -0.9316D+00   0.9056D-01   0.9323D-01  -0.8891D-01  -0.8220D+00   0.5890D-02  -0.8267D+00   0.1520D+00  -0.9316D+00   0.9056D-01
   0.5436D+00  -0.2270D-01   0.9535D-01  -0.7929D-02   0.1106D+00  -0.5528D-01   0.1803D+00   0.0000D+00   0.4504D-01   0.5133D-02  -0.2854D-02   0.1680D-01   0.5436D+00  -0.2270D-01   0.9535D-01  -0.7929D-02   0.1106D+00  -0.5528D-01
  -0.1901D-02  -0.7070D-02  -0.4058D-02  -0.1003D-01  -0.1901D-02  -0.7070D-02  -0.4058D-02  -0.1003D-01
  0.500  1.000
  -0.1018D+01   0.0000D+00  -0.9939D+00   0.0000D+00   0.0000D+00   0.0000D+00  -0.8210D+00   0.0000D+00  -0.1018D+01   0.0000D+00  -0.9939D+00   0.0000D+00
   0.6055D+00   0.0000D+00   0.1031D+00   0.0000D+00   0.1872D+00   0.0000D+00   0.1904D+00   0.0000D+00   0.4231D-01   0.0000D+00   0.0000D+00   0.0000D+00   0.6055D+00   0.0000D+00   0.1031D+00   0.0000D+00   0.1872D+00   0.0000D+00
   0.0000D+00   0.0000D+00   0.0000D+00   0.0000D+00   0.0000D+00   0.0000D+00   0.0000D+00   0.0000D+00
  -0.8616D+00   0.1276D+00  -0.9458D+00   0.7602D-01   0.7826D-01  -0.7464D-01  -0.8252D+00   0.4945D-02  -0.8616D+00   0.1276D+00  -0.9458D+00   0.7602D-01
   0.5490D+00  -0.2080D-01   0.9604D-01  -0.7265D-02   0.1171D+00  -0.5065D-01   0.1812D+00   0.0000D+00   0.4482D-01   0.4703D-02  -0.2614D-02   0.1539D-01   0.5490D+00  -0.2080D-01   0.9604D-01  -0.7265D-02   0.1171D+00  -0.5065D-01
  -0.1742D-02  -0.6478D-02  -0.3718D-02  -0.9191D-02  -0.1742D-02  -0.6478D-02  -0.3718D-02  -0.9191D-02
  0.500  2.000
  -0.9396D+00   0.0000D+00  -0.9173D+00   0.0000D+00   0.0000D+00   0.0000D+00  -0.7577D+00   0.0000D+00  -0.9396D+00   0.0000D+00  -0.9173D+00   0.0000D+00
   0.6055D+00   0.0000D+00   0.1031D+00   0.0000D+00   0.1872D+00   0.0000D+00   0.1904D+00   0.0000D+00   0.4231D-01   0.0000D+00   0.0000D+00   0.0000D+00   0.6055D+00   0.0000D+00   0.1031D+00   0.0000D+00   0.1872D+00   0.0000D+00
   0.0000D+00   0.0000D+00   0.0000D+00   0.0000D+00   0.0000D+00   0.0000D+00   0.0000D+00   0.0000D+00
  -0.8765D+00   0.1087D+00  -0.9448D+00   0.6476D-01   0.6666D-01  -0.6357D-01  -0.8179D+00   0.4212D-02  -0.8765D+00   0.1087D+00  -0.9448D+00   0.6476D-01
   0.5535D+00  -0.1920D-01   0.9661D-01  -0.6705D-02   0.1226D+00  -0.4674D-01   0.1819D+00   0.0000D+00   0.4464D-01   0.4341D-02  -0.2412D-02   0.1421D-01   0.5535D+00  -0.1920D-01   0.9661D-01  -0.6705D-02   0.1226D+00  -0.4674D-01
  -0.1607D-02  -0.5979D-02  -0.3432D-02  -0.8482D-02  -0.1607D-02  -0.5979D-02  -0.3432D-02  -0.8482D-02
  1.000  0.500
  -0.1046D+01   0.0000D+00  -0.1024D+01   0.0000D+00   0.0000D+00   0.0000D+00  -0.8415D+00   0.0000D+00  -0.1046D+01   0.0000D+00  -0.1024D+01   0.0000D+00
   0.5671D+00   0.0000D+00   0.9686D-01   0.0000D+00   0.1755D+00   0.0000D+00   0.1784D+00   0.0000D+00   0.3964D-01   0.0000D+00   0.0000D+00   0.0000D+00   0.5671D+00   0.0000D+00   0.9686D-01   0.0000D+00   0.1755D+00   0.0000D+00
   0.0000D+00   0.0000D+00   0.0000D+00   0.0000D+00   0.0000D+00   0.0000D+00   0.0000D+00   0.0000D+00
  -0.8457D+00   0.1434D+00  -0.9383D+00   0.8493D-01   0.8725D-01  -0.8356D-01  -0.8234D+00   0.5650D-02  -0.8457D+00   0.1434D+00  -0.9383D+00   0.8493D-01
   0.5382D+00  -0.2129D-01   0.9435D-01  -0.7452D-02   0.1139D+00  -0.5192D-01   0.1795D+00   0.0000D+00   0.4455D-01   0.4809D-02  -0.2675D-02   0.1574D-01   0.5382D+00  -0.2129D-01   0.9435D-01  -0.7452D-02   0.1139D+00  -0.5192D-01
  -0.1792D-02  -0.6699D-02  -0.3830D-02  -0.9396D-02  -0.1792D-02  -0.6699D-02  -0.3830D-02  -0.9396D-02
  1.000  1.000
  -0.9582D+00   0.0000D+00  -0.9383D+00   0.0000D+00   0.0000D+00   0.0000D+00  -0.7710D+00   0.0000D+00  -0.9582D+00   0.0000D+00  -0.9383D+00   0.0000D+00
   0.5671D+00   0.0000D+00   0.9686D-01   0.0000D+00   0.1755D+00   0.0000D+00   0.1784D+00   0.0000D+00   0.3964D-01   0.0000D+00   0.0000D+00   0.0000D+00   0.5671D+00   0.0000D+00   0.9686D-01   0.0000D+00   0.1755D+00   0.0000D+00
   0.0000D+00   0.0000D+00   0.0000D+00   0.0000D+00   0.0000D+00   0.0000D+00   0.0000D+00   0.0000D+00
  -0.8678D+00   0.1203D+00  -0.9422D+00   0.7130D-01   0.7324D-01  -0.7015D-01  -0.8181D+00   0.4743D-02  -0.8678D+00   0.1203D+00  -0.9422D+00   0.7130D-01
   0.5408D+00  -0.1950D-01   0.9460D-01  -0.6828D-02   0.1191D+00  -0.4757D-01   0.1795D+00   0.0000D+00   0.4415D-01   0.4407D-02  -0.2450D-02   0.1442D-01   0.5408D+00  -0.1950D-01   0.9460D-01  -0.6828D-02   0.1191D+00  -0.4757D-01
  -0.1642D-02  -0.6138D-02  -0.3509D-02  -0.8609D-02  -0.1642D-02  -0.6138D-02  -0.3509D-02  -0.8609D-02
  1.000  2.000
  -0.8843D+00   0.0000D+00  -0.8659D+00   0.0000D+00   0.0000D+00   0.0000D+00  -0.7115D+00   0.0000D+00  -0.8843D+00   0.0000D+00  -0.8659D+00   0.0000D+00
   0.5671D+00   0.0000D+00   0.9686D-01   0.0000D+00   0.1755D+00   0.0000D+00   0.1784D+00   0.0000D+00   0.3964D-01   0.0000D+00   0.0000D+00   0.0000D+00   0.5671D+00   0.0000D+00   0.9686D-01   0.0000D+00   0.1755D+00   0.0000D+00
   0.0000D+00   0.0000D+00   0.0000D+00   0.0000D+00   0.0000D+00   0.0000D+00   0.0000D+00   0.0000D+00
  -0.8733D+00   0.1025D+00  -0.9339D+00   0.6073D-01   0.6239D-01  -0.5975D-01  -0.8048D+00   0.4040D-02  -0.8733D+00   0.1025D+00  -0.9339D+00   0.6073D-01
   0.5430D+00  -0.1800D-01   0.9480D-01  -0.6302D-02   0.1235D+00  -0.4391D-01   0.1794D+00   0.0000D+00   0.4381D-01   0.4067D-02  -0.2261D-02   0.1331D-01   0.5430D+00  -0.1800D-01   0.9480D-01  -0.6302D-02   0.1235D+00  -0.4391D-01
  -0.1516D-02  -0.5665D-02  -0.3238D-02  -0.7946D-02  -0.1516D-02  -0.5665D-02  -0.3238D-02  -0.7946D-02
  2.000  0.500
  -0.9836D+00   0.0000D+00  -0.9679D+00   0.0000D+00   0.0000D+00   0.0000D+00  -0.7931D+00   0.0000D+00  -0.9836D+00   0.0000D+00  -0.9679D+00   0.0000D+00
   0.5341D+00   0.0000D+00   0.9131D-01   0.0000D+00   0.1654D+00   0.0000D+00   0.1678D+00   0.0000D+00   0.3730D-01   0.0000D+00   0.0000D+00   0.0000D+00   0.5341D+00   0.0000D+00   0.9131D-01   0.0000D+00   0.1654D+00   0.0000D+00
   0.0000D+00   0.0000D+00   0.0000D+00   0.0000D+00   0.0000D+00   0.0000D+00   0.0000D+00   0.0000D+00
  -0.8559D+00   0.1360D+00  -0.9522D+00   0.8033D-01   0.8352D-01  -0.7873D-01  -0.8273D+00   0.5436D-02  -0.8559D+00   0.1360D+00  -0.9522D+00   0.8033D-01
   0.5393D+00  -0.2005D-01   0.9464D-01  -0.6997D-02   0.1165D+00  -0.4871D-01   0.1786D+00   0.0000D+00   0.4429D-01   0.4524D-02  -0.2406D-02   0.1481D-01   0.5393D+00  -0.2005D-01   0.9464D-01  -0.6997D-02   0.1165D+00  -0.4871D-01
  -0.1698D-02  -0.6235D-02  -0.3622D-02  -0.8866D-02  -0.1698D-02  -0.6235D-02  -0.3622D-02  -0.8866D-02
  2.000  1.000
  -0.9012D+00   0.0000D+00  -0.8868D+00   0.0000D+00   0.0000D+00   0.0000D+00  -0.7267D+00   0.0000D+00  -0.9012D+00   0.0000D+00  -0.8868D+00   0.0000D+00
   0.5341D+00   0.0000D+00   0.9131D-01   0.0000D+00   0.1654D+00   0.0000D+00   0.1678D+00   0.0000D+00   0.3730D-01   0.0000D+00   0.0000D+00   0.0000D+00   0.5341D+00   0.0000D+00   0.9131D-01   0.0000D+00   0.1654D+00   0.0000D+00
   0.0000D+00   0.0000D+00   0.0000D+00   0.0000D+00   0.0000D+00   0.0000D+00   0.0000D+00   0.0000D+00
  -0.8669D+00   0.1141D+00  -0.9454D+00   0.6744D-01   0.7011D-01  -0.6610D-01  -0.8142D+00   0.4563D-02  -0.8669D+00   0.1141D+00  -0.9454D+00   0.6744D-01
   0.5391D+00  -0.1837D-01   0.9439D-01  -0.6411D-02   0.1206D+00  -0.4463D-01   0.1778D+00   0.0000D+00   0.4371D-01   0.4145D-02  -0.2204D-02   0.1357D-01   0.5391D+00  -0.1837D-01   0.9439D-01  -0.6411D-02   0.1206D+00  -0.4463D-01
  -0.1555D-02  -0.5713D-02  -0.3318D-02  -0.8124D-02  -0.1555D-02  -0.5713D-02  -0.3318D-02  -0.8124D-02
  2.000  2.000
  -0.8317D+00   0.0000D+00  -0.8184D+00   0.0000D+00   0.0000D+00   0.0000D+00  -0.6707D+00   0.0000D+00  -0.8317D+00   0.0000D+00  -0.8184D+00   0.0000D+00
   0.5341D+00   0.0000D+00   0.9131D-01   0.0000D+00   0.1654D+00   0.0000D+00   0.1678D+00   0.0000D+00   0.3730D-01   0.0000D+00   0.0000D+00   0.0000D+00   0.5341D+00   0.0000D+00   0.9131D-01   0.0000D+00   0.1654D+00   0.0000D+00
   0.0000D+00   0.0000D+00   0.0000D+00   0.0000D+00   0.0000D+00   0.0000D+00   0.0000D+00   0.0000D+00
  -0.8646D+00   0.9722D-01  -0.9295D+00   0.5744D-01   0.5972D-01  -0.5630D-01  -0.7952D+00   0.3887D-02  -0.8646D+00   0.9722D-01  -0.9295D+00   0.5744D-01
   0.5388D+00  -0.1696D-01   0.9418D-01  -0.5917D-02   0.1241D+00  -0.4119D-01   0.1771D+00   0.0000D+00   0.4323D-01   0.3826D-02  -0.2034D-02   0.1252D-01   0.5388D+00  -0.1696D-01   0.9418D-01  -0.5917D-02   0.1241D+00  -0.4119D-01
  -0.1436D-02  -0.5273D-02  -0.3063D-02  -0.7498D-02  -0.1436D-02  -0.5273D-02  -0.3063D-02  -0.7498D-02
