 LHC=           1 sqrts=   8000.0000000000000      ang=           4 mode=fital                                                                                               scalescheme=           1 R=  0.69999999999999996     
 NNPDF23_nlo_as_0118                                                                                           80
 Bin information: chid, chiu, md, mu, mu0
   0.0000000000000000       0.50000000000000000        300.00000000000000        330.00000000000000        315.00000000000000     
 9 scales(muf, mur)*(LO(38), NLO(38))
  0.500  0.500
  -0.2007D+01   0.0000D+00  -0.2307D+01   0.0000D+00   0.0000D+00   0.0000D+00  -0.2170D+01   0.0000D+00  -0.2007D+01   0.0000D+00  -0.2307D+01   0.0000D+00
   0.6011D+00   0.0000D+00   0.1064D+00   0.0000D+00   0.1632D+00   0.0000D+00   0.2227D+00   0.0000D+00   0.4949D-01   0.0000D+00   0.0000D+00   0.0000D+00   0.6011D+00   0.0000D+00   0.1064D+00   0.0000D+00   0.1632D+00   0.0000D+00
   0.0000D+00   0.0000D+00   0.0000D+00   0.0000D+00   0.0000D+00   0.0000D+00   0.0000D+00   0.0000D+00
  -0.1455D+01   0.3439D+00  -0.1955D+01   0.2074D+00   0.1952D+00  -0.2261D+00  -0.1996D+01  -0.3704D-02  -0.1455D+01   0.3439D+00  -0.1955D+01   0.2074D+00
   0.6073D+00  -0.2076D-01   0.1097D+00  -0.7885D-02   0.1073D+00  -0.5798D-01   0.2286D+00   0.0000D+00   0.5718D-01   0.6297D-02  -0.2080D-02   0.2061D-01   0.6073D+00  -0.2076D-01   0.1097D+00  -0.7885D-02   0.1073D+00  -0.5798D-01
  -0.1513D-02  -0.7128D-02  -0.4327D-02  -0.1155D-01  -0.1513D-02  -0.7128D-02  -0.4327D-02  -0.1155D-01
  0.500  1.000
  -0.1844D+01   0.0000D+00  -0.2119D+01   0.0000D+00   0.0000D+00   0.0000D+00  -0.1994D+01   0.0000D+00  -0.1844D+01   0.0000D+00  -0.2119D+01   0.0000D+00
   0.6011D+00   0.0000D+00   0.1064D+00   0.0000D+00   0.1632D+00   0.0000D+00   0.2227D+00   0.0000D+00   0.4949D-01   0.0000D+00   0.0000D+00   0.0000D+00   0.6011D+00   0.0000D+00   0.1064D+00   0.0000D+00   0.1632D+00   0.0000D+00
   0.0000D+00   0.0000D+00   0.0000D+00   0.0000D+00   0.0000D+00   0.0000D+00   0.0000D+00   0.0000D+00
  -0.1536D+01   0.2904D+00  -0.2003D+01   0.1751D+00   0.1647D+00  -0.1909D+00  -0.2017D+01  -0.3126D-02  -0.1536D+01   0.2904D+00  -0.2003D+01   0.1751D+00
   0.6073D+00  -0.1908D-01   0.1096D+00  -0.7245D-02   0.1120D+00  -0.5327D-01   0.2283D+00   0.0000D+00   0.5659D-01   0.5787D-02  -0.1909D-02   0.1894D-01   0.6073D+00  -0.1908D-01   0.1096D+00  -0.7245D-02   0.1120D+00  -0.5327D-01
  -0.1390D-02  -0.6550D-02  -0.3976D-02  -0.1062D-01  -0.1390D-02  -0.6550D-02  -0.3976D-02  -0.1062D-01
  0.500  2.000
  -0.1708D+01   0.0000D+00  -0.1963D+01   0.0000D+00   0.0000D+00   0.0000D+00  -0.1847D+01   0.0000D+00  -0.1708D+01   0.0000D+00  -0.1963D+01   0.0000D+00
   0.6011D+00   0.0000D+00   0.1064D+00   0.0000D+00   0.1632D+00   0.0000D+00   0.2227D+00   0.0000D+00   0.4949D-01   0.0000D+00   0.0000D+00   0.0000D+00   0.6011D+00   0.0000D+00   0.1064D+00   0.0000D+00   0.1632D+00   0.0000D+00
   0.0000D+00   0.0000D+00   0.0000D+00   0.0000D+00   0.0000D+00   0.0000D+00   0.0000D+00   0.0000D+00
  -0.1578D+01   0.2491D+00  -0.2018D+01   0.1502D+00   0.1413D+00  -0.1638D+00  -0.2012D+01  -0.2681D-02  -0.1578D+01   0.2491D+00  -0.2018D+01   0.1502D+00
   0.6071D+00  -0.1767D-01   0.1094D+00  -0.6711D-02   0.1159D+00  -0.4934D-01   0.2279D+00   0.0000D+00   0.5608D-01   0.5360D-02  -0.1768D-02   0.1754D-01   0.6071D+00  -0.1767D-01   0.1094D+00  -0.6711D-02   0.1159D+00  -0.4934D-01
  -0.1287D-02  -0.6067D-02  -0.3683D-02  -0.9834D-02  -0.1287D-02  -0.6067D-02  -0.3683D-02  -0.9834D-02
  1.000  0.500
  -0.1931D+01   0.0000D+00  -0.2216D+01   0.0000D+00   0.0000D+00   0.0000D+00  -0.2087D+01   0.0000D+00  -0.1931D+01   0.0000D+00  -0.2216D+01   0.0000D+00
   0.5768D+00   0.0000D+00   0.1021D+00   0.0000D+00   0.1565D+00   0.0000D+00   0.2143D+00   0.0000D+00   0.4763D-01   0.0000D+00   0.0000D+00   0.0000D+00   0.5768D+00   0.0000D+00   0.1021D+00   0.0000D+00   0.1565D+00   0.0000D+00
   0.0000D+00   0.0000D+00   0.0000D+00   0.0000D+00   0.0000D+00   0.0000D+00   0.0000D+00   0.0000D+00
  -0.1477D+01   0.3316D+00  -0.1961D+01   0.2002D+00   0.1840D+00  -0.2173D+00  -0.2008D+01  -0.3292D-02  -0.1477D+01   0.3316D+00  -0.1961D+01   0.2002D+00
   0.5989D+00  -0.1993D-01   0.1077D+00  -0.7542D-02   0.1067D+00  -0.5568D-01   0.2253D+00   0.0000D+00   0.5620D-01   0.6058D-02  -0.1431D-02   0.1982D-01   0.5989D+00  -0.1993D-01   0.1077D+00  -0.7542D-02   0.1067D+00  -0.5568D-01
  -0.1455D-02  -0.6746D-02  -0.4188D-02  -0.1110D-01  -0.1455D-02  -0.6746D-02  -0.4188D-02  -0.1110D-01
  1.000  1.000
  -0.1774D+01   0.0000D+00  -0.2036D+01   0.0000D+00   0.0000D+00   0.0000D+00  -0.1917D+01   0.0000D+00  -0.1774D+01   0.0000D+00  -0.2036D+01   0.0000D+00
   0.5768D+00   0.0000D+00   0.1021D+00   0.0000D+00   0.1565D+00   0.0000D+00   0.2143D+00   0.0000D+00   0.4763D-01   0.0000D+00   0.0000D+00   0.0000D+00   0.5768D+00   0.0000D+00   0.1021D+00   0.0000D+00   0.1565D+00   0.0000D+00
   0.0000D+00   0.0000D+00   0.0000D+00   0.0000D+00   0.0000D+00   0.0000D+00   0.0000D+00   0.0000D+00
  -0.1543D+01   0.2800D+00  -0.1995D+01   0.1690D+00   0.1553D+00  -0.1835D+00  -0.2015D+01  -0.2778D-02  -0.1543D+01   0.2800D+00  -0.1995D+01   0.1690D+00
   0.5976D+00  -0.1832D-01   0.1074D+00  -0.6930D-02   0.1109D+00  -0.5116D-01   0.2246D+00   0.0000D+00   0.5554D-01   0.5566D-02  -0.1313D-02   0.1822D-01   0.5976D+00  -0.1832D-01   0.1074D+00  -0.6930D-02   0.1109D+00  -0.5116D-01
  -0.1337D-02  -0.6199D-02  -0.3848D-02  -0.1020D-01  -0.1337D-02  -0.6199D-02  -0.3848D-02  -0.1020D-01
  1.000  2.000
  -0.1644D+01   0.0000D+00  -0.1886D+01   0.0000D+00   0.0000D+00   0.0000D+00  -0.1776D+01   0.0000D+00  -0.1644D+01   0.0000D+00  -0.1886D+01   0.0000D+00
   0.5768D+00   0.0000D+00   0.1021D+00   0.0000D+00   0.1565D+00   0.0000D+00   0.2143D+00   0.0000D+00   0.4763D-01   0.0000D+00   0.0000D+00   0.0000D+00   0.5768D+00   0.0000D+00   0.1021D+00   0.0000D+00   0.1565D+00   0.0000D+00
   0.0000D+00   0.0000D+00   0.0000D+00   0.0000D+00   0.0000D+00   0.0000D+00   0.0000D+00   0.0000D+00
  -0.1574D+01   0.2402D+00  -0.1999D+01   0.1450D+00   0.1332D+00  -0.1574D+00  -0.1999D+01  -0.2383D-02  -0.1574D+01   0.2402D+00  -0.1999D+01   0.1450D+00
   0.5963D+00  -0.1697D-01   0.1070D+00  -0.6419D-02   0.1143D+00  -0.4739D-01   0.2239D+00   0.0000D+00   0.5497D-01   0.5156D-02  -0.1215D-02   0.1687D-01   0.5963D+00  -0.1697D-01   0.1070D+00  -0.6419D-02   0.1143D+00  -0.4739D-01
  -0.1238D-02  -0.5742D-02  -0.3564D-02  -0.9451D-02  -0.1238D-02  -0.5742D-02  -0.3564D-02  -0.9451D-02
  2.000  0.500
  -0.1842D+01   0.0000D+00  -0.2136D+01   0.0000D+00   0.0000D+00   0.0000D+00  -0.2001D+01   0.0000D+00  -0.1842D+01   0.0000D+00  -0.2136D+01   0.0000D+00
   0.5523D+00   0.0000D+00   0.9809D-01   0.0000D+00   0.1502D+00   0.0000D+00   0.2055D+00   0.0000D+00   0.4567D-01   0.0000D+00   0.0000D+00   0.0000D+00   0.5523D+00   0.0000D+00   0.9809D-01   0.0000D+00   0.1502D+00   0.0000D+00
   0.0000D+00   0.0000D+00   0.0000D+00   0.0000D+00   0.0000D+00   0.0000D+00   0.0000D+00   0.0000D+00
  -0.1481D+01   0.3192D+00  -0.1992D+01   0.1919D+00   0.1839D+00  -0.2083D+00  -0.2035D+01  -0.2864D-02  -0.1481D+01   0.3192D+00  -0.1992D+01   0.1919D+00
   0.5909D+00  -0.1912D-01   0.1066D+00  -0.7237D-02   0.1089D+00  -0.5337D-01   0.2245D+00   0.0000D+00   0.5570D-01   0.5814D-02  -0.1371D-02   0.1903D-01   0.5909D+00  -0.1912D-01   0.1066D+00  -0.7237D-02   0.1089D+00  -0.5337D-01
  -0.1406D-02  -0.6392D-02  -0.4040D-02  -0.1063D-01  -0.1406D-02  -0.6392D-02  -0.4040D-02  -0.1063D-01
  2.000  1.000
  -0.1693D+01   0.0000D+00  -0.1963D+01   0.0000D+00   0.0000D+00   0.0000D+00  -0.1838D+01   0.0000D+00  -0.1693D+01   0.0000D+00  -0.1963D+01   0.0000D+00
   0.5523D+00   0.0000D+00   0.9809D-01   0.0000D+00   0.1502D+00   0.0000D+00   0.2055D+00   0.0000D+00   0.4567D-01   0.0000D+00   0.0000D+00   0.0000D+00   0.5523D+00   0.0000D+00   0.9809D-01   0.0000D+00   0.1502D+00   0.0000D+00
   0.0000D+00   0.0000D+00   0.0000D+00   0.0000D+00   0.0000D+00   0.0000D+00   0.0000D+00   0.0000D+00
  -0.1532D+01   0.2695D+00  -0.2009D+01   0.1620D+00   0.1553D+00  -0.1759D+00  -0.2024D+01  -0.2417D-02  -0.1532D+01   0.2695D+00  -0.2009D+01   0.1620D+00
   0.5879D+00  -0.1757D-01   0.1060D+00  -0.6650D-02   0.1122D+00  -0.4904D-01   0.2230D+00   0.0000D+00   0.5490D-01   0.5342D-02  -0.1258D-02   0.1748D-01   0.5879D+00  -0.1757D-01   0.1060D+00  -0.6650D-02   0.1122D+00  -0.4904D-01
  -0.1292D-02  -0.5873D-02  -0.3712D-02  -0.9772D-02  -0.1292D-02  -0.5873D-02  -0.3712D-02  -0.9772D-02
  2.000  2.000
  -0.1568D+01   0.0000D+00  -0.1818D+01   0.0000D+00   0.0000D+00   0.0000D+00  -0.1703D+01   0.0000D+00  -0.1568D+01   0.0000D+00  -0.1818D+01   0.0000D+00
   0.5523D+00   0.0000D+00   0.9809D-01   0.0000D+00   0.1502D+00   0.0000D+00   0.2055D+00   0.0000D+00   0.4567D-01   0.0000D+00   0.0000D+00   0.0000D+00   0.5523D+00   0.0000D+00   0.9809D-01   0.0000D+00   0.1502D+00   0.0000D+00
   0.0000D+00   0.0000D+00   0.0000D+00   0.0000D+00   0.0000D+00   0.0000D+00   0.0000D+00   0.0000D+00
  -0.1554D+01   0.2312D+00  -0.2001D+01   0.1390D+00   0.1332D+00  -0.1509D+00  -0.1996D+01  -0.2074D-02  -0.1554D+01   0.2312D+00  -0.2001D+01   0.1390D+00
   0.5855D+00  -0.1627D-01   0.1054D+00  -0.6159D-02   0.1151D+00  -0.4542D-01   0.2218D+00   0.0000D+00   0.5424D-01   0.4948D-02  -0.1164D-02   0.1619D-01   0.5855D+00  -0.1627D-01   0.1054D+00  -0.6159D-02   0.1151D+00  -0.4542D-01
  -0.1196D-02  -0.5440D-02  -0.3438D-02  -0.9051D-02  -0.1196D-02  -0.5440D-02  -0.3438D-02  -0.9051D-02
