 LHC=           1 sqrts=   8000.0000000000000      ang=           4 mode=fital                                                                                               scalescheme=           1 R=  0.69999999999999996     
 NNPDF23_nlo_as_0118                                                                                           70
 Bin information: chid, chiu, md, mu, mu0
   0.0000000000000000       0.50000000000000000        1784.0000000000000        2116.0000000000000        1950.0000000000000     
 9 scales(muf, mur)*(LO(38), NLO(38))
  0.500  0.500
  -0.8562D-02   0.0000D+00  -0.4791D-02   0.0000D+00   0.0000D+00   0.0000D+00  -0.1697D-02   0.0000D+00  -0.8562D-02   0.0000D+00  -0.4791D-02   0.0000D+00
   0.5836D-01   0.0000D+00   0.8262D-02   0.0000D+00   0.2823D-01   0.0000D+00   0.6699D-02   0.0000D+00   0.1489D-02   0.0000D+00   0.0000D+00   0.0000D+00   0.5836D-01   0.0000D+00   0.8262D-02   0.0000D+00   0.2823D-01   0.0000D+00
   0.0000D+00   0.0000D+00   0.0000D+00   0.0000D+00   0.0000D+00   0.0000D+00   0.0000D+00   0.0000D+00
  -0.7644D-02   0.5294D-03  -0.4363D-02   0.3116D-03   0.1558D-03  -0.1441D-03  -0.1458D-02   0.1378D-03  -0.7644D-02   0.5294D-03  -0.4363D-02   0.3116D-03
   0.4381D-01  -0.2930D-02   0.6209D-02  -0.7925D-03   0.1787D-01  -0.4361D-02   0.5705D-02   0.0000D+00   0.1369D-02   0.1544D-03  -0.3811D-03   0.5054D-03   0.4381D-01  -0.2930D-02   0.6209D-02  -0.7925D-03   0.1787D-01  -0.4361D-02
  -0.3269D-03  -0.7217D-03  -0.2568D-03  -0.5207D-03  -0.3269D-03  -0.7217D-03  -0.2568D-03  -0.5207D-03
  0.500  1.000
  -0.7999D-02   0.0000D+00  -0.4476D-02   0.0000D+00   0.0000D+00   0.0000D+00  -0.1585D-02   0.0000D+00  -0.7999D-02   0.0000D+00  -0.4476D-02   0.0000D+00
   0.5836D-01   0.0000D+00   0.8262D-02   0.0000D+00   0.2823D-01   0.0000D+00   0.6699D-02   0.0000D+00   0.1489D-02   0.0000D+00   0.0000D+00   0.0000D+00   0.5836D-01   0.0000D+00   0.8262D-02   0.0000D+00   0.2823D-01   0.0000D+00
   0.0000D+00   0.0000D+00   0.0000D+00   0.0000D+00   0.0000D+00   0.0000D+00   0.0000D+00   0.0000D+00
  -0.7760D-02   0.4620D-03  -0.4417D-02   0.2720D-03   0.1360D-03  -0.1258D-03  -0.1489D-02   0.1202D-03  -0.7760D-02   0.4620D-03  -0.4417D-02   0.2720D-03
   0.4477D-01  -0.2737D-02   0.6345D-02  -0.7404D-03   0.1855D-01  -0.4074D-02   0.5771D-02   0.0000D+00   0.1377D-02   0.1443D-03  -0.3560D-03   0.4721D-03   0.4477D-01  -0.2737D-02   0.6345D-02  -0.7404D-03   0.1855D-01  -0.4074D-02
  -0.3054D-03  -0.6743D-03  -0.2399D-03  -0.4864D-03  -0.3054D-03  -0.6743D-03  -0.2399D-03  -0.4864D-03
  0.500  2.000
  -0.7505D-02   0.0000D+00  -0.4200D-02   0.0000D+00   0.0000D+00   0.0000D+00  -0.1488D-02   0.0000D+00  -0.7505D-02   0.0000D+00  -0.4200D-02   0.0000D+00
   0.5836D-01   0.0000D+00   0.8262D-02   0.0000D+00   0.2823D-01   0.0000D+00   0.6699D-02   0.0000D+00   0.1489D-02   0.0000D+00   0.0000D+00   0.0000D+00   0.5836D-01   0.0000D+00   0.8262D-02   0.0000D+00   0.2823D-01   0.0000D+00
   0.0000D+00   0.0000D+00   0.0000D+00   0.0000D+00   0.0000D+00   0.0000D+00   0.0000D+00   0.0000D+00
  -0.7791D-02   0.4068D-03  -0.4426D-02   0.2394D-03   0.1197D-03  -0.1108D-03  -0.1501D-02   0.1059D-03  -0.7791D-02   0.4068D-03  -0.4426D-02   0.2394D-03
   0.4561D-01  -0.2568D-02   0.6463D-02  -0.6947D-03   0.1915D-01  -0.3823D-02   0.5828D-02   0.0000D+00   0.1384D-02   0.1354D-03  -0.3341D-03   0.4430D-03   0.4561D-01  -0.2568D-02   0.6463D-02  -0.6947D-03   0.1915D-01  -0.3823D-02
  -0.2865D-03  -0.6327D-03  -0.2251D-03  -0.4564D-03  -0.2865D-03  -0.6327D-03  -0.2251D-03  -0.4564D-03
  1.000  0.500
  -0.7159D-02   0.0000D+00  -0.3995D-02   0.0000D+00   0.0000D+00   0.0000D+00  -0.1419D-02   0.0000D+00  -0.7159D-02   0.0000D+00  -0.3995D-02   0.0000D+00
   0.4873D-01   0.0000D+00   0.6894D-02   0.0000D+00   0.2360D-01   0.0000D+00   0.5631D-02   0.0000D+00   0.1251D-02   0.0000D+00   0.0000D+00   0.0000D+00   0.4873D-01   0.0000D+00   0.6894D-02   0.0000D+00   0.2360D-01   0.0000D+00
   0.0000D+00   0.0000D+00   0.0000D+00   0.0000D+00   0.0000D+00   0.0000D+00   0.0000D+00   0.0000D+00
  -0.7683D-02   0.4416D-03  -0.4365D-02   0.2604D-03   0.1268D-03  -0.1205D-03  -0.1475D-02   0.1146D-03  -0.7683D-02   0.4416D-03  -0.4365D-02   0.2604D-03
   0.4535D-01  -0.2449D-02   0.6423D-02  -0.6621D-03   0.1920D-01  -0.3641D-02   0.5776D-02   0.0000D+00   0.1369D-02   0.1298D-03  -0.3137D-03   0.4248D-03   0.4535D-01  -0.2449D-02   0.6423D-02  -0.6621D-03   0.1920D-01  -0.3641D-02
  -0.2733D-03  -0.6042D-03  -0.2146D-03  -0.4351D-03  -0.2733D-03  -0.6042D-03  -0.2146D-03  -0.4351D-03
  1.000  1.000
  -0.6687D-02   0.0000D+00  -0.3732D-02   0.0000D+00   0.0000D+00   0.0000D+00  -0.1326D-02   0.0000D+00  -0.6687D-02   0.0000D+00  -0.3732D-02   0.0000D+00
   0.4873D-01   0.0000D+00   0.6894D-02   0.0000D+00   0.2360D-01   0.0000D+00   0.5631D-02   0.0000D+00   0.1251D-02   0.0000D+00   0.0000D+00   0.0000D+00   0.4873D-01   0.0000D+00   0.6894D-02   0.0000D+00   0.2360D-01   0.0000D+00
   0.0000D+00   0.0000D+00   0.0000D+00   0.0000D+00   0.0000D+00   0.0000D+00   0.0000D+00   0.0000D+00
  -0.7616D-02   0.3854D-03  -0.4317D-02   0.2273D-03   0.1107D-03  -0.1052D-03  -0.1468D-02   0.1000D-03  -0.7616D-02   0.3854D-03  -0.4317D-02   0.2273D-03
   0.4557D-01  -0.2287D-02   0.6454D-02  -0.6185D-03   0.1949D-01  -0.3401D-02   0.5767D-02   0.0000D+00   0.1361D-02   0.1213D-03  -0.2931D-03   0.3969D-03   0.4557D-01  -0.2287D-02   0.6454D-02  -0.6185D-03   0.1949D-01  -0.3401D-02
  -0.2554D-03  -0.5645D-03  -0.2005D-03  -0.4065D-03  -0.2554D-03  -0.5645D-03  -0.2005D-03  -0.4065D-03
  1.000  2.000
  -0.6275D-02   0.0000D+00  -0.3502D-02   0.0000D+00   0.0000D+00   0.0000D+00  -0.1244D-02   0.0000D+00  -0.6275D-02   0.0000D+00  -0.3502D-02   0.0000D+00
   0.4873D-01   0.0000D+00   0.6894D-02   0.0000D+00   0.2360D-01   0.0000D+00   0.5631D-02   0.0000D+00   0.1251D-02   0.0000D+00   0.0000D+00   0.0000D+00   0.4873D-01   0.0000D+00   0.6894D-02   0.0000D+00   0.2360D-01   0.0000D+00
   0.0000D+00   0.0000D+00   0.0000D+00   0.0000D+00   0.0000D+00   0.0000D+00   0.0000D+00   0.0000D+00
  -0.7507D-02   0.3393D-03  -0.4249D-02   0.2001D-03   0.9746D-04  -0.9262D-04  -0.1451D-02   0.8807D-04  -0.7507D-02   0.3393D-03  -0.4249D-02   0.2001D-03
   0.4577D-01  -0.2146D-02   0.6481D-02  -0.5804D-03   0.1975D-01  -0.3192D-02   0.5759D-02   0.0000D+00   0.1354D-02   0.1138D-03  -0.2750D-03   0.3724D-03   0.4577D-01  -0.2146D-02   0.6481D-02  -0.5804D-03   0.1975D-01  -0.3192D-02
  -0.2396D-03  -0.5297D-03  -0.1881D-03  -0.3814D-03  -0.2396D-03  -0.5297D-03  -0.1881D-03  -0.3814D-03
  2.000  0.500
  -0.6047D-02   0.0000D+00  -0.3369D-02   0.0000D+00   0.0000D+00   0.0000D+00  -0.1200D-02   0.0000D+00  -0.6047D-02   0.0000D+00  -0.3369D-02   0.0000D+00
   0.4114D-01   0.0000D+00   0.5818D-02   0.0000D+00   0.1994D-01   0.0000D+00   0.4781D-02   0.0000D+00   0.1063D-02   0.0000D+00   0.0000D+00   0.0000D+00   0.4114D-01   0.0000D+00   0.5818D-02   0.0000D+00   0.1994D-01   0.0000D+00
   0.0000D+00   0.0000D+00   0.0000D+00   0.0000D+00   0.0000D+00   0.0000D+00   0.0000D+00   0.0000D+00
  -0.7584D-02   0.3723D-03  -0.4302D-02   0.2200D-03   0.1063D-03  -0.1019D-03  -0.1464D-02   0.9641D-04  -0.7584D-02   0.3723D-03  -0.4302D-02   0.2200D-03
   0.4580D-01  -0.2069D-02   0.6481D-02  -0.5591D-03   0.1985D-01  -0.3072D-02   0.5741D-02   0.0000D+00   0.1348D-02   0.1102D-03  -0.2610D-03   0.3608D-03   0.4580D-01  -0.2069D-02   0.6481D-02  -0.5591D-03   0.1985D-01  -0.3072D-02
  -0.2310D-03  -0.5098D-03  -0.1814D-03  -0.3681D-03  -0.2310D-03  -0.5098D-03  -0.1814D-03  -0.3681D-03
  2.000  1.000
  -0.5649D-02   0.0000D+00  -0.3147D-02   0.0000D+00   0.0000D+00   0.0000D+00  -0.1121D-02   0.0000D+00  -0.5649D-02   0.0000D+00  -0.3147D-02   0.0000D+00
   0.4114D-01   0.0000D+00   0.5818D-02   0.0000D+00   0.1994D-01   0.0000D+00   0.4781D-02   0.0000D+00   0.1063D-02   0.0000D+00   0.0000D+00   0.0000D+00   0.4114D-01   0.0000D+00   0.5818D-02   0.0000D+00   0.1994D-01   0.0000D+00
   0.0000D+00   0.0000D+00   0.0000D+00   0.0000D+00   0.0000D+00   0.0000D+00   0.0000D+00   0.0000D+00
  -0.7388D-02   0.3249D-03  -0.4183D-02   0.1920D-03   0.9278D-04  -0.8892D-04  -0.1430D-02   0.8413D-04  -0.7388D-02   0.3249D-03  -0.4183D-02   0.1920D-03
   0.4550D-01  -0.1933D-02   0.6438D-02  -0.5223D-03   0.1986D-01  -0.2870D-02   0.5678D-02   0.0000D+00   0.1330D-02   0.1030D-03  -0.2438D-03   0.3370D-03   0.4550D-01  -0.1933D-02   0.6438D-02  -0.5223D-03   0.1986D-01  -0.2870D-02
  -0.2158D-03  -0.4763D-03  -0.1695D-03  -0.3438D-03  -0.2158D-03  -0.4763D-03  -0.1695D-03  -0.3438D-03
  2.000  2.000
  -0.5301D-02   0.0000D+00  -0.2953D-02   0.0000D+00   0.0000D+00   0.0000D+00  -0.1052D-02   0.0000D+00  -0.5301D-02   0.0000D+00  -0.2953D-02   0.0000D+00
   0.4114D-01   0.0000D+00   0.5818D-02   0.0000D+00   0.1994D-01   0.0000D+00   0.4781D-02   0.0000D+00   0.1063D-02   0.0000D+00   0.0000D+00   0.0000D+00   0.4114D-01   0.0000D+00   0.5818D-02   0.0000D+00   0.1994D-01   0.0000D+00
   0.0000D+00   0.0000D+00   0.0000D+00   0.0000D+00   0.0000D+00   0.0000D+00   0.0000D+00   0.0000D+00
  -0.7182D-02   0.2861D-03  -0.4060D-02   0.1690D-03   0.8170D-04  -0.7829D-04  -0.1394D-02   0.7408D-04  -0.7182D-02   0.2861D-03  -0.4060D-02   0.1690D-03
   0.4523D-01  -0.1814D-02   0.6400D-02  -0.4901D-03   0.1986D-01  -0.2693D-02   0.5623D-02   0.0000D+00   0.1313D-02   0.9663D-04  -0.2288D-03   0.3163D-03   0.4523D-01  -0.1814D-02   0.6400D-02  -0.4901D-03   0.1986D-01  -0.2693D-02
  -0.2025D-03  -0.4469D-03  -0.1590D-03  -0.3226D-03  -0.2025D-03  -0.4469D-03  -0.1590D-03  -0.3226D-03
