 LHC=           1 sqrts=   8000.0000000000000      ang=           4 mode=fital                                                                                               scalescheme=           1 R=  0.69999999999999996     
 MSTW2008nlo68cl_rand1235                                                                                      97
 Bin information: chid, chiu, md, mu, mu0
   0.0000000000000000       0.50000000000000000        153.00000000000000        174.00000000000000        163.50000000000000     
 9 scales(muf, mur)*(LO(38), NLO(38))
  0.500  0.500
  -0.6298D+01   0.0000D+00  -0.9231D+01   0.0000D+00   0.0000D+00   0.0000D+00  -0.9535D+01   0.0000D+00  -0.6298D+01   0.0000D+00  -0.9231D+01   0.0000D+00
   0.5594D+00   0.0000D+00   0.1027D+00   0.0000D+00   0.1282D+00   0.0000D+00   0.2394D+00   0.0000D+00   0.5321D-01   0.0000D+00   0.0000D+00   0.0000D+00   0.5594D+00   0.0000D+00   0.1027D+00   0.0000D+00   0.1282D+00   0.0000D+00
   0.0000D+00   0.0000D+00   0.0000D+00   0.0000D+00   0.0000D+00   0.0000D+00   0.0000D+00   0.0000D+00
  -0.4289D+01   0.1572D+01  -0.7630D+01   0.9421D+00   0.7517D+00  -0.1114D+01  -0.8660D+01  -0.8802D-01  -0.4289D+01   0.1572D+01  -0.7630D+01   0.9421D+00
   0.7526D+00  -0.1829D-01   0.1380D+00  -0.7798D-02   0.1170D+00  -0.6144D-01   0.3081D+00   0.0000D+00   0.7890D-01   0.7574D-02   0.2094D-02   0.2479D-01   0.7526D+00  -0.1829D-01   0.1380D+00  -0.7798D-02   0.1170D+00  -0.6144D-01
  -0.8966D-03  -0.6828D-02  -0.4319D-02  -0.1300D-01  -0.8966D-03  -0.6828D-02  -0.4319D-02  -0.1300D-01
  0.500  1.000
  -0.5682D+01   0.0000D+00  -0.8329D+01   0.0000D+00   0.0000D+00   0.0000D+00  -0.8604D+01   0.0000D+00  -0.5682D+01   0.0000D+00  -0.8329D+01   0.0000D+00
   0.5594D+00   0.0000D+00   0.1027D+00   0.0000D+00   0.1282D+00   0.0000D+00   0.2394D+00   0.0000D+00   0.5321D-01   0.0000D+00   0.0000D+00   0.0000D+00   0.5594D+00   0.0000D+00   0.1027D+00   0.0000D+00   0.1282D+00   0.0000D+00
   0.0000D+00   0.0000D+00   0.0000D+00   0.0000D+00   0.0000D+00   0.0000D+00   0.0000D+00   0.0000D+00
  -0.4582D+01   0.1280D+01  -0.7810D+01   0.7670D+00   0.6117D+00  -0.9071D+00  -0.8700D+01  -0.7166D-01  -0.4582D+01   0.1280D+01  -0.7810D+01   0.7670D+00
   0.7351D+00  -0.1650D-01   0.1348D+00  -0.7037D-02   0.1184D+00  -0.5544D-01   0.3018D+00   0.0000D+00   0.7650D-01   0.6834D-02   0.1909D-02   0.2237D-01   0.7351D+00  -0.1650D-01   0.1348D+00  -0.7037D-02   0.1184D+00  -0.5544D-01
  -0.8089D-03  -0.6161D-02  -0.3897D-02  -0.1173D-01  -0.8089D-03  -0.6161D-02  -0.3897D-02  -0.1173D-01
  0.500  2.000
  -0.5179D+01   0.0000D+00  -0.7591D+01   0.0000D+00   0.0000D+00   0.0000D+00  -0.7841D+01   0.0000D+00  -0.5179D+01   0.0000D+00  -0.7591D+01   0.0000D+00
   0.5594D+00   0.0000D+00   0.1027D+00   0.0000D+00   0.1282D+00   0.0000D+00   0.2394D+00   0.0000D+00   0.5321D-01   0.0000D+00   0.0000D+00   0.0000D+00   0.5594D+00   0.0000D+00   0.1027D+00   0.0000D+00   0.1282D+00   0.0000D+00
   0.0000D+00   0.0000D+00   0.0000D+00   0.0000D+00   0.0000D+00   0.0000D+00   0.0000D+00   0.0000D+00
  -0.4709D+01   0.1063D+01  -0.7809D+01   0.6370D+00   0.5078D+00  -0.7534D+00  -0.8593D+01  -0.5952D-01  -0.4709D+01   0.1063D+01  -0.7809D+01   0.6370D+00
   0.7205D+00  -0.1504D-01   0.1321D+00  -0.6413D-02   0.1195D+00  -0.5052D-01   0.2966D+00   0.0000D+00   0.7452D-01   0.6228D-02   0.1755D-02   0.2038D-01   0.7205D+00  -0.1504D-01   0.1321D+00  -0.6413D-02   0.1195D+00  -0.5052D-01
  -0.7372D-03  -0.5615D-02  -0.3551D-02  -0.1069D-01  -0.7372D-03  -0.5615D-02  -0.3551D-02  -0.1069D-01
  1.000  0.500
  -0.6276D+01   0.0000D+00  -0.9310D+01   0.0000D+00   0.0000D+00   0.0000D+00  -0.9641D+01   0.0000D+00  -0.6276D+01   0.0000D+00  -0.9310D+01   0.0000D+00
   0.5581D+00   0.0000D+00   0.1032D+00   0.0000D+00   0.1267D+00   0.0000D+00   0.2394D+00   0.0000D+00   0.5320D-01   0.0000D+00   0.0000D+00   0.0000D+00   0.5581D+00   0.0000D+00   0.1032D+00   0.0000D+00   0.1267D+00   0.0000D+00
   0.0000D+00   0.0000D+00   0.0000D+00   0.0000D+00   0.0000D+00   0.0000D+00   0.0000D+00   0.0000D+00
  -0.4267D+01   0.1581D+01  -0.7584D+01   0.9523D+00   0.7349D+00  -0.1125D+01  -0.8722D+01  -0.8702D-01  -0.4267D+01   0.1581D+01  -0.7584D+01   0.9523D+00
   0.7248D+00  -0.1810D-01   0.1344D+00  -0.7781D-02   0.1113D+00  -0.6114D-01   0.3011D+00   0.0000D+00   0.7667D-01   0.7603D-02   0.1963D-02   0.2488D-01   0.7248D+00  -0.1810D-01   0.1344D+00  -0.7781D-02   0.1113D+00  -0.6114D-01
  -0.9043D-03  -0.6940D-02  -0.4383D-02  -0.1317D-01  -0.9043D-03  -0.6940D-02  -0.4383D-02  -0.1317D-01
  1.000  1.000
  -0.5663D+01   0.0000D+00  -0.8400D+01   0.0000D+00   0.0000D+00   0.0000D+00  -0.8699D+01   0.0000D+00  -0.5663D+01   0.0000D+00  -0.8400D+01   0.0000D+00
   0.5581D+00   0.0000D+00   0.1032D+00   0.0000D+00   0.1267D+00   0.0000D+00   0.2394D+00   0.0000D+00   0.5320D-01   0.0000D+00   0.0000D+00   0.0000D+00   0.5581D+00   0.0000D+00   0.1032D+00   0.0000D+00   0.1267D+00   0.0000D+00
   0.0000D+00   0.0000D+00   0.0000D+00   0.0000D+00   0.0000D+00   0.0000D+00   0.0000D+00   0.0000D+00
  -0.4560D+01   0.1287D+01  -0.7786D+01   0.7753D+00   0.5980D+00  -0.9162D+00  -0.8769D+01  -0.7085D-01  -0.4560D+01   0.1287D+01  -0.7786D+01   0.7753D+00
   0.7094D+00  -0.1634D-01   0.1315D+00  -0.7021D-02   0.1130D+00  -0.5517D-01   0.2954D+00   0.0000D+00   0.7446D-01   0.6860D-02   0.1790D-02   0.2245D-01   0.7094D+00  -0.1634D-01   0.1315D+00  -0.7021D-02   0.1130D+00  -0.5517D-01
  -0.8159D-03  -0.6262D-02  -0.3955D-02  -0.1189D-01  -0.8159D-03  -0.6262D-02  -0.3955D-02  -0.1189D-01
  1.000  2.000
  -0.5161D+01   0.0000D+00  -0.7655D+01   0.0000D+00   0.0000D+00   0.0000D+00  -0.7928D+01   0.0000D+00  -0.5161D+01   0.0000D+00  -0.7655D+01   0.0000D+00
   0.5581D+00   0.0000D+00   0.1032D+00   0.0000D+00   0.1267D+00   0.0000D+00   0.2394D+00   0.0000D+00   0.5320D-01   0.0000D+00   0.0000D+00   0.0000D+00   0.5581D+00   0.0000D+00   0.1032D+00   0.0000D+00   0.1267D+00   0.0000D+00
   0.0000D+00   0.0000D+00   0.0000D+00   0.0000D+00   0.0000D+00   0.0000D+00   0.0000D+00   0.0000D+00
  -0.4687D+01   0.1069D+01  -0.7801D+01   0.6439D+00   0.4965D+00  -0.7609D+00  -0.8665D+01  -0.5884D-01  -0.4687D+01   0.1069D+01  -0.7801D+01   0.6439D+00
   0.6968D+00  -0.1489D-01   0.1292D+00  -0.6398D-02   0.1144D+00  -0.5028D-01   0.2907D+00   0.0000D+00   0.7265D-01   0.6252D-02   0.1646D-02   0.2046D-01   0.6968D+00  -0.1489D-01   0.1292D+00  -0.6398D-02   0.1144D+00  -0.5028D-01
  -0.7435D-03  -0.5707D-02  -0.3604D-02  -0.1083D-01  -0.7435D-03  -0.5707D-02  -0.3604D-02  -0.1083D-01
  2.000  0.500
  -0.6181D+01   0.0000D+00  -0.9308D+01   0.0000D+00   0.0000D+00   0.0000D+00  -0.9600D+01   0.0000D+00  -0.6181D+01   0.0000D+00  -0.9308D+01   0.0000D+00
   0.5582D+00   0.0000D+00   0.1025D+00   0.0000D+00   0.1244D+00   0.0000D+00   0.2368D+00   0.0000D+00   0.5263D-01   0.0000D+00   0.0000D+00   0.0000D+00   0.5582D+00   0.0000D+00   0.1025D+00   0.0000D+00   0.1244D+00   0.0000D+00
   0.0000D+00   0.0000D+00   0.0000D+00   0.0000D+00   0.0000D+00   0.0000D+00   0.0000D+00   0.0000D+00
  -0.4306D+01   0.1581D+01  -0.7778D+01   0.9508D+00   0.7584D+00  -0.1123D+01  -0.8798D+01  -0.8586D-01  -0.4306D+01   0.1581D+01  -0.7778D+01   0.9508D+00
   0.7063D+00  -0.1780D-01   0.1309D+00  -0.7692D-02   0.1060D+00  -0.6106D-01   0.2924D+00   0.0000D+00   0.7439D-01   0.7544D-02   0.1665D-02   0.2469D-01   0.7063D+00  -0.1780D-01   0.1309D+00  -0.7692D-02   0.1060D+00  -0.6106D-01
  -0.9044D-03  -0.6797D-02  -0.4426D-02  -0.1300D-01  -0.9044D-03  -0.6797D-02  -0.4426D-02  -0.1300D-01
  2.000  1.000
  -0.5577D+01   0.0000D+00  -0.8399D+01   0.0000D+00   0.0000D+00   0.0000D+00  -0.8662D+01   0.0000D+00  -0.5577D+01   0.0000D+00  -0.8399D+01   0.0000D+00
   0.5582D+00   0.0000D+00   0.1025D+00   0.0000D+00   0.1244D+00   0.0000D+00   0.2368D+00   0.0000D+00   0.5263D-01   0.0000D+00   0.0000D+00   0.0000D+00   0.5582D+00   0.0000D+00   0.1025D+00   0.0000D+00   0.1244D+00   0.0000D+00
   0.0000D+00   0.0000D+00   0.0000D+00   0.0000D+00   0.0000D+00   0.0000D+00   0.0000D+00   0.0000D+00
  -0.4581D+01   0.1287D+01  -0.7948D+01   0.7742D+00   0.6173D+00  -0.9143D+00  -0.8828D+01  -0.6990D-01  -0.4581D+01   0.1287D+01  -0.7948D+01   0.7742D+00
   0.6972D+00  -0.1606D-01   0.1290D+00  -0.6941D-02   0.1093D+00  -0.5510D-01   0.2882D+00   0.0000D+00   0.7263D-01   0.6807D-02   0.1540D-02   0.2228D-01   0.6972D+00  -0.1606D-01   0.1290D+00  -0.6941D-02   0.1093D+00  -0.5510D-01
  -0.8160D-03  -0.6133D-02  -0.3993D-02  -0.1173D-01  -0.8160D-03  -0.6133D-02  -0.3993D-02  -0.1173D-01
  2.000  2.000
  -0.5083D+01   0.0000D+00  -0.7654D+01   0.0000D+00   0.0000D+00   0.0000D+00  -0.7894D+01   0.0000D+00  -0.5083D+01   0.0000D+00  -0.7654D+01   0.0000D+00
   0.5582D+00   0.0000D+00   0.1025D+00   0.0000D+00   0.1244D+00   0.0000D+00   0.2368D+00   0.0000D+00   0.5263D-01   0.0000D+00   0.0000D+00   0.0000D+00   0.5582D+00   0.0000D+00   0.1025D+00   0.0000D+00   0.1244D+00   0.0000D+00
   0.0000D+00   0.0000D+00   0.0000D+00   0.0000D+00   0.0000D+00   0.0000D+00   0.0000D+00   0.0000D+00
  -0.4688D+01   0.1069D+01  -0.7933D+01   0.6430D+00   0.5125D+00  -0.7594D+00  -0.8706D+01  -0.5805D-01  -0.4688D+01   0.1069D+01  -0.7933D+01   0.6430D+00
   0.6834D+00  -0.1464D-01   0.1265D+00  -0.6326D-02   0.1101D+00  -0.5021D-01   0.2834D+00   0.0000D+00   0.7078D-01   0.6204D-02   0.1405D-02   0.2030D-01   0.6834D+00  -0.1464D-01   0.1265D+00  -0.6326D-02   0.1101D+00  -0.5021D-01
  -0.7436D-03  -0.5590D-02  -0.3639D-02  -0.1069D-01  -0.7436D-03  -0.5590D-02  -0.3639D-02  -0.1069D-01
