 LHC=           1 sqrts=   8000.0000000000000      ang=           4 mode=fital                                                                                               scalescheme=           1 R=  0.69999999999999996     
 CT10nlo_rand5678                                                                                              46
 Bin information: chid, chiu, md, mu, mu0
   0.0000000000000000       0.50000000000000000        272.00000000000000        300.00000000000000        286.00000000000000     
 9 scales(muf, mur)*(LO(38), NLO(38))
  0.500  0.500
  -0.2322D+01   0.0000D+00  -0.2815D+01   0.0000D+00   0.0000D+00   0.0000D+00  -0.2691D+01   0.0000D+00  -0.2322D+01   0.0000D+00  -0.2815D+01   0.0000D+00
   0.5860D+00   0.0000D+00   0.1045D+00   0.0000D+00   0.1525D+00   0.0000D+00   0.2198D+00   0.0000D+00   0.4884D-01   0.0000D+00   0.0000D+00   0.0000D+00   0.5860D+00   0.0000D+00   0.1045D+00   0.0000D+00   0.1525D+00   0.0000D+00
   0.0000D+00   0.0000D+00   0.0000D+00   0.0000D+00   0.0000D+00   0.0000D+00   0.0000D+00   0.0000D+00
  -0.1637D+01   0.4265D+00  -0.2395D+01   0.2567D+00   0.2350D+00  -0.2843D+00  -0.2471D+01  -0.6891D-02  -0.1637D+01   0.4265D+00  -0.2395D+01   0.2567D+00
   0.6119D+00  -0.1970D-01   0.1118D+00  -0.7610D-02   0.1024D+00  -0.5683D-01   0.2311D+00   0.0000D+00   0.5843D-01   0.6305D-02  -0.1443D-02   0.2063D-01   0.6119D+00  -0.1970D-01   0.1118D+00  -0.7610D-02   0.1024D+00  -0.5683D-01
  -0.1390D-02  -0.6733D-02  -0.4297D-02  -0.1154D-01  -0.1390D-02  -0.6733D-02  -0.4297D-02  -0.1154D-01
  0.500  1.000
  -0.2116D+01   0.0000D+00  -0.2565D+01   0.0000D+00   0.0000D+00   0.0000D+00  -0.2451D+01   0.0000D+00  -0.2116D+01   0.0000D+00  -0.2565D+01   0.0000D+00
   0.5860D+00   0.0000D+00   0.1045D+00   0.0000D+00   0.1525D+00   0.0000D+00   0.2198D+00   0.0000D+00   0.4884D-01   0.0000D+00   0.0000D+00   0.0000D+00   0.5860D+00   0.0000D+00   0.1045D+00   0.0000D+00   0.1525D+00   0.0000D+00
   0.0000D+00   0.0000D+00   0.0000D+00   0.0000D+00   0.0000D+00   0.0000D+00   0.0000D+00   0.0000D+00
  -0.1729D+01   0.3540D+00  -0.2435D+01   0.2130D+00   0.1950D+00  -0.2360D+00  -0.2479D+01  -0.5719D-02  -0.1729D+01   0.3540D+00  -0.2435D+01   0.2130D+00
   0.6101D+00  -0.1794D-01   0.1113D+00  -0.6933D-02   0.1070D+00  -0.5177D-01   0.2302D+00   0.0000D+00   0.5761D-01   0.5744D-02  -0.1312D-02   0.1880D-01   0.6101D+00  -0.1794D-01   0.1113D+00  -0.6933D-02   0.1070D+00  -0.5177D-01
  -0.1267D-02  -0.6134D-02  -0.3915D-02  -0.1051D-01  -0.1267D-02  -0.6134D-02  -0.3915D-02  -0.1051D-01
  0.500  2.000
  -0.1944D+01   0.0000D+00  -0.2356D+01   0.0000D+00   0.0000D+00   0.0000D+00  -0.2252D+01   0.0000D+00  -0.1944D+01   0.0000D+00  -0.2356D+01   0.0000D+00
   0.5860D+00   0.0000D+00   0.1045D+00   0.0000D+00   0.1525D+00   0.0000D+00   0.2198D+00   0.0000D+00   0.4884D-01   0.0000D+00   0.0000D+00   0.0000D+00   0.5860D+00   0.0000D+00   0.1045D+00   0.0000D+00   0.1525D+00   0.0000D+00
   0.0000D+00   0.0000D+00   0.0000D+00   0.0000D+00   0.0000D+00   0.0000D+00   0.0000D+00   0.0000D+00
  -0.1770D+01   0.2988D+00  -0.2433D+01   0.1798D+00   0.1646D+00  -0.1992D+00  -0.2452D+01  -0.4826D-02  -0.1770D+01   0.2988D+00  -0.2433D+01   0.1798D+00
   0.6085D+00  -0.1649D-01   0.1108D+00  -0.6370D-02   0.1108D+00  -0.4757D-01   0.2295D+00   0.0000D+00   0.5692D-01   0.5277D-02  -0.1203D-02   0.1727D-01   0.6085D+00  -0.1649D-01   0.1108D+00  -0.6370D-02   0.1108D+00  -0.4757D-01
  -0.1164D-02  -0.5636D-02  -0.3597D-02  -0.9659D-02  -0.1164D-02  -0.5636D-02  -0.3597D-02  -0.9659D-02
  1.000  0.500
  -0.2226D+01   0.0000D+00  -0.2746D+01   0.0000D+00   0.0000D+00   0.0000D+00  -0.2605D+01   0.0000D+00  -0.2226D+01   0.0000D+00  -0.2746D+01   0.0000D+00
   0.5660D+00   0.0000D+00   0.1010D+00   0.0000D+00   0.1463D+00   0.0000D+00   0.2135D+00   0.0000D+00   0.4745D-01   0.0000D+00   0.0000D+00   0.0000D+00   0.5660D+00   0.0000D+00   0.1010D+00   0.0000D+00   0.1463D+00   0.0000D+00
   0.0000D+00   0.0000D+00   0.0000D+00   0.0000D+00   0.0000D+00   0.0000D+00   0.0000D+00   0.0000D+00
  -0.1662D+01   0.4149D+00  -0.2418D+01   0.2477D+00   0.2271D+00  -0.2750D+00  -0.2495D+01  -0.6291D-02  -0.1662D+01   0.4149D+00  -0.2418D+01   0.2477D+00
   0.5971D+00  -0.1886D-01   0.1089D+00  -0.7387D-02   0.1010D+00  -0.5557D-01   0.2286D+00   0.0000D+00   0.5756D-01   0.6124D-02  -0.1189D-02   0.2004D-01   0.5971D+00  -0.1886D-01   0.1089D+00  -0.7387D-02   0.1010D+00  -0.5557D-01
  -0.1345D-02  -0.6599D-02  -0.4181D-02  -0.1115D-01  -0.1345D-02  -0.6599D-02  -0.4181D-02  -0.1115D-01
  1.000  1.000
  -0.2028D+01   0.0000D+00  -0.2501D+01   0.0000D+00   0.0000D+00   0.0000D+00  -0.2373D+01   0.0000D+00  -0.2028D+01   0.0000D+00  -0.2501D+01   0.0000D+00
   0.5660D+00   0.0000D+00   0.1010D+00   0.0000D+00   0.1463D+00   0.0000D+00   0.2135D+00   0.0000D+00   0.4745D-01   0.0000D+00   0.0000D+00   0.0000D+00   0.5660D+00   0.0000D+00   0.1010D+00   0.0000D+00   0.1463D+00   0.0000D+00
   0.0000D+00   0.0000D+00   0.0000D+00   0.0000D+00   0.0000D+00   0.0000D+00   0.0000D+00   0.0000D+00
  -0.1734D+01   0.3443D+00  -0.2443D+01   0.2056D+00   0.1885D+00  -0.2283D+00  -0.2486D+01  -0.5221D-02  -0.1734D+01   0.3443D+00  -0.2443D+01   0.2056D+00
   0.5948D+00  -0.1718D-01   0.1082D+00  -0.6730D-02   0.1052D+00  -0.5063D-01   0.2273D+00   0.0000D+00   0.5669D-01   0.5579D-02  -0.1080D-02   0.1826D-01   0.5948D+00  -0.1718D-01   0.1082D+00  -0.6730D-02   0.1052D+00  -0.5063D-01
  -0.1225D-02  -0.6013D-02  -0.3809D-02  -0.1016D-01  -0.1225D-02  -0.6013D-02  -0.3809D-02  -0.1016D-01
  1.000  2.000
  -0.1863D+01   0.0000D+00  -0.2298D+01   0.0000D+00   0.0000D+00   0.0000D+00  -0.2180D+01   0.0000D+00  -0.1863D+01   0.0000D+00  -0.2298D+01   0.0000D+00
   0.5660D+00   0.0000D+00   0.1010D+00   0.0000D+00   0.1463D+00   0.0000D+00   0.2135D+00   0.0000D+00   0.4745D-01   0.0000D+00   0.0000D+00   0.0000D+00   0.5660D+00   0.0000D+00   0.1010D+00   0.0000D+00   0.1463D+00   0.0000D+00
   0.0000D+00   0.0000D+00   0.0000D+00   0.0000D+00   0.0000D+00   0.0000D+00   0.0000D+00   0.0000D+00
  -0.1762D+01   0.2906D+00  -0.2430D+01   0.1735D+00   0.1591D+00  -0.1927D+00  -0.2447D+01  -0.4406D-02  -0.1762D+01   0.2906D+00  -0.2430D+01   0.1735D+00
   0.5928D+00  -0.1579D-01   0.1077D+00  -0.6183D-02   0.1086D+00  -0.4651D-01   0.2263D+00   0.0000D+00   0.5596D-01   0.5126D-02  -0.9896D-03   0.1678D-01   0.5928D+00  -0.1579D-01   0.1077D+00  -0.6183D-02   0.1086D+00  -0.4651D-01
  -0.1126D-02  -0.5524D-02  -0.3499D-02  -0.9337D-02  -0.1126D-02  -0.5524D-02  -0.3499D-02  -0.9337D-02
  2.000  0.500
  -0.2137D+01   0.0000D+00  -0.2656D+01   0.0000D+00   0.0000D+00   0.0000D+00  -0.2520D+01   0.0000D+00  -0.2137D+01   0.0000D+00  -0.2656D+01   0.0000D+00
   0.5463D+00   0.0000D+00   0.9766D-01   0.0000D+00   0.1409D+00   0.0000D+00   0.2054D+00   0.0000D+00   0.4565D-01   0.0000D+00   0.0000D+00   0.0000D+00   0.5463D+00   0.0000D+00   0.9766D-01   0.0000D+00   0.1409D+00   0.0000D+00
   0.0000D+00   0.0000D+00   0.0000D+00   0.0000D+00   0.0000D+00   0.0000D+00   0.0000D+00   0.0000D+00
  -0.1683D+01   0.4024D+00  -0.2448D+01   0.2406D+00   0.2192D+00  -0.2662D+00  -0.2508D+01  -0.5898D-02  -0.1683D+01   0.4024D+00  -0.2448D+01   0.2406D+00
   0.5944D+00  -0.1819D-01   0.1082D+00  -0.7136D-02   0.1024D+00  -0.5339D-01   0.2259D+00   0.0000D+00   0.5675D-01   0.5892D-02  -0.1027D-02   0.1928D-01   0.5944D+00  -0.1819D-01   0.1082D+00  -0.7136D-02   0.1024D+00  -0.5339D-01
  -0.1305D-02  -0.6363D-02  -0.4061D-02  -0.1079D-01  -0.1305D-02  -0.6363D-02  -0.4061D-02  -0.1079D-01
  2.000  1.000
  -0.1947D+01   0.0000D+00  -0.2420D+01   0.0000D+00   0.0000D+00   0.0000D+00  -0.2296D+01   0.0000D+00  -0.1947D+01   0.0000D+00  -0.2420D+01   0.0000D+00
   0.5463D+00   0.0000D+00   0.9766D-01   0.0000D+00   0.1409D+00   0.0000D+00   0.2054D+00   0.0000D+00   0.4565D-01   0.0000D+00   0.0000D+00   0.0000D+00   0.5463D+00   0.0000D+00   0.9766D-01   0.0000D+00   0.1409D+00   0.0000D+00
   0.0000D+00   0.0000D+00   0.0000D+00   0.0000D+00   0.0000D+00   0.0000D+00   0.0000D+00   0.0000D+00
  -0.1736D+01   0.3339D+00  -0.2454D+01   0.1997D+00   0.1819D+00  -0.2209D+00  -0.2482D+01  -0.4895D-02  -0.1736D+01   0.3339D+00  -0.2454D+01   0.1997D+00
   0.5893D+00  -0.1657D-01   0.1071D+00  -0.6501D-02   0.1055D+00  -0.4864D-01   0.2239D+00   0.0000D+00   0.5572D-01   0.5368D-02  -0.9337D-03   0.1757D-01   0.5893D+00  -0.1657D-01   0.1071D+00  -0.6501D-02   0.1055D+00  -0.4864D-01
  -0.1189D-02  -0.5797D-02  -0.3700D-02  -0.9831D-02  -0.1189D-02  -0.5797D-02  -0.3700D-02  -0.9831D-02
  2.000  2.000
  -0.1789D+01   0.0000D+00  -0.2223D+01   0.0000D+00   0.0000D+00   0.0000D+00  -0.2109D+01   0.0000D+00  -0.1789D+01   0.0000D+00  -0.2223D+01   0.0000D+00
   0.5463D+00   0.0000D+00   0.9766D-01   0.0000D+00   0.1409D+00   0.0000D+00   0.2054D+00   0.0000D+00   0.4565D-01   0.0000D+00   0.0000D+00   0.0000D+00   0.5463D+00   0.0000D+00   0.9766D-01   0.0000D+00   0.1409D+00   0.0000D+00
   0.0000D+00   0.0000D+00   0.0000D+00   0.0000D+00   0.0000D+00   0.0000D+00   0.0000D+00   0.0000D+00
  -0.1751D+01   0.2819D+00  -0.2427D+01   0.1686D+00   0.1535D+00  -0.1865D+00  -0.2432D+01  -0.4131D-02  -0.1751D+01   0.2819D+00  -0.2427D+01   0.1686D+00
   0.5862D+00  -0.1523D-01   0.1064D+00  -0.5973D-02   0.1085D+00  -0.4469D-01   0.2225D+00   0.0000D+00   0.5493D-01   0.4932D-02  -0.8555D-03   0.1614D-01   0.5862D+00  -0.1523D-01   0.1064D+00  -0.5973D-02   0.1085D+00  -0.4469D-01
  -0.1092D-02  -0.5326D-02  -0.3399D-02  -0.9032D-02  -0.1092D-02  -0.5326D-02  -0.3399D-02  -0.9032D-02
