 LHC=           1 sqrts=   8000.0000000000000      ang=           4 mode=fital                                                                                               scalescheme=           1 R=  0.69999999999999996     
 CT10nlo_rand5678                                                                                             459
 Bin information: chid, chiu, md, mu, mu0
   0.0000000000000000       0.50000000000000000        737.00000000000000        790.00000000000000        763.50000000000000     
 9 scales(muf, mur)*(LO(38), NLO(38))
  0.500  0.500
  -0.3289D+00   0.0000D+00  -0.2635D+00   0.0000D+00   0.0000D+00   0.0000D+00  -0.1679D+00   0.0000D+00  -0.3289D+00   0.0000D+00  -0.2635D+00   0.0000D+00
   0.4470D+00   0.0000D+00   0.7184D-01   0.0000D+00   0.1646D+00   0.0000D+00   0.1033D+00   0.0000D+00   0.2295D-01   0.0000D+00   0.0000D+00   0.0000D+00   0.4470D+00   0.0000D+00   0.7184D-01   0.0000D+00   0.1646D+00   0.0000D+00
   0.0000D+00   0.0000D+00   0.0000D+00   0.0000D+00   0.0000D+00   0.0000D+00   0.0000D+00   0.0000D+00
  -0.2557D+00   0.3326D-01  -0.2286D+00   0.1932D-01   0.2070D-01  -0.1557D-01  -0.1503D+00   0.4058D-02  -0.2557D+00   0.3326D-01  -0.2286D+00   0.1932D-01
   0.3539D+00  -0.1866D-01   0.5887D-01  -0.5857D-02   0.9123D-01  -0.3752D-01   0.8999D-01   0.0000D+00   0.2243D-01   0.2601D-02  -0.3205D-02   0.8513D-02   0.3539D+00  -0.1866D-01   0.5887D-01  -0.5857D-02   0.9123D-01  -0.3752D-01
  -0.1791D-02  -0.5202D-02  -0.2610D-02  -0.5919D-02  -0.1791D-02  -0.5202D-02  -0.2610D-02  -0.5919D-02
  0.500  1.000
  -0.3031D+00   0.0000D+00  -0.2428D+00   0.0000D+00   0.0000D+00   0.0000D+00  -0.1547D+00   0.0000D+00  -0.3031D+00   0.0000D+00  -0.2428D+00   0.0000D+00
   0.4470D+00   0.0000D+00   0.7184D-01   0.0000D+00   0.1646D+00   0.0000D+00   0.1033D+00   0.0000D+00   0.2295D-01   0.0000D+00   0.0000D+00   0.0000D+00   0.4470D+00   0.0000D+00   0.7184D-01   0.0000D+00   0.1646D+00   0.0000D+00
   0.0000D+00   0.0000D+00   0.0000D+00   0.0000D+00   0.0000D+00   0.0000D+00   0.0000D+00   0.0000D+00
  -0.2640D+00   0.2824D-01  -0.2316D+00   0.1641D-01   0.1758D-01  -0.1322D-01  -0.1515D+00   0.3446D-02  -0.2640D+00   0.2824D-01  -0.2316D+00   0.1641D-01
   0.3613D+00  -0.1719D-01   0.5990D-01  -0.5397D-02   0.9702D-01  -0.3457D-01   0.9105D-01   0.0000D+00   0.2247D-01   0.2397D-02  -0.2953D-02   0.7844D-02   0.3613D+00  -0.1719D-01   0.5990D-01  -0.5397D-02   0.9702D-01  -0.3457D-01
  -0.1650D-02  -0.4793D-02  -0.2405D-02  -0.5454D-02  -0.1650D-02  -0.4793D-02  -0.2405D-02  -0.5454D-02
  0.500  2.000
  -0.2810D+00   0.0000D+00  -0.2252D+00   0.0000D+00   0.0000D+00   0.0000D+00  -0.1435D+00   0.0000D+00  -0.2810D+00   0.0000D+00  -0.2252D+00   0.0000D+00
   0.4470D+00   0.0000D+00   0.7184D-01   0.0000D+00   0.1646D+00   0.0000D+00   0.1033D+00   0.0000D+00   0.2295D-01   0.0000D+00   0.0000D+00   0.0000D+00   0.4470D+00   0.0000D+00   0.7184D-01   0.0000D+00   0.1646D+00   0.0000D+00
   0.0000D+00   0.0000D+00   0.0000D+00   0.0000D+00   0.0000D+00   0.0000D+00   0.0000D+00   0.0000D+00
  -0.2672D+00   0.2429D-01  -0.2314D+00   0.1411D-01   0.1512D-01  -0.1137D-01  -0.1508D+00   0.2963D-02  -0.2672D+00   0.2429D-01  -0.2314D+00   0.1411D-01
   0.3676D+00  -0.1594D-01   0.6078D-01  -0.5005D-02   0.1019D+00  -0.3206D-01   0.9195D-01   0.0000D+00   0.2251D-01   0.2223D-02  -0.2739D-02   0.7274D-02   0.3676D+00  -0.1594D-01   0.6078D-01  -0.5005D-02   0.1019D+00  -0.3206D-01
  -0.1530D-02  -0.4445D-02  -0.2230D-02  -0.5058D-02  -0.1530D-02  -0.4445D-02  -0.2230D-02  -0.5058D-02
  1.000  0.500
  -0.2999D+00   0.0000D+00  -0.2409D+00   0.0000D+00   0.0000D+00   0.0000D+00  -0.1528D+00   0.0000D+00  -0.2999D+00   0.0000D+00  -0.2409D+00   0.0000D+00
   0.4075D+00   0.0000D+00   0.6556D-01   0.0000D+00   0.1501D+00   0.0000D+00   0.9387D-01   0.0000D+00   0.2086D-01   0.0000D+00   0.0000D+00   0.0000D+00   0.4075D+00   0.0000D+00   0.6556D-01   0.0000D+00   0.1501D+00   0.0000D+00
   0.0000D+00   0.0000D+00   0.0000D+00   0.0000D+00   0.0000D+00   0.0000D+00   0.0000D+00   0.0000D+00
  -0.2600D+00   0.3041D-01  -0.2306D+00   0.1761D-01   0.1874D-01  -0.1417D-01  -0.1510D+00   0.3734D-02  -0.2600D+00   0.3041D-01  -0.2306D+00   0.1761D-01
   0.3585D+00  -0.1703D-01   0.5956D-01  -0.5346D-02   0.9626D-01  -0.3424D-01   0.9055D-01   0.0000D+00   0.2231D-01   0.2364D-02  -0.2886D-02   0.7738D-02   0.3585D+00  -0.1703D-01   0.5956D-01  -0.5346D-02   0.9626D-01  -0.3424D-01
  -0.1639D-02  -0.4751D-02  -0.2382D-02  -0.5370D-02  -0.1639D-02  -0.4751D-02  -0.2382D-02  -0.5370D-02
  1.000  1.000
  -0.2764D+00   0.0000D+00  -0.2220D+00   0.0000D+00   0.0000D+00   0.0000D+00  -0.1408D+00   0.0000D+00  -0.2764D+00   0.0000D+00  -0.2220D+00   0.0000D+00
   0.4075D+00   0.0000D+00   0.6556D-01   0.0000D+00   0.1501D+00   0.0000D+00   0.9387D-01   0.0000D+00   0.2086D-01   0.0000D+00   0.0000D+00   0.0000D+00   0.4075D+00   0.0000D+00   0.6556D-01   0.0000D+00   0.1501D+00   0.0000D+00
   0.0000D+00   0.0000D+00   0.0000D+00   0.0000D+00   0.0000D+00   0.0000D+00   0.0000D+00   0.0000D+00
  -0.2635D+00   0.2582D-01  -0.2301D+00   0.1495D-01   0.1591D-01  -0.1203D-01  -0.1499D+00   0.3170D-02  -0.2635D+00   0.2582D-01  -0.2301D+00   0.1495D-01
   0.3624D+00  -0.1569D-01   0.6005D-01  -0.4926D-02   0.1005D+00  -0.3155D-01   0.9083D-01   0.0000D+00   0.2220D-01   0.2179D-02  -0.2659D-02   0.7130D-02   0.3624D+00  -0.1569D-01   0.6005D-01  -0.4926D-02   0.1005D+00  -0.3155D-01
  -0.1510D-02  -0.4378D-02  -0.2195D-02  -0.4948D-02  -0.1510D-02  -0.4378D-02  -0.2195D-02  -0.4948D-02
  1.000  2.000
  -0.2563D+00   0.0000D+00  -0.2059D+00   0.0000D+00   0.0000D+00   0.0000D+00  -0.1306D+00   0.0000D+00  -0.2563D+00   0.0000D+00  -0.2059D+00   0.0000D+00
   0.4075D+00   0.0000D+00   0.6556D-01   0.0000D+00   0.1501D+00   0.0000D+00   0.9387D-01   0.0000D+00   0.2086D-01   0.0000D+00   0.0000D+00   0.0000D+00   0.4075D+00   0.0000D+00   0.6556D-01   0.0000D+00   0.1501D+00   0.0000D+00
   0.0000D+00   0.0000D+00   0.0000D+00   0.0000D+00   0.0000D+00   0.0000D+00   0.0000D+00   0.0000D+00
  -0.2633D+00   0.2221D-01  -0.2273D+00   0.1286D-01   0.1368D-01  -0.1035D-01  -0.1476D+00   0.2726D-02  -0.2633D+00   0.2221D-01  -0.2273D+00   0.1286D-01
   0.3658D+00  -0.1455D-01   0.6046D-01  -0.4568D-02   0.1041D+00  -0.2926D-01   0.9106D-01   0.0000D+00   0.2211D-01   0.2021D-02  -0.2466D-02   0.6612D-02   0.3658D+00  -0.1455D-01   0.6046D-01  -0.4568D-02   0.1041D+00  -0.2926D-01
  -0.1401D-02  -0.4060D-02  -0.2036D-02  -0.4589D-02  -0.1401D-02  -0.4060D-02  -0.2036D-02  -0.4589D-02
  2.000  0.500
  -0.2757D+00   0.0000D+00  -0.2211D+00   0.0000D+00   0.0000D+00   0.0000D+00  -0.1400D+00   0.0000D+00  -0.2757D+00   0.0000D+00  -0.2211D+00   0.0000D+00
   0.3730D+00   0.0000D+00   0.6013D-01   0.0000D+00   0.1379D+00   0.0000D+00   0.8580D-01   0.0000D+00   0.1907D-01   0.0000D+00   0.0000D+00   0.0000D+00   0.3730D+00   0.0000D+00   0.6013D-01   0.0000D+00   0.1379D+00   0.0000D+00
   0.0000D+00   0.0000D+00   0.0000D+00   0.0000D+00   0.0000D+00   0.0000D+00   0.0000D+00   0.0000D+00
  -0.2651D+00   0.2796D-01  -0.2327D+00   0.1614D-01   0.1711D-01  -0.1298D-01  -0.1515D+00   0.3448D-02  -0.2651D+00   0.2796D-01  -0.2327D+00   0.1614D-01
   0.3618D+00  -0.1563D-01   0.6033D-01  -0.4896D-02   0.1011D+00  -0.3137D-01   0.9070D-01   0.0000D+00   0.2220D-01   0.2162D-02  -0.2487D-02   0.7075D-02   0.3618D+00  -0.1563D-01   0.6033D-01  -0.4896D-02   0.1011D+00  -0.3137D-01
  -0.1507D-02  -0.4376D-02  -0.2187D-02  -0.4929D-02  -0.1507D-02  -0.4376D-02  -0.2187D-02  -0.4929D-02
  2.000  1.000
  -0.2541D+00   0.0000D+00  -0.2037D+00   0.0000D+00   0.0000D+00   0.0000D+00  -0.1290D+00   0.0000D+00  -0.2541D+00   0.0000D+00  -0.2037D+00   0.0000D+00
   0.3730D+00   0.0000D+00   0.6013D-01   0.0000D+00   0.1379D+00   0.0000D+00   0.8580D-01   0.0000D+00   0.1907D-01   0.0000D+00   0.0000D+00   0.0000D+00   0.3730D+00   0.0000D+00   0.6013D-01   0.0000D+00   0.1379D+00   0.0000D+00
   0.0000D+00   0.0000D+00   0.0000D+00   0.0000D+00   0.0000D+00   0.0000D+00   0.0000D+00   0.0000D+00
  -0.2644D+00   0.2374D-01  -0.2291D+00   0.1370D-01   0.1453D-01  -0.1102D-01  -0.1486D+00   0.2928D-02  -0.2644D+00   0.2374D-01  -0.2291D+00   0.1370D-01
   0.3628D+00  -0.1440D-01   0.6033D-01  -0.4511D-02   0.1040D+00  -0.2891D-01   0.9033D-01   0.0000D+00   0.2195D-01   0.1992D-02  -0.2292D-02   0.6519D-02   0.3628D+00  -0.1440D-01   0.6033D-01  -0.4511D-02   0.1040D+00  -0.2891D-01
  -0.1389D-02  -0.4032D-02  -0.2015D-02  -0.4542D-02  -0.1389D-02  -0.4032D-02  -0.2015D-02  -0.4542D-02
  2.000  2.000
  -0.2356D+00   0.0000D+00  -0.1889D+00   0.0000D+00   0.0000D+00   0.0000D+00  -0.1196D+00   0.0000D+00  -0.2356D+00   0.0000D+00  -0.1889D+00   0.0000D+00
   0.3730D+00   0.0000D+00   0.6013D-01   0.0000D+00   0.1379D+00   0.0000D+00   0.8580D-01   0.0000D+00   0.1907D-01   0.0000D+00   0.0000D+00   0.0000D+00   0.3730D+00   0.0000D+00   0.6013D-01   0.0000D+00   0.1379D+00   0.0000D+00
   0.0000D+00   0.0000D+00   0.0000D+00   0.0000D+00   0.0000D+00   0.0000D+00   0.0000D+00   0.0000D+00
  -0.2611D+00   0.2042D-01  -0.2240D+00   0.1179D-01   0.1250D-01  -0.9481D-02  -0.1449D+00   0.2518D-02  -0.2611D+00   0.2042D-01  -0.2240D+00   0.1179D-01
   0.3635D+00  -0.1336D-01   0.6032D-01  -0.4184D-02   0.1065D+00  -0.2681D-01   0.9001D-01   0.0000D+00   0.2175D-01   0.1847D-02  -0.2125D-02   0.6046D-02   0.3635D+00  -0.1336D-01   0.6032D-01  -0.4184D-02   0.1065D+00  -0.2681D-01
  -0.1288D-02  -0.3739D-02  -0.1869D-02  -0.4212D-02  -0.1288D-02  -0.3739D-02  -0.1869D-02  -0.4212D-02
