 LHC=           1 sqrts=   8000.0000000000000      ang=           4 mode=fital                                                                                               scalescheme=           1 R=  0.69999999999999996     
 CT10nlo_rand5678                                                                                               2
 Bin information: chid, chiu, md, mu, mu0
   0.0000000000000000       0.50000000000000000        330.00000000000000        362.00000000000000        346.00000000000000     
 9 scales(muf, mur)*(LO(38), NLO(38))
  0.500  0.500
  -0.1788D+01   0.0000D+00  -0.1960D+01   0.0000D+00   0.0000D+00   0.0000D+00  -0.1788D+01   0.0000D+00  -0.1788D+01   0.0000D+00  -0.1960D+01   0.0000D+00
   0.6243D+00   0.0000D+00   0.1094D+00   0.0000D+00   0.1749D+00   0.0000D+00   0.2222D+00   0.0000D+00   0.4937D-01   0.0000D+00   0.0000D+00   0.0000D+00   0.6243D+00   0.0000D+00   0.1094D+00   0.0000D+00   0.1749D+00   0.0000D+00
   0.0000D+00   0.0000D+00   0.0000D+00   0.0000D+00   0.0000D+00   0.0000D+00   0.0000D+00   0.0000D+00
  -0.1308D+01   0.2879D+00  -0.1690D+01   0.1728D+00   0.1648D+00  -0.1839D+00  -0.1656D+01   0.3618D-03  -0.1308D+01   0.2879D+00  -0.1690D+01   0.1728D+00
   0.6075D+00  -0.2198D-01   0.1091D+00  -0.8150D-02   0.1121D+00  -0.5922D-01   0.2234D+00   0.0000D+00   0.5611D-01   0.6205D-02  -0.1976D-02   0.2031D-01   0.6075D+00  -0.2198D-01   0.1091D+00  -0.8150D-02   0.1121D+00  -0.5922D-01
  -0.1677D-02  -0.7303D-02  -0.4434D-02  -0.1155D-01  -0.1677D-02  -0.7303D-02  -0.4434D-02  -0.1155D-01
  0.500  1.000
  -0.1633D+01   0.0000D+00  -0.1790D+01   0.0000D+00   0.0000D+00   0.0000D+00  -0.1633D+01   0.0000D+00  -0.1633D+01   0.0000D+00  -0.1790D+01   0.0000D+00
   0.6243D+00   0.0000D+00   0.1094D+00   0.0000D+00   0.1749D+00   0.0000D+00   0.2222D+00   0.0000D+00   0.4937D-01   0.0000D+00   0.0000D+00   0.0000D+00   0.6243D+00   0.0000D+00   0.1094D+00   0.0000D+00   0.1749D+00   0.0000D+00
   0.0000D+00   0.0000D+00   0.0000D+00   0.0000D+00   0.0000D+00   0.0000D+00   0.0000D+00   0.0000D+00
  -0.1369D+01   0.2402D+00  -0.1715D+01   0.1442D+00   0.1375D+00  -0.1534D+00  -0.1659D+01   0.3022D-03  -0.1369D+01   0.2402D+00  -0.1715D+01   0.1442D+00
   0.6094D+00  -0.2008D-01   0.1092D+00  -0.7444D-02   0.1176D+00  -0.5408D-01   0.2234D+00   0.0000D+00   0.5555D-01   0.5667D-02  -0.1802D-02   0.1855D-01   0.6094D+00  -0.2008D-01   0.1092D+00  -0.7444D-02   0.1176D+00  -0.5408D-01
  -0.1532D-02  -0.6670D-02  -0.4050D-02  -0.1055D-01  -0.1532D-02  -0.6670D-02  -0.4050D-02  -0.1055D-01
  0.500  2.000
  -0.1503D+01   0.0000D+00  -0.1648D+01   0.0000D+00   0.0000D+00   0.0000D+00  -0.1503D+01   0.0000D+00  -0.1503D+01   0.0000D+00  -0.1648D+01   0.0000D+00
   0.6243D+00   0.0000D+00   0.1094D+00   0.0000D+00   0.1749D+00   0.0000D+00   0.2222D+00   0.0000D+00   0.4937D-01   0.0000D+00   0.0000D+00   0.0000D+00   0.6243D+00   0.0000D+00   0.1094D+00   0.0000D+00   0.1749D+00   0.0000D+00
   0.0000D+00   0.0000D+00   0.0000D+00   0.0000D+00   0.0000D+00   0.0000D+00   0.0000D+00   0.0000D+00
  -0.1395D+01   0.2035D+00  -0.1711D+01   0.1222D+00   0.1165D+00  -0.1300D+00  -0.1641D+01   0.2563D-03  -0.1395D+01   0.2035D+00  -0.1711D+01   0.1222D+00
   0.6108D+00  -0.1848D-01   0.1092D+00  -0.6852D-02   0.1222D+00  -0.4979D-01   0.2234D+00   0.0000D+00   0.5508D-01   0.5217D-02  -0.1657D-02   0.1707D-01   0.6108D+00  -0.1848D-01   0.1092D+00  -0.6852D-02   0.1222D+00  -0.4979D-01
  -0.1410D-02  -0.6140D-02  -0.3728D-02  -0.9709D-02  -0.1410D-02  -0.6140D-02  -0.3728D-02  -0.9709D-02
  1.000  0.500
  -0.1700D+01   0.0000D+00  -0.1881D+01   0.0000D+00   0.0000D+00   0.0000D+00  -0.1709D+01   0.0000D+00  -0.1700D+01   0.0000D+00  -0.1881D+01   0.0000D+00
   0.5948D+00   0.0000D+00   0.1044D+00   0.0000D+00   0.1670D+00   0.0000D+00   0.2123D+00   0.0000D+00   0.4717D-01   0.0000D+00   0.0000D+00   0.0000D+00   0.5948D+00   0.0000D+00   0.1044D+00   0.0000D+00   0.1670D+00   0.0000D+00
   0.0000D+00   0.0000D+00   0.0000D+00   0.0000D+00   0.0000D+00   0.0000D+00   0.0000D+00   0.0000D+00
  -0.1327D+01   0.2756D+00  -0.1696D+01   0.1662D+00   0.1602D+00  -0.1757D+00  -0.1659D+01   0.4831D-03  -0.1327D+01   0.2756D+00  -0.1696D+01   0.1662D+00
   0.5988D+00  -0.2097D-01   0.1077D+00  -0.7761D-02   0.1120D+00  -0.5630D-01   0.2203D+00   0.0000D+00   0.5538D-01   0.5932D-02  -0.1954D-02   0.1941D-01   0.5988D+00  -0.2097D-01   0.1077D+00  -0.7761D-02   0.1120D+00  -0.5630D-01
  -0.1608D-02  -0.6951D-02  -0.4259D-02  -0.1103D-01  -0.1608D-02  -0.6951D-02  -0.4259D-02  -0.1103D-01
  1.000  1.000
  -0.1553D+01   0.0000D+00  -0.1718D+01   0.0000D+00   0.0000D+00   0.0000D+00  -0.1561D+01   0.0000D+00  -0.1553D+01   0.0000D+00  -0.1718D+01   0.0000D+00
   0.5948D+00   0.0000D+00   0.1044D+00   0.0000D+00   0.1670D+00   0.0000D+00   0.2123D+00   0.0000D+00   0.4717D-01   0.0000D+00   0.0000D+00   0.0000D+00   0.5948D+00   0.0000D+00   0.1044D+00   0.0000D+00   0.1670D+00   0.0000D+00
   0.0000D+00   0.0000D+00   0.0000D+00   0.0000D+00   0.0000D+00   0.0000D+00   0.0000D+00   0.0000D+00
  -0.1371D+01   0.2299D+00  -0.1707D+01   0.1386D+00   0.1336D+00  -0.1465D+00  -0.1649D+01   0.4035D-03  -0.1371D+01   0.2299D+00  -0.1707D+01   0.1386D+00
   0.5987D+00  -0.1915D-01   0.1075D+00  -0.7088D-02   0.1169D+00  -0.5142D-01   0.2197D+00   0.0000D+00   0.5469D-01   0.5418D-02  -0.1783D-02   0.1773D-01   0.5987D+00  -0.1915D-01   0.1075D+00  -0.7088D-02   0.1169D+00  -0.5142D-01
  -0.1469D-02  -0.6349D-02  -0.3890D-02  -0.1008D-01  -0.1469D-02  -0.6349D-02  -0.3890D-02  -0.1008D-01
  1.000  2.000
  -0.1429D+01   0.0000D+00  -0.1581D+01   0.0000D+00   0.0000D+00   0.0000D+00  -0.1436D+01   0.0000D+00  -0.1429D+01   0.0000D+00  -0.1581D+01   0.0000D+00
   0.5948D+00   0.0000D+00   0.1044D+00   0.0000D+00   0.1670D+00   0.0000D+00   0.2123D+00   0.0000D+00   0.4717D-01   0.0000D+00   0.0000D+00   0.0000D+00   0.5948D+00   0.0000D+00   0.1044D+00   0.0000D+00   0.1670D+00   0.0000D+00
   0.0000D+00   0.0000D+00   0.0000D+00   0.0000D+00   0.0000D+00   0.0000D+00   0.0000D+00   0.0000D+00
  -0.1385D+01   0.1948D+00  -0.1694D+01   0.1174D+00   0.1132D+00  -0.1242D+00  -0.1622D+01   0.3422D-03  -0.1385D+01   0.1948D+00  -0.1694D+01   0.1174D+00
   0.5987D+00  -0.1763D-01   0.1073D+00  -0.6525D-02   0.1209D+00  -0.4734D-01   0.2191D+00   0.0000D+00   0.5411D-01   0.4987D-02  -0.1640D-02   0.1632D-01   0.5987D+00  -0.1763D-01   0.1073D+00  -0.6525D-02   0.1209D+00  -0.4734D-01
  -0.1352D-02  -0.5844D-02  -0.3581D-02  -0.9275D-02  -0.1352D-02  -0.5844D-02  -0.3581D-02  -0.9275D-02
  2.000  0.500
  -0.1621D+01   0.0000D+00  -0.1805D+01   0.0000D+00   0.0000D+00   0.0000D+00  -0.1638D+01   0.0000D+00  -0.1621D+01   0.0000D+00  -0.1805D+01   0.0000D+00
   0.5690D+00   0.0000D+00   0.1000D+00   0.0000D+00   0.1593D+00   0.0000D+00   0.2031D+00   0.0000D+00   0.4513D-01   0.0000D+00   0.0000D+00   0.0000D+00   0.5690D+00   0.0000D+00   0.1000D+00   0.0000D+00   0.1593D+00   0.0000D+00
   0.0000D+00   0.0000D+00   0.0000D+00   0.0000D+00   0.0000D+00   0.0000D+00   0.0000D+00   0.0000D+00
  -0.1348D+01   0.2643D+00  -0.1712D+01   0.1585D+00   0.1503D+00  -0.1684D+00  -0.1679D+01   0.6041D-03  -0.1348D+01   0.2643D+00  -0.1712D+01   0.1585D+00
   0.5962D+00  -0.2001D-01   0.1072D+00  -0.7430D-02   0.1141D+00  -0.5397D-01   0.2202D+00   0.0000D+00   0.5493D-01   0.5672D-02  -0.1786D-02   0.1856D-01   0.5962D+00  -0.2001D-01   0.1072D+00  -0.7430D-02   0.1141D+00  -0.5397D-01
  -0.1540D-02  -0.6690D-02  -0.4086D-02  -0.1053D-01  -0.1540D-02  -0.6690D-02  -0.4086D-02  -0.1053D-01
  2.000  1.000
  -0.1481D+01   0.0000D+00  -0.1648D+01   0.0000D+00   0.0000D+00   0.0000D+00  -0.1496D+01   0.0000D+00  -0.1481D+01   0.0000D+00  -0.1648D+01   0.0000D+00
   0.5690D+00   0.0000D+00   0.1000D+00   0.0000D+00   0.1593D+00   0.0000D+00   0.2031D+00   0.0000D+00   0.4513D-01   0.0000D+00   0.0000D+00   0.0000D+00   0.5690D+00   0.0000D+00   0.1000D+00   0.0000D+00   0.1593D+00   0.0000D+00
   0.0000D+00   0.0000D+00   0.0000D+00   0.0000D+00   0.0000D+00   0.0000D+00   0.0000D+00   0.0000D+00
  -0.1377D+01   0.2205D+00  -0.1709D+01   0.1322D+00   0.1254D+00  -0.1405D+00  -0.1655D+01   0.5043D-03  -0.1377D+01   0.2205D+00  -0.1709D+01   0.1322D+00
   0.5943D+00  -0.1827D-01   0.1067D+00  -0.6786D-02   0.1182D+00  -0.4929D-01   0.2188D+00   0.0000D+00   0.5411D-01   0.5180D-02  -0.1629D-02   0.1695D-01   0.5943D+00  -0.1827D-01   0.1067D+00  -0.6786D-02   0.1182D+00  -0.4929D-01
  -0.1406D-02  -0.6110D-02  -0.3732D-02  -0.9620D-02  -0.1406D-02  -0.6110D-02  -0.3732D-02  -0.9620D-02
  2.000  2.000
  -0.1363D+01   0.0000D+00  -0.1517D+01   0.0000D+00   0.0000D+00   0.0000D+00  -0.1377D+01   0.0000D+00  -0.1363D+01   0.0000D+00  -0.1517D+01   0.0000D+00
   0.5690D+00   0.0000D+00   0.1000D+00   0.0000D+00   0.1593D+00   0.0000D+00   0.2031D+00   0.0000D+00   0.4513D-01   0.0000D+00   0.0000D+00   0.0000D+00   0.5690D+00   0.0000D+00   0.1000D+00   0.0000D+00   0.1593D+00   0.0000D+00
   0.0000D+00   0.0000D+00   0.0000D+00   0.0000D+00   0.0000D+00   0.0000D+00   0.0000D+00   0.0000D+00
  -0.1380D+01   0.1868D+00  -0.1686D+01   0.1120D+00   0.1062D+00  -0.1190D+00  -0.1618D+01   0.4277D-03  -0.1380D+01   0.1868D+00  -0.1686D+01   0.1120D+00
   0.5924D+00  -0.1682D-01   0.1062D+00  -0.6246D-02   0.1215D+00  -0.4537D-01   0.2176D+00   0.0000D+00   0.5341D-01   0.4769D-02  -0.1498D-02   0.1561D-01   0.5924D+00  -0.1682D-01   0.1062D+00  -0.6246D-02   0.1215D+00  -0.4537D-01
  -0.1295D-02  -0.5624D-02  -0.3435D-02  -0.8856D-02  -0.1295D-02  -0.5624D-02  -0.3435D-02  -0.8856D-02
