 LHC=           1 sqrts=   8000.0000000000000      ang=           4 mode=fital                                                                                               scalescheme=           1 R=  0.69999999999999996     
 CT10nlo_rand5678                                                                                             346
 Bin information: chid, chiu, md, mu, mu0
   0.0000000000000000       0.50000000000000000        196.00000000000000        220.00000000000000        208.00000000000000     
 9 scales(muf, mur)*(LO(38), NLO(38))
  0.500  0.500
  -0.4080D+01   0.0000D+00  -0.5606D+01   0.0000D+00   0.0000D+00   0.0000D+00  -0.5672D+01   0.0000D+00  -0.4080D+01   0.0000D+00  -0.5606D+01   0.0000D+00
   0.5800D+00   0.0000D+00   0.1059D+00   0.0000D+00   0.1392D+00   0.0000D+00   0.2403D+00   0.0000D+00   0.5339D-01   0.0000D+00   0.0000D+00   0.0000D+00   0.5800D+00   0.0000D+00   0.1059D+00   0.0000D+00   0.1392D+00   0.0000D+00
   0.0000D+00   0.0000D+00   0.0000D+00   0.0000D+00   0.0000D+00   0.0000D+00   0.0000D+00   0.0000D+00
  -0.2859D+01   0.8984D+00  -0.4732D+01   0.5414D+00   0.4445D+00  -0.6265D+00  -0.5197D+01  -0.4131D-01  -0.2859D+01   0.8984D+00  -0.4732D+01   0.5414D+00
   0.6870D+00  -0.1875D-01   0.1269D+00  -0.7795D-02   0.1104D+00  -0.6047D-01   0.2792D+00   0.0000D+00   0.7059D-01   0.7199D-02   0.4326D-03   0.2356D-01   0.6870D+00  -0.1875D-01   0.1269D+00  -0.7795D-02   0.1104D+00  -0.6047D-01
  -0.1085D-02  -0.6826D-02  -0.4398D-02  -0.1257D-01  -0.1085D-02  -0.6826D-02  -0.4398D-02  -0.1257D-01
  0.500  1.000
  -0.3702D+01   0.0000D+00  -0.5086D+01   0.0000D+00   0.0000D+00   0.0000D+00  -0.5146D+01   0.0000D+00  -0.3702D+01   0.0000D+00  -0.5086D+01   0.0000D+00
   0.5800D+00   0.0000D+00   0.1059D+00   0.0000D+00   0.1392D+00   0.0000D+00   0.2403D+00   0.0000D+00   0.5339D-01   0.0000D+00   0.0000D+00   0.0000D+00   0.5800D+00   0.0000D+00   0.1059D+00   0.0000D+00   0.1392D+00   0.0000D+00
   0.0000D+00   0.0000D+00   0.0000D+00   0.0000D+00   0.0000D+00   0.0000D+00   0.0000D+00   0.0000D+00
  -0.3028D+01   0.7395D+00  -0.4822D+01   0.4457D+00   0.3657D+00  -0.5157D+00  -0.5215D+01  -0.3400D-01  -0.3028D+01   0.7395D+00  -0.4822D+01   0.4457D+00
   0.6779D+00  -0.1702D-01   0.1251D+00  -0.7072D-02   0.1133D+00  -0.5487D-01   0.2758D+00   0.0000D+00   0.6906D-01   0.6532D-02   0.4028D-03   0.2138D-01   0.6779D+00  -0.1702D-01   0.1251D+00  -0.7072D-02   0.1133D+00  -0.5487D-01
  -0.9848D-03  -0.6193D-02  -0.3990D-02  -0.1140D-01  -0.9848D-03  -0.6193D-02  -0.3990D-02  -0.1140D-01
  0.500  2.000
  -0.3388D+01   0.0000D+00  -0.4656D+01   0.0000D+00   0.0000D+00   0.0000D+00  -0.4710D+01   0.0000D+00  -0.3388D+01   0.0000D+00  -0.4656D+01   0.0000D+00
   0.5800D+00   0.0000D+00   0.1059D+00   0.0000D+00   0.1392D+00   0.0000D+00   0.2403D+00   0.0000D+00   0.5339D-01   0.0000D+00   0.0000D+00   0.0000D+00   0.5800D+00   0.0000D+00   0.1059D+00   0.0000D+00   0.1392D+00   0.0000D+00
   0.0000D+00   0.0000D+00   0.0000D+00   0.0000D+00   0.0000D+00   0.0000D+00   0.0000D+00   0.0000D+00
  -0.3101D+01   0.6197D+00  -0.4815D+01   0.3734D+00   0.3064D+00  -0.4321D+00  -0.5153D+01  -0.2849D-01  -0.3101D+01   0.6197D+00  -0.4815D+01   0.3734D+00
   0.6703D+00  -0.1558D-01   0.1236D+00  -0.6474D-02   0.1156D+00  -0.5023D-01   0.2730D+00   0.0000D+00   0.6779D-01   0.5979D-02   0.3768D-03   0.1957D-01   0.6703D+00  -0.1558D-01   0.1236D+00  -0.6474D-02   0.1156D+00  -0.5023D-01
  -0.9014D-03  -0.5669D-02  -0.3653D-02  -0.1044D-01  -0.9014D-03  -0.5669D-02  -0.3653D-02  -0.1044D-01
  1.000  0.500
  -0.3972D+01   0.0000D+00  -0.5558D+01   0.0000D+00   0.0000D+00   0.0000D+00  -0.5576D+01   0.0000D+00  -0.3972D+01   0.0000D+00  -0.5558D+01   0.0000D+00
   0.5738D+00   0.0000D+00   0.1046D+00   0.0000D+00   0.1357D+00   0.0000D+00   0.2362D+00   0.0000D+00   0.5250D-01   0.0000D+00   0.0000D+00   0.0000D+00   0.5738D+00   0.0000D+00   0.1046D+00   0.0000D+00   0.1357D+00   0.0000D+00
   0.0000D+00   0.0000D+00   0.0000D+00   0.0000D+00   0.0000D+00   0.0000D+00   0.0000D+00   0.0000D+00
  -0.2832D+01   0.8876D+00  -0.4759D+01   0.5352D+00   0.4386D+00  -0.6176D+00  -0.5185D+01  -0.4015D-01  -0.2832D+01   0.8876D+00  -0.4759D+01   0.5352D+00
   0.6748D+00  -0.1832D-01   0.1249D+00  -0.7653D-02   0.1068D+00  -0.5960D-01   0.2719D+00   0.0000D+00   0.6903D-01   0.7083D-02   0.6536D-03   0.2318D-01   0.6748D+00  -0.1832D-01   0.1249D+00  -0.7653D-02   0.1068D+00  -0.5960D-01
  -0.1074D-02  -0.6788D-02  -0.4376D-02  -0.1239D-01  -0.1074D-02  -0.6788D-02  -0.4376D-02  -0.1239D-01
  1.000  1.000
  -0.3604D+01   0.0000D+00  -0.5042D+01   0.0000D+00   0.0000D+00   0.0000D+00  -0.5059D+01   0.0000D+00  -0.3604D+01   0.0000D+00  -0.5042D+01   0.0000D+00
   0.5738D+00   0.0000D+00   0.1046D+00   0.0000D+00   0.1357D+00   0.0000D+00   0.2362D+00   0.0000D+00   0.5250D-01   0.0000D+00   0.0000D+00   0.0000D+00   0.5738D+00   0.0000D+00   0.1046D+00   0.0000D+00   0.1357D+00   0.0000D+00
   0.0000D+00   0.0000D+00   0.0000D+00   0.0000D+00   0.0000D+00   0.0000D+00   0.0000D+00   0.0000D+00
  -0.2988D+01   0.7306D+00  -0.4836D+01   0.4405D+00   0.3609D+00  -0.5084D+00  -0.5189D+01  -0.3305D-01  -0.2988D+01   0.7306D+00  -0.4836D+01   0.4405D+00
   0.6662D+00  -0.1662D-01   0.1232D+00  -0.6943D-02   0.1097D+00  -0.5408D-01   0.2688D+00   0.0000D+00   0.6756D-01   0.6427D-02   0.6027D-03   0.2103D-01   0.6662D+00  -0.1662D-01   0.1232D+00  -0.6943D-02   0.1097D+00  -0.5408D-01
  -0.9741D-03  -0.6159D-02  -0.3970D-02  -0.1124D-01  -0.9741D-03  -0.6159D-02  -0.3970D-02  -0.1124D-01
  1.000  2.000
  -0.3299D+01   0.0000D+00  -0.4616D+01   0.0000D+00   0.0000D+00   0.0000D+00  -0.4631D+01   0.0000D+00  -0.3299D+01   0.0000D+00  -0.4616D+01   0.0000D+00
   0.5738D+00   0.0000D+00   0.1046D+00   0.0000D+00   0.1357D+00   0.0000D+00   0.2362D+00   0.0000D+00   0.5250D-01   0.0000D+00   0.0000D+00   0.0000D+00   0.5738D+00   0.0000D+00   0.1046D+00   0.0000D+00   0.1357D+00   0.0000D+00
   0.0000D+00   0.0000D+00   0.0000D+00   0.0000D+00   0.0000D+00   0.0000D+00   0.0000D+00   0.0000D+00
  -0.3053D+01   0.6122D+00  -0.4820D+01   0.3691D+00   0.3024D+00  -0.4260D+00  -0.5119D+01  -0.2769D-01  -0.3053D+01   0.6122D+00  -0.4820D+01   0.3691D+00
   0.6590D+00  -0.1521D-01   0.1217D+00  -0.6356D-02   0.1121D+00  -0.4950D-01   0.2662D+00   0.0000D+00   0.6633D-01   0.5883D-02   0.5592D-03   0.1925D-01   0.6590D+00  -0.1521D-01   0.1217D+00  -0.6356D-02   0.1121D+00  -0.4950D-01
  -0.8916D-03  -0.5638D-02  -0.3634D-02  -0.1029D-01  -0.8916D-03  -0.5638D-02  -0.3634D-02  -0.1029D-01
  2.000  0.500
  -0.3888D+01   0.0000D+00  -0.5468D+01   0.0000D+00   0.0000D+00   0.0000D+00  -0.5497D+01   0.0000D+00  -0.3888D+01   0.0000D+00  -0.5468D+01   0.0000D+00
   0.5634D+00   0.0000D+00   0.1027D+00   0.0000D+00   0.1328D+00   0.0000D+00   0.2315D+00   0.0000D+00   0.5144D-01   0.0000D+00   0.0000D+00   0.0000D+00   0.5634D+00   0.0000D+00   0.1027D+00   0.0000D+00   0.1328D+00   0.0000D+00
   0.0000D+00   0.0000D+00   0.0000D+00   0.0000D+00   0.0000D+00   0.0000D+00   0.0000D+00   0.0000D+00
  -0.2914D+01   0.8767D+00  -0.4808D+01   0.5250D+00   0.4330D+00  -0.6074D+00  -0.5310D+01  -0.3948D-01  -0.2914D+01   0.8767D+00  -0.4808D+01   0.5250D+00
   0.6684D+00  -0.1795D-01   0.1236D+00  -0.7490D-02   0.1067D+00  -0.5821D-01   0.2709D+00   0.0000D+00   0.6834D-01   0.6949D-02   0.5593D-03   0.2274D-01   0.6684D+00  -0.1795D-01   0.1236D+00  -0.7490D-02   0.1067D+00  -0.5821D-01
  -0.1052D-02  -0.6438D-02  -0.4320D-02  -0.1219D-01  -0.1052D-02  -0.6438D-02  -0.4320D-02  -0.1219D-01
  2.000  1.000
  -0.3527D+01   0.0000D+00  -0.4960D+01   0.0000D+00   0.0000D+00   0.0000D+00  -0.4987D+01   0.0000D+00  -0.3527D+01   0.0000D+00  -0.4960D+01   0.0000D+00
   0.5634D+00   0.0000D+00   0.1027D+00   0.0000D+00   0.1328D+00   0.0000D+00   0.2315D+00   0.0000D+00   0.5144D-01   0.0000D+00   0.0000D+00   0.0000D+00   0.5634D+00   0.0000D+00   0.1027D+00   0.0000D+00   0.1328D+00   0.0000D+00
   0.0000D+00   0.0000D+00   0.0000D+00   0.0000D+00   0.0000D+00   0.0000D+00   0.0000D+00   0.0000D+00
  -0.3035D+01   0.7216D+00  -0.4855D+01   0.4321D+00   0.3563D+00  -0.5000D+00  -0.5274D+01  -0.3249D-01  -0.3035D+01   0.7216D+00  -0.4855D+01   0.4321D+00
   0.6531D+00  -0.1628D-01   0.1207D+00  -0.6796D-02   0.1074D+00  -0.5282D-01   0.2662D+00   0.0000D+00   0.6644D-01   0.6305D-02   0.4954D-03   0.2063D-01   0.6531D+00  -0.1628D-01   0.1207D+00  -0.6796D-02   0.1074D+00  -0.5282D-01
  -0.9546D-03  -0.5841D-02  -0.3920D-02  -0.1106D-01  -0.9546D-03  -0.5841D-02  -0.3920D-02  -0.1106D-01
  2.000  2.000
  -0.3229D+01   0.0000D+00  -0.4541D+01   0.0000D+00   0.0000D+00   0.0000D+00  -0.4565D+01   0.0000D+00  -0.3229D+01   0.0000D+00  -0.4541D+01   0.0000D+00
   0.5634D+00   0.0000D+00   0.1027D+00   0.0000D+00   0.1328D+00   0.0000D+00   0.2315D+00   0.0000D+00   0.5144D-01   0.0000D+00   0.0000D+00   0.0000D+00   0.5634D+00   0.0000D+00   0.1027D+00   0.0000D+00   0.1328D+00   0.0000D+00
   0.0000D+00   0.0000D+00   0.0000D+00   0.0000D+00   0.0000D+00   0.0000D+00   0.0000D+00   0.0000D+00
  -0.3080D+01   0.6046D+00  -0.4823D+01   0.3621D+00   0.2985D+00  -0.4189D+00  -0.5179D+01  -0.2722D-01  -0.3080D+01   0.6046D+00  -0.4823D+01   0.3621D+00
   0.6462D+00  -0.1490D-01   0.1193D+00  -0.6221D-02   0.1097D+00  -0.4835D-01   0.2635D+00   0.0000D+00   0.6523D-01   0.5771D-02   0.4604D-03   0.1889D-01   0.6462D+00  -0.1490D-01   0.1193D+00  -0.6221D-02   0.1097D+00  -0.4835D-01
  -0.8738D-03  -0.5347D-02  -0.3588D-02  -0.1012D-01  -0.8738D-03  -0.5347D-02  -0.3588D-02  -0.1012D-01
