 LHC=           1 sqrts=   8000.0000000000000      ang=           4 mode=fital                                                                                               scalescheme=           1 R=  0.69999999999999996     
 CT10nlo_rand5678                                                                                             247
 Bin information: chid, chiu, md, mu, mu0
   0.0000000000000000       0.50000000000000000        638.00000000000000        686.00000000000000        662.00000000000000     
 9 scales(muf, mur)*(LO(38), NLO(38))
  0.500  0.500
  -0.4706D+00   0.0000D+00  -0.4058D+00   0.0000D+00   0.0000D+00   0.0000D+00  -0.2841D+00   0.0000D+00  -0.4706D+00   0.0000D+00  -0.4058D+00   0.0000D+00
   0.5130D+00   0.0000D+00   0.8465D-01   0.0000D+00   0.1768D+00   0.0000D+00   0.1348D+00   0.0000D+00   0.2996D-01   0.0000D+00   0.0000D+00   0.0000D+00   0.5130D+00   0.0000D+00   0.8465D-01   0.0000D+00   0.1768D+00   0.0000D+00
   0.0000D+00   0.0000D+00   0.0000D+00   0.0000D+00   0.0000D+00   0.0000D+00   0.0000D+00   0.0000D+00
  -0.3605D+00   0.5277D-01  -0.3527D+00   0.3079D-01   0.3257D-01  -0.2681D-01  -0.2589D+00   0.4949D-02  -0.3605D+00   0.5277D-01  -0.3527D+00   0.3079D-01
   0.4200D+00  -0.2039D-01   0.7144D-01  -0.6660D-02   0.9722D-01  -0.4417D-01   0.1203D+00   0.0000D+00   0.2999D-01   0.3457D-02  -0.3051D-02   0.1131D-01   0.4200D+00  -0.2039D-01   0.7144D-01  -0.6660D-02   0.9722D-01  -0.4417D-01
  -0.1898D-02  -0.5869D-02  -0.3160D-02  -0.7379D-02  -0.1898D-02  -0.5869D-02  -0.3160D-02  -0.7379D-02
  0.500  1.000
  -0.4330D+00   0.0000D+00  -0.3734D+00   0.0000D+00   0.0000D+00   0.0000D+00  -0.2614D+00   0.0000D+00  -0.4330D+00   0.0000D+00  -0.3734D+00   0.0000D+00
   0.5130D+00   0.0000D+00   0.8465D-01   0.0000D+00   0.1768D+00   0.0000D+00   0.1348D+00   0.0000D+00   0.2996D-01   0.0000D+00   0.0000D+00   0.0000D+00   0.5130D+00   0.0000D+00   0.8465D-01   0.0000D+00   0.1768D+00   0.0000D+00
   0.0000D+00   0.0000D+00   0.0000D+00   0.0000D+00   0.0000D+00   0.0000D+00   0.0000D+00   0.0000D+00
  -0.3732D+00   0.4468D-01  -0.3572D+00   0.2607D-01   0.2757D-01  -0.2270D-01  -0.2602D+00   0.4190D-02  -0.3732D+00   0.4468D-01  -0.3572D+00   0.2607D-01
   0.4275D+00  -0.1877D-01   0.7252D-01  -0.6128D-02   0.1036D+00  -0.4064D-01   0.1215D+00   0.0000D+00   0.2999D-01   0.3181D-02  -0.2808D-02   0.1041D-01   0.4275D+00  -0.1877D-01   0.7252D-01  -0.6128D-02   0.1036D+00  -0.4064D-01
  -0.1746D-02  -0.5400D-02  -0.2907D-02  -0.6790D-02  -0.1746D-02  -0.5400D-02  -0.2907D-02  -0.6790D-02
  0.500  2.000
  -0.4011D+00   0.0000D+00  -0.3458D+00   0.0000D+00   0.0000D+00   0.0000D+00  -0.2421D+00   0.0000D+00  -0.4011D+00   0.0000D+00  -0.3458D+00   0.0000D+00
   0.5130D+00   0.0000D+00   0.8465D-01   0.0000D+00   0.1768D+00   0.0000D+00   0.1348D+00   0.0000D+00   0.2996D-01   0.0000D+00   0.0000D+00   0.0000D+00   0.5130D+00   0.0000D+00   0.8465D-01   0.0000D+00   0.1768D+00   0.0000D+00
   0.0000D+00   0.0000D+00   0.0000D+00   0.0000D+00   0.0000D+00   0.0000D+00   0.0000D+00   0.0000D+00
  -0.3785D+00   0.3833D-01  -0.3567D+00   0.2236D-01   0.2366D-01  -0.1947D-01  -0.2584D+00   0.3594D-02  -0.3785D+00   0.3833D-01  -0.3567D+00   0.2236D-01
   0.4339D+00  -0.1738D-01   0.7343D-01  -0.5676D-02   0.1090D+00  -0.3764D-01   0.1225D+00   0.0000D+00   0.2999D-01   0.2946D-02  -0.2601D-02   0.9642D-02   0.4339D+00  -0.1738D-01   0.7343D-01  -0.5676D-02   0.1090D+00  -0.3764D-01
  -0.1617D-02  -0.5002D-02  -0.2693D-02  -0.6289D-02  -0.1617D-02  -0.5002D-02  -0.2693D-02  -0.6289D-02
  1.000  0.500
  -0.4330D+00   0.0000D+00  -0.3739D+00   0.0000D+00   0.0000D+00   0.0000D+00  -0.2604D+00   0.0000D+00  -0.4330D+00   0.0000D+00  -0.3739D+00   0.0000D+00
   0.4720D+00   0.0000D+00   0.7782D-01   0.0000D+00   0.1624D+00   0.0000D+00   0.1236D+00   0.0000D+00   0.2747D-01   0.0000D+00   0.0000D+00   0.0000D+00   0.4720D+00   0.0000D+00   0.7782D-01   0.0000D+00   0.1624D+00   0.0000D+00
   0.0000D+00   0.0000D+00   0.0000D+00   0.0000D+00   0.0000D+00   0.0000D+00   0.0000D+00   0.0000D+00
  -0.3648D+00   0.4858D-01  -0.3556D+00   0.2827D-01   0.3009D-01  -0.2459D-01  -0.2586D+00   0.4598D-02  -0.3648D+00   0.4858D-01  -0.3556D+00   0.2827D-01
   0.4234D+00  -0.1875D-01   0.7195D-01  -0.6125D-02   0.1015D+00  -0.4056D-01   0.1204D+00   0.0000D+00   0.2976D-01   0.3170D-02  -0.2779D-02   0.1037D-01   0.4234D+00  -0.1875D-01   0.7195D-01  -0.6125D-02   0.1015D+00  -0.4056D-01
  -0.1745D-02  -0.5401D-02  -0.2909D-02  -0.6771D-02  -0.1745D-02  -0.5401D-02  -0.2909D-02  -0.6771D-02
  1.000  1.000
  -0.3984D+00   0.0000D+00  -0.3441D+00   0.0000D+00   0.0000D+00   0.0000D+00  -0.2396D+00   0.0000D+00  -0.3984D+00   0.0000D+00  -0.3441D+00   0.0000D+00
   0.4720D+00   0.0000D+00   0.7782D-01   0.0000D+00   0.1624D+00   0.0000D+00   0.1236D+00   0.0000D+00   0.2747D-01   0.0000D+00   0.0000D+00   0.0000D+00   0.4720D+00   0.0000D+00   0.7782D-01   0.0000D+00   0.1624D+00   0.0000D+00
   0.0000D+00   0.0000D+00   0.0000D+00   0.0000D+00   0.0000D+00   0.0000D+00   0.0000D+00   0.0000D+00
  -0.3714D+00   0.4113D-01  -0.3551D+00   0.2394D-01   0.2548D-01  -0.2081D-01  -0.2566D+00   0.3893D-02  -0.3714D+00   0.4113D-01  -0.3551D+00   0.2394D-01
   0.4273D+00  -0.1725D-01   0.7244D-01  -0.5636D-02   0.1064D+00  -0.3732D-01   0.1206D+00   0.0000D+00   0.2958D-01   0.2917D-02  -0.2557D-02   0.9546D-02   0.4273D+00  -0.1725D-01   0.7244D-01  -0.5636D-02   0.1064D+00  -0.3732D-01
  -0.1605D-02  -0.4969D-02  -0.2677D-02  -0.6230D-02  -0.1605D-02  -0.4969D-02  -0.2677D-02  -0.6230D-02
  1.000  2.000
  -0.3690D+00   0.0000D+00  -0.3187D+00   0.0000D+00   0.0000D+00   0.0000D+00  -0.2219D+00   0.0000D+00  -0.3690D+00   0.0000D+00  -0.3187D+00   0.0000D+00
   0.4720D+00   0.0000D+00   0.7782D-01   0.0000D+00   0.1624D+00   0.0000D+00   0.1236D+00   0.0000D+00   0.2747D-01   0.0000D+00   0.0000D+00   0.0000D+00   0.4720D+00   0.0000D+00   0.7782D-01   0.0000D+00   0.1624D+00   0.0000D+00
   0.0000D+00   0.0000D+00   0.0000D+00   0.0000D+00   0.0000D+00   0.0000D+00   0.0000D+00   0.0000D+00
  -0.3722D+00   0.3528D-01  -0.3510D+00   0.2054D-01   0.2186D-01  -0.1786D-01  -0.2524D+00   0.3339D-02  -0.3722D+00   0.3528D-01  -0.3510D+00   0.2054D-01
   0.4307D+00  -0.1598D-01   0.7285D-01  -0.5220D-02   0.1106D+00  -0.3457D-01   0.1209D+00   0.0000D+00   0.2943D-01   0.2702D-02  -0.2368D-02   0.8841D-02   0.4307D+00  -0.1598D-01   0.7285D-01  -0.5220D-02   0.1106D+00  -0.3457D-01
  -0.1487D-02  -0.4603D-02  -0.2479D-02  -0.5771D-02  -0.1487D-02  -0.4603D-02  -0.2479D-02  -0.5771D-02
  2.000  0.500
  -0.4005D+00   0.0000D+00  -0.3469D+00   0.0000D+00   0.0000D+00   0.0000D+00  -0.2400D+00   0.0000D+00  -0.4005D+00   0.0000D+00  -0.3469D+00   0.0000D+00
   0.4360D+00   0.0000D+00   0.7191D-01   0.0000D+00   0.1504D+00   0.0000D+00   0.1139D+00   0.0000D+00   0.2531D-01   0.0000D+00   0.0000D+00   0.0000D+00   0.4360D+00   0.0000D+00   0.7191D-01   0.0000D+00   0.1504D+00   0.0000D+00
   0.0000D+00   0.0000D+00   0.0000D+00   0.0000D+00   0.0000D+00   0.0000D+00   0.0000D+00   0.0000D+00
  -0.3749D+00   0.4509D-01  -0.3589D+00   0.2615D-01   0.2741D-01  -0.2266D-01  -0.2586D+00   0.4292D-02  -0.3749D+00   0.4509D-01  -0.3589D+00   0.2615D-01
   0.4268D+00  -0.1735D-01   0.7258D-01  -0.5666D-02   0.1072D+00  -0.3739D-01   0.1206D+00   0.0000D+00   0.2956D-01   0.2921D-02  -0.2541D-02   0.9559D-02   0.4268D+00  -0.1735D-01   0.7258D-01  -0.5666D-02   0.1072D+00  -0.3739D-01
  -0.1619D-02  -0.4974D-02  -0.2695D-02  -0.6242D-02  -0.1619D-02  -0.4974D-02  -0.2695D-02  -0.6242D-02
  2.000  1.000
  -0.3685D+00   0.0000D+00  -0.3192D+00   0.0000D+00   0.0000D+00   0.0000D+00  -0.2208D+00   0.0000D+00  -0.3685D+00   0.0000D+00  -0.3192D+00   0.0000D+00
   0.4360D+00   0.0000D+00   0.7191D-01   0.0000D+00   0.1504D+00   0.0000D+00   0.1139D+00   0.0000D+00   0.2531D-01   0.0000D+00   0.0000D+00   0.0000D+00   0.4360D+00   0.0000D+00   0.7191D-01   0.0000D+00   0.1504D+00   0.0000D+00
   0.0000D+00   0.0000D+00   0.0000D+00   0.0000D+00   0.0000D+00   0.0000D+00   0.0000D+00   0.0000D+00
  -0.3753D+00   0.3817D-01  -0.3540D+00   0.2214D-01   0.2321D-01  -0.1919D-01  -0.2537D+00   0.3634D-02  -0.3753D+00   0.3817D-01  -0.3540D+00   0.2214D-01
   0.4276D+00  -0.1596D-01   0.7254D-01  -0.5213D-02   0.1107D+00  -0.3440D-01   0.1201D+00   0.0000D+00   0.2922D-01   0.2687D-02  -0.2338D-02   0.8796D-02   0.4276D+00  -0.1596D-01   0.7254D-01  -0.5213D-02   0.1107D+00  -0.3440D-01
  -0.1490D-02  -0.4577D-02  -0.2479D-02  -0.5743D-02  -0.1490D-02  -0.4577D-02  -0.2479D-02  -0.5743D-02
  2.000  2.000
  -0.3413D+00   0.0000D+00  -0.2957D+00   0.0000D+00   0.0000D+00   0.0000D+00  -0.2045D+00   0.0000D+00  -0.3413D+00   0.0000D+00  -0.2957D+00   0.0000D+00
   0.4360D+00   0.0000D+00   0.7191D-01   0.0000D+00   0.1504D+00   0.0000D+00   0.1139D+00   0.0000D+00   0.2531D-01   0.0000D+00   0.0000D+00   0.0000D+00   0.4360D+00   0.0000D+00   0.7191D-01   0.0000D+00   0.1504D+00   0.0000D+00
   0.0000D+00   0.0000D+00   0.0000D+00   0.0000D+00   0.0000D+00   0.0000D+00   0.0000D+00   0.0000D+00
  -0.3716D+00   0.3275D-01  -0.3467D+00   0.1899D-01   0.1991D-01  -0.1646D-01  -0.2473D+00   0.3118D-02  -0.3716D+00   0.3275D-01  -0.3467D+00   0.1899D-01
   0.4283D+00  -0.1479D-01   0.7250D-01  -0.4829D-02   0.1137D+00  -0.3186D-01   0.1196D+00   0.0000D+00   0.2894D-01   0.2489D-02  -0.2165D-02   0.8147D-02   0.4283D+00  -0.1479D-01   0.7250D-01  -0.4829D-02   0.1137D+00  -0.3186D-01
  -0.1380D-02  -0.4239D-02  -0.2296D-02  -0.5319D-02  -0.1380D-02  -0.4239D-02  -0.2296D-02  -0.5319D-02
