 LHC=           1 sqrts=   8000.0000000000000      ang=           4 mode=fital                                                                                               scalescheme=           1 R=  0.69999999999999996     
 CT10nlo_rand5678                                                                                             444
 Bin information: chid, chiu, md, mu, mu0
   0.0000000000000000       0.50000000000000000        56.000000000000000        64.000000000000000        60.000000000000000     
 9 scales(muf, mur)*(LO(38), NLO(38))
  0.500  0.500
  -0.1852D+02   0.0000D+00  -0.3385D+02   0.0000D+00   0.0000D+00   0.0000D+00  -0.3591D+02   0.0000D+00  -0.1852D+02   0.0000D+00  -0.3385D+02   0.0000D+00
   0.2131D+00   0.0000D+00   0.4115D-01   0.0000D+00   0.4461D-01   0.0000D+00   0.1005D+00   0.0000D+00   0.2232D-01   0.0000D+00   0.0000D+00   0.0000D+00   0.2131D+00   0.0000D+00   0.4115D-01   0.0000D+00   0.4461D-01   0.0000D+00
   0.0000D+00   0.0000D+00   0.0000D+00   0.0000D+00   0.0000D+00   0.0000D+00   0.0000D+00   0.0000D+00
  -0.1270D+02   0.6678D+01  -0.2666D+02   0.4001D+01   0.3466D+01  -0.4940D+01  -0.3219D+02  -0.4655D+00  -0.1270D+02   0.6678D+01  -0.2666D+02   0.4001D+01
   0.6215D+00  -0.7441D-02   0.1180D+00  -0.3455D-02   0.1016D+00  -0.2818D-01   0.2483D+00   0.0000D+00   0.6799D-01   0.3618D-02   0.8651D-02   0.1184D-01   0.6215D+00  -0.7441D-02   0.1180D+00  -0.3455D-02   0.1016D+00  -0.2818D-01
  -0.1197D-03  -0.2401D-02  -0.1684D-02  -0.6227D-02  -0.1197D-03  -0.2401D-02  -0.1684D-02  -0.6227D-02
  0.500  1.000
  -0.1644D+02   0.0000D+00  -0.3005D+02   0.0000D+00   0.0000D+00   0.0000D+00  -0.3188D+02   0.0000D+00  -0.1644D+02   0.0000D+00  -0.3005D+02   0.0000D+00
   0.2131D+00   0.0000D+00   0.4115D-01   0.0000D+00   0.4461D-01   0.0000D+00   0.1005D+00   0.0000D+00   0.2232D-01   0.0000D+00   0.0000D+00   0.0000D+00   0.2131D+00   0.0000D+00   0.4115D-01   0.0000D+00   0.4461D-01   0.0000D+00
   0.0000D+00   0.0000D+00   0.0000D+00   0.0000D+00   0.0000D+00   0.0000D+00   0.0000D+00   0.0000D+00
  -0.1364D+02   0.5264D+01  -0.2765D+02   0.3154D+01   0.2730D+01  -0.3894D+01  -0.3240D+02  -0.3670D+00  -0.1364D+02   0.5264D+01  -0.2765D+02   0.3154D+01
   0.5859D+00  -0.6607D-02   0.1111D+00  -0.3068D-02   0.9819D-01  -0.2502D-01   0.2341D+00   0.0000D+00   0.6360D-01   0.3212D-02   0.7763D-02   0.1051D-01   0.5859D+00  -0.6607D-02   0.1111D+00  -0.3068D-02   0.9819D-01  -0.2502D-01
  -0.1062D-03  -0.2132D-02  -0.1495D-02  -0.5528D-02  -0.1062D-03  -0.2132D-02  -0.1495D-02  -0.5528D-02
  0.500  2.000
  -0.1479D+02   0.0000D+00  -0.2703D+02   0.0000D+00   0.0000D+00   0.0000D+00  -0.2867D+02   0.0000D+00  -0.1479D+02   0.0000D+00  -0.2703D+02   0.0000D+00
   0.2131D+00   0.0000D+00   0.4115D-01   0.0000D+00   0.4461D-01   0.0000D+00   0.1005D+00   0.0000D+00   0.2232D-01   0.0000D+00   0.0000D+00   0.0000D+00   0.2131D+00   0.0000D+00   0.4115D-01   0.0000D+00   0.4461D-01   0.0000D+00
   0.0000D+00   0.0000D+00   0.0000D+00   0.0000D+00   0.0000D+00   0.0000D+00   0.0000D+00   0.0000D+00
  -0.1396D+02   0.4257D+01  -0.2771D+02   0.2551D+01   0.2206D+01  -0.3149D+01  -0.3188D+02  -0.2968D+00  -0.1396D+02   0.4257D+01  -0.2771D+02   0.2551D+01
   0.5512D+00  -0.5943D-02   0.1046D+00  -0.2759D-02   0.9341D-01  -0.2250D-01   0.2216D+00   0.0000D+00   0.5971D-01   0.2889D-02   0.7043D-02   0.9455D-02   0.5512D+00  -0.5943D-02   0.1046D+00  -0.2759D-02   0.9341D-01  -0.2250D-01
  -0.9545D-04  -0.1917D-02  -0.1344D-02  -0.4972D-02  -0.9545D-04  -0.1917D-02  -0.1344D-02  -0.4972D-02
  1.000  0.500
  -0.1996D+02   0.0000D+00  -0.3695D+02   0.0000D+00   0.0000D+00   0.0000D+00  -0.4005D+02   0.0000D+00  -0.1996D+02   0.0000D+00  -0.3695D+02   0.0000D+00
   0.2353D+00   0.0000D+00   0.4522D-01   0.0000D+00   0.4740D-01   0.0000D+00   0.1068D+00   0.0000D+00   0.2373D-01   0.0000D+00   0.0000D+00   0.0000D+00   0.2353D+00   0.0000D+00   0.4522D-01   0.0000D+00   0.4740D-01   0.0000D+00
   0.0000D+00   0.0000D+00   0.0000D+00   0.0000D+00   0.0000D+00   0.0000D+00   0.0000D+00   0.0000D+00
  -0.1171D+02   0.7203D+01  -0.2646D+02   0.4456D+01   0.3319D+01  -0.5534D+01  -0.3244D+02  -0.5327D+00  -0.1171D+02   0.7203D+01  -0.2646D+02   0.4456D+01
   0.6043D+00  -0.7672D-02   0.1138D+00  -0.3684D-02   0.9613D-01  -0.3177D-01   0.2415D+00   0.0000D+00   0.6551D-01   0.3984D-02   0.8272D-02   0.1304D-01   0.6043D+00  -0.7672D-02   0.1138D+00  -0.3684D-02   0.9613D-01  -0.3177D-01
  -0.1324D-03  -0.3445D-02  -0.1935D-02  -0.6816D-02  -0.1324D-03  -0.3445D-02  -0.1935D-02  -0.6816D-02
  1.000  1.000
  -0.1772D+02   0.0000D+00  -0.3281D+02   0.0000D+00   0.0000D+00   0.0000D+00  -0.3556D+02   0.0000D+00  -0.1772D+02   0.0000D+00  -0.3281D+02   0.0000D+00
   0.2353D+00   0.0000D+00   0.4522D-01   0.0000D+00   0.4740D-01   0.0000D+00   0.1068D+00   0.0000D+00   0.2373D-01   0.0000D+00   0.0000D+00   0.0000D+00   0.2353D+00   0.0000D+00   0.4522D-01   0.0000D+00   0.4740D-01   0.0000D+00
   0.0000D+00   0.0000D+00   0.0000D+00   0.0000D+00   0.0000D+00   0.0000D+00   0.0000D+00   0.0000D+00
  -0.1308D+02   0.5677D+01  -0.2804D+02   0.3512D+01   0.2613D+01  -0.4362D+01  -0.3336D+02  -0.4198D+00  -0.1308D+02   0.5677D+01  -0.2804D+02   0.3512D+01
   0.5386D+00  -0.6812D-02   0.1018D+00  -0.3271D-02   0.8287D-01  -0.2821D-01   0.2216D+00   0.0000D+00   0.5928D-01   0.3538D-02   0.7289D-02   0.1158D-01   0.5386D+00  -0.6812D-02   0.1018D+00  -0.3271D-02   0.8287D-01  -0.2821D-01
  -0.1175D-03  -0.3059D-02  -0.1718D-02  -0.6052D-02  -0.1175D-03  -0.3059D-02  -0.1718D-02  -0.6052D-02
  1.000  2.000
  -0.1594D+02   0.0000D+00  -0.2951D+02   0.0000D+00   0.0000D+00   0.0000D+00  -0.3198D+02   0.0000D+00  -0.1594D+02   0.0000D+00  -0.2951D+02   0.0000D+00
   0.2353D+00   0.0000D+00   0.4522D-01   0.0000D+00   0.4740D-01   0.0000D+00   0.1068D+00   0.0000D+00   0.2373D-01   0.0000D+00   0.0000D+00   0.0000D+00   0.2353D+00   0.0000D+00   0.4522D-01   0.0000D+00   0.4740D-01   0.0000D+00
   0.0000D+00   0.0000D+00   0.0000D+00   0.0000D+00   0.0000D+00   0.0000D+00   0.0000D+00   0.0000D+00
  -0.1378D+02   0.4592D+01  -0.2856D+02   0.2841D+01   0.2112D+01  -0.3528D+01  -0.3335D+02  -0.3396D+00  -0.1378D+02   0.4592D+01  -0.2856D+02   0.2841D+01
   0.5405D+00  -0.6127D-02   0.1019D+00  -0.2942D-02   0.8899D-01  -0.2537D-01   0.2174D+00   0.0000D+00   0.5798D-01   0.3182D-02   0.6770D-02   0.1041D-01   0.5405D+00  -0.6127D-02   0.1019D+00  -0.2942D-02   0.8899D-01  -0.2537D-01
  -0.1056D-03  -0.2751D-02  -0.1545D-02  -0.5443D-02  -0.1056D-03  -0.2751D-02  -0.1545D-02  -0.5443D-02
  2.000  0.500
  -0.2136D+02   0.0000D+00  -0.3892D+02   0.0000D+00   0.0000D+00   0.0000D+00  -0.4239D+02   0.0000D+00  -0.2136D+02   0.0000D+00  -0.3892D+02   0.0000D+00
   0.2383D+00   0.0000D+00   0.4867D-01   0.0000D+00   0.5049D-01   0.0000D+00   0.1180D+00   0.0000D+00   0.2623D-01   0.0000D+00   0.0000D+00   0.0000D+00   0.2383D+00   0.0000D+00   0.4867D-01   0.0000D+00   0.5049D-01   0.0000D+00
   0.0000D+00   0.0000D+00   0.0000D+00   0.0000D+00   0.0000D+00   0.0000D+00   0.0000D+00   0.0000D+00
  -0.1118D+02   0.7905D+01  -0.2479D+02   0.4811D+01   0.3584D+01  -0.5449D+01  -0.3134D+02  -0.5664D+00  -0.1118D+02   0.7905D+01  -0.2479D+02   0.4811D+01
   0.6222D+00  -0.8230D-02   0.1238D+00  -0.3627D-02   0.9900D-01  -0.3084D-01   0.2535D+00   0.0000D+00   0.6871D-01   0.4395D-02   0.8068D-02   0.1439D-01   0.6222D+00  -0.8230D-02   0.1238D+00  -0.3627D-02   0.9900D-01  -0.3084D-01
  -0.1560D-03  -0.3181D-02  -0.2145D-02  -0.7597D-02  -0.1560D-03  -0.3181D-02  -0.2145D-02  -0.7597D-02
  2.000  1.000
  -0.1897D+02   0.0000D+00  -0.3456D+02   0.0000D+00   0.0000D+00   0.0000D+00  -0.3764D+02   0.0000D+00  -0.1897D+02   0.0000D+00  -0.3456D+02   0.0000D+00
   0.2383D+00   0.0000D+00   0.4867D-01   0.0000D+00   0.5049D-01   0.0000D+00   0.1180D+00   0.0000D+00   0.2623D-01   0.0000D+00   0.0000D+00   0.0000D+00   0.2383D+00   0.0000D+00   0.4867D-01   0.0000D+00   0.5049D-01   0.0000D+00
   0.0000D+00   0.0000D+00   0.0000D+00   0.0000D+00   0.0000D+00   0.0000D+00   0.0000D+00   0.0000D+00
  -0.1284D+02   0.6231D+01  -0.2697D+02   0.3792D+01   0.2824D+01  -0.4295D+01  -0.3282D+02  -0.4464D+00  -0.1284D+02   0.6231D+01  -0.2697D+02   0.3792D+01
   0.5242D+00  -0.7307D-02   0.1057D+00  -0.3220D-02   0.7891D-01  -0.2738D-01   0.2258D+00   0.0000D+00   0.5999D-01   0.3902D-02   0.6582D-02   0.1277D-01   0.5242D+00  -0.7307D-02   0.1057D+00  -0.3220D-02   0.7891D-01  -0.2738D-01
  -0.1384D-03  -0.2824D-02  -0.1904D-02  -0.6745D-02  -0.1384D-03  -0.2824D-02  -0.1904D-02  -0.6745D-02
  2.000  2.000
  -0.1706D+02   0.0000D+00  -0.3108D+02   0.0000D+00   0.0000D+00   0.0000D+00  -0.3385D+02   0.0000D+00  -0.1706D+02   0.0000D+00  -0.3108D+02   0.0000D+00
   0.2383D+00   0.0000D+00   0.4867D-01   0.0000D+00   0.5049D-01   0.0000D+00   0.1180D+00   0.0000D+00   0.2623D-01   0.0000D+00   0.0000D+00   0.0000D+00   0.2383D+00   0.0000D+00   0.4867D-01   0.0000D+00   0.5049D-01   0.0000D+00
   0.0000D+00   0.0000D+00   0.0000D+00   0.0000D+00   0.0000D+00   0.0000D+00   0.0000D+00   0.0000D+00
  -0.1354D+02   0.5039D+01  -0.2772D+02   0.3067D+01   0.2284D+01  -0.3475D+01  -0.3301D+02  -0.3611D+00  -0.1354D+02   0.5039D+01  -0.2772D+02   0.3067D+01
   0.4077D+00  -0.6572D-02   0.8459D-01  -0.2896D-02   0.5225D-01  -0.2463D-01   0.1955D+00   0.0000D+00   0.5040D-01   0.3510D-02   0.5083D-02   0.1149D-01   0.4077D+00  -0.6572D-02   0.8459D-01  -0.2896D-02   0.5225D-01  -0.2463D-01
  -0.1244D-03  -0.2540D-02  -0.1713D-02  -0.6066D-02  -0.1244D-03  -0.2540D-02  -0.1713D-02  -0.6066D-02
