 LHC=           1 sqrts=   8000.0000000000000      ang=           4 mode=fital                                                                                               scalescheme=           1 R=  0.69999999999999996     
 CT10nlo_rand5678                                                                                             295
 Bin information: chid, chiu, md, mu, mu0
   0.0000000000000000       0.50000000000000000        56.000000000000000        64.000000000000000        60.000000000000000     
 9 scales(muf, mur)*(LO(38), NLO(38))
  0.500  0.500
  -0.1801D+02   0.0000D+00  -0.3307D+02   0.0000D+00   0.0000D+00   0.0000D+00  -0.3502D+02   0.0000D+00  -0.1801D+02   0.0000D+00  -0.3307D+02   0.0000D+00
   0.2077D+00   0.0000D+00   0.4014D-01   0.0000D+00   0.4336D-01   0.0000D+00   0.9781D-01   0.0000D+00   0.2174D-01   0.0000D+00   0.0000D+00   0.0000D+00   0.2077D+00   0.0000D+00   0.4014D-01   0.0000D+00   0.4336D-01   0.0000D+00
   0.0000D+00   0.0000D+00   0.0000D+00   0.0000D+00   0.0000D+00   0.0000D+00   0.0000D+00   0.0000D+00
  -0.1211D+02   0.6518D+01  -0.2590D+02   0.3901D+01   0.3370D+01  -0.4819D+01  -0.3123D+02  -0.4507D+00  -0.1211D+02   0.6518D+01  -0.2590D+02   0.3901D+01
   0.6012D+00  -0.7231D-02   0.1143D+00  -0.3365D-02   0.9856D-01  -0.2746D-01   0.2410D+00   0.0000D+00   0.6591D-01   0.3521D-02   0.8305D-02   0.1152D-01   0.6012D+00  -0.7231D-02   0.1143D+00  -0.3365D-02   0.9856D-01  -0.2746D-01
  -0.1214D-03  -0.2336D-02  -0.1659D-02  -0.6063D-02  -0.1214D-03  -0.2336D-02  -0.1659D-02  -0.6063D-02
  0.500  1.000
  -0.1599D+02   0.0000D+00  -0.2936D+02   0.0000D+00   0.0000D+00   0.0000D+00  -0.3110D+02   0.0000D+00  -0.1599D+02   0.0000D+00  -0.2936D+02   0.0000D+00
   0.2077D+00   0.0000D+00   0.4014D-01   0.0000D+00   0.4336D-01   0.0000D+00   0.9781D-01   0.0000D+00   0.2174D-01   0.0000D+00   0.0000D+00   0.0000D+00   0.2077D+00   0.0000D+00   0.4014D-01   0.0000D+00   0.4336D-01   0.0000D+00
   0.0000D+00   0.0000D+00   0.0000D+00   0.0000D+00   0.0000D+00   0.0000D+00   0.0000D+00   0.0000D+00
  -0.1308D+02   0.5138D+01  -0.2689D+02   0.3075D+01   0.2654D+01  -0.3798D+01  -0.3148D+02  -0.3553D+00  -0.1308D+02   0.5138D+01  -0.2689D+02   0.3075D+01
   0.5667D+00  -0.6421D-02   0.1076D+00  -0.2988D-02   0.9532D-01  -0.2439D-01   0.2272D+00   0.0000D+00   0.6164D-01   0.3127D-02   0.7455D-02   0.1023D-01   0.5667D+00  -0.6421D-02   0.1076D+00  -0.2988D-02   0.9532D-01  -0.2439D-01
  -0.1077D-03  -0.2074D-02  -0.1472D-02  -0.5383D-02  -0.1077D-03  -0.2074D-02  -0.1472D-02  -0.5383D-02
  0.500  2.000
  -0.1438D+02   0.0000D+00  -0.2640D+02   0.0000D+00   0.0000D+00   0.0000D+00  -0.2797D+02   0.0000D+00  -0.1438D+02   0.0000D+00  -0.2640D+02   0.0000D+00
   0.2077D+00   0.0000D+00   0.4014D-01   0.0000D+00   0.4336D-01   0.0000D+00   0.9781D-01   0.0000D+00   0.2174D-01   0.0000D+00   0.0000D+00   0.0000D+00   0.2077D+00   0.0000D+00   0.4014D-01   0.0000D+00   0.4336D-01   0.0000D+00
   0.0000D+00   0.0000D+00   0.0000D+00   0.0000D+00   0.0000D+00   0.0000D+00   0.0000D+00   0.0000D+00
  -0.1342D+02   0.4155D+01  -0.2697D+02   0.2487D+01   0.2145D+01  -0.3072D+01  -0.3099D+02  -0.2874D+00  -0.1342D+02   0.4155D+01  -0.2697D+02   0.2487D+01
   0.5332D+00  -0.5775D-02   0.1013D+00  -0.2687D-02   0.9068D-01  -0.2193D-01   0.2150D+00   0.0000D+00   0.5787D-01   0.2812D-02   0.6762D-02   0.9203D-02   0.5332D+00  -0.5775D-02   0.1013D+00  -0.2687D-02   0.9068D-01  -0.2193D-01
  -0.9681D-04  -0.1865D-02  -0.1324D-02  -0.4842D-02  -0.9681D-04  -0.1865D-02  -0.1324D-02  -0.4842D-02
  1.000  0.500
  -0.1949D+02   0.0000D+00  -0.3629D+02   0.0000D+00   0.0000D+00   0.0000D+00  -0.3932D+02   0.0000D+00  -0.1949D+02   0.0000D+00  -0.3629D+02   0.0000D+00
   0.2306D+00   0.0000D+00   0.4435D-01   0.0000D+00   0.4628D-01   0.0000D+00   0.1045D+00   0.0000D+00   0.2323D-01   0.0000D+00   0.0000D+00   0.0000D+00   0.2306D+00   0.0000D+00   0.4435D-01   0.0000D+00   0.4628D-01   0.0000D+00
   0.0000D+00   0.0000D+00   0.0000D+00   0.0000D+00   0.0000D+00   0.0000D+00   0.0000D+00   0.0000D+00
  -0.1109D+02   0.7073D+01  -0.2563D+02   0.4369D+01   0.3237D+01  -0.5424D+01  -0.3150D+02  -0.5189D+00  -0.1109D+02   0.7073D+01  -0.2563D+02   0.4369D+01
   0.5848D+00  -0.7490D-02   0.1101D+00  -0.3605D-02   0.9300D-01  -0.3113D-01   0.2342D+00   0.0000D+00   0.6348D-01   0.3900D-02   0.7980D-02   0.1276D-01   0.5848D+00  -0.7490D-02   0.1101D+00  -0.3605D-02   0.9300D-01  -0.3113D-01
  -0.1351D-03  -0.3370D-02  -0.1916D-02  -0.6681D-02  -0.1351D-03  -0.3370D-02  -0.1916D-02  -0.6681D-02
  1.000  1.000
  -0.1731D+02   0.0000D+00  -0.3222D+02   0.0000D+00   0.0000D+00   0.0000D+00  -0.3491D+02   0.0000D+00  -0.1731D+02   0.0000D+00  -0.3222D+02   0.0000D+00
   0.2306D+00   0.0000D+00   0.4435D-01   0.0000D+00   0.4628D-01   0.0000D+00   0.1045D+00   0.0000D+00   0.2323D-01   0.0000D+00   0.0000D+00   0.0000D+00   0.2306D+00   0.0000D+00   0.4435D-01   0.0000D+00   0.4628D-01   0.0000D+00
   0.0000D+00   0.0000D+00   0.0000D+00   0.0000D+00   0.0000D+00   0.0000D+00   0.0000D+00   0.0000D+00
  -0.1250D+02   0.5575D+01  -0.2726D+02   0.3444D+01   0.2548D+01  -0.4275D+01  -0.3249D+02  -0.4089D+00  -0.1250D+02   0.5575D+01  -0.2726D+02   0.3444D+01
   0.5223D+00  -0.6650D-02   0.9882D-01  -0.3201D-02   0.8005D-01  -0.2764D-01   0.2151D+00   0.0000D+00   0.5752D-01   0.3463D-02   0.7024D-02   0.1133D-01   0.5223D+00  -0.6650D-02   0.9882D-01  -0.3201D-02   0.8005D-01  -0.2764D-01
  -0.1199D-03  -0.2992D-02  -0.1701D-02  -0.5932D-02  -0.1199D-03  -0.2992D-02  -0.1701D-02  -0.5932D-02
  1.000  2.000
  -0.1556D+02   0.0000D+00  -0.2897D+02   0.0000D+00   0.0000D+00   0.0000D+00  -0.3139D+02   0.0000D+00  -0.1556D+02   0.0000D+00  -0.2897D+02   0.0000D+00
   0.2306D+00   0.0000D+00   0.4435D-01   0.0000D+00   0.4628D-01   0.0000D+00   0.1045D+00   0.0000D+00   0.2323D-01   0.0000D+00   0.0000D+00   0.0000D+00   0.2306D+00   0.0000D+00   0.4435D-01   0.0000D+00   0.4628D-01   0.0000D+00
   0.0000D+00   0.0000D+00   0.0000D+00   0.0000D+00   0.0000D+00   0.0000D+00   0.0000D+00   0.0000D+00
  -0.1324D+02   0.4509D+01  -0.2782D+02   0.2785D+01   0.2059D+01  -0.3458D+01  -0.3253D+02  -0.3308D+00  -0.1324D+02   0.4509D+01  -0.2782D+02   0.2785D+01
   0.5234D+00  -0.5981D-02   0.9865D-01  -0.2879D-02   0.8621D-01  -0.2486D-01   0.2110D+00   0.0000D+00   0.5621D-01   0.3115D-02   0.6530D-02   0.1019D-01   0.5234D+00  -0.5981D-02   0.9865D-01  -0.2879D-02   0.8621D-01  -0.2486D-01
  -0.1077D-03  -0.2691D-02  -0.1530D-02  -0.5335D-02  -0.1077D-03  -0.2691D-02  -0.1530D-02  -0.5335D-02
  2.000  0.500
  -0.2092D+02   0.0000D+00  -0.3838D+02   0.0000D+00   0.0000D+00   0.0000D+00  -0.4172D+02   0.0000D+00  -0.2092D+02   0.0000D+00  -0.3838D+02   0.0000D+00
   0.2342D+00   0.0000D+00   0.4789D-01   0.0000D+00   0.4944D-01   0.0000D+00   0.1160D+00   0.0000D+00   0.2578D-01   0.0000D+00   0.0000D+00   0.0000D+00   0.2342D+00   0.0000D+00   0.4789D-01   0.0000D+00   0.4944D-01   0.0000D+00
   0.0000D+00   0.0000D+00   0.0000D+00   0.0000D+00   0.0000D+00   0.0000D+00   0.0000D+00   0.0000D+00
  -0.1054D+02   0.7790D+01  -0.2400D+02   0.4732D+01   0.3508D+01  -0.5356D+01  -0.3038D+02  -0.5538D+00  -0.1054D+02   0.7790D+01  -0.2400D+02   0.4732D+01
   0.5989D+00  -0.8061D-02   0.1193D+00  -0.3558D-02   0.9591D-01  -0.3026D-01   0.2455D+00   0.0000D+00   0.6651D-01   0.4320D-02   0.7772D-02   0.1414D-01   0.5989D+00  -0.8061D-02   0.1193D+00  -0.3558D-02   0.9591D-01  -0.3026D-01
  -0.1591D-03  -0.3124D-02  -0.2131D-02  -0.7474D-02  -0.1591D-03  -0.3124D-02  -0.2131D-02  -0.7474D-02
  2.000  1.000
  -0.1857D+02   0.0000D+00  -0.3407D+02   0.0000D+00   0.0000D+00   0.0000D+00  -0.3704D+02   0.0000D+00  -0.1857D+02   0.0000D+00  -0.3407D+02   0.0000D+00
   0.2342D+00   0.0000D+00   0.4789D-01   0.0000D+00   0.4944D-01   0.0000D+00   0.1160D+00   0.0000D+00   0.2578D-01   0.0000D+00   0.0000D+00   0.0000D+00   0.2342D+00   0.0000D+00   0.4789D-01   0.0000D+00   0.4944D-01   0.0000D+00
   0.0000D+00   0.0000D+00   0.0000D+00   0.0000D+00   0.0000D+00   0.0000D+00   0.0000D+00   0.0000D+00
  -0.1225D+02   0.6140D+01  -0.2625D+02   0.3730D+01   0.2765D+01  -0.4222D+01  -0.3194D+02  -0.4365D+00  -0.1225D+02   0.6140D+01  -0.2625D+02   0.3730D+01
   0.5063D+00  -0.7157D-02   0.1023D+00  -0.3159D-02   0.7632D-01  -0.2687D-01   0.2191D+00   0.0000D+00   0.5821D-01   0.3835D-02   0.6343D-02   0.1255D-01   0.5063D+00  -0.7157D-02   0.1023D+00  -0.3159D-02   0.7632D-01  -0.2687D-01
  -0.1412D-03  -0.2773D-02  -0.1892D-02  -0.6636D-02  -0.1412D-03  -0.2773D-02  -0.1892D-02  -0.6636D-02
  2.000  2.000
  -0.1670D+02   0.0000D+00  -0.3064D+02   0.0000D+00   0.0000D+00   0.0000D+00  -0.3331D+02   0.0000D+00  -0.1670D+02   0.0000D+00  -0.3064D+02   0.0000D+00
   0.2342D+00   0.0000D+00   0.4789D-01   0.0000D+00   0.4944D-01   0.0000D+00   0.1160D+00   0.0000D+00   0.2578D-01   0.0000D+00   0.0000D+00   0.0000D+00   0.2342D+00   0.0000D+00   0.4789D-01   0.0000D+00   0.4944D-01   0.0000D+00
   0.0000D+00   0.0000D+00   0.0000D+00   0.0000D+00   0.0000D+00   0.0000D+00   0.0000D+00   0.0000D+00
  -0.1301D+02   0.4966D+01  -0.2706D+02   0.3017D+01   0.2236D+01  -0.3415D+01  -0.3220D+02  -0.3531D+00  -0.1301D+02   0.4966D+01  -0.2706D+02   0.3017D+01
   0.3964D+00  -0.6437D-02   0.8256D-01  -0.2841D-02   0.5024D-01  -0.2417D-01   0.1904D+00   0.0000D+00   0.4912D-01   0.3449D-02   0.4901D-02   0.1129D-01   0.3964D+00  -0.6437D-02   0.8256D-01  -0.2841D-02   0.5024D-01  -0.2417D-01
  -0.1269D-03  -0.2494D-02  -0.1701D-02  -0.5968D-02  -0.1269D-03  -0.2494D-02  -0.1701D-02  -0.5968D-02
