 LHC=           1 sqrts=   8000.0000000000000      ang=           4 mode=fital                                                                                               scalescheme=           1 R=  0.69999999999999996     
 CT10nlo_rand5678                                                                                             295
 Bin information: chid, chiu, md, mu, mu0
   0.0000000000000000       0.50000000000000000        1032.0000000000000        1101.0000000000000        1066.5000000000000     
 9 scales(muf, mur)*(LO(38), NLO(38))
  0.500  0.500
  -0.1078D+00   0.0000D+00  -0.7439D-01   0.0000D+00   0.0000D+00   0.0000D+00  -0.3958D-01   0.0000D+00  -0.1078D+00   0.0000D+00  -0.7439D-01   0.0000D+00
   0.2583D+00   0.0000D+00   0.3945D-01   0.0000D+00   0.1075D+00   0.0000D+00   0.4675D-01   0.0000D+00   0.1039D-01   0.0000D+00   0.0000D+00   0.0000D+00   0.2583D+00   0.0000D+00   0.3945D-01   0.0000D+00   0.1075D+00   0.0000D+00
   0.0000D+00   0.0000D+00   0.0000D+00   0.0000D+00   0.0000D+00   0.0000D+00   0.0000D+00   0.0000D+00
  -0.8772D-01   0.8880D-02  -0.6497D-01   0.5185D-02   0.4927D-02  -0.3526D-02  -0.3485D-01   0.1535D-02  -0.8772D-01   0.8880D-02  -0.6497D-01   0.5185D-02
   0.1939D+00  -0.1171D-01   0.3053D-01  -0.3433D-02   0.6090D-01  -0.2062D-01   0.3931D-01   0.0000D+00   0.9800D-02   0.1131D-02  -0.1901D-02   0.3700D-02   0.1939D+00  -0.1171D-01   0.3053D-01  -0.3433D-02   0.6090D-01  -0.2062D-01
  -0.1192D-02  -0.3070D-02  -0.1345D-02  -0.2914D-02  -0.1192D-02  -0.3070D-02  -0.1345D-02  -0.2914D-02
  0.500  1.000
  -0.9966D-01   0.0000D+00  -0.6877D-01   0.0000D+00   0.0000D+00   0.0000D+00  -0.3659D-01   0.0000D+00  -0.9966D-01   0.0000D+00  -0.6877D-01   0.0000D+00
   0.2583D+00   0.0000D+00   0.3945D-01   0.0000D+00   0.1075D+00   0.0000D+00   0.4675D-01   0.0000D+00   0.1039D-01   0.0000D+00   0.0000D+00   0.0000D+00   0.2583D+00   0.0000D+00   0.3945D-01   0.0000D+00   0.1075D+00   0.0000D+00
   0.0000D+00   0.0000D+00   0.0000D+00   0.0000D+00   0.0000D+00   0.0000D+00   0.0000D+00   0.0000D+00
  -0.8978D-01   0.7589D-02  -0.6574D-01   0.4431D-02   0.4211D-02  -0.3014D-02  -0.3523D-01   0.1312D-02  -0.8978D-01   0.7589D-02  -0.6574D-01   0.4431D-02
   0.1988D+00  -0.1082D-01   0.3121D-01  -0.3173D-02   0.6443D-01  -0.1906D-01   0.3988D-01   0.0000D+00   0.9846D-02   0.1045D-02  -0.1758D-02   0.3420D-02   0.1988D+00  -0.1082D-01   0.3121D-01  -0.3173D-02   0.6443D-01  -0.1906D-01
  -0.1102D-02  -0.2838D-02  -0.1243D-02  -0.2694D-02  -0.1102D-02  -0.2838D-02  -0.1243D-02  -0.2694D-02
  0.500  2.000
  -0.9267D-01   0.0000D+00  -0.6395D-01   0.0000D+00   0.0000D+00   0.0000D+00  -0.3402D-01   0.0000D+00  -0.9267D-01   0.0000D+00  -0.6395D-01   0.0000D+00
   0.2583D+00   0.0000D+00   0.3945D-01   0.0000D+00   0.1075D+00   0.0000D+00   0.4675D-01   0.0000D+00   0.1039D-01   0.0000D+00   0.0000D+00   0.0000D+00   0.2583D+00   0.0000D+00   0.3945D-01   0.0000D+00   0.1075D+00   0.0000D+00
   0.0000D+00   0.0000D+00   0.0000D+00   0.0000D+00   0.0000D+00   0.0000D+00   0.0000D+00   0.0000D+00
  -0.9043D-01   0.6562D-02  -0.6568D-01   0.3831D-02   0.3641D-02  -0.2606D-02  -0.3516D-01   0.1134D-02  -0.9043D-01   0.6562D-02  -0.6568D-01   0.3831D-02
   0.2030D+00  -0.1006D-01   0.3179D-01  -0.2951D-02   0.6746D-01  -0.1773D-01   0.4037D-01   0.0000D+00   0.9885D-02   0.9719D-03  -0.1635D-02   0.3181D-02   0.2030D+00  -0.1006D-01   0.3179D-01  -0.2951D-02   0.6746D-01  -0.1773D-01
  -0.1025D-02  -0.2639D-02  -0.1156D-02  -0.2505D-02  -0.1025D-02  -0.2639D-02  -0.1156D-02  -0.2505D-02
  1.000  0.500
  -0.9616D-01   0.0000D+00  -0.6625D-01   0.0000D+00   0.0000D+00   0.0000D+00  -0.3509D-01   0.0000D+00  -0.9616D-01   0.0000D+00  -0.6625D-01   0.0000D+00
   0.2294D+00   0.0000D+00   0.3502D-01   0.0000D+00   0.9577D-01   0.0000D+00   0.4138D-01   0.0000D+00   0.9195D-02   0.0000D+00   0.0000D+00   0.0000D+00   0.2294D+00   0.0000D+00   0.3502D-01   0.0000D+00   0.9577D-01   0.0000D+00
   0.0000D+00   0.0000D+00   0.0000D+00   0.0000D+00   0.0000D+00   0.0000D+00   0.0000D+00   0.0000D+00
  -0.8928D-01   0.7889D-02  -0.6544D-01   0.4601D-02   0.4344D-02  -0.3126D-02  -0.3508D-01   0.1367D-02  -0.8928D-01   0.7889D-02  -0.6544D-01   0.4601D-02
   0.1987D+00  -0.1043D-01   0.3113D-01  -0.3054D-02   0.6537D-01  -0.1829D-01   0.3980D-01   0.0000D+00   0.9767D-02   0.1002D-02  -0.1655D-02   0.3278D-02   0.1987D+00  -0.1043D-01   0.3113D-01  -0.3054D-02   0.6537D-01  -0.1829D-01
  -0.1063D-02  -0.2736D-02  -0.1193D-02  -0.2582D-02  -0.1063D-02  -0.2736D-02  -0.1193D-02  -0.2582D-02
  1.000  1.000
  -0.8889D-01   0.0000D+00  -0.6125D-01   0.0000D+00   0.0000D+00   0.0000D+00  -0.3244D-01   0.0000D+00  -0.8889D-01   0.0000D+00  -0.6125D-01   0.0000D+00
   0.2294D+00   0.0000D+00   0.3502D-01   0.0000D+00   0.9577D-01   0.0000D+00   0.4138D-01   0.0000D+00   0.9195D-02   0.0000D+00   0.0000D+00   0.0000D+00   0.2294D+00   0.0000D+00   0.3502D-01   0.0000D+00   0.9577D-01   0.0000D+00
   0.0000D+00   0.0000D+00   0.0000D+00   0.0000D+00   0.0000D+00   0.0000D+00   0.0000D+00   0.0000D+00
  -0.8952D-01   0.6742D-02  -0.6503D-01   0.3932D-02   0.3713D-02  -0.2672D-02  -0.3480D-01   0.1168D-02  -0.8952D-01   0.6742D-02  -0.6503D-01   0.3932D-02
   0.2011D+00  -0.9641D-02   0.3143D-01  -0.2824D-02   0.6768D-01  -0.1691D-01   0.3993D-01   0.0000D+00   0.9725D-02   0.9260D-03  -0.1530D-02   0.3031D-02   0.2011D+00  -0.9641D-02   0.3143D-01  -0.2824D-02   0.6768D-01  -0.1691D-01
  -0.9822D-03  -0.2529D-02  -0.1103D-02  -0.2387D-02  -0.9822D-03  -0.2529D-02  -0.1103D-02  -0.2387D-02
  1.000  2.000
  -0.8266D-01   0.0000D+00  -0.5695D-01   0.0000D+00   0.0000D+00   0.0000D+00  -0.3016D-01   0.0000D+00  -0.8266D-01   0.0000D+00  -0.5695D-01   0.0000D+00
   0.2294D+00   0.0000D+00   0.3502D-01   0.0000D+00   0.9577D-01   0.0000D+00   0.4138D-01   0.0000D+00   0.9195D-02   0.0000D+00   0.0000D+00   0.0000D+00   0.2294D+00   0.0000D+00   0.3502D-01   0.0000D+00   0.9577D-01   0.0000D+00
   0.0000D+00   0.0000D+00   0.0000D+00   0.0000D+00   0.0000D+00   0.0000D+00   0.0000D+00   0.0000D+00
  -0.8882D-01   0.5829D-02  -0.6410D-01   0.3400D-02   0.3211D-02  -0.2310D-02  -0.3426D-01   0.1010D-02  -0.8882D-01   0.5829D-02  -0.6410D-01   0.3400D-02
   0.2031D+00  -0.8965D-02   0.3169D-01  -0.2626D-02   0.6965D-01  -0.1572D-01   0.4003D-01   0.0000D+00   0.9688D-02   0.8611D-03  -0.1423D-02   0.2818D-02   0.2031D+00  -0.8965D-02   0.3169D-01  -0.2626D-02   0.6965D-01  -0.1572D-01
  -0.9134D-03  -0.2352D-02  -0.1026D-02  -0.2220D-02  -0.9134D-03  -0.2352D-02  -0.1026D-02  -0.2220D-02
  2.000  0.500
  -0.8635D-01   0.0000D+00  -0.5932D-01   0.0000D+00   0.0000D+00   0.0000D+00  -0.3137D-01   0.0000D+00  -0.8635D-01   0.0000D+00  -0.5932D-01   0.0000D+00
   0.2055D+00   0.0000D+00   0.3133D-01   0.0000D+00   0.8600D-01   0.0000D+00   0.3697D-01   0.0000D+00   0.8215D-02   0.0000D+00   0.0000D+00   0.0000D+00   0.2055D+00   0.0000D+00   0.3133D-01   0.0000D+00   0.8600D-01   0.0000D+00
   0.0000D+00   0.0000D+00   0.0000D+00   0.0000D+00   0.0000D+00   0.0000D+00   0.0000D+00   0.0000D+00
  -0.9041D-01   0.7070D-02  -0.6587D-01   0.4121D-02   0.3868D-02  -0.2796D-02  -0.3536D-01   0.1227D-02  -0.9041D-01   0.7070D-02  -0.6587D-01   0.4121D-02
   0.2026D+00  -0.9363D-02   0.3160D-01  -0.2733D-02   0.6892D-01  -0.1635D-01   0.3995D-01   0.0000D+00   0.9732D-02   0.8945D-03  -0.1485D-02   0.2927D-02   0.2026D+00  -0.9363D-02   0.3160D-01  -0.2733D-02   0.6892D-01  -0.1635D-01
  -0.9546D-03  -0.2459D-02  -0.1069D-02  -0.2310D-02  -0.9546D-03  -0.2459D-02  -0.1069D-02  -0.2310D-02
  2.000  1.000
  -0.7982D-01   0.0000D+00  -0.5484D-01   0.0000D+00   0.0000D+00   0.0000D+00  -0.2900D-01   0.0000D+00  -0.7982D-01   0.0000D+00  -0.5484D-01   0.0000D+00
   0.2055D+00   0.0000D+00   0.3133D-01   0.0000D+00   0.8600D-01   0.0000D+00   0.3697D-01   0.0000D+00   0.8215D-02   0.0000D+00   0.0000D+00   0.0000D+00   0.2055D+00   0.0000D+00   0.3133D-01   0.0000D+00   0.8600D-01   0.0000D+00
   0.0000D+00   0.0000D+00   0.0000D+00   0.0000D+00   0.0000D+00   0.0000D+00   0.0000D+00   0.0000D+00
  -0.8913D-01   0.6042D-02  -0.6444D-01   0.3522D-02   0.3305D-02  -0.2389D-02  -0.3453D-01   0.1049D-02  -0.8913D-01   0.6042D-02  -0.6444D-01   0.3522D-02
   0.2028D+00  -0.8656D-02   0.3158D-01  -0.2527D-02   0.7022D-01  -0.1511D-01   0.3973D-01   0.0000D+00   0.9618D-02   0.8269D-03  -0.1373D-02   0.2706D-02   0.2028D+00  -0.8656D-02   0.3158D-01  -0.2527D-02   0.7022D-01  -0.1511D-01
  -0.8824D-03  -0.2273D-02  -0.9879D-03  -0.2136D-02  -0.8824D-03  -0.2273D-02  -0.9879D-03  -0.2136D-02
  2.000  2.000
  -0.7423D-01   0.0000D+00  -0.5099D-01   0.0000D+00   0.0000D+00   0.0000D+00  -0.2697D-01   0.0000D+00  -0.7423D-01   0.0000D+00  -0.5099D-01   0.0000D+00
   0.2055D+00   0.0000D+00   0.3133D-01   0.0000D+00   0.8600D-01   0.0000D+00   0.3697D-01   0.0000D+00   0.8215D-02   0.0000D+00   0.0000D+00   0.0000D+00   0.2055D+00   0.0000D+00   0.3133D-01   0.0000D+00   0.8600D-01   0.0000D+00
   0.0000D+00   0.0000D+00   0.0000D+00   0.0000D+00   0.0000D+00   0.0000D+00   0.0000D+00   0.0000D+00
  -0.8732D-01   0.5224D-02  -0.6277D-01   0.3045D-02   0.2858D-02  -0.2066D-02  -0.3358D-01   0.9069D-03  -0.8732D-01   0.5224D-02  -0.6277D-01   0.3045D-02
   0.2030D+00  -0.8049D-02   0.3157D-01  -0.2349D-02   0.7134D-01  -0.1405D-01   0.3954D-01   0.0000D+00   0.9520D-02   0.7689D-03  -0.1277D-02   0.2516D-02   0.2030D+00  -0.8049D-02   0.3157D-01  -0.2349D-02   0.7134D-01  -0.1405D-01
  -0.8206D-03  -0.2114D-02  -0.9187D-03  -0.1986D-02  -0.8206D-03  -0.2114D-02  -0.9187D-03  -0.1986D-02
