 LHC=           1 sqrts=   8000.0000000000000      ang=           4 mode=fital                                                                                               scalescheme=           1 R=  0.69999999999999996     
 NNPDF23_nlo_as_0118                                                                                            5
 Bin information: chid, chiu, md, mu, mu0
   0.0000000000000000       0.50000000000000000        1497.0000000000000        1588.0000000000000        1542.5000000000000     
 9 scales(muf, mur)*(LO(38), NLO(38))
  0.500  0.500
  -0.1737D-01   0.0000D+00  -0.1065D-01   0.0000D+00   0.0000D+00   0.0000D+00  -0.4058D-02   0.0000D+00  -0.1737D-01   0.0000D+00  -0.1065D-01   0.0000D+00
   0.7980D-01   0.0000D+00   0.1163D-01   0.0000D+00   0.3661D-01   0.0000D+00   0.9615D-02   0.0000D+00   0.2137D-02   0.0000D+00   0.0000D+00   0.0000D+00   0.7980D-01   0.0000D+00   0.1163D-01   0.0000D+00   0.3661D-01   0.0000D+00
   0.0000D+00   0.0000D+00   0.0000D+00   0.0000D+00   0.0000D+00   0.0000D+00   0.0000D+00   0.0000D+00
  -0.1482D-01   0.1209D-02  -0.9484D-02   0.6885D-03   0.5064D-03  -0.3521D-03  -0.3429D-02   0.2986D-03  -0.1482D-01   0.1209D-02  -0.9484D-02   0.6885D-03
   0.5858D-01  -0.3883D-02   0.8690D-02  -0.1080D-02   0.2165D-01  -0.6137D-02   0.8019D-02   0.0000D+00   0.1934D-02   0.2264D-03  -0.6713D-03   0.7409D-03   0.5858D-01  -0.3883D-02   0.8690D-02  -0.1080D-02   0.2165D-01  -0.6137D-02
  -0.4126D-03  -0.9653D-03  -0.3596D-03  -0.7529D-03  -0.4126D-03  -0.9653D-03  -0.3596D-03  -0.7529D-03
  0.500  1.000
  -0.1621D-01   0.0000D+00  -0.9935D-02   0.0000D+00   0.0000D+00   0.0000D+00  -0.3785D-02   0.0000D+00  -0.1621D-01   0.0000D+00  -0.9935D-02   0.0000D+00
   0.7980D-01   0.0000D+00   0.1163D-01   0.0000D+00   0.3661D-01   0.0000D+00   0.9615D-02   0.0000D+00   0.2137D-02   0.0000D+00   0.0000D+00   0.0000D+00   0.7980D-01   0.0000D+00   0.1163D-01   0.0000D+00   0.3661D-01   0.0000D+00
   0.0000D+00   0.0000D+00   0.0000D+00   0.0000D+00   0.0000D+00   0.0000D+00   0.0000D+00   0.0000D+00
  -0.1515D-01   0.1052D-02  -0.9634D-02   0.5991D-03   0.4407D-03  -0.3063D-03  -0.3510D-02   0.2598D-03  -0.1515D-01   0.1052D-02  -0.9634D-02   0.5991D-03
   0.6001D-01  -0.3622D-02   0.8888D-02  -0.1007D-02   0.2265D-01  -0.5724D-02   0.8127D-02   0.0000D+00   0.1947D-02   0.2112D-03  -0.6262D-03   0.6911D-03   0.6001D-01  -0.3622D-02   0.8888D-02  -0.1007D-02   0.2265D-01  -0.5724D-02
  -0.3849D-03  -0.9005D-03  -0.3354D-03  -0.7023D-03  -0.3849D-03  -0.9005D-03  -0.3354D-03  -0.7023D-03
  0.500  2.000
  -0.1519D-01   0.0000D+00  -0.9310D-02   0.0000D+00   0.0000D+00   0.0000D+00  -0.3547D-02   0.0000D+00  -0.1519D-01   0.0000D+00  -0.9310D-02   0.0000D+00
   0.7980D-01   0.0000D+00   0.1163D-01   0.0000D+00   0.3661D-01   0.0000D+00   0.9615D-02   0.0000D+00   0.2137D-02   0.0000D+00   0.0000D+00   0.0000D+00   0.7980D-01   0.0000D+00   0.1163D-01   0.0000D+00   0.3661D-01   0.0000D+00
   0.0000D+00   0.0000D+00   0.0000D+00   0.0000D+00   0.0000D+00   0.0000D+00   0.0000D+00   0.0000D+00
  -0.1528D-01   0.9236D-03  -0.9673D-02   0.5262D-03   0.3871D-03  -0.2690D-03  -0.3544D-02   0.2282D-03  -0.1528D-01   0.9236D-03  -0.9673D-02   0.5262D-03
   0.6126D-01  -0.3394D-02   0.9061D-02  -0.9440D-03   0.2353D-01  -0.5365D-02   0.8221D-02   0.0000D+00   0.1959D-02   0.1979D-03  -0.5869D-03   0.6476D-03   0.6126D-01  -0.3394D-02   0.9061D-02  -0.9440D-03   0.2353D-01  -0.5365D-02
  -0.3607D-03  -0.8439D-03  -0.3144D-03  -0.6582D-03  -0.3607D-03  -0.8439D-03  -0.3144D-03  -0.6582D-03
  1.000  0.500
  -0.1492D-01   0.0000D+00  -0.9127D-02   0.0000D+00   0.0000D+00   0.0000D+00  -0.3462D-02   0.0000D+00  -0.1492D-01   0.0000D+00  -0.9127D-02   0.0000D+00
   0.6844D-01   0.0000D+00   0.9953D-02   0.0000D+00   0.3150D-01   0.0000D+00   0.8182D-02   0.0000D+00   0.1818D-02   0.0000D+00   0.0000D+00   0.0000D+00   0.6844D-01   0.0000D+00   0.9953D-02   0.0000D+00   0.3150D-01   0.0000D+00
   0.0000D+00   0.0000D+00   0.0000D+00   0.0000D+00   0.0000D+00   0.0000D+00   0.0000D+00   0.0000D+00
  -0.1500D-01   0.1035D-02  -0.9528D-02   0.5904D-03   0.4322D-03  -0.3004D-03  -0.3468D-02   0.2568D-03  -0.1500D-01   0.1035D-02  -0.9528D-02   0.5904D-03
   0.6070D-01  -0.3340D-02   0.8966D-02  -0.9274D-03   0.2337D-01  -0.5259D-02   0.8117D-02   0.0000D+00   0.1935D-02   0.1929D-03  -0.5698D-03   0.6312D-03   0.6070D-01  -0.3340D-02   0.8966D-02  -0.9274D-03   0.2337D-01  -0.5259D-02
  -0.3547D-03  -0.8288D-03  -0.3078D-03  -0.6439D-03  -0.3547D-03  -0.8288D-03  -0.3078D-03  -0.6439D-03
  1.000  1.000
  -0.1392D-01   0.0000D+00  -0.8514D-02   0.0000D+00   0.0000D+00   0.0000D+00  -0.3230D-02   0.0000D+00  -0.1392D-01   0.0000D+00  -0.8514D-02   0.0000D+00
   0.6844D-01   0.0000D+00   0.9953D-02   0.0000D+00   0.3150D-01   0.0000D+00   0.8182D-02   0.0000D+00   0.1818D-02   0.0000D+00   0.0000D+00   0.0000D+00   0.6844D-01   0.0000D+00   0.9953D-02   0.0000D+00   0.3150D-01   0.0000D+00
   0.0000D+00   0.0000D+00   0.0000D+00   0.0000D+00   0.0000D+00   0.0000D+00   0.0000D+00   0.0000D+00
  -0.1498D-01   0.9007D-03  -0.9474D-02   0.5138D-03   0.3762D-03  -0.2614D-03  -0.3467D-02   0.2235D-03  -0.1498D-01   0.9007D-03  -0.9474D-02   0.5138D-03
   0.6123D-01  -0.3115D-02   0.9033D-02  -0.8651D-03   0.2392D-01  -0.4906D-02   0.8121D-02   0.0000D+00   0.1927D-02   0.1799D-03  -0.5315D-03   0.5888D-03   0.6123D-01  -0.3115D-02   0.9033D-02  -0.8651D-03   0.2392D-01  -0.4906D-02
  -0.3309D-03  -0.7731D-03  -0.2871D-03  -0.6006D-03  -0.3309D-03  -0.7731D-03  -0.2871D-03  -0.6006D-03
  1.000  2.000
  -0.1305D-01   0.0000D+00  -0.7979D-02   0.0000D+00   0.0000D+00   0.0000D+00  -0.3027D-02   0.0000D+00  -0.1305D-01   0.0000D+00  -0.7979D-02   0.0000D+00
   0.6844D-01   0.0000D+00   0.9953D-02   0.0000D+00   0.3150D-01   0.0000D+00   0.8182D-02   0.0000D+00   0.1818D-02   0.0000D+00   0.0000D+00   0.0000D+00   0.6844D-01   0.0000D+00   0.9953D-02   0.0000D+00   0.3150D-01   0.0000D+00
   0.0000D+00   0.0000D+00   0.0000D+00   0.0000D+00   0.0000D+00   0.0000D+00   0.0000D+00   0.0000D+00
  -0.1486D-01   0.7910D-03  -0.9359D-02   0.4512D-03   0.3304D-03  -0.2296D-03  -0.3439D-02   0.1963D-03  -0.1486D-01   0.7910D-03  -0.9359D-02   0.4512D-03
   0.6168D-01  -0.2920D-02   0.9092D-02  -0.8107D-03   0.2440D-01  -0.4597D-02   0.8126D-02   0.0000D+00   0.1920D-02   0.1686D-03  -0.4982D-03   0.5518D-03   0.6168D-01  -0.2920D-02   0.9092D-02  -0.8107D-03   0.2440D-01  -0.4597D-02
  -0.3101D-03  -0.7245D-03  -0.2690D-03  -0.5629D-03  -0.3101D-03  -0.7245D-03  -0.2690D-03  -0.5629D-03
  2.000  0.500
  -0.1295D-01   0.0000D+00  -0.7897D-02   0.0000D+00   0.0000D+00   0.0000D+00  -0.2982D-02   0.0000D+00  -0.1295D-01   0.0000D+00  -0.7897D-02   0.0000D+00
   0.5928D-01   0.0000D+00   0.8611D-02   0.0000D+00   0.2731D-01   0.0000D+00   0.7041D-02   0.0000D+00   0.1565D-02   0.0000D+00   0.0000D+00   0.0000D+00   0.5928D-01   0.0000D+00   0.8611D-02   0.0000D+00   0.2731D-01   0.0000D+00
   0.0000D+00   0.0000D+00   0.0000D+00   0.0000D+00   0.0000D+00   0.0000D+00   0.0000D+00   0.0000D+00
  -0.1499D-01   0.8953D-03  -0.9480D-02   0.5112D-03   0.3715D-03  -0.2588D-03  -0.3465D-02   0.2231D-03  -0.1499D-01   0.8953D-03  -0.9480D-02   0.5112D-03
   0.6173D-01  -0.2897D-02   0.9098D-02  -0.8038D-03   0.2454D-01  -0.4551D-02   0.8130D-02   0.0000D+00   0.1917D-02   0.1659D-03  -0.4877D-03   0.5430D-03   0.6173D-01  -0.2897D-02   0.9098D-02  -0.8038D-03   0.2454D-01  -0.4551D-02
  -0.3078D-03  -0.7188D-03  -0.2659D-03  -0.5556D-03  -0.3078D-03  -0.7188D-03  -0.2659D-03  -0.5556D-03
  2.000  1.000
  -0.1208D-01   0.0000D+00  -0.7366D-02   0.0000D+00   0.0000D+00   0.0000D+00  -0.2781D-02   0.0000D+00  -0.1208D-01   0.0000D+00  -0.7366D-02   0.0000D+00
   0.5928D-01   0.0000D+00   0.8611D-02   0.0000D+00   0.2731D-01   0.0000D+00   0.7041D-02   0.0000D+00   0.1565D-02   0.0000D+00   0.0000D+00   0.0000D+00   0.5928D-01   0.0000D+00   0.8611D-02   0.0000D+00   0.2731D-01   0.0000D+00
   0.0000D+00   0.0000D+00   0.0000D+00   0.0000D+00   0.0000D+00   0.0000D+00   0.0000D+00   0.0000D+00
  -0.1473D-01   0.7790D-03  -0.9273D-02   0.4448D-03   0.3233D-03  -0.2251D-03  -0.3402D-02   0.1942D-03  -0.1473D-01   0.7790D-03  -0.9273D-02   0.4448D-03
   0.6157D-01  -0.2703D-02   0.9066D-02  -0.7498D-03   0.2473D-01  -0.4245D-02   0.8058D-02   0.0000D+00   0.1893D-02   0.1548D-03  -0.4550D-03   0.5066D-03   0.6157D-01  -0.2703D-02   0.9066D-02  -0.7498D-03   0.2473D-01  -0.4245D-02
  -0.2871D-03  -0.6705D-03  -0.2480D-03  -0.5183D-03  -0.2871D-03  -0.6705D-03  -0.2480D-03  -0.5183D-03
  2.000  2.000
  -0.1132D-01   0.0000D+00  -0.6903D-02   0.0000D+00   0.0000D+00   0.0000D+00  -0.2606D-02   0.0000D+00  -0.1132D-01   0.0000D+00  -0.6903D-02   0.0000D+00
   0.5928D-01   0.0000D+00   0.8611D-02   0.0000D+00   0.2731D-01   0.0000D+00   0.7041D-02   0.0000D+00   0.1565D-02   0.0000D+00   0.0000D+00   0.0000D+00   0.5928D-01   0.0000D+00   0.8611D-02   0.0000D+00   0.2731D-01   0.0000D+00
   0.0000D+00   0.0000D+00   0.0000D+00   0.0000D+00   0.0000D+00   0.0000D+00   0.0000D+00   0.0000D+00
  -0.1441D-01   0.6841D-03  -0.9042D-02   0.3906D-03   0.2840D-03  -0.1977D-03  -0.3327D-02   0.1705D-03  -0.1441D-01   0.6841D-03  -0.9042D-02   0.3906D-03
   0.6143D-01  -0.2533D-02   0.9038D-02  -0.7026D-03   0.2489D-01  -0.3978D-02   0.7994D-02   0.0000D+00   0.1873D-02   0.1450D-03  -0.4264D-03   0.4747D-03   0.6143D-01  -0.2533D-02   0.9038D-02  -0.7026D-03   0.2489D-01  -0.3978D-02
  -0.2690D-03  -0.6283D-03  -0.2324D-03  -0.4857D-03  -0.2690D-03  -0.6283D-03  -0.2324D-03  -0.4857D-03
