 LHC=           1 sqrts=   8000.0000000000000      ang=           4 mode=fital                                                                                               scalescheme=           1 R=  0.69999999999999996     
 NNPDF23_nlo_as_0118                                                                                           28
 Bin information: chid, chiu, md, mu, mu0
   0.0000000000000000       0.50000000000000000        548.00000000000000        592.00000000000000        570.00000000000000     
 9 scales(muf, mur)*(LO(38), NLO(38))
  0.500  0.500
  -0.6815D+00   0.0000D+00  -0.6046D+00   0.0000D+00   0.0000D+00   0.0000D+00  -0.4445D+00   0.0000D+00  -0.6815D+00   0.0000D+00  -0.6046D+00   0.0000D+00
   0.5590D+00   0.0000D+00   0.9298D-01   0.0000D+00   0.1869D+00   0.0000D+00   0.1551D+00   0.0000D+00   0.3447D-01   0.0000D+00   0.0000D+00   0.0000D+00   0.5590D+00   0.0000D+00   0.9298D-01   0.0000D+00   0.1869D+00   0.0000D+00
   0.0000D+00   0.0000D+00   0.0000D+00   0.0000D+00   0.0000D+00   0.0000D+00   0.0000D+00   0.0000D+00
  -0.5181D+00   0.8100D-01  -0.5227D+00   0.4762D-01   0.5140D-01  -0.4305D-01  -0.4038D+00   0.6220D-02  -0.5181D+00   0.8100D-01  -0.5227D+00   0.4762D-01
   0.4710D+00  -0.2212D-01   0.8079D-01  -0.7371D-02   0.1049D+00  -0.4947D-01   0.1415D+00   0.0000D+00   0.3507D-01   0.4079D-02  -0.3384D-02   0.1335D-01   0.4710D+00  -0.2212D-01   0.8079D-01  -0.7371D-02   0.1049D+00  -0.4947D-01
  -0.1992D-02  -0.6468D-02  -0.3543D-02  -0.8452D-02  -0.1992D-02  -0.6468D-02  -0.3543D-02  -0.8452D-02
  0.500  1.000
  -0.6307D+00   0.0000D+00  -0.5595D+00   0.0000D+00   0.0000D+00   0.0000D+00  -0.4114D+00   0.0000D+00  -0.6307D+00   0.0000D+00  -0.5595D+00   0.0000D+00
   0.5590D+00   0.0000D+00   0.9298D-01   0.0000D+00   0.1869D+00   0.0000D+00   0.1551D+00   0.0000D+00   0.3447D-01   0.0000D+00   0.0000D+00   0.0000D+00   0.5590D+00   0.0000D+00   0.9298D-01   0.0000D+00   0.1869D+00   0.0000D+00
   0.0000D+00   0.0000D+00   0.0000D+00   0.0000D+00   0.0000D+00   0.0000D+00   0.0000D+00   0.0000D+00
  -0.5409D+00   0.6937D-01  -0.5339D+00   0.4078D-01   0.4402D-01  -0.3687D-01  -0.4093D+00   0.5327D-02  -0.5409D+00   0.6937D-01  -0.5339D+00   0.4078D-01
   0.4777D+00  -0.2047D-01   0.8172D-01  -0.6822D-02   0.1110D+00  -0.4578D-01   0.1425D+00   0.0000D+00   0.3503D-01   0.3775D-02  -0.3132D-02   0.1235D-01   0.4777D+00  -0.2047D-01   0.8172D-01  -0.6822D-02   0.1110D+00  -0.4578D-01
  -0.1844D-02  -0.5986D-02  -0.3279D-02  -0.7821D-02  -0.1844D-02  -0.5986D-02  -0.3279D-02  -0.7821D-02
  0.500  2.000
  -0.5870D+00   0.0000D+00  -0.5207D+00   0.0000D+00   0.0000D+00   0.0000D+00  -0.3829D+00   0.0000D+00  -0.5870D+00   0.0000D+00  -0.5207D+00   0.0000D+00
   0.5590D+00   0.0000D+00   0.9298D-01   0.0000D+00   0.1869D+00   0.0000D+00   0.1551D+00   0.0000D+00   0.3447D-01   0.0000D+00   0.0000D+00   0.0000D+00   0.5590D+00   0.0000D+00   0.9298D-01   0.0000D+00   0.1869D+00   0.0000D+00
   0.0000D+00   0.0000D+00   0.0000D+00   0.0000D+00   0.0000D+00   0.0000D+00   0.0000D+00   0.0000D+00
  -0.5527D+00   0.6010D-01  -0.5372D+00   0.3533D-01   0.3814D-01  -0.3194D-01  -0.4094D+00   0.4615D-02  -0.5527D+00   0.6010D-01  -0.5372D+00   0.3533D-01
   0.4834D+00  -0.1905D-01   0.8251D-01  -0.6349D-02   0.1163D+00  -0.4261D-01   0.1434D+00   0.0000D+00   0.3499D-01   0.3514D-02  -0.2915D-02   0.1150D-01   0.4834D+00  -0.1905D-01   0.8251D-01  -0.6349D-02   0.1163D+00  -0.4261D-01
  -0.1716D-02  -0.5572D-02  -0.3052D-02  -0.7280D-02  -0.1716D-02  -0.5572D-02  -0.3052D-02  -0.7280D-02
  1.000  0.500
  -0.6322D+00   0.0000D+00  -0.5611D+00   0.0000D+00   0.0000D+00   0.0000D+00  -0.4109D+00   0.0000D+00  -0.6322D+00   0.0000D+00  -0.5611D+00   0.0000D+00
   0.5180D+00   0.0000D+00   0.8626D-01   0.0000D+00   0.1731D+00   0.0000D+00   0.1434D+00   0.0000D+00   0.3188D-01   0.0000D+00   0.0000D+00   0.0000D+00   0.5180D+00   0.0000D+00   0.8626D-01   0.0000D+00   0.1731D+00   0.0000D+00
   0.0000D+00   0.0000D+00   0.0000D+00   0.0000D+00   0.0000D+00   0.0000D+00   0.0000D+00   0.0000D+00
  -0.5256D+00   0.7516D-01  -0.5265D+00   0.4414D-01   0.4783D-01  -0.3980D-01  -0.4040D+00   0.5856D-02  -0.5256D+00   0.7516D-01  -0.5265D+00   0.4414D-01
   0.4720D+00  -0.2048D-01   0.8119D-01  -0.6816D-02   0.1088D+00  -0.4588D-01   0.1408D+00   0.0000D+00   0.3481D-01   0.3771D-02  -0.3154D-02   0.1234D-01   0.4720D+00  -0.2048D-01   0.8119D-01  -0.6816D-02   0.1088D+00  -0.4588D-01
  -0.1847D-02  -0.6057D-02  -0.3294D-02  -0.7842D-02  -0.1847D-02  -0.6057D-02  -0.3294D-02  -0.7842D-02
  1.000  1.000
  -0.5851D+00   0.0000D+00  -0.5193D+00   0.0000D+00   0.0000D+00   0.0000D+00  -0.3803D+00   0.0000D+00  -0.5851D+00   0.0000D+00  -0.5193D+00   0.0000D+00
   0.5180D+00   0.0000D+00   0.8626D-01   0.0000D+00   0.1731D+00   0.0000D+00   0.1434D+00   0.0000D+00   0.3188D-01   0.0000D+00   0.0000D+00   0.0000D+00   0.5180D+00   0.0000D+00   0.8626D-01   0.0000D+00   0.1731D+00   0.0000D+00
   0.0000D+00   0.0000D+00   0.0000D+00   0.0000D+00   0.0000D+00   0.0000D+00   0.0000D+00   0.0000D+00
  -0.5403D+00   0.6437D-01  -0.5310D+00   0.3780D-01   0.4096D-01  -0.3409D-01  -0.4046D+00   0.5015D-02  -0.5403D+00   0.6437D-01  -0.5310D+00   0.3780D-01
   0.4755D+00  -0.1896D-01   0.8159D-01  -0.6308D-02   0.1136D+00  -0.4246D-01   0.1410D+00   0.0000D+00   0.3460D-01   0.3490D-02  -0.2919D-02   0.1142D-01   0.4755D+00  -0.1896D-01   0.8159D-01  -0.6308D-02   0.1136D+00  -0.4246D-01
  -0.1709D-02  -0.5605D-02  -0.3048D-02  -0.7257D-02  -0.1709D-02  -0.5605D-02  -0.3048D-02  -0.7257D-02
  1.000  2.000
  -0.5445D+00   0.0000D+00  -0.4833D+00   0.0000D+00   0.0000D+00   0.0000D+00  -0.3539D+00   0.0000D+00  -0.5445D+00   0.0000D+00  -0.4833D+00   0.0000D+00
   0.5180D+00   0.0000D+00   0.8626D-01   0.0000D+00   0.1731D+00   0.0000D+00   0.1434D+00   0.0000D+00   0.3188D-01   0.0000D+00   0.0000D+00   0.0000D+00   0.5180D+00   0.0000D+00   0.8626D-01   0.0000D+00   0.1731D+00   0.0000D+00
   0.0000D+00   0.0000D+00   0.0000D+00   0.0000D+00   0.0000D+00   0.0000D+00   0.0000D+00   0.0000D+00
  -0.5461D+00   0.5576D-01  -0.5293D+00   0.3275D-01   0.3548D-01  -0.2953D-01  -0.4012D+00   0.4345D-02  -0.5461D+00   0.5576D-01  -0.5293D+00   0.3275D-01
   0.4786D+00  -0.1764D-01   0.8193D-01  -0.5871D-02   0.1178D+00  -0.3952D-01   0.1412D+00   0.0000D+00   0.3441D-01   0.3248D-02  -0.2717D-02   0.1063D-01   0.4786D+00  -0.1764D-01   0.8193D-01  -0.5871D-02   0.1178D+00  -0.3952D-01
  -0.1591D-02  -0.5217D-02  -0.2837D-02  -0.6755D-02  -0.1591D-02  -0.5217D-02  -0.2837D-02  -0.6755D-02
  2.000  0.500
  -0.5892D+00   0.0000D+00  -0.5233D+00   0.0000D+00   0.0000D+00   0.0000D+00  -0.3814D+00   0.0000D+00  -0.5892D+00   0.0000D+00  -0.5233D+00   0.0000D+00
   0.4825D+00   0.0000D+00   0.8017D-01   0.0000D+00   0.1612D+00   0.0000D+00   0.1329D+00   0.0000D+00   0.2953D-01   0.0000D+00   0.0000D+00   0.0000D+00   0.4825D+00   0.0000D+00   0.8017D-01   0.0000D+00   0.1612D+00   0.0000D+00
   0.0000D+00   0.0000D+00   0.0000D+00   0.0000D+00   0.0000D+00   0.0000D+00   0.0000D+00   0.0000D+00
  -0.5368D+00   0.7016D-01  -0.5320D+00   0.4109D-01   0.4385D-01  -0.3692D-01  -0.4092D+00   0.5558D-02  -0.5368D+00   0.7016D-01  -0.5320D+00   0.4109D-01
   0.4772D+00  -0.1907D-01   0.8140D-01  -0.6346D-02   0.1138D+00  -0.4259D-01   0.1415D+00   0.0000D+00   0.3464D-01   0.3493D-02  -0.3010D-02   0.1143D-01   0.4772D+00  -0.1907D-01   0.8140D-01  -0.6346D-02   0.1138D+00  -0.4259D-01
  -0.1725D-02  -0.5618D-02  -0.3066D-02  -0.7276D-02  -0.1725D-02  -0.5618D-02  -0.3066D-02  -0.7276D-02
  2.000  1.000
  -0.5453D+00   0.0000D+00  -0.4843D+00   0.0000D+00   0.0000D+00   0.0000D+00  -0.3530D+00   0.0000D+00  -0.5453D+00   0.0000D+00  -0.4843D+00   0.0000D+00
   0.4825D+00   0.0000D+00   0.8017D-01   0.0000D+00   0.1612D+00   0.0000D+00   0.1329D+00   0.0000D+00   0.2953D-01   0.0000D+00   0.0000D+00   0.0000D+00   0.4825D+00   0.0000D+00   0.8017D-01   0.0000D+00   0.1612D+00   0.0000D+00
   0.0000D+00   0.0000D+00   0.0000D+00   0.0000D+00   0.0000D+00   0.0000D+00   0.0000D+00   0.0000D+00
  -0.5438D+00   0.6009D-01  -0.5303D+00   0.3519D-01   0.3756D-01  -0.3162D-01  -0.4049D+00   0.4760D-02  -0.5438D+00   0.6009D-01  -0.5303D+00   0.3519D-01
   0.4777D+00  -0.1764D-01   0.8133D-01  -0.5873D-02   0.1174D+00  -0.3942D-01   0.1409D+00   0.0000D+00   0.3427D-01   0.3233D-02  -0.2786D-02   0.1058D-01   0.4777D+00  -0.1764D-01   0.8133D-01  -0.5873D-02   0.1174D+00  -0.3942D-01
  -0.1596D-02  -0.5199D-02  -0.2837D-02  -0.6733D-02  -0.1596D-02  -0.5199D-02  -0.2837D-02  -0.6733D-02
  2.000  2.000
  -0.5075D+00   0.0000D+00  -0.4508D+00   0.0000D+00   0.0000D+00   0.0000D+00  -0.3285D+00   0.0000D+00  -0.5075D+00   0.0000D+00  -0.4508D+00   0.0000D+00
   0.4825D+00   0.0000D+00   0.8017D-01   0.0000D+00   0.1612D+00   0.0000D+00   0.1329D+00   0.0000D+00   0.2953D-01   0.0000D+00   0.0000D+00   0.0000D+00   0.4825D+00   0.0000D+00   0.8017D-01   0.0000D+00   0.1612D+00   0.0000D+00
   0.0000D+00   0.0000D+00   0.0000D+00   0.0000D+00   0.0000D+00   0.0000D+00   0.0000D+00   0.0000D+00
  -0.5438D+00   0.5206D-01  -0.5240D+00   0.3049D-01   0.3254D-01  -0.2739D-01  -0.3978D+00   0.4124D-02  -0.5438D+00   0.5206D-01  -0.5240D+00   0.3049D-01
   0.4781D+00  -0.1642D-01   0.8127D-01  -0.5466D-02   0.1204D+00  -0.3669D-01   0.1403D+00   0.0000D+00   0.3394D-01   0.3009D-02  -0.2593D-02   0.9847D-02   0.4781D+00  -0.1642D-01   0.8127D-01  -0.5466D-02   0.1204D+00  -0.3669D-01
  -0.1486D-02  -0.4839D-02  -0.2641D-02  -0.6267D-02  -0.1486D-02  -0.4839D-02  -0.2641D-02  -0.6267D-02
