 LHC=           1 sqrts=   8000.0000000000000      ang=           4 mode=fital                                                                                               scalescheme=           1 R=  0.69999999999999996     
 CT10nlo_rand5678                                                                                             387
 Bin information: chid, chiu, md, mu, mu0
   0.0000000000000000       0.50000000000000000        220.00000000000000        245.00000000000000        232.50000000000000     
 9 scales(muf, mur)*(LO(38), NLO(38))
  0.500  0.500
  -0.3237D+01   0.0000D+00  -0.4351D+01   0.0000D+00   0.0000D+00   0.0000D+00  -0.4383D+01   0.0000D+00  -0.3237D+01   0.0000D+00  -0.4351D+01   0.0000D+00
   0.5768D+00   0.0000D+00   0.1048D+00   0.0000D+00   0.1389D+00   0.0000D+00   0.2329D+00   0.0000D+00   0.5176D-01   0.0000D+00   0.0000D+00   0.0000D+00   0.5768D+00   0.0000D+00   0.1048D+00   0.0000D+00   0.1389D+00   0.0000D+00
   0.0000D+00   0.0000D+00   0.0000D+00   0.0000D+00   0.0000D+00   0.0000D+00   0.0000D+00   0.0000D+00
  -0.2267D+01   0.6873D+00  -0.3656D+01   0.4108D+00   0.3495D+00  -0.4767D+00  -0.4024D+01  -0.2769D-01  -0.2267D+01   0.6873D+00  -0.3656D+01   0.4108D+00
   0.6511D+00  -0.1841D-01   0.1197D+00  -0.7517D-02   0.1031D+00  -0.5838D-01   0.2581D+00   0.0000D+00   0.6534D-01   0.6868D-02  -0.8143D-04   0.2248D-01   0.6511D+00  -0.1841D-01   0.1197D+00  -0.7517D-02   0.1031D+00  -0.5838D-01
  -0.1130D-02  -0.6654D-02  -0.4331D-02  -0.1220D-01  -0.1130D-02  -0.6654D-02  -0.4331D-02  -0.1220D-01
  0.500  1.000
  -0.2941D+01   0.0000D+00  -0.3954D+01   0.0000D+00   0.0000D+00   0.0000D+00  -0.3983D+01   0.0000D+00  -0.2941D+01   0.0000D+00  -0.3954D+01   0.0000D+00
   0.5768D+00   0.0000D+00   0.1048D+00   0.0000D+00   0.1389D+00   0.0000D+00   0.2329D+00   0.0000D+00   0.5176D-01   0.0000D+00   0.0000D+00   0.0000D+00   0.5768D+00   0.0000D+00   0.1048D+00   0.0000D+00   0.1389D+00   0.0000D+00
   0.0000D+00   0.0000D+00   0.0000D+00   0.0000D+00   0.0000D+00   0.0000D+00   0.0000D+00   0.0000D+00
  -0.2400D+01   0.5675D+00  -0.3728D+01   0.3392D+00   0.2885D+00  -0.3936D+00  -0.4037D+01  -0.2286D-01  -0.2400D+01   0.5675D+00  -0.3728D+01   0.3392D+00
   0.6449D+00  -0.1673D-01   0.1184D+00  -0.6831D-02   0.1065D+00  -0.5305D-01   0.2560D+00   0.0000D+00   0.6415D-01   0.6241D-02  -0.6750D-04   0.2043D-01   0.6449D+00  -0.1673D-01   0.1184D+00  -0.6831D-02   0.1065D+00  -0.5305D-01
  -0.1027D-02  -0.6046D-02  -0.3935D-02  -0.1108D-01  -0.1027D-02  -0.6046D-02  -0.3935D-02  -0.1108D-01
  0.500  2.000
  -0.2696D+01   0.0000D+00  -0.3624D+01   0.0000D+00   0.0000D+00   0.0000D+00  -0.3650D+01   0.0000D+00  -0.2696D+01   0.0000D+00  -0.3624D+01   0.0000D+00
   0.5768D+00   0.0000D+00   0.1048D+00   0.0000D+00   0.1389D+00   0.0000D+00   0.2329D+00   0.0000D+00   0.5176D-01   0.0000D+00   0.0000D+00   0.0000D+00   0.5768D+00   0.0000D+00   0.1048D+00   0.0000D+00   0.1389D+00   0.0000D+00
   0.0000D+00   0.0000D+00   0.0000D+00   0.0000D+00   0.0000D+00   0.0000D+00   0.0000D+00   0.0000D+00
  -0.2458D+01   0.4768D+00  -0.3726D+01   0.2850D+00   0.2423D+00  -0.3306D+00  -0.3990D+01  -0.1921D-01  -0.2458D+01   0.4768D+00  -0.3726D+01   0.2850D+00
   0.6398D+00  -0.1534D-01   0.1174D+00  -0.6261D-02   0.1094D+00  -0.4863D-01   0.2542D+00   0.0000D+00   0.6316D-01   0.5721D-02  -0.5681D-04   0.1872D-01   0.6398D+00  -0.1534D-01   0.1174D+00  -0.6261D-02   0.1094D+00  -0.4863D-01
  -0.9412D-03  -0.5542D-02  -0.3607D-02  -0.1016D-01  -0.9412D-03  -0.5542D-02  -0.3607D-02  -0.1016D-01
  1.000  0.500
  -0.3133D+01   0.0000D+00  -0.4275D+01   0.0000D+00   0.0000D+00   0.0000D+00  -0.4266D+01   0.0000D+00  -0.3133D+01   0.0000D+00  -0.4275D+01   0.0000D+00
   0.5644D+00   0.0000D+00   0.1028D+00   0.0000D+00   0.1358D+00   0.0000D+00   0.2274D+00   0.0000D+00   0.5052D-01   0.0000D+00   0.0000D+00   0.0000D+00   0.5644D+00   0.0000D+00   0.1028D+00   0.0000D+00   0.1358D+00   0.0000D+00
   0.0000D+00   0.0000D+00   0.0000D+00   0.0000D+00   0.0000D+00   0.0000D+00   0.0000D+00   0.0000D+00
  -0.2293D+01   0.6722D+00  -0.3694D+01   0.4025D+00   0.3334D+00  -0.4631D+00  -0.4022D+01  -0.2702D-01  -0.2293D+01   0.6722D+00  -0.3694D+01   0.4025D+00
   0.6367D+00  -0.1810D-01   0.1181D+00  -0.7400D-02   0.1020D+00  -0.5711D-01   0.2542D+00   0.0000D+00   0.6424D-01   0.6720D-02  -0.1095D-03   0.2199D-01   0.6367D+00  -0.1810D-01   0.1181D+00  -0.7400D-02   0.1020D+00  -0.5711D-01
  -0.1112D-02  -0.6430D-02  -0.4281D-02  -0.1191D-01  -0.1112D-02  -0.6430D-02  -0.4281D-02  -0.1191D-01
  1.000  1.000
  -0.2847D+01   0.0000D+00  -0.3884D+01   0.0000D+00   0.0000D+00   0.0000D+00  -0.3877D+01   0.0000D+00  -0.2847D+01   0.0000D+00  -0.3884D+01   0.0000D+00
   0.5644D+00   0.0000D+00   0.1028D+00   0.0000D+00   0.1358D+00   0.0000D+00   0.2274D+00   0.0000D+00   0.5052D-01   0.0000D+00   0.0000D+00   0.0000D+00   0.5644D+00   0.0000D+00   0.1028D+00   0.0000D+00   0.1358D+00   0.0000D+00
   0.0000D+00   0.0000D+00   0.0000D+00   0.0000D+00   0.0000D+00   0.0000D+00   0.0000D+00   0.0000D+00
  -0.2404D+01   0.5550D+00  -0.3747D+01   0.3323D+00   0.2752D+00  -0.3823D+00  -0.4017D+01  -0.2231D-01  -0.2404D+01   0.5550D+00  -0.3747D+01   0.3323D+00
   0.6307D+00  -0.1645D-01   0.1168D+00  -0.6725D-02   0.1053D+00  -0.5189D-01   0.2519D+00   0.0000D+00   0.6303D-01   0.6106D-02  -0.9410D-04   0.1998D-01   0.6307D+00  -0.1645D-01   0.1168D+00  -0.6725D-02   0.1053D+00  -0.5189D-01
  -0.1010D-02  -0.5843D-02  -0.3890D-02  -0.1082D-01  -0.1010D-02  -0.5843D-02  -0.3890D-02  -0.1082D-01
  1.000  2.000
  -0.2610D+01   0.0000D+00  -0.3560D+01   0.0000D+00   0.0000D+00   0.0000D+00  -0.3553D+01   0.0000D+00  -0.2610D+01   0.0000D+00  -0.3560D+01   0.0000D+00
   0.5644D+00   0.0000D+00   0.1028D+00   0.0000D+00   0.1358D+00   0.0000D+00   0.2274D+00   0.0000D+00   0.5052D-01   0.0000D+00   0.0000D+00   0.0000D+00   0.5644D+00   0.0000D+00   0.1028D+00   0.0000D+00   0.1358D+00   0.0000D+00
   0.0000D+00   0.0000D+00   0.0000D+00   0.0000D+00   0.0000D+00   0.0000D+00   0.0000D+00   0.0000D+00
  -0.2448D+01   0.4663D+00  -0.3732D+01   0.2792D+00   0.2311D+00  -0.3212D+00  -0.3957D+01  -0.1874D-01  -0.2448D+01   0.4663D+00  -0.3732D+01   0.2792D+00
   0.6256D+00  -0.1508D-01   0.1157D+00  -0.6164D-02   0.1080D+00  -0.4757D-01   0.2500D+00   0.0000D+00   0.6203D-01   0.5597D-02  -0.8216D-04   0.1832D-01   0.6256D+00  -0.1508D-01   0.1157D+00  -0.6164D-02   0.1080D+00  -0.4757D-01
  -0.9262D-03  -0.5356D-02  -0.3565D-02  -0.9920D-02  -0.9262D-03  -0.5356D-02  -0.3565D-02  -0.9920D-02
  2.000  0.500
  -0.3063D+01   0.0000D+00  -0.4165D+01   0.0000D+00   0.0000D+00   0.0000D+00  -0.4169D+01   0.0000D+00  -0.3063D+01   0.0000D+00  -0.4165D+01   0.0000D+00
   0.5496D+00   0.0000D+00   0.1002D+00   0.0000D+00   0.1317D+00   0.0000D+00   0.2219D+00   0.0000D+00   0.4931D-01   0.0000D+00   0.0000D+00   0.0000D+00   0.5496D+00   0.0000D+00   0.1002D+00   0.0000D+00   0.1317D+00   0.0000D+00
   0.0000D+00   0.0000D+00   0.0000D+00   0.0000D+00   0.0000D+00   0.0000D+00   0.0000D+00   0.0000D+00
  -0.2319D+01   0.6567D+00  -0.3725D+01   0.3929D+00   0.3456D+00  -0.4526D+00  -0.4071D+01  -0.2579D-01  -0.2319D+01   0.6567D+00  -0.3725D+01   0.3929D+00
   0.6239D+00  -0.1749D-01   0.1149D+00  -0.7180D-02   0.9991D-01  -0.5516D-01   0.2510D+00   0.0000D+00   0.6344D-01   0.6555D-02  -0.1303D-03   0.2145D-01   0.6239D+00  -0.1749D-01   0.1149D+00  -0.7180D-02   0.9991D-01  -0.5516D-01
  -0.1093D-02  -0.6339D-02  -0.4204D-02  -0.1163D-01  -0.1093D-02  -0.6339D-02  -0.4204D-02  -0.1163D-01
  2.000  1.000
  -0.2783D+01   0.0000D+00  -0.3784D+01   0.0000D+00   0.0000D+00   0.0000D+00  -0.3789D+01   0.0000D+00  -0.2783D+01   0.0000D+00  -0.3784D+01   0.0000D+00
   0.5496D+00   0.0000D+00   0.1002D+00   0.0000D+00   0.1317D+00   0.0000D+00   0.2219D+00   0.0000D+00   0.4931D-01   0.0000D+00   0.0000D+00   0.0000D+00   0.5496D+00   0.0000D+00   0.1002D+00   0.0000D+00   0.1317D+00   0.0000D+00
   0.0000D+00   0.0000D+00   0.0000D+00   0.0000D+00   0.0000D+00   0.0000D+00   0.0000D+00   0.0000D+00
  -0.2418D+01   0.5422D+00  -0.3759D+01   0.3244D+00   0.2854D+00  -0.3737D+00  -0.4043D+01  -0.2129D-01  -0.2418D+01   0.5422D+00  -0.3759D+01   0.3244D+00
   0.6216D+00  -0.1590D-01   0.1143D+00  -0.6525D-02   0.1043D+00  -0.5012D-01   0.2493D+00   0.0000D+00   0.6243D-01   0.5957D-02  -0.1139D-03   0.1950D-01   0.6216D+00  -0.1590D-01   0.1143D+00  -0.6525D-02   0.1043D+00  -0.5012D-01
  -0.9933D-03  -0.5760D-02  -0.3820D-02  -0.1057D-01  -0.9933D-03  -0.5760D-02  -0.3820D-02  -0.1057D-01
  2.000  2.000
  -0.2551D+01   0.0000D+00  -0.3469D+01   0.0000D+00   0.0000D+00   0.0000D+00  -0.3473D+01   0.0000D+00  -0.2551D+01   0.0000D+00  -0.3469D+01   0.0000D+00
   0.5496D+00   0.0000D+00   0.1002D+00   0.0000D+00   0.1317D+00   0.0000D+00   0.2219D+00   0.0000D+00   0.4931D-01   0.0000D+00   0.0000D+00   0.0000D+00   0.5496D+00   0.0000D+00   0.1002D+00   0.0000D+00   0.1317D+00   0.0000D+00
   0.0000D+00   0.0000D+00   0.0000D+00   0.0000D+00   0.0000D+00   0.0000D+00   0.0000D+00   0.0000D+00
  -0.2450D+01   0.4555D+00  -0.3727D+01   0.2725D+00   0.2397D+00  -0.3140D+00  -0.3967D+01  -0.1789D-01  -0.2450D+01   0.4555D+00  -0.3727D+01   0.2725D+00
   0.6161D+00  -0.1457D-01   0.1132D+00  -0.5981D-02   0.1067D+00  -0.4594D-01   0.2471D+00   0.0000D+00   0.6138D-01   0.5460D-02  -0.1003D-03   0.1787D-01   0.6161D+00  -0.1457D-01   0.1132D+00  -0.5981D-02   0.1067D+00  -0.4594D-01
  -0.9104D-03  -0.5280D-02  -0.3502D-02  -0.9684D-02  -0.9104D-03  -0.5280D-02  -0.3502D-02  -0.9684D-02
