 LHC=           1 sqrts=   8000.0000000000000      ang=           4 mode=fital                                                                                               scalescheme=           1 R=  0.69999999999999996     
 CT10nlo_rand5678                                                                                             337
 Bin information: chid, chiu, md, mu, mu0
   0.0000000000000000       0.50000000000000000        97.000000000000000        114.00000000000000        105.50000000000000     
 9 scales(muf, mur)*(LO(38), NLO(38))
  0.500  0.500
  -0.1285D+02   0.0000D+00  -0.2098D+02   0.0000D+00   0.0000D+00   0.0000D+00  -0.2227D+02   0.0000D+00  -0.1285D+02   0.0000D+00  -0.2098D+02   0.0000D+00
   0.4801D+00   0.0000D+00   0.8999D-01   0.0000D+00   0.1028D+00   0.0000D+00   0.2132D+00   0.0000D+00   0.4737D-01   0.0000D+00   0.0000D+00   0.0000D+00   0.4801D+00   0.0000D+00   0.8999D-01   0.0000D+00   0.1028D+00   0.0000D+00
   0.0000D+00   0.0000D+00   0.0000D+00   0.0000D+00   0.0000D+00   0.0000D+00   0.0000D+00   0.0000D+00
  -0.8613D+01   0.3762D+01  -0.1713D+02   0.2241D+01   0.1709D+01  -0.2729D+01  -0.1970D+02  -0.2394D+00  -0.8613D+01   0.3762D+01  -0.1713D+02   0.2241D+01
   0.8387D+00  -0.1534D-01   0.1566D+00  -0.6930D-02   0.1327D+00  -0.5617D-01   0.3392D+00   0.0000D+00   0.8824D-01   0.7092D-02   0.4901D-02   0.2321D-01   0.8387D+00  -0.1534D-01   0.1566D+00  -0.6930D-02   0.1327D+00  -0.5617D-01
  -0.5472D-03  -0.5983D-02  -0.3734D-02  -0.1220D-01  -0.5472D-03  -0.5983D-02  -0.3734D-02  -0.1220D-01
  0.500  1.000
  -0.1153D+02   0.0000D+00  -0.1882D+02   0.0000D+00   0.0000D+00   0.0000D+00  -0.1999D+02   0.0000D+00  -0.1153D+02   0.0000D+00  -0.1882D+02   0.0000D+00
   0.4801D+00   0.0000D+00   0.8999D-01   0.0000D+00   0.1028D+00   0.0000D+00   0.2132D+00   0.0000D+00   0.4737D-01   0.0000D+00   0.0000D+00   0.0000D+00   0.4801D+00   0.0000D+00   0.8999D-01   0.0000D+00   0.1028D+00   0.0000D+00
   0.0000D+00   0.0000D+00   0.0000D+00   0.0000D+00   0.0000D+00   0.0000D+00   0.0000D+00   0.0000D+00
  -0.9259D+01   0.3029D+01  -0.1758D+02   0.1805D+01   0.1375D+01  -0.2197D+01  -0.1989D+02  -0.1928D+00  -0.9259D+01   0.3029D+01  -0.1758D+02   0.1805D+01
   0.8045D+00  -0.1377D-01   0.1502D+00  -0.6219D-02   0.1302D+00  -0.5041D-01   0.3271D+00   0.0000D+00   0.8426D-01   0.6364D-02   0.4439D-02   0.2083D-01   0.8045D+00  -0.1377D-01   0.1502D+00  -0.6219D-02   0.1302D+00  -0.5041D-01
  -0.4909D-03  -0.5370D-02  -0.3350D-02  -0.1095D-01  -0.4909D-03  -0.5370D-02  -0.3350D-02  -0.1095D-01
  0.500  2.000
  -0.1046D+02   0.0000D+00  -0.1708D+02   0.0000D+00   0.0000D+00   0.0000D+00  -0.1814D+02   0.0000D+00  -0.1046D+02   0.0000D+00  -0.1708D+02   0.0000D+00
   0.4801D+00   0.0000D+00   0.8999D-01   0.0000D+00   0.1028D+00   0.0000D+00   0.2132D+00   0.0000D+00   0.4737D-01   0.0000D+00   0.0000D+00   0.0000D+00   0.4801D+00   0.0000D+00   0.8999D-01   0.0000D+00   0.1028D+00   0.0000D+00
   0.0000D+00   0.0000D+00   0.0000D+00   0.0000D+00   0.0000D+00   0.0000D+00   0.0000D+00   0.0000D+00
  -0.9530D+01   0.2494D+01  -0.1759D+02   0.1486D+01   0.1132D+01  -0.1809D+01  -0.1968D+02  -0.1588D+00  -0.9530D+01   0.2494D+01  -0.1759D+02   0.1486D+01
   0.7765D+00  -0.1250D-01   0.1450D+00  -0.5644D-02   0.1281D+00  -0.4574D-01   0.3171D+00   0.0000D+00   0.8102D-01   0.5776D-02   0.4059D-02   0.1890D-01   0.7765D+00  -0.1250D-01   0.1450D+00  -0.5644D-02   0.1281D+00  -0.4574D-01
  -0.4453D-03  -0.4873D-02  -0.3040D-02  -0.9939D-02  -0.4453D-03  -0.4873D-02  -0.3040D-02  -0.9939D-02
  1.000  0.500
  -0.1310D+02   0.0000D+00  -0.2158D+02   0.0000D+00   0.0000D+00   0.0000D+00  -0.2315D+02   0.0000D+00  -0.1310D+02   0.0000D+00  -0.2158D+02   0.0000D+00
   0.4994D+00   0.0000D+00   0.9324D-01   0.0000D+00   0.1047D+00   0.0000D+00   0.2183D+00   0.0000D+00   0.4852D-01   0.0000D+00   0.0000D+00   0.0000D+00   0.4994D+00   0.0000D+00   0.9324D-01   0.0000D+00   0.1047D+00   0.0000D+00
   0.0000D+00   0.0000D+00   0.0000D+00   0.0000D+00   0.0000D+00   0.0000D+00   0.0000D+00   0.0000D+00
  -0.8469D+01   0.3912D+01  -0.1656D+02   0.2328D+01   0.1912D+01  -0.2848D+01  -0.1984D+02  -0.2504D+00  -0.8469D+01   0.3912D+01  -0.1656D+02   0.2328D+01
   0.8155D+00  -0.1573D-01   0.1510D+00  -0.7111D-02   0.1243D+00  -0.5769D-01   0.3266D+00   0.0000D+00   0.8526D-01   0.7319D-02   0.5240D-02   0.2395D-01   0.8155D+00  -0.1573D-01   0.1510D+00  -0.7111D-02   0.1243D+00  -0.5769D-01
  -0.5780D-03  -0.6273D-02  -0.3948D-02  -0.1255D-01  -0.5780D-03  -0.6273D-02  -0.3948D-02  -0.1255D-01
  1.000  1.000
  -0.1175D+02   0.0000D+00  -0.1936D+02   0.0000D+00   0.0000D+00   0.0000D+00  -0.2078D+02   0.0000D+00  -0.1175D+02   0.0000D+00  -0.1936D+02   0.0000D+00
   0.4994D+00   0.0000D+00   0.9324D-01   0.0000D+00   0.1047D+00   0.0000D+00   0.2183D+00   0.0000D+00   0.4852D-01   0.0000D+00   0.0000D+00   0.0000D+00   0.4994D+00   0.0000D+00   0.9324D-01   0.0000D+00   0.1047D+00   0.0000D+00
   0.0000D+00   0.0000D+00   0.0000D+00   0.0000D+00   0.0000D+00   0.0000D+00   0.0000D+00   0.0000D+00
  -0.9182D+01   0.3151D+01  -0.1723D+02   0.1875D+01   0.1539D+01  -0.2294D+01  -0.2015D+02  -0.2017D+00  -0.9182D+01   0.3151D+01  -0.1723D+02   0.1875D+01
   0.7805D+00  -0.1412D-01   0.1446D+00  -0.6382D-02   0.1213D+00  -0.5178D-01   0.3153D+00   0.0000D+00   0.8139D-01   0.6569D-02   0.4749D-02   0.2150D-01   0.7805D+00  -0.1412D-01   0.1446D+00  -0.6382D-02   0.1213D+00  -0.5178D-01
  -0.5186D-03  -0.5630D-02  -0.3543D-02  -0.1126D-01  -0.5186D-03  -0.5630D-02  -0.3543D-02  -0.1126D-01
  1.000  2.000
  -0.1066D+02   0.0000D+00  -0.1757D+02   0.0000D+00   0.0000D+00   0.0000D+00  -0.1885D+02   0.0000D+00  -0.1066D+02   0.0000D+00  -0.1757D+02   0.0000D+00
   0.4994D+00   0.0000D+00   0.9324D-01   0.0000D+00   0.1047D+00   0.0000D+00   0.2183D+00   0.0000D+00   0.4852D-01   0.0000D+00   0.0000D+00   0.0000D+00   0.4994D+00   0.0000D+00   0.9324D-01   0.0000D+00   0.1047D+00   0.0000D+00
   0.0000D+00   0.0000D+00   0.0000D+00   0.0000D+00   0.0000D+00   0.0000D+00   0.0000D+00   0.0000D+00
  -0.9503D+01   0.2594D+01  -0.1739D+02   0.1544D+01   0.1267D+01  -0.1889D+01  -0.2003D+02  -0.1660D+00  -0.9503D+01   0.2594D+01  -0.1739D+02   0.1544D+01
   0.7564D+00  -0.1281D-01   0.1402D+00  -0.5792D-02   0.1202D+00  -0.4699D-01   0.3069D+00   0.0000D+00   0.7851D-01   0.5961D-02   0.4337D-02   0.1951D-01   0.7564D+00  -0.1281D-01   0.1402D+00  -0.5792D-02   0.1202D+00  -0.4699D-01
  -0.4704D-03  -0.5109D-02  -0.3215D-02  -0.1022D-01  -0.4704D-03  -0.5109D-02  -0.3215D-02  -0.1022D-01
  2.000  0.500
  -0.1342D+02   0.0000D+00  -0.2229D+02   0.0000D+00   0.0000D+00   0.0000D+00  -0.2362D+02   0.0000D+00  -0.1342D+02   0.0000D+00  -0.2229D+02   0.0000D+00
   0.5166D+00   0.0000D+00   0.9637D-01   0.0000D+00   0.1066D+00   0.0000D+00   0.2276D+00   0.0000D+00   0.5059D-01   0.0000D+00   0.0000D+00   0.0000D+00   0.5166D+00   0.0000D+00   0.9637D-01   0.0000D+00   0.1066D+00   0.0000D+00
   0.0000D+00   0.0000D+00   0.0000D+00   0.0000D+00   0.0000D+00   0.0000D+00   0.0000D+00   0.0000D+00
  -0.8376D+01   0.4011D+01  -0.1673D+02   0.2396D+01   0.2028D+01  -0.2903D+01  -0.2007D+02  -0.2527D+00  -0.8376D+01   0.4011D+01  -0.1673D+02   0.2396D+01
   0.7656D+00  -0.1606D-01   0.1423D+00  -0.7294D-02   0.1100D+00  -0.6065D-01   0.3158D+00   0.0000D+00   0.8194D-01   0.7569D-02   0.4594D-02   0.2477D-01   0.7656D+00  -0.1606D-01   0.1423D+00  -0.7294D-02   0.1100D+00  -0.6065D-01
  -0.6085D-03  -0.6494D-02  -0.4123D-02  -0.1310D-01  -0.6085D-03  -0.6494D-02  -0.4123D-02  -0.1310D-01
  2.000  1.000
  -0.1204D+02   0.0000D+00  -0.2000D+02   0.0000D+00   0.0000D+00   0.0000D+00  -0.2120D+02   0.0000D+00  -0.1204D+02   0.0000D+00  -0.2000D+02   0.0000D+00
   0.5166D+00   0.0000D+00   0.9637D-01   0.0000D+00   0.1066D+00   0.0000D+00   0.2276D+00   0.0000D+00   0.5059D-01   0.0000D+00   0.0000D+00   0.0000D+00   0.5166D+00   0.0000D+00   0.9637D-01   0.0000D+00   0.1066D+00   0.0000D+00
   0.0000D+00   0.0000D+00   0.0000D+00   0.0000D+00   0.0000D+00   0.0000D+00   0.0000D+00   0.0000D+00
  -0.9253D+01   0.3230D+01  -0.1758D+02   0.1929D+01   0.1631D+01  -0.2338D+01  -0.2050D+02  -0.2035D+00  -0.9253D+01   0.3230D+01  -0.1758D+02   0.1929D+01
   0.7915D+00  -0.1442D-01   0.1460D+00  -0.6546D-02   0.1243D+00  -0.5443D-01   0.3183D+00   0.0000D+00   0.8209D-01   0.6793D-02   0.4472D-02   0.2223D-01   0.7915D+00  -0.1442D-01   0.1460D+00  -0.6546D-02   0.1243D+00  -0.5443D-01
  -0.5459D-03  -0.5828D-02  -0.3700D-02  -0.1176D-01  -0.5459D-03  -0.5828D-02  -0.3700D-02  -0.1176D-01
  2.000  2.000
  -0.1093D+02   0.0000D+00  -0.1815D+02   0.0000D+00   0.0000D+00   0.0000D+00  -0.1923D+02   0.0000D+00  -0.1093D+02   0.0000D+00  -0.1815D+02   0.0000D+00
   0.5166D+00   0.0000D+00   0.9637D-01   0.0000D+00   0.1066D+00   0.0000D+00   0.2276D+00   0.0000D+00   0.5059D-01   0.0000D+00   0.0000D+00   0.0000D+00   0.5166D+00   0.0000D+00   0.9637D-01   0.0000D+00   0.1066D+00   0.0000D+00
   0.0000D+00   0.0000D+00   0.0000D+00   0.0000D+00   0.0000D+00   0.0000D+00   0.0000D+00   0.0000D+00
  -0.9576D+01   0.2660D+01  -0.1775D+02   0.1588D+01   0.1343D+01  -0.1925D+01  -0.2035D+02  -0.1676D+00  -0.9576D+01   0.2660D+01  -0.1775D+02   0.1588D+01
   0.7461D+00  -0.1308D-01   0.1382D+00  -0.5940D-02   0.1169D+00  -0.4940D-01   0.3057D+00   0.0000D+00   0.7793D-01   0.6164D-02   0.3952D-02   0.2017D-01   0.7461D+00  -0.1308D-01   0.1382D+00  -0.5940D-02   0.1169D+00  -0.4940D-01
  -0.4953D-03  -0.5289D-02  -0.3358D-02  -0.1067D-01  -0.4953D-03  -0.5289D-02  -0.3358D-02  -0.1067D-01
