 LHC=           1 sqrts=   8000.0000000000000      ang=           4 mode=fital                                                                                               scalescheme=           1 R=  0.69999999999999996     
 CT10nlo_rand5678                                                                                             187
 Bin information: chid, chiu, md, mu, mu0
   0.0000000000000000       0.50000000000000000        686.00000000000000        737.00000000000000        711.50000000000000     
 9 scales(muf, mur)*(LO(38), NLO(38))
  0.500  0.500
  -0.3894D+00   0.0000D+00  -0.3282D+00   0.0000D+00   0.0000D+00   0.0000D+00  -0.2250D+00   0.0000D+00  -0.3894D+00   0.0000D+00  -0.3282D+00   0.0000D+00
   0.4785D+00   0.0000D+00   0.7829D-01   0.0000D+00   0.1689D+00   0.0000D+00   0.1218D+00   0.0000D+00   0.2706D-01   0.0000D+00   0.0000D+00   0.0000D+00   0.4785D+00   0.0000D+00   0.7829D-01   0.0000D+00   0.1689D+00   0.0000D+00
   0.0000D+00   0.0000D+00   0.0000D+00   0.0000D+00   0.0000D+00   0.0000D+00   0.0000D+00   0.0000D+00
  -0.3003D+00   0.4227D-01  -0.2847D+00   0.2462D-01   0.2576D-01  -0.2106D-01  -0.2025D+00   0.4230D-02  -0.3003D+00   0.4227D-01  -0.2847D+00   0.2462D-01
   0.3837D+00  -0.1932D-01   0.6515D-01  -0.6222D-02   0.9261D-01  -0.4074D-01   0.1071D+00   0.0000D+00   0.2693D-01   0.3094D-02  -0.2813D-02   0.1013D-01   0.3837D+00  -0.1932D-01   0.6515D-01  -0.6222D-02   0.9261D-01  -0.4074D-01
  -0.1829D-02  -0.5518D-02  -0.2925D-02  -0.6698D-02  -0.1829D-02  -0.5518D-02  -0.2925D-02  -0.6698D-02
  0.500  1.000
  -0.3586D+00   0.0000D+00  -0.3022D+00   0.0000D+00   0.0000D+00   0.0000D+00  -0.2072D+00   0.0000D+00  -0.3586D+00   0.0000D+00  -0.3022D+00   0.0000D+00
   0.4785D+00   0.0000D+00   0.7829D-01   0.0000D+00   0.1689D+00   0.0000D+00   0.1218D+00   0.0000D+00   0.2706D-01   0.0000D+00   0.0000D+00   0.0000D+00   0.4785D+00   0.0000D+00   0.7829D-01   0.0000D+00   0.1689D+00   0.0000D+00
   0.0000D+00   0.0000D+00   0.0000D+00   0.0000D+00   0.0000D+00   0.0000D+00   0.0000D+00   0.0000D+00
  -0.3104D+00   0.3583D-01  -0.2884D+00   0.2088D-01   0.2184D-01  -0.1786D-01  -0.2040D+00   0.3587D-02  -0.3104D+00   0.3583D-01  -0.2884D+00   0.2088D-01
   0.3913D+00  -0.1779D-01   0.6620D-01  -0.5730D-02   0.9868D-01  -0.3752D-01   0.1083D+00   0.0000D+00   0.2695D-01   0.2849D-02  -0.2590D-02   0.9324D-02   0.3913D+00  -0.1779D-01   0.6620D-01  -0.5730D-02   0.9868D-01  -0.3752D-01
  -0.1684D-02  -0.5081D-02  -0.2694D-02  -0.6168D-02  -0.1684D-02  -0.5081D-02  -0.2694D-02  -0.6168D-02
  0.500  2.000
  -0.3323D+00   0.0000D+00  -0.2801D+00   0.0000D+00   0.0000D+00   0.0000D+00  -0.1920D+00   0.0000D+00  -0.3323D+00   0.0000D+00  -0.2801D+00   0.0000D+00
   0.4785D+00   0.0000D+00   0.7829D-01   0.0000D+00   0.1689D+00   0.0000D+00   0.1218D+00   0.0000D+00   0.2706D-01   0.0000D+00   0.0000D+00   0.0000D+00   0.4785D+00   0.0000D+00   0.7829D-01   0.0000D+00   0.1689D+00   0.0000D+00
   0.0000D+00   0.0000D+00   0.0000D+00   0.0000D+00   0.0000D+00   0.0000D+00   0.0000D+00   0.0000D+00
  -0.3146D+00   0.3078D-01  -0.2881D+00   0.1793D-01   0.1876D-01  -0.1534D-01  -0.2029D+00   0.3081D-02  -0.3146D+00   0.3078D-01  -0.2881D+00   0.1793D-01
   0.3978D+00  -0.1649D-01   0.6710D-01  -0.5310D-02   0.1038D+00  -0.3477D-01   0.1093D+00   0.0000D+00   0.2696D-01   0.2641D-02  -0.2401D-02   0.8642D-02   0.3978D+00  -0.1649D-01   0.6710D-01  -0.5310D-02   0.1038D+00  -0.3477D-01
  -0.1561D-02  -0.4709D-02  -0.2496D-02  -0.5716D-02  -0.1561D-02  -0.4709D-02  -0.2496D-02  -0.5716D-02
  1.000  0.500
  -0.3566D+00   0.0000D+00  -0.3010D+00   0.0000D+00   0.0000D+00   0.0000D+00  -0.2060D+00   0.0000D+00  -0.3566D+00   0.0000D+00  -0.3010D+00   0.0000D+00
   0.4390D+00   0.0000D+00   0.7175D-01   0.0000D+00   0.1547D+00   0.0000D+00   0.1112D+00   0.0000D+00   0.2470D-01   0.0000D+00   0.0000D+00   0.0000D+00   0.4390D+00   0.0000D+00   0.7175D-01   0.0000D+00   0.1547D+00   0.0000D+00
   0.0000D+00   0.0000D+00   0.0000D+00   0.0000D+00   0.0000D+00   0.0000D+00   0.0000D+00   0.0000D+00
  -0.3051D+00   0.3867D-01  -0.2870D+00   0.2254D-01   0.2357D-01  -0.1927D-01  -0.2049D+00   0.3901D-02  -0.3051D+00   0.3867D-01  -0.2870D+00   0.2254D-01
   0.3887D+00  -0.1768D-01   0.6580D-01  -0.5701D-02   0.9768D-01  -0.3743D-01   0.1073D+00   0.0000D+00   0.2669D-01   0.2826D-02  -0.2507D-02   0.9248D-02   0.3887D+00  -0.1768D-01   0.6580D-01  -0.5701D-02   0.9768D-01  -0.3743D-01
  -0.1678D-02  -0.5088D-02  -0.2681D-02  -0.6134D-02  -0.1678D-02  -0.5088D-02  -0.2681D-02  -0.6134D-02
  1.000  1.000
  -0.3283D+00   0.0000D+00  -0.2771D+00   0.0000D+00   0.0000D+00   0.0000D+00  -0.1897D+00   0.0000D+00  -0.3283D+00   0.0000D+00  -0.2771D+00   0.0000D+00
   0.4390D+00   0.0000D+00   0.7175D-01   0.0000D+00   0.1547D+00   0.0000D+00   0.1112D+00   0.0000D+00   0.2470D-01   0.0000D+00   0.0000D+00   0.0000D+00   0.4390D+00   0.0000D+00   0.7175D-01   0.0000D+00   0.1547D+00   0.0000D+00
   0.0000D+00   0.0000D+00   0.0000D+00   0.0000D+00   0.0000D+00   0.0000D+00   0.0000D+00   0.0000D+00
  -0.3098D+00   0.3278D-01  -0.2865D+00   0.1911D-01   0.1998D-01  -0.1634D-01  -0.2033D+00   0.3308D-02  -0.3098D+00   0.3278D-01  -0.2865D+00   0.1911D-01
   0.3928D+00  -0.1628D-01   0.6629D-01  -0.5250D-02   0.1022D+00  -0.3446D-01   0.1077D+00   0.0000D+00   0.2654D-01   0.2602D-02  -0.2308D-02   0.8516D-02   0.3928D+00  -0.1628D-01   0.6629D-01  -0.5250D-02   0.1022D+00  -0.3446D-01
  -0.1545D-02  -0.4685D-02  -0.2469D-02  -0.5648D-02  -0.1545D-02  -0.4685D-02  -0.2469D-02  -0.5648D-02
  1.000  2.000
  -0.3043D+00   0.0000D+00  -0.2569D+00   0.0000D+00   0.0000D+00   0.0000D+00  -0.1758D+00   0.0000D+00  -0.3043D+00   0.0000D+00  -0.2569D+00   0.0000D+00
   0.4390D+00   0.0000D+00   0.7175D-01   0.0000D+00   0.1547D+00   0.0000D+00   0.1112D+00   0.0000D+00   0.2470D-01   0.0000D+00   0.0000D+00   0.0000D+00   0.4390D+00   0.0000D+00   0.7175D-01   0.0000D+00   0.1547D+00   0.0000D+00
   0.0000D+00   0.0000D+00   0.0000D+00   0.0000D+00   0.0000D+00   0.0000D+00   0.0000D+00   0.0000D+00
  -0.3100D+00   0.2816D-01  -0.2831D+00   0.1641D-01   0.1716D-01  -0.1403D-01  -0.2000D+00   0.2841D-02  -0.3100D+00   0.2816D-01  -0.2831D+00   0.1641D-01
   0.3963D+00  -0.1509D-01   0.6670D-01  -0.4865D-02   0.1061D+00  -0.3194D-01   0.1079D+00   0.0000D+00   0.2641D-01   0.2412D-02  -0.2139D-02   0.7892D-02   0.3963D+00  -0.1509D-01   0.6670D-01  -0.4865D-02   0.1061D+00  -0.3194D-01
  -0.1432D-02  -0.4342D-02  -0.2288D-02  -0.5235D-02  -0.1432D-02  -0.4342D-02  -0.2288D-02  -0.5235D-02
  2.000  0.500
  -0.3289D+00   0.0000D+00  -0.2777D+00   0.0000D+00   0.0000D+00   0.0000D+00  -0.1898D+00   0.0000D+00  -0.3289D+00   0.0000D+00  -0.2777D+00   0.0000D+00
   0.4040D+00   0.0000D+00   0.6609D-01   0.0000D+00   0.1425D+00   0.0000D+00   0.1021D+00   0.0000D+00   0.2268D-01   0.0000D+00   0.0000D+00   0.0000D+00   0.4040D+00   0.0000D+00   0.6609D-01   0.0000D+00   0.1425D+00   0.0000D+00
   0.0000D+00   0.0000D+00   0.0000D+00   0.0000D+00   0.0000D+00   0.0000D+00   0.0000D+00   0.0000D+00
  -0.3113D+00   0.3564D-01  -0.2904D+00   0.2079D-01   0.2168D-01  -0.1775D-01  -0.2059D+00   0.3622D-02  -0.3113D+00   0.3564D-01  -0.2904D+00   0.2079D-01
   0.3931D+00  -0.1630D-01   0.6643D-01  -0.5247D-02   0.1025D+00  -0.3437D-01   0.1074D+00   0.0000D+00   0.2660D-01   0.2594D-02  -0.2271D-02   0.8491D-02   0.3931D+00  -0.1630D-01   0.6643D-01  -0.5247D-02   0.1025D+00  -0.3437D-01
  -0.1548D-02  -0.4695D-02  -0.2468D-02  -0.5641D-02  -0.1548D-02  -0.4695D-02  -0.2468D-02  -0.5641D-02
  2.000  1.000
  -0.3028D+00   0.0000D+00  -0.2557D+00   0.0000D+00   0.0000D+00   0.0000D+00  -0.1748D+00   0.0000D+00  -0.3028D+00   0.0000D+00  -0.2557D+00   0.0000D+00
   0.4040D+00   0.0000D+00   0.6609D-01   0.0000D+00   0.1425D+00   0.0000D+00   0.1021D+00   0.0000D+00   0.2268D-01   0.0000D+00   0.0000D+00   0.0000D+00   0.4040D+00   0.0000D+00   0.6609D-01   0.0000D+00   0.1425D+00   0.0000D+00
   0.0000D+00   0.0000D+00   0.0000D+00   0.0000D+00   0.0000D+00   0.0000D+00   0.0000D+00   0.0000D+00
  -0.3111D+00   0.3022D-01  -0.2860D+00   0.1763D-01   0.1838D-01  -0.1505D-01  -0.2018D+00   0.3071D-02  -0.3111D+00   0.3022D-01  -0.2860D+00   0.1763D-01
   0.3940D+00  -0.1501D-01   0.6642D-01  -0.4832D-02   0.1057D+00  -0.3165D-01   0.1070D+00   0.0000D+00   0.2629D-01   0.2389D-02  -0.2091D-02   0.7818D-02   0.3940D+00  -0.1501D-01   0.6642D-01  -0.4832D-02   0.1057D+00  -0.3165D-01
  -0.1426D-02  -0.4323D-02  -0.2272D-02  -0.5194D-02  -0.1426D-02  -0.4323D-02  -0.2272D-02  -0.5194D-02
  2.000  2.000
  -0.2807D+00   0.0000D+00  -0.2369D+00   0.0000D+00   0.0000D+00   0.0000D+00  -0.1620D+00   0.0000D+00  -0.2807D+00   0.0000D+00  -0.2369D+00   0.0000D+00
   0.4040D+00   0.0000D+00   0.6609D-01   0.0000D+00   0.1425D+00   0.0000D+00   0.1021D+00   0.0000D+00   0.2268D-01   0.0000D+00   0.0000D+00   0.0000D+00   0.4040D+00   0.0000D+00   0.6609D-01   0.0000D+00   0.1425D+00   0.0000D+00
   0.0000D+00   0.0000D+00   0.0000D+00   0.0000D+00   0.0000D+00   0.0000D+00   0.0000D+00   0.0000D+00
  -0.3077D+00   0.2596D-01  -0.2798D+00   0.1514D-01   0.1579D-01  -0.1293D-01  -0.1967D+00   0.2638D-02  -0.3077D+00   0.2596D-01  -0.2798D+00   0.1514D-01
   0.3948D+00  -0.1391D-01   0.6641D-01  -0.4478D-02   0.1084D+00  -0.2933D-01   0.1067D+00   0.0000D+00   0.2603D-01   0.2214D-02  -0.1938D-02   0.7246D-02   0.3948D+00  -0.1391D-01   0.6641D-01  -0.4478D-02   0.1084D+00  -0.2933D-01
  -0.1321D-02  -0.4007D-02  -0.2106D-02  -0.4814D-02  -0.1321D-02  -0.4007D-02  -0.2106D-02  -0.4814D-02
