 LHC=           1 sqrts=   8000.0000000000000      ang=           4 mode=fital                                                                                               scalescheme=           1 R=  0.69999999999999996     
 MSTW2008nlo68cl_rand1235                                                                                      13
 Bin information: chid, chiu, md, mu, mu0
   0.0000000000000000       0.50000000000000000        905.00000000000000        967.00000000000000        936.00000000000000     
 9 scales(muf, mur)*(LO(38), NLO(38))
  0.500  0.500
  -0.1668D+00   0.0000D+00  -0.1243D+00   0.0000D+00   0.0000D+00   0.0000D+00  -0.7243D-01   0.0000D+00  -0.1668D+00   0.0000D+00  -0.1243D+00   0.0000D+00
   0.3247D+00   0.0000D+00   0.5125D-01   0.0000D+00   0.1261D+00   0.0000D+00   0.6800D-01   0.0000D+00   0.1511D-01   0.0000D+00   0.0000D+00   0.0000D+00   0.3247D+00   0.0000D+00   0.5125D-01   0.0000D+00   0.1261D+00   0.0000D+00
   0.0000D+00   0.0000D+00   0.0000D+00   0.0000D+00   0.0000D+00   0.0000D+00   0.0000D+00   0.0000D+00
  -0.1326D+00   0.1542D-01  -0.1080D+00   0.8934D-02   0.9006D-02  -0.6651D-02  -0.6465D-01   0.2284D-02  -0.1326D+00   0.1542D-01  -0.1080D+00   0.8934D-02
   0.2475D+00  -0.1415D-01   0.4046D-01  -0.4310D-02   0.6905D-01  -0.2687D-01   0.5789D-01   0.0000D+00   0.1441D-01   0.1696D-02  -0.2240D-02   0.5550D-02   0.2475D+00  -0.1415D-01   0.4046D-01  -0.4310D-02   0.6905D-01  -0.2687D-01
  -0.1399D-02  -0.3861D-02  -0.1815D-02  -0.4046D-02  -0.1399D-02  -0.3861D-02  -0.1815D-02  -0.4046D-02
  0.500  1.000
  -0.1538D+00   0.0000D+00  -0.1146D+00   0.0000D+00   0.0000D+00   0.0000D+00  -0.6680D-01   0.0000D+00  -0.1538D+00   0.0000D+00  -0.1146D+00   0.0000D+00
   0.3247D+00   0.0000D+00   0.5125D-01   0.0000D+00   0.1261D+00   0.0000D+00   0.6800D-01   0.0000D+00   0.1511D-01   0.0000D+00   0.0000D+00   0.0000D+00   0.3247D+00   0.0000D+00   0.5125D-01   0.0000D+00   0.1261D+00   0.0000D+00
   0.0000D+00   0.0000D+00   0.0000D+00   0.0000D+00   0.0000D+00   0.0000D+00   0.0000D+00   0.0000D+00
  -0.1363D+00   0.1312D-01  -0.1094D+00   0.7598D-02   0.7660D-02  -0.5657D-02  -0.6520D-01   0.1943D-02  -0.1363D+00   0.1312D-01  -0.1094D+00   0.7598D-02
   0.2535D+00  -0.1305D-01   0.4130D-01  -0.3975D-02   0.7350D-01  -0.2478D-01   0.5868D-01   0.0000D+00   0.1447D-01   0.1564D-02  -0.2066D-02   0.5118D-02   0.2535D+00  -0.1305D-01   0.4130D-01  -0.3975D-02   0.7350D-01  -0.2478D-01
  -0.1290D-02  -0.3561D-02  -0.1674D-02  -0.3731D-02  -0.1290D-02  -0.3561D-02  -0.1674D-02  -0.3731D-02
  0.500  2.000
  -0.1427D+00   0.0000D+00  -0.1064D+00   0.0000D+00   0.0000D+00   0.0000D+00  -0.6199D-01   0.0000D+00  -0.1427D+00   0.0000D+00  -0.1064D+00   0.0000D+00
   0.3247D+00   0.0000D+00   0.5125D-01   0.0000D+00   0.1261D+00   0.0000D+00   0.6800D-01   0.0000D+00   0.1511D-01   0.0000D+00   0.0000D+00   0.0000D+00   0.3247D+00   0.0000D+00   0.5125D-01   0.0000D+00   0.1261D+00   0.0000D+00
   0.0000D+00   0.0000D+00   0.0000D+00   0.0000D+00   0.0000D+00   0.0000D+00   0.0000D+00   0.0000D+00
  -0.1376D+00   0.1130D-01  -0.1093D+00   0.6544D-02   0.6598D-02  -0.4872D-02  -0.6494D-01   0.1673D-02  -0.1376D+00   0.1130D-01  -0.1093D+00   0.6544D-02
   0.2587D+00  -0.1211D-01   0.4203D-01  -0.3689D-02   0.7730D-01  -0.2300D-01   0.5936D-01   0.0000D+00   0.1452D-01   0.1451D-02  -0.1917D-02   0.4750D-02   0.2587D+00  -0.1211D-01   0.4203D-01  -0.3689D-02   0.7730D-01  -0.2300D-01
  -0.1197D-02  -0.3304D-02  -0.1553D-02  -0.3463D-02  -0.1197D-02  -0.3304D-02  -0.1553D-02  -0.3463D-02
  1.000  0.500
  -0.1500D+00   0.0000D+00  -0.1115D+00   0.0000D+00   0.0000D+00   0.0000D+00  -0.6468D-01   0.0000D+00  -0.1500D+00   0.0000D+00  -0.1115D+00   0.0000D+00
   0.2911D+00   0.0000D+00   0.4581D-01   0.0000D+00   0.1133D+00   0.0000D+00   0.6075D-01   0.0000D+00   0.1350D-01   0.0000D+00   0.0000D+00   0.0000D+00   0.2911D+00   0.0000D+00   0.4581D-01   0.0000D+00   0.1133D+00   0.0000D+00
   0.0000D+00   0.0000D+00   0.0000D+00   0.0000D+00   0.0000D+00   0.0000D+00   0.0000D+00   0.0000D+00
  -0.1352D+00   0.1381D-01  -0.1093D+00   0.8002D-02   0.8091D-02  -0.5941D-02  -0.6481D-01   0.2058D-02  -0.1352D+00   0.1381D-01  -0.1093D+00   0.8002D-02
   0.2534D+00  -0.1272D-01   0.4098D-01  -0.3866D-02   0.7393D-01  -0.2407D-01   0.5846D-01   0.0000D+00   0.1441D-01   0.1514D-02  -0.2016D-02   0.4956D-02   0.2534D+00  -0.1272D-01   0.4098D-01  -0.3866D-02   0.7393D-01  -0.2407D-01
  -0.1260D-02  -0.3440D-02  -0.1629D-02  -0.3624D-02  -0.1260D-02  -0.3440D-02  -0.1629D-02  -0.3624D-02
  1.000  1.000
  -0.1383D+00   0.0000D+00  -0.1028D+00   0.0000D+00   0.0000D+00   0.0000D+00  -0.5965D-01   0.0000D+00  -0.1383D+00   0.0000D+00  -0.1028D+00   0.0000D+00
   0.2911D+00   0.0000D+00   0.4581D-01   0.0000D+00   0.1133D+00   0.0000D+00   0.6075D-01   0.0000D+00   0.1350D-01   0.0000D+00   0.0000D+00   0.0000D+00   0.2911D+00   0.0000D+00   0.4581D-01   0.0000D+00   0.1133D+00   0.0000D+00
   0.0000D+00   0.0000D+00   0.0000D+00   0.0000D+00   0.0000D+00   0.0000D+00   0.0000D+00   0.0000D+00
  -0.1361D+00   0.1175D-01  -0.1087D+00   0.6806D-02   0.6882D-02  -0.5053D-02  -0.6424D-01   0.1750D-02  -0.1361D+00   0.1175D-01  -0.1087D+00   0.6806D-02
   0.2564D+00  -0.1173D-01   0.4137D-01  -0.3566D-02   0.7701D-01  -0.2220D-01   0.5865D-01   0.0000D+00   0.1434D-01   0.1397D-02  -0.1859D-02   0.4571D-02   0.2564D+00  -0.1173D-01   0.4137D-01  -0.3566D-02   0.7701D-01  -0.2220D-01
  -0.1162D-02  -0.3172D-02  -0.1502D-02  -0.3342D-02  -0.1162D-02  -0.3172D-02  -0.1502D-02  -0.3342D-02
  1.000  2.000
  -0.1283D+00   0.0000D+00  -0.9540D-01   0.0000D+00   0.0000D+00   0.0000D+00  -0.5535D-01   0.0000D+00  -0.1283D+00   0.0000D+00  -0.9540D-01   0.0000D+00
   0.2911D+00   0.0000D+00   0.4581D-01   0.0000D+00   0.1133D+00   0.0000D+00   0.6075D-01   0.0000D+00   0.1350D-01   0.0000D+00   0.0000D+00   0.0000D+00   0.2911D+00   0.0000D+00   0.4581D-01   0.0000D+00   0.1133D+00   0.0000D+00
   0.0000D+00   0.0000D+00   0.0000D+00   0.0000D+00   0.0000D+00   0.0000D+00   0.0000D+00   0.0000D+00
  -0.1354D+00   0.1012D-01  -0.1071D+00   0.5861D-02   0.5927D-02  -0.4351D-02  -0.6317D-01   0.1507D-02  -0.1354D+00   0.1012D-01  -0.1071D+00   0.5861D-02
   0.2589D+00  -0.1088D-01   0.4169D-01  -0.3309D-02   0.7963D-01  -0.2060D-01   0.5881D-01   0.0000D+00   0.1428D-01   0.1296D-02  -0.1725D-02   0.4242D-02   0.2589D+00  -0.1088D-01   0.4169D-01  -0.3309D-02   0.7963D-01  -0.2060D-01
  -0.1078D-02  -0.2944D-02  -0.1394D-02  -0.3102D-02  -0.1078D-02  -0.2944D-02  -0.1394D-02  -0.3102D-02
  2.000  0.500
  -0.1356D+00   0.0000D+00  -0.1006D+00   0.0000D+00   0.0000D+00   0.0000D+00  -0.5822D-01   0.0000D+00  -0.1356D+00   0.0000D+00  -0.1006D+00   0.0000D+00
   0.2624D+00   0.0000D+00   0.4128D-01   0.0000D+00   0.1024D+00   0.0000D+00   0.5455D-01   0.0000D+00   0.1212D-01   0.0000D+00   0.0000D+00   0.0000D+00   0.2624D+00   0.0000D+00   0.4128D-01   0.0000D+00   0.1024D+00   0.0000D+00
   0.0000D+00   0.0000D+00   0.0000D+00   0.0000D+00   0.0000D+00   0.0000D+00   0.0000D+00   0.0000D+00
  -0.1371D+00   0.1246D-01  -0.1099D+00   0.7214D-02   0.7268D-02  -0.5346D-02  -0.6519D-01   0.1871D-02  -0.1371D+00   0.1246D-01  -0.1099D+00   0.7214D-02
   0.2572D+00  -0.1150D-01   0.4156D-01  -0.3489D-02   0.7836D-01  -0.2169D-01   0.5892D-01   0.0000D+00   0.1432D-01   0.1361D-02  -0.1784D-02   0.4453D-02   0.2572D+00  -0.1150D-01   0.4156D-01  -0.3489D-02   0.7836D-01  -0.2169D-01
  -0.1140D-02  -0.3104D-02  -0.1466D-02  -0.3255D-02  -0.1140D-02  -0.3104D-02  -0.1466D-02  -0.3255D-02
  2.000  1.000
  -0.1251D+00   0.0000D+00  -0.9278D-01   0.0000D+00   0.0000D+00   0.0000D+00  -0.5370D-01   0.0000D+00  -0.1251D+00   0.0000D+00  -0.9278D-01   0.0000D+00
   0.2624D+00   0.0000D+00   0.4128D-01   0.0000D+00   0.1024D+00   0.0000D+00   0.5455D-01   0.0000D+00   0.1212D-01   0.0000D+00   0.0000D+00   0.0000D+00   0.2624D+00   0.0000D+00   0.4128D-01   0.0000D+00   0.1024D+00   0.0000D+00
   0.0000D+00   0.0000D+00   0.0000D+00   0.0000D+00   0.0000D+00   0.0000D+00   0.0000D+00   0.0000D+00
  -0.1357D+00   0.1060D-01  -0.1076D+00   0.6136D-02   0.6182D-02  -0.4546D-02  -0.6366D-01   0.1592D-02  -0.1357D+00   0.1060D-01  -0.1076D+00   0.6136D-02
   0.2576D+00  -0.1061D-01   0.4154D-01  -0.3218D-02   0.8025D-01  -0.2001D-01   0.5859D-01   0.0000D+00   0.1415D-01   0.1255D-02  -0.1645D-02   0.4106D-02   0.2576D+00  -0.1061D-01   0.4154D-01  -0.3218D-02   0.8025D-01  -0.2001D-01
  -0.1051D-02  -0.2863D-02  -0.1352D-02  -0.3002D-02  -0.1051D-02  -0.2863D-02  -0.1352D-02  -0.3002D-02
  2.000  2.000
  -0.1161D+00   0.0000D+00  -0.8610D-01   0.0000D+00   0.0000D+00   0.0000D+00  -0.4983D-01   0.0000D+00  -0.1161D+00   0.0000D+00  -0.8610D-01   0.0000D+00
   0.2624D+00   0.0000D+00   0.4128D-01   0.0000D+00   0.1024D+00   0.0000D+00   0.5455D-01   0.0000D+00   0.1212D-01   0.0000D+00   0.0000D+00   0.0000D+00   0.2624D+00   0.0000D+00   0.4128D-01   0.0000D+00   0.1024D+00   0.0000D+00
   0.0000D+00   0.0000D+00   0.0000D+00   0.0000D+00   0.0000D+00   0.0000D+00   0.0000D+00   0.0000D+00
  -0.1334D+00   0.9125D-02  -0.1049D+00   0.5284D-02   0.5324D-02  -0.3915D-02  -0.6189D-01   0.1371D-02  -0.1334D+00   0.9125D-02  -0.1049D+00   0.5284D-02
   0.2580D+00  -0.9842D-02   0.4153D-01  -0.2986D-02   0.8185D-01  -0.1857D-01   0.5830D-01   0.0000D+00   0.1401D-01   0.1164D-02  -0.1527D-02   0.3811D-02   0.2580D+00  -0.9842D-02   0.4153D-01  -0.2986D-02   0.8185D-01  -0.1857D-01
  -0.9757D-03  -0.2657D-02  -0.1254D-02  -0.2786D-02  -0.9757D-03  -0.2657D-02  -0.1254D-02  -0.2786D-02
