 LHC=           1 sqrts=   8000.0000000000000      ang=           4 mode=fital                                                                                               scalescheme=           1 R=  0.69999999999999996     
 CT10nlo_rand5678                                                                                             267
 Bin information: chid, chiu, md, mu, mu0
   0.0000000000000000       0.50000000000000000        220.00000000000000        245.00000000000000        232.50000000000000     
 9 scales(muf, mur)*(LO(38), NLO(38))
  0.500  0.500
  -0.3485D+01   0.0000D+00  -0.4466D+01   0.0000D+00   0.0000D+00   0.0000D+00  -0.4399D+01   0.0000D+00  -0.3485D+01   0.0000D+00  -0.4466D+01   0.0000D+00
   0.5928D+00   0.0000D+00   0.1068D+00   0.0000D+00   0.1480D+00   0.0000D+00   0.2318D+00   0.0000D+00   0.5151D-01   0.0000D+00   0.0000D+00   0.0000D+00   0.5928D+00   0.0000D+00   0.1068D+00   0.0000D+00   0.1480D+00   0.0000D+00
   0.0000D+00   0.0000D+00   0.0000D+00   0.0000D+00   0.0000D+00   0.0000D+00   0.0000D+00   0.0000D+00
  -0.2457D+01   0.7030D+00  -0.3769D+01   0.4201D+00   0.3712D+00  -0.4784D+00  -0.4032D+01  -0.2189D-01  -0.2457D+01   0.7030D+00  -0.3769D+01   0.4201D+00
   0.6721D+00  -0.1962D-01   0.1231D+00  -0.7816D-02   0.1101D+00  -0.5987D-01   0.2596D+00   0.0000D+00   0.6570D-01   0.6835D-02  -0.7531D-03   0.2237D-01   0.6721D+00  -0.1962D-01   0.1231D+00  -0.7816D-02   0.1101D+00  -0.5987D-01
  -0.1249D-02  -0.6916D-02  -0.4386D-02  -0.1229D-01  -0.1249D-02  -0.6916D-02  -0.4386D-02  -0.1229D-01
  0.500  1.000
  -0.3166D+01   0.0000D+00  -0.4059D+01   0.0000D+00   0.0000D+00   0.0000D+00  -0.3997D+01   0.0000D+00  -0.3166D+01   0.0000D+00  -0.4059D+01   0.0000D+00
   0.5928D+00   0.0000D+00   0.1068D+00   0.0000D+00   0.1480D+00   0.0000D+00   0.2318D+00   0.0000D+00   0.5151D-01   0.0000D+00   0.0000D+00   0.0000D+00   0.5928D+00   0.0000D+00   0.1068D+00   0.0000D+00   0.1480D+00   0.0000D+00
   0.0000D+00   0.0000D+00   0.0000D+00   0.0000D+00   0.0000D+00   0.0000D+00   0.0000D+00   0.0000D+00
  -0.2597D+01   0.5805D+00  -0.3840D+01   0.3468D+00   0.3064D+00  -0.3950D+00  -0.4046D+01  -0.1807D-01  -0.2597D+01   0.5805D+00  -0.3840D+01   0.3468D+00
   0.6656D+00  -0.1783D-01   0.1218D+00  -0.7103D-02   0.1137D+00  -0.5441D-01   0.2572D+00   0.0000D+00   0.6446D-01   0.6211D-02  -0.6778D-03   0.2033D-01   0.6656D+00  -0.1783D-01   0.1218D+00  -0.7103D-02   0.1137D+00  -0.5441D-01
  -0.1134D-02  -0.6284D-02  -0.3986D-02  -0.1117D-01  -0.1134D-02  -0.6284D-02  -0.3986D-02  -0.1117D-01
  0.500  2.000
  -0.2902D+01   0.0000D+00  -0.3720D+01   0.0000D+00   0.0000D+00   0.0000D+00  -0.3664D+01   0.0000D+00  -0.2902D+01   0.0000D+00  -0.3720D+01   0.0000D+00
   0.5928D+00   0.0000D+00   0.1068D+00   0.0000D+00   0.1480D+00   0.0000D+00   0.2318D+00   0.0000D+00   0.5151D-01   0.0000D+00   0.0000D+00   0.0000D+00   0.5928D+00   0.0000D+00   0.1068D+00   0.0000D+00   0.1480D+00   0.0000D+00
   0.0000D+00   0.0000D+00   0.0000D+00   0.0000D+00   0.0000D+00   0.0000D+00   0.0000D+00   0.0000D+00
  -0.2658D+01   0.4877D+00  -0.3837D+01   0.2914D+00   0.2574D+00  -0.3318D+00  -0.4001D+01  -0.1518D-01  -0.2658D+01   0.4877D+00  -0.3837D+01   0.2914D+00
   0.6601D+00  -0.1634D-01   0.1206D+00  -0.6511D-02   0.1167D+00  -0.4987D-01   0.2553D+00   0.0000D+00   0.6342D-01   0.5693D-02  -0.6162D-03   0.1863D-01   0.6601D+00  -0.1634D-01   0.1206D+00  -0.6511D-02   0.1167D+00  -0.4987D-01
  -0.1040D-02  -0.5760D-02  -0.3653D-02  -0.1024D-01  -0.1040D-02  -0.5760D-02  -0.3653D-02  -0.1024D-01
  1.000  0.500
  -0.3374D+01   0.0000D+00  -0.4404D+01   0.0000D+00   0.0000D+00   0.0000D+00  -0.4301D+01   0.0000D+00  -0.3374D+01   0.0000D+00  -0.4404D+01   0.0000D+00
   0.5815D+00   0.0000D+00   0.1051D+00   0.0000D+00   0.1447D+00   0.0000D+00   0.2272D+00   0.0000D+00   0.5048D-01   0.0000D+00   0.0000D+00   0.0000D+00   0.5815D+00   0.0000D+00   0.1051D+00   0.0000D+00   0.1447D+00   0.0000D+00
   0.0000D+00   0.0000D+00   0.0000D+00   0.0000D+00   0.0000D+00   0.0000D+00   0.0000D+00   0.0000D+00
  -0.2482D+01   0.6902D+00  -0.3803D+01   0.4127D+00   0.3572D+00  -0.4668D+00  -0.4030D+01  -0.2156D-01  -0.2482D+01   0.6902D+00  -0.3803D+01   0.4127D+00
   0.6575D+00  -0.1929D-01   0.1216D+00  -0.7708D-02   0.1089D+00  -0.5872D-01   0.2556D+00   0.0000D+00   0.6465D-01   0.6714D-02  -0.7054D-03   0.2197D-01   0.6575D+00  -0.1929D-01   0.1216D+00  -0.7708D-02   0.1089D+00  -0.5872D-01
  -0.1227D-02  -0.6694D-02  -0.4352D-02  -0.1205D-01  -0.1227D-02  -0.6694D-02  -0.4352D-02  -0.1205D-01
  1.000  1.000
  -0.3066D+01   0.0000D+00  -0.4001D+01   0.0000D+00   0.0000D+00   0.0000D+00  -0.3908D+01   0.0000D+00  -0.3066D+01   0.0000D+00  -0.4001D+01   0.0000D+00
   0.5815D+00   0.0000D+00   0.1051D+00   0.0000D+00   0.1447D+00   0.0000D+00   0.2272D+00   0.0000D+00   0.5048D-01   0.0000D+00   0.0000D+00   0.0000D+00   0.5815D+00   0.0000D+00   0.1051D+00   0.0000D+00   0.1447D+00   0.0000D+00
   0.0000D+00   0.0000D+00   0.0000D+00   0.0000D+00   0.0000D+00   0.0000D+00   0.0000D+00   0.0000D+00
  -0.2600D+01   0.5698D+00  -0.3858D+01   0.3408D+00   0.2948D+00  -0.3854D+00  -0.4028D+01  -0.1780D-01  -0.2600D+01   0.5698D+00  -0.3858D+01   0.3408D+00
   0.6512D+00  -0.1753D-01   0.1202D+00  -0.7004D-02   0.1124D+00  -0.5336D-01   0.2532D+00   0.0000D+00   0.6341D-01   0.6101D-02  -0.6355D-03   0.1997D-01   0.6512D+00  -0.1753D-01   0.1202D+00  -0.7004D-02   0.1124D+00  -0.5336D-01
  -0.1115D-02  -0.6083D-02  -0.3954D-02  -0.1095D-01  -0.1115D-02  -0.6083D-02  -0.3954D-02  -0.1095D-01
  1.000  2.000
  -0.2810D+01   0.0000D+00  -0.3668D+01   0.0000D+00   0.0000D+00   0.0000D+00  -0.3582D+01   0.0000D+00  -0.2810D+01   0.0000D+00  -0.3668D+01   0.0000D+00
   0.5815D+00   0.0000D+00   0.1051D+00   0.0000D+00   0.1447D+00   0.0000D+00   0.2272D+00   0.0000D+00   0.5048D-01   0.0000D+00   0.0000D+00   0.0000D+00   0.5815D+00   0.0000D+00   0.1051D+00   0.0000D+00   0.1447D+00   0.0000D+00
   0.0000D+00   0.0000D+00   0.0000D+00   0.0000D+00   0.0000D+00   0.0000D+00   0.0000D+00   0.0000D+00
  -0.2645D+01   0.4787D+00  -0.3843D+01   0.2863D+00   0.2477D+00  -0.3238D+00  -0.3972D+01  -0.1495D-01  -0.2645D+01   0.4787D+00  -0.3843D+01   0.2863D+00
   0.6459D+00  -0.1607D-01   0.1190D+00  -0.6420D-02   0.1152D+00  -0.4891D-01   0.2512D+00   0.0000D+00   0.6237D-01   0.5592D-02  -0.5784D-03   0.1830D-01   0.6459D+00  -0.1607D-01   0.1190D+00  -0.6420D-02   0.1152D+00  -0.4891D-01
  -0.1022D-02  -0.5576D-02  -0.3625D-02  -0.1003D-01  -0.1022D-02  -0.5576D-02  -0.3625D-02  -0.1003D-01
  2.000  0.500
  -0.3298D+01   0.0000D+00  -0.4304D+01   0.0000D+00   0.0000D+00   0.0000D+00  -0.4219D+01   0.0000D+00  -0.3298D+01   0.0000D+00  -0.4304D+01   0.0000D+00
   0.5677D+00   0.0000D+00   0.1028D+00   0.0000D+00   0.1404D+00   0.0000D+00   0.2225D+00   0.0000D+00   0.4945D-01   0.0000D+00   0.0000D+00   0.0000D+00   0.5677D+00   0.0000D+00   0.1028D+00   0.0000D+00   0.1404D+00   0.0000D+00
   0.0000D+00   0.0000D+00   0.0000D+00   0.0000D+00   0.0000D+00   0.0000D+00   0.0000D+00   0.0000D+00
  -0.2507D+01   0.6765D+00  -0.3831D+01   0.4041D+00   0.3662D+00  -0.4581D+00  -0.4077D+01  -0.2068D-01  -0.2507D+01   0.6765D+00  -0.3831D+01   0.4041D+00
   0.6439D+00  -0.1865D-01   0.1181D+00  -0.7493D-02   0.1066D+00  -0.5686D-01   0.2522D+00   0.0000D+00   0.6382D-01   0.6573D-02  -0.6501D-03   0.2151D-01   0.6439D+00  -0.1865D-01   0.1181D+00  -0.7493D-02   0.1066D+00  -0.5686D-01
  -0.1204D-02  -0.6607D-02  -0.4289D-02  -0.1180D-01  -0.1204D-02  -0.6607D-02  -0.4289D-02  -0.1180D-01
  2.000  1.000
  -0.2997D+01   0.0000D+00  -0.3911D+01   0.0000D+00   0.0000D+00   0.0000D+00  -0.3834D+01   0.0000D+00  -0.2997D+01   0.0000D+00  -0.3911D+01   0.0000D+00
   0.5677D+00   0.0000D+00   0.1028D+00   0.0000D+00   0.1404D+00   0.0000D+00   0.2225D+00   0.0000D+00   0.4945D-01   0.0000D+00   0.0000D+00   0.0000D+00   0.5677D+00   0.0000D+00   0.1028D+00   0.0000D+00   0.1404D+00   0.0000D+00
   0.0000D+00   0.0000D+00   0.0000D+00   0.0000D+00   0.0000D+00   0.0000D+00   0.0000D+00   0.0000D+00
  -0.2612D+01   0.5586D+00  -0.3869D+01   0.3337D+00   0.3024D+00  -0.3782D+00  -0.4057D+01  -0.1708D-01  -0.2612D+01   0.5586D+00  -0.3869D+01   0.3337D+00
   0.6417D+00  -0.1695D-01   0.1176D+00  -0.6809D-02   0.1112D+00  -0.5167D-01   0.2505D+00   0.0000D+00   0.6282D-01   0.5973D-02  -0.5844D-03   0.1955D-01   0.6417D+00  -0.1695D-01   0.1176D+00  -0.6809D-02   0.1112D+00  -0.5167D-01
  -0.1094D-02  -0.6004D-02  -0.3898D-02  -0.1072D-01  -0.1094D-02  -0.6004D-02  -0.3898D-02  -0.1072D-01
  2.000  2.000
  -0.2747D+01   0.0000D+00  -0.3585D+01   0.0000D+00   0.0000D+00   0.0000D+00  -0.3514D+01   0.0000D+00  -0.2747D+01   0.0000D+00  -0.3585D+01   0.0000D+00
   0.5677D+00   0.0000D+00   0.1028D+00   0.0000D+00   0.1404D+00   0.0000D+00   0.2225D+00   0.0000D+00   0.4945D-01   0.0000D+00   0.0000D+00   0.0000D+00   0.5677D+00   0.0000D+00   0.1028D+00   0.0000D+00   0.1404D+00   0.0000D+00
   0.0000D+00   0.0000D+00   0.0000D+00   0.0000D+00   0.0000D+00   0.0000D+00   0.0000D+00   0.0000D+00
  -0.2645D+01   0.4693D+00  -0.3839D+01   0.2803D+00   0.2540D+00  -0.3178D+00  -0.3985D+01  -0.1435D-01  -0.2645D+01   0.4693D+00  -0.3839D+01   0.2803D+00
   0.6361D+00  -0.1553D-01   0.1164D+00  -0.6241D-02   0.1138D+00  -0.4736D-01   0.2483D+00   0.0000D+00   0.6174D-01   0.5475D-02  -0.5315D-03   0.1792D-01   0.6361D+00  -0.1553D-01   0.1164D+00  -0.6241D-02   0.1138D+00  -0.4736D-01
  -0.1003D-02  -0.5504D-02  -0.3573D-02  -0.9827D-02  -0.1003D-02  -0.5504D-02  -0.3573D-02  -0.9827D-02
