 LHC=           1 sqrts=   8000.0000000000000      ang=           4 mode=fital                                                                                               scalescheme=           1 R=  0.69999999999999996     
 CT10nlo_rand5678                                                                                             155
 Bin information: chid, chiu, md, mu, mu0
   0.0000000000000000       0.50000000000000000        56.000000000000000        64.000000000000000        60.000000000000000     
 9 scales(muf, mur)*(LO(38), NLO(38))
  0.500  0.500
  -0.1844D+02   0.0000D+00  -0.3486D+02   0.0000D+00   0.0000D+00   0.0000D+00  -0.3689D+02   0.0000D+00  -0.1844D+02   0.0000D+00  -0.3486D+02   0.0000D+00
   0.2167D+00   0.0000D+00   0.4201D-01   0.0000D+00   0.4448D-01   0.0000D+00   0.1023D+00   0.0000D+00   0.2274D-01   0.0000D+00   0.0000D+00   0.0000D+00   0.2167D+00   0.0000D+00   0.4201D-01   0.0000D+00   0.4448D-01   0.0000D+00
   0.0000D+00   0.0000D+00   0.0000D+00   0.0000D+00   0.0000D+00   0.0000D+00   0.0000D+00   0.0000D+00
  -0.1235D+02   0.6876D+01  -0.2733D+02   0.4093D+01   0.3561D+01  -0.5077D+01  -0.3287D+02  -0.4708D+00  -0.1235D+02   0.6876D+01  -0.2733D+02   0.4093D+01
   0.6197D+00  -0.7413D-02   0.1178D+00  -0.3493D-02   0.9986D-01  -0.2867D-01   0.2487D+00   0.0000D+00   0.6801D-01   0.3683D-02   0.8693D-02   0.1205D-01   0.6197D+00  -0.7413D-02   0.1178D+00  -0.3493D-02   0.9986D-01  -0.2867D-01
  -0.1272D-03  -0.2426D-02  -0.1763D-02  -0.6346D-02  -0.1272D-03  -0.2426D-02  -0.1763D-02  -0.6346D-02
  0.500  1.000
  -0.1637D+02   0.0000D+00  -0.3095D+02   0.0000D+00   0.0000D+00   0.0000D+00  -0.3275D+02   0.0000D+00  -0.1637D+02   0.0000D+00  -0.3095D+02   0.0000D+00
   0.2167D+00   0.0000D+00   0.4201D-01   0.0000D+00   0.4448D-01   0.0000D+00   0.1023D+00   0.0000D+00   0.2274D-01   0.0000D+00   0.0000D+00   0.0000D+00   0.2167D+00   0.0000D+00   0.4201D-01   0.0000D+00   0.4448D-01   0.0000D+00
   0.0000D+00   0.0000D+00   0.0000D+00   0.0000D+00   0.0000D+00   0.0000D+00   0.0000D+00   0.0000D+00
  -0.1335D+02   0.5419D+01  -0.2837D+02   0.3226D+01   0.2805D+01  -0.4002D+01  -0.3313D+02  -0.3711D+00  -0.1335D+02   0.5419D+01  -0.2837D+02   0.3226D+01
   0.5845D+00  -0.6582D-02   0.1110D+00  -0.3102D-02   0.9660D-01  -0.2546D-01   0.2346D+00   0.0000D+00   0.6364D-01   0.3270D-02   0.7800D-02   0.1070D-01   0.5845D+00  -0.6582D-02   0.1110D+00  -0.3102D-02   0.9660D-01  -0.2546D-01
  -0.1129D-03  -0.2154D-02  -0.1565D-02  -0.5635D-02  -0.1129D-03  -0.2154D-02  -0.1565D-02  -0.5635D-02
  0.500  2.000
  -0.1472D+02   0.0000D+00  -0.2784D+02   0.0000D+00   0.0000D+00   0.0000D+00  -0.2945D+02   0.0000D+00  -0.1472D+02   0.0000D+00  -0.2784D+02   0.0000D+00
   0.2167D+00   0.0000D+00   0.4201D-01   0.0000D+00   0.4448D-01   0.0000D+00   0.1023D+00   0.0000D+00   0.2274D-01   0.0000D+00   0.0000D+00   0.0000D+00   0.2167D+00   0.0000D+00   0.4201D-01   0.0000D+00   0.4448D-01   0.0000D+00
   0.0000D+00   0.0000D+00   0.0000D+00   0.0000D+00   0.0000D+00   0.0000D+00   0.0000D+00   0.0000D+00
  -0.1371D+02   0.4383D+01  -0.2845D+02   0.2609D+01   0.2267D+01  -0.3236D+01  -0.3263D+02  -0.3002D+00  -0.1371D+02   0.4383D+01  -0.2845D+02   0.2609D+01
   0.5502D+00  -0.5920D-02   0.1045D+00  -0.2790D-02   0.9196D-01  -0.2290D-01   0.2222D+00   0.0000D+00   0.5978D-01   0.2941D-02   0.7074D-02   0.9625D-02   0.5502D+00  -0.5920D-02   0.1045D+00  -0.2790D-02   0.9196D-01  -0.2290D-01
  -0.1015D-03  -0.1937D-02  -0.1407D-02  -0.5068D-02  -0.1015D-03  -0.1937D-02  -0.1407D-02  -0.5068D-02
  1.000  0.500
  -0.1992D+02   0.0000D+00  -0.3799D+02   0.0000D+00   0.0000D+00   0.0000D+00  -0.4113D+02   0.0000D+00  -0.1992D+02   0.0000D+00  -0.3799D+02   0.0000D+00
   0.2393D+00   0.0000D+00   0.4615D-01   0.0000D+00   0.4732D-01   0.0000D+00   0.1087D+00   0.0000D+00   0.2415D-01   0.0000D+00   0.0000D+00   0.0000D+00   0.2393D+00   0.0000D+00   0.4615D-01   0.0000D+00   0.4732D-01   0.0000D+00
   0.0000D+00   0.0000D+00   0.0000D+00   0.0000D+00   0.0000D+00   0.0000D+00   0.0000D+00   0.0000D+00
  -0.1132D+02   0.7403D+01  -0.2711D+02   0.4557D+01   0.3406D+01  -0.5674D+01  -0.3321D+02  -0.5398D+00  -0.1132D+02   0.7403D+01  -0.2711D+02   0.4557D+01
   0.6029D+00  -0.7660D-02   0.1136D+00  -0.3728D-02   0.9430D-01  -0.3232D-01   0.2418D+00   0.0000D+00   0.6550D-01   0.4056D-02   0.8315D-02   0.1327D-01   0.6029D+00  -0.7660D-02   0.1136D+00  -0.3728D-02   0.9430D-01  -0.3232D-01
  -0.1403D-03  -0.3469D-02  -0.2017D-02  -0.6950D-02  -0.1403D-03  -0.3469D-02  -0.2017D-02  -0.6950D-02
  1.000  1.000
  -0.1768D+02   0.0000D+00  -0.3373D+02   0.0000D+00   0.0000D+00   0.0000D+00  -0.3651D+02   0.0000D+00  -0.1768D+02   0.0000D+00  -0.3373D+02   0.0000D+00
   0.2393D+00   0.0000D+00   0.4615D-01   0.0000D+00   0.4732D-01   0.0000D+00   0.1087D+00   0.0000D+00   0.2415D-01   0.0000D+00   0.0000D+00   0.0000D+00   0.2393D+00   0.0000D+00   0.4615D-01   0.0000D+00   0.4732D-01   0.0000D+00
   0.0000D+00   0.0000D+00   0.0000D+00   0.0000D+00   0.0000D+00   0.0000D+00   0.0000D+00   0.0000D+00
  -0.1277D+02   0.5835D+01  -0.2876D+02   0.3591D+01   0.2682D+01  -0.4472D+01  -0.3418D+02  -0.4254D+00  -0.1277D+02   0.5835D+01  -0.2876D+02   0.3591D+01
   0.5384D+00  -0.6801D-02   0.1019D+00  -0.3310D-02   0.8128D-01  -0.2870D-01   0.2221D+00   0.0000D+00   0.5936D-01   0.3601D-02   0.7324D-02   0.1179D-01   0.5384D+00  -0.6801D-02   0.1019D+00  -0.3310D-02   0.8128D-01  -0.2870D-01
  -0.1244D-03  -0.3080D-02  -0.1791D-02  -0.6171D-02  -0.1244D-03  -0.3080D-02  -0.1791D-02  -0.6171D-02
  1.000  2.000
  -0.1590D+02   0.0000D+00  -0.3034D+02   0.0000D+00   0.0000D+00   0.0000D+00  -0.3284D+02   0.0000D+00  -0.1590D+02   0.0000D+00  -0.3034D+02   0.0000D+00
   0.2393D+00   0.0000D+00   0.4615D-01   0.0000D+00   0.4732D-01   0.0000D+00   0.1087D+00   0.0000D+00   0.2415D-01   0.0000D+00   0.0000D+00   0.0000D+00   0.2393D+00   0.0000D+00   0.4615D-01   0.0000D+00   0.4732D-01   0.0000D+00
   0.0000D+00   0.0000D+00   0.0000D+00   0.0000D+00   0.0000D+00   0.0000D+00   0.0000D+00   0.0000D+00
  -0.1352D+02   0.4719D+01  -0.2931D+02   0.2905D+01   0.2167D+01  -0.3617D+01  -0.3418D+02  -0.3441D+00  -0.1352D+02   0.4719D+01  -0.2931D+02   0.2905D+01
   0.5400D+00  -0.6117D-02   0.1018D+00  -0.2977D-02   0.8749D-01  -0.2581D-01   0.2179D+00   0.0000D+00   0.5803D-01   0.3239D-02   0.6802D-02   0.1060D-01   0.5400D+00  -0.6117D-02   0.1018D+00  -0.2977D-02   0.8749D-01  -0.2581D-01
  -0.1119D-03  -0.2770D-02  -0.1610D-02  -0.5550D-02  -0.1119D-03  -0.2770D-02  -0.1610D-02  -0.5550D-02
  2.000  0.500
  -0.2134D+02   0.0000D+00  -0.3997D+02   0.0000D+00   0.0000D+00   0.0000D+00  -0.4342D+02   0.0000D+00  -0.2134D+02   0.0000D+00  -0.3997D+02   0.0000D+00
   0.2421D+00   0.0000D+00   0.4963D-01   0.0000D+00   0.5048D-01   0.0000D+00   0.1202D+00   0.0000D+00   0.2671D-01   0.0000D+00   0.0000D+00   0.0000D+00   0.2421D+00   0.0000D+00   0.4963D-01   0.0000D+00   0.5048D-01   0.0000D+00
   0.0000D+00   0.0000D+00   0.0000D+00   0.0000D+00   0.0000D+00   0.0000D+00   0.0000D+00   0.0000D+00
  -0.1079D+02   0.8112D+01  -0.2545D+02   0.4913D+01   0.3670D+01  -0.5575D+01  -0.3205D+02  -0.5736D+00  -0.1079D+02   0.8112D+01  -0.2545D+02   0.4913D+01
   0.6192D+00  -0.8232D-02   0.1232D+00  -0.3665D-02   0.9726D-01  -0.3129D-01   0.2536D+00   0.0000D+00   0.6865D-01   0.4476D-02   0.8123D-02   0.1465D-01   0.6192D+00  -0.8232D-02   0.1232D+00  -0.3665D-02   0.9726D-01  -0.3129D-01
  -0.1641D-03  -0.3216D-02  -0.2228D-02  -0.7746D-02  -0.1641D-03  -0.3216D-02  -0.2228D-02  -0.7746D-02
  2.000  1.000
  -0.1895D+02   0.0000D+00  -0.3549D+02   0.0000D+00   0.0000D+00   0.0000D+00  -0.3855D+02   0.0000D+00  -0.1895D+02   0.0000D+00  -0.3549D+02   0.0000D+00
   0.2421D+00   0.0000D+00   0.4963D-01   0.0000D+00   0.5048D-01   0.0000D+00   0.1202D+00   0.0000D+00   0.2671D-01   0.0000D+00   0.0000D+00   0.0000D+00   0.2421D+00   0.0000D+00   0.4963D-01   0.0000D+00   0.5048D-01   0.0000D+00
   0.0000D+00   0.0000D+00   0.0000D+00   0.0000D+00   0.0000D+00   0.0000D+00   0.0000D+00   0.0000D+00
  -0.1252D+02   0.6393D+01  -0.2770D+02   0.3872D+01   0.2892D+01  -0.4395D+01  -0.3358D+02  -0.4522D+00  -0.1252D+02   0.6393D+01  -0.2770D+02   0.3872D+01
   0.5232D+00  -0.7309D-02   0.1056D+00  -0.3254D-02   0.7747D-01  -0.2778D-01   0.2264D+00   0.0000D+00   0.6010D-01   0.3974D-02   0.6643D-02   0.1301D-01   0.5232D+00  -0.7309D-02   0.1056D+00  -0.3254D-02   0.7747D-01  -0.2778D-01
  -0.1456D-03  -0.2855D-02  -0.1978D-02  -0.6877D-02  -0.1456D-03  -0.2855D-02  -0.1978D-02  -0.6877D-02
  2.000  2.000
  -0.1704D+02   0.0000D+00  -0.3192D+02   0.0000D+00   0.0000D+00   0.0000D+00  -0.3467D+02   0.0000D+00  -0.1704D+02   0.0000D+00  -0.3192D+02   0.0000D+00
   0.2421D+00   0.0000D+00   0.4963D-01   0.0000D+00   0.5048D-01   0.0000D+00   0.1202D+00   0.0000D+00   0.2671D-01   0.0000D+00   0.0000D+00   0.0000D+00   0.2421D+00   0.0000D+00   0.4963D-01   0.0000D+00   0.5048D-01   0.0000D+00
   0.0000D+00   0.0000D+00   0.0000D+00   0.0000D+00   0.0000D+00   0.0000D+00   0.0000D+00   0.0000D+00
  -0.1329D+02   0.5171D+01  -0.2848D+02   0.3132D+01   0.2339D+01  -0.3555D+01  -0.3379D+02  -0.3657D+00  -0.1329D+02   0.5171D+01  -0.2848D+02   0.3132D+01
   0.4092D+00  -0.6574D-02   0.8509D-01  -0.2926D-02   0.5111D-01  -0.2499D-01   0.1966D+00   0.0000D+00   0.5072D-01   0.3574D-02   0.5152D-02   0.1170D-01   0.4092D+00  -0.6574D-02   0.8509D-01  -0.2926D-02   0.5111D-01  -0.2499D-01
  -0.1309D-03  -0.2568D-02  -0.1779D-02  -0.6185D-02  -0.1309D-03  -0.2568D-02  -0.1779D-02  -0.6185D-02
