 LHC=           1 sqrts=   8000.0000000000000      ang=           4 mode=fital                                                                                               scalescheme=           1 R=  0.69999999999999996     
 CT10nlo_rand5678                                                                                             155
 Bin information: chid, chiu, md, mu, mu0
   0.0000000000000000       0.50000000000000000        114.00000000000000        133.00000000000000        123.50000000000000     
 9 scales(muf, mur)*(LO(38), NLO(38))
  0.500  0.500
  -0.1045D+02   0.0000D+00  -0.1667D+02   0.0000D+00   0.0000D+00   0.0000D+00  -0.1743D+02   0.0000D+00  -0.1045D+02   0.0000D+00  -0.1667D+02   0.0000D+00
   0.5426D+00   0.0000D+00   0.1011D+00   0.0000D+00   0.1156D+00   0.0000D+00   0.2359D+00   0.0000D+00   0.5241D-01   0.0000D+00   0.0000D+00   0.0000D+00   0.5426D+00   0.0000D+00   0.1011D+00   0.0000D+00   0.1156D+00   0.0000D+00
   0.0000D+00   0.0000D+00   0.0000D+00   0.0000D+00   0.0000D+00   0.0000D+00   0.0000D+00   0.0000D+00
  -0.7091D+01   0.2917D+01  -0.1350D+02   0.1737D+01   0.1401D+01  -0.2094D+01  -0.1557D+02  -0.1806D+00  -0.7091D+01   0.2917D+01  -0.1350D+02   0.1737D+01
   0.8413D+00  -0.1704D-01   0.1563D+00  -0.7598D-02   0.1294D+00  -0.6127D-01   0.3400D+00   0.0000D+00   0.8746D-01   0.7696D-02   0.3638D-02   0.2519D-01   0.8413D+00  -0.1704D-01   0.1563D+00  -0.7598D-02   0.1294D+00  -0.6127D-01
  -0.6893D-03  -0.6633D-02  -0.4211D-02  -0.1328D-01  -0.6893D-03  -0.6633D-02  -0.4211D-02  -0.1328D-01
  0.500  1.000
  -0.9399D+01   0.0000D+00  -0.1500D+02   0.0000D+00   0.0000D+00   0.0000D+00  -0.1568D+02   0.0000D+00  -0.9399D+01   0.0000D+00  -0.1500D+02   0.0000D+00
   0.5426D+00   0.0000D+00   0.1011D+00   0.0000D+00   0.1156D+00   0.0000D+00   0.2359D+00   0.0000D+00   0.5241D-01   0.0000D+00   0.0000D+00   0.0000D+00   0.5426D+00   0.0000D+00   0.1011D+00   0.0000D+00   0.1156D+00   0.0000D+00
   0.0000D+00   0.0000D+00   0.0000D+00   0.0000D+00   0.0000D+00   0.0000D+00   0.0000D+00   0.0000D+00
  -0.7590D+01   0.2362D+01  -0.1388D+02   0.1406D+01   0.1133D+01  -0.1696D+01  -0.1569D+02  -0.1462D+00  -0.7590D+01   0.2362D+01  -0.1388D+02   0.1406D+01
   0.8134D+00  -0.1533D-01   0.1512D+00  -0.6836D-02   0.1285D+00  -0.5513D-01   0.3302D+00   0.0000D+00   0.8412D-01   0.6925D-02   0.3307D-02   0.2266D-01   0.8134D+00  -0.1533D-01   0.1512D+00  -0.6836D-02   0.1285D+00  -0.5513D-01
  -0.6201D-03  -0.5969D-02  -0.3789D-02  -0.1195D-01  -0.6201D-03  -0.5969D-02  -0.3789D-02  -0.1195D-01
  0.500  2.000
  -0.8547D+01   0.0000D+00  -0.1364D+02   0.0000D+00   0.0000D+00   0.0000D+00  -0.1426D+02   0.0000D+00  -0.8547D+01   0.0000D+00  -0.1364D+02   0.0000D+00
   0.5426D+00   0.0000D+00   0.1011D+00   0.0000D+00   0.1156D+00   0.0000D+00   0.2359D+00   0.0000D+00   0.5241D-01   0.0000D+00   0.0000D+00   0.0000D+00   0.5426D+00   0.0000D+00   0.1011D+00   0.0000D+00   0.1156D+00   0.0000D+00
   0.0000D+00   0.0000D+00   0.0000D+00   0.0000D+00   0.0000D+00   0.0000D+00   0.0000D+00   0.0000D+00
  -0.7800D+01   0.1953D+01  -0.1391D+02   0.1163D+01   0.9365D+00  -0.1402D+01  -0.1551D+02  -0.1209D+00  -0.7800D+01   0.1953D+01  -0.1391D+02   0.1163D+01
   0.7904D+00  -0.1394D-01   0.1469D+00  -0.6217D-02   0.1278D+00  -0.5014D-01   0.3221D+00   0.0000D+00   0.8138D-01   0.6297D-02   0.3032D-02   0.2061D-01   0.7904D+00  -0.1394D-01   0.1469D+00  -0.6217D-02   0.1278D+00  -0.5014D-01
  -0.5638D-03  -0.5428D-02  -0.3445D-02  -0.1087D-01  -0.5638D-03  -0.5428D-02  -0.3445D-02  -0.1087D-01
  1.000  0.500
  -0.1053D+02   0.0000D+00  -0.1703D+02   0.0000D+00   0.0000D+00   0.0000D+00  -0.1799D+02   0.0000D+00  -0.1053D+02   0.0000D+00  -0.1703D+02   0.0000D+00
   0.5555D+00   0.0000D+00   0.1032D+00   0.0000D+00   0.1170D+00   0.0000D+00   0.2425D+00   0.0000D+00   0.5390D-01   0.0000D+00   0.0000D+00   0.0000D+00   0.5555D+00   0.0000D+00   0.1032D+00   0.0000D+00   0.1170D+00   0.0000D+00
   0.0000D+00   0.0000D+00   0.0000D+00   0.0000D+00   0.0000D+00   0.0000D+00   0.0000D+00   0.0000D+00
  -0.7011D+01   0.3009D+01  -0.1344D+02   0.1784D+01   0.1409D+01  -0.2159D+01  -0.1594D+02  -0.1842D+00  -0.7011D+01   0.3009D+01  -0.1344D+02   0.1784D+01
   0.8101D+00  -0.1709D-01   0.1501D+00  -0.7713D-02   0.1202D+00  -0.6273D-01   0.3311D+00   0.0000D+00   0.8530D-01   0.7878D-02   0.4011D-02   0.2578D-01   0.8101D+00  -0.1709D-01   0.1501D+00  -0.7713D-02   0.1202D+00  -0.6273D-01
  -0.7102D-03  -0.6840D-02  -0.4391D-02  -0.1351D-01  -0.7102D-03  -0.6840D-02  -0.4391D-02  -0.1351D-01
  1.000  1.000
  -0.9471D+01   0.0000D+00  -0.1532D+02   0.0000D+00   0.0000D+00   0.0000D+00  -0.1619D+02   0.0000D+00  -0.9471D+01   0.0000D+00  -0.1532D+02   0.0000D+00
   0.5555D+00   0.0000D+00   0.1032D+00   0.0000D+00   0.1170D+00   0.0000D+00   0.2425D+00   0.0000D+00   0.5390D-01   0.0000D+00   0.0000D+00   0.0000D+00   0.5555D+00   0.0000D+00   0.1032D+00   0.0000D+00   0.1170D+00   0.0000D+00
   0.0000D+00   0.0000D+00   0.0000D+00   0.0000D+00   0.0000D+00   0.0000D+00   0.0000D+00   0.0000D+00
  -0.7543D+01   0.2436D+01  -0.1390D+02   0.1445D+01   0.1140D+01  -0.1748D+01  -0.1609D+02  -0.1491D+00  -0.7543D+01   0.2436D+01  -0.1390D+02   0.1445D+01
   0.7908D+00  -0.1538D-01   0.1465D+00  -0.6941D-02   0.1217D+00  -0.5645D-01   0.3236D+00   0.0000D+00   0.8255D-01   0.7089D-02   0.3634D-02   0.2320D-01   0.7908D+00  -0.1538D-01   0.1465D+00  -0.6941D-02   0.1217D+00  -0.5645D-01
  -0.6388D-03  -0.6154D-02  -0.3951D-02  -0.1216D-01  -0.6388D-03  -0.6154D-02  -0.3951D-02  -0.1216D-01
  1.000  2.000
  -0.8612D+01   0.0000D+00  -0.1393D+02   0.0000D+00   0.0000D+00   0.0000D+00  -0.1472D+02   0.0000D+00  -0.8612D+01   0.0000D+00  -0.1393D+02   0.0000D+00
   0.5555D+00   0.0000D+00   0.1032D+00   0.0000D+00   0.1170D+00   0.0000D+00   0.2425D+00   0.0000D+00   0.5390D-01   0.0000D+00   0.0000D+00   0.0000D+00   0.5555D+00   0.0000D+00   0.1032D+00   0.0000D+00   0.1170D+00   0.0000D+00
   0.0000D+00   0.0000D+00   0.0000D+00   0.0000D+00   0.0000D+00   0.0000D+00   0.0000D+00   0.0000D+00
  -0.7773D+01   0.2014D+01  -0.1397D+02   0.1194D+01   0.9426D+00  -0.1445D+01  -0.1593D+02  -0.1233D+00  -0.7773D+01   0.2014D+01  -0.1397D+02   0.1194D+01
   0.7710D+00  -0.1399D-01   0.1428D+00  -0.6312D-02   0.1217D+00  -0.5133D-01   0.3167D+00   0.0000D+00   0.8008D-01   0.6447D-02   0.3326D-02   0.2110D-01   0.7710D+00  -0.1399D-01   0.1428D+00  -0.6312D-02   0.1217D+00  -0.5133D-01
  -0.5808D-03  -0.5597D-02  -0.3593D-02  -0.1105D-01  -0.5808D-03  -0.5597D-02  -0.3593D-02  -0.1105D-01
  2.000  0.500
  -0.1046D+02   0.0000D+00  -0.1731D+02   0.0000D+00   0.0000D+00   0.0000D+00  -0.1819D+02   0.0000D+00  -0.1046D+02   0.0000D+00  -0.1731D+02   0.0000D+00
   0.5576D+00   0.0000D+00   0.1046D+00   0.0000D+00   0.1174D+00   0.0000D+00   0.2429D+00   0.0000D+00   0.5398D-01   0.0000D+00   0.0000D+00   0.0000D+00   0.5576D+00   0.0000D+00   0.1046D+00   0.0000D+00   0.1174D+00   0.0000D+00
   0.0000D+00   0.0000D+00   0.0000D+00   0.0000D+00   0.0000D+00   0.0000D+00   0.0000D+00   0.0000D+00
  -0.6856D+01   0.3034D+01  -0.1375D+02   0.1808D+01   0.1422D+01  -0.2194D+01  -0.1595D+02  -0.1844D+00  -0.6856D+01   0.3034D+01  -0.1375D+02   0.1808D+01
   0.7905D+00  -0.1717D-01   0.1490D+00  -0.7823D-02   0.1174D+00  -0.6349D-01   0.3224D+00   0.0000D+00   0.8435D-01   0.7903D-02   0.3477D-02   0.2586D-01   0.7905D+00  -0.1717D-01   0.1490D+00  -0.7823D-02   0.1174D+00  -0.6349D-01
  -0.7323D-03  -0.6795D-02  -0.4483D-02  -0.1365D-01  -0.7323D-03  -0.6795D-02  -0.4483D-02  -0.1365D-01
  2.000  1.000
  -0.9409D+01   0.0000D+00  -0.1557D+02   0.0000D+00   0.0000D+00   0.0000D+00  -0.1637D+02   0.0000D+00  -0.9409D+01   0.0000D+00  -0.1557D+02   0.0000D+00
   0.5576D+00   0.0000D+00   0.1046D+00   0.0000D+00   0.1174D+00   0.0000D+00   0.2429D+00   0.0000D+00   0.5398D-01   0.0000D+00   0.0000D+00   0.0000D+00   0.5576D+00   0.0000D+00   0.1046D+00   0.0000D+00   0.1174D+00   0.0000D+00
   0.0000D+00   0.0000D+00   0.0000D+00   0.0000D+00   0.0000D+00   0.0000D+00   0.0000D+00   0.0000D+00
  -0.7353D+01   0.2456D+01  -0.1414D+02   0.1464D+01   0.1151D+01  -0.1776D+01  -0.1609D+02  -0.1493D+00  -0.7353D+01   0.2456D+01  -0.1414D+02   0.1464D+01
   0.7372D+00  -0.1545D-01   0.1396D+00  -0.7040D-02   0.1083D+00  -0.5713D-01   0.3083D+00   0.0000D+00   0.7942D-01   0.7111D-02   0.3056D-02   0.2327D-01   0.7372D+00  -0.1545D-01   0.1396D+00  -0.7040D-02   0.1083D+00  -0.5713D-01
  -0.6588D-03  -0.6114D-02  -0.4033D-02  -0.1228D-01  -0.6588D-03  -0.6114D-02  -0.4033D-02  -0.1228D-01
  2.000  2.000
  -0.8556D+01   0.0000D+00  -0.1416D+02   0.0000D+00   0.0000D+00   0.0000D+00  -0.1489D+02   0.0000D+00  -0.8556D+01   0.0000D+00  -0.1416D+02   0.0000D+00
   0.5576D+00   0.0000D+00   0.1046D+00   0.0000D+00   0.1174D+00   0.0000D+00   0.2429D+00   0.0000D+00   0.5398D-01   0.0000D+00   0.0000D+00   0.0000D+00   0.5576D+00   0.0000D+00   0.1046D+00   0.0000D+00   0.1174D+00   0.0000D+00
   0.0000D+00   0.0000D+00   0.0000D+00   0.0000D+00   0.0000D+00   0.0000D+00   0.0000D+00   0.0000D+00
  -0.7633D+01   0.2031D+01  -0.1425D+02   0.1210D+01   0.9511D+00  -0.1469D+01  -0.1598D+02  -0.1234D+00  -0.7633D+01   0.2031D+01  -0.1425D+02   0.1210D+01
   0.7429D+00  -0.1405D-01   0.1401D+00  -0.6402D-02   0.1156D+00  -0.5195D-01   0.3072D+00   0.0000D+00   0.7857D-01   0.6467D-02   0.2873D-02   0.2116D-01   0.7429D+00  -0.1405D-01   0.1401D+00  -0.6402D-02   0.1156D+00  -0.5195D-01
  -0.5989D-03  -0.5560D-02  -0.3667D-02  -0.1117D-01  -0.5989D-03  -0.5560D-02  -0.3667D-02  -0.1117D-01
