 LHC=           1 sqrts=   8000.0000000000000      ang=           4 mode=fital                                                                                               scalescheme=           1 R=  0.69999999999999996     
 NNPDF23_nlo_as_0118                                                                                           43
 Bin information: chid, chiu, md, mu, mu0
   0.0000000000000000       0.50000000000000000        1784.0000000000000        2116.0000000000000        1950.0000000000000     
 9 scales(muf, mur)*(LO(38), NLO(38))
  0.500  0.500
  -0.8162D-02   0.0000D+00  -0.4783D-02   0.0000D+00   0.0000D+00   0.0000D+00  -0.1711D-02   0.0000D+00  -0.8162D-02   0.0000D+00  -0.4783D-02   0.0000D+00
   0.5694D-01   0.0000D+00   0.8173D-02   0.0000D+00   0.2687D-01   0.0000D+00   0.6584D-02   0.0000D+00   0.1463D-02   0.0000D+00   0.0000D+00   0.0000D+00   0.5694D-01   0.0000D+00   0.8173D-02   0.0000D+00   0.2687D-01   0.0000D+00
   0.0000D+00   0.0000D+00   0.0000D+00   0.0000D+00   0.0000D+00   0.0000D+00   0.0000D+00   0.0000D+00
  -0.7267D-02   0.5288D-03  -0.4367D-02   0.3046D-03   0.1579D-03  -0.1453D-03  -0.1476D-02   0.1367D-03  -0.7267D-02   0.5288D-03  -0.4367D-02   0.3046D-03
   0.4279D-01  -0.2788D-02   0.6178D-02  -0.7640D-03   0.1683D-01  -0.4268D-02   0.5588D-02   0.0000D+00   0.1349D-02   0.1518D-03  -0.3680D-03   0.4967D-03   0.4279D-01  -0.2788D-02   0.6178D-02  -0.7640D-03   0.1683D-01  -0.4268D-02
  -0.3118D-03  -0.6886D-03  -0.2557D-03  -0.5143D-03  -0.3118D-03  -0.6886D-03  -0.2557D-03  -0.5143D-03
  0.500  1.000
  -0.7625D-02   0.0000D+00  -0.4468D-02   0.0000D+00   0.0000D+00   0.0000D+00  -0.1599D-02   0.0000D+00  -0.7625D-02   0.0000D+00  -0.4468D-02   0.0000D+00
   0.5694D-01   0.0000D+00   0.8173D-02   0.0000D+00   0.2687D-01   0.0000D+00   0.6584D-02   0.0000D+00   0.1463D-02   0.0000D+00   0.0000D+00   0.0000D+00   0.5694D-01   0.0000D+00   0.8173D-02   0.0000D+00   0.2687D-01   0.0000D+00
   0.0000D+00   0.0000D+00   0.0000D+00   0.0000D+00   0.0000D+00   0.0000D+00   0.0000D+00   0.0000D+00
  -0.7381D-02   0.4615D-03  -0.4419D-02   0.2658D-03   0.1378D-03  -0.1268D-03  -0.1506D-02   0.1193D-03  -0.7381D-02   0.4615D-03  -0.4419D-02   0.2658D-03
   0.4373D-01  -0.2605D-02   0.6310D-02  -0.7137D-03   0.1749D-01  -0.3987D-02   0.5654D-02   0.0000D+00   0.1357D-02   0.1418D-03  -0.3438D-03   0.4641D-03   0.4373D-01  -0.2605D-02   0.6310D-02  -0.7137D-03   0.1749D-01  -0.3987D-02
  -0.2913D-03  -0.6433D-03  -0.2388D-03  -0.4804D-03  -0.2913D-03  -0.6433D-03  -0.2388D-03  -0.4804D-03
  0.500  2.000
  -0.7155D-02   0.0000D+00  -0.4192D-02   0.0000D+00   0.0000D+00   0.0000D+00  -0.1500D-02   0.0000D+00  -0.7155D-02   0.0000D+00  -0.4192D-02   0.0000D+00
   0.5694D-01   0.0000D+00   0.8173D-02   0.0000D+00   0.2687D-01   0.0000D+00   0.6584D-02   0.0000D+00   0.1463D-02   0.0000D+00   0.0000D+00   0.0000D+00   0.5694D-01   0.0000D+00   0.8173D-02   0.0000D+00   0.2687D-01   0.0000D+00
   0.0000D+00   0.0000D+00   0.0000D+00   0.0000D+00   0.0000D+00   0.0000D+00   0.0000D+00   0.0000D+00
  -0.7412D-02   0.4063D-03  -0.4427D-02   0.2340D-03   0.1213D-03  -0.1117D-03  -0.1517D-02   0.1051D-03  -0.7412D-02   0.4063D-03  -0.4427D-02   0.2340D-03
   0.4454D-01  -0.2444D-02   0.6425D-02  -0.6697D-03   0.1807D-01  -0.3741D-02   0.5711D-02   0.0000D+00   0.1364D-02   0.1331D-03  -0.3226D-03   0.4355D-03   0.4454D-01  -0.2444D-02   0.6425D-02  -0.6697D-03   0.1807D-01  -0.3741D-02
  -0.2734D-03  -0.6036D-03  -0.2241D-03  -0.4508D-03  -0.2734D-03  -0.6036D-03  -0.2241D-03  -0.4508D-03
  1.000  0.500
  -0.6822D-02   0.0000D+00  -0.3988D-02   0.0000D+00   0.0000D+00   0.0000D+00  -0.1429D-02   0.0000D+00  -0.6822D-02   0.0000D+00  -0.3988D-02   0.0000D+00
   0.4751D-01   0.0000D+00   0.6813D-02   0.0000D+00   0.2245D-01   0.0000D+00   0.5513D-02   0.0000D+00   0.1225D-02   0.0000D+00   0.0000D+00   0.0000D+00   0.4751D-01   0.0000D+00   0.6813D-02   0.0000D+00   0.2245D-01   0.0000D+00
   0.0000D+00   0.0000D+00   0.0000D+00   0.0000D+00   0.0000D+00   0.0000D+00   0.0000D+00   0.0000D+00
  -0.7307D-02   0.4410D-03  -0.4366D-02   0.2544D-03   0.1289D-03  -0.1214D-03  -0.1491D-02   0.1138D-03  -0.7307D-02   0.4410D-03  -0.4366D-02   0.2544D-03
   0.4429D-01  -0.2329D-02   0.6384D-02  -0.6379D-03   0.1813D-01  -0.3560D-02   0.5656D-02   0.0000D+00   0.1347D-02   0.1271D-03  -0.3044D-03   0.4160D-03   0.4429D-01  -0.2329D-02   0.6384D-02  -0.6379D-03   0.1813D-01  -0.3560D-02
  -0.2607D-03  -0.5761D-03  -0.2134D-03  -0.4291D-03  -0.2607D-03  -0.5761D-03  -0.2134D-03  -0.4291D-03
  1.000  1.000
  -0.6373D-02   0.0000D+00  -0.3725D-02   0.0000D+00   0.0000D+00   0.0000D+00  -0.1335D-02   0.0000D+00  -0.6373D-02   0.0000D+00  -0.3725D-02   0.0000D+00
   0.4751D-01   0.0000D+00   0.6813D-02   0.0000D+00   0.2245D-01   0.0000D+00   0.5513D-02   0.0000D+00   0.1225D-02   0.0000D+00   0.0000D+00   0.0000D+00   0.4751D-01   0.0000D+00   0.6813D-02   0.0000D+00   0.2245D-01   0.0000D+00
   0.0000D+00   0.0000D+00   0.0000D+00   0.0000D+00   0.0000D+00   0.0000D+00   0.0000D+00   0.0000D+00
  -0.7245D-02   0.3848D-03  -0.4317D-02   0.2220D-03   0.1125D-03  -0.1059D-03  -0.1483D-02   0.9932D-04  -0.7245D-02   0.3848D-03  -0.4317D-02   0.2220D-03
   0.4450D-01  -0.2176D-02   0.6413D-02  -0.5959D-03   0.1842D-01  -0.3326D-02   0.5647D-02   0.0000D+00   0.1339D-02   0.1187D-03  -0.2844D-03   0.3886D-03   0.4450D-01  -0.2176D-02   0.6413D-02  -0.5959D-03   0.1842D-01  -0.3326D-02
  -0.2435D-03  -0.5382D-03  -0.1994D-03  -0.4008D-03  -0.2435D-03  -0.5382D-03  -0.1994D-03  -0.4008D-03
  1.000  2.000
  -0.5980D-02   0.0000D+00  -0.3496D-02   0.0000D+00   0.0000D+00   0.0000D+00  -0.1253D-02   0.0000D+00  -0.5980D-02   0.0000D+00  -0.3496D-02   0.0000D+00
   0.4751D-01   0.0000D+00   0.6813D-02   0.0000D+00   0.2245D-01   0.0000D+00   0.5513D-02   0.0000D+00   0.1225D-02   0.0000D+00   0.0000D+00   0.0000D+00   0.4751D-01   0.0000D+00   0.6813D-02   0.0000D+00   0.2245D-01   0.0000D+00
   0.0000D+00   0.0000D+00   0.0000D+00   0.0000D+00   0.0000D+00   0.0000D+00   0.0000D+00   0.0000D+00
  -0.7142D-02   0.3388D-03  -0.4248D-02   0.1955D-03   0.9910D-04  -0.9328D-04  -0.1466D-02   0.8745D-04  -0.7142D-02   0.3388D-03  -0.4248D-02   0.1955D-03
   0.4469D-01  -0.2042D-02   0.6438D-02  -0.5592D-03   0.1867D-01  -0.3121D-02   0.5639D-02   0.0000D+00   0.1332D-02   0.1114D-03  -0.2669D-03   0.3647D-03   0.4469D-01  -0.2042D-02   0.6438D-02  -0.5592D-03   0.1867D-01  -0.3121D-02
  -0.2285D-03  -0.5051D-03  -0.1871D-03  -0.3761D-03  -0.2285D-03  -0.5051D-03  -0.1871D-03  -0.3761D-03
  2.000  0.500
  -0.5761D-02   0.0000D+00  -0.3362D-02   0.0000D+00   0.0000D+00   0.0000D+00  -0.1207D-02   0.0000D+00  -0.5761D-02   0.0000D+00  -0.3362D-02   0.0000D+00
   0.4007D-01   0.0000D+00   0.5744D-02   0.0000D+00   0.1896D-01   0.0000D+00   0.4666D-02   0.0000D+00   0.1037D-02   0.0000D+00   0.0000D+00   0.0000D+00   0.4007D-01   0.0000D+00   0.5744D-02   0.0000D+00   0.1896D-01   0.0000D+00
   0.0000D+00   0.0000D+00   0.0000D+00   0.0000D+00   0.0000D+00   0.0000D+00   0.0000D+00   0.0000D+00
  -0.7214D-02   0.3717D-03  -0.4301D-02   0.2148D-03   0.1080D-03  -0.1025D-03  -0.1479D-02   0.9577D-04  -0.7214D-02   0.3717D-03  -0.4301D-02   0.2148D-03
   0.4471D-01  -0.1968D-02   0.6436D-02  -0.5383D-03   0.1877D-01  -0.3002D-02   0.5618D-02   0.0000D+00   0.1326D-02   0.1076D-03  -0.2529D-03   0.3521D-03   0.4471D-01  -0.1968D-02   0.6436D-02  -0.5383D-03   0.1877D-01  -0.3002D-02
  -0.2203D-03  -0.4858D-03  -0.1802D-03  -0.3624D-03  -0.2203D-03  -0.4858D-03  -0.1802D-03  -0.3624D-03
  2.000  1.000
  -0.5382D-02   0.0000D+00  -0.3140D-02   0.0000D+00   0.0000D+00   0.0000D+00  -0.1128D-02   0.0000D+00  -0.5382D-02   0.0000D+00  -0.3140D-02   0.0000D+00
   0.4007D-01   0.0000D+00   0.5744D-02   0.0000D+00   0.1896D-01   0.0000D+00   0.4666D-02   0.0000D+00   0.1037D-02   0.0000D+00   0.0000D+00   0.0000D+00   0.4007D-01   0.0000D+00   0.5744D-02   0.0000D+00   0.1896D-01   0.0000D+00
   0.0000D+00   0.0000D+00   0.0000D+00   0.0000D+00   0.0000D+00   0.0000D+00   0.0000D+00   0.0000D+00
  -0.7029D-02   0.3244D-03  -0.4181D-02   0.1875D-03   0.9429D-04  -0.8948D-04  -0.1444D-02   0.8358D-04  -0.7029D-02   0.3244D-03  -0.4181D-02   0.1875D-03
   0.4441D-01  -0.1838D-02   0.6391D-02  -0.5029D-03   0.1878D-01  -0.2804D-02   0.5556D-02   0.0000D+00   0.1307D-02   0.1005D-03  -0.2363D-03   0.3289D-03   0.4441D-01  -0.1838D-02   0.6391D-02  -0.5029D-03   0.1878D-01  -0.2804D-02
  -0.2058D-03  -0.4538D-03  -0.1684D-03  -0.3385D-03  -0.2058D-03  -0.4538D-03  -0.1684D-03  -0.3385D-03
  2.000  2.000
  -0.5050D-02   0.0000D+00  -0.2947D-02   0.0000D+00   0.0000D+00   0.0000D+00  -0.1058D-02   0.0000D+00  -0.5050D-02   0.0000D+00  -0.2947D-02   0.0000D+00
   0.4007D-01   0.0000D+00   0.5744D-02   0.0000D+00   0.1896D-01   0.0000D+00   0.4666D-02   0.0000D+00   0.1037D-02   0.0000D+00   0.0000D+00   0.0000D+00   0.4007D-01   0.0000D+00   0.5744D-02   0.0000D+00   0.1896D-01   0.0000D+00
   0.0000D+00   0.0000D+00   0.0000D+00   0.0000D+00   0.0000D+00   0.0000D+00   0.0000D+00   0.0000D+00
  -0.6834D-02   0.2856D-03  -0.4058D-02   0.1651D-03   0.8303D-04  -0.7878D-04  -0.1407D-02   0.7359D-04  -0.6834D-02   0.2856D-03  -0.4058D-02   0.1651D-03
   0.4414D-01  -0.1725D-02   0.6351D-02  -0.4719D-03   0.1879D-01  -0.2631D-02   0.5501D-02   0.0000D+00   0.1290D-02   0.9431D-04  -0.2217D-03   0.3086D-03   0.4414D-01  -0.1725D-02   0.6351D-02  -0.4719D-03   0.1879D-01  -0.2631D-02
  -0.1931D-03  -0.4259D-03  -0.1580D-03  -0.3177D-03  -0.1931D-03  -0.4259D-03  -0.1580D-03  -0.3177D-03
