 LHC=           1 sqrts=   8000.0000000000000      ang=           4 mode=fital                                                                                               scalescheme=           1 R=  0.69999999999999996     
 CT10nlo_rand5678                                                                                              48
 Bin information: chid, chiu, md, mu, mu0
   0.0000000000000000       0.50000000000000000        362.00000000000000        395.00000000000000        378.50000000000000     
 9 scales(muf, mur)*(LO(38), NLO(38))
  0.500  0.500
  -0.1518D+01   0.0000D+00  -0.1571D+01   0.0000D+00   0.0000D+00   0.0000D+00  -0.1408D+01   0.0000D+00  -0.1518D+01   0.0000D+00  -0.1571D+01   0.0000D+00
   0.6211D+00   0.0000D+00   0.1078D+00   0.0000D+00   0.1811D+00   0.0000D+00   0.2167D+00   0.0000D+00   0.4816D-01   0.0000D+00   0.0000D+00   0.0000D+00   0.6211D+00   0.0000D+00   0.1078D+00   0.0000D+00   0.1811D+00   0.0000D+00
   0.0000D+00   0.0000D+00   0.0000D+00   0.0000D+00   0.0000D+00   0.0000D+00   0.0000D+00   0.0000D+00
  -0.1120D+01   0.2263D+00  -0.1338D+01   0.1387D+00   0.1320D+00  -0.1429D+00  -0.1310D+01   0.1419D-02  -0.1120D+01   0.2263D+00  -0.1338D+01   0.1387D+00
   0.5864D+00  -0.2250D-01   0.1039D+00  -0.8144D-02   0.1128D+00  -0.5836D-01   0.2127D+00   0.0000D+00   0.5321D-01   0.5977D-02  -0.1907D-02   0.1956D-01   0.5864D+00  -0.2250D-01   0.1039D+00  -0.8144D-02   0.1128D+00  -0.5836D-01
  -0.1754D-02  -0.7322D-02  -0.4301D-02  -0.1115D-01  -0.1754D-02  -0.7322D-02  -0.4301D-02  -0.1115D-01
  0.500  1.000
  -0.1388D+01   0.0000D+00  -0.1436D+01   0.0000D+00   0.0000D+00   0.0000D+00  -0.1288D+01   0.0000D+00  -0.1388D+01   0.0000D+00  -0.1436D+01   0.0000D+00
   0.6211D+00   0.0000D+00   0.1078D+00   0.0000D+00   0.1811D+00   0.0000D+00   0.2167D+00   0.0000D+00   0.4816D-01   0.0000D+00   0.0000D+00   0.0000D+00   0.6211D+00   0.0000D+00   0.1078D+00   0.0000D+00   0.1811D+00   0.0000D+00
   0.0000D+00   0.0000D+00   0.0000D+00   0.0000D+00   0.0000D+00   0.0000D+00   0.0000D+00   0.0000D+00
  -0.1170D+01   0.1892D+00  -0.1361D+01   0.1160D+00   0.1103D+00  -0.1195D+00  -0.1312D+01   0.1187D-02  -0.1170D+01   0.1892D+00  -0.1361D+01   0.1160D+00
   0.5897D+00  -0.2057D-01   0.1043D+00  -0.7447D-02   0.1187D+00  -0.5336D-01   0.2131D+00   0.0000D+00   0.5279D-01   0.5465D-02  -0.1743D-02   0.1789D-01   0.5897D+00  -0.2057D-01   0.1043D+00  -0.7447D-02   0.1187D+00  -0.5336D-01
  -0.1603D-02  -0.6695D-02  -0.3933D-02  -0.1019D-01  -0.1603D-02  -0.6695D-02  -0.3933D-02  -0.1019D-01
  0.500  2.000
  -0.1279D+01   0.0000D+00  -0.1323D+01   0.0000D+00   0.0000D+00   0.0000D+00  -0.1186D+01   0.0000D+00  -0.1279D+01   0.0000D+00  -0.1323D+01   0.0000D+00
   0.6211D+00   0.0000D+00   0.1078D+00   0.0000D+00   0.1811D+00   0.0000D+00   0.2167D+00   0.0000D+00   0.4816D-01   0.0000D+00   0.0000D+00   0.0000D+00   0.6211D+00   0.0000D+00   0.1078D+00   0.0000D+00   0.1811D+00   0.0000D+00
   0.0000D+00   0.0000D+00   0.0000D+00   0.0000D+00   0.0000D+00   0.0000D+00   0.0000D+00   0.0000D+00
  -0.1191D+01   0.1606D+00  -0.1360D+01   0.9846D-01   0.9365D-01  -0.1014D+00  -0.1297D+01   0.1008D-02  -0.1191D+01   0.1606D+00  -0.1360D+01   0.9846D-01
   0.5924D+00  -0.1896D-01   0.1046D+00  -0.6861D-02   0.1237D+00  -0.4916D-01   0.2134D+00   0.0000D+00   0.5245D-01   0.5035D-02  -0.1605D-02   0.1648D-01   0.5924D+00  -0.1896D-01   0.1046D+00  -0.6861D-02   0.1237D+00  -0.4916D-01
  -0.1477D-02  -0.6168D-02  -0.3623D-02  -0.9392D-02  -0.1477D-02  -0.6168D-02  -0.3623D-02  -0.9392D-02
  1.000  0.500
  -0.1435D+01   0.0000D+00  -0.1497D+01   0.0000D+00   0.0000D+00   0.0000D+00  -0.1339D+01   0.0000D+00  -0.1435D+01   0.0000D+00  -0.1497D+01   0.0000D+00
   0.5884D+00   0.0000D+00   0.1023D+00   0.0000D+00   0.1712D+00   0.0000D+00   0.2050D+00   0.0000D+00   0.4556D-01   0.0000D+00   0.0000D+00   0.0000D+00   0.5884D+00   0.0000D+00   0.1023D+00   0.0000D+00   0.1712D+00   0.0000D+00
   0.0000D+00   0.0000D+00   0.0000D+00   0.0000D+00   0.0000D+00   0.0000D+00   0.0000D+00   0.0000D+00
  -0.1152D+01   0.2155D+00  -0.1361D+01   0.1316D+00   0.1242D+00  -0.1360D+00  -0.1312D+01   0.1537D-02  -0.1152D+01   0.2155D+00  -0.1361D+01   0.1316D+00
   0.5827D+00  -0.2126D-01   0.1034D+00  -0.7712D-02   0.1143D+00  -0.5512D-01   0.2103D+00   0.0000D+00   0.5234D-01   0.5656D-02  -0.2223D-02   0.1851D-01   0.5827D+00  -0.2126D-01   0.1034D+00  -0.7712D-02   0.1143D+00  -0.5512D-01
  -0.1669D-02  -0.6938D-02  -0.4100D-02  -0.1059D-01  -0.1669D-02  -0.6938D-02  -0.4100D-02  -0.1059D-01
  1.000  1.000
  -0.1312D+01   0.0000D+00  -0.1368D+01   0.0000D+00   0.0000D+00   0.0000D+00  -0.1224D+01   0.0000D+00  -0.1312D+01   0.0000D+00  -0.1368D+01   0.0000D+00
   0.5884D+00   0.0000D+00   0.1023D+00   0.0000D+00   0.1712D+00   0.0000D+00   0.2050D+00   0.0000D+00   0.4556D-01   0.0000D+00   0.0000D+00   0.0000D+00   0.5884D+00   0.0000D+00   0.1023D+00   0.0000D+00   0.1712D+00   0.0000D+00
   0.0000D+00   0.0000D+00   0.0000D+00   0.0000D+00   0.0000D+00   0.0000D+00   0.0000D+00   0.0000D+00
  -0.1184D+01   0.1801D+00  -0.1368D+01   0.1100D+00   0.1038D+00  -0.1137D+00  -0.1303D+01   0.1286D-02  -0.1184D+01   0.1801D+00  -0.1368D+01   0.1100D+00
   0.5835D+00  -0.1944D-01   0.1034D+00  -0.7051D-02   0.1192D+00  -0.5040D-01   0.2100D+00   0.0000D+00   0.5178D-01   0.5172D-02  -0.2032D-02   0.1693D-01   0.5835D+00  -0.1944D-01   0.1034D+00  -0.7051D-02   0.1192D+00  -0.5040D-01
  -0.1526D-02  -0.6344D-02  -0.3748D-02  -0.9680D-02  -0.1526D-02  -0.6344D-02  -0.3748D-02  -0.9680D-02
  1.000  2.000
  -0.1209D+01   0.0000D+00  -0.1261D+01   0.0000D+00   0.0000D+00   0.0000D+00  -0.1128D+01   0.0000D+00  -0.1209D+01   0.0000D+00  -0.1261D+01   0.0000D+00
   0.5884D+00   0.0000D+00   0.1023D+00   0.0000D+00   0.1712D+00   0.0000D+00   0.2050D+00   0.0000D+00   0.4556D-01   0.0000D+00   0.0000D+00   0.0000D+00   0.5884D+00   0.0000D+00   0.1023D+00   0.0000D+00   0.1712D+00   0.0000D+00
   0.0000D+00   0.0000D+00   0.0000D+00   0.0000D+00   0.0000D+00   0.0000D+00   0.0000D+00   0.0000D+00
  -0.1192D+01   0.1529D+00  -0.1356D+01   0.9336D-01   0.8811D-01  -0.9652D-01  -0.1280D+01   0.1092D-02  -0.1192D+01   0.1529D+00  -0.1356D+01   0.9336D-01
   0.5841D+00  -0.1791D-01   0.1033D+00  -0.6497D-02   0.1234D+00  -0.4644D-01   0.2096D+00   0.0000D+00   0.5131D-01   0.4765D-02  -0.1871D-02   0.1559D-01   0.5841D+00  -0.1791D-01   0.1033D+00  -0.6497D-02   0.1234D+00  -0.4644D-01
  -0.1406D-02  -0.5845D-02  -0.3454D-02  -0.8919D-02  -0.1406D-02  -0.5845D-02  -0.3454D-02  -0.8919D-02
  2.000  0.500
  -0.1364D+01   0.0000D+00  -0.1424D+01   0.0000D+00   0.0000D+00   0.0000D+00  -0.1272D+01   0.0000D+00  -0.1364D+01   0.0000D+00  -0.1424D+01   0.0000D+00
   0.5590D+00   0.0000D+00   0.9718D-01   0.0000D+00   0.1623D+00   0.0000D+00   0.1938D+00   0.0000D+00   0.4307D-01   0.0000D+00   0.0000D+00   0.0000D+00   0.5590D+00   0.0000D+00   0.9718D-01   0.0000D+00   0.1623D+00   0.0000D+00
   0.0000D+00   0.0000D+00   0.0000D+00   0.0000D+00   0.0000D+00   0.0000D+00   0.0000D+00   0.0000D+00
  -0.1164D+01   0.2056D+00  -0.1378D+01   0.1250D+00   0.1186D+00  -0.1292D+00  -0.1322D+01   0.1661D-02  -0.1164D+01   0.2056D+00  -0.1378D+01   0.1250D+00
   0.5806D+00  -0.2015D-01   0.1027D+00  -0.7318D-02   0.1167D+00  -0.5249D-01   0.2098D+00   0.0000D+00   0.5171D-01   0.5355D-02  -0.1759D-02   0.1753D-01   0.5806D+00  -0.2015D-01   0.1027D+00  -0.7318D-02   0.1167D+00  -0.5249D-01
  -0.1591D-02  -0.6584D-02  -0.3902D-02  -0.1004D-01  -0.1591D-02  -0.6584D-02  -0.3902D-02  -0.1004D-01
  2.000  1.000
  -0.1247D+01   0.0000D+00  -0.1302D+01   0.0000D+00   0.0000D+00   0.0000D+00  -0.1163D+01   0.0000D+00  -0.1247D+01   0.0000D+00  -0.1302D+01   0.0000D+00
   0.5590D+00   0.0000D+00   0.9718D-01   0.0000D+00   0.1623D+00   0.0000D+00   0.1938D+00   0.0000D+00   0.4307D-01   0.0000D+00   0.0000D+00   0.0000D+00   0.5590D+00   0.0000D+00   0.9718D-01   0.0000D+00   0.1623D+00   0.0000D+00
   0.0000D+00   0.0000D+00   0.0000D+00   0.0000D+00   0.0000D+00   0.0000D+00   0.0000D+00   0.0000D+00
  -0.1183D+01   0.1719D+00  -0.1371D+01   0.1045D+00   0.9916D-01  -0.1080D+00  -0.1301D+01   0.1389D-02  -0.1183D+01   0.1719D+00  -0.1371D+01   0.1045D+00
   0.5791D+00  -0.1842D-01   0.1023D+00  -0.6692D-02   0.1207D+00  -0.4800D-01   0.2085D+00   0.0000D+00   0.5099D-01   0.4897D-02  -0.1608D-02   0.1603D-01   0.5791D+00  -0.1842D-01   0.1023D+00  -0.6692D-02   0.1207D+00  -0.4800D-01
  -0.1455D-02  -0.6020D-02  -0.3568D-02  -0.9176D-02  -0.1455D-02  -0.6020D-02  -0.3568D-02  -0.9176D-02
  2.000  2.000
  -0.1149D+01   0.0000D+00  -0.1200D+01   0.0000D+00   0.0000D+00   0.0000D+00  -0.1072D+01   0.0000D+00  -0.1149D+01   0.0000D+00  -0.1200D+01   0.0000D+00
   0.5590D+00   0.0000D+00   0.9718D-01   0.0000D+00   0.1623D+00   0.0000D+00   0.1938D+00   0.0000D+00   0.4307D-01   0.0000D+00   0.0000D+00   0.0000D+00   0.5590D+00   0.0000D+00   0.9718D-01   0.0000D+00   0.1623D+00   0.0000D+00
   0.0000D+00   0.0000D+00   0.0000D+00   0.0000D+00   0.0000D+00   0.0000D+00   0.0000D+00   0.0000D+00
  -0.1182D+01   0.1459D+00  -0.1350D+01   0.8871D-01   0.8417D-01  -0.9170D-01  -0.1270D+01   0.1179D-02  -0.1182D+01   0.1459D+00  -0.1350D+01   0.8871D-01
   0.5776D+00  -0.1697D-01   0.1019D+00  -0.6165D-02   0.1240D+00  -0.4422D-01   0.2074D+00   0.0000D+00   0.5038D-01   0.4512D-02  -0.1480D-02   0.1477D-01   0.5776D+00  -0.1697D-01   0.1019D+00  -0.6165D-02   0.1240D+00  -0.4422D-01
  -0.1340D-02  -0.5547D-02  -0.3287D-02  -0.8454D-02  -0.1340D-02  -0.5547D-02  -0.3287D-02  -0.8454D-02
