 LHC=           1 sqrts=   8000.0000000000000      ang=           4 mode=fital                                                                                               scalescheme=           1 R=  0.69999999999999996     
 CT10nlo_rand5678                                                                                              48
 Bin information: chid, chiu, md, mu, mu0
   0.0000000000000000       0.50000000000000000        592.00000000000000        638.00000000000000        615.00000000000000     
 9 scales(muf, mur)*(LO(38), NLO(38))
  0.500  0.500
  -0.5780D+00   0.0000D+00  -0.4900D+00   0.0000D+00   0.0000D+00   0.0000D+00  -0.3611D+00   0.0000D+00  -0.5780D+00   0.0000D+00  -0.4900D+00   0.0000D+00
   0.5440D+00   0.0000D+00   0.8992D-01   0.0000D+00   0.1868D+00   0.0000D+00   0.1504D+00   0.0000D+00   0.3343D-01   0.0000D+00   0.0000D+00   0.0000D+00   0.5440D+00   0.0000D+00   0.8992D-01   0.0000D+00   0.1868D+00   0.0000D+00
   0.0000D+00   0.0000D+00   0.0000D+00   0.0000D+00   0.0000D+00   0.0000D+00   0.0000D+00   0.0000D+00
  -0.4432D+00   0.6464D-01  -0.4239D+00   0.3863D-01   0.4010D-01  -0.3445D-01  -0.3322D+00   0.5031D-02  -0.4432D+00   0.6464D-01  -0.4239D+00   0.3863D-01
   0.4497D+00  -0.2176D-01   0.7673D-01  -0.7126D-02   0.1056D+00  -0.4726D-01   0.1347D+00   0.0000D+00   0.3369D-01   0.3896D-02  -0.2961D-02   0.1275D-01   0.4497D+00  -0.2176D-01   0.7673D-01  -0.7126D-02   0.1056D+00  -0.4726D-01
  -0.1978D-02  -0.6354D-02  -0.3382D-02  -0.8056D-02  -0.1978D-02  -0.6354D-02  -0.3382D-02  -0.8056D-02
  0.500  1.000
  -0.5314D+00   0.0000D+00  -0.4505D+00   0.0000D+00   0.0000D+00   0.0000D+00  -0.3320D+00   0.0000D+00  -0.5314D+00   0.0000D+00  -0.4505D+00   0.0000D+00
   0.5440D+00   0.0000D+00   0.8992D-01   0.0000D+00   0.1868D+00   0.0000D+00   0.1504D+00   0.0000D+00   0.3343D-01   0.0000D+00   0.0000D+00   0.0000D+00   0.5440D+00   0.0000D+00   0.8992D-01   0.0000D+00   0.1868D+00   0.0000D+00
   0.0000D+00   0.0000D+00   0.0000D+00   0.0000D+00   0.0000D+00   0.0000D+00   0.0000D+00   0.0000D+00
  -0.4589D+00   0.5464D-01  -0.4298D+00   0.3265D-01   0.3390D-01  -0.2912D-01  -0.3334D+00   0.4253D-02  -0.4589D+00   0.5464D-01  -0.4298D+00   0.3265D-01
   0.4574D+00  -0.2001D-01   0.7781D-01  -0.6552D-02   0.1122D+00  -0.4345D-01   0.1360D+00   0.0000D+00   0.3367D-01   0.3582D-02  -0.2723D-02   0.1172D-01   0.4574D+00  -0.2001D-01   0.7781D-01  -0.6552D-02   0.1122D+00  -0.4345D-01
  -0.1819D-02  -0.5842D-02  -0.3110D-02  -0.7407D-02  -0.1819D-02  -0.5842D-02  -0.3110D-02  -0.7407D-02
  0.500  2.000
  -0.4919D+00   0.0000D+00  -0.4170D+00   0.0000D+00   0.0000D+00   0.0000D+00  -0.3073D+00   0.0000D+00  -0.4919D+00   0.0000D+00  -0.4170D+00   0.0000D+00
   0.5440D+00   0.0000D+00   0.8992D-01   0.0000D+00   0.1868D+00   0.0000D+00   0.1504D+00   0.0000D+00   0.3343D-01   0.0000D+00   0.0000D+00   0.0000D+00   0.5440D+00   0.0000D+00   0.8992D-01   0.0000D+00   0.1868D+00   0.0000D+00
   0.0000D+00   0.0000D+00   0.0000D+00   0.0000D+00   0.0000D+00   0.0000D+00   0.0000D+00   0.0000D+00
  -0.4652D+00   0.4682D-01  -0.4293D+00   0.2797D-01   0.2904D-01  -0.2495D-01  -0.3307D+00   0.3644D-02  -0.4652D+00   0.4682D-01  -0.4293D+00   0.2797D-01
   0.4640D+00  -0.1852D-01   0.7873D-01  -0.6065D-02   0.1178D+00  -0.4022D-01   0.1371D+00   0.0000D+00   0.3366D-01   0.3315D-02  -0.2520D-02   0.1085D-01   0.4640D+00  -0.1852D-01   0.7873D-01  -0.6065D-02   0.1178D+00  -0.4022D-01
  -0.1683D-02  -0.5407D-02  -0.2878D-02  -0.6856D-02  -0.1683D-02  -0.5407D-02  -0.2878D-02  -0.6856D-02
  1.000  0.500
  -0.5336D+00   0.0000D+00  -0.4531D+00   0.0000D+00   0.0000D+00   0.0000D+00  -0.3319D+00   0.0000D+00  -0.5336D+00   0.0000D+00  -0.4531D+00   0.0000D+00
   0.5013D+00   0.0000D+00   0.8248D-01   0.0000D+00   0.1727D+00   0.0000D+00   0.1382D+00   0.0000D+00   0.3072D-01   0.0000D+00   0.0000D+00   0.0000D+00   0.5013D+00   0.0000D+00   0.8248D-01   0.0000D+00   0.1727D+00   0.0000D+00
   0.0000D+00   0.0000D+00   0.0000D+00   0.0000D+00   0.0000D+00   0.0000D+00   0.0000D+00   0.0000D+00
  -0.4531D+00   0.5976D-01  -0.4285D+00   0.3562D-01   0.3710D-01  -0.3164D-01  -0.3314D+00   0.4708D-02  -0.4531D+00   0.5976D-01  -0.4285D+00   0.3562D-01
   0.4531D+00  -0.2010D-01   0.7663D-01  -0.6572D-02   0.1105D+00  -0.4351D-01   0.1349D+00   0.0000D+00   0.3342D-01   0.3578D-02  -0.2790D-02   0.1171D-01   0.4531D+00  -0.2010D-01   0.7663D-01  -0.6572D-02   0.1105D+00  -0.4351D-01
  -0.1831D-02  -0.5874D-02  -0.3120D-02  -0.7436D-02  -0.1831D-02  -0.5874D-02  -0.3120D-02  -0.7436D-02
  1.000  1.000
  -0.4906D+00   0.0000D+00  -0.4166D+00   0.0000D+00   0.0000D+00   0.0000D+00  -0.3051D+00   0.0000D+00  -0.4906D+00   0.0000D+00  -0.4166D+00   0.0000D+00
   0.5013D+00   0.0000D+00   0.8248D-01   0.0000D+00   0.1727D+00   0.0000D+00   0.1382D+00   0.0000D+00   0.3072D-01   0.0000D+00   0.0000D+00   0.0000D+00   0.5013D+00   0.0000D+00   0.8248D-01   0.0000D+00   0.1727D+00   0.0000D+00
   0.0000D+00   0.0000D+00   0.0000D+00   0.0000D+00   0.0000D+00   0.0000D+00   0.0000D+00   0.0000D+00
  -0.4608D+00   0.5052D-01  -0.4283D+00   0.3011D-01   0.3136D-01  -0.2674D-01  -0.3285D+00   0.3980D-02  -0.4608D+00   0.5052D-01  -0.4283D+00   0.3011D-01
   0.4571D+00  -0.1848D-01   0.7712D-01  -0.6043D-02   0.1156D+00  -0.4000D-01   0.1352D+00   0.0000D+00   0.3321D-01   0.3290D-02  -0.2565D-02   0.1077D-01   0.4571D+00  -0.1848D-01   0.7712D-01  -0.6043D-02   0.1156D+00  -0.4000D-01
  -0.1684D-02  -0.5401D-02  -0.2869D-02  -0.6837D-02  -0.1684D-02  -0.5401D-02  -0.2869D-02  -0.6837D-02
  1.000  2.000
  -0.4541D+00   0.0000D+00  -0.3856D+00   0.0000D+00   0.0000D+00   0.0000D+00  -0.2824D+00   0.0000D+00  -0.4541D+00   0.0000D+00  -0.3856D+00   0.0000D+00
   0.5013D+00   0.0000D+00   0.8248D-01   0.0000D+00   0.1727D+00   0.0000D+00   0.1382D+00   0.0000D+00   0.3072D-01   0.0000D+00   0.0000D+00   0.0000D+00   0.5013D+00   0.0000D+00   0.8248D-01   0.0000D+00   0.1727D+00   0.0000D+00
   0.0000D+00   0.0000D+00   0.0000D+00   0.0000D+00   0.0000D+00   0.0000D+00   0.0000D+00   0.0000D+00
  -0.4613D+00   0.4328D-01  -0.4234D+00   0.2579D-01   0.2687D-01  -0.2291D-01  -0.3228D+00   0.3410D-02  -0.4613D+00   0.4328D-01  -0.4234D+00   0.2579D-01
   0.4605D+00  -0.1711D-01   0.7754D-01  -0.5593D-02   0.1198D+00  -0.3703D-01   0.1355D+00   0.0000D+00   0.3303D-01   0.3045D-02  -0.2374D-02   0.9965D-02   0.4605D+00  -0.1711D-01   0.7754D-01  -0.5593D-02   0.1198D+00  -0.3703D-01
  -0.1558D-02  -0.4999D-02  -0.2656D-02  -0.6328D-02  -0.1558D-02  -0.4999D-02  -0.2656D-02  -0.6328D-02
  2.000  0.500
  -0.4954D+00   0.0000D+00  -0.4199D+00   0.0000D+00   0.0000D+00   0.0000D+00  -0.3069D+00   0.0000D+00  -0.4954D+00   0.0000D+00  -0.4199D+00   0.0000D+00
   0.4632D+00   0.0000D+00   0.7633D-01   0.0000D+00   0.1600D+00   0.0000D+00   0.1273D+00   0.0000D+00   0.2829D-01   0.0000D+00   0.0000D+00   0.0000D+00   0.4632D+00   0.0000D+00   0.7633D-01   0.0000D+00   0.1600D+00   0.0000D+00
   0.0000D+00   0.0000D+00   0.0000D+00   0.0000D+00   0.0000D+00   0.0000D+00   0.0000D+00   0.0000D+00
  -0.4607D+00   0.5544D-01  -0.4319D+00   0.3300D-01   0.3415D-01  -0.2925D-01  -0.3329D+00   0.4416D-02  -0.4607D+00   0.5544D-01  -0.4319D+00   0.3300D-01
   0.4561D+00  -0.1864D-01   0.7722D-01  -0.6079D-02   0.1157D+00  -0.4026D-01   0.1353D+00   0.0000D+00   0.3316D-01   0.3294D-02  -0.2588D-02   0.1078D-01   0.4561D+00  -0.1864D-01   0.7722D-01  -0.6079D-02   0.1157D+00  -0.4026D-01
  -0.1704D-02  -0.5411D-02  -0.2889D-02  -0.6832D-02  -0.1704D-02  -0.5411D-02  -0.2889D-02  -0.6832D-02
  2.000  1.000
  -0.4555D+00   0.0000D+00  -0.3861D+00   0.0000D+00   0.0000D+00   0.0000D+00  -0.2822D+00   0.0000D+00  -0.4555D+00   0.0000D+00  -0.3861D+00   0.0000D+00
   0.4632D+00   0.0000D+00   0.7633D-01   0.0000D+00   0.1600D+00   0.0000D+00   0.1273D+00   0.0000D+00   0.2829D-01   0.0000D+00   0.0000D+00   0.0000D+00   0.4632D+00   0.0000D+00   0.7633D-01   0.0000D+00   0.1600D+00   0.0000D+00
   0.0000D+00   0.0000D+00   0.0000D+00   0.0000D+00   0.0000D+00   0.0000D+00   0.0000D+00   0.0000D+00
  -0.4616D+00   0.4686D-01  -0.4262D+00   0.2789D-01   0.2887D-01  -0.2472D-01  -0.3262D+00   0.3733D-02  -0.4616D+00   0.4686D-01  -0.4262D+00   0.2789D-01
   0.4568D+00  -0.1714D-01   0.7716D-01  -0.5589D-02   0.1193D+00  -0.3701D-01   0.1347D+00   0.0000D+00   0.3278D-01   0.3028D-02  -0.2380D-02   0.9911D-02   0.4568D+00  -0.1714D-01   0.7716D-01  -0.5589D-02   0.1193D+00  -0.3701D-01
  -0.1566D-02  -0.4975D-02  -0.2656D-02  -0.6282D-02  -0.1566D-02  -0.4975D-02  -0.2656D-02  -0.6282D-02
  2.000  2.000
  -0.4216D+00   0.0000D+00  -0.3574D+00   0.0000D+00   0.0000D+00   0.0000D+00  -0.2612D+00   0.0000D+00  -0.4216D+00   0.0000D+00  -0.3574D+00   0.0000D+00
   0.4632D+00   0.0000D+00   0.7633D-01   0.0000D+00   0.1600D+00   0.0000D+00   0.1273D+00   0.0000D+00   0.2829D-01   0.0000D+00   0.0000D+00   0.0000D+00   0.4632D+00   0.0000D+00   0.7633D-01   0.0000D+00   0.1600D+00   0.0000D+00
   0.0000D+00   0.0000D+00   0.0000D+00   0.0000D+00   0.0000D+00   0.0000D+00   0.0000D+00   0.0000D+00
  -0.4572D+00   0.4015D-01  -0.4175D+00   0.2390D-01   0.2473D-01  -0.2118D-01  -0.3177D+00   0.3199D-02  -0.4572D+00   0.4015D-01  -0.4175D+00   0.2390D-01
   0.4573D+00  -0.1586D-01   0.7712D-01  -0.5174D-02   0.1223D+00  -0.3426D-01   0.1342D+00   0.0000D+00   0.3245D-01   0.2803D-02  -0.2203D-02   0.9174D-02   0.4573D+00  -0.1586D-01   0.7712D-01  -0.5174D-02   0.1223D+00  -0.3426D-01
  -0.1450D-02  -0.4605D-02  -0.2459D-02  -0.5814D-02  -0.1450D-02  -0.4605D-02  -0.2459D-02  -0.5814D-02
