 LHC=           1 sqrts=   8000.0000000000000      ang=           4 mode=fital                                                                                               scalescheme=           1 R=  0.69999999999999996     
 CT10nlo_rand5678                                                                                             264
 Bin information: chid, chiu, md, mu, mu0
   0.0000000000000000       0.50000000000000000        1588.0000000000000        1784.0000000000000        1686.0000000000000     
 9 scales(muf, mur)*(LO(38), NLO(38))
  0.500  0.500
  -0.1747D-01   0.0000D+00  -0.1074D-01   0.0000D+00   0.0000D+00   0.0000D+00  -0.4619D-02   0.0000D+00  -0.1747D-01   0.0000D+00  -0.1074D-01   0.0000D+00
   0.9652D-01   0.0000D+00   0.1404D-01   0.0000D+00   0.4448D-01   0.0000D+00   0.1315D-01   0.0000D+00   0.2922D-02   0.0000D+00   0.0000D+00   0.0000D+00   0.9652D-01   0.0000D+00   0.1404D-01   0.0000D+00   0.4448D-01   0.0000D+00
   0.0000D+00   0.0000D+00   0.0000D+00   0.0000D+00   0.0000D+00   0.0000D+00   0.0000D+00   0.0000D+00
  -0.1514D-01   0.1198D-02  -0.9639D-02   0.6996D-03   0.4821D-03  -0.3908D-03  -0.4047D-02   0.2662D-03  -0.1514D-01   0.1198D-02  -0.9639D-02   0.6996D-03
   0.7171D-01  -0.4599D-02   0.1061D-01  -0.1276D-02   0.2714D-01  -0.7226D-02   0.1094D-01   0.0000D+00   0.2707D-02   0.3021D-03  -0.6250D-03   0.9887D-03   0.7171D-01  -0.4599D-02   0.1061D-01  -0.1276D-02   0.2714D-01  -0.7226D-02
  -0.4965D-03  -0.1156D-02  -0.4477D-03  -0.9166D-03  -0.4965D-03  -0.1156D-02  -0.4477D-03  -0.9166D-03
  0.500  1.000
  -0.1621D-01   0.0000D+00  -0.9966D-02   0.0000D+00   0.0000D+00   0.0000D+00  -0.4287D-02   0.0000D+00  -0.1621D-01   0.0000D+00  -0.9966D-02   0.0000D+00
   0.9652D-01   0.0000D+00   0.1404D-01   0.0000D+00   0.4448D-01   0.0000D+00   0.1315D-01   0.0000D+00   0.2922D-02   0.0000D+00   0.0000D+00   0.0000D+00   0.9652D-01   0.0000D+00   0.1404D-01   0.0000D+00   0.4448D-01   0.0000D+00
   0.0000D+00   0.0000D+00   0.0000D+00   0.0000D+00   0.0000D+00   0.0000D+00   0.0000D+00   0.0000D+00
  -0.1534D-01   0.1032D-02  -0.9714D-02   0.6026D-03   0.4153D-03  -0.3366D-03  -0.4093D-02   0.2293D-03  -0.1534D-01   0.1032D-02  -0.9714D-02   0.6026D-03
   0.7350D-01  -0.4268D-02   0.1086D-01  -0.1184D-02   0.2839D-01  -0.6706D-02   0.1110D-01   0.0000D+00   0.2722D-02   0.2804D-03  -0.5801D-03   0.9176D-03   0.7350D-01  -0.4268D-02   0.1086D-01  -0.1184D-02   0.2839D-01  -0.6706D-02
  -0.4608D-03  -0.1073D-02  -0.4155D-03  -0.8507D-03  -0.4608D-03  -0.1073D-02  -0.4155D-03  -0.8507D-03
  0.500  2.000
  -0.1513D-01   0.0000D+00  -0.9299D-02   0.0000D+00   0.0000D+00   0.0000D+00  -0.4000D-02   0.0000D+00  -0.1513D-01   0.0000D+00  -0.9299D-02   0.0000D+00
   0.9652D-01   0.0000D+00   0.1404D-01   0.0000D+00   0.4448D-01   0.0000D+00   0.1315D-01   0.0000D+00   0.2922D-02   0.0000D+00   0.0000D+00   0.0000D+00   0.9652D-01   0.0000D+00   0.1404D-01   0.0000D+00   0.4448D-01   0.0000D+00
   0.0000D+00   0.0000D+00   0.0000D+00   0.0000D+00   0.0000D+00   0.0000D+00   0.0000D+00   0.0000D+00
  -0.1535D-01   0.8981D-03  -0.9683D-02   0.5246D-03   0.3616D-03  -0.2931D-03  -0.4091D-02   0.1996D-03  -0.1535D-01   0.8981D-03  -0.9683D-02   0.5246D-03
   0.7505D-01  -0.3982D-02   0.1108D-01  -0.1105D-02   0.2947D-01  -0.6257D-02   0.1123D-01   0.0000D+00   0.2736D-02   0.2616D-03  -0.5413D-03   0.8562D-03   0.7505D-01  -0.3982D-02   0.1108D-01  -0.1105D-02   0.2947D-01  -0.6257D-02
  -0.4300D-03  -0.1001D-02  -0.3876D-03  -0.7937D-03  -0.4300D-03  -0.1001D-02  -0.3876D-03  -0.7937D-03
  1.000  0.500
  -0.1491D-01   0.0000D+00  -0.9142D-02   0.0000D+00   0.0000D+00   0.0000D+00  -0.3925D-02   0.0000D+00  -0.1491D-01   0.0000D+00  -0.9142D-02   0.0000D+00
   0.8221D-01   0.0000D+00   0.1195D-01   0.0000D+00   0.3793D-01   0.0000D+00   0.1116D-01   0.0000D+00   0.2480D-02   0.0000D+00   0.0000D+00   0.0000D+00   0.8221D-01   0.0000D+00   0.1195D-01   0.0000D+00   0.3793D-01   0.0000D+00
   0.0000D+00   0.0000D+00   0.0000D+00   0.0000D+00   0.0000D+00   0.0000D+00   0.0000D+00   0.0000D+00
  -0.1528D-01   0.1019D-02  -0.9669D-02   0.5961D-03   0.4062D-03  -0.3318D-03  -0.4076D-02   0.2270D-03  -0.1528D-01   0.1019D-02  -0.9669D-02   0.5961D-03
   0.7425D-01  -0.3921D-02   0.1095D-01  -0.1087D-02   0.2917D-01  -0.6157D-02   0.1110D-01   0.0000D+00   0.2700D-02   0.2564D-03  -0.5331D-03   0.8391D-03   0.7425D-01  -0.3921D-02   0.1095D-01  -0.1087D-02   0.2917D-01  -0.6157D-02
  -0.4242D-03  -0.9853D-03  -0.3806D-03  -0.7792D-03  -0.4242D-03  -0.9853D-03  -0.3806D-03  -0.7792D-03
  1.000  1.000
  -0.1384D-01   0.0000D+00  -0.8485D-02   0.0000D+00   0.0000D+00   0.0000D+00  -0.3643D-02   0.0000D+00  -0.1384D-01   0.0000D+00  -0.8485D-02   0.0000D+00
   0.8221D-01   0.0000D+00   0.1195D-01   0.0000D+00   0.3793D-01   0.0000D+00   0.1116D-01   0.0000D+00   0.2480D-02   0.0000D+00   0.0000D+00   0.0000D+00   0.8221D-01   0.0000D+00   0.1195D-01   0.0000D+00   0.3793D-01   0.0000D+00
   0.0000D+00   0.0000D+00   0.0000D+00   0.0000D+00   0.0000D+00   0.0000D+00   0.0000D+00   0.0000D+00
  -0.1512D-01   0.8778D-03  -0.9529D-02   0.5134D-03   0.3499D-03  -0.2858D-03  -0.4027D-02   0.1955D-03  -0.1512D-01   0.8778D-03  -0.9529D-02   0.5134D-03
   0.7483D-01  -0.3639D-02   0.1102D-01  -0.1009D-02   0.2980D-01  -0.5714D-02   0.1110D-01   0.0000D+00   0.2685D-02   0.2380D-03  -0.4948D-03   0.7787D-03   0.7483D-01  -0.3639D-02   0.1102D-01  -0.1009D-02   0.2980D-01  -0.5714D-02
  -0.3937D-03  -0.9144D-03  -0.3532D-03  -0.7232D-03  -0.3937D-03  -0.9144D-03  -0.3532D-03  -0.7232D-03
  1.000  2.000
  -0.1291D-01   0.0000D+00  -0.7916D-02   0.0000D+00   0.0000D+00   0.0000D+00  -0.3399D-02   0.0000D+00  -0.1291D-01   0.0000D+00  -0.7916D-02   0.0000D+00
   0.8221D-01   0.0000D+00   0.1195D-01   0.0000D+00   0.3793D-01   0.0000D+00   0.1116D-01   0.0000D+00   0.2480D-02   0.0000D+00   0.0000D+00   0.0000D+00   0.8221D-01   0.0000D+00   0.1195D-01   0.0000D+00   0.3793D-01   0.0000D+00
   0.0000D+00   0.0000D+00   0.0000D+00   0.0000D+00   0.0000D+00   0.0000D+00   0.0000D+00   0.0000D+00
  -0.1487D-01   0.7642D-03  -0.9341D-02   0.4469D-03   0.3047D-03  -0.2488D-03  -0.3954D-02   0.1702D-03  -0.1487D-01   0.7642D-03  -0.9341D-02   0.4469D-03
   0.7532D-01  -0.3395D-02   0.1108D-01  -0.9415D-03   0.3035D-01  -0.5332D-02   0.1111D-01   0.0000D+00   0.2671D-02   0.2220D-03  -0.4617D-03   0.7266D-03   0.7532D-01  -0.3395D-02   0.1108D-01  -0.9415D-03   0.3035D-01  -0.5332D-02
  -0.3673D-03  -0.8532D-03  -0.3296D-03  -0.6747D-03  -0.3673D-03  -0.8532D-03  -0.3296D-03  -0.6747D-03
  2.000  0.500
  -0.1285D-01   0.0000D+00  -0.7871D-02   0.0000D+00   0.0000D+00   0.0000D+00  -0.3368D-02   0.0000D+00  -0.1285D-01   0.0000D+00  -0.7871D-02   0.0000D+00
   0.7073D-01   0.0000D+00   0.1027D-01   0.0000D+00   0.3268D-01   0.0000D+00   0.9574D-02   0.0000D+00   0.2128D-02   0.0000D+00   0.0000D+00   0.0000D+00   0.7073D-01   0.0000D+00   0.1027D-01   0.0000D+00   0.3268D-01   0.0000D+00
   0.0000D+00   0.0000D+00   0.0000D+00   0.0000D+00   0.0000D+00   0.0000D+00   0.0000D+00   0.0000D+00
  -0.1524D-01   0.8769D-03  -0.9605D-02   0.5129D-03   0.3499D-03  -0.2851D-03  -0.4050D-02   0.1956D-03  -0.1524D-01   0.8769D-03  -0.9605D-02   0.5129D-03
   0.7536D-01  -0.3379D-02   0.1108D-01  -0.9363D-03   0.3042D-01  -0.5295D-02   0.1111D-01   0.0000D+00   0.2668D-02   0.2199D-03  -0.4572D-03   0.7198D-03   0.7536D-01  -0.3379D-02   0.1108D-01  -0.9363D-03   0.3042D-01  -0.5295D-02
  -0.3656D-03  -0.8487D-03  -0.3273D-03  -0.6687D-03  -0.3656D-03  -0.8487D-03  -0.3273D-03  -0.6687D-03
  2.000  1.000
  -0.1192D-01   0.0000D+00  -0.7305D-02   0.0000D+00   0.0000D+00   0.0000D+00  -0.3126D-02   0.0000D+00  -0.1192D-01   0.0000D+00  -0.7305D-02   0.0000D+00
   0.7073D-01   0.0000D+00   0.1027D-01   0.0000D+00   0.3268D-01   0.0000D+00   0.9574D-02   0.0000D+00   0.2128D-02   0.0000D+00   0.0000D+00   0.0000D+00   0.7073D-01   0.0000D+00   0.1027D-01   0.0000D+00   0.3268D-01   0.0000D+00
   0.0000D+00   0.0000D+00   0.0000D+00   0.0000D+00   0.0000D+00   0.0000D+00   0.0000D+00   0.0000D+00
  -0.1482D-01   0.7553D-03  -0.9307D-02   0.4417D-03   0.3014D-03  -0.2455D-03  -0.3931D-02   0.1684D-03  -0.1482D-01   0.7553D-03  -0.9307D-02   0.4417D-03
   0.7503D-01  -0.3136D-02   0.1102D-01  -0.8689D-03   0.3059D-01  -0.4914D-02   0.1100D-01   0.0000D+00   0.2629D-02   0.2041D-03  -0.4244D-03   0.6680D-03   0.7503D-01  -0.3136D-02   0.1102D-01  -0.8689D-03   0.3059D-01  -0.4914D-02
  -0.3393D-03  -0.7877D-03  -0.3037D-03  -0.6206D-03  -0.3393D-03  -0.7877D-03  -0.3037D-03  -0.6206D-03
  2.000  2.000
  -0.1113D-01   0.0000D+00  -0.6815D-02   0.0000D+00   0.0000D+00   0.0000D+00  -0.2917D-02   0.0000D+00  -0.1113D-01   0.0000D+00  -0.6815D-02   0.0000D+00
   0.7073D-01   0.0000D+00   0.1027D-01   0.0000D+00   0.3268D-01   0.0000D+00   0.9574D-02   0.0000D+00   0.2128D-02   0.0000D+00   0.0000D+00   0.0000D+00   0.7073D-01   0.0000D+00   0.1027D-01   0.0000D+00   0.3268D-01   0.0000D+00
   0.0000D+00   0.0000D+00   0.0000D+00   0.0000D+00   0.0000D+00   0.0000D+00   0.0000D+00   0.0000D+00
  -0.1437D-01   0.6575D-03  -0.9002D-02   0.3846D-03   0.2624D-03  -0.2137D-03  -0.3807D-02   0.1466D-03  -0.1437D-01   0.6575D-03  -0.9002D-02   0.3846D-03
   0.7475D-01  -0.2926D-02   0.1097D-01  -0.8108D-03   0.3073D-01  -0.4585D-02   0.1091D-01   0.0000D+00   0.2596D-02   0.1905D-03  -0.3960D-03   0.6233D-03   0.7475D-01  -0.2926D-02   0.1097D-01  -0.8108D-03   0.3073D-01  -0.4585D-02
  -0.3166D-03  -0.7349D-03  -0.2834D-03  -0.5790D-03  -0.3166D-03  -0.7349D-03  -0.2834D-03  -0.5790D-03
