 LHC=           1 sqrts=   8000.0000000000000      ang=           4 mode=fital                                                                                               scalescheme=           1 R=  0.69999999999999996     
 CT10nlo_rand5678                                                                                             222
 Bin information: chid, chiu, md, mu, mu0
   0.0000000000000000       0.50000000000000000        846.00000000000000        905.00000000000000        875.50000000000000     
 9 scales(muf, mur)*(LO(38), NLO(38))
  0.500  0.500
  -0.2230D+00   0.0000D+00  -0.1707D+00   0.0000D+00   0.0000D+00   0.0000D+00  -0.1007D+00   0.0000D+00  -0.2230D+00   0.0000D+00  -0.1707D+00   0.0000D+00
   0.3846D+00   0.0000D+00   0.6091D-01   0.0000D+00   0.1478D+00   0.0000D+00   0.8119D-01   0.0000D+00   0.1804D-01   0.0000D+00   0.0000D+00   0.0000D+00   0.3846D+00   0.0000D+00   0.6091D-01   0.0000D+00   0.1478D+00   0.0000D+00
   0.0000D+00   0.0000D+00   0.0000D+00   0.0000D+00   0.0000D+00   0.0000D+00   0.0000D+00   0.0000D+00
  -0.1762D+00   0.2109D-01  -0.1483D+00   0.1214D-01   0.1240D-01  -0.9186D-02  -0.8975D-01   0.3030D-02  -0.1762D+00   0.2109D-01  -0.1483D+00   0.1214D-01
   0.2972D+00  -0.1647D-01   0.4874D-01  -0.5049D-02   0.8171D-01  -0.3168D-01   0.6970D-01   0.0000D+00   0.1738D-01   0.2012D-02  -0.2746D-02   0.6583D-02   0.2972D+00  -0.1647D-01   0.4874D-01  -0.5049D-02   0.8171D-01  -0.3168D-01
  -0.1629D-02  -0.4510D-02  -0.2160D-02  -0.4796D-02  -0.1629D-02  -0.4510D-02  -0.2160D-02  -0.4796D-02
  0.500  1.000
  -0.2057D+00   0.0000D+00  -0.1575D+00   0.0000D+00   0.0000D+00   0.0000D+00  -0.9287D-01   0.0000D+00  -0.2057D+00   0.0000D+00  -0.1575D+00   0.0000D+00
   0.3846D+00   0.0000D+00   0.6091D-01   0.0000D+00   0.1478D+00   0.0000D+00   0.8119D-01   0.0000D+00   0.1804D-01   0.0000D+00   0.0000D+00   0.0000D+00   0.3846D+00   0.0000D+00   0.6091D-01   0.0000D+00   0.1478D+00   0.0000D+00
   0.0000D+00   0.0000D+00   0.0000D+00   0.0000D+00   0.0000D+00   0.0000D+00   0.0000D+00   0.0000D+00
  -0.1813D+00   0.1795D-01  -0.1503D+00   0.1033D-01   0.1056D-01  -0.7821D-02  -0.9053D-01   0.2579D-02  -0.1813D+00   0.1795D-01  -0.1503D+00   0.1033D-01
   0.3040D+00  -0.1519D-01   0.4969D-01  -0.4659D-02   0.8684D-01  -0.2923D-01   0.7060D-01   0.0000D+00   0.1744D-01   0.1856D-02  -0.2534D-02   0.6075D-02   0.3040D+00  -0.1519D-01   0.4969D-01  -0.4659D-02   0.8684D-01  -0.2923D-01
  -0.1504D-02  -0.4161D-02  -0.1993D-02  -0.4426D-02  -0.1504D-02  -0.4161D-02  -0.1993D-02  -0.4426D-02
  0.500  2.000
  -0.1910D+00   0.0000D+00  -0.1462D+00   0.0000D+00   0.0000D+00   0.0000D+00  -0.8623D-01   0.0000D+00  -0.1910D+00   0.0000D+00  -0.1462D+00   0.0000D+00
   0.3846D+00   0.0000D+00   0.6091D-01   0.0000D+00   0.1478D+00   0.0000D+00   0.8119D-01   0.0000D+00   0.1804D-01   0.0000D+00   0.0000D+00   0.0000D+00   0.3846D+00   0.0000D+00   0.6091D-01   0.0000D+00   0.1478D+00   0.0000D+00
   0.0000D+00   0.0000D+00   0.0000D+00   0.0000D+00   0.0000D+00   0.0000D+00   0.0000D+00   0.0000D+00
  -0.1832D+00   0.1547D-01  -0.1501D+00   0.8908D-02   0.9103D-02  -0.6741D-02  -0.9019D-01   0.2223D-02  -0.1832D+00   0.1547D-01  -0.1501D+00   0.8908D-02
   0.3099D+00  -0.1411D-01   0.5050D-01  -0.4325D-02   0.9122D-01  -0.2714D-01   0.7136D-01   0.0000D+00   0.1748D-01   0.1723D-02  -0.2353D-02   0.5640D-02   0.3099D+00  -0.1411D-01   0.5050D-01  -0.4325D-02   0.9122D-01  -0.2714D-01
  -0.1396D-02  -0.3864D-02  -0.1850D-02  -0.4109D-02  -0.1396D-02  -0.3864D-02  -0.1850D-02  -0.4109D-02
  1.000  0.500
  -0.2013D+00   0.0000D+00  -0.1541D+00   0.0000D+00   0.0000D+00   0.0000D+00  -0.9065D-01   0.0000D+00  -0.2013D+00   0.0000D+00  -0.1541D+00   0.0000D+00
   0.3470D+00   0.0000D+00   0.5487D-01   0.0000D+00   0.1335D+00   0.0000D+00   0.7297D-01   0.0000D+00   0.1622D-01   0.0000D+00   0.0000D+00   0.0000D+00   0.3470D+00   0.0000D+00   0.5487D-01   0.0000D+00   0.1335D+00   0.0000D+00
   0.0000D+00   0.0000D+00   0.0000D+00   0.0000D+00   0.0000D+00   0.0000D+00   0.0000D+00   0.0000D+00
  -0.1783D+00   0.1901D-01  -0.1499D+00   0.1095D-01   0.1116D-01  -0.8279D-02  -0.9001D-01   0.2738D-02  -0.1783D+00   0.1901D-01  -0.1499D+00   0.1095D-01
   0.3013D+00  -0.1488D-01   0.4921D-01  -0.4560D-02   0.8703D-01  -0.2853D-01   0.6994D-01   0.0000D+00   0.1726D-01   0.1808D-02  -0.2504D-02   0.5917D-02   0.3013D+00  -0.1488D-01   0.4921D-01  -0.4560D-02   0.8703D-01  -0.2853D-01
  -0.1472D-02  -0.4066D-02  -0.1949D-02  -0.4313D-02  -0.1472D-02  -0.4066D-02  -0.1949D-02  -0.4313D-02
  1.000  1.000
  -0.1857D+00   0.0000D+00  -0.1422D+00   0.0000D+00   0.0000D+00   0.0000D+00  -0.8364D-01   0.0000D+00  -0.1857D+00   0.0000D+00  -0.1422D+00   0.0000D+00
   0.3470D+00   0.0000D+00   0.5487D-01   0.0000D+00   0.1335D+00   0.0000D+00   0.7297D-01   0.0000D+00   0.1622D-01   0.0000D+00   0.0000D+00   0.0000D+00   0.3470D+00   0.0000D+00   0.5487D-01   0.0000D+00   0.1335D+00   0.0000D+00
   0.0000D+00   0.0000D+00   0.0000D+00   0.0000D+00   0.0000D+00   0.0000D+00   0.0000D+00   0.0000D+00
  -0.1801D+00   0.1619D-01  -0.1492D+00   0.9322D-02   0.9502D-02  -0.7049D-02  -0.8935D-01   0.2331D-02  -0.1801D+00   0.1619D-01  -0.1492D+00   0.9322D-02
   0.3049D+00  -0.1373D-01   0.4966D-01  -0.4208D-02   0.9064D-01  -0.2633D-01   0.7018D-01   0.0000D+00   0.1719D-01   0.1668D-02  -0.2311D-02   0.5460D-02   0.3049D+00  -0.1373D-01   0.4966D-01  -0.4208D-02   0.9064D-01  -0.2633D-01
  -0.1358D-02  -0.3752D-02  -0.1798D-02  -0.3980D-02  -0.1358D-02  -0.3752D-02  -0.1798D-02  -0.3980D-02
  1.000  2.000
  -0.1724D+00   0.0000D+00  -0.1320D+00   0.0000D+00   0.0000D+00   0.0000D+00  -0.7766D-01   0.0000D+00  -0.1724D+00   0.0000D+00  -0.1320D+00   0.0000D+00
   0.3470D+00   0.0000D+00   0.5487D-01   0.0000D+00   0.1335D+00   0.0000D+00   0.7297D-01   0.0000D+00   0.1622D-01   0.0000D+00   0.0000D+00   0.0000D+00   0.3470D+00   0.0000D+00   0.5487D-01   0.0000D+00   0.1335D+00   0.0000D+00
   0.0000D+00   0.0000D+00   0.0000D+00   0.0000D+00   0.0000D+00   0.0000D+00   0.0000D+00   0.0000D+00
  -0.1795D+00   0.1395D-01  -0.1473D+00   0.8035D-02   0.8191D-02  -0.6076D-02  -0.8796D-01   0.2009D-02  -0.1795D+00   0.1395D-01  -0.1473D+00   0.8035D-02
   0.3079D+00  -0.1274D-01   0.5004D-01  -0.3907D-02   0.9372D-01  -0.2444D-01   0.7039D-01   0.0000D+00   0.1712D-01   0.1549D-02  -0.2145D-02   0.5069D-02   0.3079D+00  -0.1274D-01   0.5004D-01  -0.3907D-02   0.9372D-01  -0.2444D-01
  -0.1261D-02  -0.3484D-02  -0.1670D-02  -0.3695D-02  -0.1261D-02  -0.3484D-02  -0.1670D-02  -0.3695D-02
  2.000  0.500
  -0.1833D+00   0.0000D+00  -0.1399D+00   0.0000D+00   0.0000D+00   0.0000D+00  -0.8220D-01   0.0000D+00  -0.1833D+00   0.0000D+00  -0.1399D+00   0.0000D+00
   0.3149D+00   0.0000D+00   0.4980D-01   0.0000D+00   0.1215D+00   0.0000D+00   0.6601D-01   0.0000D+00   0.1467D-01   0.0000D+00   0.0000D+00   0.0000D+00   0.3149D+00   0.0000D+00   0.4980D-01   0.0000D+00   0.1215D+00   0.0000D+00
   0.0000D+00   0.0000D+00   0.0000D+00   0.0000D+00   0.0000D+00   0.0000D+00   0.0000D+00   0.0000D+00
  -0.1821D+00   0.1727D-01  -0.1507D+00   0.9949D-02   0.1021D-01  -0.7497D-02  -0.9053D-01   0.2499D-02  -0.1821D+00   0.1727D-01  -0.1507D+00   0.9949D-02
   0.3059D+00  -0.1353D-01   0.4992D-01  -0.4140D-02   0.9170D-01  -0.2590D-01   0.7025D-01   0.0000D+00   0.1717D-01   0.1636D-02  -0.2188D-02   0.5352D-02   0.3059D+00  -0.1353D-01   0.4992D-01  -0.4140D-02   0.9170D-01  -0.2590D-01
  -0.1341D-02  -0.3685D-02  -0.1771D-02  -0.3908D-02  -0.1341D-02  -0.3685D-02  -0.1771D-02  -0.3908D-02
  2.000  1.000
  -0.1691D+00   0.0000D+00  -0.1291D+00   0.0000D+00   0.0000D+00   0.0000D+00  -0.7585D-01   0.0000D+00  -0.1691D+00   0.0000D+00  -0.1291D+00   0.0000D+00
   0.3149D+00   0.0000D+00   0.4980D-01   0.0000D+00   0.1215D+00   0.0000D+00   0.6601D-01   0.0000D+00   0.1467D-01   0.0000D+00   0.0000D+00   0.0000D+00   0.3149D+00   0.0000D+00   0.4980D-01   0.0000D+00   0.1215D+00   0.0000D+00
   0.0000D+00   0.0000D+00   0.0000D+00   0.0000D+00   0.0000D+00   0.0000D+00   0.0000D+00   0.0000D+00
  -0.1807D+00   0.1470D-01  -0.1479D+00   0.8471D-02   0.8696D-02  -0.6383D-02  -0.8861D-01   0.2128D-02  -0.1807D+00   0.1470D-01  -0.1479D+00   0.8471D-02
   0.3067D+00  -0.1248D-01   0.4992D-01  -0.3820D-02   0.9402D-01  -0.2390D-01   0.6993D-01   0.0000D+00   0.1698D-01   0.1509D-02  -0.2019D-02   0.4939D-02   0.3067D+00  -0.1248D-01   0.4992D-01  -0.3820D-02   0.9402D-01  -0.2390D-01
  -0.1237D-02  -0.3400D-02  -0.1634D-02  -0.3606D-02  -0.1237D-02  -0.3400D-02  -0.1634D-02  -0.3606D-02
  2.000  2.000
  -0.1570D+00   0.0000D+00  -0.1199D+00   0.0000D+00   0.0000D+00   0.0000D+00  -0.7042D-01   0.0000D+00  -0.1570D+00   0.0000D+00  -0.1199D+00   0.0000D+00
   0.3149D+00   0.0000D+00   0.4980D-01   0.0000D+00   0.1215D+00   0.0000D+00   0.6601D-01   0.0000D+00   0.1467D-01   0.0000D+00   0.0000D+00   0.0000D+00   0.3149D+00   0.0000D+00   0.4980D-01   0.0000D+00   0.1215D+00   0.0000D+00
   0.0000D+00   0.0000D+00   0.0000D+00   0.0000D+00   0.0000D+00   0.0000D+00   0.0000D+00   0.0000D+00
  -0.1779D+00   0.1267D-01  -0.1444D+00   0.7301D-02   0.7496D-02  -0.5502D-02  -0.8630D-01   0.1834D-02  -0.1779D+00   0.1267D-01  -0.1444D+00   0.7301D-02
   0.3073D+00  -0.1159D-01   0.4991D-01  -0.3546D-02   0.9600D-01  -0.2219D-01   0.6966D-01   0.0000D+00   0.1682D-01   0.1401D-02  -0.1875D-02   0.4585D-02   0.3073D+00  -0.1159D-01   0.4991D-01  -0.3546D-02   0.9600D-01  -0.2219D-01
  -0.1149D-02  -0.3157D-02  -0.1517D-02  -0.3348D-02  -0.1149D-02  -0.3157D-02  -0.1517D-02  -0.3348D-02
