 LHC=           1 sqrts=   8000.0000000000000      ang=           4 mode=fital                                                                                               scalescheme=           1 R=  0.69999999999999996     
 CT10nlo_rand5678                                                                                             272
 Bin information: chid, chiu, md, mu, mu0
   0.0000000000000000       0.50000000000000000        430.00000000000000        468.00000000000000        449.00000000000000     
 9 scales(muf, mur)*(LO(38), NLO(38))
  0.500  0.500
  -0.1074D+01   0.0000D+00  -0.1092D+01   0.0000D+00   0.0000D+00   0.0000D+00  -0.9035D+00   0.0000D+00  -0.1074D+01   0.0000D+00  -0.1092D+01   0.0000D+00
   0.5997D+00   0.0000D+00   0.1028D+00   0.0000D+00   0.1809D+00   0.0000D+00   0.1898D+00   0.0000D+00   0.4217D-01   0.0000D+00   0.0000D+00   0.0000D+00   0.5997D+00   0.0000D+00   0.1028D+00   0.0000D+00   0.1809D+00   0.0000D+00
   0.0000D+00   0.0000D+00   0.0000D+00   0.0000D+00   0.0000D+00   0.0000D+00   0.0000D+00   0.0000D+00
  -0.7899D+00   0.1530D+00  -0.9388D+00   0.9025D-01   0.9365D-01  -0.8965D-01  -0.8276D+00   0.5826D-02  -0.7899D+00   0.1530D+00  -0.9388D+00   0.9025D-01
   0.5383D+00  -0.2194D-01   0.9551D-01  -0.7783D-02   0.1047D+00  -0.5485D-01   0.1787D+00   0.0000D+00   0.4483D-01   0.5116D-02  -0.2857D-02   0.1674D-01   0.5383D+00  -0.2194D-01   0.9551D-01  -0.7783D-02   0.1047D+00  -0.5485D-01
  -0.1837D-02  -0.6893D-02  -0.4070D-02  -0.1000D-01  -0.1837D-02  -0.6893D-02  -0.4070D-02  -0.1000D-01
  0.500  1.000
  -0.9842D+00   0.0000D+00  -0.1000D+01   0.0000D+00   0.0000D+00   0.0000D+00  -0.8278D+00   0.0000D+00  -0.9842D+00   0.0000D+00  -0.1000D+01   0.0000D+00
   0.5997D+00   0.0000D+00   0.1028D+00   0.0000D+00   0.1809D+00   0.0000D+00   0.1898D+00   0.0000D+00   0.4217D-01   0.0000D+00   0.0000D+00   0.0000D+00   0.5997D+00   0.0000D+00   0.1028D+00   0.0000D+00   0.1809D+00   0.0000D+00
   0.0000D+00   0.0000D+00   0.0000D+00   0.0000D+00   0.0000D+00   0.0000D+00   0.0000D+00   0.0000D+00
  -0.8252D+00   0.1284D+00  -0.9528D+00   0.7576D-01   0.7861D-01  -0.7526D-01  -0.8311D+00   0.4891D-02  -0.8252D+00   0.1284D+00  -0.9528D+00   0.7576D-01
   0.5436D+00  -0.2011D-01   0.9616D-01  -0.7131D-02   0.1112D+00  -0.5026D-01   0.1796D+00   0.0000D+00   0.4462D-01   0.4688D-02  -0.2617D-02   0.1534D-01   0.5436D+00  -0.2011D-01   0.9616D-01  -0.7131D-02   0.1112D+00  -0.5026D-01
  -0.1683D-02  -0.6316D-02  -0.3729D-02  -0.9165D-02  -0.1683D-02  -0.6316D-02  -0.3729D-02  -0.9165D-02
  0.500  2.000
  -0.9083D+00   0.0000D+00  -0.9232D+00   0.0000D+00   0.0000D+00   0.0000D+00  -0.7640D+00   0.0000D+00  -0.9083D+00   0.0000D+00  -0.9232D+00   0.0000D+00
   0.5997D+00   0.0000D+00   0.1028D+00   0.0000D+00   0.1809D+00   0.0000D+00   0.1898D+00   0.0000D+00   0.4217D-01   0.0000D+00   0.0000D+00   0.0000D+00   0.5997D+00   0.0000D+00   0.1028D+00   0.0000D+00   0.1809D+00   0.0000D+00
   0.0000D+00   0.0000D+00   0.0000D+00   0.0000D+00   0.0000D+00   0.0000D+00   0.0000D+00   0.0000D+00
  -0.8407D+00   0.1094D+00  -0.9517D+00   0.6453D-01   0.6696D-01  -0.6410D-01  -0.8238D+00   0.4166D-02  -0.8407D+00   0.1094D+00  -0.9517D+00   0.6453D-01
   0.5481D+00  -0.1856D-01   0.9671D-01  -0.6582D-02   0.1166D+00  -0.4638D-01   0.1805D+00   0.0000D+00   0.4444D-01   0.4326D-02  -0.2415D-02   0.1416D-01   0.5481D+00  -0.1856D-01   0.9671D-01  -0.6582D-02   0.1166D+00  -0.4638D-01
  -0.1553D-02  -0.5829D-02  -0.3442D-02  -0.8459D-02  -0.1553D-02  -0.5829D-02  -0.3442D-02  -0.8459D-02
  1.000  0.500
  -0.1012D+01   0.0000D+00  -0.1031D+01   0.0000D+00   0.0000D+00   0.0000D+00  -0.8487D+00   0.0000D+00  -0.1012D+01   0.0000D+00  -0.1031D+01   0.0000D+00
   0.5619D+00   0.0000D+00   0.9667D-01   0.0000D+00   0.1698D+00   0.0000D+00   0.1778D+00   0.0000D+00   0.3951D-01   0.0000D+00   0.0000D+00   0.0000D+00   0.5619D+00   0.0000D+00   0.9667D-01   0.0000D+00   0.1698D+00   0.0000D+00
   0.0000D+00   0.0000D+00   0.0000D+00   0.0000D+00   0.0000D+00   0.0000D+00   0.0000D+00   0.0000D+00
  -0.8089D+00   0.1444D+00  -0.9456D+00   0.8469D-01   0.8766D-01  -0.8429D-01  -0.8290D+00   0.5611D-02  -0.8089D+00   0.1444D+00  -0.9456D+00   0.8469D-01
   0.5330D+00  -0.2059D-01   0.9447D-01  -0.7319D-02   0.1080D+00  -0.5154D-01   0.1780D+00   0.0000D+00   0.4436D-01   0.4794D-02  -0.2681D-02   0.1569D-01   0.5330D+00  -0.2059D-01   0.9447D-01  -0.7319D-02   0.1080D+00  -0.5154D-01
  -0.1733D-02  -0.6530D-02  -0.3843D-02  -0.9372D-02  -0.1733D-02  -0.6530D-02  -0.3843D-02  -0.9372D-02
  1.000  1.000
  -0.9269D+00   0.0000D+00  -0.9451D+00   0.0000D+00   0.0000D+00   0.0000D+00  -0.7776D+00   0.0000D+00  -0.9269D+00   0.0000D+00  -0.9451D+00   0.0000D+00
   0.5619D+00   0.0000D+00   0.9667D-01   0.0000D+00   0.1698D+00   0.0000D+00   0.1778D+00   0.0000D+00   0.3951D-01   0.0000D+00   0.0000D+00   0.0000D+00   0.5619D+00   0.0000D+00   0.9667D-01   0.0000D+00   0.1698D+00   0.0000D+00
   0.0000D+00   0.0000D+00   0.0000D+00   0.0000D+00   0.0000D+00   0.0000D+00   0.0000D+00   0.0000D+00
  -0.8316D+00   0.1212D+00  -0.9494D+00   0.7109D-01   0.7359D-01  -0.7076D-01  -0.8240D+00   0.4711D-02  -0.8316D+00   0.1212D+00  -0.9494D+00   0.7109D-01
   0.5356D+00  -0.1887D-01   0.9469D-01  -0.6706D-02   0.1133D+00  -0.4722D-01   0.1781D+00   0.0000D+00   0.4396D-01   0.4392D-02  -0.2456D-02   0.1437D-01   0.5356D+00  -0.1887D-01   0.9469D-01  -0.6706D-02   0.1133D+00  -0.4722D-01
  -0.1588D-02  -0.5984D-02  -0.3521D-02  -0.8587D-02  -0.1588D-02  -0.5984D-02  -0.3521D-02  -0.8587D-02
  1.000  2.000
  -0.8554D+00   0.0000D+00  -0.8722D+00   0.0000D+00   0.0000D+00   0.0000D+00  -0.7177D+00   0.0000D+00  -0.8554D+00   0.0000D+00  -0.8722D+00   0.0000D+00
   0.5619D+00   0.0000D+00   0.9667D-01   0.0000D+00   0.1698D+00   0.0000D+00   0.1778D+00   0.0000D+00   0.3951D-01   0.0000D+00   0.0000D+00   0.0000D+00   0.5619D+00   0.0000D+00   0.9667D-01   0.0000D+00   0.1698D+00   0.0000D+00
   0.0000D+00   0.0000D+00   0.0000D+00   0.0000D+00   0.0000D+00   0.0000D+00   0.0000D+00   0.0000D+00
  -0.8381D+00   0.1032D+00  -0.9410D+00   0.6056D-01   0.6268D-01  -0.6027D-01  -0.8107D+00   0.4013D-02  -0.8381D+00   0.1032D+00  -0.9410D+00   0.6056D-01
   0.5378D+00  -0.1741D-01   0.9487D-01  -0.6189D-02   0.1177D+00  -0.4359D-01   0.1781D+00   0.0000D+00   0.4363D-01   0.4054D-02  -0.2267D-02   0.1327D-01   0.5378D+00  -0.1741D-01   0.9487D-01  -0.6189D-02   0.1177D+00  -0.4359D-01
  -0.1466D-02  -0.5522D-02  -0.3249D-02  -0.7926D-02  -0.1466D-02  -0.5522D-02  -0.3249D-02  -0.7926D-02
  2.000  0.500
  -0.9520D+00   0.0000D+00  -0.9755D+00   0.0000D+00   0.0000D+00   0.0000D+00  -0.8003D+00   0.0000D+00  -0.9520D+00   0.0000D+00  -0.9755D+00   0.0000D+00
   0.5294D+00   0.0000D+00   0.9117D-01   0.0000D+00   0.1600D+00   0.0000D+00   0.1673D+00   0.0000D+00   0.3718D-01   0.0000D+00   0.0000D+00   0.0000D+00   0.5294D+00   0.0000D+00   0.9117D-01   0.0000D+00   0.1600D+00   0.0000D+00
   0.0000D+00   0.0000D+00   0.0000D+00   0.0000D+00   0.0000D+00   0.0000D+00   0.0000D+00   0.0000D+00
  -0.8190D+00   0.1370D+00  -0.9595D+00   0.8015D-01   0.8403D-01  -0.7944D-01  -0.8330D+00   0.5417D-02  -0.8190D+00   0.1370D+00  -0.9595D+00   0.8015D-01
   0.5341D+00  -0.1941D-01   0.9475D-01  -0.6875D-02   0.1106D+00  -0.4838D-01   0.1772D+00   0.0000D+00   0.4411D-01   0.4510D-02  -0.2413D-02   0.1476D-01   0.5341D+00  -0.1941D-01   0.9475D-01  -0.6875D-02   0.1106D+00  -0.4838D-01
  -0.1643D-02  -0.6083D-02  -0.3635D-02  -0.8846D-02  -0.1643D-02  -0.6083D-02  -0.3635D-02  -0.8846D-02
  2.000  1.000
  -0.8723D+00   0.0000D+00  -0.8937D+00   0.0000D+00   0.0000D+00   0.0000D+00  -0.7332D+00   0.0000D+00  -0.8723D+00   0.0000D+00  -0.8937D+00   0.0000D+00
   0.5294D+00   0.0000D+00   0.9117D-01   0.0000D+00   0.1600D+00   0.0000D+00   0.1673D+00   0.0000D+00   0.3718D-01   0.0000D+00   0.0000D+00   0.0000D+00   0.5294D+00   0.0000D+00   0.9117D-01   0.0000D+00   0.1600D+00   0.0000D+00
   0.0000D+00   0.0000D+00   0.0000D+00   0.0000D+00   0.0000D+00   0.0000D+00   0.0000D+00   0.0000D+00
  -0.8311D+00   0.1150D+00  -0.9527D+00   0.6728D-01   0.7053D-01  -0.6669D-01  -0.8200D+00   0.4548D-02  -0.8311D+00   0.1150D+00  -0.9527D+00   0.6728D-01
   0.5339D+00  -0.1778D-01   0.9449D-01  -0.6299D-02   0.1148D+00  -0.4433D-01   0.1764D+00   0.0000D+00   0.4354D-01   0.4132D-02  -0.2211D-02   0.1352D-01   0.5339D+00  -0.1778D-01   0.9449D-01  -0.6299D-02   0.1148D+00  -0.4433D-01
  -0.1505D-02  -0.5574D-02  -0.3331D-02  -0.8105D-02  -0.1505D-02  -0.5574D-02  -0.3331D-02  -0.8105D-02
  2.000  2.000
  -0.8050D+00   0.0000D+00  -0.8249D+00   0.0000D+00   0.0000D+00   0.0000D+00  -0.6767D+00   0.0000D+00  -0.8050D+00   0.0000D+00  -0.8249D+00   0.0000D+00
   0.5294D+00   0.0000D+00   0.9117D-01   0.0000D+00   0.1600D+00   0.0000D+00   0.1673D+00   0.0000D+00   0.3718D-01   0.0000D+00   0.0000D+00   0.0000D+00   0.5294D+00   0.0000D+00   0.9117D-01   0.0000D+00   0.1600D+00   0.0000D+00
   0.0000D+00   0.0000D+00   0.0000D+00   0.0000D+00   0.0000D+00   0.0000D+00   0.0000D+00   0.0000D+00
  -0.8301D+00   0.9798D-01  -0.9366D+00   0.5731D-01   0.6008D-01  -0.5681D-01  -0.8011D+00   0.3874D-02  -0.8301D+00   0.9798D-01  -0.9366D+00   0.5731D-01
   0.5337D+00  -0.1641D-01   0.9426D-01  -0.5814D-02   0.1184D+00  -0.4091D-01   0.1758D+00   0.0000D+00   0.4306D-01   0.3814D-02  -0.2040D-02   0.1248D-01   0.5337D+00  -0.1641D-01   0.9426D-01  -0.5814D-02   0.1184D+00  -0.4091D-01
  -0.1389D-02  -0.5144D-02  -0.3074D-02  -0.7481D-02  -0.1389D-02  -0.5144D-02  -0.3074D-02  -0.7481D-02
