 LHC=           1 sqrts=   8000.0000000000000      ang=           4 mode=fital                                                                                               scalescheme=           1 R=  0.69999999999999996     
 CT10nlo_rand5678                                                                                             140
 Bin information: chid, chiu, md, mu, mu0
   0.0000000000000000       0.50000000000000000        1172.0000000000000        1248.0000000000000        1210.0000000000000     
 9 scales(muf, mur)*(LO(38), NLO(38))
  0.500  0.500
  -0.6365D-01   0.0000D+00  -0.4493D-01   0.0000D+00   0.0000D+00   0.0000D+00  -0.2249D-01   0.0000D+00  -0.6365D-01   0.0000D+00  -0.4493D-01   0.0000D+00
   0.2014D+00   0.0000D+00   0.3100D-01   0.0000D+00   0.8282D-01   0.0000D+00   0.3493D-01   0.0000D+00   0.7761D-02   0.0000D+00   0.0000D+00   0.0000D+00   0.2014D+00   0.0000D+00   0.3100D-01   0.0000D+00   0.8282D-01   0.0000D+00
   0.0000D+00   0.0000D+00   0.0000D+00   0.0000D+00   0.0000D+00   0.0000D+00   0.0000D+00   0.0000D+00
  -0.5210D-01   0.5254D-02  -0.3961D-01   0.2995D-02   0.2788D-02  -0.1974D-02  -0.1986D-01   0.9839D-03  -0.5210D-01   0.5254D-02  -0.3961D-01   0.2995D-02
   0.1504D+00  -0.8881D-02   0.2385D-01  -0.2622D-02   0.4645D-01  -0.1584D-01   0.2925D-01   0.0000D+00   0.7252D-02   0.8329D-03  -0.1452D-02   0.2726D-02   0.1504D+00  -0.8881D-02   0.2385D-01  -0.2622D-02   0.4645D-01  -0.1584D-01
  -0.9151D-03  -0.2317D-02  -0.1030D-02  -0.2217D-02  -0.9151D-03  -0.2317D-02  -0.1030D-02  -0.2217D-02
  0.500  1.000
  -0.5891D-01   0.0000D+00  -0.4158D-01   0.0000D+00   0.0000D+00   0.0000D+00  -0.2081D-01   0.0000D+00  -0.5891D-01   0.0000D+00  -0.4158D-01   0.0000D+00
   0.2014D+00   0.0000D+00   0.3100D-01   0.0000D+00   0.8282D-01   0.0000D+00   0.3493D-01   0.0000D+00   0.7761D-02   0.0000D+00   0.0000D+00   0.0000D+00   0.2014D+00   0.0000D+00   0.3100D-01   0.0000D+00   0.8282D-01   0.0000D+00
   0.0000D+00   0.0000D+00   0.0000D+00   0.0000D+00   0.0000D+00   0.0000D+00   0.0000D+00   0.0000D+00
  -0.5326D-01   0.4500D-02  -0.4003D-01   0.2565D-02   0.2388D-02  -0.1691D-02  -0.2007D-01   0.8427D-03  -0.5326D-01   0.4500D-02  -0.4003D-01   0.2565D-02
   0.1543D+00  -0.8219D-02   0.2439D-01  -0.2427D-02   0.4917D-01  -0.1466D-01   0.2968D-01   0.0000D+00   0.7291D-02   0.7708D-03  -0.1344D-02   0.2523D-02   0.1543D+00  -0.8219D-02   0.2439D-01  -0.2427D-02   0.4917D-01  -0.1466D-01
  -0.8469D-03  -0.2144D-02  -0.9533D-03  -0.2052D-02  -0.8469D-03  -0.2144D-02  -0.9533D-03  -0.2052D-02
  0.500  2.000
  -0.5484D-01   0.0000D+00  -0.3870D-01   0.0000D+00   0.0000D+00   0.0000D+00  -0.1937D-01   0.0000D+00  -0.5484D-01   0.0000D+00  -0.3870D-01   0.0000D+00
   0.2014D+00   0.0000D+00   0.3100D-01   0.0000D+00   0.8282D-01   0.0000D+00   0.3493D-01   0.0000D+00   0.7761D-02   0.0000D+00   0.0000D+00   0.0000D+00   0.2014D+00   0.0000D+00   0.3100D-01   0.0000D+00   0.8282D-01   0.0000D+00
   0.0000D+00   0.0000D+00   0.0000D+00   0.0000D+00   0.0000D+00   0.0000D+00   0.0000D+00   0.0000D+00
  -0.5362D-01   0.3899D-02  -0.3995D-01   0.2223D-02   0.2070D-02  -0.1465D-02  -0.2003D-01   0.7301D-03  -0.5362D-01   0.3899D-02  -0.3995D-01   0.2223D-02
   0.1575D+00  -0.7650D-02   0.2485D-01  -0.2259D-02   0.5150D-01  -0.1365D-01   0.3004D-01   0.0000D+00   0.7324D-02   0.7175D-03  -0.1251D-02   0.2348D-02   0.1575D+00  -0.7650D-02   0.2485D-01  -0.2259D-02   0.5150D-01  -0.1365D-01
  -0.7883D-03  -0.1996D-02  -0.8873D-03  -0.1910D-02  -0.7883D-03  -0.1996D-02  -0.8873D-03  -0.1910D-02
  1.000  0.500
  -0.5617D-01   0.0000D+00  -0.3960D-01   0.0000D+00   0.0000D+00   0.0000D+00  -0.1973D-01   0.0000D+00  -0.5617D-01   0.0000D+00  -0.3960D-01   0.0000D+00
   0.1775D+00   0.0000D+00   0.2731D-01   0.0000D+00   0.7297D-01   0.0000D+00   0.3064D-01   0.0000D+00   0.6809D-02   0.0000D+00   0.0000D+00   0.0000D+00   0.1775D+00   0.0000D+00   0.2731D-01   0.0000D+00   0.7297D-01   0.0000D+00
   0.0000D+00   0.0000D+00   0.0000D+00   0.0000D+00   0.0000D+00   0.0000D+00   0.0000D+00   0.0000D+00
  -0.5309D-01   0.4628D-02  -0.3990D-01   0.2637D-02   0.2432D-02  -0.1731D-02  -0.1999D-01   0.8700D-03  -0.5309D-01   0.4628D-02  -0.3990D-01   0.2637D-02
   0.1549D+00  -0.7829D-02   0.2451D-01  -0.2310D-02   0.5008D-01  -0.1396D-01   0.2965D-01   0.0000D+00   0.7255D-02   0.7305D-03  -0.1260D-02   0.2391D-02   0.1549D+00  -0.7829D-02   0.2451D-01  -0.2310D-02   0.5008D-01  -0.1396D-01
  -0.8084D-03  -0.2036D-02  -0.9068D-03  -0.1950D-02  -0.8084D-03  -0.2036D-02  -0.9068D-03  -0.1950D-02
  1.000  1.000
  -0.5198D-01   0.0000D+00  -0.3665D-01   0.0000D+00   0.0000D+00   0.0000D+00  -0.1826D-01   0.0000D+00  -0.5198D-01   0.0000D+00  -0.3665D-01   0.0000D+00
   0.1775D+00   0.0000D+00   0.2731D-01   0.0000D+00   0.7297D-01   0.0000D+00   0.3064D-01   0.0000D+00   0.6809D-02   0.0000D+00   0.0000D+00   0.0000D+00   0.1775D+00   0.0000D+00   0.2731D-01   0.0000D+00   0.7297D-01   0.0000D+00
   0.0000D+00   0.0000D+00   0.0000D+00   0.0000D+00   0.0000D+00   0.0000D+00   0.0000D+00   0.0000D+00
  -0.5309D-01   0.3964D-02  -0.3955D-01   0.2259D-02   0.2083D-02  -0.1483D-02  -0.1980D-01   0.7452D-03  -0.5309D-01   0.3964D-02  -0.3955D-01   0.2259D-02
   0.1566D+00  -0.7246D-02   0.2472D-01  -0.2138D-02   0.5179D-01  -0.1292D-01   0.2973D-01   0.0000D+00   0.7222D-02   0.6760D-03  -0.1167D-02   0.2212D-02   0.1566D+00  -0.7246D-02   0.2472D-01  -0.2138D-02   0.5179D-01  -0.1292D-01
  -0.7481D-03  -0.1884D-02  -0.8392D-03  -0.1805D-02  -0.7481D-03  -0.1884D-02  -0.8392D-03  -0.1805D-02
  1.000  2.000
  -0.4838D-01   0.0000D+00  -0.3411D-01   0.0000D+00   0.0000D+00   0.0000D+00  -0.1699D-01   0.0000D+00  -0.4838D-01   0.0000D+00  -0.3411D-01   0.0000D+00
   0.1775D+00   0.0000D+00   0.2731D-01   0.0000D+00   0.7297D-01   0.0000D+00   0.3064D-01   0.0000D+00   0.6809D-02   0.0000D+00   0.0000D+00   0.0000D+00   0.1775D+00   0.0000D+00   0.2731D-01   0.0000D+00   0.7297D-01   0.0000D+00
   0.0000D+00   0.0000D+00   0.0000D+00   0.0000D+00   0.0000D+00   0.0000D+00   0.0000D+00   0.0000D+00
  -0.5259D-01   0.3435D-02  -0.3892D-01   0.1957D-02   0.1805D-02  -0.1285D-02  -0.1947D-01   0.6457D-03  -0.5259D-01   0.3435D-02  -0.3892D-01   0.1957D-02
   0.1581D+00  -0.6745D-02   0.2491D-01  -0.1990D-02   0.5326D-01  -0.1202D-01   0.2979D-01   0.0000D+00   0.7194D-02   0.6293D-03  -0.1086D-02   0.2059D-02   0.1581D+00  -0.6745D-02   0.2491D-01  -0.1990D-02   0.5326D-01  -0.1202D-01
  -0.6964D-03  -0.1754D-02  -0.7812D-03  -0.1680D-02  -0.6964D-03  -0.1754D-02  -0.7812D-03  -0.1680D-02
  2.000  0.500
  -0.4989D-01   0.0000D+00  -0.3517D-01   0.0000D+00   0.0000D+00   0.0000D+00  -0.1746D-01   0.0000D+00  -0.4989D-01   0.0000D+00  -0.3517D-01   0.0000D+00
   0.1575D+00   0.0000D+00   0.2422D-01   0.0000D+00   0.6488D-01   0.0000D+00   0.2712D-01   0.0000D+00   0.6028D-02   0.0000D+00   0.0000D+00   0.0000D+00   0.1575D+00   0.0000D+00   0.2422D-01   0.0000D+00   0.6488D-01   0.0000D+00
   0.0000D+00   0.0000D+00   0.0000D+00   0.0000D+00   0.0000D+00   0.0000D+00   0.0000D+00   0.0000D+00
  -0.5356D-01   0.4118D-02  -0.3996D-01   0.2338D-02   0.2120D-02  -0.1534D-02  -0.1996D-01   0.7752D-03  -0.5356D-01   0.4118D-02  -0.3996D-01   0.2338D-02
   0.1579D+00  -0.6961D-02   0.2486D-01  -0.2051D-02   0.5293D-01  -0.1238D-01   0.2979D-01   0.0000D+00   0.7221D-02   0.6467D-03  -0.1105D-02   0.2116D-02   0.1579D+00  -0.6961D-02   0.2486D-01  -0.2051D-02   0.5293D-01  -0.1238D-01
  -0.7183D-03  -0.1814D-02  -0.8030D-03  -0.1729D-02  -0.7183D-03  -0.1814D-02  -0.8030D-03  -0.1729D-02
  2.000  1.000
  -0.4617D-01   0.0000D+00  -0.3255D-01   0.0000D+00   0.0000D+00   0.0000D+00  -0.1616D-01   0.0000D+00  -0.4617D-01   0.0000D+00  -0.3255D-01   0.0000D+00
   0.1575D+00   0.0000D+00   0.2422D-01   0.0000D+00   0.6488D-01   0.0000D+00   0.2712D-01   0.0000D+00   0.6028D-02   0.0000D+00   0.0000D+00   0.0000D+00   0.1575D+00   0.0000D+00   0.2422D-01   0.0000D+00   0.6488D-01   0.0000D+00
   0.0000D+00   0.0000D+00   0.0000D+00   0.0000D+00   0.0000D+00   0.0000D+00   0.0000D+00   0.0000D+00
  -0.5265D-01   0.3527D-02  -0.3900D-01   0.2003D-02   0.1816D-02  -0.1314D-02  -0.1947D-01   0.6640D-03  -0.5265D-01   0.3527D-02  -0.3900D-01   0.2003D-02
   0.1579D+00  -0.6442D-02   0.2482D-01  -0.1898D-02   0.5383D-01  -0.1146D-01   0.2960D-01   0.0000D+00   0.7132D-02   0.5985D-03  -0.1023D-02   0.1959D-02   0.1579D+00  -0.6442D-02   0.2482D-01  -0.1898D-02   0.5383D-01  -0.1146D-01
  -0.6648D-03  -0.1679D-02  -0.7431D-03  -0.1600D-02  -0.6648D-03  -0.1679D-02  -0.7431D-03  -0.1600D-02
  2.000  2.000
  -0.4298D-01   0.0000D+00  -0.3029D-01   0.0000D+00   0.0000D+00   0.0000D+00  -0.1504D-01   0.0000D+00  -0.4298D-01   0.0000D+00  -0.3029D-01   0.0000D+00
   0.1575D+00   0.0000D+00   0.2422D-01   0.0000D+00   0.6488D-01   0.0000D+00   0.2712D-01   0.0000D+00   0.6028D-02   0.0000D+00   0.0000D+00   0.0000D+00   0.1575D+00   0.0000D+00   0.2422D-01   0.0000D+00   0.6488D-01   0.0000D+00
   0.0000D+00   0.0000D+00   0.0000D+00   0.0000D+00   0.0000D+00   0.0000D+00   0.0000D+00   0.0000D+00
  -0.5147D-01   0.3056D-02  -0.3792D-01   0.1735D-02   0.1573D-02  -0.1138D-02  -0.1892D-01   0.5753D-03  -0.5147D-01   0.3056D-02  -0.3792D-01   0.1735D-02
   0.1579D+00  -0.5997D-02   0.2478D-01  -0.1767D-02   0.5460D-01  -0.1067D-01   0.2943D-01   0.0000D+00   0.7057D-02   0.5571D-03  -0.9524D-03   0.1823D-02   0.1579D+00  -0.5997D-02   0.2478D-01  -0.1767D-02   0.5460D-01  -0.1067D-01
  -0.6188D-03  -0.1563D-02  -0.6917D-03  -0.1490D-02  -0.6188D-03  -0.1563D-02  -0.6917D-03  -0.1490D-02
