 LHC=           1 sqrts=   8000.0000000000000      ang=           4 mode=fital                                                                                               scalescheme=           1 R=  0.69999999999999996     
 MSTW2008nlo68cl_rand1235                                                                                      84
 Bin information: chid, chiu, md, mu, mu0
   0.0000000000000000       0.50000000000000000        638.00000000000000        686.00000000000000        662.00000000000000     
 9 scales(muf, mur)*(LO(38), NLO(38))
  0.500  0.500
  -0.4407D+00   0.0000D+00  -0.3766D+00   0.0000D+00   0.0000D+00   0.0000D+00  -0.2636D+00   0.0000D+00  -0.4407D+00   0.0000D+00  -0.3766D+00   0.0000D+00
   0.4712D+00   0.0000D+00   0.7761D-01   0.0000D+00   0.1632D+00   0.0000D+00   0.1238D+00   0.0000D+00   0.2750D-01   0.0000D+00   0.0000D+00   0.0000D+00   0.4712D+00   0.0000D+00   0.7761D-01   0.0000D+00   0.1632D+00   0.0000D+00
   0.0000D+00   0.0000D+00   0.0000D+00   0.0000D+00   0.0000D+00   0.0000D+00   0.0000D+00   0.0000D+00
  -0.3368D+00   0.4972D-01  -0.3264D+00   0.2910D-01   0.3099D-01  -0.2526D-01  -0.2398D+00   0.4665D-02  -0.3368D+00   0.4972D-01  -0.3264D+00   0.2910D-01
   0.3825D+00  -0.1911D-01   0.6489D-01  -0.6223D-02   0.8882D-01  -0.4117D-01   0.1094D+00   0.0000D+00   0.2728D-01   0.3222D-02  -0.2939D-02   0.1055D-01   0.3825D+00  -0.1911D-01   0.6489D-01  -0.6223D-02   0.8882D-01  -0.4117D-01
  -0.1778D-02  -0.5494D-02  -0.2941D-02  -0.6874D-02  -0.1778D-02  -0.5494D-02  -0.2941D-02  -0.6874D-02
  0.500  1.000
  -0.4050D+00   0.0000D+00  -0.3461D+00   0.0000D+00   0.0000D+00   0.0000D+00  -0.2422D+00   0.0000D+00  -0.4050D+00   0.0000D+00  -0.3461D+00   0.0000D+00
   0.4712D+00   0.0000D+00   0.7761D-01   0.0000D+00   0.1632D+00   0.0000D+00   0.1238D+00   0.0000D+00   0.2750D-01   0.0000D+00   0.0000D+00   0.0000D+00   0.4712D+00   0.0000D+00   0.7761D-01   0.0000D+00   0.1632D+00   0.0000D+00
   0.0000D+00   0.0000D+00   0.0000D+00   0.0000D+00   0.0000D+00   0.0000D+00   0.0000D+00   0.0000D+00
  -0.3490D+00   0.4199D-01  -0.3308D+00   0.2457D-01   0.2617D-01  -0.2133D-01  -0.2411D+00   0.3939D-02  -0.3490D+00   0.4199D-01  -0.3308D+00   0.2457D-01
   0.3898D+00  -0.1756D-01   0.6594D-01  -0.5718D-02   0.9489D-01  -0.3784D-01   0.1106D+00   0.0000D+00   0.2731D-01   0.2961D-02  -0.2701D-02   0.9691D-02   0.3898D+00  -0.1756D-01   0.6594D-01  -0.5718D-02   0.9489D-01  -0.3784D-01
  -0.1634D-02  -0.5048D-02  -0.2703D-02  -0.6317D-02  -0.1634D-02  -0.5048D-02  -0.2703D-02  -0.6317D-02
  0.500  2.000
  -0.3747D+00   0.0000D+00  -0.3202D+00   0.0000D+00   0.0000D+00   0.0000D+00  -0.2241D+00   0.0000D+00  -0.3747D+00   0.0000D+00  -0.3202D+00   0.0000D+00
   0.4712D+00   0.0000D+00   0.7761D-01   0.0000D+00   0.1632D+00   0.0000D+00   0.1238D+00   0.0000D+00   0.2750D-01   0.0000D+00   0.0000D+00   0.0000D+00   0.4712D+00   0.0000D+00   0.7761D-01   0.0000D+00   0.1632D+00   0.0000D+00
   0.0000D+00   0.0000D+00   0.0000D+00   0.0000D+00   0.0000D+00   0.0000D+00   0.0000D+00   0.0000D+00
  -0.3539D+00   0.3594D-01  -0.3303D+00   0.2103D-01   0.2240D-01  -0.1826D-01  -0.2394D+00   0.3372D-02  -0.3539D+00   0.3594D-01  -0.3303D+00   0.2103D-01
   0.3960D+00  -0.1625D-01   0.6683D-01  -0.5291D-02   0.1000D+00  -0.3501D-01   0.1116D+00   0.0000D+00   0.2733D-01   0.2740D-02  -0.2499D-02   0.8966D-02   0.3960D+00  -0.1625D-01   0.6683D-01  -0.5291D-02   0.1000D+00  -0.3501D-01
  -0.1512D-02  -0.4671D-02  -0.2501D-02  -0.5844D-02  -0.1512D-02  -0.4671D-02  -0.2501D-02  -0.5844D-02
  1.000  0.500
  -0.4047D+00   0.0000D+00  -0.3458D+00   0.0000D+00   0.0000D+00   0.0000D+00  -0.2404D+00   0.0000D+00  -0.4047D+00   0.0000D+00  -0.3458D+00   0.0000D+00
   0.4320D+00   0.0000D+00   0.7107D-01   0.0000D+00   0.1496D+00   0.0000D+00   0.1128D+00   0.0000D+00   0.2508D-01   0.0000D+00   0.0000D+00   0.0000D+00   0.4320D+00   0.0000D+00   0.7107D-01   0.0000D+00   0.1496D+00   0.0000D+00
   0.0000D+00   0.0000D+00   0.0000D+00   0.0000D+00   0.0000D+00   0.0000D+00   0.0000D+00   0.0000D+00
  -0.3412D+00   0.4559D-01  -0.3295D+00   0.2662D-01   0.2859D-01  -0.2305D-01  -0.2397D+00   0.4340D-02  -0.3412D+00   0.4559D-01  -0.3295D+00   0.2662D-01
   0.3862D+00  -0.1753D-01   0.6547D-01  -0.5705D-02   0.9307D-01  -0.3767D-01   0.1097D+00   0.0000D+00   0.2711D-01   0.2938D-02  -0.2679D-02   0.9614D-02   0.3862D+00  -0.1753D-01   0.6547D-01  -0.5705D-02   0.9307D-01  -0.3767D-01
  -0.1632D-02  -0.5040D-02  -0.2696D-02  -0.6277D-02  -0.1632D-02  -0.5040D-02  -0.2696D-02  -0.6277D-02
  1.000  1.000
  -0.3719D+00   0.0000D+00  -0.3177D+00   0.0000D+00   0.0000D+00   0.0000D+00  -0.2209D+00   0.0000D+00  -0.3719D+00   0.0000D+00  -0.3177D+00   0.0000D+00
   0.4320D+00   0.0000D+00   0.7107D-01   0.0000D+00   0.1496D+00   0.0000D+00   0.1128D+00   0.0000D+00   0.2508D-01   0.0000D+00   0.0000D+00   0.0000D+00   0.4320D+00   0.0000D+00   0.7107D-01   0.0000D+00   0.1496D+00   0.0000D+00
   0.0000D+00   0.0000D+00   0.0000D+00   0.0000D+00   0.0000D+00   0.0000D+00   0.0000D+00   0.0000D+00
  -0.3474D+00   0.3850D-01  -0.3289D+00   0.2248D-01   0.2414D-01  -0.1946D-01  -0.2377D+00   0.3665D-02  -0.3474D+00   0.3850D-01  -0.3289D+00   0.2248D-01
   0.3900D+00  -0.1611D-01   0.6594D-01  -0.5243D-02   0.9768D-01  -0.3462D-01   0.1099D+00   0.0000D+00   0.2695D-01   0.2700D-02  -0.2462D-02   0.8835D-02   0.3900D+00  -0.1611D-01   0.6594D-01  -0.5243D-02   0.9768D-01  -0.3462D-01
  -0.1500D-02  -0.4631D-02  -0.2478D-02  -0.5768D-02  -0.1500D-02  -0.4631D-02  -0.2478D-02  -0.5768D-02
  1.000  2.000
  -0.3441D+00   0.0000D+00  -0.2940D+00   0.0000D+00   0.0000D+00   0.0000D+00  -0.2044D+00   0.0000D+00  -0.3441D+00   0.0000D+00  -0.2940D+00   0.0000D+00
   0.4320D+00   0.0000D+00   0.7107D-01   0.0000D+00   0.1496D+00   0.0000D+00   0.1128D+00   0.0000D+00   0.2508D-01   0.0000D+00   0.0000D+00   0.0000D+00   0.4320D+00   0.0000D+00   0.7107D-01   0.0000D+00   0.1496D+00   0.0000D+00
   0.0000D+00   0.0000D+00   0.0000D+00   0.0000D+00   0.0000D+00   0.0000D+00   0.0000D+00   0.0000D+00
  -0.3481D+00   0.3296D-01  -0.3249D+00   0.1924D-01   0.2067D-01  -0.1666D-01  -0.2335D+00   0.3138D-02  -0.3481D+00   0.3296D-01  -0.3249D+00   0.1924D-01
   0.3932D+00  -0.1490D-01   0.6634D-01  -0.4851D-02   0.1016D+00  -0.3203D-01   0.1102D+00   0.0000D+00   0.2681D-01   0.2498D-02  -0.2278D-02   0.8174D-02   0.3932D+00  -0.1490D-01   0.6634D-01  -0.4851D-02   0.1016D+00  -0.3203D-01
  -0.1388D-02  -0.4285D-02  -0.2292D-02  -0.5337D-02  -0.1388D-02  -0.4285D-02  -0.2292D-02  -0.5337D-02
  2.000  0.500
  -0.3736D+00   0.0000D+00  -0.3197D+00   0.0000D+00   0.0000D+00   0.0000D+00  -0.2205D+00   0.0000D+00  -0.3736D+00   0.0000D+00  -0.3197D+00   0.0000D+00
   0.3977D+00   0.0000D+00   0.6543D-01   0.0000D+00   0.1382D+00   0.0000D+00   0.1034D+00   0.0000D+00   0.2298D-01   0.0000D+00   0.0000D+00   0.0000D+00   0.3977D+00   0.0000D+00   0.6543D-01   0.0000D+00   0.1382D+00   0.0000D+00
   0.0000D+00   0.0000D+00   0.0000D+00   0.0000D+00   0.0000D+00   0.0000D+00   0.0000D+00   0.0000D+00
  -0.3511D+00   0.4218D-01  -0.3327D+00   0.2454D-01   0.2599D-01  -0.2115D-01  -0.2397D+00   0.4057D-02  -0.3511D+00   0.4218D-01  -0.3327D+00   0.2454D-01
   0.3898D+00  -0.1619D-01   0.6612D-01  -0.5263D-02   0.9859D-01  -0.3460D-01   0.1100D+00   0.0000D+00   0.2694D-01   0.2693D-02  -0.2454D-02   0.8812D-02   0.3898D+00  -0.1619D-01   0.6612D-01  -0.5263D-02   0.9859D-01  -0.3460D-01
  -0.1512D-02  -0.4630D-02  -0.2487D-02  -0.5761D-02  -0.1512D-02  -0.4630D-02  -0.2487D-02  -0.5761D-02
  2.000  1.000
  -0.3433D+00   0.0000D+00  -0.2938D+00   0.0000D+00   0.0000D+00   0.0000D+00  -0.2026D+00   0.0000D+00  -0.3433D+00   0.0000D+00  -0.2938D+00   0.0000D+00
   0.3977D+00   0.0000D+00   0.6543D-01   0.0000D+00   0.1382D+00   0.0000D+00   0.1034D+00   0.0000D+00   0.2298D-01   0.0000D+00   0.0000D+00   0.0000D+00   0.3977D+00   0.0000D+00   0.6543D-01   0.0000D+00   0.1382D+00   0.0000D+00
   0.0000D+00   0.0000D+00   0.0000D+00   0.0000D+00   0.0000D+00   0.0000D+00   0.0000D+00   0.0000D+00
  -0.3512D+00   0.3562D-01  -0.3277D+00   0.2072D-01   0.2195D-01  -0.1786D-01  -0.2347D+00   0.3426D-02  -0.3512D+00   0.3562D-01  -0.3277D+00   0.2072D-01
   0.3905D+00  -0.1487D-01   0.6608D-01  -0.4836D-02   0.1018D+00  -0.3180D-01   0.1095D+00   0.0000D+00   0.2662D-01   0.2474D-02  -0.2255D-02   0.8098D-02   0.3905D+00  -0.1487D-01   0.6608D-01  -0.4836D-02   0.1018D+00  -0.3180D-01
  -0.1389D-02  -0.4254D-02  -0.2285D-02  -0.5294D-02  -0.1389D-02  -0.4254D-02  -0.2285D-02  -0.5294D-02
  2.000  2.000
  -0.3177D+00   0.0000D+00  -0.2718D+00   0.0000D+00   0.0000D+00   0.0000D+00  -0.1875D+00   0.0000D+00  -0.3177D+00   0.0000D+00  -0.2718D+00   0.0000D+00
   0.3977D+00   0.0000D+00   0.6543D-01   0.0000D+00   0.1382D+00   0.0000D+00   0.1034D+00   0.0000D+00   0.2298D-01   0.0000D+00   0.0000D+00   0.0000D+00   0.3977D+00   0.0000D+00   0.6543D-01   0.0000D+00   0.1382D+00   0.0000D+00
   0.0000D+00   0.0000D+00   0.0000D+00   0.0000D+00   0.0000D+00   0.0000D+00   0.0000D+00   0.0000D+00
  -0.3474D+00   0.3049D-01  -0.3206D+00   0.1774D-01   0.1879D-01  -0.1529D-01  -0.2285D+00   0.2933D-02  -0.3474D+00   0.3049D-01  -0.3206D+00   0.1774D-01
   0.3911D+00  -0.1376D-01   0.6604D-01  -0.4475D-02   0.1046D+00  -0.2942D-01   0.1090D+00   0.0000D+00   0.2635D-01   0.2289D-02  -0.2087D-02   0.7493D-02   0.3911D+00  -0.1376D-01   0.6604D-01  -0.4475D-02   0.1046D+00  -0.2942D-01
  -0.1286D-02  -0.3936D-02  -0.2115D-02  -0.4898D-02  -0.1286D-02  -0.3936D-02  -0.2115D-02  -0.4898D-02
