 LHC=           1 sqrts=   8000.0000000000000      ang=           4 mode=fital                                                                                               scalescheme=           1 R=  0.69999999999999996     
 MSTW2008nlo68cl_rand1235                                                                                      84
 Bin information: chid, chiu, md, mu, mu0
   0.0000000000000000       0.50000000000000000        790.00000000000000        846.00000000000000        818.00000000000000     
 9 scales(muf, mur)*(LO(38), NLO(38))
  0.500  0.500
  -0.2512D+00   0.0000D+00  -0.1974D+00   0.0000D+00   0.0000D+00   0.0000D+00  -0.1217D+00   0.0000D+00  -0.2512D+00   0.0000D+00  -0.1974D+00   0.0000D+00
   0.3849D+00   0.0000D+00   0.6160D-01   0.0000D+00   0.1436D+00   0.0000D+00   0.8648D-01   0.0000D+00   0.1922D-01   0.0000D+00   0.0000D+00   0.0000D+00   0.3849D+00   0.0000D+00   0.6160D-01   0.0000D+00   0.1436D+00   0.0000D+00
   0.0000D+00   0.0000D+00   0.0000D+00   0.0000D+00   0.0000D+00   0.0000D+00   0.0000D+00   0.0000D+00
  -0.1971D+00   0.2501D-01  -0.1717D+00   0.1447D-01   0.1532D-01  -0.1136D-01  -0.1091D+00   0.3309D-02  -0.1971D+00   0.2501D-01  -0.1717D+00   0.1447D-01
   0.2986D+00  -0.1637D-01   0.4942D-01  -0.5099D-02   0.7800D-01  -0.3249D-01   0.7422D-01   0.0000D+00   0.1858D-01   0.2193D-02  -0.2692D-02   0.7176D-02   0.2986D+00  -0.1637D-01   0.4942D-01  -0.5099D-02   0.7800D-01  -0.3249D-01
  -0.1587D-02  -0.4524D-02  -0.2242D-02  -0.5061D-02  -0.1587D-02  -0.4524D-02  -0.2242D-02  -0.5061D-02
  0.500  1.000
  -0.2313D+00   0.0000D+00  -0.1818D+00   0.0000D+00   0.0000D+00   0.0000D+00  -0.1121D+00   0.0000D+00  -0.2313D+00   0.0000D+00  -0.1818D+00   0.0000D+00
   0.3849D+00   0.0000D+00   0.6160D-01   0.0000D+00   0.1436D+00   0.0000D+00   0.8648D-01   0.0000D+00   0.1922D-01   0.0000D+00   0.0000D+00   0.0000D+00   0.3849D+00   0.0000D+00   0.6160D-01   0.0000D+00   0.1436D+00   0.0000D+00
   0.0000D+00   0.0000D+00   0.0000D+00   0.0000D+00   0.0000D+00   0.0000D+00   0.0000D+00   0.0000D+00
  -0.2031D+00   0.2121D-01  -0.1739D+00   0.1227D-01   0.1299D-01  -0.9639D-02  -0.1100D+00   0.2807D-02  -0.2031D+00   0.2121D-01  -0.1739D+00   0.1227D-01
   0.3054D+00  -0.1508D-01   0.5039D-01  -0.4696D-02   0.8320D-01  -0.2993D-01   0.7520D-01   0.0000D+00   0.1863D-01   0.2019D-02  -0.2480D-02   0.6609D-02   0.3054D+00  -0.1508D-01   0.5039D-01  -0.4696D-02   0.8320D-01  -0.2993D-01
  -0.1462D-02  -0.4166D-02  -0.2065D-02  -0.4661D-02  -0.1462D-02  -0.4166D-02  -0.2065D-02  -0.4661D-02
  0.500  2.000
  -0.2144D+00   0.0000D+00  -0.1685D+00   0.0000D+00   0.0000D+00   0.0000D+00  -0.1039D+00   0.0000D+00  -0.2144D+00   0.0000D+00  -0.1685D+00   0.0000D+00
   0.3849D+00   0.0000D+00   0.6160D-01   0.0000D+00   0.1436D+00   0.0000D+00   0.8648D-01   0.0000D+00   0.1922D-01   0.0000D+00   0.0000D+00   0.0000D+00   0.3849D+00   0.0000D+00   0.6160D-01   0.0000D+00   0.1436D+00   0.0000D+00
   0.0000D+00   0.0000D+00   0.0000D+00   0.0000D+00   0.0000D+00   0.0000D+00   0.0000D+00   0.0000D+00
  -0.2054D+00   0.1823D-01  -0.1737D+00   0.1054D-01   0.1117D-01  -0.8282D-02  -0.1094D+00   0.2412D-02  -0.2054D+00   0.1823D-01  -0.1737D+00   0.1054D-01
   0.3113D+00  -0.1398D-01   0.5122D-01  -0.4353D-02   0.8763D-01  -0.2774D-01   0.7603D-01   0.0000D+00   0.1868D-01   0.1872D-02  -0.2299D-02   0.6126D-02   0.3113D+00  -0.1398D-01   0.5122D-01  -0.4353D-02   0.8763D-01  -0.2774D-01
  -0.1355D-02  -0.3862D-02  -0.1914D-02  -0.4320D-02  -0.1355D-02  -0.3862D-02  -0.1914D-02  -0.4320D-02
  1.000  0.500
  -0.2277D+00   0.0000D+00  -0.1784D+00   0.0000D+00   0.0000D+00   0.0000D+00  -0.1097D+00   0.0000D+00  -0.2277D+00   0.0000D+00  -0.1784D+00   0.0000D+00
   0.3479D+00   0.0000D+00   0.5559D-01   0.0000D+00   0.1301D+00   0.0000D+00   0.7778D-01   0.0000D+00   0.1728D-01   0.0000D+00   0.0000D+00   0.0000D+00   0.3479D+00   0.0000D+00   0.5559D-01   0.0000D+00   0.1301D+00   0.0000D+00
   0.0000D+00   0.0000D+00   0.0000D+00   0.0000D+00   0.0000D+00   0.0000D+00   0.0000D+00   0.0000D+00
  -0.2004D+00   0.2266D-01  -0.1727D+00   0.1308D-01   0.1384D-01  -0.1024D-01  -0.1096D+00   0.3019D-02  -0.2004D+00   0.2266D-01  -0.1727D+00   0.1308D-01
   0.3041D+00  -0.1484D-01   0.5015D-01  -0.4609D-02   0.8332D-01  -0.2930D-01   0.7485D-01   0.0000D+00   0.1847D-01   0.1972D-02  -0.2424D-02   0.6455D-02   0.3041D+00  -0.1484D-01   0.5015D-01  -0.4609D-02   0.8332D-01  -0.2930D-01
  -0.1440D-02  -0.4078D-02  -0.2026D-02  -0.4562D-02  -0.1440D-02  -0.4078D-02  -0.2026D-02  -0.4562D-02
  1.000  1.000
  -0.2097D+00   0.0000D+00  -0.1643D+00   0.0000D+00   0.0000D+00   0.0000D+00  -0.1010D+00   0.0000D+00  -0.2097D+00   0.0000D+00  -0.1643D+00   0.0000D+00
   0.3479D+00   0.0000D+00   0.5559D-01   0.0000D+00   0.1301D+00   0.0000D+00   0.7778D-01   0.0000D+00   0.1728D-01   0.0000D+00   0.0000D+00   0.0000D+00   0.3479D+00   0.0000D+00   0.5559D-01   0.0000D+00   0.1301D+00   0.0000D+00
   0.0000D+00   0.0000D+00   0.0000D+00   0.0000D+00   0.0000D+00   0.0000D+00   0.0000D+00   0.0000D+00
  -0.2026D+00   0.1922D-01  -0.1720D+00   0.1110D-01   0.1174D-01  -0.8684D-02  -0.1087D+00   0.2561D-02  -0.2026D+00   0.1922D-01  -0.1720D+00   0.1110D-01
   0.3077D+00  -0.1367D-01   0.5059D-01  -0.4245D-02   0.8704D-01  -0.2699D-01   0.7509D-01   0.0000D+00   0.1838D-01   0.1816D-02  -0.2233D-02   0.5945D-02   0.3077D+00  -0.1367D-01   0.5059D-01  -0.4245D-02   0.8704D-01  -0.2699D-01
  -0.1327D-02  -0.3756D-02  -0.1866D-02  -0.4202D-02  -0.1327D-02  -0.3756D-02  -0.1866D-02  -0.4202D-02
  1.000  2.000
  -0.1944D+00   0.0000D+00  -0.1523D+00   0.0000D+00   0.0000D+00   0.0000D+00  -0.9366D-01   0.0000D+00  -0.1944D+00   0.0000D+00  -0.1523D+00   0.0000D+00
   0.3479D+00   0.0000D+00   0.5559D-01   0.0000D+00   0.1301D+00   0.0000D+00   0.7778D-01   0.0000D+00   0.1728D-01   0.0000D+00   0.0000D+00   0.0000D+00   0.3479D+00   0.0000D+00   0.5559D-01   0.0000D+00   0.1301D+00   0.0000D+00
   0.0000D+00   0.0000D+00   0.0000D+00   0.0000D+00   0.0000D+00   0.0000D+00   0.0000D+00   0.0000D+00
  -0.2020D+00   0.1651D-01  -0.1697D+00   0.9535D-02   0.1009D-01  -0.7462D-02  -0.1069D+00   0.2201D-02  -0.2020D+00   0.1651D-01  -0.1697D+00   0.9535D-02
   0.3106D+00  -0.1267D-01   0.5097D-01  -0.3935D-02   0.9021D-01  -0.2502D-01   0.7530D-01   0.0000D+00   0.1830D-01   0.1684D-02  -0.2070D-02   0.5511D-02   0.3106D+00  -0.1267D-01   0.5097D-01  -0.3935D-02   0.9021D-01  -0.2502D-01
  -0.1230D-02  -0.3481D-02  -0.1729D-02  -0.3895D-02  -0.1230D-02  -0.3481D-02  -0.1729D-02  -0.3895D-02
  2.000  0.500
  -0.2076D+00   0.0000D+00  -0.1626D+00   0.0000D+00   0.0000D+00   0.0000D+00  -0.9943D-01   0.0000D+00  -0.2076D+00   0.0000D+00  -0.1626D+00   0.0000D+00
   0.3159D+00   0.0000D+00   0.5049D-01   0.0000D+00   0.1184D+00   0.0000D+00   0.7032D-01   0.0000D+00   0.1563D-01   0.0000D+00   0.0000D+00   0.0000D+00   0.3159D+00   0.0000D+00   0.5049D-01   0.0000D+00   0.1184D+00   0.0000D+00
   0.0000D+00   0.0000D+00   0.0000D+00   0.0000D+00   0.0000D+00   0.0000D+00   0.0000D+00   0.0000D+00
  -0.2033D+00   0.2060D-01  -0.1743D+00   0.1189D-01   0.1242D-01  -0.9283D-02  -0.1100D+00   0.2773D-02  -0.2033D+00   0.2060D-01  -0.1743D+00   0.1189D-01
   0.3078D+00  -0.1351D-01   0.5089D-01  -0.4200D-02   0.8736D-01  -0.2659D-01   0.7516D-01   0.0000D+00   0.1839D-01   0.1783D-02  -0.2219D-02   0.5836D-02   0.3078D+00  -0.1351D-01   0.5089D-01  -0.4200D-02   0.8736D-01  -0.2659D-01
  -0.1316D-02  -0.3718D-02  -0.1842D-02  -0.4129D-02  -0.1316D-02  -0.3718D-02  -0.1842D-02  -0.4129D-02
  2.000  1.000
  -0.1912D+00   0.0000D+00  -0.1498D+00   0.0000D+00   0.0000D+00   0.0000D+00  -0.9158D-01   0.0000D+00  -0.1912D+00   0.0000D+00  -0.1498D+00   0.0000D+00
   0.3159D+00   0.0000D+00   0.5049D-01   0.0000D+00   0.1184D+00   0.0000D+00   0.7032D-01   0.0000D+00   0.1563D-01   0.0000D+00   0.0000D+00   0.0000D+00   0.3159D+00   0.0000D+00   0.5049D-01   0.0000D+00   0.1184D+00   0.0000D+00
   0.0000D+00   0.0000D+00   0.0000D+00   0.0000D+00   0.0000D+00   0.0000D+00   0.0000D+00   0.0000D+00
  -0.2021D+00   0.1747D-01  -0.1711D+00   0.1008D-01   0.1054D-01  -0.7874D-02  -0.1075D+00   0.2352D-02  -0.2021D+00   0.1747D-01  -0.1711D+00   0.1008D-01
   0.3085D+00  -0.1244D-01   0.5087D-01  -0.3868D-02   0.8983D-01  -0.2449D-01   0.7479D-01   0.0000D+00   0.1818D-01   0.1642D-02  -0.2044D-02   0.5375D-02   0.3085D+00  -0.1244D-01   0.5087D-01  -0.3868D-02   0.8983D-01  -0.2449D-01
  -0.1212D-02  -0.3424D-02  -0.1697D-02  -0.3803D-02  -0.1212D-02  -0.3424D-02  -0.1697D-02  -0.3803D-02
  2.000  2.000
  -0.1772D+00   0.0000D+00  -0.1388D+00   0.0000D+00   0.0000D+00   0.0000D+00  -0.8489D-01   0.0000D+00  -0.1772D+00   0.0000D+00  -0.1388D+00   0.0000D+00
   0.3159D+00   0.0000D+00   0.5049D-01   0.0000D+00   0.1184D+00   0.0000D+00   0.7032D-01   0.0000D+00   0.1563D-01   0.0000D+00   0.0000D+00   0.0000D+00   0.3159D+00   0.0000D+00   0.5049D-01   0.0000D+00   0.1184D+00   0.0000D+00
   0.0000D+00   0.0000D+00   0.0000D+00   0.0000D+00   0.0000D+00   0.0000D+00   0.0000D+00   0.0000D+00
  -0.1992D+00   0.1501D-01  -0.1670D+00   0.8663D-02   0.9055D-02  -0.6766D-02  -0.1046D+00   0.2021D-02  -0.1992D+00   0.1501D-01  -0.1670D+00   0.8663D-02
   0.3090D+00  -0.1153D-01   0.5085D-01  -0.3585D-02   0.9193D-01  -0.2270D-01   0.7447D-01   0.0000D+00   0.1799D-01   0.1522D-02  -0.1895D-02   0.4983D-02   0.3090D+00  -0.1153D-01   0.5085D-01  -0.3585D-02   0.9193D-01  -0.2270D-01
  -0.1123D-02  -0.3174D-02  -0.1573D-02  -0.3525D-02  -0.1123D-02  -0.3174D-02  -0.1573D-02  -0.3525D-02
