 LHC=           1 sqrts=   8000.0000000000000      ang=           4 mode=fital                                                                                               scalescheme=           1 R=  0.69999999999999996     
 MSTW2008nlo68cl_rand1235                                                                                      84
 Bin information: chid, chiu, md, mu, mu0
   0.0000000000000000       0.50000000000000000        1497.0000000000000        1588.0000000000000        1542.5000000000000     
 9 scales(muf, mur)*(LO(38), NLO(38))
  0.500  0.500
  -0.1506D-01   0.0000D+00  -0.9285D-02   0.0000D+00   0.0000D+00   0.0000D+00  -0.3916D-02   0.0000D+00  -0.1506D-01   0.0000D+00  -0.9285D-02   0.0000D+00
   0.6920D-01   0.0000D+00   0.1008D-01   0.0000D+00   0.3176D-01   0.0000D+00   0.9180D-02   0.0000D+00   0.2040D-02   0.0000D+00   0.0000D+00   0.0000D+00   0.6920D-01   0.0000D+00   0.1008D-01   0.0000D+00   0.3176D-01   0.0000D+00
   0.0000D+00   0.0000D+00   0.0000D+00   0.0000D+00   0.0000D+00   0.0000D+00   0.0000D+00   0.0000D+00
  -0.1288D-01   0.1058D-02  -0.8269D-02   0.6140D-03   0.4458D-03  -0.3389D-03  -0.3389D-02   0.2394D-03  -0.1288D-01   0.1058D-02  -0.8269D-02   0.6140D-03
   0.5080D-01  -0.3360D-02   0.7547D-02  -0.9342D-03   0.1892D-01  -0.5308D-02   0.7602D-02   0.0000D+00   0.1875D-02   0.2156D-03  -0.5090D-03   0.7056D-03   0.5080D-01  -0.3360D-02   0.7547D-02  -0.9342D-03   0.1892D-01  -0.5308D-02
  -0.3573D-03  -0.8424D-03  -0.3212D-03  -0.6679D-03  -0.3573D-03  -0.8424D-03  -0.3212D-03  -0.6679D-03
  0.500  1.000
  -0.1395D-01   0.0000D+00  -0.8602D-02   0.0000D+00   0.0000D+00   0.0000D+00  -0.3628D-02   0.0000D+00  -0.1395D-01   0.0000D+00  -0.8602D-02   0.0000D+00
   0.6920D-01   0.0000D+00   0.1008D-01   0.0000D+00   0.3176D-01   0.0000D+00   0.9180D-02   0.0000D+00   0.2040D-02   0.0000D+00   0.0000D+00   0.0000D+00   0.6920D-01   0.0000D+00   0.1008D-01   0.0000D+00   0.3176D-01   0.0000D+00
   0.0000D+00   0.0000D+00   0.0000D+00   0.0000D+00   0.0000D+00   0.0000D+00   0.0000D+00   0.0000D+00
  -0.1307D-01   0.9084D-03  -0.8343D-02   0.5271D-03   0.3827D-03  -0.2909D-03  -0.3434D-02   0.2055D-03  -0.1307D-01   0.9084D-03  -0.8343D-02   0.5271D-03
   0.5216D-01  -0.3113D-02   0.7734D-02  -0.8655D-03   0.1987D-01  -0.4918D-02   0.7719D-02   0.0000D+00   0.1887D-02   0.1997D-03  -0.4716D-03   0.6537D-03   0.5216D-01  -0.3113D-02   0.7734D-02  -0.8655D-03   0.1987D-01  -0.4918D-02
  -0.3310D-03  -0.7805D-03  -0.2976D-03  -0.6188D-03  -0.3310D-03  -0.7805D-03  -0.2976D-03  -0.6188D-03
  0.500  2.000
  -0.1300D-01   0.0000D+00  -0.8015D-02   0.0000D+00   0.0000D+00   0.0000D+00  -0.3380D-02   0.0000D+00  -0.1300D-01   0.0000D+00  -0.8015D-02   0.0000D+00
   0.6920D-01   0.0000D+00   0.1008D-01   0.0000D+00   0.3176D-01   0.0000D+00   0.9180D-02   0.0000D+00   0.2040D-02   0.0000D+00   0.0000D+00   0.0000D+00   0.6920D-01   0.0000D+00   0.1008D-01   0.0000D+00   0.3176D-01   0.0000D+00
   0.0000D+00   0.0000D+00   0.0000D+00   0.0000D+00   0.0000D+00   0.0000D+00   0.0000D+00   0.0000D+00
  -0.1310D-01   0.7885D-03  -0.8321D-02   0.4575D-03   0.3322D-03  -0.2525D-03  -0.3436D-02   0.1784D-03  -0.1310D-01   0.7885D-03  -0.8321D-02   0.4575D-03
   0.5333D-01  -0.2900D-02   0.7895D-02  -0.8064D-03   0.2068D-01  -0.4582D-02   0.7819D-02   0.0000D+00   0.1898D-02   0.1861D-03  -0.4394D-03   0.6090D-03   0.5333D-01  -0.2900D-02   0.7895D-02  -0.8064D-03   0.2068D-01  -0.4582D-02
  -0.3084D-03  -0.7272D-03  -0.2773D-03  -0.5766D-03  -0.3084D-03  -0.7272D-03  -0.2773D-03  -0.5766D-03
  1.000  0.500
  -0.1292D-01   0.0000D+00  -0.7937D-02   0.0000D+00   0.0000D+00   0.0000D+00  -0.3344D-02   0.0000D+00  -0.1292D-01   0.0000D+00  -0.7937D-02   0.0000D+00
   0.5924D-01   0.0000D+00   0.8609D-02   0.0000D+00   0.2730D-01   0.0000D+00   0.7825D-02   0.0000D+00   0.1739D-02   0.0000D+00   0.0000D+00   0.0000D+00   0.5924D-01   0.0000D+00   0.8609D-02   0.0000D+00   0.2730D-01   0.0000D+00
   0.0000D+00   0.0000D+00   0.0000D+00   0.0000D+00   0.0000D+00   0.0000D+00   0.0000D+00   0.0000D+00
  -0.1302D-01   0.9043D-03  -0.8306D-02   0.5261D-03   0.3803D-03  -0.2894D-03  -0.3417D-02   0.2050D-03  -0.1302D-01   0.9043D-03  -0.8306D-02   0.5261D-03
   0.5264D-01  -0.2888D-02   0.7788D-02  -0.8012D-03   0.2040D-01  -0.4540D-02   0.7703D-02   0.0000D+00   0.1874D-02   0.1840D-03  -0.4297D-03   0.6021D-03   0.5264D-01  -0.2888D-02   0.7788D-02  -0.8012D-03   0.2040D-01  -0.4540D-02
  -0.3070D-03  -0.7228D-03  -0.2745D-03  -0.5705D-03  -0.3070D-03  -0.7228D-03  -0.2745D-03  -0.5705D-03
  1.000  1.000
  -0.1197D-01   0.0000D+00  -0.7353D-02   0.0000D+00   0.0000D+00   0.0000D+00  -0.3098D-02   0.0000D+00  -0.1197D-01   0.0000D+00  -0.7353D-02   0.0000D+00
   0.5924D-01   0.0000D+00   0.8609D-02   0.0000D+00   0.2730D-01   0.0000D+00   0.7825D-02   0.0000D+00   0.1739D-02   0.0000D+00   0.0000D+00   0.0000D+00   0.5924D-01   0.0000D+00   0.8609D-02   0.0000D+00   0.2730D-01   0.0000D+00
   0.0000D+00   0.0000D+00   0.0000D+00   0.0000D+00   0.0000D+00   0.0000D+00   0.0000D+00   0.0000D+00
  -0.1291D-01   0.7762D-03  -0.8193D-02   0.4516D-03   0.3265D-03  -0.2484D-03  -0.3382D-02   0.1759D-03  -0.1291D-01   0.7762D-03  -0.8193D-02   0.4516D-03
   0.5313D-01  -0.2675D-02   0.7849D-02  -0.7423D-03   0.2091D-01  -0.4206D-02   0.7712D-02   0.0000D+00   0.1864D-02   0.1704D-03  -0.3981D-03   0.5578D-03   0.5313D-01  -0.2675D-02   0.7849D-02  -0.7423D-03   0.2091D-01  -0.4206D-02
  -0.2844D-03  -0.6696D-03  -0.2543D-03  -0.5285D-03  -0.2844D-03  -0.6696D-03  -0.2543D-03  -0.5285D-03
  1.000  2.000
  -0.1115D-01   0.0000D+00  -0.6851D-02   0.0000D+00   0.0000D+00   0.0000D+00  -0.2886D-02   0.0000D+00  -0.1115D-01   0.0000D+00  -0.6851D-02   0.0000D+00
   0.5924D-01   0.0000D+00   0.8609D-02   0.0000D+00   0.2730D-01   0.0000D+00   0.7825D-02   0.0000D+00   0.1739D-02   0.0000D+00   0.0000D+00   0.0000D+00   0.5924D-01   0.0000D+00   0.8609D-02   0.0000D+00   0.2730D-01   0.0000D+00
   0.0000D+00   0.0000D+00   0.0000D+00   0.0000D+00   0.0000D+00   0.0000D+00   0.0000D+00   0.0000D+00
  -0.1271D-01   0.6737D-03  -0.8034D-02   0.3920D-03   0.2834D-03  -0.2156D-03  -0.3324D-02   0.1527D-03  -0.1271D-01   0.6737D-03  -0.8034D-02   0.3920D-03
   0.5356D-01  -0.2492D-02   0.7902D-02  -0.6916D-03   0.2135D-01  -0.3919D-02   0.7720D-02   0.0000D+00   0.1855D-02   0.1588D-03  -0.3709D-03   0.5197D-03   0.5356D-01  -0.2492D-02   0.7902D-02  -0.6916D-03   0.2135D-01  -0.3919D-02
  -0.2650D-03  -0.6239D-03  -0.2370D-03  -0.4924D-03  -0.2650D-03  -0.6239D-03  -0.2370D-03  -0.4924D-03
  2.000  0.500
  -0.1122D-01   0.0000D+00  -0.6858D-02   0.0000D+00   0.0000D+00   0.0000D+00  -0.2885D-02   0.0000D+00  -0.1122D-01   0.0000D+00  -0.6858D-02   0.0000D+00
   0.5128D-01   0.0000D+00   0.7440D-02   0.0000D+00   0.2368D-01   0.0000D+00   0.6751D-02   0.0000D+00   0.1500D-02   0.0000D+00   0.0000D+00   0.0000D+00   0.5128D-01   0.0000D+00   0.7440D-02   0.0000D+00   0.2368D-01   0.0000D+00
   0.0000D+00   0.0000D+00   0.0000D+00   0.0000D+00   0.0000D+00   0.0000D+00   0.0000D+00   0.0000D+00
  -0.1302D-01   0.7812D-03  -0.8266D-02   0.4556D-03   0.3272D-03  -0.2497D-03  -0.3411D-02   0.1775D-03  -0.1302D-01   0.7812D-03  -0.8266D-02   0.4556D-03
   0.5357D-01  -0.2506D-02   0.7904D-02  -0.6943D-03   0.2142D-01  -0.3926D-02   0.7733D-02   0.0000D+00   0.1856D-02   0.1587D-03  -0.3674D-03   0.5193D-03   0.5357D-01  -0.2506D-02   0.7904D-02  -0.6943D-03   0.2142D-01  -0.3926D-02
  -0.2664D-03  -0.6271D-03  -0.2371D-03  -0.4921D-03  -0.2664D-03  -0.6271D-03  -0.2371D-03  -0.4921D-03
  2.000  1.000
  -0.1039D-01   0.0000D+00  -0.6353D-02   0.0000D+00   0.0000D+00   0.0000D+00  -0.2673D-02   0.0000D+00  -0.1039D-01   0.0000D+00  -0.6353D-02   0.0000D+00
   0.5128D-01   0.0000D+00   0.7440D-02   0.0000D+00   0.2368D-01   0.0000D+00   0.6751D-02   0.0000D+00   0.1500D-02   0.0000D+00   0.0000D+00   0.0000D+00   0.5128D-01   0.0000D+00   0.7440D-02   0.0000D+00   0.2368D-01   0.0000D+00
   0.0000D+00   0.0000D+00   0.0000D+00   0.0000D+00   0.0000D+00   0.0000D+00   0.0000D+00   0.0000D+00
  -0.1268D-01   0.6706D-03  -0.8014D-02   0.3910D-03   0.2808D-03  -0.2144D-03  -0.3315D-02   0.1523D-03  -0.1268D-01   0.6706D-03  -0.8014D-02   0.3910D-03
   0.5341D-01  -0.2322D-02   0.7870D-02  -0.6433D-03   0.2159D-01  -0.3637D-02   0.7662D-02   0.0000D+00   0.1830D-02   0.1470D-03  -0.3404D-03   0.4812D-03   0.5341D-01  -0.2322D-02   0.7870D-02  -0.6433D-03   0.2159D-01  -0.3637D-02
  -0.2468D-03  -0.5810D-03  -0.2196D-03  -0.4560D-03  -0.2468D-03  -0.5810D-03  -0.2196D-03  -0.4560D-03
  2.000  2.000
  -0.9681D-02   0.0000D+00  -0.5919D-02   0.0000D+00   0.0000D+00   0.0000D+00  -0.2490D-02   0.0000D+00  -0.9681D-02   0.0000D+00  -0.5919D-02   0.0000D+00
   0.5128D-01   0.0000D+00   0.7440D-02   0.0000D+00   0.2368D-01   0.0000D+00   0.6751D-02   0.0000D+00   0.1500D-02   0.0000D+00   0.0000D+00   0.0000D+00   0.5128D-01   0.0000D+00   0.7440D-02   0.0000D+00   0.2368D-01   0.0000D+00
   0.0000D+00   0.0000D+00   0.0000D+00   0.0000D+00   0.0000D+00   0.0000D+00   0.0000D+00   0.0000D+00
  -0.1231D-01   0.5821D-03  -0.7753D-02   0.3394D-03   0.2438D-03  -0.1861D-03  -0.3213D-02   0.1322D-03  -0.1231D-01   0.5821D-03  -0.7753D-02   0.3394D-03
   0.5327D-01  -0.2163D-02   0.7842D-02  -0.5993D-03   0.2173D-01  -0.3389D-02   0.7600D-02   0.0000D+00   0.1807D-02   0.1370D-03  -0.3171D-03   0.4483D-03   0.5327D-01  -0.2163D-02   0.7842D-02  -0.5993D-03   0.2173D-01  -0.3389D-02
  -0.2299D-03  -0.5413D-03  -0.2046D-03  -0.4248D-03  -0.2299D-03  -0.5413D-03  -0.2046D-03  -0.4248D-03
