 LHC=           1 sqrts=   8000.0000000000000      ang=           4 mode=fital                                                                                               scalescheme=           1 R=  0.69999999999999996     
 NNPDF23_nlo_as_0118                                                                                           13
 Bin information: chid, chiu, md, mu, mu0
   0.0000000000000000       0.50000000000000000        272.00000000000000        300.00000000000000        286.00000000000000     
 9 scales(muf, mur)*(LO(38), NLO(38))
  0.500  0.500
  -0.2444D+01   0.0000D+00  -0.2805D+01   0.0000D+00   0.0000D+00   0.0000D+00  -0.2693D+01   0.0000D+00  -0.2444D+01   0.0000D+00  -0.2805D+01   0.0000D+00
   0.6038D+00   0.0000D+00   0.1070D+00   0.0000D+00   0.1614D+00   0.0000D+00   0.2261D+00   0.0000D+00   0.5025D-01   0.0000D+00   0.0000D+00   0.0000D+00   0.6038D+00   0.0000D+00   0.1070D+00   0.0000D+00   0.1614D+00   0.0000D+00
   0.0000D+00   0.0000D+00   0.0000D+00   0.0000D+00   0.0000D+00   0.0000D+00   0.0000D+00   0.0000D+00
  -0.1753D+01   0.4251D+00  -0.2376D+01   0.2594D+00   0.2367D+00  -0.2846D+00  -0.2469D+01  -0.7681D-02  -0.1753D+01   0.4251D+00  -0.2376D+01   0.2594D+00
   0.6341D+00  -0.2083D-01   0.1143D+00  -0.7910D-02   0.1114D+00  -0.5844D-01   0.2387D+00   0.0000D+00   0.5983D-01   0.6486D-02  -0.1830D-02   0.2123D-01   0.6341D+00  -0.2083D-01   0.1143D+00  -0.7910D-02   0.1114D+00  -0.5844D-01
  -0.1454D-02  -0.7051D-02  -0.4319D-02  -0.1184D-01  -0.1454D-02  -0.7051D-02  -0.4319D-02  -0.1184D-01
  0.500  1.000
  -0.2240D+01   0.0000D+00  -0.2571D+01   0.0000D+00   0.0000D+00   0.0000D+00  -0.2469D+01   0.0000D+00  -0.2240D+01   0.0000D+00  -0.2571D+01   0.0000D+00
   0.6038D+00   0.0000D+00   0.1070D+00   0.0000D+00   0.1614D+00   0.0000D+00   0.2261D+00   0.0000D+00   0.5025D-01   0.0000D+00   0.0000D+00   0.0000D+00   0.6038D+00   0.0000D+00   0.1070D+00   0.0000D+00   0.1614D+00   0.0000D+00
   0.0000D+00   0.0000D+00   0.0000D+00   0.0000D+00   0.0000D+00   0.0000D+00   0.0000D+00   0.0000D+00
  -0.1853D+01   0.3573D+00  -0.2433D+01   0.2180D+00   0.1988D+00  -0.2392D+00  -0.2494D+01  -0.6454D-02  -0.1853D+01   0.3573D+00  -0.2433D+01   0.2180D+00
   0.6322D+00  -0.1910D-01   0.1138D+00  -0.7252D-02   0.1158D+00  -0.5358D-01   0.2378D+00   0.0000D+00   0.5908D-01   0.5946D-02  -0.1674D-02   0.1946D-01   0.6322D+00  -0.1910D-01   0.1138D+00  -0.7252D-02   0.1158D+00  -0.5358D-01
  -0.1333D-02  -0.6464D-02  -0.3960D-02  -0.1085D-01  -0.1333D-02  -0.6464D-02  -0.3960D-02  -0.1085D-01
  0.500  2.000
  -0.2073D+01   0.0000D+00  -0.2380D+01   0.0000D+00   0.0000D+00   0.0000D+00  -0.2285D+01   0.0000D+00  -0.2073D+01   0.0000D+00  -0.2380D+01   0.0000D+00
   0.6038D+00   0.0000D+00   0.1070D+00   0.0000D+00   0.1614D+00   0.0000D+00   0.2261D+00   0.0000D+00   0.5025D-01   0.0000D+00   0.0000D+00   0.0000D+00   0.6038D+00   0.0000D+00   0.1070D+00   0.0000D+00   0.1614D+00   0.0000D+00
   0.0000D+00   0.0000D+00   0.0000D+00   0.0000D+00   0.0000D+00   0.0000D+00   0.0000D+00   0.0000D+00
  -0.1907D+01   0.3060D+00  -0.2451D+01   0.1867D+00   0.1703D+00  -0.2048D+00  -0.2489D+01  -0.5527D-02  -0.1907D+01   0.3060D+00  -0.2451D+01   0.1867D+00
   0.6304D+00  -0.1767D-01   0.1134D+00  -0.6711D-02   0.1193D+00  -0.4958D-01   0.2370D+00   0.0000D+00   0.5844D-01   0.5503D-02  -0.1547D-02   0.1801D-01   0.6304D+00  -0.1767D-01   0.1134D+00  -0.6711D-02   0.1193D+00  -0.4958D-01
  -0.1233D-02  -0.5982D-02  -0.3665D-02  -0.1004D-01  -0.1233D-02  -0.5982D-02  -0.3665D-02  -0.1004D-01
  1.000  0.500
  -0.2341D+01   0.0000D+00  -0.2741D+01   0.0000D+00   0.0000D+00   0.0000D+00  -0.2612D+01   0.0000D+00  -0.2341D+01   0.0000D+00  -0.2741D+01   0.0000D+00
   0.5834D+00   0.0000D+00   0.1035D+00   0.0000D+00   0.1547D+00   0.0000D+00   0.2198D+00   0.0000D+00   0.4884D-01   0.0000D+00   0.0000D+00   0.0000D+00   0.5834D+00   0.0000D+00   0.1035D+00   0.0000D+00   0.1547D+00   0.0000D+00
   0.0000D+00   0.0000D+00   0.0000D+00   0.0000D+00   0.0000D+00   0.0000D+00   0.0000D+00   0.0000D+00
  -0.1779D+01   0.4143D+00  -0.2402D+01   0.2507D+00   0.2293D+00  -0.2757D+00  -0.2497D+01  -0.7034D-02  -0.1779D+01   0.4143D+00  -0.2402D+01   0.2507D+00
   0.6184D+00  -0.1993D-01   0.1113D+00  -0.7678D-02   0.1098D+00  -0.5718D-01   0.2359D+00   0.0000D+00   0.5894D-01   0.6303D-02  -0.1533D-02   0.2063D-01   0.6184D+00  -0.1993D-01   0.1113D+00  -0.7678D-02   0.1098D+00  -0.5718D-01
  -0.1407D-02  -0.6911D-02  -0.4209D-02  -0.1145D-01  -0.1407D-02  -0.6911D-02  -0.4209D-02  -0.1145D-01
  1.000  1.000
  -0.2146D+01   0.0000D+00  -0.2512D+01   0.0000D+00   0.0000D+00   0.0000D+00  -0.2394D+01   0.0000D+00  -0.2146D+01   0.0000D+00  -0.2512D+01   0.0000D+00
   0.5834D+00   0.0000D+00   0.1035D+00   0.0000D+00   0.1547D+00   0.0000D+00   0.2198D+00   0.0000D+00   0.4884D-01   0.0000D+00   0.0000D+00   0.0000D+00   0.5834D+00   0.0000D+00   0.1035D+00   0.0000D+00   0.1547D+00   0.0000D+00
   0.0000D+00   0.0000D+00   0.0000D+00   0.0000D+00   0.0000D+00   0.0000D+00   0.0000D+00   0.0000D+00
  -0.1859D+01   0.3482D+00  -0.2445D+01   0.2107D+00   0.1926D+00  -0.2317D+00  -0.2504D+01  -0.5910D-02  -0.1859D+01   0.3482D+00  -0.2445D+01   0.2107D+00
   0.6161D+00  -0.1827D-01   0.1107D+00  -0.7039D-02   0.1137D+00  -0.5242D-01   0.2347D+00   0.0000D+00   0.5815D-01   0.5779D-02  -0.1402D-02   0.1891D-01   0.6161D+00  -0.1827D-01   0.1107D+00  -0.7039D-02   0.1137D+00  -0.5242D-01
  -0.1289D-02  -0.6336D-02  -0.3859D-02  -0.1050D-01  -0.1289D-02  -0.6336D-02  -0.3859D-02  -0.1050D-01
  1.000  2.000
  -0.1986D+01   0.0000D+00  -0.2325D+01   0.0000D+00   0.0000D+00   0.0000D+00  -0.2216D+01   0.0000D+00  -0.1986D+01   0.0000D+00  -0.2325D+01   0.0000D+00
   0.5834D+00   0.0000D+00   0.1035D+00   0.0000D+00   0.1547D+00   0.0000D+00   0.2198D+00   0.0000D+00   0.4884D-01   0.0000D+00   0.0000D+00   0.0000D+00   0.5834D+00   0.0000D+00   0.1035D+00   0.0000D+00   0.1547D+00   0.0000D+00
   0.0000D+00   0.0000D+00   0.0000D+00   0.0000D+00   0.0000D+00   0.0000D+00   0.0000D+00   0.0000D+00
  -0.1899D+01   0.2982D+00  -0.2452D+01   0.1804D+00   0.1650D+00  -0.1984D+00  -0.2487D+01  -0.5061D-02  -0.1899D+01   0.2982D+00  -0.2452D+01   0.1804D+00
   0.6140D+00  -0.1691D-01   0.1102D+00  -0.6514D-02   0.1169D+00  -0.4851D-01   0.2337D+00   0.0000D+00   0.5747D-01   0.5348D-02  -0.1295D-02   0.1750D-01   0.6140D+00  -0.1691D-01   0.1102D+00  -0.6514D-02   0.1169D+00  -0.4851D-01
  -0.1193D-02  -0.5864D-02  -0.3571D-02  -0.9715D-02  -0.1193D-02  -0.5864D-02  -0.3571D-02  -0.9715D-02
  2.000  0.500
  -0.2246D+01   0.0000D+00  -0.2654D+01   0.0000D+00   0.0000D+00   0.0000D+00  -0.2528D+01   0.0000D+00  -0.2246D+01   0.0000D+00  -0.2654D+01   0.0000D+00
   0.5630D+00   0.0000D+00   0.1000D+00   0.0000D+00   0.1488D+00   0.0000D+00   0.2114D+00   0.0000D+00   0.4699D-01   0.0000D+00   0.0000D+00   0.0000D+00   0.5630D+00   0.0000D+00   0.1000D+00   0.0000D+00   0.1488D+00   0.0000D+00
   0.0000D+00   0.0000D+00   0.0000D+00   0.0000D+00   0.0000D+00   0.0000D+00   0.0000D+00   0.0000D+00
  -0.1799D+01   0.4021D+00  -0.2438D+01   0.2436D+00   0.2215D+00  -0.2670D+00  -0.2515D+01  -0.6581D-02  -0.1799D+01   0.4021D+00  -0.2438D+01   0.2436D+00
   0.6157D+00  -0.1921D-01   0.1106D+00  -0.7413D-02   0.1111D+00  -0.5492D-01   0.2332D+00   0.0000D+00   0.5815D-01   0.6063D-02  -0.1374D-02   0.1984D-01   0.6157D+00  -0.1921D-01   0.1106D+00  -0.7413D-02   0.1111D+00  -0.5492D-01
  -0.1364D-02  -0.6658D-02  -0.4093D-02  -0.1108D-01  -0.1364D-02  -0.6658D-02  -0.4093D-02  -0.1108D-01
  2.000  1.000
  -0.2059D+01   0.0000D+00  -0.2433D+01   0.0000D+00   0.0000D+00   0.0000D+00  -0.2318D+01   0.0000D+00  -0.2059D+01   0.0000D+00  -0.2433D+01   0.0000D+00
   0.5630D+00   0.0000D+00   0.1000D+00   0.0000D+00   0.1488D+00   0.0000D+00   0.2114D+00   0.0000D+00   0.4699D-01   0.0000D+00   0.0000D+00   0.0000D+00   0.5630D+00   0.0000D+00   0.1000D+00   0.0000D+00   0.1488D+00   0.0000D+00
   0.0000D+00   0.0000D+00   0.0000D+00   0.0000D+00   0.0000D+00   0.0000D+00   0.0000D+00   0.0000D+00
  -0.1860D+01   0.3380D+00  -0.2460D+01   0.2047D+00   0.1861D+00  -0.2244D+00  -0.2506D+01  -0.5530D-02  -0.1860D+01   0.3380D+00  -0.2460D+01   0.2047D+00
   0.6100D+00  -0.1761D-01   0.1096D+00  -0.6796D-02   0.1138D+00  -0.5035D-01   0.2313D+00   0.0000D+00   0.5717D-01   0.5558D-02  -0.1252D-02   0.1819D-01   0.6100D+00  -0.1761D-01   0.1096D+00  -0.6796D-02   0.1138D+00  -0.5035D-01
  -0.1251D-02  -0.6104D-02  -0.3752D-02  -0.1015D-01  -0.1251D-02  -0.6104D-02  -0.3752D-02  -0.1015D-01
  2.000  2.000
  -0.1906D+01   0.0000D+00  -0.2251D+01   0.0000D+00   0.0000D+00   0.0000D+00  -0.2145D+01   0.0000D+00  -0.1906D+01   0.0000D+00  -0.2251D+01   0.0000D+00
   0.5630D+00   0.0000D+00   0.1000D+00   0.0000D+00   0.1488D+00   0.0000D+00   0.2114D+00   0.0000D+00   0.4699D-01   0.0000D+00   0.0000D+00   0.0000D+00   0.5630D+00   0.0000D+00   0.1000D+00   0.0000D+00   0.1488D+00   0.0000D+00
   0.0000D+00   0.0000D+00   0.0000D+00   0.0000D+00   0.0000D+00   0.0000D+00   0.0000D+00   0.0000D+00
  -0.1887D+01   0.2895D+00  -0.2454D+01   0.1753D+00   0.1593D+00  -0.1922D+00  -0.2477D+01  -0.4736D-02  -0.1887D+01   0.2895D+00  -0.2454D+01   0.1753D+00
   0.6070D+00  -0.1630D-01   0.1089D+00  -0.6290D-02   0.1165D+00  -0.4660D-01   0.2299D+00   0.0000D+00   0.5644D-01   0.5144D-02  -0.1157D-02   0.1683D-01   0.6070D+00  -0.1630D-01   0.1089D+00  -0.6290D-02   0.1165D+00  -0.4660D-01
  -0.1157D-02  -0.5649D-02  -0.3472D-02  -0.9397D-02  -0.1157D-02  -0.5649D-02  -0.3472D-02  -0.9397D-02
