 LHC=           1 sqrts=   8000.0000000000000      ang=           4 mode=fital                                                                                               scalescheme=           1 R=  0.69999999999999996     
 CT10nlo_rand5678                                                                                             420
 Bin information: chid, chiu, md, mu, mu0
   0.0000000000000000       0.50000000000000000        395.00000000000000        430.00000000000000        412.50000000000000     
 9 scales(muf, mur)*(LO(38), NLO(38))
  0.500  0.500
  -0.1234D+01   0.0000D+00  -0.1332D+01   0.0000D+00   0.0000D+00   0.0000D+00  -0.1162D+01   0.0000D+00  -0.1234D+01   0.0000D+00  -0.1332D+01   0.0000D+00
   0.6109D+00   0.0000D+00   0.1065D+00   0.0000D+00   0.1760D+00   0.0000D+00   0.2082D+00   0.0000D+00   0.4628D-01   0.0000D+00   0.0000D+00   0.0000D+00   0.6109D+00   0.0000D+00   0.1065D+00   0.0000D+00   0.1760D+00   0.0000D+00
   0.0000D+00   0.0000D+00   0.0000D+00   0.0000D+00   0.0000D+00   0.0000D+00   0.0000D+00   0.0000D+00
  -0.9018D+00   0.1897D+00  -0.1145D+01   0.1129D+00   0.1106D+00  -0.1167D+00  -0.1080D+01   0.3074D-02  -0.9018D+00   0.1897D+00  -0.1145D+01   0.1129D+00
   0.5655D+00  -0.2159D-01   0.1014D+00  -0.7857D-02   0.1049D+00  -0.5650D-01   0.2015D+00   0.0000D+00   0.5076D-01   0.5678D-02  -0.1723D-02   0.1858D-01   0.5655D+00  -0.2159D-01   0.1014D+00  -0.7857D-02   0.1049D+00  -0.5650D-01
  -0.1729D-02  -0.6943D-02  -0.4277D-02  -0.1078D-01  -0.1729D-02  -0.6943D-02  -0.4277D-02  -0.1078D-01
  0.500  1.000
  -0.1130D+01   0.0000D+00  -0.1219D+01   0.0000D+00   0.0000D+00   0.0000D+00  -0.1063D+01   0.0000D+00  -0.1130D+01   0.0000D+00  -0.1219D+01   0.0000D+00
   0.6109D+00   0.0000D+00   0.1065D+00   0.0000D+00   0.1760D+00   0.0000D+00   0.2082D+00   0.0000D+00   0.4628D-01   0.0000D+00   0.0000D+00   0.0000D+00   0.6109D+00   0.0000D+00   0.1065D+00   0.0000D+00   0.1760D+00   0.0000D+00
   0.0000D+00   0.0000D+00   0.0000D+00   0.0000D+00   0.0000D+00   0.0000D+00   0.0000D+00   0.0000D+00
  -0.9436D+00   0.1589D+00  -0.1162D+01   0.9460D-01   0.9268D-01  -0.9775D-01  -0.1082D+01   0.2576D-02  -0.9436D+00   0.1589D+00  -0.1162D+01   0.9460D-01
   0.5696D+00  -0.1976D-01   0.1019D+00  -0.7191D-02   0.1110D+00  -0.5172D-01   0.2021D+00   0.0000D+00   0.5040D-01   0.5197D-02  -0.1576D-02   0.1701D-01   0.5696D+00  -0.1976D-01   0.1019D+00  -0.7191D-02   0.1110D+00  -0.5172D-01
  -0.1582D-02  -0.6355D-02  -0.3914D-02  -0.9866D-02  -0.1582D-02  -0.6355D-02  -0.3914D-02  -0.9866D-02
  0.500  2.000
  -0.1042D+01   0.0000D+00  -0.1124D+01   0.0000D+00   0.0000D+00   0.0000D+00  -0.9807D+00   0.0000D+00  -0.1042D+01   0.0000D+00  -0.1124D+01   0.0000D+00
   0.6109D+00   0.0000D+00   0.1065D+00   0.0000D+00   0.1760D+00   0.0000D+00   0.2082D+00   0.0000D+00   0.4628D-01   0.0000D+00   0.0000D+00   0.0000D+00   0.6109D+00   0.0000D+00   0.1065D+00   0.0000D+00   0.1760D+00   0.0000D+00
   0.0000D+00   0.0000D+00   0.0000D+00   0.0000D+00   0.0000D+00   0.0000D+00   0.0000D+00   0.0000D+00
  -0.9620D+00   0.1351D+00  -0.1161D+01   0.8044D-01   0.7881D-01  -0.8313D-01  -0.1070D+01   0.2190D-02  -0.9620D+00   0.1351D+00  -0.1161D+01   0.8044D-01
   0.5731D+00  -0.1822D-01   0.1023D+00  -0.6632D-02   0.1161D+00  -0.4769D-01   0.2027D+00   0.0000D+00   0.5009D-01   0.4793D-02  -0.1452D-02   0.1569D-01   0.5731D+00  -0.1822D-01   0.1023D+00  -0.6632D-02   0.1161D+00  -0.4769D-01
  -0.1459D-02  -0.5860D-02  -0.3610D-02  -0.9098D-02  -0.1459D-02  -0.5860D-02  -0.3610D-02  -0.9098D-02
  1.000  0.500
  -0.1168D+01   0.0000D+00  -0.1264D+01   0.0000D+00   0.0000D+00   0.0000D+00  -0.1101D+01   0.0000D+00  -0.1168D+01   0.0000D+00  -0.1264D+01   0.0000D+00
   0.5770D+00   0.0000D+00   0.1004D+00   0.0000D+00   0.1661D+00   0.0000D+00   0.1972D+00   0.0000D+00   0.4382D-01   0.0000D+00   0.0000D+00   0.0000D+00   0.5770D+00   0.0000D+00   0.1004D+00   0.0000D+00   0.1661D+00   0.0000D+00
   0.0000D+00   0.0000D+00   0.0000D+00   0.0000D+00   0.0000D+00   0.0000D+00   0.0000D+00   0.0000D+00
  -0.9232D+00   0.1798D+00  -0.1151D+01   0.1068D+00   0.1047D+00  -0.1105D+00  -0.1085D+01   0.3049D-02  -0.9232D+00   0.1798D+00  -0.1151D+01   0.1068D+00
   0.5609D+00  -0.2037D-01   0.1004D+00  -0.7432D-02   0.1063D+00  -0.5367D-01   0.2003D+00   0.0000D+00   0.5003D-01   0.5375D-02  -0.1915D-02   0.1759D-01   0.5609D+00  -0.2037D-01   0.1004D+00  -0.7432D-02   0.1063D+00  -0.5367D-01
  -0.1642D-02  -0.6688D-02  -0.4063D-02  -0.1018D-01  -0.1642D-02  -0.6688D-02  -0.4063D-02  -0.1018D-01
  1.000  1.000
  -0.1069D+01   0.0000D+00  -0.1157D+01   0.0000D+00   0.0000D+00   0.0000D+00  -0.1007D+01   0.0000D+00  -0.1069D+01   0.0000D+00  -0.1157D+01   0.0000D+00
   0.5770D+00   0.0000D+00   0.1004D+00   0.0000D+00   0.1661D+00   0.0000D+00   0.1972D+00   0.0000D+00   0.4382D-01   0.0000D+00   0.0000D+00   0.0000D+00   0.5770D+00   0.0000D+00   0.1004D+00   0.0000D+00   0.1661D+00   0.0000D+00
   0.0000D+00   0.0000D+00   0.0000D+00   0.0000D+00   0.0000D+00   0.0000D+00   0.0000D+00   0.0000D+00
  -0.9515D+00   0.1506D+00  -0.1157D+01   0.8949D-01   0.8771D-01  -0.9259D-01  -0.1076D+01   0.2555D-02  -0.9515D+00   0.1506D+00  -0.1157D+01   0.8949D-01
   0.5625D+00  -0.1864D-01   0.1005D+00  -0.6802D-02   0.1115D+00  -0.4912D-01   0.2001D+00   0.0000D+00   0.4952D-01   0.4920D-02  -0.1752D-02   0.1610D-01   0.5625D+00  -0.1864D-01   0.1005D+00  -0.6802D-02   0.1115D+00  -0.4912D-01
  -0.1503D-02  -0.6121D-02  -0.3719D-02  -0.9322D-02  -0.1503D-02  -0.6121D-02  -0.3719D-02  -0.9322D-02
  1.000  2.000
  -0.9861D+00   0.0000D+00  -0.1067D+01   0.0000D+00   0.0000D+00   0.0000D+00  -0.9289D+00   0.0000D+00  -0.9861D+00   0.0000D+00  -0.1067D+01   0.0000D+00
   0.5770D+00   0.0000D+00   0.1004D+00   0.0000D+00   0.1661D+00   0.0000D+00   0.1972D+00   0.0000D+00   0.4382D-01   0.0000D+00   0.0000D+00   0.0000D+00   0.5770D+00   0.0000D+00   0.1004D+00   0.0000D+00   0.1661D+00   0.0000D+00
   0.0000D+00   0.0000D+00   0.0000D+00   0.0000D+00   0.0000D+00   0.0000D+00   0.0000D+00   0.0000D+00
  -0.9602D+00   0.1281D+00  -0.1147D+01   0.7610D-01   0.7458D-01  -0.7874D-01  -0.1058D+01   0.2173D-02  -0.9602D+00   0.1281D+00  -0.1147D+01   0.7610D-01
   0.5638D+00  -0.1719D-01   0.1005D+00  -0.6273D-02   0.1158D+00  -0.4530D-01   0.1999D+00   0.0000D+00   0.4909D-01   0.4537D-02  -0.1614D-02   0.1485D-01   0.5638D+00  -0.1719D-01   0.1005D+00  -0.6273D-02   0.1158D+00  -0.4530D-01
  -0.1386D-02  -0.5645D-02  -0.3430D-02  -0.8596D-02  -0.1386D-02  -0.5645D-02  -0.3430D-02  -0.8596D-02
  2.000  0.500
  -0.1108D+01   0.0000D+00  -0.1202D+01   0.0000D+00   0.0000D+00   0.0000D+00  -0.1045D+01   0.0000D+00  -0.1108D+01   0.0000D+00  -0.1202D+01   0.0000D+00
   0.5468D+00   0.0000D+00   0.9548D-01   0.0000D+00   0.1571D+00   0.0000D+00   0.1862D+00   0.0000D+00   0.4138D-01   0.0000D+00   0.0000D+00   0.0000D+00   0.5468D+00   0.0000D+00   0.9548D-01   0.0000D+00   0.1571D+00   0.0000D+00
   0.0000D+00   0.0000D+00   0.0000D+00   0.0000D+00   0.0000D+00   0.0000D+00   0.0000D+00   0.0000D+00
  -0.9406D+00   0.1706D+00  -0.1168D+01   0.1013D+00   0.9980D-01  -0.1049D+00  -0.1099D+01   0.2986D-02  -0.9406D+00   0.1706D+00  -0.1168D+01   0.1013D+00
   0.5611D+00  -0.1928D-01   0.1003D+00  -0.7028D-02   0.1084D+00  -0.5045D-01   0.2001D+00   0.0000D+00   0.4968D-01   0.5077D-02  -0.1628D-02   0.1662D-01   0.5611D+00  -0.1928D-01   0.1003D+00  -0.7028D-02   0.1084D+00  -0.5045D-01
  -0.1560D-02  -0.6331D-02  -0.3870D-02  -0.9642D-02  -0.1560D-02  -0.6331D-02  -0.3870D-02  -0.9642D-02
  2.000  1.000
  -0.1014D+01   0.0000D+00  -0.1101D+01   0.0000D+00   0.0000D+00   0.0000D+00  -0.9564D+00   0.0000D+00  -0.1014D+01   0.0000D+00  -0.1101D+01   0.0000D+00
   0.5468D+00   0.0000D+00   0.9548D-01   0.0000D+00   0.1571D+00   0.0000D+00   0.1862D+00   0.0000D+00   0.4138D-01   0.0000D+00   0.0000D+00   0.0000D+00   0.5468D+00   0.0000D+00   0.9548D-01   0.0000D+00   0.1571D+00   0.0000D+00
   0.0000D+00   0.0000D+00   0.0000D+00   0.0000D+00   0.0000D+00   0.0000D+00   0.0000D+00   0.0000D+00
  -0.9568D+00   0.1429D+00  -0.1162D+01   0.8486D-01   0.8360D-01  -0.8789D-01  -0.1080D+01   0.2502D-02  -0.9568D+00   0.1429D+00  -0.1162D+01   0.8486D-01
   0.5601D+00  -0.1764D-01   0.9995D-01  -0.6433D-02   0.1126D+00  -0.4618D-01   0.1990D+00   0.0000D+00   0.4899D-01   0.4647D-02  -0.1489D-02   0.1521D-01   0.5601D+00  -0.1764D-01   0.9995D-01  -0.6433D-02   0.1126D+00  -0.4618D-01
  -0.1427D-02  -0.5795D-02  -0.3542D-02  -0.8826D-02  -0.1427D-02  -0.5795D-02  -0.3542D-02  -0.8826D-02
  2.000  2.000
  -0.9354D+00   0.0000D+00  -0.1015D+01   0.0000D+00   0.0000D+00   0.0000D+00  -0.8820D+00   0.0000D+00  -0.9354D+00   0.0000D+00  -0.1015D+01   0.0000D+00
   0.5468D+00   0.0000D+00   0.9548D-01   0.0000D+00   0.1571D+00   0.0000D+00   0.1862D+00   0.0000D+00   0.4138D-01   0.0000D+00   0.0000D+00   0.0000D+00   0.5468D+00   0.0000D+00   0.9548D-01   0.0000D+00   0.1571D+00   0.0000D+00
   0.0000D+00   0.0000D+00   0.0000D+00   0.0000D+00   0.0000D+00   0.0000D+00   0.0000D+00   0.0000D+00
  -0.9569D+00   0.1215D+00  -0.1144D+01   0.7216D-01   0.7109D-01  -0.7474D-01  -0.1053D+01   0.2128D-02  -0.9569D+00   0.1215D+00  -0.1144D+01   0.7216D-01
   0.5593D+00  -0.1627D-01   0.9963D-01  -0.5932D-02   0.1161D+00  -0.4259D-01   0.1981D+00   0.0000D+00   0.4841D-01   0.4285D-02  -0.1373D-02   0.1402D-01   0.5593D+00  -0.1627D-01   0.9963D-01  -0.5932D-02   0.1161D+00  -0.4259D-01
  -0.1316D-02  -0.5344D-02  -0.3266D-02  -0.8139D-02  -0.1316D-02  -0.5344D-02  -0.3266D-02  -0.8139D-02
