 LHC=           1 sqrts=   8000.0000000000000      ang=           4 mode=fital                                                                                               scalescheme=           1 R=  0.69999999999999996     
 CT10nlo_rand5678                                                                                              24
 Bin information: chid, chiu, md, mu, mu0
   0.0000000000000000       0.50000000000000000        967.00000000000000        1032.0000000000000        999.50000000000000     
 9 scales(muf, mur)*(LO(38), NLO(38))
  0.500  0.500
  -0.1451D+00   0.0000D+00  -0.1071D+00   0.0000D+00   0.0000D+00   0.0000D+00  -0.6065D-01   0.0000D+00  -0.1451D+00   0.0000D+00  -0.1071D+00   0.0000D+00
   0.3235D+00   0.0000D+00   0.5070D-01   0.0000D+00   0.1271D+00   0.0000D+00   0.6523D-01   0.0000D+00   0.1450D-01   0.0000D+00   0.0000D+00   0.0000D+00   0.3235D+00   0.0000D+00   0.5070D-01   0.0000D+00   0.1271D+00   0.0000D+00
   0.0000D+00   0.0000D+00   0.0000D+00   0.0000D+00   0.0000D+00   0.0000D+00   0.0000D+00   0.0000D+00
  -0.1164D+00   0.1299D-01  -0.9357D-01   0.7490D-02   0.7385D-02  -0.5447D-02  -0.5411D-01   0.2025D-02  -0.1164D+00   0.1299D-01  -0.9357D-01   0.7490D-02
   0.2463D+00  -0.1395D-01   0.3992D-01  -0.4215D-02   0.7049D-01  -0.2613D-01   0.5547D-01   0.0000D+00   0.1384D-01   0.1589D-02  -0.2191D-02   0.5201D-02   0.2463D+00  -0.1395D-01   0.3992D-01  -0.4215D-02   0.7049D-01  -0.2613D-01
  -0.1397D-02  -0.3751D-02  -0.1759D-02  -0.3884D-02  -0.1397D-02  -0.3751D-02  -0.1759D-02  -0.3884D-02
  0.500  1.000
  -0.1340D+00   0.0000D+00  -0.9894D-01   0.0000D+00   0.0000D+00   0.0000D+00  -0.5604D-01   0.0000D+00  -0.1340D+00   0.0000D+00  -0.9894D-01   0.0000D+00
   0.3235D+00   0.0000D+00   0.5070D-01   0.0000D+00   0.1271D+00   0.0000D+00   0.6523D-01   0.0000D+00   0.1450D-01   0.0000D+00   0.0000D+00   0.0000D+00   0.3235D+00   0.0000D+00   0.5070D-01   0.0000D+00   0.1271D+00   0.0000D+00
   0.0000D+00   0.0000D+00   0.0000D+00   0.0000D+00   0.0000D+00   0.0000D+00   0.0000D+00   0.0000D+00
  -0.1194D+00   0.1108D-01  -0.9469D-01   0.6393D-02   0.6304D-02  -0.4649D-02  -0.5458D-01   0.1729D-02  -0.1194D+00   0.1108D-01  -0.9469D-01   0.6393D-02
   0.2522D+00  -0.1288D-01   0.4075D-01  -0.3894D-02   0.7482D-01  -0.2414D-01   0.5622D-01   0.0000D+00   0.1389D-01   0.1468D-02  -0.2024D-02   0.4805D-02   0.2522D+00  -0.1288D-01   0.4075D-01  -0.3894D-02   0.7482D-01  -0.2414D-01
  -0.1291D-02  -0.3465D-02  -0.1625D-02  -0.3589D-02  -0.1291D-02  -0.3465D-02  -0.1625D-02  -0.3589D-02
  0.500  2.000
  -0.1246D+00   0.0000D+00  -0.9196D-01   0.0000D+00   0.0000D+00   0.0000D+00  -0.5208D-01   0.0000D+00  -0.1246D+00   0.0000D+00  -0.9196D-01   0.0000D+00
   0.3235D+00   0.0000D+00   0.5070D-01   0.0000D+00   0.1271D+00   0.0000D+00   0.6523D-01   0.0000D+00   0.1450D-01   0.0000D+00   0.0000D+00   0.0000D+00   0.3235D+00   0.0000D+00   0.5070D-01   0.0000D+00   0.1271D+00   0.0000D+00
   0.0000D+00   0.0000D+00   0.0000D+00   0.0000D+00   0.0000D+00   0.0000D+00   0.0000D+00   0.0000D+00
  -0.1205D+00   0.9575D-02  -0.9458D-01   0.5523D-02   0.5445D-02  -0.4016D-02  -0.5438D-01   0.1493D-02  -0.1205D+00   0.9575D-02  -0.9458D-01   0.5523D-02
   0.2573D+00  -0.1197D-01   0.4146D-01  -0.3619D-02   0.7853D-01  -0.2244D-01   0.5686D-01   0.0000D+00   0.1393D-01   0.1365D-02  -0.1881D-02   0.4466D-02   0.2573D+00  -0.1197D-01   0.4146D-01  -0.3619D-02   0.7853D-01  -0.2244D-01
  -0.1199D-02  -0.3221D-02  -0.1510D-02  -0.3335D-02  -0.1199D-02  -0.3221D-02  -0.1510D-02  -0.3335D-02
  1.000  0.500
  -0.1299D+00   0.0000D+00  -0.9584D-01   0.0000D+00   0.0000D+00   0.0000D+00  -0.5424D-01   0.0000D+00  -0.1299D+00   0.0000D+00  -0.9584D-01   0.0000D+00
   0.2895D+00   0.0000D+00   0.4539D-01   0.0000D+00   0.1137D+00   0.0000D+00   0.5822D-01   0.0000D+00   0.1294D-01   0.0000D+00   0.0000D+00   0.0000D+00   0.2895D+00   0.0000D+00   0.4539D-01   0.0000D+00   0.1137D+00   0.0000D+00
   0.0000D+00   0.0000D+00   0.0000D+00   0.0000D+00   0.0000D+00   0.0000D+00   0.0000D+00   0.0000D+00
  -0.1183D+00   0.1162D-01  -0.9424D-01   0.6687D-02   0.6535D-02  -0.4870D-02  -0.5421D-01   0.1817D-02  -0.1183D+00   0.1162D-01  -0.9424D-01   0.6687D-02
   0.2523D+00  -0.1251D-01   0.4074D-01  -0.3786D-02   0.7564D-01  -0.2340D-01   0.5601D-01   0.0000D+00   0.1377D-01   0.1420D-02  -0.1946D-02   0.4647D-02   0.2523D+00  -0.1251D-01   0.4074D-01  -0.3786D-02   0.7564D-01  -0.2340D-01
  -0.1253D-02  -0.3353D-02  -0.1574D-02  -0.3466D-02  -0.1253D-02  -0.3353D-02  -0.1574D-02  -0.3466D-02
  1.000  1.000
  -0.1200D+00   0.0000D+00  -0.8855D-01   0.0000D+00   0.0000D+00   0.0000D+00  -0.5011D-01   0.0000D+00  -0.1200D+00   0.0000D+00  -0.8855D-01   0.0000D+00
   0.2895D+00   0.0000D+00   0.4539D-01   0.0000D+00   0.1137D+00   0.0000D+00   0.5822D-01   0.0000D+00   0.1294D-01   0.0000D+00   0.0000D+00   0.0000D+00   0.2895D+00   0.0000D+00   0.4539D-01   0.0000D+00   0.1137D+00   0.0000D+00
   0.0000D+00   0.0000D+00   0.0000D+00   0.0000D+00   0.0000D+00   0.0000D+00   0.0000D+00   0.0000D+00
  -0.1190D+00   0.9921D-02  -0.9370D-01   0.5708D-02   0.5578D-02  -0.4156D-02  -0.5378D-01   0.1551D-02  -0.1190D+00   0.9921D-02  -0.9370D-01   0.5708D-02
   0.2551D+00  -0.1156D-01   0.4110D-01  -0.3497D-02   0.7855D-01  -0.2162D-01   0.5619D-01   0.0000D+00   0.1371D-01   0.1312D-02  -0.1798D-02   0.4293D-02   0.2551D+00  -0.1156D-01   0.4110D-01  -0.3497D-02   0.7855D-01  -0.2162D-01
  -0.1158D-02  -0.3098D-02  -0.1454D-02  -0.3202D-02  -0.1158D-02  -0.3098D-02  -0.1454D-02  -0.3202D-02
  1.000  2.000
  -0.1115D+00   0.0000D+00  -0.8230D-01   0.0000D+00   0.0000D+00   0.0000D+00  -0.4657D-01   0.0000D+00  -0.1115D+00   0.0000D+00  -0.8230D-01   0.0000D+00
   0.2895D+00   0.0000D+00   0.4539D-01   0.0000D+00   0.1137D+00   0.0000D+00   0.5822D-01   0.0000D+00   0.1294D-01   0.0000D+00   0.0000D+00   0.0000D+00   0.2895D+00   0.0000D+00   0.4539D-01   0.0000D+00   0.1137D+00   0.0000D+00
   0.0000D+00   0.0000D+00   0.0000D+00   0.0000D+00   0.0000D+00   0.0000D+00   0.0000D+00   0.0000D+00
  -0.1183D+00   0.8570D-02  -0.9238D-01   0.4930D-02   0.4819D-02  -0.3590D-02  -0.5293D-01   0.1340D-02  -0.1183D+00   0.8570D-02  -0.9238D-01   0.4930D-02
   0.2576D+00  -0.1074D-01   0.4141D-01  -0.3251D-02   0.8105D-01  -0.2009D-01   0.5634D-01   0.0000D+00   0.1365D-01   0.1219D-02  -0.1671D-02   0.3990D-02   0.2576D+00  -0.1074D-01   0.4141D-01  -0.3251D-02   0.8105D-01  -0.2009D-01
  -0.1076D-02  -0.2879D-02  -0.1351D-02  -0.2976D-02  -0.1076D-02  -0.2879D-02  -0.1351D-02  -0.2976D-02
  2.000  0.500
  -0.1172D+00   0.0000D+00  -0.8639D-01   0.0000D+00   0.0000D+00   0.0000D+00  -0.4881D-01   0.0000D+00  -0.1172D+00   0.0000D+00  -0.8639D-01   0.0000D+00
   0.2613D+00   0.0000D+00   0.4094D-01   0.0000D+00   0.1027D+00   0.0000D+00   0.5234D-01   0.0000D+00   0.1163D-01   0.0000D+00   0.0000D+00   0.0000D+00   0.2613D+00   0.0000D+00   0.4094D-01   0.0000D+00   0.1027D+00   0.0000D+00
   0.0000D+00   0.0000D+00   0.0000D+00   0.0000D+00   0.0000D+00   0.0000D+00   0.0000D+00   0.0000D+00
  -0.1202D+00   0.1047D-01  -0.9453D-01   0.6019D-02   0.5815D-02  -0.4384D-02  -0.5448D-01   0.1641D-02  -0.1202D+00   0.1047D-01  -0.9453D-01   0.6019D-02
   0.2567D+00  -0.1127D-01   0.4134D-01  -0.3412D-02   0.7950D-01  -0.2115D-01   0.5630D-01   0.0000D+00   0.1370D-01   0.1276D-02  -0.1748D-02   0.4177D-02   0.2567D+00  -0.1127D-01   0.4134D-01  -0.3412D-02   0.7950D-01  -0.2115D-01
  -0.1131D-02  -0.3028D-02  -0.1419D-02  -0.3126D-02  -0.1131D-02  -0.3028D-02  -0.1419D-02  -0.3126D-02
  2.000  1.000
  -0.1083D+00   0.0000D+00  -0.7982D-01   0.0000D+00   0.0000D+00   0.0000D+00  -0.4509D-01   0.0000D+00  -0.1083D+00   0.0000D+00  -0.7982D-01   0.0000D+00
   0.2613D+00   0.0000D+00   0.4094D-01   0.0000D+00   0.1027D+00   0.0000D+00   0.5234D-01   0.0000D+00   0.1163D-01   0.0000D+00   0.0000D+00   0.0000D+00   0.2613D+00   0.0000D+00   0.4094D-01   0.0000D+00   0.1027D+00   0.0000D+00
   0.0000D+00   0.0000D+00   0.0000D+00   0.0000D+00   0.0000D+00   0.0000D+00   0.0000D+00   0.0000D+00
  -0.1188D+00   0.8934D-02  -0.9264D-01   0.5137D-02   0.4964D-02  -0.3742D-02  -0.5325D-01   0.1400D-02  -0.1188D+00   0.8934D-02  -0.9264D-01   0.5137D-02
   0.2571D+00  -0.1041D-01   0.4132D-01  -0.3153D-02   0.8128D-01  -0.1954D-01   0.5600D-01   0.0000D+00   0.1354D-01   0.1179D-02  -0.1615D-02   0.3859D-02   0.2571D+00  -0.1041D-01   0.4132D-01  -0.3153D-02   0.8128D-01  -0.1954D-01
  -0.1045D-02  -0.2797D-02  -0.1311D-02  -0.2888D-02  -0.1045D-02  -0.2797D-02  -0.1311D-02  -0.2888D-02
  2.000  2.000
  -0.1007D+00   0.0000D+00  -0.7418D-01   0.0000D+00   0.0000D+00   0.0000D+00  -0.4191D-01   0.0000D+00  -0.1007D+00   0.0000D+00  -0.7418D-01   0.0000D+00
   0.2613D+00   0.0000D+00   0.4094D-01   0.0000D+00   0.1027D+00   0.0000D+00   0.5234D-01   0.0000D+00   0.1163D-01   0.0000D+00   0.0000D+00   0.0000D+00   0.2613D+00   0.0000D+00   0.4094D-01   0.0000D+00   0.1027D+00   0.0000D+00
   0.0000D+00   0.0000D+00   0.0000D+00   0.0000D+00   0.0000D+00   0.0000D+00   0.0000D+00   0.0000D+00
  -0.1166D+00   0.7717D-02  -0.9034D-01   0.4438D-02   0.4288D-02  -0.3232D-02  -0.5183D-01   0.1210D-02  -0.1166D+00   0.7717D-02  -0.9034D-01   0.4438D-02
   0.2574D+00  -0.9678D-02   0.4129D-01  -0.2930D-02   0.8280D-01  -0.1816D-01   0.5575D-01   0.0000D+00   0.1341D-01   0.1096D-02  -0.1501D-02   0.3587D-02   0.2574D+00  -0.9678D-02   0.4129D-01  -0.2930D-02   0.8280D-01  -0.1816D-01
  -0.9714D-03  -0.2600D-02  -0.1218D-02  -0.2684D-02  -0.9714D-03  -0.2600D-02  -0.1218D-02  -0.2684D-02
