 LHC=           1 sqrts=   8000.0000000000000      ang=           4 mode=fital                                                                                               scalescheme=           1 R=  0.69999999999999996     
 CT10nlo_rand5678                                                                                              24
 Bin information: chid, chiu, md, mu, mu0
   0.0000000000000000       0.50000000000000000        1588.0000000000000        1784.0000000000000        1686.0000000000000     
 9 scales(muf, mur)*(LO(38), NLO(38))
  0.500  0.500
  -0.1882D-01   0.0000D+00  -0.1193D-01   0.0000D+00   0.0000D+00   0.0000D+00  -0.5527D-02   0.0000D+00  -0.1882D-01   0.0000D+00  -0.1193D-01   0.0000D+00
   0.1071D+00   0.0000D+00   0.1579D-01   0.0000D+00   0.4809D-01   0.0000D+00   0.1624D-01   0.0000D+00   0.3610D-02   0.0000D+00   0.0000D+00   0.0000D+00   0.1071D+00   0.0000D+00   0.1579D-01   0.0000D+00   0.4809D-01   0.0000D+00
   0.0000D+00   0.0000D+00   0.0000D+00   0.0000D+00   0.0000D+00   0.0000D+00   0.0000D+00   0.0000D+00
  -0.1625D-01   0.1338D-02  -0.1068D-01   0.7834D-03   0.5532D-03  -0.4676D-03  -0.4876D-02   0.2753D-03  -0.1625D-01   0.1338D-02  -0.1068D-01   0.7834D-03
   0.7990D-01  -0.4972D-02   0.1201D-01  -0.1398D-02   0.2917D-01  -0.8041D-02   0.1351D-01   0.0000D+00   0.3365D-02   0.3732D-03  -0.6117D-03   0.1221D-02   0.7990D-01  -0.4972D-02   0.1201D-01  -0.1398D-02   0.2917D-01  -0.8041D-02
  -0.5341D-03  -0.1267D-02  -0.5130D-03  -0.1059D-02  -0.5341D-03  -0.1267D-02  -0.5130D-03  -0.1059D-02
  0.500  1.000
  -0.1746D-01   0.0000D+00  -0.1107D-01   0.0000D+00   0.0000D+00   0.0000D+00  -0.5129D-02   0.0000D+00  -0.1746D-01   0.0000D+00  -0.1107D-01   0.0000D+00
   0.1071D+00   0.0000D+00   0.1579D-01   0.0000D+00   0.4809D-01   0.0000D+00   0.1624D-01   0.0000D+00   0.3610D-02   0.0000D+00   0.0000D+00   0.0000D+00   0.1071D+00   0.0000D+00   0.1579D-01   0.0000D+00   0.4809D-01   0.0000D+00
   0.0000D+00   0.0000D+00   0.0000D+00   0.0000D+00   0.0000D+00   0.0000D+00   0.0000D+00   0.0000D+00
  -0.1647D-01   0.1153D-02  -0.1077D-01   0.6748D-03   0.4765D-03  -0.4027D-03  -0.4926D-02   0.2371D-03  -0.1647D-01   0.1153D-02  -0.1077D-01   0.6748D-03
   0.8186D-01  -0.4615D-02   0.1228D-01  -0.1298D-02   0.3054D-01  -0.7463D-02   0.1370D-01   0.0000D+00   0.3382D-02   0.3463D-03  -0.5678D-03   0.1133D-02   0.8186D-01  -0.4615D-02   0.1228D-01  -0.1298D-02   0.3054D-01  -0.7463D-02
  -0.4957D-03  -0.1176D-02  -0.4761D-03  -0.9829D-03  -0.4957D-03  -0.1176D-02  -0.4761D-03  -0.9829D-03
  0.500  2.000
  -0.1629D-01   0.0000D+00  -0.1033D-01   0.0000D+00   0.0000D+00   0.0000D+00  -0.4786D-02   0.0000D+00  -0.1629D-01   0.0000D+00  -0.1033D-01   0.0000D+00
   0.1071D+00   0.0000D+00   0.1579D-01   0.0000D+00   0.4809D-01   0.0000D+00   0.1624D-01   0.0000D+00   0.3610D-02   0.0000D+00   0.0000D+00   0.0000D+00   0.1071D+00   0.0000D+00   0.1579D-01   0.0000D+00   0.4809D-01   0.0000D+00
   0.0000D+00   0.0000D+00   0.0000D+00   0.0000D+00   0.0000D+00   0.0000D+00   0.0000D+00   0.0000D+00
  -0.1649D-01   0.1003D-02  -0.1074D-01   0.5874D-03   0.4149D-03  -0.3506D-03  -0.4920D-02   0.2064D-03  -0.1649D-01   0.1003D-02  -0.1074D-01   0.5874D-03
   0.8356D-01  -0.4306D-02   0.1252D-01  -0.1211D-02   0.3172D-01  -0.6964D-02   0.1387D-01   0.0000D+00   0.3398D-02   0.3232D-03  -0.5298D-03   0.1058D-02   0.8356D-01  -0.4306D-02   0.1252D-01  -0.1211D-02   0.3172D-01  -0.6964D-02
  -0.4625D-03  -0.1097D-02  -0.4442D-03  -0.9171D-03  -0.4625D-03  -0.1097D-02  -0.4442D-03  -0.9171D-03
  1.000  0.500
  -0.1608D-01   0.0000D+00  -0.1018D-01   0.0000D+00   0.0000D+00   0.0000D+00  -0.4725D-02   0.0000D+00  -0.1608D-01   0.0000D+00  -0.1018D-01   0.0000D+00
   0.9145D-01   0.0000D+00   0.1348D-01   0.0000D+00   0.4107D-01   0.0000D+00   0.1390D-01   0.0000D+00   0.3089D-02   0.0000D+00   0.0000D+00   0.0000D+00   0.9145D-01   0.0000D+00   0.1348D-01   0.0000D+00   0.4107D-01   0.0000D+00
   0.0000D+00   0.0000D+00   0.0000D+00   0.0000D+00   0.0000D+00   0.0000D+00   0.0000D+00   0.0000D+00
  -0.1641D-01   0.1142D-02  -0.1072D-01   0.6695D-03   0.4700D-03  -0.3994D-03  -0.4915D-02   0.2344D-03  -0.1641D-01   0.1142D-02  -0.1072D-01   0.6695D-03
   0.8267D-01  -0.4245D-02   0.1237D-01  -0.1194D-02   0.3137D-01  -0.6870D-02   0.1371D-01   0.0000D+00   0.3360D-02   0.3194D-03  -0.5215D-03   0.1045D-02   0.8267D-01  -0.4245D-02   0.1237D-01  -0.1194D-02   0.3137D-01  -0.6870D-02
  -0.4569D-03  -0.1082D-02  -0.4380D-03  -0.9046D-03  -0.4569D-03  -0.1082D-02  -0.4380D-03  -0.9046D-03
  1.000  1.000
  -0.1493D-01   0.0000D+00  -0.9448D-02   0.0000D+00   0.0000D+00   0.0000D+00  -0.4385D-02   0.0000D+00  -0.1493D-01   0.0000D+00  -0.9448D-02   0.0000D+00
   0.9145D-01   0.0000D+00   0.1348D-01   0.0000D+00   0.4107D-01   0.0000D+00   0.1390D-01   0.0000D+00   0.3089D-02   0.0000D+00   0.0000D+00   0.0000D+00   0.9145D-01   0.0000D+00   0.1348D-01   0.0000D+00   0.4107D-01   0.0000D+00
   0.0000D+00   0.0000D+00   0.0000D+00   0.0000D+00   0.0000D+00   0.0000D+00   0.0000D+00   0.0000D+00
  -0.1624D-01   0.9833D-03  -0.1057D-01   0.5766D-03   0.4049D-03  -0.3440D-03  -0.4854D-02   0.2019D-03  -0.1624D-01   0.9833D-03  -0.1057D-01   0.5766D-03
   0.8331D-01  -0.3940D-02   0.1245D-01  -0.1108D-02   0.3207D-01  -0.6376D-02   0.1373D-01   0.0000D+00   0.3341D-02   0.2964D-03  -0.4840D-03   0.9700D-03   0.8331D-01  -0.3940D-02   0.1245D-01  -0.1108D-02   0.3207D-01  -0.6376D-02
  -0.4240D-03  -0.1004D-02  -0.4065D-03  -0.8395D-03  -0.4240D-03  -0.1004D-02  -0.4065D-03  -0.8395D-03
  1.000  2.000
  -0.1393D-01   0.0000D+00  -0.8816D-02   0.0000D+00   0.0000D+00   0.0000D+00  -0.4091D-02   0.0000D+00  -0.1393D-01   0.0000D+00  -0.8816D-02   0.0000D+00
   0.9145D-01   0.0000D+00   0.1348D-01   0.0000D+00   0.4107D-01   0.0000D+00   0.1390D-01   0.0000D+00   0.3089D-02   0.0000D+00   0.0000D+00   0.0000D+00   0.9145D-01   0.0000D+00   0.1348D-01   0.0000D+00   0.4107D-01   0.0000D+00
   0.0000D+00   0.0000D+00   0.0000D+00   0.0000D+00   0.0000D+00   0.0000D+00   0.0000D+00   0.0000D+00
  -0.1598D-01   0.8560D-03  -0.1037D-01   0.5020D-03   0.3525D-03  -0.2995D-03  -0.4766D-02   0.1758D-03  -0.1598D-01   0.8560D-03  -0.1037D-01   0.5020D-03
   0.8386D-01  -0.3676D-02   0.1252D-01  -0.1034D-02   0.3268D-01  -0.5949D-02   0.1374D-01   0.0000D+00   0.3324D-02   0.2766D-03  -0.4517D-03   0.9051D-03   0.8386D-01  -0.3676D-02   0.1252D-01  -0.1034D-02   0.3268D-01  -0.5949D-02
  -0.3956D-03  -0.9369D-03  -0.3792D-03  -0.7833D-03  -0.3956D-03  -0.9369D-03  -0.3792D-03  -0.7833D-03
  2.000  0.500
  -0.1387D-01   0.0000D+00  -0.8782D-02   0.0000D+00   0.0000D+00   0.0000D+00  -0.4077D-02   0.0000D+00  -0.1387D-01   0.0000D+00  -0.8782D-02   0.0000D+00
   0.7886D-01   0.0000D+00   0.1162D-01   0.0000D+00   0.3543D-01   0.0000D+00   0.1202D-01   0.0000D+00   0.2670D-02   0.0000D+00   0.0000D+00   0.0000D+00   0.7886D-01   0.0000D+00   0.1162D-01   0.0000D+00   0.3543D-01   0.0000D+00
   0.0000D+00   0.0000D+00   0.0000D+00   0.0000D+00   0.0000D+00   0.0000D+00   0.0000D+00   0.0000D+00
  -0.1638D-01   0.9844D-03  -0.1066D-01   0.5775D-03   0.4066D-03  -0.3450D-03  -0.4891D-02   0.2017D-03  -0.1638D-01   0.9844D-03  -0.1066D-01   0.5775D-03
   0.8392D-01  -0.3664D-02   0.1252D-01  -0.1030D-02   0.3274D-01  -0.5922D-02   0.1376D-01   0.0000D+00   0.3325D-02   0.2760D-03  -0.4453D-03   0.9034D-03   0.8392D-01  -0.3664D-02   0.1252D-01  -0.1030D-02   0.3274D-01  -0.5922D-02
  -0.3942D-03  -0.9336D-03  -0.3780D-03  -0.7796D-03  -0.3942D-03  -0.9336D-03  -0.3780D-03  -0.7796D-03
  2.000  1.000
  -0.1287D-01   0.0000D+00  -0.8151D-02   0.0000D+00   0.0000D+00   0.0000D+00  -0.3784D-02   0.0000D+00  -0.1287D-01   0.0000D+00  -0.8151D-02   0.0000D+00
   0.7886D-01   0.0000D+00   0.1162D-01   0.0000D+00   0.3543D-01   0.0000D+00   0.1202D-01   0.0000D+00   0.2670D-02   0.0000D+00   0.0000D+00   0.0000D+00   0.7886D-01   0.0000D+00   0.1162D-01   0.0000D+00   0.3543D-01   0.0000D+00
   0.0000D+00   0.0000D+00   0.0000D+00   0.0000D+00   0.0000D+00   0.0000D+00   0.0000D+00   0.0000D+00
  -0.1593D-01   0.8479D-03  -0.1034D-01   0.4974D-03   0.3503D-03  -0.2972D-03  -0.4749D-02   0.1737D-03  -0.1593D-01   0.8479D-03  -0.1034D-01   0.4974D-03
   0.8356D-01  -0.3400D-02   0.1246D-01  -0.9561D-03   0.3294D-01  -0.5496D-02   0.1363D-01   0.0000D+00   0.3278D-02   0.2562D-03  -0.4133D-03   0.8384D-03   0.8356D-01  -0.3400D-02   0.1246D-01  -0.9561D-03   0.3294D-01  -0.5496D-02
  -0.3658D-03  -0.8664D-03  -0.3508D-03  -0.7235D-03  -0.3658D-03  -0.8664D-03  -0.3508D-03  -0.7235D-03
  2.000  2.000
  -0.1201D-01   0.0000D+00  -0.7605D-02   0.0000D+00   0.0000D+00   0.0000D+00  -0.3530D-02   0.0000D+00  -0.1201D-01   0.0000D+00  -0.7605D-02   0.0000D+00
   0.7886D-01   0.0000D+00   0.1162D-01   0.0000D+00   0.3543D-01   0.0000D+00   0.1202D-01   0.0000D+00   0.2670D-02   0.0000D+00   0.0000D+00   0.0000D+00   0.7886D-01   0.0000D+00   0.1162D-01   0.0000D+00   0.3543D-01   0.0000D+00
   0.0000D+00   0.0000D+00   0.0000D+00   0.0000D+00   0.0000D+00   0.0000D+00   0.0000D+00   0.0000D+00
  -0.1545D-01   0.7382D-03  -0.1000D-01   0.4330D-03   0.3049D-03  -0.2587D-03  -0.4600D-02   0.1512D-03  -0.1545D-01   0.7382D-03  -0.1000D-01   0.4330D-03
   0.8325D-01  -0.3172D-02   0.1240D-01  -0.8921D-03   0.3311D-01  -0.5128D-02   0.1353D-01   0.0000D+00   0.3237D-02   0.2390D-03  -0.3857D-03   0.7823D-03   0.8325D-01  -0.3172D-02   0.1240D-01  -0.8921D-03   0.3311D-01  -0.5128D-02
  -0.3413D-03  -0.8084D-03  -0.3273D-03  -0.6751D-03  -0.3413D-03  -0.8084D-03  -0.3273D-03  -0.6751D-03
