 LHC=           1 sqrts=   8000.0000000000000      ang=           4 mode=fital                                                                                               scalescheme=           1 R=  0.69999999999999996     
 CT10nlo_rand5678                                                                                             207
 Bin information: chid, chiu, md, mu, mu0
   0.0000000000000000       0.50000000000000000        362.00000000000000        395.00000000000000        378.50000000000000     
 9 scales(muf, mur)*(LO(38), NLO(38))
  0.500  0.500
  -0.1479D+01   0.0000D+00  -0.1589D+01   0.0000D+00   0.0000D+00   0.0000D+00  -0.1397D+01   0.0000D+00  -0.1479D+01   0.0000D+00  -0.1589D+01   0.0000D+00
   0.6073D+00   0.0000D+00   0.1058D+00   0.0000D+00   0.1749D+00   0.0000D+00   0.2075D+00   0.0000D+00   0.4612D-01   0.0000D+00   0.0000D+00   0.0000D+00   0.6073D+00   0.0000D+00   0.1058D+00   0.0000D+00   0.1749D+00   0.0000D+00
   0.0000D+00   0.0000D+00   0.0000D+00   0.0000D+00   0.0000D+00   0.0000D+00   0.0000D+00   0.0000D+00
  -0.1075D+01   0.2283D+00  -0.1356D+01   0.1376D+00   0.1345D+00  -0.1418D+00  -0.1292D+01   0.3178D-02  -0.1075D+01   0.2283D+00  -0.1356D+01   0.1376D+00
   0.5731D+00  -0.2172D-01   0.1027D+00  -0.7926D-02   0.1062D+00  -0.5710D-01   0.2039D+00   0.0000D+00   0.5131D-01   0.5724D-02  -0.2062D-02   0.1873D-01   0.5731D+00  -0.2172D-01   0.1027D+00  -0.7926D-02   0.1062D+00  -0.5710D-01
  -0.1722D-02  -0.7052D-02  -0.4256D-02  -0.1082D-01  -0.1722D-02  -0.7052D-02  -0.4256D-02  -0.1082D-01
  0.500  1.000
  -0.1353D+01   0.0000D+00  -0.1453D+01   0.0000D+00   0.0000D+00   0.0000D+00  -0.1278D+01   0.0000D+00  -0.1353D+01   0.0000D+00  -0.1453D+01   0.0000D+00
   0.6073D+00   0.0000D+00   0.1058D+00   0.0000D+00   0.1749D+00   0.0000D+00   0.2075D+00   0.0000D+00   0.4612D-01   0.0000D+00   0.0000D+00   0.0000D+00   0.6073D+00   0.0000D+00   0.1058D+00   0.0000D+00   0.1749D+00   0.0000D+00
   0.0000D+00   0.0000D+00   0.0000D+00   0.0000D+00   0.0000D+00   0.0000D+00   0.0000D+00   0.0000D+00
  -0.1127D+01   0.1909D+00  -0.1378D+01   0.1150D+00   0.1124D+00  -0.1185D+00  -0.1295D+01   0.2658D-02  -0.1127D+01   0.1909D+00  -0.1378D+01   0.1150D+00
   0.5764D+00  -0.1986D-01   0.1030D+00  -0.7247D-02   0.1122D+00  -0.5221D-01   0.2043D+00   0.0000D+00   0.5089D-01   0.5233D-02  -0.1884D-02   0.1713D-01   0.5764D+00  -0.1986D-01   0.1030D+00  -0.7247D-02   0.1122D+00  -0.5221D-01
  -0.1574D-02  -0.6448D-02  -0.3891D-02  -0.9892D-02  -0.1574D-02  -0.6448D-02  -0.3891D-02  -0.9892D-02
  0.500  2.000
  -0.1246D+01   0.0000D+00  -0.1339D+01   0.0000D+00   0.0000D+00   0.0000D+00  -0.1177D+01   0.0000D+00  -0.1246D+01   0.0000D+00  -0.1339D+01   0.0000D+00
   0.6073D+00   0.0000D+00   0.1058D+00   0.0000D+00   0.1749D+00   0.0000D+00   0.2075D+00   0.0000D+00   0.4612D-01   0.0000D+00   0.0000D+00   0.0000D+00   0.6073D+00   0.0000D+00   0.1058D+00   0.0000D+00   0.1749D+00   0.0000D+00
   0.0000D+00   0.0000D+00   0.0000D+00   0.0000D+00   0.0000D+00   0.0000D+00   0.0000D+00   0.0000D+00
  -0.1149D+01   0.1621D+00  -0.1377D+01   0.9766D-01   0.9541D-01  -0.1006D+00  -0.1281D+01   0.2256D-02  -0.1149D+01   0.1621D+00  -0.1377D+01   0.9766D-01
   0.5790D+00  -0.1830D-01   0.1032D+00  -0.6677D-02   0.1172D+00  -0.4811D-01   0.2046D+00   0.0000D+00   0.5053D-01   0.4822D-02  -0.1735D-02   0.1578D-01   0.5790D+00  -0.1830D-01   0.1032D+00  -0.6677D-02   0.1172D+00  -0.4811D-01
  -0.1451D-02  -0.5941D-02  -0.3585D-02  -0.9114D-02  -0.1451D-02  -0.5941D-02  -0.3585D-02  -0.9114D-02
  1.000  0.500
  -0.1400D+01   0.0000D+00  -0.1515D+01   0.0000D+00   0.0000D+00   0.0000D+00  -0.1330D+01   0.0000D+00  -0.1400D+01   0.0000D+00  -0.1515D+01   0.0000D+00
   0.5761D+00   0.0000D+00   0.1006D+00   0.0000D+00   0.1655D+00   0.0000D+00   0.1969D+00   0.0000D+00   0.4375D-01   0.0000D+00   0.0000D+00   0.0000D+00   0.5761D+00   0.0000D+00   0.1006D+00   0.0000D+00   0.1655D+00   0.0000D+00
   0.0000D+00   0.0000D+00   0.0000D+00   0.0000D+00   0.0000D+00   0.0000D+00   0.0000D+00   0.0000D+00
  -0.1108D+01   0.2176D+00  -0.1378D+01   0.1306D+00   0.1267D+00  -0.1351D+00  -0.1294D+01   0.3154D-02  -0.1108D+01   0.2176D+00  -0.1378D+01   0.1306D+00
   0.5696D+00  -0.2055D-01   0.1021D+00  -0.7516D-02   0.1077D+00  -0.5402D-01   0.2017D+00   0.0000D+00   0.5045D-01   0.5431D-02  -0.2347D-02   0.1777D-01   0.5696D+00  -0.2055D-01   0.1021D+00  -0.7516D-02   0.1077D+00  -0.5402D-01
  -0.1639D-02  -0.6693D-02  -0.4061D-02  -0.1030D-01  -0.1639D-02  -0.6693D-02  -0.4061D-02  -0.1030D-01
  1.000  1.000
  -0.1280D+01   0.0000D+00  -0.1385D+01   0.0000D+00   0.0000D+00   0.0000D+00  -0.1216D+01   0.0000D+00  -0.1280D+01   0.0000D+00  -0.1385D+01   0.0000D+00
   0.5761D+00   0.0000D+00   0.1006D+00   0.0000D+00   0.1655D+00   0.0000D+00   0.1969D+00   0.0000D+00   0.4375D-01   0.0000D+00   0.0000D+00   0.0000D+00   0.5761D+00   0.0000D+00   0.1006D+00   0.0000D+00   0.1655D+00   0.0000D+00
   0.0000D+00   0.0000D+00   0.0000D+00   0.0000D+00   0.0000D+00   0.0000D+00   0.0000D+00   0.0000D+00
  -0.1142D+01   0.1819D+00  -0.1385D+01   0.1092D+00   0.1059D+00  -0.1129D+00  -0.1287D+01   0.2638D-02  -0.1142D+01   0.1819D+00  -0.1385D+01   0.1092D+00
   0.5704D+00  -0.1879D-01   0.1020D+00  -0.6872D-02   0.1127D+00  -0.4940D-01   0.2013D+00   0.0000D+00   0.4990D-01   0.4966D-02  -0.2145D-02   0.1625D-01   0.5704D+00  -0.1879D-01   0.1020D+00  -0.6872D-02   0.1127D+00  -0.4940D-01
  -0.1498D-02  -0.6120D-02  -0.3713D-02  -0.9415D-02  -0.1498D-02  -0.6120D-02  -0.3713D-02  -0.9415D-02
  1.000  2.000
  -0.1179D+01   0.0000D+00  -0.1276D+01   0.0000D+00   0.0000D+00   0.0000D+00  -0.1120D+01   0.0000D+00  -0.1179D+01   0.0000D+00  -0.1276D+01   0.0000D+00
   0.5761D+00   0.0000D+00   0.1006D+00   0.0000D+00   0.1655D+00   0.0000D+00   0.1969D+00   0.0000D+00   0.4375D-01   0.0000D+00   0.0000D+00   0.0000D+00   0.5761D+00   0.0000D+00   0.1006D+00   0.0000D+00   0.1655D+00   0.0000D+00
   0.0000D+00   0.0000D+00   0.0000D+00   0.0000D+00   0.0000D+00   0.0000D+00   0.0000D+00   0.0000D+00
  -0.1152D+01   0.1544D+00  -0.1374D+01   0.9271D-01   0.8989D-01  -0.9588D-01  -0.1266D+01   0.2239D-02  -0.1152D+01   0.1544D+00  -0.1374D+01   0.9271D-01
   0.5711D+00  -0.1731D-01   0.1020D+00  -0.6332D-02   0.1169D+00  -0.4551D-01   0.2010D+00   0.0000D+00   0.4943D-01   0.4576D-02  -0.1975D-02   0.1497D-01   0.5711D+00  -0.1731D-01   0.1020D+00  -0.6332D-02   0.1169D+00  -0.4551D-01
  -0.1381D-02  -0.5639D-02  -0.3421D-02  -0.8674D-02  -0.1381D-02  -0.5639D-02  -0.3421D-02  -0.8674D-02
  2.000  0.500
  -0.1331D+01   0.0000D+00  -0.1443D+01   0.0000D+00   0.0000D+00   0.0000D+00  -0.1265D+01   0.0000D+00  -0.1331D+01   0.0000D+00  -0.1443D+01   0.0000D+00
   0.5481D+00   0.0000D+00   0.9565D-01   0.0000D+00   0.1571D+00   0.0000D+00   0.1866D+00   0.0000D+00   0.4146D-01   0.0000D+00   0.0000D+00   0.0000D+00   0.5481D+00   0.0000D+00   0.9565D-01   0.0000D+00   0.1571D+00   0.0000D+00
   0.0000D+00   0.0000D+00   0.0000D+00   0.0000D+00   0.0000D+00   0.0000D+00   0.0000D+00   0.0000D+00
  -0.1120D+01   0.2077D+00  -0.1396D+01   0.1242D+00   0.1210D+00  -0.1285D+00  -0.1305D+01   0.3148D-02  -0.1120D+01   0.2077D+00  -0.1396D+01   0.1242D+00
   0.5676D+00  -0.1950D-01   0.1014D+00  -0.7142D-02   0.1102D+00  -0.5152D-01   0.2011D+00   0.0000D+00   0.4983D-01   0.5155D-02  -0.1894D-02   0.1687D-01   0.5676D+00  -0.1950D-01   0.1014D+00  -0.7142D-02   0.1102D+00  -0.5152D-01
  -0.1563D-02  -0.6361D-02  -0.3870D-02  -0.9779D-02  -0.1563D-02  -0.6361D-02  -0.3870D-02  -0.9779D-02
  2.000  1.000
  -0.1217D+01   0.0000D+00  -0.1319D+01   0.0000D+00   0.0000D+00   0.0000D+00  -0.1157D+01   0.0000D+00  -0.1217D+01   0.0000D+00  -0.1319D+01   0.0000D+00
   0.5481D+00   0.0000D+00   0.9565D-01   0.0000D+00   0.1571D+00   0.0000D+00   0.1866D+00   0.0000D+00   0.4146D-01   0.0000D+00   0.0000D+00   0.0000D+00   0.5481D+00   0.0000D+00   0.9565D-01   0.0000D+00   0.1571D+00   0.0000D+00
   0.0000D+00   0.0000D+00   0.0000D+00   0.0000D+00   0.0000D+00   0.0000D+00   0.0000D+00   0.0000D+00
  -0.1142D+01   0.1737D+00  -0.1389D+01   0.1039D+00   0.1011D+00  -0.1074D+00  -0.1286D+01   0.2632D-02  -0.1142D+01   0.1737D+00  -0.1389D+01   0.1039D+00
   0.5662D+00  -0.1783D-01   0.1009D+00  -0.6530D-02   0.1143D+00  -0.4711D-01   0.1999D+00   0.0000D+00   0.4914D-01   0.4713D-02  -0.1731D-02   0.1542D-01   0.5662D+00  -0.1783D-01   0.1009D+00  -0.6530D-02   0.1143D+00  -0.4711D-01
  -0.1429D-02  -0.5816D-02  -0.3539D-02  -0.8941D-02  -0.1429D-02  -0.5816D-02  -0.3539D-02  -0.8941D-02
  2.000  2.000
  -0.1121D+01   0.0000D+00  -0.1215D+01   0.0000D+00   0.0000D+00   0.0000D+00  -0.1066D+01   0.0000D+00  -0.1121D+01   0.0000D+00  -0.1215D+01   0.0000D+00
   0.5481D+00   0.0000D+00   0.9565D-01   0.0000D+00   0.1571D+00   0.0000D+00   0.1866D+00   0.0000D+00   0.4146D-01   0.0000D+00   0.0000D+00   0.0000D+00   0.5481D+00   0.0000D+00   0.9565D-01   0.0000D+00   0.1571D+00   0.0000D+00
   0.0000D+00   0.0000D+00   0.0000D+00   0.0000D+00   0.0000D+00   0.0000D+00   0.0000D+00   0.0000D+00
  -0.1142D+01   0.1474D+00  -0.1367D+01   0.8817D-01   0.8585D-01  -0.9120D-01  -0.1256D+01   0.2235D-02  -0.1142D+01   0.1474D+00  -0.1367D+01   0.8817D-01
   0.5649D+00  -0.1643D-01   0.1005D+00  -0.6017D-02   0.1177D+00  -0.4340D-01   0.1989D+00   0.0000D+00   0.4854D-01   0.4343D-02  -0.1594D-02   0.1421D-01   0.5649D+00  -0.1643D-01   0.1005D+00  -0.6017D-02   0.1177D+00  -0.4340D-01
  -0.1317D-02  -0.5359D-02  -0.3261D-02  -0.8238D-02  -0.1317D-02  -0.5359D-02  -0.3261D-02  -0.8238D-02
