 LHC=           1 sqrts=   8000.0000000000000      ang=           4 mode=fital                                                                                               scalescheme=           1 R=  0.69999999999999996     
 CT10nlo_rand5678                                                                                             207
 Bin information: chid, chiu, md, mu, mu0
   0.0000000000000000       0.50000000000000000        737.00000000000000        790.00000000000000        763.50000000000000     
 9 scales(muf, mur)*(LO(38), NLO(38))
  0.500  0.500
  -0.3221D+00   0.0000D+00  -0.2653D+00   0.0000D+00   0.0000D+00   0.0000D+00  -0.1712D+00   0.0000D+00  -0.3221D+00   0.0000D+00  -0.2653D+00   0.0000D+00
   0.4512D+00   0.0000D+00   0.7320D-01   0.0000D+00   0.1621D+00   0.0000D+00   0.1076D+00   0.0000D+00   0.2391D-01   0.0000D+00   0.0000D+00   0.0000D+00   0.4512D+00   0.0000D+00   0.7320D-01   0.0000D+00   0.1621D+00   0.0000D+00
   0.0000D+00   0.0000D+00   0.0000D+00   0.0000D+00   0.0000D+00   0.0000D+00   0.0000D+00   0.0000D+00
  -0.2494D+00   0.3353D-01  -0.2311D+00   0.1938D-01   0.2063D-01  -0.1587D-01  -0.1545D+00   0.3969D-02  -0.2494D+00   0.3353D-01  -0.2311D+00   0.1938D-01
   0.3580D+00  -0.1837D-01   0.6013D-01  -0.5852D-02   0.8827D-01  -0.3796D-01   0.9379D-01   0.0000D+00   0.2339D-01   0.2710D-02  -0.2978D-02   0.8868D-02   0.3580D+00  -0.1837D-01   0.6013D-01  -0.5852D-02   0.8827D-01  -0.3796D-01
  -0.1754D-02  -0.5174D-02  -0.2664D-02  -0.6081D-02  -0.1754D-02  -0.5174D-02  -0.2664D-02  -0.6081D-02
  0.500  1.000
  -0.2968D+00   0.0000D+00  -0.2445D+00   0.0000D+00   0.0000D+00   0.0000D+00  -0.1577D+00   0.0000D+00  -0.2968D+00   0.0000D+00  -0.2445D+00   0.0000D+00
   0.4512D+00   0.0000D+00   0.7320D-01   0.0000D+00   0.1621D+00   0.0000D+00   0.1076D+00   0.0000D+00   0.2391D-01   0.0000D+00   0.0000D+00   0.0000D+00   0.4512D+00   0.0000D+00   0.7320D-01   0.0000D+00   0.1621D+00   0.0000D+00
   0.0000D+00   0.0000D+00   0.0000D+00   0.0000D+00   0.0000D+00   0.0000D+00   0.0000D+00   0.0000D+00
  -0.2577D+00   0.2847D-01  -0.2340D+00   0.1645D-01   0.1751D-01  -0.1348D-01  -0.1555D+00   0.3370D-02  -0.2577D+00   0.2847D-01  -0.2340D+00   0.1645D-01
   0.3654D+00  -0.1693D-01   0.6117D-01  -0.5392D-02   0.9409D-01  -0.3498D-01   0.9489D-01   0.0000D+00   0.2343D-01   0.2497D-02  -0.2745D-02   0.8172D-02   0.3654D+00  -0.1693D-01   0.6117D-01  -0.5392D-02   0.9409D-01  -0.3498D-01
  -0.1616D-02  -0.4768D-02  -0.2454D-02  -0.5604D-02  -0.1616D-02  -0.4768D-02  -0.2454D-02  -0.5604D-02
  0.500  2.000
  -0.2752D+00   0.0000D+00  -0.2267D+00   0.0000D+00   0.0000D+00   0.0000D+00  -0.1463D+00   0.0000D+00  -0.2752D+00   0.0000D+00  -0.2267D+00   0.0000D+00
   0.4512D+00   0.0000D+00   0.7320D-01   0.0000D+00   0.1621D+00   0.0000D+00   0.1076D+00   0.0000D+00   0.2391D-01   0.0000D+00   0.0000D+00   0.0000D+00   0.4512D+00   0.0000D+00   0.7320D-01   0.0000D+00   0.1621D+00   0.0000D+00
   0.0000D+00   0.0000D+00   0.0000D+00   0.0000D+00   0.0000D+00   0.0000D+00   0.0000D+00   0.0000D+00
  -0.2610D+00   0.2449D-01  -0.2337D+00   0.1415D-01   0.1506D-01  -0.1159D-01  -0.1547D+00   0.2898D-02  -0.2610D+00   0.2449D-01  -0.2337D+00   0.1415D-01
   0.3717D+00  -0.1570D-01   0.6205D-01  -0.5001D-02   0.9905D-01  -0.3244D-01   0.9583D-01   0.0000D+00   0.2347D-01   0.2316D-02  -0.2545D-02   0.7578D-02   0.3717D+00  -0.1570D-01   0.6205D-01  -0.5001D-02   0.9905D-01  -0.3244D-01
  -0.1499D-02  -0.4421D-02  -0.2276D-02  -0.5197D-02  -0.1499D-02  -0.4421D-02  -0.2276D-02  -0.5197D-02
  1.000  0.500
  -0.2931D+00   0.0000D+00  -0.2423D+00   0.0000D+00   0.0000D+00   0.0000D+00  -0.1555D+00   0.0000D+00  -0.2931D+00   0.0000D+00  -0.2423D+00   0.0000D+00
   0.4108D+00   0.0000D+00   0.6672D-01   0.0000D+00   0.1475D+00   0.0000D+00   0.9761D-01   0.0000D+00   0.2169D-01   0.0000D+00   0.0000D+00   0.0000D+00   0.4108D+00   0.0000D+00   0.6672D-01   0.0000D+00   0.1475D+00   0.0000D+00
   0.0000D+00   0.0000D+00   0.0000D+00   0.0000D+00   0.0000D+00   0.0000D+00   0.0000D+00   0.0000D+00
  -0.2538D+00   0.3062D-01  -0.2331D+00   0.1763D-01   0.1867D-01  -0.1442D-01  -0.1550D+00   0.3654D-02  -0.2538D+00   0.3062D-01  -0.2331D+00   0.1763D-01
   0.3627D+00  -0.1673D-01   0.6083D-01  -0.5332D-02   0.9347D-01  -0.3459D-01   0.9439D-01   0.0000D+00   0.2326D-01   0.2459D-02  -0.2683D-02   0.8047D-02   0.3627D+00  -0.1673D-01   0.6083D-01  -0.5332D-02   0.9347D-01  -0.3459D-01
  -0.1603D-02  -0.4716D-02  -0.2428D-02  -0.5511D-02  -0.1603D-02  -0.4716D-02  -0.2428D-02  -0.5511D-02
  1.000  1.000
  -0.2701D+00   0.0000D+00  -0.2233D+00   0.0000D+00   0.0000D+00   0.0000D+00  -0.1432D+00   0.0000D+00  -0.2701D+00   0.0000D+00  -0.2233D+00   0.0000D+00
   0.4108D+00   0.0000D+00   0.6672D-01   0.0000D+00   0.1475D+00   0.0000D+00   0.9761D-01   0.0000D+00   0.2169D-01   0.0000D+00   0.0000D+00   0.0000D+00   0.4108D+00   0.0000D+00   0.6672D-01   0.0000D+00   0.1475D+00   0.0000D+00
   0.0000D+00   0.0000D+00   0.0000D+00   0.0000D+00   0.0000D+00   0.0000D+00   0.0000D+00   0.0000D+00
  -0.2572D+00   0.2600D-01  -0.2324D+00   0.1497D-01   0.1585D-01  -0.1224D-01  -0.1537D+00   0.3102D-02  -0.2572D+00   0.2600D-01  -0.2324D+00   0.1497D-01
   0.3666D+00  -0.1542D-01   0.6130D-01  -0.4914D-02   0.9774D-01  -0.3187D-01   0.9466D-01   0.0000D+00   0.2314D-01   0.2266D-02  -0.2472D-02   0.7415D-02   0.3666D+00  -0.1542D-01   0.6130D-01  -0.4914D-02   0.9774D-01  -0.3187D-01
  -0.1477D-02  -0.4345D-02  -0.2237D-02  -0.5078D-02  -0.1477D-02  -0.4345D-02  -0.2237D-02  -0.5078D-02
  1.000  2.000
  -0.2505D+00   0.0000D+00  -0.2071D+00   0.0000D+00   0.0000D+00   0.0000D+00  -0.1328D+00   0.0000D+00  -0.2505D+00   0.0000D+00  -0.2071D+00   0.0000D+00
   0.4108D+00   0.0000D+00   0.6672D-01   0.0000D+00   0.1475D+00   0.0000D+00   0.9761D-01   0.0000D+00   0.2169D-01   0.0000D+00   0.0000D+00   0.0000D+00   0.4108D+00   0.0000D+00   0.6672D-01   0.0000D+00   0.1475D+00   0.0000D+00
   0.0000D+00   0.0000D+00   0.0000D+00   0.0000D+00   0.0000D+00   0.0000D+00   0.0000D+00   0.0000D+00
  -0.2571D+00   0.2236D-01  -0.2295D+00   0.1287D-01   0.1363D-01  -0.1053D-01  -0.1512D+00   0.2668D-02  -0.2571D+00   0.2236D-01  -0.2295D+00   0.1287D-01
   0.3699D+00  -0.1430D-01   0.6171D-01  -0.4557D-02   0.1014D+00  -0.2956D-01   0.9489D-01   0.0000D+00   0.2304D-01   0.2101D-02  -0.2293D-02   0.6876D-02   0.3699D+00  -0.1430D-01   0.6171D-01  -0.4557D-02   0.1014D+00  -0.2956D-01
  -0.1369D-02  -0.4030D-02  -0.2075D-02  -0.4709D-02  -0.1369D-02  -0.4030D-02  -0.2075D-02  -0.4709D-02
  2.000  0.500
  -0.2690D+00   0.0000D+00  -0.2221D+00   0.0000D+00   0.0000D+00   0.0000D+00  -0.1422D+00   0.0000D+00  -0.2690D+00   0.0000D+00  -0.2221D+00   0.0000D+00
   0.3755D+00   0.0000D+00   0.6113D-01   0.0000D+00   0.1353D+00   0.0000D+00   0.8907D-01   0.0000D+00   0.1979D-01   0.0000D+00   0.0000D+00   0.0000D+00   0.3755D+00   0.0000D+00   0.6113D-01   0.0000D+00   0.1353D+00   0.0000D+00
   0.0000D+00   0.0000D+00   0.0000D+00   0.0000D+00   0.0000D+00   0.0000D+00   0.0000D+00   0.0000D+00
  -0.2589D+00   0.2812D-01  -0.2351D+00   0.1613D-01   0.1704D-01  -0.1319D-01  -0.1554D+00   0.3375D-02  -0.2589D+00   0.2812D-01  -0.2351D+00   0.1613D-01
   0.3661D+00  -0.1533D-01   0.6161D-01  -0.4877D-02   0.9840D-01  -0.3166D-01   0.9454D-01   0.0000D+00   0.2314D-01   0.2244D-02  -0.2303D-02   0.7345D-02   0.3661D+00  -0.1533D-01   0.6161D-01  -0.4877D-02   0.9840D-01  -0.3166D-01
  -0.1471D-02  -0.4334D-02  -0.2226D-02  -0.5050D-02  -0.1471D-02  -0.4334D-02  -0.2226D-02  -0.5050D-02
  2.000  1.000
  -0.2479D+00   0.0000D+00  -0.2047D+00   0.0000D+00   0.0000D+00   0.0000D+00  -0.1311D+00   0.0000D+00  -0.2479D+00   0.0000D+00  -0.2047D+00   0.0000D+00
   0.3755D+00   0.0000D+00   0.6113D-01   0.0000D+00   0.1353D+00   0.0000D+00   0.8907D-01   0.0000D+00   0.1979D-01   0.0000D+00   0.0000D+00   0.0000D+00   0.3755D+00   0.0000D+00   0.6113D-01   0.0000D+00   0.1353D+00   0.0000D+00
   0.0000D+00   0.0000D+00   0.0000D+00   0.0000D+00   0.0000D+00   0.0000D+00   0.0000D+00   0.0000D+00
  -0.2581D+00   0.2388D-01  -0.2312D+00   0.1370D-01   0.1447D-01  -0.1120D-01  -0.1522D+00   0.2866D-02  -0.2581D+00   0.2388D-01  -0.2312D+00   0.1370D-01
   0.3669D+00  -0.1413D-01   0.6158D-01  -0.4494D-02   0.1013D+00  -0.2917D-01   0.9412D-01   0.0000D+00   0.2288D-01   0.2068D-02  -0.2122D-02   0.6768D-02   0.3669D+00  -0.1413D-01   0.6158D-01  -0.4494D-02   0.1013D+00  -0.2917D-01
  -0.1356D-02  -0.3994D-02  -0.2051D-02  -0.4654D-02  -0.1356D-02  -0.3994D-02  -0.2051D-02  -0.4654D-02
  2.000  2.000
  -0.2299D+00   0.0000D+00  -0.1898D+00   0.0000D+00   0.0000D+00   0.0000D+00  -0.1215D+00   0.0000D+00  -0.2299D+00   0.0000D+00  -0.1898D+00   0.0000D+00
   0.3755D+00   0.0000D+00   0.6113D-01   0.0000D+00   0.1353D+00   0.0000D+00   0.8907D-01   0.0000D+00   0.1979D-01   0.0000D+00   0.0000D+00   0.0000D+00   0.3755D+00   0.0000D+00   0.6113D-01   0.0000D+00   0.1353D+00   0.0000D+00
   0.0000D+00   0.0000D+00   0.0000D+00   0.0000D+00   0.0000D+00   0.0000D+00   0.0000D+00   0.0000D+00
  -0.2548D+00   0.2054D-01  -0.2260D+00   0.1178D-01   0.1244D-01  -0.9631D-02  -0.1483D+00   0.2465D-02  -0.2548D+00   0.2054D-01  -0.2260D+00   0.1178D-01
   0.3676D+00  -0.1310D-01   0.6156D-01  -0.4167D-02   0.1038D+00  -0.2705D-01   0.9376D-01   0.0000D+00   0.2266D-01   0.1918D-02  -0.1968D-02   0.6276D-02   0.3676D+00  -0.1310D-01   0.6156D-01  -0.4167D-02   0.1038D+00  -0.2705D-01
  -0.1257D-02  -0.3704D-02  -0.1902D-02  -0.4316D-02  -0.1257D-02  -0.3704D-02  -0.1902D-02  -0.4316D-02
