 LHC=           1 sqrts=   8000.0000000000000      ang=           4 mode=fital                                                                                               scalescheme=           1 R=  0.69999999999999996     
 CT10nlo_rand5678                                                                                             484
 Bin information: chid, chiu, md, mu, mu0
   0.0000000000000000       0.50000000000000000        133.00000000000000        153.00000000000000        143.00000000000000     
 9 scales(muf, mur)*(LO(38), NLO(38))
  0.500  0.500
  -0.8042D+01   0.0000D+00  -0.1195D+02   0.0000D+00   0.0000D+00   0.0000D+00  -0.1253D+02   0.0000D+00  -0.8042D+01   0.0000D+00  -0.1195D+02   0.0000D+00
   0.5469D+00   0.0000D+00   0.1015D+00   0.0000D+00   0.1236D+00   0.0000D+00   0.2388D+00   0.0000D+00   0.5307D-01   0.0000D+00   0.0000D+00   0.0000D+00   0.5469D+00   0.0000D+00   0.1015D+00   0.0000D+00   0.1236D+00   0.0000D+00
   0.0000D+00   0.0000D+00   0.0000D+00   0.0000D+00   0.0000D+00   0.0000D+00   0.0000D+00   0.0000D+00
  -0.5608D+01   0.2033D+01  -0.9864D+01   0.1235D+01   0.9418D+00  -0.1469D+01  -0.1135D+02  -0.1246D+00  -0.5608D+01   0.2033D+01  -0.9864D+01   0.1235D+01
   0.7867D+00  -0.1757D-01   0.1454D+00  -0.7618D-02   0.1248D+00  -0.6037D-01   0.3234D+00   0.0000D+00   0.8295D-01   0.7656D-02   0.2538D-02   0.2505D-01   0.7867D+00  -0.1757D-01   0.1454D+00  -0.7618D-02   0.1248D+00  -0.6037D-01
  -0.7742D-03  -0.6856D-02  -0.4169D-02  -0.1305D-01  -0.7742D-03  -0.6856D-02  -0.4169D-02  -0.1305D-01
  0.500  1.000
  -0.7255D+01   0.0000D+00  -0.1078D+02   0.0000D+00   0.0000D+00   0.0000D+00  -0.1130D+02   0.0000D+00  -0.7255D+01   0.0000D+00  -0.1078D+02   0.0000D+00
   0.5469D+00   0.0000D+00   0.1015D+00   0.0000D+00   0.1236D+00   0.0000D+00   0.2388D+00   0.0000D+00   0.5307D-01   0.0000D+00   0.0000D+00   0.0000D+00   0.5469D+00   0.0000D+00   0.1015D+00   0.0000D+00   0.1236D+00   0.0000D+00
   0.0000D+00   0.0000D+00   0.0000D+00   0.0000D+00   0.0000D+00   0.0000D+00   0.0000D+00   0.0000D+00
  -0.5960D+01   0.1655D+01  -0.1010D+02   0.1005D+01   0.7662D+00  -0.1196D+01  -0.1141D+02  -0.1014D+00  -0.5960D+01   0.1655D+01  -0.1010D+02   0.1005D+01
   0.7649D+00  -0.1585D-01   0.1414D+00  -0.6873D-02   0.1250D+00  -0.5447D-01   0.3156D+00   0.0000D+00   0.8016D-01   0.6907D-02   0.2314D-02   0.2261D-01   0.7649D+00  -0.1585D-01   0.1414D+00  -0.6873D-02   0.1250D+00  -0.5447D-01
  -0.6984D-03  -0.6186D-02  -0.3761D-02  -0.1178D-01  -0.6984D-03  -0.6186D-02  -0.3761D-02  -0.1178D-01
  0.500  2.000
  -0.6610D+01   0.0000D+00  -0.9821D+01   0.0000D+00   0.0000D+00   0.0000D+00  -0.1029D+02   0.0000D+00  -0.6610D+01   0.0000D+00  -0.9821D+01   0.0000D+00
   0.5469D+00   0.0000D+00   0.1015D+00   0.0000D+00   0.1236D+00   0.0000D+00   0.2388D+00   0.0000D+00   0.5307D-01   0.0000D+00   0.0000D+00   0.0000D+00   0.5469D+00   0.0000D+00   0.1015D+00   0.0000D+00   0.1236D+00   0.0000D+00
   0.0000D+00   0.0000D+00   0.0000D+00   0.0000D+00   0.0000D+00   0.0000D+00   0.0000D+00   0.0000D+00
  -0.6102D+01   0.1373D+01  -0.1010D+02   0.8339D+00   0.6357D+00  -0.9924D+00  -0.1127D+02  -0.8414D-01  -0.6102D+01   0.1373D+01  -0.1010D+02   0.8339D+00
   0.7467D+00  -0.1444D-01   0.1381D+00  -0.6262D-02   0.1252D+00  -0.4962D-01   0.3092D+00   0.0000D+00   0.7785D-01   0.6293D-02   0.2127D-02   0.2059D-01   0.7467D+00  -0.1444D-01   0.1381D+00  -0.6262D-02   0.1252D+00  -0.4962D-01
  -0.6361D-03  -0.5636D-02  -0.3426D-02  -0.1073D-01  -0.6361D-03  -0.5636D-02  -0.3426D-02  -0.1073D-01
  1.000  0.500
  -0.8030D+01   0.0000D+00  -0.1214D+02   0.0000D+00   0.0000D+00   0.0000D+00  -0.1267D+02   0.0000D+00  -0.8030D+01   0.0000D+00  -0.1214D+02   0.0000D+00
   0.5534D+00   0.0000D+00   0.1022D+00   0.0000D+00   0.1231D+00   0.0000D+00   0.2387D+00   0.0000D+00   0.5305D-01   0.0000D+00   0.0000D+00   0.0000D+00   0.5534D+00   0.0000D+00   0.1022D+00   0.0000D+00   0.1231D+00   0.0000D+00
   0.0000D+00   0.0000D+00   0.0000D+00   0.0000D+00   0.0000D+00   0.0000D+00   0.0000D+00   0.0000D+00
  -0.5558D+01   0.2075D+01  -0.9810D+01   0.1252D+01   0.9698D+00  -0.1483D+01  -0.1127D+02  -0.1247D+00  -0.5558D+01   0.2075D+01  -0.9810D+01   0.1252D+01
   0.7679D+00  -0.1760D-01   0.1408D+00  -0.7653D-02   0.1172D+00  -0.6131D-01   0.3156D+00   0.0000D+00   0.8083D-01   0.7572D-02   0.2838D-02   0.2478D-01   0.7679D+00  -0.1760D-01   0.1408D+00  -0.7653D-02   0.1172D+00  -0.6131D-01
  -0.8044D-03  -0.6648D-02  -0.4261D-02  -0.1307D-01  -0.8044D-03  -0.6648D-02  -0.4261D-02  -0.1307D-01
  1.000  1.000
  -0.7245D+01   0.0000D+00  -0.1095D+02   0.0000D+00   0.0000D+00   0.0000D+00  -0.1143D+02   0.0000D+00  -0.7245D+01   0.0000D+00  -0.1095D+02   0.0000D+00
   0.5534D+00   0.0000D+00   0.1022D+00   0.0000D+00   0.1231D+00   0.0000D+00   0.2387D+00   0.0000D+00   0.5305D-01   0.0000D+00   0.0000D+00   0.0000D+00   0.5534D+00   0.0000D+00   0.1022D+00   0.0000D+00   0.1231D+00   0.0000D+00
   0.0000D+00   0.0000D+00   0.0000D+00   0.0000D+00   0.0000D+00   0.0000D+00   0.0000D+00   0.0000D+00
  -0.5915D+01   0.1689D+01  -0.1009D+02   0.1019D+01   0.7889D+00  -0.1207D+01  -0.1137D+02  -0.1015D+00  -0.5915D+01   0.1689D+01  -0.1009D+02   0.1019D+01
   0.7463D+00  -0.1588D-01   0.1369D+00  -0.6905D-02   0.1175D+00  -0.5531D-01   0.3081D+00   0.0000D+00   0.7812D-01   0.6832D-02   0.2583D-02   0.2236D-01   0.7463D+00  -0.1588D-01   0.1369D+00  -0.6905D-02   0.1175D+00  -0.5531D-01
  -0.7256D-03  -0.5998D-02  -0.3844D-02  -0.1180D-01  -0.7256D-03  -0.5998D-02  -0.3844D-02  -0.1180D-01
  1.000  2.000
  -0.6600D+01   0.0000D+00  -0.9977D+01   0.0000D+00   0.0000D+00   0.0000D+00  -0.1041D+02   0.0000D+00  -0.6600D+01   0.0000D+00  -0.9977D+01   0.0000D+00
   0.5534D+00   0.0000D+00   0.1022D+00   0.0000D+00   0.1231D+00   0.0000D+00   0.2387D+00   0.0000D+00   0.5305D-01   0.0000D+00   0.0000D+00   0.0000D+00   0.5534D+00   0.0000D+00   0.1022D+00   0.0000D+00   0.1231D+00   0.0000D+00
   0.0000D+00   0.0000D+00   0.0000D+00   0.0000D+00   0.0000D+00   0.0000D+00   0.0000D+00   0.0000D+00
  -0.6063D+01   0.1402D+01  -0.1012D+02   0.8456D+00   0.6544D+00  -0.1002D+01  -0.1125D+02  -0.8421D-01  -0.6063D+01   0.1402D+01  -0.1012D+02   0.8456D+00
   0.7305D+00  -0.1447D-01   0.1341D+00  -0.6291D-02   0.1183D+00  -0.5039D-01   0.3023D+00   0.0000D+00   0.7600D-01   0.6224D-02   0.2371D-02   0.2037D-01   0.7305D+00  -0.1447D-01   0.1341D+00  -0.6291D-02   0.1183D+00  -0.5039D-01
  -0.6610D-03  -0.5465D-02  -0.3502D-02  -0.1075D-01  -0.6610D-03  -0.5465D-02  -0.3502D-02  -0.1075D-01
  2.000  0.500
  -0.7968D+01   0.0000D+00  -0.1221D+02   0.0000D+00   0.0000D+00   0.0000D+00  -0.1284D+02   0.0000D+00  -0.7968D+01   0.0000D+00  -0.1221D+02   0.0000D+00
   0.5578D+00   0.0000D+00   0.1030D+00   0.0000D+00   0.1227D+00   0.0000D+00   0.2425D+00   0.0000D+00   0.5389D-01   0.0000D+00   0.0000D+00   0.0000D+00   0.5578D+00   0.0000D+00   0.1030D+00   0.0000D+00   0.1227D+00   0.0000D+00
   0.0000D+00   0.0000D+00   0.0000D+00   0.0000D+00   0.0000D+00   0.0000D+00   0.0000D+00   0.0000D+00
  -0.5570D+01   0.2082D+01  -0.9904D+01   0.1249D+01   0.9549D+00  -0.1499D+01  -0.1166D+02  -0.1242D+00  -0.5570D+01   0.2082D+01  -0.9904D+01   0.1249D+01
   0.7762D+00  -0.1748D-01   0.1433D+00  -0.7700D-02   0.1210D+00  -0.6164D-01   0.3171D+00   0.0000D+00   0.8146D-01   0.7693D-02   0.2640D-02   0.2518D-01   0.7762D+00  -0.1748D-01   0.1433D+00  -0.7700D-02   0.1210D+00  -0.6164D-01
  -0.8140D-03  -0.6677D-02  -0.4330D-02  -0.1314D-01  -0.8140D-03  -0.6677D-02  -0.4330D-02  -0.1314D-01
  2.000  1.000
  -0.7188D+01   0.0000D+00  -0.1101D+02   0.0000D+00   0.0000D+00   0.0000D+00  -0.1158D+02   0.0000D+00  -0.7188D+01   0.0000D+00  -0.1101D+02   0.0000D+00
   0.5578D+00   0.0000D+00   0.1030D+00   0.0000D+00   0.1227D+00   0.0000D+00   0.2425D+00   0.0000D+00   0.5389D-01   0.0000D+00   0.0000D+00   0.0000D+00   0.5578D+00   0.0000D+00   0.1030D+00   0.0000D+00   0.1227D+00   0.0000D+00
   0.0000D+00   0.0000D+00   0.0000D+00   0.0000D+00   0.0000D+00   0.0000D+00   0.0000D+00   0.0000D+00
  -0.5897D+01   0.1694D+01  -0.1016D+02   0.1017D+01   0.7766D+00  -0.1220D+01  -0.1170D+02  -0.1011D+00  -0.5897D+01   0.1694D+01  -0.1016D+02   0.1017D+01
   0.7438D+00  -0.1577D-01   0.1375D+00  -0.6947D-02   0.1178D+00  -0.5561D-01   0.3074D+00   0.0000D+00   0.7805D-01   0.6940D-02   0.2337D-02   0.2271D-01   0.7438D+00  -0.1577D-01   0.1375D+00  -0.6947D-02   0.1178D+00  -0.5561D-01
  -0.7342D-03  -0.6024D-02  -0.3906D-02  -0.1186D-01  -0.7342D-03  -0.6024D-02  -0.3906D-02  -0.1186D-01
  2.000  2.000
  -0.6548D+01   0.0000D+00  -0.1003D+02   0.0000D+00   0.0000D+00   0.0000D+00  -0.1055D+02   0.0000D+00  -0.6548D+01   0.0000D+00  -0.1003D+02   0.0000D+00
   0.5578D+00   0.0000D+00   0.1030D+00   0.0000D+00   0.1227D+00   0.0000D+00   0.2425D+00   0.0000D+00   0.5389D-01   0.0000D+00   0.0000D+00   0.0000D+00   0.5578D+00   0.0000D+00   0.1030D+00   0.0000D+00   0.1227D+00   0.0000D+00
   0.0000D+00   0.0000D+00   0.0000D+00   0.0000D+00   0.0000D+00   0.0000D+00   0.0000D+00   0.0000D+00
  -0.6024D+01   0.1406D+01  -0.1017D+02   0.8438D+00   0.6442D+00  -0.1013D+01  -0.1154D+02  -0.8388D-01  -0.6024D+01   0.1406D+01  -0.1017D+02   0.8438D+00
   0.7169D+00  -0.1437D-01   0.1326D+00  -0.6329D-02   0.1150D+00  -0.5066D-01   0.2994D+00   0.0000D+00   0.7524D-01   0.6323D-02   0.2098D-02   0.2069D-01   0.7169D+00  -0.1437D-01   0.1326D+00  -0.6329D-02   0.1150D+00  -0.5066D-01
  -0.6688D-03  -0.5488D-02  -0.3559D-02  -0.1080D-01  -0.6688D-03  -0.5488D-02  -0.3559D-02  -0.1080D-01
