 LHC=           1 sqrts=   8000.0000000000000      ang=           4 mode=fital                                                                                               scalescheme=           1 R=  0.69999999999999996     
 CT10nlo_rand5678                                                                                             484
 Bin information: chid, chiu, md, mu, mu0
   0.0000000000000000       0.50000000000000000        846.00000000000000        905.00000000000000        875.50000000000000     
 9 scales(muf, mur)*(LO(38), NLO(38))
  0.500  0.500
  -0.2150D+00   0.0000D+00  -0.1690D+00   0.0000D+00   0.0000D+00   0.0000D+00  -0.1008D+00   0.0000D+00  -0.2150D+00   0.0000D+00  -0.1690D+00   0.0000D+00
   0.3824D+00   0.0000D+00   0.6115D-01   0.0000D+00   0.1433D+00   0.0000D+00   0.8327D-01   0.0000D+00   0.1850D-01   0.0000D+00   0.0000D+00   0.0000D+00   0.3824D+00   0.0000D+00   0.6115D-01   0.0000D+00   0.1433D+00   0.0000D+00
   0.0000D+00   0.0000D+00   0.0000D+00   0.0000D+00   0.0000D+00   0.0000D+00   0.0000D+00   0.0000D+00
  -0.1693D+00   0.2090D-01  -0.1473D+00   0.1196D-01   0.1227D-01  -0.9195D-02  -0.9028D-01   0.2938D-02  -0.1693D+00   0.2090D-01  -0.1473D+00   0.1196D-01
   0.2973D+00  -0.1597D-01   0.4922D-01  -0.4966D-02   0.7828D-01  -0.3156D-01   0.7187D-01   0.0000D+00   0.1786D-01   0.2063D-02  -0.2612D-02   0.6752D-02   0.2973D+00  -0.1597D-01   0.4922D-01  -0.4966D-02   0.7828D-01  -0.3156D-01
  -0.1569D-02  -0.4412D-02  -0.2163D-02  -0.4852D-02  -0.1569D-02  -0.4412D-02  -0.2163D-02  -0.4852D-02
  0.500  1.000
  -0.1984D+00   0.0000D+00  -0.1560D+00   0.0000D+00   0.0000D+00   0.0000D+00  -0.9297D-01   0.0000D+00  -0.1984D+00   0.0000D+00  -0.1560D+00   0.0000D+00
   0.3824D+00   0.0000D+00   0.6115D-01   0.0000D+00   0.1433D+00   0.0000D+00   0.8327D-01   0.0000D+00   0.1850D-01   0.0000D+00   0.0000D+00   0.0000D+00   0.3824D+00   0.0000D+00   0.6115D-01   0.0000D+00   0.1433D+00   0.0000D+00
   0.0000D+00   0.0000D+00   0.0000D+00   0.0000D+00   0.0000D+00   0.0000D+00   0.0000D+00   0.0000D+00
  -0.1743D+00   0.1780D-01  -0.1491D+00   0.1018D-01   0.1044D-01  -0.7829D-02  -0.9100D-01   0.2501D-02  -0.1743D+00   0.1780D-01  -0.1491D+00   0.1018D-01
   0.3040D+00  -0.1473D-01   0.5015D-01  -0.4583D-02   0.8333D-01  -0.2912D-01   0.7276D-01   0.0000D+00   0.1791D-01   0.1904D-02  -0.2410D-02   0.6230D-02   0.3040D+00  -0.1473D-01   0.5015D-01  -0.4583D-02   0.8333D-01  -0.2912D-01
  -0.1448D-02  -0.4071D-02  -0.1996D-02  -0.4477D-02  -0.1448D-02  -0.4071D-02  -0.1996D-02  -0.4477D-02
  0.500  2.000
  -0.1842D+00   0.0000D+00  -0.1448D+00   0.0000D+00   0.0000D+00   0.0000D+00  -0.8631D-01   0.0000D+00  -0.1842D+00   0.0000D+00  -0.1448D+00   0.0000D+00
   0.3824D+00   0.0000D+00   0.6115D-01   0.0000D+00   0.1433D+00   0.0000D+00   0.8327D-01   0.0000D+00   0.1850D-01   0.0000D+00   0.0000D+00   0.0000D+00   0.3824D+00   0.0000D+00   0.6115D-01   0.0000D+00   0.1433D+00   0.0000D+00
   0.0000D+00   0.0000D+00   0.0000D+00   0.0000D+00   0.0000D+00   0.0000D+00   0.0000D+00   0.0000D+00
  -0.1762D+00   0.1534D-01  -0.1490D+00   0.8775D-02   0.9003D-02  -0.6748D-02  -0.9061D-01   0.2156D-02  -0.1762D+00   0.1534D-01  -0.1490D+00   0.8775D-02
   0.3096D+00  -0.1368D-01   0.5095D-01  -0.4255D-02   0.8764D-01  -0.2704D-01   0.7352D-01   0.0000D+00   0.1796D-01   0.1767D-02  -0.2238D-02   0.5784D-02   0.3096D+00  -0.1368D-01   0.5095D-01  -0.4255D-02   0.8764D-01  -0.2704D-01
  -0.1344D-02  -0.3780D-02  -0.1853D-02  -0.4157D-02  -0.1344D-02  -0.3780D-02  -0.1853D-02  -0.4157D-02
  1.000  0.500
  -0.1939D+00   0.0000D+00  -0.1526D+00   0.0000D+00   0.0000D+00   0.0000D+00  -0.9073D-01   0.0000D+00  -0.1939D+00   0.0000D+00  -0.1526D+00   0.0000D+00
   0.3449D+00   0.0000D+00   0.5509D-01   0.0000D+00   0.1293D+00   0.0000D+00   0.7486D-01   0.0000D+00   0.1664D-01   0.0000D+00   0.0000D+00   0.0000D+00   0.3449D+00   0.0000D+00   0.5509D-01   0.0000D+00   0.1293D+00   0.0000D+00
   0.0000D+00   0.0000D+00   0.0000D+00   0.0000D+00   0.0000D+00   0.0000D+00   0.0000D+00   0.0000D+00
  -0.1715D+00   0.1884D-01  -0.1488D+00   0.1078D-01   0.1104D-01  -0.8286D-02  -0.9051D-01   0.2655D-02  -0.1715D+00   0.1884D-01  -0.1488D+00   0.1078D-01
   0.3012D+00  -0.1441D-01   0.4966D-01  -0.4483D-02   0.8354D-01  -0.2843D-01   0.7205D-01   0.0000D+00   0.1773D-01   0.1855D-02  -0.2385D-02   0.6070D-02   0.3012D+00  -0.1441D-01   0.4966D-01  -0.4483D-02   0.8354D-01  -0.2843D-01
  -0.1416D-02  -0.3975D-02  -0.1953D-02  -0.4365D-02  -0.1416D-02  -0.3975D-02  -0.1953D-02  -0.4365D-02
  1.000  1.000
  -0.1790D+00   0.0000D+00  -0.1408D+00   0.0000D+00   0.0000D+00   0.0000D+00  -0.8371D-01   0.0000D+00  -0.1790D+00   0.0000D+00  -0.1408D+00   0.0000D+00
   0.3449D+00   0.0000D+00   0.5509D-01   0.0000D+00   0.1293D+00   0.0000D+00   0.7486D-01   0.0000D+00   0.1664D-01   0.0000D+00   0.0000D+00   0.0000D+00   0.3449D+00   0.0000D+00   0.5509D-01   0.0000D+00   0.1293D+00   0.0000D+00
   0.0000D+00   0.0000D+00   0.0000D+00   0.0000D+00   0.0000D+00   0.0000D+00   0.0000D+00   0.0000D+00
  -0.1732D+00   0.1604D-01  -0.1481D+00   0.9178D-02   0.9404D-02  -0.7054D-02  -0.8979D-01   0.2261D-02  -0.1732D+00   0.1604D-01  -0.1481D+00   0.9178D-02
   0.3046D+00  -0.1330D-01   0.5009D-01  -0.4137D-02   0.8710D-01  -0.2623D-01   0.7228D-01   0.0000D+00   0.1765D-01   0.1711D-02  -0.2200D-02   0.5601D-02   0.3046D+00  -0.1330D-01   0.5009D-01  -0.4137D-02   0.8710D-01  -0.2623D-01
  -0.1307D-02  -0.3668D-02  -0.1802D-02  -0.4027D-02  -0.1307D-02  -0.3668D-02  -0.1802D-02  -0.4027D-02
  1.000  2.000
  -0.1661D+00   0.0000D+00  -0.1307D+00   0.0000D+00   0.0000D+00   0.0000D+00  -0.7772D-01   0.0000D+00  -0.1661D+00   0.0000D+00  -0.1307D+00   0.0000D+00
   0.3449D+00   0.0000D+00   0.5509D-01   0.0000D+00   0.1293D+00   0.0000D+00   0.7486D-01   0.0000D+00   0.1664D-01   0.0000D+00   0.0000D+00   0.0000D+00   0.3449D+00   0.0000D+00   0.5509D-01   0.0000D+00   0.1293D+00   0.0000D+00
   0.0000D+00   0.0000D+00   0.0000D+00   0.0000D+00   0.0000D+00   0.0000D+00   0.0000D+00   0.0000D+00
  -0.1727D+00   0.1383D-01  -0.1461D+00   0.7911D-02   0.8106D-02  -0.6080D-02  -0.8835D-01   0.1949D-02  -0.1727D+00   0.1383D-01  -0.1461D+00   0.7911D-02
   0.3076D+00  -0.1235D-01   0.5045D-01  -0.3841D-02   0.9013D-01  -0.2435D-01   0.7247D-01   0.0000D+00   0.1758D-01   0.1589D-02  -0.2043D-02   0.5200D-02   0.3076D+00  -0.1235D-01   0.5045D-01  -0.3841D-02   0.9013D-01  -0.2435D-01
  -0.1213D-02  -0.3406D-02  -0.1673D-02  -0.3739D-02  -0.1213D-02  -0.3406D-02  -0.1673D-02  -0.3739D-02
  2.000  0.500
  -0.1765D+00   0.0000D+00  -0.1385D+00   0.0000D+00   0.0000D+00   0.0000D+00  -0.8227D-01   0.0000D+00  -0.1765D+00   0.0000D+00  -0.1385D+00   0.0000D+00
   0.3130D+00   0.0000D+00   0.5001D-01   0.0000D+00   0.1176D+00   0.0000D+00   0.6774D-01   0.0000D+00   0.1505D-01   0.0000D+00   0.0000D+00   0.0000D+00   0.3130D+00   0.0000D+00   0.5001D-01   0.0000D+00   0.1176D+00   0.0000D+00
   0.0000D+00   0.0000D+00   0.0000D+00   0.0000D+00   0.0000D+00   0.0000D+00   0.0000D+00   0.0000D+00
  -0.1750D+00   0.1711D-01  -0.1495D+00   0.9792D-02   0.1010D-01  -0.7503D-02  -0.9098D-01   0.2425D-02  -0.1750D+00   0.1711D-01  -0.1495D+00   0.9792D-02
   0.3057D+00  -0.1309D-01   0.5035D-01  -0.4068D-02   0.8813D-01  -0.2581D-01   0.7235D-01   0.0000D+00   0.1764D-01   0.1678D-02  -0.2080D-02   0.5493D-02   0.3057D+00  -0.1309D-01   0.5035D-01  -0.4068D-02   0.8813D-01  -0.2581D-01
  -0.1289D-02  -0.3601D-02  -0.1774D-02  -0.3955D-02  -0.1289D-02  -0.3601D-02  -0.1774D-02  -0.3955D-02
  2.000  1.000
  -0.1628D+00   0.0000D+00  -0.1278D+00   0.0000D+00   0.0000D+00   0.0000D+00  -0.7591D-01   0.0000D+00  -0.1628D+00   0.0000D+00  -0.1278D+00   0.0000D+00
   0.3130D+00   0.0000D+00   0.5001D-01   0.0000D+00   0.1176D+00   0.0000D+00   0.6774D-01   0.0000D+00   0.1505D-01   0.0000D+00   0.0000D+00   0.0000D+00   0.3130D+00   0.0000D+00   0.5001D-01   0.0000D+00   0.1176D+00   0.0000D+00
   0.0000D+00   0.0000D+00   0.0000D+00   0.0000D+00   0.0000D+00   0.0000D+00   0.0000D+00   0.0000D+00
  -0.1738D+00   0.1457D-01  -0.1468D+00   0.8336D-02   0.8600D-02  -0.6387D-02  -0.8900D-01   0.2064D-02  -0.1738D+00   0.1457D-01  -0.1468D+00   0.8336D-02
   0.3063D+00  -0.1208D-01   0.5033D-01  -0.3754D-02   0.9043D-01  -0.2381D-01   0.7201D-01   0.0000D+00   0.1744D-01   0.1549D-02  -0.1919D-02   0.5068D-02   0.3063D+00  -0.1208D-01   0.5033D-01  -0.3754D-02   0.9043D-01  -0.2381D-01
  -0.1190D-02  -0.3323D-02  -0.1637D-02  -0.3649D-02  -0.1190D-02  -0.3323D-02  -0.1637D-02  -0.3649D-02
  2.000  2.000
  -0.1512D+00   0.0000D+00  -0.1187D+00   0.0000D+00   0.0000D+00   0.0000D+00  -0.7047D-01   0.0000D+00  -0.1512D+00   0.0000D+00  -0.1187D+00   0.0000D+00
   0.3130D+00   0.0000D+00   0.5001D-01   0.0000D+00   0.1176D+00   0.0000D+00   0.6774D-01   0.0000D+00   0.1505D-01   0.0000D+00   0.0000D+00   0.0000D+00   0.3130D+00   0.0000D+00   0.5001D-01   0.0000D+00   0.1176D+00   0.0000D+00
   0.0000D+00   0.0000D+00   0.0000D+00   0.0000D+00   0.0000D+00   0.0000D+00   0.0000D+00   0.0000D+00
  -0.1711D+00   0.1256D-01  -0.1432D+00   0.7186D-02   0.7413D-02  -0.5506D-02  -0.8665D-01   0.1779D-02  -0.1711D+00   0.1256D-01  -0.1432D+00   0.7186D-02
   0.3068D+00  -0.1121D-01   0.5032D-01  -0.3485D-02   0.9239D-01  -0.2211D-01   0.7171D-01   0.0000D+00   0.1727D-01   0.1438D-02  -0.1782D-02   0.4705D-02   0.3068D+00  -0.1121D-01   0.5032D-01  -0.3485D-02   0.9239D-01  -0.2211D-01
  -0.1104D-02  -0.3085D-02  -0.1520D-02  -0.3388D-02  -0.1104D-02  -0.3085D-02  -0.1520D-02  -0.3388D-02
