 LHC=           1 sqrts=   8000.0000000000000      ang=           4 mode=fital                                                                                               scalescheme=           1 R=  0.69999999999999996     
 CT10nlo_rand5678                                                                                             191
 Bin information: chid, chiu, md, mu, mu0
   0.0000000000000000       0.50000000000000000        2500.0000000000000        2750.0000000000000        2625.0000000000000     
 9 scales(muf, mur)*(LO(38), NLO(38))
  0.500  0.500
  -0.6481D-04   0.0000D+00  -0.4646D-04   0.0000D+00   0.0000D+00   0.0000D+00  -0.1641D-04   0.0000D+00  -0.6481D-04   0.0000D+00  -0.4646D-04   0.0000D+00
   0.9770D-03   0.0000D+00   0.1485D-03   0.0000D+00   0.4116D-03   0.0000D+00   0.1112D-03   0.0000D+00   0.2471D-04   0.0000D+00   0.0000D+00   0.0000D+00   0.9770D-03   0.0000D+00   0.1485D-03   0.0000D+00   0.4116D-03   0.0000D+00
   0.0000D+00   0.0000D+00   0.0000D+00   0.0000D+00   0.0000D+00   0.0000D+00   0.0000D+00   0.0000D+00
  -0.6276D-04   0.4874D-05  -0.4541D-04   0.2542D-05   0.8430D-06  -0.1324D-05  -0.1503D-04   0.1275D-05  -0.6276D-04   0.4874D-05  -0.4541D-04   0.2542D-05
   0.7987D-03  -0.4057D-04   0.1225D-03  -0.1181D-04   0.2828D-03  -0.7044D-04   0.9805D-04   0.0000D+00   0.2384D-04   0.2436D-05  -0.4089D-05   0.7971D-05   0.7987D-03  -0.4057D-04   0.1225D-03  -0.1181D-04   0.2828D-03  -0.7044D-04
  -0.4538D-05  -0.1009D-04  -0.4394D-05  -0.8711D-05  -0.4538D-05  -0.1009D-04  -0.4394D-05  -0.8711D-05
  0.500  1.000
  -0.6035D-04   0.0000D+00  -0.4327D-04   0.0000D+00   0.0000D+00   0.0000D+00  -0.1529D-04   0.0000D+00  -0.6035D-04   0.0000D+00  -0.4327D-04   0.0000D+00
   0.9770D-03   0.0000D+00   0.1485D-03   0.0000D+00   0.4116D-03   0.0000D+00   0.1112D-03   0.0000D+00   0.2471D-04   0.0000D+00   0.0000D+00   0.0000D+00   0.9770D-03   0.0000D+00   0.1485D-03   0.0000D+00   0.4116D-03   0.0000D+00
   0.0000D+00   0.0000D+00   0.0000D+00   0.0000D+00   0.0000D+00   0.0000D+00   0.0000D+00   0.0000D+00
  -0.6260D-04   0.4227D-05  -0.4524D-04   0.2205D-05   0.7313D-06  -0.1148D-05  -0.1510D-04   0.1106D-05  -0.6260D-04   0.4227D-05  -0.4524D-04   0.2205D-05
   0.8110D-03  -0.3779D-04   0.1243D-03  -0.1100D-04   0.2916D-03  -0.6560D-04   0.9895D-04   0.0000D+00   0.2390D-04   0.2268D-05  -0.3808D-05   0.7424D-05   0.8110D-03  -0.3779D-04   0.1243D-03  -0.1100D-04   0.2916D-03  -0.6560D-04
  -0.4227D-05  -0.9392D-05  -0.4092D-05  -0.8113D-05  -0.4227D-05  -0.9392D-05  -0.4092D-05  -0.8113D-05
  0.500  2.000
  -0.5648D-04   0.0000D+00  -0.4049D-04   0.0000D+00   0.0000D+00   0.0000D+00  -0.1431D-04   0.0000D+00  -0.5648D-04   0.0000D+00  -0.4049D-04   0.0000D+00
   0.9770D-03   0.0000D+00   0.1485D-03   0.0000D+00   0.4116D-03   0.0000D+00   0.1112D-03   0.0000D+00   0.2471D-04   0.0000D+00   0.0000D+00   0.0000D+00   0.9770D-03   0.0000D+00   0.1485D-03   0.0000D+00   0.4116D-03   0.0000D+00
   0.0000D+00   0.0000D+00   0.0000D+00   0.0000D+00   0.0000D+00   0.0000D+00   0.0000D+00   0.0000D+00
  -0.6196D-04   0.3702D-05  -0.4474D-04   0.1931D-05   0.6405D-06  -0.1005D-05  -0.1504D-04   0.9687D-06  -0.6196D-04   0.3702D-05  -0.4474D-04   0.1931D-05
   0.8217D-03  -0.3536D-04   0.1258D-03  -0.1030D-04   0.2994D-03  -0.6140D-04   0.9974D-04   0.0000D+00   0.2395D-04   0.2123D-05  -0.3564D-05   0.6948D-05   0.8217D-03  -0.3536D-04   0.1258D-03  -0.1030D-04   0.2994D-03  -0.6140D-04
  -0.3955D-05  -0.8790D-05  -0.3830D-05  -0.7592D-05  -0.3955D-05  -0.8790D-05  -0.3830D-05  -0.7592D-05
  1.000  0.500
  -0.5159D-04   0.0000D+00  -0.3721D-04   0.0000D+00   0.0000D+00   0.0000D+00  -0.1313D-04   0.0000D+00  -0.5159D-04   0.0000D+00  -0.3721D-04   0.0000D+00
   0.7806D-03   0.0000D+00   0.1189D-03   0.0000D+00   0.3275D-03   0.0000D+00   0.8902D-04   0.0000D+00   0.1978D-04   0.0000D+00   0.0000D+00   0.0000D+00   0.7806D-03   0.0000D+00   0.1189D-03   0.0000D+00   0.3275D-03   0.0000D+00
   0.0000D+00   0.0000D+00   0.0000D+00   0.0000D+00   0.0000D+00   0.0000D+00   0.0000D+00   0.0000D+00
  -0.6171D-04   0.3903D-05  -0.4461D-04   0.2029D-05   0.6589D-06  -0.1059D-05  -0.1495D-04   0.1021D-05  -0.6171D-04   0.3903D-05  -0.4461D-04   0.2029D-05
   0.8132D-03  -0.3229D-04   0.1244D-03  -0.9420D-05   0.2991D-03  -0.5630D-04   0.9831D-04   0.0000D+00   0.2349D-04   0.1950D-05  -0.3230D-05   0.6381D-05   0.8132D-03  -0.3229D-04   0.1244D-03  -0.9420D-05   0.2991D-03  -0.5630D-04
  -0.3614D-05  -0.8039D-05  -0.3519D-05  -0.6980D-05  -0.3614D-05  -0.8039D-05  -0.3519D-05  -0.6980D-05
  1.000  1.000
  -0.4804D-04   0.0000D+00  -0.3465D-04   0.0000D+00   0.0000D+00   0.0000D+00  -0.1223D-04   0.0000D+00  -0.4804D-04   0.0000D+00  -0.3465D-04   0.0000D+00
   0.7806D-03   0.0000D+00   0.1189D-03   0.0000D+00   0.3275D-03   0.0000D+00   0.8902D-04   0.0000D+00   0.1978D-04   0.0000D+00   0.0000D+00   0.0000D+00   0.7806D-03   0.0000D+00   0.1189D-03   0.0000D+00   0.3275D-03   0.0000D+00
   0.0000D+00   0.0000D+00   0.0000D+00   0.0000D+00   0.0000D+00   0.0000D+00   0.0000D+00   0.0000D+00
  -0.6002D-04   0.3385D-05  -0.4338D-04   0.1760D-05   0.5715D-06  -0.9181D-06  -0.1462D-04   0.8858D-06  -0.6002D-04   0.3385D-05  -0.4338D-04   0.1760D-05
   0.8110D-03  -0.3007D-04   0.1240D-03  -0.8773D-05   0.3011D-03  -0.5243D-04   0.9767D-04   0.0000D+00   0.2324D-04   0.1816D-05  -0.3008D-05   0.5943D-05   0.8110D-03  -0.3007D-04   0.1240D-03  -0.8773D-05   0.3011D-03  -0.5243D-04
  -0.3365D-05  -0.7487D-05  -0.3277D-05  -0.6500D-05  -0.3365D-05  -0.7487D-05  -0.3277D-05  -0.6500D-05
  1.000  2.000
  -0.4496D-04   0.0000D+00  -0.3243D-04   0.0000D+00   0.0000D+00   0.0000D+00  -0.1144D-04   0.0000D+00  -0.4496D-04   0.0000D+00  -0.3243D-04   0.0000D+00
   0.7806D-03   0.0000D+00   0.1189D-03   0.0000D+00   0.3275D-03   0.0000D+00   0.8902D-04   0.0000D+00   0.1978D-04   0.0000D+00   0.0000D+00   0.0000D+00   0.7806D-03   0.0000D+00   0.1189D-03   0.0000D+00   0.3275D-03   0.0000D+00
   0.0000D+00   0.0000D+00   0.0000D+00   0.0000D+00   0.0000D+00   0.0000D+00   0.0000D+00   0.0000D+00
  -0.5825D-04   0.2965D-05  -0.4210D-04   0.1542D-05   0.5006D-06  -0.8040D-06  -0.1425D-04   0.7758D-06  -0.5825D-04   0.2965D-05  -0.4210D-04   0.1542D-05
   0.8091D-03  -0.2814D-04   0.1237D-03  -0.8210D-05   0.3028D-03  -0.4907D-04   0.9712D-04   0.0000D+00   0.2302D-04   0.1699D-05  -0.2816D-05   0.5562D-05   0.8091D-03  -0.2814D-04   0.1237D-03  -0.8210D-05   0.3028D-03  -0.4907D-04
  -0.3149D-05  -0.7006D-05  -0.3067D-05  -0.6083D-05  -0.3149D-05  -0.7006D-05  -0.3067D-05  -0.6083D-05
  2.000  0.500
  -0.4169D-04   0.0000D+00  -0.3022D-04   0.0000D+00   0.0000D+00   0.0000D+00  -0.1066D-04   0.0000D+00  -0.4169D-04   0.0000D+00  -0.3022D-04   0.0000D+00
   0.6326D-03   0.0000D+00   0.9654D-04   0.0000D+00   0.2645D-03   0.0000D+00   0.7231D-04   0.0000D+00   0.1607D-04   0.0000D+00   0.0000D+00   0.0000D+00   0.6326D-03   0.0000D+00   0.9654D-04   0.0000D+00   0.2645D-03   0.0000D+00
   0.0000D+00   0.0000D+00   0.0000D+00   0.0000D+00   0.0000D+00   0.0000D+00   0.0000D+00   0.0000D+00
  -0.5947D-04   0.3171D-05  -0.4301D-04   0.1644D-05   0.5243D-06  -0.8592D-06  -0.1452D-04   0.8300D-06  -0.5947D-04   0.3171D-05  -0.4301D-04   0.1644D-05
   0.8022D-03  -0.2607D-04   0.1227D-03  -0.7623D-05   0.3023D-03  -0.4565D-04   0.9602D-04   0.0000D+00   0.2269D-04   0.1584D-05  -0.2610D-05   0.5184D-05   0.8022D-03  -0.2607D-04   0.1227D-03  -0.7623D-05   0.3023D-03  -0.4565D-04
  -0.2921D-05  -0.6503D-05  -0.2860D-05  -0.5667D-05  -0.2921D-05  -0.6503D-05  -0.2860D-05  -0.5667D-05
  2.000  1.000
  -0.3883D-04   0.0000D+00  -0.2814D-04   0.0000D+00   0.0000D+00   0.0000D+00  -0.9924D-05   0.0000D+00  -0.3883D-04   0.0000D+00  -0.2814D-04   0.0000D+00
   0.6326D-03   0.0000D+00   0.9654D-04   0.0000D+00   0.2645D-03   0.0000D+00   0.7231D-04   0.0000D+00   0.1607D-04   0.0000D+00   0.0000D+00   0.0000D+00   0.6326D-03   0.0000D+00   0.9654D-04   0.0000D+00   0.2645D-03   0.0000D+00
   0.0000D+00   0.0000D+00   0.0000D+00   0.0000D+00   0.0000D+00   0.0000D+00   0.0000D+00   0.0000D+00
  -0.5683D-04   0.2750D-05  -0.4111D-04   0.1426D-05   0.4548D-06  -0.7452D-06  -0.1394D-04   0.7199D-06  -0.5683D-04   0.2750D-05  -0.4111D-04   0.1426D-05
   0.7906D-03  -0.2428D-04   0.1209D-03  -0.7099D-05   0.2997D-03  -0.4251D-04   0.9440D-04   0.0000D+00   0.2224D-04   0.1475D-05  -0.2431D-05   0.4828D-05   0.7906D-03  -0.2428D-04   0.1209D-03  -0.7099D-05   0.2997D-03  -0.4251D-04
  -0.2720D-05  -0.6056D-05  -0.2663D-05  -0.5278D-05  -0.2720D-05  -0.6056D-05  -0.2663D-05  -0.5278D-05
  2.000  2.000
  -0.3634D-04   0.0000D+00  -0.2634D-04   0.0000D+00   0.0000D+00   0.0000D+00  -0.9287D-05   0.0000D+00  -0.3634D-04   0.0000D+00  -0.2634D-04   0.0000D+00
   0.6326D-03   0.0000D+00   0.9654D-04   0.0000D+00   0.2645D-03   0.0000D+00   0.7231D-04   0.0000D+00   0.1607D-04   0.0000D+00   0.0000D+00   0.0000D+00   0.6326D-03   0.0000D+00   0.9654D-04   0.0000D+00   0.2645D-03   0.0000D+00
   0.0000D+00   0.0000D+00   0.0000D+00   0.0000D+00   0.0000D+00   0.0000D+00   0.0000D+00   0.0000D+00
  -0.5437D-04   0.2409D-05  -0.3934D-04   0.1248D-05   0.3983D-06  -0.6527D-06  -0.1338D-04   0.6305D-06  -0.5437D-04   0.2409D-05  -0.3934D-04   0.1248D-05
   0.7804D-03  -0.2272D-04   0.1194D-03  -0.6644D-05   0.2975D-03  -0.3979D-04   0.9298D-04   0.0000D+00   0.2184D-04   0.1380D-05  -0.2275D-05   0.4518D-05   0.7804D-03  -0.2272D-04   0.1194D-03  -0.6644D-05   0.2975D-03  -0.3979D-04
  -0.2546D-05  -0.5668D-05  -0.2493D-05  -0.4939D-05  -0.2546D-05  -0.5668D-05  -0.2493D-05  -0.4939D-05
