 LHC=           1 sqrts=   8000.0000000000000      ang=           4 mode=fital                                                                                               scalescheme=           1 R=  0.69999999999999996     
 NNPDF23_nlo_as_0118                                                                                            7
 Bin information: chid, chiu, md, mu, mu0
   0.0000000000000000       0.50000000000000000        1410.0000000000000        1497.0000000000000        1453.5000000000000     
 9 scales(muf, mur)*(LO(38), NLO(38))
  0.500  0.500
  -0.2330D-01   0.0000D+00  -0.1525D-01   0.0000D+00   0.0000D+00   0.0000D+00  -0.6490D-02   0.0000D+00  -0.2330D-01   0.0000D+00  -0.1525D-01   0.0000D+00
   0.9861D-01   0.0000D+00   0.1468D-01   0.0000D+00   0.4343D-01   0.0000D+00   0.1362D-01   0.0000D+00   0.3026D-02   0.0000D+00   0.0000D+00   0.0000D+00   0.9861D-01   0.0000D+00   0.1468D-01   0.0000D+00   0.4343D-01   0.0000D+00
   0.0000D+00   0.0000D+00   0.0000D+00   0.0000D+00   0.0000D+00   0.0000D+00   0.0000D+00   0.0000D+00
  -0.1960D-01   0.1756D-02  -0.1352D-01   0.9936D-03   0.7866D-03  -0.5667D-03  -0.5578D-02   0.3940D-03  -0.1960D-01   0.1756D-02  -0.1352D-01   0.9936D-03
   0.7243D-01  -0.4635D-02   0.1105D-01  -0.1318D-02   0.2505D-01  -0.7652D-02   0.1126D-01   0.0000D+00   0.2774D-02   0.3231D-03  -0.7691D-03   0.1057D-02   0.7243D-01  -0.4635D-02   0.1105D-01  -0.1318D-02   0.2505D-01  -0.7652D-02
  -0.4893D-03  -0.1174D-02  -0.4720D-03  -0.9841D-03  -0.4893D-03  -0.1174D-02  -0.4720D-03  -0.9841D-03
  0.500  1.000
  -0.2172D-01   0.0000D+00  -0.1422D-01   0.0000D+00   0.0000D+00   0.0000D+00  -0.6051D-02   0.0000D+00  -0.2172D-01   0.0000D+00  -0.1422D-01   0.0000D+00
   0.9861D-01   0.0000D+00   0.1468D-01   0.0000D+00   0.4343D-01   0.0000D+00   0.1362D-01   0.0000D+00   0.3026D-02   0.0000D+00   0.0000D+00   0.0000D+00   0.9861D-01   0.0000D+00   0.1468D-01   0.0000D+00   0.4343D-01   0.0000D+00
   0.0000D+00   0.0000D+00   0.0000D+00   0.0000D+00   0.0000D+00   0.0000D+00   0.0000D+00   0.0000D+00
  -0.2008D-01   0.1526D-02  -0.1374D-01   0.8638D-03   0.6839D-03  -0.4927D-03  -0.5695D-02   0.3425D-03  -0.2008D-01   0.1526D-02  -0.1374D-01   0.8638D-03
   0.7421D-01  -0.4321D-02   0.1130D-01  -0.1229D-02   0.2630D-01  -0.7135D-02   0.1142D-01   0.0000D+00   0.2791D-02   0.3012D-03  -0.7172D-03   0.9858D-03   0.7421D-01  -0.4321D-02   0.1130D-01  -0.1229D-02   0.2630D-01  -0.7135D-02
  -0.4563D-03  -0.1095D-02  -0.4401D-03  -0.9176D-03  -0.4563D-03  -0.1095D-02  -0.4401D-03  -0.9176D-03
  0.500  2.000
  -0.2035D-01   0.0000D+00  -0.1332D-01   0.0000D+00   0.0000D+00   0.0000D+00  -0.5669D-02   0.0000D+00  -0.2035D-01   0.0000D+00  -0.1332D-01   0.0000D+00
   0.9861D-01   0.0000D+00   0.1468D-01   0.0000D+00   0.4343D-01   0.0000D+00   0.1362D-01   0.0000D+00   0.3026D-02   0.0000D+00   0.0000D+00   0.0000D+00   0.9861D-01   0.0000D+00   0.1468D-01   0.0000D+00   0.4343D-01   0.0000D+00
   0.0000D+00   0.0000D+00   0.0000D+00   0.0000D+00   0.0000D+00   0.0000D+00   0.0000D+00   0.0000D+00
  -0.2028D-01   0.1339D-02  -0.1381D-01   0.7581D-03   0.6002D-03  -0.4324D-03  -0.5740D-02   0.3006D-03  -0.2028D-01   0.1339D-02  -0.1381D-01   0.7581D-03
   0.7576D-01  -0.4048D-02   0.1151D-01  -0.1151D-02   0.2738D-01  -0.6684D-02   0.1156D-01   0.0000D+00   0.2806D-02   0.2822D-03  -0.6719D-03   0.9235D-03   0.7576D-01  -0.4048D-02   0.1151D-01  -0.1151D-02   0.2738D-01  -0.6684D-02
  -0.4274D-03  -0.1026D-02  -0.4123D-03  -0.8596D-03  -0.4274D-03  -0.1026D-02  -0.4123D-03  -0.8596D-03
  1.000  0.500
  -0.2011D-01   0.0000D+00  -0.1313D-01   0.0000D+00   0.0000D+00   0.0000D+00  -0.5574D-02   0.0000D+00  -0.2011D-01   0.0000D+00  -0.1313D-01   0.0000D+00
   0.8497D-01   0.0000D+00   0.1263D-01   0.0000D+00   0.3750D-01   0.0000D+00   0.1168D-01   0.0000D+00   0.2595D-02   0.0000D+00   0.0000D+00   0.0000D+00   0.8497D-01   0.0000D+00   0.1263D-01   0.0000D+00   0.3750D-01   0.0000D+00
   0.0000D+00   0.0000D+00   0.0000D+00   0.0000D+00   0.0000D+00   0.0000D+00   0.0000D+00   0.0000D+00
  -0.1986D-01   0.1511D-02  -0.1359D-01   0.8558D-03   0.6762D-03  -0.4866D-03  -0.5638D-02   0.3411D-03  -0.1986D-01   0.1511D-02  -0.1359D-01   0.8558D-03
   0.7492D-01  -0.4000D-02   0.1137D-01  -0.1136D-02   0.2719D-01  -0.6606D-02   0.1144D-01   0.0000D+00   0.2772D-02   0.2769D-03  -0.6643D-03   0.9062D-03   0.7492D-01  -0.4000D-02   0.1137D-01  -0.1136D-02   0.2719D-01  -0.6606D-02
  -0.4232D-03  -0.1012D-02  -0.4060D-03  -0.8470D-03  -0.4232D-03  -0.1012D-02  -0.4060D-03  -0.8470D-03
  1.000  1.000
  -0.1875D-01   0.0000D+00  -0.1224D-01   0.0000D+00   0.0000D+00   0.0000D+00  -0.5198D-02   0.0000D+00  -0.1875D-01   0.0000D+00  -0.1224D-01   0.0000D+00
   0.8497D-01   0.0000D+00   0.1263D-01   0.0000D+00   0.3750D-01   0.0000D+00   0.1168D-01   0.0000D+00   0.2595D-02   0.0000D+00   0.0000D+00   0.0000D+00   0.8497D-01   0.0000D+00   0.1263D-01   0.0000D+00   0.3750D-01   0.0000D+00
   0.0000D+00   0.0000D+00   0.0000D+00   0.0000D+00   0.0000D+00   0.0000D+00   0.0000D+00   0.0000D+00
  -0.1989D-01   0.1314D-02  -0.1353D-01   0.7440D-03   0.5880D-03  -0.4230D-03  -0.5628D-02   0.2965D-03  -0.1989D-01   0.1314D-02  -0.1353D-01   0.7440D-03
   0.7561D-01  -0.3729D-02   0.1145D-01  -0.1059D-02   0.2789D-01  -0.6159D-02   0.1146D-01   0.0000D+00   0.2760D-02   0.2582D-03  -0.6195D-03   0.8449D-03   0.7561D-01  -0.3729D-02   0.1145D-01  -0.1059D-02   0.2789D-01  -0.6159D-02
  -0.3946D-03  -0.9437D-03  -0.3785D-03  -0.7898D-03  -0.3946D-03  -0.9437D-03  -0.3785D-03  -0.7898D-03
  1.000  2.000
  -0.1756D-01   0.0000D+00  -0.1147D-01   0.0000D+00   0.0000D+00   0.0000D+00  -0.4869D-02   0.0000D+00  -0.1756D-01   0.0000D+00  -0.1147D-01   0.0000D+00
   0.8497D-01   0.0000D+00   0.1263D-01   0.0000D+00   0.3750D-01   0.0000D+00   0.1168D-01   0.0000D+00   0.2595D-02   0.0000D+00   0.0000D+00   0.0000D+00   0.8497D-01   0.0000D+00   0.1263D-01   0.0000D+00   0.3750D-01   0.0000D+00
   0.0000D+00   0.0000D+00   0.0000D+00   0.0000D+00   0.0000D+00   0.0000D+00   0.0000D+00   0.0000D+00
  -0.1975D-01   0.1153D-02  -0.1337D-01   0.6530D-03   0.5160D-03  -0.3712D-03  -0.5576D-02   0.2602D-03  -0.1975D-01   0.1153D-02  -0.1337D-01   0.6530D-03
   0.7621D-01  -0.3494D-02   0.1153D-01  -0.9924D-03   0.2850D-01  -0.5770D-02   0.1147D-01   0.0000D+00   0.2750D-02   0.2419D-03  -0.5803D-03   0.7915D-03   0.7621D-01  -0.3494D-02   0.1153D-01  -0.9924D-03   0.2850D-01  -0.5770D-02
  -0.3696D-03  -0.8840D-03  -0.3546D-03  -0.7398D-03  -0.3696D-03  -0.8840D-03  -0.3546D-03  -0.7398D-03
  2.000  0.500
  -0.1753D-01   0.0000D+00  -0.1141D-01   0.0000D+00   0.0000D+00   0.0000D+00  -0.4824D-02   0.0000D+00  -0.1753D-01   0.0000D+00  -0.1141D-01   0.0000D+00
   0.7382D-01   0.0000D+00   0.1097D-01   0.0000D+00   0.3267D-01   0.0000D+00   0.1010D-01   0.0000D+00   0.2244D-02   0.0000D+00   0.0000D+00   0.0000D+00   0.7382D-01   0.0000D+00   0.1097D-01   0.0000D+00   0.3267D-01   0.0000D+00
   0.0000D+00   0.0000D+00   0.0000D+00   0.0000D+00   0.0000D+00   0.0000D+00   0.0000D+00   0.0000D+00
  -0.1995D-01   0.1313D-02  -0.1353D-01   0.7449D-03   0.5847D-03  -0.4213D-03  -0.5628D-02   0.2976D-03  -0.1995D-01   0.1313D-02  -0.1353D-01   0.7449D-03
   0.7612D-01  -0.3487D-02   0.1154D-01  -0.9882D-03   0.2850D-01  -0.5726D-02   0.1148D-01   0.0000D+00   0.2748D-02   0.2394D-03  -0.5781D-03   0.7834D-03   0.7612D-01  -0.3487D-02   0.1154D-01  -0.9882D-03   0.2850D-01  -0.5726D-02
  -0.3696D-03  -0.8791D-03  -0.3525D-03  -0.7339D-03  -0.3696D-03  -0.8791D-03  -0.3525D-03  -0.7339D-03
  2.000  1.000
  -0.1635D-01   0.0000D+00  -0.1064D-01   0.0000D+00   0.0000D+00   0.0000D+00  -0.4498D-02   0.0000D+00  -0.1635D-01   0.0000D+00  -0.1064D-01   0.0000D+00
   0.7382D-01   0.0000D+00   0.1097D-01   0.0000D+00   0.3267D-01   0.0000D+00   0.1010D-01   0.0000D+00   0.2244D-02   0.0000D+00   0.0000D+00   0.0000D+00   0.7382D-01   0.0000D+00   0.1097D-01   0.0000D+00   0.3267D-01   0.0000D+00
   0.0000D+00   0.0000D+00   0.0000D+00   0.0000D+00   0.0000D+00   0.0000D+00   0.0000D+00   0.0000D+00
  -0.1963D-01   0.1142D-02  -0.1325D-01   0.6476D-03   0.5084D-03  -0.3663D-03  -0.5522D-02   0.2587D-03  -0.1963D-01   0.1142D-02  -0.1325D-01   0.6476D-03
   0.7597D-01  -0.3251D-02   0.1150D-01  -0.9214D-03   0.2879D-01  -0.5339D-02   0.1139D-01   0.0000D+00   0.2714D-02   0.2232D-03  -0.5391D-03   0.7305D-03   0.7597D-01  -0.3251D-02   0.1150D-01  -0.9214D-03   0.2879D-01  -0.5339D-02
  -0.3446D-03  -0.8197D-03  -0.3287D-03  -0.6843D-03  -0.3446D-03  -0.8197D-03  -0.3287D-03  -0.6843D-03
  2.000  2.000
  -0.1531D-01   0.0000D+00  -0.9967D-02   0.0000D+00   0.0000D+00   0.0000D+00  -0.4214D-02   0.0000D+00  -0.1531D-01   0.0000D+00  -0.9967D-02   0.0000D+00
   0.7382D-01   0.0000D+00   0.1097D-01   0.0000D+00   0.3267D-01   0.0000D+00   0.1010D-01   0.0000D+00   0.2244D-02   0.0000D+00   0.0000D+00   0.0000D+00   0.7382D-01   0.0000D+00   0.1097D-01   0.0000D+00   0.3267D-01   0.0000D+00
   0.0000D+00   0.0000D+00   0.0000D+00   0.0000D+00   0.0000D+00   0.0000D+00   0.0000D+00   0.0000D+00
  -0.1923D-01   0.1002D-02  -0.1293D-01   0.5683D-03   0.4462D-03  -0.3214D-03  -0.5397D-02   0.2271D-03  -0.1923D-01   0.1002D-02  -0.1293D-01   0.5683D-03
   0.7584D-01  -0.3046D-02   0.1147D-01  -0.8632D-03   0.2903D-01  -0.5001D-02   0.1130D-01   0.0000D+00   0.2684D-02   0.2091D-03  -0.5050D-03   0.6843D-03   0.7584D-01  -0.3046D-02   0.1147D-01  -0.8632D-03   0.2903D-01  -0.5001D-02
  -0.3229D-03  -0.7679D-03  -0.3079D-03  -0.6410D-03  -0.3229D-03  -0.7679D-03  -0.3079D-03  -0.6410D-03
