 LHC=           1 sqrts=   8000.0000000000000      ang=           4 mode=fital                                                                                               scalescheme=           1 R=  0.69999999999999996     
 NNPDF23_nlo_as_0118                                                                                           29
 Bin information: chid, chiu, md, mu, mu0
   0.0000000000000000       0.50000000000000000        2250.0000000000000        2500.0000000000000        2375.0000000000000     
 9 scales(muf, mur)*(LO(38), NLO(38))
  0.500  0.500
  -0.4954D-03   0.0000D+00  -0.2762D-03   0.0000D+00   0.0000D+00   0.0000D+00  -0.7902D-04   0.0000D+00  -0.4954D-03   0.0000D+00  -0.2762D-03   0.0000D+00
   0.4932D-02   0.0000D+00   0.6823D-03   0.0000D+00   0.2484D-02   0.0000D+00   0.3651D-03   0.0000D+00   0.8113D-04   0.0000D+00   0.0000D+00   0.0000D+00   0.4932D-02   0.0000D+00   0.6823D-03   0.0000D+00   0.2484D-02   0.0000D+00
   0.0000D+00   0.0000D+00   0.0000D+00   0.0000D+00   0.0000D+00   0.0000D+00   0.0000D+00   0.0000D+00
  -0.4677D-03   0.2955D-04  -0.2628D-03   0.1681D-04   0.3889D-05  -0.6571D-05  -0.6766D-04   0.8755D-05  -0.4677D-03   0.2955D-04  -0.2628D-03   0.1681D-04
   0.3833D-02  -0.2524D-03   0.5288D-03  -0.6687D-04   0.1690D-02  -0.3590D-03   0.3155D-03   0.0000D+00   0.7522D-04   0.8243D-05  -0.3000D-04   0.2698D-04   0.3833D-02  -0.2524D-03   0.5288D-03  -0.6687D-04   0.1690D-02  -0.3590D-03
  -0.2828D-04  -0.6038D-04  -0.1981D-04  -0.3852D-04  -0.2828D-04  -0.6038D-04  -0.1981D-04  -0.3852D-04
  0.500  1.000
  -0.4635D-03   0.0000D+00  -0.2584D-03   0.0000D+00   0.0000D+00   0.0000D+00  -0.7392D-04   0.0000D+00  -0.4635D-03   0.0000D+00  -0.2584D-03   0.0000D+00
   0.4932D-02   0.0000D+00   0.6823D-03   0.0000D+00   0.2484D-02   0.0000D+00   0.3651D-03   0.0000D+00   0.8113D-04   0.0000D+00   0.0000D+00   0.0000D+00   0.4932D-02   0.0000D+00   0.6823D-03   0.0000D+00   0.2484D-02   0.0000D+00
   0.0000D+00   0.0000D+00   0.0000D+00   0.0000D+00   0.0000D+00   0.0000D+00   0.0000D+00   0.0000D+00
  -0.4712D-03   0.2586D-04  -0.2645D-03   0.1471D-04   0.3404D-05  -0.5751D-05  -0.6908D-04   0.7662D-05  -0.4712D-03   0.2586D-04  -0.2645D-03   0.1471D-04
   0.3904D-02  -0.2361D-03   0.5388D-03  -0.6256D-04   0.1741D-02  -0.3358D-03   0.3187D-03   0.0000D+00   0.7560D-04   0.7712D-05  -0.2807D-04   0.2524D-04   0.3904D-02  -0.2361D-03   0.5388D-03  -0.6256D-04   0.1741D-02  -0.3358D-03
  -0.2645D-04  -0.5649D-04  -0.1853D-04  -0.3604D-04  -0.2645D-04  -0.5649D-04  -0.1853D-04  -0.3604D-04
  0.500  2.000
  -0.4354D-03   0.0000D+00  -0.2428D-03   0.0000D+00   0.0000D+00   0.0000D+00  -0.6945D-04   0.0000D+00  -0.4354D-03   0.0000D+00  -0.2428D-03   0.0000D+00
   0.4932D-02   0.0000D+00   0.6823D-03   0.0000D+00   0.2484D-02   0.0000D+00   0.3651D-03   0.0000D+00   0.8113D-04   0.0000D+00   0.0000D+00   0.0000D+00   0.4932D-02   0.0000D+00   0.6823D-03   0.0000D+00   0.2484D-02   0.0000D+00
   0.0000D+00   0.0000D+00   0.0000D+00   0.0000D+00   0.0000D+00   0.0000D+00   0.0000D+00   0.0000D+00
  -0.4705D-03   0.2282D-04  -0.2639D-03   0.1299D-04   0.3005D-05  -0.5076D-05  -0.6968D-04   0.6763D-05  -0.4705D-03   0.2282D-04  -0.2639D-03   0.1299D-04
   0.3967D-02  -0.2218D-03   0.5475D-03  -0.5877D-04   0.1786D-02  -0.3155D-03   0.3216D-03   0.0000D+00   0.7594D-04   0.7245D-05  -0.2637D-04   0.2371D-04   0.3967D-02  -0.2218D-03   0.5475D-03  -0.5877D-04   0.1786D-02  -0.3155D-03
  -0.2485D-04  -0.5307D-04  -0.1741D-04  -0.3386D-04  -0.2485D-04  -0.5307D-04  -0.1741D-04  -0.3386D-04
  1.000  0.500
  -0.4010D-03   0.0000D+00  -0.2233D-03   0.0000D+00   0.0000D+00   0.0000D+00  -0.6378D-04   0.0000D+00  -0.4010D-03   0.0000D+00  -0.2233D-03   0.0000D+00
   0.3990D-02   0.0000D+00   0.5518D-03   0.0000D+00   0.2010D-02   0.0000D+00   0.2950D-03   0.0000D+00   0.6555D-04   0.0000D+00   0.0000D+00   0.0000D+00   0.3990D-02   0.0000D+00   0.5518D-03   0.0000D+00   0.2010D-02   0.0000D+00
   0.0000D+00   0.0000D+00   0.0000D+00   0.0000D+00   0.0000D+00   0.0000D+00   0.0000D+00   0.0000D+00
  -0.4630D-03   0.2388D-04  -0.2598D-03   0.1360D-04   0.3026D-05  -0.5304D-05  -0.6825D-04   0.7079D-05  -0.4630D-03   0.2388D-04  -0.2598D-03   0.1360D-04
   0.3948D-02  -0.2042D-03   0.5450D-03  -0.5413D-04   0.1793D-02  -0.2906D-03   0.3177D-03   0.0000D+00   0.7472D-04   0.6661D-05  -0.2381D-04   0.2180D-04   0.3948D-02  -0.2042D-03   0.5450D-03  -0.5413D-04   0.1793D-02  -0.2906D-03
  -0.2290D-04  -0.4881D-04  -0.1601D-04  -0.3117D-04  -0.2290D-04  -0.4881D-04  -0.1601D-04  -0.3117D-04
  1.000  1.000
  -0.3751D-03   0.0000D+00  -0.2089D-03   0.0000D+00   0.0000D+00   0.0000D+00  -0.5966D-04   0.0000D+00  -0.3751D-03   0.0000D+00  -0.2089D-03   0.0000D+00
   0.3990D-02   0.0000D+00   0.5518D-03   0.0000D+00   0.2010D-02   0.0000D+00   0.2950D-03   0.0000D+00   0.6555D-04   0.0000D+00   0.0000D+00   0.0000D+00   0.3990D-02   0.0000D+00   0.5518D-03   0.0000D+00   0.2010D-02   0.0000D+00
   0.0000D+00   0.0000D+00   0.0000D+00   0.0000D+00   0.0000D+00   0.0000D+00   0.0000D+00   0.0000D+00
  -0.4553D-03   0.2090D-04  -0.2553D-03   0.1190D-04   0.2649D-05  -0.4642D-05  -0.6769D-04   0.6196D-05  -0.4553D-03   0.2090D-04  -0.2553D-03   0.1190D-04
   0.3951D-02  -0.1911D-03   0.5455D-03  -0.5064D-04   0.1807D-02  -0.2718D-03   0.3162D-03   0.0000D+00   0.7413D-04   0.6232D-05  -0.2228D-04   0.2039D-04   0.3951D-02  -0.1911D-03   0.5455D-03  -0.5064D-04   0.1807D-02  -0.2718D-03
  -0.2142D-04  -0.4566D-04  -0.1498D-04  -0.2916D-04  -0.2142D-04  -0.4566D-04  -0.1498D-04  -0.2916D-04
  1.000  2.000
  -0.3524D-03   0.0000D+00  -0.1963D-03   0.0000D+00   0.0000D+00   0.0000D+00  -0.5605D-04   0.0000D+00  -0.3524D-03   0.0000D+00  -0.1963D-03   0.0000D+00
   0.3990D-02   0.0000D+00   0.5518D-03   0.0000D+00   0.2010D-02   0.0000D+00   0.2950D-03   0.0000D+00   0.6555D-04   0.0000D+00   0.0000D+00   0.0000D+00   0.3990D-02   0.0000D+00   0.5518D-03   0.0000D+00   0.2010D-02   0.0000D+00
   0.0000D+00   0.0000D+00   0.0000D+00   0.0000D+00   0.0000D+00   0.0000D+00   0.0000D+00   0.0000D+00
  -0.4460D-03   0.1845D-04  -0.2499D-03   0.1051D-04   0.2339D-05  -0.4097D-05  -0.6677D-04   0.5468D-05  -0.4460D-03   0.1845D-04  -0.2499D-03   0.1051D-04
   0.3953D-02  -0.1795D-03   0.5459D-03  -0.4758D-04   0.1819D-02  -0.2554D-03   0.3149D-03   0.0000D+00   0.7361D-04   0.5855D-05  -0.2093D-04   0.1916D-04   0.3953D-02  -0.1795D-03   0.5459D-03  -0.4758D-04   0.1819D-02  -0.2554D-03
  -0.2013D-04  -0.4290D-04  -0.1407D-04  -0.2740D-04  -0.2013D-04  -0.4290D-04  -0.1407D-04  -0.2740D-04
  2.000  0.500
  -0.3287D-03   0.0000D+00  -0.1828D-03   0.0000D+00   0.0000D+00   0.0000D+00  -0.5218D-04   0.0000D+00  -0.3287D-03   0.0000D+00  -0.1828D-03   0.0000D+00
   0.3271D-02   0.0000D+00   0.4522D-03   0.0000D+00   0.1649D-02   0.0000D+00   0.2417D-03   0.0000D+00   0.5370D-04   0.0000D+00   0.0000D+00   0.0000D+00   0.3271D-02   0.0000D+00   0.4522D-03   0.0000D+00   0.1649D-02   0.0000D+00
   0.0000D+00   0.0000D+00   0.0000D+00   0.0000D+00   0.0000D+00   0.0000D+00   0.0000D+00   0.0000D+00
  -0.4503D-03   0.1955D-04  -0.2521D-03   0.1114D-04   0.2432D-05  -0.4335D-05  -0.6705D-04   0.5803D-05  -0.4503D-03   0.1955D-04  -0.2521D-03   0.1114D-04
   0.3939D-02  -0.1676D-03   0.5436D-03  -0.4439D-04   0.1825D-02  -0.2382D-03   0.3118D-03   0.0000D+00   0.7268D-04   0.5458D-05  -0.1963D-04   0.1786D-04   0.3939D-02  -0.1676D-03   0.5436D-03  -0.4439D-04   0.1825D-02  -0.2382D-03
  -0.1878D-04  -0.4005D-04  -0.1311D-04  -0.2551D-04  -0.1878D-04  -0.4005D-04  -0.1311D-04  -0.2551D-04
  2.000  1.000
  -0.3075D-03   0.0000D+00  -0.1710D-03   0.0000D+00   0.0000D+00   0.0000D+00  -0.4881D-04   0.0000D+00  -0.3075D-03   0.0000D+00  -0.1710D-03   0.0000D+00
   0.3271D-02   0.0000D+00   0.4522D-03   0.0000D+00   0.1649D-02   0.0000D+00   0.2417D-03   0.0000D+00   0.5370D-04   0.0000D+00   0.0000D+00   0.0000D+00   0.3271D-02   0.0000D+00   0.4522D-03   0.0000D+00   0.1649D-02   0.0000D+00
   0.0000D+00   0.0000D+00   0.0000D+00   0.0000D+00   0.0000D+00   0.0000D+00   0.0000D+00   0.0000D+00
  -0.4351D-03   0.1711D-04  -0.2434D-03   0.9750D-05   0.2129D-05  -0.3794D-05  -0.6520D-04   0.5078D-05  -0.4351D-03   0.1711D-04  -0.2434D-03   0.9750D-05
   0.3896D-02  -0.1568D-03   0.5378D-03  -0.4153D-04   0.1813D-02  -0.2229D-03   0.3072D-03   0.0000D+00   0.7146D-04   0.5106D-05  -0.1836D-04   0.1671D-04   0.3896D-02  -0.1568D-03   0.5378D-03  -0.4153D-04   0.1813D-02  -0.2229D-03
  -0.1757D-04  -0.3747D-04  -0.1227D-04  -0.2386D-04  -0.1757D-04  -0.3747D-04  -0.1227D-04  -0.2386D-04
  2.000  2.000
  -0.2889D-03   0.0000D+00  -0.1607D-03   0.0000D+00   0.0000D+00   0.0000D+00  -0.4586D-04   0.0000D+00  -0.2889D-03   0.0000D+00  -0.1607D-03   0.0000D+00
   0.3271D-02   0.0000D+00   0.4522D-03   0.0000D+00   0.1649D-02   0.0000D+00   0.2417D-03   0.0000D+00   0.5370D-04   0.0000D+00   0.0000D+00   0.0000D+00   0.3271D-02   0.0000D+00   0.4522D-03   0.0000D+00   0.1649D-02   0.0000D+00
   0.0000D+00   0.0000D+00   0.0000D+00   0.0000D+00   0.0000D+00   0.0000D+00   0.0000D+00   0.0000D+00
  -0.4203D-03   0.1510D-04  -0.2350D-03   0.8605D-05   0.1879D-05  -0.3348D-05  -0.6329D-04   0.4482D-05  -0.4203D-03   0.1510D-04  -0.2350D-03   0.8605D-05
   0.3858D-02  -0.1473D-03   0.5326D-03  -0.3902D-04   0.1803D-02  -0.2094D-03   0.3033D-03   0.0000D+00   0.7038D-04   0.4797D-05  -0.1725D-04   0.1570D-04   0.3858D-02  -0.1473D-03   0.5326D-03  -0.3902D-04   0.1803D-02  -0.2094D-03
  -0.1651D-04  -0.3520D-04  -0.1152D-04  -0.2242D-04  -0.1651D-04  -0.3520D-04  -0.1152D-04  -0.2242D-04
