 LHC=           1 sqrts=   8000.0000000000000      ang=           4 mode=fital                                                                                               scalescheme=           1 R=  0.69999999999999996     
 CT10nlo_rand5678                                                                                             391
 Bin information: chid, chiu, md, mu, mu0
   0.0000000000000000       0.50000000000000000        153.00000000000000        174.00000000000000        163.50000000000000     
 9 scales(muf, mur)*(LO(38), NLO(38))
  0.500  0.500
  -0.6025D+01   0.0000D+00  -0.8969D+01   0.0000D+00   0.0000D+00   0.0000D+00  -0.9258D+01   0.0000D+00  -0.6025D+01   0.0000D+00  -0.8969D+01   0.0000D+00
   0.5486D+00   0.0000D+00   0.1008D+00   0.0000D+00   0.1248D+00   0.0000D+00   0.2350D+00   0.0000D+00   0.5222D-01   0.0000D+00   0.0000D+00   0.0000D+00   0.5486D+00   0.0000D+00   0.1008D+00   0.0000D+00   0.1248D+00   0.0000D+00
   0.0000D+00   0.0000D+00   0.0000D+00   0.0000D+00   0.0000D+00   0.0000D+00   0.0000D+00   0.0000D+00
  -0.4115D+01   0.1499D+01  -0.7450D+01   0.8956D+00   0.7226D+00  -0.1062D+01  -0.8413D+01  -0.8345D-01  -0.4115D+01   0.1499D+01  -0.7450D+01   0.8956D+00
   0.7336D+00  -0.1747D-01   0.1351D+00  -0.7488D-02   0.1134D+00  -0.5915D-01   0.2992D+00   0.0000D+00   0.7669D-01   0.7296D-02   0.1716D-02   0.2388D-01   0.7336D+00  -0.1747D-01   0.1351D+00  -0.7488D-02   0.1134D+00  -0.5915D-01
  -0.8582D-03  -0.6544D-02  -0.4188D-02  -0.1253D-01  -0.8582D-03  -0.6544D-02  -0.4188D-02  -0.1253D-01
  0.500  1.000
  -0.5448D+01   0.0000D+00  -0.8110D+01   0.0000D+00   0.0000D+00   0.0000D+00  -0.8371D+01   0.0000D+00  -0.5448D+01   0.0000D+00  -0.8110D+01   0.0000D+00
   0.5486D+00   0.0000D+00   0.1008D+00   0.0000D+00   0.1248D+00   0.0000D+00   0.2350D+00   0.0000D+00   0.5222D-01   0.0000D+00   0.0000D+00   0.0000D+00   0.5486D+00   0.0000D+00   0.1008D+00   0.0000D+00   0.1248D+00   0.0000D+00
   0.0000D+00   0.0000D+00   0.0000D+00   0.0000D+00   0.0000D+00   0.0000D+00   0.0000D+00   0.0000D+00
  -0.4390D+01   0.1226D+01  -0.7618D+01   0.7323D+00   0.5905D+00  -0.8681D+00  -0.8455D+01  -0.6822D-01  -0.4390D+01   0.1226D+01  -0.7618D+01   0.7323D+00
   0.7171D+00  -0.1580D-01   0.1321D+00  -0.6771D-02   0.1148D+00  -0.5349D-01   0.2934D+00   0.0000D+00   0.7444D-01   0.6597D-02   0.1568D-02   0.2159D-01   0.7171D+00  -0.1580D-01   0.1321D+00  -0.6771D-02   0.1148D+00  -0.5349D-01
  -0.7759D-03  -0.5917D-02  -0.3786D-02  -0.1133D-01  -0.7759D-03  -0.5917D-02  -0.3786D-02  -0.1133D-01
  0.500  2.000
  -0.4972D+01   0.0000D+00  -0.7401D+01   0.0000D+00   0.0000D+00   0.0000D+00  -0.7640D+01   0.0000D+00  -0.4972D+01   0.0000D+00  -0.7401D+01   0.0000D+00
   0.5486D+00   0.0000D+00   0.1008D+00   0.0000D+00   0.1248D+00   0.0000D+00   0.2350D+00   0.0000D+00   0.5222D-01   0.0000D+00   0.0000D+00   0.0000D+00   0.5486D+00   0.0000D+00   0.1008D+00   0.0000D+00   0.1248D+00   0.0000D+00
   0.0000D+00   0.0000D+00   0.0000D+00   0.0000D+00   0.0000D+00   0.0000D+00   0.0000D+00   0.0000D+00
  -0.4511D+01   0.1021D+01  -0.7616D+01   0.6099D+00   0.4916D+00  -0.7230D+00  -0.8354D+01  -0.5682D-01  -0.4511D+01   0.1021D+01  -0.7616D+01   0.6099D+00
   0.7033D+00  -0.1442D-01   0.1295D+00  -0.6180D-02   0.1159D+00  -0.4882D-01   0.2886D+00   0.0000D+00   0.7258D-01   0.6021D-02   0.1444D-02   0.1970D-01   0.7033D+00  -0.1442D-01   0.1295D+00  -0.6180D-02   0.1159D+00  -0.4882D-01
  -0.7081D-03  -0.5400D-02  -0.3455D-02  -0.1034D-01  -0.7081D-03  -0.5400D-02  -0.3455D-02  -0.1034D-01
  1.000  0.500
  -0.6011D+01   0.0000D+00  -0.9042D+01   0.0000D+00   0.0000D+00   0.0000D+00  -0.9356D+01   0.0000D+00  -0.6011D+01   0.0000D+00  -0.9042D+01   0.0000D+00
   0.5474D+00   0.0000D+00   0.1014D+00   0.0000D+00   0.1235D+00   0.0000D+00   0.2350D+00   0.0000D+00   0.5222D-01   0.0000D+00   0.0000D+00   0.0000D+00   0.5474D+00   0.0000D+00   0.1014D+00   0.0000D+00   0.1235D+00   0.0000D+00
   0.0000D+00   0.0000D+00   0.0000D+00   0.0000D+00   0.0000D+00   0.0000D+00   0.0000D+00   0.0000D+00
  -0.4099D+01   0.1507D+01  -0.7413D+01   0.9051D+00   0.7039D+00  -0.1072D+01  -0.8480D+01  -0.8239D-01  -0.4099D+01   0.1507D+01  -0.7413D+01   0.9051D+00
   0.7082D+00  -0.1731D-01   0.1319D+00  -0.7476D-02   0.1083D+00  -0.5888D-01   0.2932D+00   0.0000D+00   0.7473D-01   0.7324D-02   0.1650D-02   0.2397D-01   0.7082D+00  -0.1731D-01   0.1319D+00  -0.7476D-02   0.1083D+00  -0.5888D-01
  -0.8664D-03  -0.6657D-02  -0.4247D-02  -0.1269D-01  -0.8664D-03  -0.6657D-02  -0.4247D-02  -0.1269D-01
  1.000  1.000
  -0.5435D+01   0.0000D+00  -0.8176D+01   0.0000D+00   0.0000D+00   0.0000D+00  -0.8460D+01   0.0000D+00  -0.5435D+01   0.0000D+00  -0.8176D+01   0.0000D+00
   0.5474D+00   0.0000D+00   0.1014D+00   0.0000D+00   0.1235D+00   0.0000D+00   0.2350D+00   0.0000D+00   0.5222D-01   0.0000D+00   0.0000D+00   0.0000D+00   0.5474D+00   0.0000D+00   0.1014D+00   0.0000D+00   0.1235D+00   0.0000D+00
   0.0000D+00   0.0000D+00   0.0000D+00   0.0000D+00   0.0000D+00   0.0000D+00   0.0000D+00   0.0000D+00
  -0.4375D+01   0.1232D+01  -0.7600D+01   0.7400D+00   0.5753D+00  -0.8763D+00  -0.8526D+01  -0.6736D-01  -0.4375D+01   0.1232D+01  -0.7600D+01   0.7400D+00
   0.6939D+00  -0.1566D-01   0.1292D+00  -0.6760D-02   0.1100D+00  -0.5324D-01   0.2880D+00   0.0000D+00   0.7267D-01   0.6623D-02   0.1509D-02   0.2167D-01   0.6939D+00  -0.1566D-01   0.1292D+00  -0.6760D-02   0.1100D+00  -0.5324D-01
  -0.7834D-03  -0.6019D-02  -0.3840D-02  -0.1148D-01  -0.7834D-03  -0.6019D-02  -0.3840D-02  -0.1148D-01
  1.000  2.000
  -0.4960D+01   0.0000D+00  -0.7461D+01   0.0000D+00   0.0000D+00   0.0000D+00  -0.7720D+01   0.0000D+00  -0.4960D+01   0.0000D+00  -0.7461D+01   0.0000D+00
   0.5474D+00   0.0000D+00   0.1014D+00   0.0000D+00   0.1235D+00   0.0000D+00   0.2350D+00   0.0000D+00   0.5222D-01   0.0000D+00   0.0000D+00   0.0000D+00   0.5474D+00   0.0000D+00   0.1014D+00   0.0000D+00   0.1235D+00   0.0000D+00
   0.0000D+00   0.0000D+00   0.0000D+00   0.0000D+00   0.0000D+00   0.0000D+00   0.0000D+00   0.0000D+00
  -0.4495D+01   0.1026D+01  -0.7611D+01   0.6163D+00   0.4789D+00  -0.7298D+00  -0.8427D+01  -0.5610D-01  -0.4495D+01   0.1026D+01  -0.7611D+01   0.6163D+00
   0.6820D+00  -0.1429D-01   0.1269D+00  -0.6169D-02   0.1114D+00  -0.4859D-01   0.2836D+00   0.0000D+00   0.7096D-01   0.6044D-02   0.1390D-02   0.1978D-01   0.6820D+00  -0.1429D-01   0.1269D+00  -0.6169D-02   0.1114D+00  -0.4859D-01
  -0.7148D-03  -0.5493D-02  -0.3504D-02  -0.1048D-01  -0.7148D-03  -0.5493D-02  -0.3504D-02  -0.1048D-01
  2.000  0.500
  -0.5928D+01   0.0000D+00  -0.9042D+01   0.0000D+00   0.0000D+00   0.0000D+00  -0.9317D+01   0.0000D+00  -0.5928D+01   0.0000D+00  -0.9042D+01   0.0000D+00
   0.5480D+00   0.0000D+00   0.1007D+00   0.0000D+00   0.1214D+00   0.0000D+00   0.2325D+00   0.0000D+00   0.5166D-01   0.0000D+00   0.0000D+00   0.0000D+00   0.5480D+00   0.0000D+00   0.1007D+00   0.0000D+00   0.1214D+00   0.0000D+00
   0.0000D+00   0.0000D+00   0.0000D+00   0.0000D+00   0.0000D+00   0.0000D+00   0.0000D+00   0.0000D+00
  -0.4106D+01   0.1507D+01  -0.7563D+01   0.9041D+00   0.7277D+00  -0.1070D+01  -0.8526D+01  -0.8128D-01  -0.4106D+01   0.1507D+01  -0.7563D+01   0.9041D+00
   0.6682D+00  -0.1704D-01   0.1248D+00  -0.7397D-02   0.9702D-01  -0.5884D-01   0.2802D+00   0.0000D+00   0.7113D-01   0.7270D-02   0.1305D-02   0.2379D-01   0.6682D+00  -0.1704D-01   0.1248D+00  -0.7397D-02   0.9702D-01  -0.5884D-01
  -0.8674D-03  -0.6526D-02  -0.4287D-02  -0.1253D-01  -0.8674D-03  -0.6526D-02  -0.4287D-02  -0.1253D-01
  2.000  1.000
  -0.5360D+01   0.0000D+00  -0.8176D+01   0.0000D+00   0.0000D+00   0.0000D+00  -0.8425D+01   0.0000D+00  -0.5360D+01   0.0000D+00  -0.8176D+01   0.0000D+00
   0.5480D+00   0.0000D+00   0.1007D+00   0.0000D+00   0.1214D+00   0.0000D+00   0.2325D+00   0.0000D+00   0.5166D-01   0.0000D+00   0.0000D+00   0.0000D+00   0.5480D+00   0.0000D+00   0.1007D+00   0.0000D+00   0.1214D+00   0.0000D+00
   0.0000D+00   0.0000D+00   0.0000D+00   0.0000D+00   0.0000D+00   0.0000D+00   0.0000D+00   0.0000D+00
  -0.4396D+01   0.1232D+01  -0.7755D+01   0.7392D+00   0.5950D+00  -0.8746D+00  -0.8581D+01  -0.6646D-01  -0.4396D+01   0.1232D+01  -0.7755D+01   0.7392D+00
   0.6835D+00  -0.1541D-01   0.1270D+00  -0.6689D-02   0.1066D+00  -0.5321D-01   0.2815D+00   0.0000D+00   0.7101D-01   0.6574D-02   0.1314D-02   0.2151D-01   0.6835D+00  -0.1541D-01   0.1270D+00  -0.6689D-02   0.1066D+00  -0.5321D-01
  -0.7843D-03  -0.5901D-02  -0.3877D-02  -0.1133D-01  -0.7843D-03  -0.5901D-02  -0.3877D-02  -0.1133D-01
  2.000  2.000
  -0.4892D+01   0.0000D+00  -0.7461D+01   0.0000D+00   0.0000D+00   0.0000D+00  -0.7688D+01   0.0000D+00  -0.4892D+01   0.0000D+00  -0.7461D+01   0.0000D+00
   0.5480D+00   0.0000D+00   0.1007D+00   0.0000D+00   0.1214D+00   0.0000D+00   0.2325D+00   0.0000D+00   0.5166D-01   0.0000D+00   0.0000D+00   0.0000D+00   0.5480D+00   0.0000D+00   0.1007D+00   0.0000D+00   0.1214D+00   0.0000D+00
   0.0000D+00   0.0000D+00   0.0000D+00   0.0000D+00   0.0000D+00   0.0000D+00   0.0000D+00   0.0000D+00
  -0.4502D+01   0.1026D+01  -0.7740D+01   0.6156D+00   0.4954D+00  -0.7284D+00  -0.8467D+01  -0.5535D-01  -0.4502D+01   0.1026D+01  -0.7740D+01   0.6156D+00
   0.6726D+00  -0.1407D-01   0.1248D+00  -0.6105D-02   0.1081D+00  -0.4856D-01   0.2775D+00   0.0000D+00   0.6940D-01   0.6000D-02   0.1210D-02   0.1964D-01   0.6726D+00  -0.1407D-01   0.1248D+00  -0.6105D-02   0.1081D+00  -0.4856D-01
  -0.7157D-03  -0.5385D-02  -0.3538D-02  -0.1034D-01  -0.7157D-03  -0.5385D-02  -0.3538D-02  -0.1034D-01
