 LHC=           1 sqrts=   8000.0000000000000      ang=           4 mode=fital                                                                                               scalescheme=           1 R=  0.69999999999999996     
 CT10nlo_rand5678                                                                                             391
 Bin information: chid, chiu, md, mu, mu0
   0.0000000000000000       0.50000000000000000        1410.0000000000000        1497.0000000000000        1453.5000000000000     
 9 scales(muf, mur)*(LO(38), NLO(38))
  0.500  0.500
  -0.2151D-01   0.0000D+00  -0.1468D-01   0.0000D+00   0.0000D+00   0.0000D+00  -0.6888D-02   0.0000D+00  -0.2151D-01   0.0000D+00  -0.1468D-01   0.0000D+00
   0.9603D-01   0.0000D+00   0.1453D-01   0.0000D+00   0.4090D-01   0.0000D+00   0.1521D-01   0.0000D+00   0.3381D-02   0.0000D+00   0.0000D+00   0.0000D+00   0.9603D-01   0.0000D+00   0.1453D-01   0.0000D+00   0.4090D-01   0.0000D+00
   0.0000D+00   0.0000D+00   0.0000D+00   0.0000D+00   0.0000D+00   0.0000D+00   0.0000D+00   0.0000D+00
  -0.1809D-01   0.1675D-02  -0.1304D-01   0.9527D-03   0.7626D-03  -0.5922D-03  -0.6054D-02   0.3391D-03  -0.1809D-01   0.1675D-02  -0.1304D-01   0.9527D-03
   0.7137D-01  -0.4297D-02   0.1109D-01  -0.1244D-02   0.2369D-01  -0.7363D-02   0.1264D-01   0.0000D+00   0.3146D-02   0.3553D-03  -0.6248D-03   0.1163D-02   0.7137D-01  -0.4297D-02   0.1109D-01  -0.1244D-02   0.2369D-01  -0.7363D-02
  -0.4510D-03  -0.1109D-02  -0.4721D-03  -0.9932D-03  -0.4510D-03  -0.1109D-02  -0.4721D-03  -0.9932D-03
  0.500  1.000
  -0.1994D-01   0.0000D+00  -0.1361D-01   0.0000D+00   0.0000D+00   0.0000D+00  -0.6385D-02   0.0000D+00  -0.1994D-01   0.0000D+00  -0.1361D-01   0.0000D+00
   0.9603D-01   0.0000D+00   0.1453D-01   0.0000D+00   0.4090D-01   0.0000D+00   0.1521D-01   0.0000D+00   0.3381D-02   0.0000D+00   0.0000D+00   0.0000D+00   0.9603D-01   0.0000D+00   0.1453D-01   0.0000D+00   0.4090D-01   0.0000D+00
   0.0000D+00   0.0000D+00   0.0000D+00   0.0000D+00   0.0000D+00   0.0000D+00   0.0000D+00   0.0000D+00
  -0.1841D-01   0.1440D-02  -0.1316D-01   0.8186D-03   0.6553D-03  -0.5088D-03  -0.6120D-02   0.2914D-03  -0.1841D-01   0.1440D-02  -0.1316D-01   0.8186D-03
   0.7318D-01  -0.3984D-02   0.1134D-01  -0.1153D-02   0.2495D-01  -0.6826D-02   0.1282D-01   0.0000D+00   0.3163D-02   0.3293D-03  -0.5792D-03   0.1078D-02   0.7318D-01  -0.3984D-02   0.1134D-01  -0.1153D-02   0.2495D-01  -0.6826D-02
  -0.4180D-03  -0.1028D-02  -0.4376D-03  -0.9206D-03  -0.4180D-03  -0.1028D-02  -0.4376D-03  -0.9206D-03
  0.500  2.000
  -0.1858D-01   0.0000D+00  -0.1268D-01   0.0000D+00   0.0000D+00   0.0000D+00  -0.5951D-02   0.0000D+00  -0.1858D-01   0.0000D+00  -0.1268D-01   0.0000D+00
   0.9603D-01   0.0000D+00   0.1453D-01   0.0000D+00   0.4090D-01   0.0000D+00   0.1521D-01   0.0000D+00   0.3381D-02   0.0000D+00   0.0000D+00   0.0000D+00   0.9603D-01   0.0000D+00   0.1453D-01   0.0000D+00   0.4090D-01   0.0000D+00
   0.0000D+00   0.0000D+00   0.0000D+00   0.0000D+00   0.0000D+00   0.0000D+00   0.0000D+00   0.0000D+00
  -0.1848D-01   0.1251D-02  -0.1313D-01   0.7112D-03   0.5694D-03  -0.4421D-03  -0.6113D-02   0.2532D-03  -0.1848D-01   0.1251D-02  -0.1313D-01   0.7112D-03
   0.7474D-01  -0.3713D-02   0.1156D-01  -0.1075D-02   0.2603D-01  -0.6362D-02   0.1299D-01   0.0000D+00   0.3178D-02   0.3070D-03  -0.5399D-03   0.1005D-02   0.7474D-01  -0.3713D-02   0.1156D-01  -0.1075D-02   0.2603D-01  -0.6362D-02
  -0.3896D-03  -0.9581D-03  -0.4079D-03  -0.8581D-03  -0.3896D-03  -0.9581D-03  -0.4079D-03  -0.8581D-03
  1.000  0.500
  -0.1859D-01   0.0000D+00  -0.1266D-01   0.0000D+00   0.0000D+00   0.0000D+00  -0.5947D-02   0.0000D+00  -0.1859D-01   0.0000D+00  -0.1266D-01   0.0000D+00
   0.8296D-01   0.0000D+00   0.1253D-01   0.0000D+00   0.3539D-01   0.0000D+00   0.1314D-01   0.0000D+00   0.2919D-02   0.0000D+00   0.0000D+00   0.0000D+00   0.8296D-01   0.0000D+00   0.1253D-01   0.0000D+00   0.3539D-01   0.0000D+00
   0.0000D+00   0.0000D+00   0.0000D+00   0.0000D+00   0.0000D+00   0.0000D+00   0.0000D+00   0.0000D+00
  -0.1832D-01   0.1445D-02  -0.1310D-01   0.8228D-03   0.6577D-03  -0.5110D-03  -0.6104D-02   0.2934D-03  -0.1832D-01   0.1445D-02  -0.1310D-01   0.8228D-03
   0.7364D-01  -0.3715D-02   0.1137D-01  -0.1075D-02   0.2565D-01  -0.6373D-02   0.1282D-01   0.0000D+00   0.3137D-02   0.3067D-03  -0.5404D-03   0.1004D-02   0.7364D-01  -0.3715D-02   0.1137D-01  -0.1075D-02   0.2565D-01  -0.6373D-02
  -0.3906D-03  -0.9581D-03  -0.4075D-03  -0.8583D-03  -0.3906D-03  -0.9581D-03  -0.4075D-03  -0.8583D-03
  1.000  1.000
  -0.1723D-01   0.0000D+00  -0.1173D-01   0.0000D+00   0.0000D+00   0.0000D+00  -0.5513D-02   0.0000D+00  -0.1723D-01   0.0000D+00  -0.1173D-01   0.0000D+00
   0.8296D-01   0.0000D+00   0.1253D-01   0.0000D+00   0.3539D-01   0.0000D+00   0.1314D-01   0.0000D+00   0.2919D-02   0.0000D+00   0.0000D+00   0.0000D+00   0.8296D-01   0.0000D+00   0.1253D-01   0.0000D+00   0.3539D-01   0.0000D+00
   0.0000D+00   0.0000D+00   0.0000D+00   0.0000D+00   0.0000D+00   0.0000D+00   0.0000D+00   0.0000D+00
  -0.1822D-01   0.1242D-02  -0.1295D-01   0.7070D-03   0.5652D-03  -0.4391D-03  -0.6038D-02   0.2521D-03  -0.1822D-01   0.1242D-02  -0.1295D-01   0.7070D-03
   0.7433D-01  -0.3444D-02   0.1146D-01  -0.9965D-03   0.2636D-01  -0.5907D-02   0.1285D-01   0.0000D+00   0.3121D-02   0.2843D-03  -0.5010D-03   0.9305D-03   0.7433D-01  -0.3444D-02   0.1146D-01  -0.9965D-03   0.2636D-01  -0.5907D-02
  -0.3621D-03  -0.8882D-03  -0.3777D-03  -0.7956D-03  -0.3621D-03  -0.8882D-03  -0.3777D-03  -0.7956D-03
  1.000  2.000
  -0.1606D-01   0.0000D+00  -0.1094D-01   0.0000D+00   0.0000D+00   0.0000D+00  -0.5139D-02   0.0000D+00  -0.1606D-01   0.0000D+00  -0.1094D-01   0.0000D+00
   0.8296D-01   0.0000D+00   0.1253D-01   0.0000D+00   0.3539D-01   0.0000D+00   0.1314D-01   0.0000D+00   0.2919D-02   0.0000D+00   0.0000D+00   0.0000D+00   0.8296D-01   0.0000D+00   0.1253D-01   0.0000D+00   0.3539D-01   0.0000D+00
   0.0000D+00   0.0000D+00   0.0000D+00   0.0000D+00   0.0000D+00   0.0000D+00   0.0000D+00   0.0000D+00
  -0.1798D-01   0.1079D-02  -0.1271D-01   0.6143D-03   0.4911D-03  -0.3815D-03  -0.5933D-02   0.2191D-03  -0.1798D-01   0.1079D-02  -0.1271D-01   0.6143D-03
   0.7492D-01  -0.3210D-02   0.1153D-01  -0.9289D-03   0.2698D-01  -0.5506D-02   0.1287D-01   0.0000D+00   0.3108D-02   0.2650D-03  -0.4670D-03   0.8673D-03   0.7492D-01  -0.3210D-02   0.1153D-01  -0.9289D-03   0.2698D-01  -0.5506D-02
  -0.3375D-03  -0.8278D-03  -0.3521D-03  -0.7416D-03  -0.3375D-03  -0.8278D-03  -0.3521D-03  -0.7416D-03
  2.000  0.500
  -0.1625D-01   0.0000D+00  -0.1103D-01   0.0000D+00   0.0000D+00   0.0000D+00  -0.5177D-02   0.0000D+00  -0.1625D-01   0.0000D+00  -0.1103D-01   0.0000D+00
   0.7230D-01   0.0000D+00   0.1092D-01   0.0000D+00   0.3090D-01   0.0000D+00   0.1145D-01   0.0000D+00   0.2544D-02   0.0000D+00   0.0000D+00   0.0000D+00   0.7230D-01   0.0000D+00   0.1092D-01   0.0000D+00   0.3090D-01   0.0000D+00
   0.0000D+00   0.0000D+00   0.0000D+00   0.0000D+00   0.0000D+00   0.0000D+00   0.0000D+00   0.0000D+00
  -0.1843D-01   0.1260D-02  -0.1305D-01   0.7186D-03   0.5721D-03  -0.4450D-03  -0.6095D-02   0.2562D-03  -0.1843D-01   0.1260D-02  -0.1305D-01   0.7186D-03
   0.7480D-01  -0.3247D-02   0.1154D-01  -0.9377D-03   0.2689D-01  -0.5542D-02   0.1288D-01   0.0000D+00   0.3113D-02   0.2672D-03  -0.4698D-03   0.8744D-03   0.7480D-01  -0.3247D-02   0.1154D-01  -0.9377D-03   0.2689D-01  -0.5542D-02
  -0.3419D-03  -0.8348D-03  -0.3552D-03  -0.7471D-03  -0.3419D-03  -0.8348D-03  -0.3552D-03  -0.7471D-03
  2.000  1.000
  -0.1506D-01   0.0000D+00  -0.1023D-01   0.0000D+00   0.0000D+00   0.0000D+00  -0.4799D-02   0.0000D+00  -0.1506D-01   0.0000D+00  -0.1023D-01   0.0000D+00
   0.7230D-01   0.0000D+00   0.1092D-01   0.0000D+00   0.3090D-01   0.0000D+00   0.1145D-01   0.0000D+00   0.2544D-02   0.0000D+00   0.0000D+00   0.0000D+00   0.7230D-01   0.0000D+00   0.1092D-01   0.0000D+00   0.3090D-01   0.0000D+00
   0.0000D+00   0.0000D+00   0.0000D+00   0.0000D+00   0.0000D+00   0.0000D+00   0.0000D+00   0.0000D+00
  -0.1800D-01   0.1083D-02  -0.1269D-01   0.6174D-03   0.4917D-03  -0.3824D-03  -0.5927D-02   0.2201D-03  -0.1800D-01   0.1083D-02  -0.1269D-01   0.6174D-03
   0.7462D-01  -0.3010D-02   0.1150D-01  -0.8693D-03   0.2718D-01  -0.5137D-02   0.1278D-01   0.0000D+00   0.3072D-02   0.2477D-03  -0.4356D-03   0.8105D-03   0.7462D-01  -0.3010D-02   0.1150D-01  -0.8693D-03   0.2718D-01  -0.5137D-02
  -0.3170D-03  -0.7738D-03  -0.3293D-03  -0.6925D-03  -0.3170D-03  -0.7738D-03  -0.3293D-03  -0.6925D-03
  2.000  2.000
  -0.1404D-01   0.0000D+00  -0.9534D-02   0.0000D+00   0.0000D+00   0.0000D+00  -0.4473D-02   0.0000D+00  -0.1404D-01   0.0000D+00  -0.9534D-02   0.0000D+00
   0.7230D-01   0.0000D+00   0.1092D-01   0.0000D+00   0.3090D-01   0.0000D+00   0.1145D-01   0.0000D+00   0.2544D-02   0.0000D+00   0.0000D+00   0.0000D+00   0.7230D-01   0.0000D+00   0.1092D-01   0.0000D+00   0.3090D-01   0.0000D+00
   0.0000D+00   0.0000D+00   0.0000D+00   0.0000D+00   0.0000D+00   0.0000D+00   0.0000D+00   0.0000D+00
  -0.1752D-01   0.9407D-03  -0.1230D-01   0.5364D-03   0.4272D-03  -0.3322D-03  -0.5748D-02   0.1912D-03  -0.1752D-01   0.9407D-03  -0.1230D-01   0.5364D-03
   0.7447D-01  -0.2805D-02   0.1146D-01  -0.8102D-03   0.2744D-01  -0.4788D-02   0.1269D-01   0.0000D+00   0.3036D-02   0.2308D-03  -0.4060D-03   0.7555D-03   0.7447D-01  -0.2805D-02   0.1146D-01  -0.8102D-03   0.2744D-01  -0.4788D-02
  -0.2954D-03  -0.7213D-03  -0.3069D-03  -0.6455D-03  -0.2954D-03  -0.7213D-03  -0.3069D-03  -0.6455D-03
