 LHC=           1 sqrts=   8000.0000000000000      ang=           4 mode=fital                                                                                               scalescheme=           1 R=  0.69999999999999996     
 CT10nlo_rand5678                                                                                             224
 Bin information: chid, chiu, md, mu, mu0
   0.0000000000000000       0.50000000000000000        220.00000000000000        245.00000000000000        232.50000000000000     
 9 scales(muf, mur)*(LO(38), NLO(38))
  0.500  0.500
  -0.3580D+01   0.0000D+00  -0.4517D+01   0.0000D+00   0.0000D+00   0.0000D+00  -0.4489D+01   0.0000D+00  -0.3580D+01   0.0000D+00  -0.4517D+01   0.0000D+00
   0.6093D+00   0.0000D+00   0.1096D+00   0.0000D+00   0.1529D+00   0.0000D+00   0.2403D+00   0.0000D+00   0.5341D-01   0.0000D+00   0.0000D+00   0.0000D+00   0.6093D+00   0.0000D+00   0.1096D+00   0.0000D+00   0.1529D+00   0.0000D+00
   0.0000D+00   0.0000D+00   0.0000D+00   0.0000D+00   0.0000D+00   0.0000D+00   0.0000D+00   0.0000D+00
  -0.2556D+01   0.7120D+00  -0.3819D+01   0.4285D+00   0.3748D+00  -0.4882D+00  -0.4139D+01  -0.2479D-01  -0.2556D+01   0.7120D+00  -0.3819D+01   0.4285D+00
   0.6863D+00  -0.2027D-01   0.1250D+00  -0.8048D-02   0.1135D+00  -0.6153D-01   0.2675D+00   0.0000D+00   0.6748D-01   0.7087D-02  -0.5025D-03   0.2319D-01   0.6863D+00  -0.2027D-01   0.1250D+00  -0.8048D-02   0.1135D+00  -0.6153D-01
  -0.1279D-02  -0.7154D-02  -0.4484D-02  -0.1268D-01  -0.1279D-02  -0.7154D-02  -0.4484D-02  -0.1268D-01
  0.500  1.000
  -0.3253D+01   0.0000D+00  -0.4104D+01   0.0000D+00   0.0000D+00   0.0000D+00  -0.4079D+01   0.0000D+00  -0.3253D+01   0.0000D+00  -0.4104D+01   0.0000D+00
   0.6093D+00   0.0000D+00   0.1096D+00   0.0000D+00   0.1529D+00   0.0000D+00   0.2403D+00   0.0000D+00   0.5341D-01   0.0000D+00   0.0000D+00   0.0000D+00   0.6093D+00   0.0000D+00   0.1096D+00   0.0000D+00   0.1529D+00   0.0000D+00
   0.0000D+00   0.0000D+00   0.0000D+00   0.0000D+00   0.0000D+00   0.0000D+00   0.0000D+00   0.0000D+00
  -0.2694D+01   0.5879D+00  -0.3889D+01   0.3538D+00   0.3094D+00  -0.4031D+00  -0.4149D+01  -0.2046D-01  -0.2694D+01   0.5879D+00  -0.3889D+01   0.3538D+00
   0.6800D+00  -0.1842D-01   0.1237D+00  -0.7314D-02   0.1173D+00  -0.5591D-01   0.2653D+00   0.0000D+00   0.6625D-01   0.6440D-02  -0.4498D-03   0.2107D-01   0.6800D+00  -0.1842D-01   0.1237D+00  -0.7314D-02   0.1173D+00  -0.5591D-01
  -0.1162D-02  -0.6501D-02  -0.4075D-02  -0.1152D-01  -0.1162D-02  -0.6501D-02  -0.4075D-02  -0.1152D-01
  0.500  2.000
  -0.2982D+01   0.0000D+00  -0.3762D+01   0.0000D+00   0.0000D+00   0.0000D+00  -0.3738D+01   0.0000D+00  -0.2982D+01   0.0000D+00  -0.3762D+01   0.0000D+00
   0.6093D+00   0.0000D+00   0.1096D+00   0.0000D+00   0.1529D+00   0.0000D+00   0.2403D+00   0.0000D+00   0.5341D-01   0.0000D+00   0.0000D+00   0.0000D+00   0.6093D+00   0.0000D+00   0.1096D+00   0.0000D+00   0.1529D+00   0.0000D+00
   0.0000D+00   0.0000D+00   0.0000D+00   0.0000D+00   0.0000D+00   0.0000D+00   0.0000D+00   0.0000D+00
  -0.2753D+01   0.4939D+00  -0.3885D+01   0.2972D+00   0.2599D+00  -0.3386D+00  -0.4099D+01  -0.1719D-01  -0.2753D+01   0.4939D+00  -0.3885D+01   0.2972D+00
   0.6746D+00  -0.1689D-01   0.1226D+00  -0.6704D-02   0.1204D+00  -0.5125D-01   0.2633D+00   0.0000D+00   0.6522D-01   0.5903D-02  -0.4069D-03   0.1932D-01   0.6746D+00  -0.1689D-01   0.1226D+00  -0.6704D-02   0.1204D+00  -0.5125D-01
  -0.1065D-02  -0.5959D-02  -0.3735D-02  -0.1056D-01  -0.1065D-02  -0.5959D-02  -0.3735D-02  -0.1056D-01
  1.000  0.500
  -0.3455D+01   0.0000D+00  -0.4433D+01   0.0000D+00   0.0000D+00   0.0000D+00  -0.4366D+01   0.0000D+00  -0.3455D+01   0.0000D+00  -0.4433D+01   0.0000D+00
   0.5951D+00   0.0000D+00   0.1074D+00   0.0000D+00   0.1490D+00   0.0000D+00   0.2343D+00   0.0000D+00   0.5206D-01   0.0000D+00   0.0000D+00   0.0000D+00   0.5951D+00   0.0000D+00   0.1074D+00   0.0000D+00   0.1490D+00   0.0000D+00
   0.0000D+00   0.0000D+00   0.0000D+00   0.0000D+00   0.0000D+00   0.0000D+00   0.0000D+00   0.0000D+00
  -0.2583D+01   0.6957D+00  -0.3855D+01   0.4191D+00   0.3580D+00  -0.4739D+00  -0.4134D+01  -0.2420D-01  -0.2583D+01   0.6957D+00  -0.3855D+01   0.4191D+00
   0.6715D+00  -0.1986D-01   0.1234D+00  -0.7905D-02   0.1126D+00  -0.6007D-01   0.2635D+00   0.0000D+00   0.6637D-01   0.6924D-02  -0.5207D-03   0.2266D-01   0.6715D+00  -0.1986D-01   0.1234D+00  -0.7905D-02   0.1126D+00  -0.6007D-01
  -0.1253D-02  -0.6899D-02  -0.4426D-02  -0.1236D-01  -0.1253D-02  -0.6899D-02  -0.4426D-02  -0.1236D-01
  1.000  1.000
  -0.3140D+01   0.0000D+00  -0.4028D+01   0.0000D+00   0.0000D+00   0.0000D+00  -0.3968D+01   0.0000D+00  -0.3140D+01   0.0000D+00  -0.4028D+01   0.0000D+00
   0.5951D+00   0.0000D+00   0.1074D+00   0.0000D+00   0.1490D+00   0.0000D+00   0.2343D+00   0.0000D+00   0.5206D-01   0.0000D+00   0.0000D+00   0.0000D+00   0.5951D+00   0.0000D+00   0.1074D+00   0.0000D+00   0.1490D+00   0.0000D+00
   0.0000D+00   0.0000D+00   0.0000D+00   0.0000D+00   0.0000D+00   0.0000D+00   0.0000D+00   0.0000D+00
  -0.2696D+01   0.5744D+00  -0.3905D+01   0.3460D+00   0.2955D+00  -0.3913D+00  -0.4125D+01  -0.1998D-01  -0.2696D+01   0.5744D+00  -0.3905D+01   0.3460D+00
   0.6652D+00  -0.1805D-01   0.1221D+00  -0.7183D-02   0.1161D+00  -0.5459D-01   0.2610D+00   0.0000D+00   0.6511D-01   0.6292D-02  -0.4674D-03   0.2059D-01   0.6652D+00  -0.1805D-01   0.1221D+00  -0.7183D-02   0.1161D+00  -0.5459D-01
  -0.1138D-02  -0.6269D-02  -0.4022D-02  -0.1123D-01  -0.1138D-02  -0.6269D-02  -0.4022D-02  -0.1123D-01
  1.000  2.000
  -0.2878D+01   0.0000D+00  -0.3692D+01   0.0000D+00   0.0000D+00   0.0000D+00  -0.3637D+01   0.0000D+00  -0.2878D+01   0.0000D+00  -0.3692D+01   0.0000D+00
   0.5951D+00   0.0000D+00   0.1074D+00   0.0000D+00   0.1490D+00   0.0000D+00   0.2343D+00   0.0000D+00   0.5206D-01   0.0000D+00   0.0000D+00   0.0000D+00   0.5951D+00   0.0000D+00   0.1074D+00   0.0000D+00   0.1490D+00   0.0000D+00
   0.0000D+00   0.0000D+00   0.0000D+00   0.0000D+00   0.0000D+00   0.0000D+00   0.0000D+00   0.0000D+00
  -0.2737D+01   0.4826D+00  -0.3887D+01   0.2907D+00   0.2483D+00  -0.3287D+00  -0.4062D+01  -0.1678D-01  -0.2737D+01   0.4826D+00  -0.3887D+01   0.2907D+00
   0.6599D+00  -0.1654D-01   0.1210D+00  -0.6584D-02   0.1190D+00  -0.5004D-01   0.2589D+00   0.0000D+00   0.6406D-01   0.5767D-02  -0.4240D-03   0.1887D-01   0.6599D+00  -0.1654D-01   0.1210D+00  -0.6584D-02   0.1190D+00  -0.5004D-01
  -0.1043D-02  -0.5746D-02  -0.3686D-02  -0.1030D-01  -0.1043D-02  -0.5746D-02  -0.3686D-02  -0.1030D-01
  2.000  0.500
  -0.3368D+01   0.0000D+00  -0.4315D+01   0.0000D+00   0.0000D+00   0.0000D+00  -0.4265D+01   0.0000D+00  -0.3368D+01   0.0000D+00  -0.4315D+01   0.0000D+00
   0.5787D+00   0.0000D+00   0.1046D+00   0.0000D+00   0.1442D+00   0.0000D+00   0.2284D+00   0.0000D+00   0.5076D-01   0.0000D+00   0.0000D+00   0.0000D+00   0.5787D+00   0.0000D+00   0.1046D+00   0.0000D+00   0.1442D+00   0.0000D+00
   0.0000D+00   0.0000D+00   0.0000D+00   0.0000D+00   0.0000D+00   0.0000D+00   0.0000D+00   0.0000D+00
  -0.2610D+01   0.6792D+00  -0.3884D+01   0.4086D+00   0.3675D+00  -0.4630D+00  -0.4181D+01  -0.2306D-01  -0.2610D+01   0.6792D+00  -0.3884D+01   0.4086D+00
   0.6580D+00  -0.1915D-01   0.1201D+00  -0.7656D-02   0.1106D+00  -0.5793D-01   0.2600D+00   0.0000D+00   0.6548D-01   0.6749D-02  -0.5122D-03   0.2209D-01   0.6580D+00  -0.1915D-01   0.1201D+00  -0.7656D-02   0.1106D+00  -0.5793D-01
  -0.1227D-02  -0.6782D-02  -0.4343D-02  -0.1206D-01  -0.1227D-02  -0.6782D-02  -0.4343D-02  -0.1206D-01
  2.000  1.000
  -0.3061D+01   0.0000D+00  -0.3921D+01   0.0000D+00   0.0000D+00   0.0000D+00  -0.3876D+01   0.0000D+00  -0.3061D+01   0.0000D+00  -0.3921D+01   0.0000D+00
   0.5787D+00   0.0000D+00   0.1046D+00   0.0000D+00   0.1442D+00   0.0000D+00   0.2284D+00   0.0000D+00   0.5076D-01   0.0000D+00   0.0000D+00   0.0000D+00   0.5787D+00   0.0000D+00   0.1046D+00   0.0000D+00   0.1442D+00   0.0000D+00
   0.0000D+00   0.0000D+00   0.0000D+00   0.0000D+00   0.0000D+00   0.0000D+00   0.0000D+00   0.0000D+00
  -0.2709D+01   0.5608D+00  -0.3914D+01   0.3374D+00   0.3034D+00  -0.3823D+00  -0.4150D+01  -0.1904D-01  -0.2709D+01   0.5608D+00  -0.3914D+01   0.3374D+00
   0.6556D+00  -0.1740D-01   0.1195D+00  -0.6957D-02   0.1152D+00  -0.5265D-01   0.2582D+00   0.0000D+00   0.6445D-01   0.6132D-02  -0.4572D-03   0.2007D-01   0.6556D+00  -0.1740D-01   0.1195D+00  -0.6957D-02   0.1152D+00  -0.5265D-01
  -0.1115D-02  -0.6163D-02  -0.3947D-02  -0.1096D-01  -0.1115D-02  -0.6163D-02  -0.3947D-02  -0.1096D-01
  2.000  2.000
  -0.2806D+01   0.0000D+00  -0.3594D+01   0.0000D+00   0.0000D+00   0.0000D+00  -0.3553D+01   0.0000D+00  -0.2806D+01   0.0000D+00  -0.3594D+01   0.0000D+00
   0.5787D+00   0.0000D+00   0.1046D+00   0.0000D+00   0.1442D+00   0.0000D+00   0.2284D+00   0.0000D+00   0.5076D-01   0.0000D+00   0.0000D+00   0.0000D+00   0.5787D+00   0.0000D+00   0.1046D+00   0.0000D+00   0.1442D+00   0.0000D+00
   0.0000D+00   0.0000D+00   0.0000D+00   0.0000D+00   0.0000D+00   0.0000D+00   0.0000D+00   0.0000D+00
  -0.2736D+01   0.4711D+00  -0.3878D+01   0.2835D+00   0.2548D+00  -0.3212D+00  -0.4070D+01  -0.1600D-01  -0.2736D+01   0.4711D+00  -0.3878D+01   0.2835D+00
   0.6497D+00  -0.1595D-01   0.1183D+00  -0.6377D-02   0.1177D+00  -0.4826D-01   0.2558D+00   0.0000D+00   0.6335D-01   0.5621D-02  -0.4147D-03   0.1840D-01   0.6497D+00  -0.1595D-01   0.1183D+00  -0.6377D-02   0.1177D+00  -0.4826D-01
  -0.1022D-02  -0.5649D-02  -0.3617D-02  -0.1004D-01  -0.1022D-02  -0.5649D-02  -0.3617D-02  -0.1004D-01
