 LHC=           1 sqrts=   8000.0000000000000      ang=           4 mode=fital                                                                                               scalescheme=           1 R=  0.69999999999999996     
 MSTW2008nlo68cl_rand1235                                                                                      55
 Bin information: chid, chiu, md, mu, mu0
   0.0000000000000000       0.50000000000000000        300.00000000000000        330.00000000000000        315.00000000000000     
 9 scales(muf, mur)*(LO(38), NLO(38))
  0.500  0.500
  -0.2080D+01   0.0000D+00  -0.2427D+01   0.0000D+00   0.0000D+00   0.0000D+00  -0.2303D+01   0.0000D+00  -0.2080D+01   0.0000D+00  -0.2427D+01   0.0000D+00
   0.6221D+00   0.0000D+00   0.1105D+00   0.0000D+00   0.1670D+00   0.0000D+00   0.2336D+00   0.0000D+00   0.5192D-01   0.0000D+00   0.0000D+00   0.0000D+00   0.6221D+00   0.0000D+00   0.1105D+00   0.0000D+00   0.1670D+00   0.0000D+00
   0.0000D+00   0.0000D+00   0.0000D+00   0.0000D+00   0.0000D+00   0.0000D+00   0.0000D+00   0.0000D+00
  -0.1500D+01   0.3684D+00  -0.2064D+01   0.2222D+00   0.2046D+00  -0.2440D+00  -0.2139D+01  -0.5237D-02  -0.1500D+01   0.3684D+00  -0.2064D+01   0.2222D+00
   0.6238D+00  -0.2161D-01   0.1131D+00  -0.8268D-02   0.1073D+00  -0.6107D-01   0.2391D+00   0.0000D+00   0.6003D-01   0.6718D-02  -0.1538D-02   0.2199D-01   0.6238D+00  -0.2161D-01   0.1131D+00  -0.8268D-02   0.1073D+00  -0.6107D-01
  -0.1568D-02  -0.7478D-02  -0.4597D-02  -0.1225D-01  -0.1568D-02  -0.7478D-02  -0.4597D-02  -0.1225D-01
  0.500  1.000
  -0.1895D+01   0.0000D+00  -0.2210D+01   0.0000D+00   0.0000D+00   0.0000D+00  -0.2098D+01   0.0000D+00  -0.1895D+01   0.0000D+00  -0.2210D+01   0.0000D+00
   0.6221D+00   0.0000D+00   0.1105D+00   0.0000D+00   0.1670D+00   0.0000D+00   0.2336D+00   0.0000D+00   0.5192D-01   0.0000D+00   0.0000D+00   0.0000D+00   0.6221D+00   0.0000D+00   0.1105D+00   0.0000D+00   0.1670D+00   0.0000D+00
   0.0000D+00   0.0000D+00   0.0000D+00   0.0000D+00   0.0000D+00   0.0000D+00   0.0000D+00   0.0000D+00
  -0.1577D+01   0.3057D+00  -0.2100D+01   0.1844D+00   0.1697D+00  -0.2025D+00  -0.2142D+01  -0.4345D-02  -0.1577D+01   0.3057D+00  -0.2100D+01   0.1844D+00
   0.6241D+00  -0.1968D-01   0.1129D+00  -0.7532D-02   0.1127D+00  -0.5563D-01   0.2387D+00   0.0000D+00   0.5934D-01   0.6120D-02  -0.1399D-02   0.2003D-01   0.6241D+00  -0.1968D-01   0.1129D+00  -0.7532D-02   0.1127D+00  -0.5563D-01
  -0.1428D-02  -0.6812D-02  -0.4187D-02  -0.1116D-01  -0.1428D-02  -0.6812D-02  -0.4187D-02  -0.1116D-01
  0.500  2.000
  -0.1741D+01   0.0000D+00  -0.2030D+01   0.0000D+00   0.0000D+00   0.0000D+00  -0.1927D+01   0.0000D+00  -0.1741D+01   0.0000D+00  -0.2030D+01   0.0000D+00
   0.6221D+00   0.0000D+00   0.1105D+00   0.0000D+00   0.1670D+00   0.0000D+00   0.2336D+00   0.0000D+00   0.5192D-01   0.0000D+00   0.0000D+00   0.0000D+00   0.6221D+00   0.0000D+00   0.1105D+00   0.0000D+00   0.1670D+00   0.0000D+00
   0.0000D+00   0.0000D+00   0.0000D+00   0.0000D+00   0.0000D+00   0.0000D+00   0.0000D+00   0.0000D+00
  -0.1609D+01   0.2579D+00  -0.2097D+01   0.1555D+00   0.1431D+00  -0.1708D+00  -0.2116D+01  -0.3665D-02  -0.1609D+01   0.2579D+00  -0.2097D+01   0.1555D+00
   0.6242D+00  -0.1808D-01   0.1128D+00  -0.6918D-02   0.1172D+00  -0.5110D-01   0.2384D+00   0.0000D+00   0.5876D-01   0.5621D-02  -0.1283D-02   0.1840D-01   0.6242D+00  -0.1808D-01   0.1128D+00  -0.6918D-02   0.1172D+00  -0.5110D-01
  -0.1312D-02  -0.6257D-02  -0.3846D-02  -0.1025D-01  -0.1312D-02  -0.6257D-02  -0.3846D-02  -0.1025D-01
  1.000  0.500
  -0.1997D+01   0.0000D+00  -0.2322D+01   0.0000D+00   0.0000D+00   0.0000D+00  -0.2206D+01   0.0000D+00  -0.1997D+01   0.0000D+00  -0.2322D+01   0.0000D+00
   0.5952D+00   0.0000D+00   0.1056D+00   0.0000D+00   0.1598D+00   0.0000D+00   0.2240D+00   0.0000D+00   0.4978D-01   0.0000D+00   0.0000D+00   0.0000D+00   0.5952D+00   0.0000D+00   0.1056D+00   0.0000D+00   0.1598D+00   0.0000D+00
   0.0000D+00   0.0000D+00   0.0000D+00   0.0000D+00   0.0000D+00   0.0000D+00   0.0000D+00   0.0000D+00
  -0.1524D+01   0.3539D+00  -0.2069D+01   0.2137D+00   0.1924D+00  -0.2337D+00  -0.2149D+01  -0.4730D-02  -0.1524D+01   0.3539D+00  -0.2069D+01   0.2137D+00
   0.6159D+00  -0.2069D-01   0.1111D+00  -0.7884D-02   0.1070D+00  -0.5845D-01   0.2357D+00   0.0000D+00   0.5900D-01   0.6438D-02  -0.8972D-03   0.2107D-01   0.6159D+00  -0.2069D-01   0.1111D+00  -0.7884D-02   0.1070D+00  -0.5845D-01
  -0.1505D-02  -0.7058D-02  -0.4432D-02  -0.1174D-01  -0.1505D-02  -0.7058D-02  -0.4432D-02  -0.1174D-01
  1.000  1.000
  -0.1819D+01   0.0000D+00  -0.2115D+01   0.0000D+00   0.0000D+00   0.0000D+00  -0.2010D+01   0.0000D+00  -0.1819D+01   0.0000D+00  -0.2115D+01   0.0000D+00
   0.5952D+00   0.0000D+00   0.1056D+00   0.0000D+00   0.1598D+00   0.0000D+00   0.2240D+00   0.0000D+00   0.4978D-01   0.0000D+00   0.0000D+00   0.0000D+00   0.5952D+00   0.0000D+00   0.1056D+00   0.0000D+00   0.1598D+00   0.0000D+00
   0.0000D+00   0.0000D+00   0.0000D+00   0.0000D+00   0.0000D+00   0.0000D+00   0.0000D+00   0.0000D+00
  -0.1583D+01   0.2936D+00  -0.2087D+01   0.1773D+00   0.1596D+00  -0.1939D+00  -0.2135D+01  -0.3925D-02  -0.1583D+01   0.2936D+00  -0.2087D+01   0.1773D+00
   0.6145D+00  -0.1885D-01   0.1107D+00  -0.7182D-02   0.1118D+00  -0.5324D-01   0.2348D+00   0.0000D+00   0.5820D-01   0.5864D-02  -0.8144D-03   0.1919D-01   0.6145D+00  -0.1885D-01   0.1107D+00  -0.7182D-02   0.1118D+00  -0.5324D-01
  -0.1371D-02  -0.6429D-02  -0.4037D-02  -0.1069D-01  -0.1371D-02  -0.6429D-02  -0.4037D-02  -0.1069D-01
  1.000  2.000
  -0.1671D+01   0.0000D+00  -0.1943D+01   0.0000D+00   0.0000D+00   0.0000D+00  -0.1846D+01   0.0000D+00  -0.1671D+01   0.0000D+00  -0.1943D+01   0.0000D+00
   0.5952D+00   0.0000D+00   0.1056D+00   0.0000D+00   0.1598D+00   0.0000D+00   0.2240D+00   0.0000D+00   0.4978D-01   0.0000D+00   0.0000D+00   0.0000D+00   0.5952D+00   0.0000D+00   0.1056D+00   0.0000D+00   0.1598D+00   0.0000D+00
   0.0000D+00   0.0000D+00   0.0000D+00   0.0000D+00   0.0000D+00   0.0000D+00   0.0000D+00   0.0000D+00
  -0.1604D+01   0.2477D+00  -0.2072D+01   0.1496D+00   0.1346D+00  -0.1636D+00  -0.2097D+01  -0.3310D-02  -0.1604D+01   0.2477D+00  -0.2072D+01   0.1496D+00
   0.6132D+00  -0.1731D-01   0.1103D+00  -0.6597D-02   0.1158D+00  -0.4890D-01   0.2340D+00   0.0000D+00   0.5754D-01   0.5386D-02  -0.7459D-03   0.1763D-01   0.6132D+00  -0.1731D-01   0.1103D+00  -0.6597D-02   0.1158D+00  -0.4890D-01
  -0.1259D-02  -0.5905D-02  -0.3708D-02  -0.9819D-02  -0.1259D-02  -0.5905D-02  -0.3708D-02  -0.9819D-02
  2.000  0.500
  -0.1903D+01   0.0000D+00  -0.2232D+01   0.0000D+00   0.0000D+00   0.0000D+00  -0.2110D+01   0.0000D+00  -0.1903D+01   0.0000D+00  -0.2232D+01   0.0000D+00
   0.5685D+00   0.0000D+00   0.1012D+00   0.0000D+00   0.1530D+00   0.0000D+00   0.2143D+00   0.0000D+00   0.4761D-01   0.0000D+00   0.0000D+00   0.0000D+00   0.5685D+00   0.0000D+00   0.1012D+00   0.0000D+00   0.1530D+00   0.0000D+00
   0.0000D+00   0.0000D+00   0.0000D+00   0.0000D+00   0.0000D+00   0.0000D+00   0.0000D+00   0.0000D+00
  -0.1531D+01   0.3397D+00  -0.2099D+01   0.2044D+00   0.1918D+00  -0.2234D+00  -0.2175D+01  -0.4227D-02  -0.1531D+01   0.3397D+00  -0.2099D+01   0.2044D+00
   0.6076D+00  -0.1982D-01   0.1100D+00  -0.7550D-02   0.1094D+00  -0.5590D-01   0.2349D+00   0.0000D+00   0.5844D-01   0.6163D-02  -0.8751D-03   0.2017D-01   0.6076D+00  -0.1982D-01   0.1100D+00  -0.7550D-02   0.1094D+00  -0.5590D-01
  -0.1452D-02  -0.6676D-02  -0.4263D-02  -0.1121D-01  -0.1452D-02  -0.6676D-02  -0.4263D-02  -0.1121D-01
  2.000  1.000
  -0.1733D+01   0.0000D+00  -0.2034D+01   0.0000D+00   0.0000D+00   0.0000D+00  -0.1922D+01   0.0000D+00  -0.1733D+01   0.0000D+00  -0.2034D+01   0.0000D+00
   0.5685D+00   0.0000D+00   0.1012D+00   0.0000D+00   0.1530D+00   0.0000D+00   0.2143D+00   0.0000D+00   0.4761D-01   0.0000D+00   0.0000D+00   0.0000D+00   0.5685D+00   0.0000D+00   0.1012D+00   0.0000D+00   0.1530D+00   0.0000D+00
   0.0000D+00   0.0000D+00   0.0000D+00   0.0000D+00   0.0000D+00   0.0000D+00   0.0000D+00   0.0000D+00
  -0.1573D+01   0.2819D+00  -0.2098D+01   0.1696D+00   0.1591D+00  -0.1853D+00  -0.2141D+01  -0.3507D-02  -0.1573D+01   0.2819D+00  -0.2098D+01   0.1696D+00
   0.6046D+00  -0.1805D-01   0.1093D+00  -0.6878D-02   0.1135D+00  -0.5092D-01   0.2332D+00   0.0000D+00   0.5750D-01   0.5614D-02  -0.7949D-03   0.1837D-01   0.6046D+00  -0.1805D-01   0.1093D+00  -0.6878D-02   0.1135D+00  -0.5092D-01
  -0.1322D-02  -0.6082D-02  -0.3883D-02  -0.1021D-01  -0.1322D-02  -0.6082D-02  -0.3883D-02  -0.1021D-01
  2.000  2.000
  -0.1592D+01   0.0000D+00  -0.1868D+01   0.0000D+00   0.0000D+00   0.0000D+00  -0.1765D+01   0.0000D+00  -0.1592D+01   0.0000D+00  -0.1868D+01   0.0000D+00
   0.5685D+00   0.0000D+00   0.1012D+00   0.0000D+00   0.1530D+00   0.0000D+00   0.2143D+00   0.0000D+00   0.4761D-01   0.0000D+00   0.0000D+00   0.0000D+00   0.5685D+00   0.0000D+00   0.1012D+00   0.0000D+00   0.1530D+00   0.0000D+00
   0.0000D+00   0.0000D+00   0.0000D+00   0.0000D+00   0.0000D+00   0.0000D+00   0.0000D+00   0.0000D+00
  -0.1582D+01   0.2378D+00  -0.2069D+01   0.1431D+00   0.1342D+00  -0.1563D+00  -0.2089D+01  -0.2958D-02  -0.1582D+01   0.2378D+00  -0.2069D+01   0.1431D+00
   0.6018D+00  -0.1658D-01   0.1086D+00  -0.6317D-02   0.1167D+00  -0.4677D-01   0.2317D+00   0.0000D+00   0.5671D-01   0.5157D-02  -0.7281D-03   0.1688D-01   0.6018D+00  -0.1658D-01   0.1086D+00  -0.6317D-02   0.1167D+00  -0.4677D-01
  -0.1215D-02  -0.5586D-02  -0.3566D-02  -0.9381D-02  -0.1215D-02  -0.5586D-02  -0.3566D-02  -0.9381D-02
