 LHC=           1 sqrts=   8000.0000000000000      ang=           4 mode=fital                                                                                               scalescheme=           1 R=  0.69999999999999996     
 CT10nlo_rand5678                                                                                             217
 Bin information: chid, chiu, md, mu, mu0
   0.0000000000000000       0.50000000000000000        846.00000000000000        905.00000000000000        875.50000000000000     
 9 scales(muf, mur)*(LO(38), NLO(38))
  0.500  0.500
  -0.2175D+00   0.0000D+00  -0.1661D+00   0.0000D+00   0.0000D+00   0.0000D+00  -0.9942D-01   0.0000D+00  -0.2175D+00   0.0000D+00  -0.1661D+00   0.0000D+00
   0.3755D+00   0.0000D+00   0.5946D-01   0.0000D+00   0.1444D+00   0.0000D+00   0.8059D-01   0.0000D+00   0.1791D-01   0.0000D+00   0.0000D+00   0.0000D+00   0.3755D+00   0.0000D+00   0.5946D-01   0.0000D+00   0.1444D+00   0.0000D+00
   0.0000D+00   0.0000D+00   0.0000D+00   0.0000D+00   0.0000D+00   0.0000D+00   0.0000D+00   0.0000D+00
  -0.1721D+00   0.2054D-01  -0.1442D+00   0.1189D-01   0.1203D-01  -0.9074D-02  -0.8894D-01   0.2861D-02  -0.1721D+00   0.2054D-01  -0.1442D+00   0.1189D-01
   0.2910D+00  -0.1608D-01   0.4769D-01  -0.4930D-02   0.8011D-01  -0.3093D-01   0.6948D-01   0.0000D+00   0.1733D-01   0.1997D-02  -0.2564D-02   0.6535D-02   0.2910D+00  -0.1608D-01   0.4769D-01  -0.4930D-02   0.8011D-01  -0.3093D-01
  -0.1588D-02  -0.4415D-02  -0.2115D-02  -0.4711D-02  -0.1588D-02  -0.4415D-02  -0.2115D-02  -0.4711D-02
  0.500  1.000
  -0.2007D+00   0.0000D+00  -0.1532D+00   0.0000D+00   0.0000D+00   0.0000D+00  -0.9174D-01   0.0000D+00  -0.2007D+00   0.0000D+00  -0.1532D+00   0.0000D+00
   0.3755D+00   0.0000D+00   0.5946D-01   0.0000D+00   0.1444D+00   0.0000D+00   0.8059D-01   0.0000D+00   0.1791D-01   0.0000D+00   0.0000D+00   0.0000D+00   0.3755D+00   0.0000D+00   0.5946D-01   0.0000D+00   0.1444D+00   0.0000D+00
   0.0000D+00   0.0000D+00   0.0000D+00   0.0000D+00   0.0000D+00   0.0000D+00   0.0000D+00   0.0000D+00
  -0.1770D+00   0.1749D-01  -0.1461D+00   0.1013D-01   0.1025D-01  -0.7725D-02  -0.8968D-01   0.2436D-02  -0.1770D+00   0.1749D-01  -0.1461D+00   0.1013D-01
   0.2976D+00  -0.1484D-01   0.4861D-01  -0.4549D-02   0.8510D-01  -0.2853D-01   0.7035D-01   0.0000D+00   0.1738D-01   0.1843D-02  -0.2366D-02   0.6030D-02   0.2976D+00  -0.1484D-01   0.4861D-01  -0.4549D-02   0.8510D-01  -0.2853D-01
  -0.1465D-02  -0.4074D-02  -0.1951D-02  -0.4347D-02  -0.1465D-02  -0.4074D-02  -0.1951D-02  -0.4347D-02
  0.500  2.000
  -0.1863D+00   0.0000D+00  -0.1423D+00   0.0000D+00   0.0000D+00   0.0000D+00  -0.8517D-01   0.0000D+00  -0.1863D+00   0.0000D+00  -0.1423D+00   0.0000D+00
   0.3755D+00   0.0000D+00   0.5946D-01   0.0000D+00   0.1444D+00   0.0000D+00   0.8059D-01   0.0000D+00   0.1791D-01   0.0000D+00   0.0000D+00   0.0000D+00   0.3755D+00   0.0000D+00   0.5946D-01   0.0000D+00   0.1444D+00   0.0000D+00
   0.0000D+00   0.0000D+00   0.0000D+00   0.0000D+00   0.0000D+00   0.0000D+00   0.0000D+00   0.0000D+00
  -0.1788D+00   0.1508D-01  -0.1460D+00   0.8728D-02   0.8832D-02  -0.6659D-02  -0.8930D-01   0.2100D-02  -0.1788D+00   0.1508D-01  -0.1460D+00   0.8728D-02
   0.3032D+00  -0.1378D-01   0.4940D-01  -0.4223D-02   0.8936D-01  -0.2649D-01   0.7109D-01   0.0000D+00   0.1742D-01   0.1711D-02  -0.2197D-02   0.5598D-02   0.3032D+00  -0.1378D-01   0.4940D-01  -0.4223D-02   0.8936D-01  -0.2649D-01
  -0.1360D-02  -0.3783D-02  -0.1812D-02  -0.4035D-02  -0.1360D-02  -0.3783D-02  -0.1812D-02  -0.4035D-02
  1.000  0.500
  -0.1964D+00   0.0000D+00  -0.1500D+00   0.0000D+00   0.0000D+00   0.0000D+00  -0.8970D-01   0.0000D+00  -0.1964D+00   0.0000D+00  -0.1500D+00   0.0000D+00
   0.3391D+00   0.0000D+00   0.5363D-01   0.0000D+00   0.1304D+00   0.0000D+00   0.7262D-01   0.0000D+00   0.1614D-01   0.0000D+00   0.0000D+00   0.0000D+00   0.3391D+00   0.0000D+00   0.5363D-01   0.0000D+00   0.1304D+00   0.0000D+00
   0.0000D+00   0.0000D+00   0.0000D+00   0.0000D+00   0.0000D+00   0.0000D+00   0.0000D+00   0.0000D+00
  -0.1741D+00   0.1854D-01  -0.1457D+00   0.1074D-01   0.1085D-01  -0.8192D-02  -0.8921D-01   0.2583D-02  -0.1741D+00   0.1854D-01  -0.1457D+00   0.1074D-01
   0.2948D+00  -0.1453D-01   0.4814D-01  -0.4455D-02   0.8524D-01  -0.2788D-01   0.6966D-01   0.0000D+00   0.1721D-01   0.1799D-02  -0.2334D-02   0.5889D-02   0.2948D+00  -0.1453D-01   0.4814D-01  -0.4455D-02   0.8524D-01  -0.2788D-01
  -0.1435D-02  -0.3984D-02  -0.1911D-02  -0.4243D-02  -0.1435D-02  -0.3984D-02  -0.1911D-02  -0.4243D-02
  1.000  1.000
  -0.1812D+00   0.0000D+00  -0.1384D+00   0.0000D+00   0.0000D+00   0.0000D+00  -0.8277D-01   0.0000D+00  -0.1812D+00   0.0000D+00  -0.1384D+00   0.0000D+00
   0.3391D+00   0.0000D+00   0.5363D-01   0.0000D+00   0.1304D+00   0.0000D+00   0.7262D-01   0.0000D+00   0.1614D-01   0.0000D+00   0.0000D+00   0.0000D+00   0.3391D+00   0.0000D+00   0.5363D-01   0.0000D+00   0.1304D+00   0.0000D+00
   0.0000D+00   0.0000D+00   0.0000D+00   0.0000D+00   0.0000D+00   0.0000D+00   0.0000D+00   0.0000D+00
  -0.1758D+00   0.1578D-01  -0.1451D+00   0.9141D-02   0.9235D-02  -0.6975D-02  -0.8854D-01   0.2199D-02  -0.1758D+00   0.1578D-01  -0.1451D+00   0.9141D-02
   0.2983D+00  -0.1341D-01   0.4857D-01  -0.4111D-02   0.8875D-01  -0.2573D-01   0.6990D-01   0.0000D+00   0.1713D-01   0.1660D-02  -0.2153D-02   0.5433D-02   0.2983D+00  -0.1341D-01   0.4857D-01  -0.4111D-02   0.8875D-01  -0.2573D-01
  -0.1324D-02  -0.3676D-02  -0.1763D-02  -0.3915D-02  -0.1324D-02  -0.3676D-02  -0.1763D-02  -0.3915D-02
  1.000  2.000
  -0.1683D+00   0.0000D+00  -0.1285D+00   0.0000D+00   0.0000D+00   0.0000D+00  -0.7685D-01   0.0000D+00  -0.1683D+00   0.0000D+00  -0.1285D+00   0.0000D+00
   0.3391D+00   0.0000D+00   0.5363D-01   0.0000D+00   0.1304D+00   0.0000D+00   0.7262D-01   0.0000D+00   0.1614D-01   0.0000D+00   0.0000D+00   0.0000D+00   0.3391D+00   0.0000D+00   0.5363D-01   0.0000D+00   0.1304D+00   0.0000D+00
   0.0000D+00   0.0000D+00   0.0000D+00   0.0000D+00   0.0000D+00   0.0000D+00   0.0000D+00   0.0000D+00
  -0.1753D+00   0.1360D-01  -0.1432D+00   0.7879D-02   0.7960D-02  -0.6012D-02  -0.8715D-01   0.1895D-02  -0.1753D+00   0.1360D-01  -0.1432D+00   0.7879D-02
   0.3013D+00  -0.1245D-01   0.4894D-01  -0.3817D-02   0.9175D-01  -0.2389D-01   0.7010D-01   0.0000D+00   0.1706D-01   0.1541D-02  -0.1999D-02   0.5045D-02   0.3013D+00  -0.1245D-01   0.4894D-01  -0.3817D-02   0.9175D-01  -0.2389D-01
  -0.1229D-02  -0.3413D-02  -0.1637D-02  -0.3635D-02  -0.1229D-02  -0.3413D-02  -0.1637D-02  -0.3635D-02
  2.000  0.500
  -0.1789D+00   0.0000D+00  -0.1363D+00   0.0000D+00   0.0000D+00   0.0000D+00  -0.8148D-01   0.0000D+00  -0.1789D+00   0.0000D+00  -0.1363D+00   0.0000D+00
   0.3080D+00   0.0000D+00   0.4872D-01   0.0000D+00   0.1188D+00   0.0000D+00   0.6585D-01   0.0000D+00   0.1463D-01   0.0000D+00   0.0000D+00   0.0000D+00   0.3080D+00   0.0000D+00   0.4872D-01   0.0000D+00   0.1188D+00   0.0000D+00
   0.0000D+00   0.0000D+00   0.0000D+00   0.0000D+00   0.0000D+00   0.0000D+00   0.0000D+00   0.0000D+00
  -0.1777D+00   0.1685D-01  -0.1465D+00   0.9765D-02   0.9933D-02  -0.7431D-02  -0.8972D-01   0.2355D-02  -0.1777D+00   0.1685D-01  -0.1465D+00   0.9765D-02
   0.2993D+00  -0.1322D-01   0.4882D-01  -0.4047D-02   0.8974D-01  -0.2533D-01   0.6996D-01   0.0000D+00   0.1712D-01   0.1631D-02  -0.2034D-02   0.5339D-02   0.2993D+00  -0.1322D-01   0.4882D-01  -0.4047D-02   0.8974D-01  -0.2533D-01
  -0.1307D-02  -0.3613D-02  -0.1739D-02  -0.3849D-02  -0.1307D-02  -0.3613D-02  -0.1739D-02  -0.3849D-02
  2.000  1.000
  -0.1651D+00   0.0000D+00  -0.1258D+00   0.0000D+00   0.0000D+00   0.0000D+00  -0.7518D-01   0.0000D+00  -0.1651D+00   0.0000D+00  -0.1258D+00   0.0000D+00
   0.3080D+00   0.0000D+00   0.4872D-01   0.0000D+00   0.1188D+00   0.0000D+00   0.6585D-01   0.0000D+00   0.1463D-01   0.0000D+00   0.0000D+00   0.0000D+00   0.3080D+00   0.0000D+00   0.4872D-01   0.0000D+00   0.1188D+00   0.0000D+00
   0.0000D+00   0.0000D+00   0.0000D+00   0.0000D+00   0.0000D+00   0.0000D+00   0.0000D+00   0.0000D+00
  -0.1764D+00   0.1434D-01  -0.1439D+00   0.8314D-02   0.8457D-02  -0.6326D-02  -0.8782D-01   0.2005D-02  -0.1764D+00   0.1434D-01  -0.1439D+00   0.8314D-02
   0.3000D+00  -0.1219D-01   0.4882D-01  -0.3734D-02   0.9200D-01  -0.2338D-01   0.6965D-01   0.0000D+00   0.1693D-01   0.1505D-02  -0.1877D-02   0.4926D-02   0.3000D+00  -0.1219D-01   0.4882D-01  -0.3734D-02   0.9200D-01  -0.2338D-01
  -0.1206D-02  -0.3333D-02  -0.1604D-02  -0.3552D-02  -0.1206D-02  -0.3333D-02  -0.1604D-02  -0.3552D-02
  2.000  2.000
  -0.1532D+00   0.0000D+00  -0.1168D+00   0.0000D+00   0.0000D+00   0.0000D+00  -0.6980D-01   0.0000D+00  -0.1532D+00   0.0000D+00  -0.1168D+00   0.0000D+00
   0.3080D+00   0.0000D+00   0.4872D-01   0.0000D+00   0.1188D+00   0.0000D+00   0.6585D-01   0.0000D+00   0.1463D-01   0.0000D+00   0.0000D+00   0.0000D+00   0.3080D+00   0.0000D+00   0.4872D-01   0.0000D+00   0.1188D+00   0.0000D+00
   0.0000D+00   0.0000D+00   0.0000D+00   0.0000D+00   0.0000D+00   0.0000D+00   0.0000D+00   0.0000D+00
  -0.1737D+00   0.1236D-01  -0.1405D+00   0.7166D-02   0.7290D-02  -0.5453D-02  -0.8554D-01   0.1728D-02  -0.1737D+00   0.1236D-01  -0.1405D+00   0.7166D-02
   0.3006D+00  -0.1132D-01   0.4882D-01  -0.3467D-02   0.9393D-01  -0.2170D-01   0.6939D-01   0.0000D+00   0.1677D-01   0.1397D-02  -0.1743D-02   0.4574D-02   0.3006D+00  -0.1132D-01   0.4882D-01  -0.3467D-02   0.9393D-01  -0.2170D-01
  -0.1120D-02  -0.3095D-02  -0.1490D-02  -0.3298D-02  -0.1120D-02  -0.3095D-02  -0.1490D-02  -0.3298D-02
