 LHC=           1 sqrts=   8000.0000000000000      ang=           4 mode=fital                                                                                               scalescheme=           1 R=  0.69999999999999996     
 CT10nlo_rand5678                                                                                             217
 Bin information: chid, chiu, md, mu, mu0
   0.0000000000000000       0.50000000000000000        2750.0000000000000        3000.0000000000000        2875.0000000000000     
 9 scales(muf, mur)*(LO(38), NLO(38))
  0.500  0.500
  -0.8997D-05   0.0000D+00  -0.6094D-05   0.0000D+00   0.0000D+00   0.0000D+00  -0.2343D-05   0.0000D+00  -0.8997D-05   0.0000D+00  -0.6094D-05   0.0000D+00
   0.1594D-03   0.0000D+00   0.2385D-04   0.0000D+00   0.6938D-04   0.0000D+00   0.2025D-04   0.0000D+00   0.4500D-05   0.0000D+00   0.0000D+00   0.0000D+00   0.1594D-03   0.0000D+00   0.2385D-04   0.0000D+00   0.6938D-04   0.0000D+00
   0.0000D+00   0.0000D+00   0.0000D+00   0.0000D+00   0.0000D+00   0.0000D+00   0.0000D+00   0.0000D+00
  -0.9070D-05   0.6368D-06  -0.6111D-05   0.3469D-06   0.1073D-06  -0.1872D-06  -0.2225D-05   0.1561D-06  -0.9070D-05   0.6368D-06  -0.6111D-05   0.3469D-06
   0.1349D-03  -0.6772D-05   0.2024D-04  -0.1937D-05   0.5084D-04  -0.1134D-04   0.1838D-04   0.0000D+00   0.4465D-05   0.4393D-06  -0.5011D-06   0.1438D-05   0.1349D-03  -0.6772D-05   0.2024D-04  -0.1937D-05   0.5084D-04  -0.1134D-04
  -0.7578D-06  -0.1701D-05  -0.7173D-06  -0.1430D-05  -0.7578D-06  -0.1701D-05  -0.7173D-06  -0.1430D-05
  0.500  1.000
  -0.8384D-05   0.0000D+00  -0.5679D-05   0.0000D+00   0.0000D+00   0.0000D+00  -0.2183D-05   0.0000D+00  -0.8384D-05   0.0000D+00  -0.5679D-05   0.0000D+00
   0.1594D-03   0.0000D+00   0.2385D-04   0.0000D+00   0.6938D-04   0.0000D+00   0.2025D-04   0.0000D+00   0.4500D-05   0.0000D+00   0.0000D+00   0.0000D+00   0.1594D-03   0.0000D+00   0.2385D-04   0.0000D+00   0.6938D-04   0.0000D+00
   0.0000D+00   0.0000D+00   0.0000D+00   0.0000D+00   0.0000D+00   0.0000D+00   0.0000D+00   0.0000D+00
  -0.9001D-05   0.5530D-06  -0.6068D-05   0.3013D-06   0.9324D-07  -0.1625D-06  -0.2225D-05   0.1356D-06  -0.9001D-05   0.5530D-06  -0.6068D-05   0.3013D-06
   0.1366D-03  -0.6311D-05   0.2048D-04  -0.1805D-05   0.5210D-04  -0.1057D-04   0.1850D-04   0.0000D+00   0.4467D-05   0.4094D-06  -0.4670D-06   0.1340D-05   0.1366D-03  -0.6311D-05   0.2048D-04  -0.1805D-05   0.5210D-04  -0.1057D-04
  -0.7062D-06  -0.1586D-05  -0.6685D-06  -0.1333D-05  -0.7062D-06  -0.1586D-05  -0.6685D-06  -0.1333D-05
  0.500  2.000
  -0.7851D-05   0.0000D+00  -0.5318D-05   0.0000D+00   0.0000D+00   0.0000D+00  -0.2045D-05   0.0000D+00  -0.7851D-05   0.0000D+00  -0.5318D-05   0.0000D+00
   0.1594D-03   0.0000D+00   0.2385D-04   0.0000D+00   0.6938D-04   0.0000D+00   0.2025D-04   0.0000D+00   0.4500D-05   0.0000D+00   0.0000D+00   0.0000D+00   0.1594D-03   0.0000D+00   0.2385D-04   0.0000D+00   0.6938D-04   0.0000D+00
   0.0000D+00   0.0000D+00   0.0000D+00   0.0000D+00   0.0000D+00   0.0000D+00   0.0000D+00   0.0000D+00
  -0.8877D-05   0.4849D-06  -0.5988D-05   0.2642D-06   0.8176D-07  -0.1425D-06  -0.2207D-05   0.1189D-06  -0.8877D-05   0.4849D-06  -0.5988D-05   0.2642D-06
   0.1380D-03  -0.5910D-05   0.2070D-04  -0.1690D-05   0.5320D-04  -0.9898D-05   0.1862D-04   0.0000D+00   0.4470D-05   0.3834D-06  -0.4373D-06   0.1255D-05   0.1380D-03  -0.5910D-05   0.2070D-04  -0.1690D-05   0.5320D-04  -0.9898D-05
  -0.6613D-06  -0.1485D-05  -0.6260D-06  -0.1248D-05  -0.6613D-06  -0.1485D-05  -0.6260D-06  -0.1248D-05
  1.000  0.500
  -0.7034D-05   0.0000D+00  -0.4786D-05   0.0000D+00   0.0000D+00   0.0000D+00  -0.1839D-05   0.0000D+00  -0.7034D-05   0.0000D+00  -0.4786D-05   0.0000D+00
   0.1249D-03   0.0000D+00   0.1872D-04   0.0000D+00   0.5422D-04   0.0000D+00   0.1590D-04   0.0000D+00   0.3534D-05   0.0000D+00   0.0000D+00   0.0000D+00   0.1249D-03   0.0000D+00   0.1872D-04   0.0000D+00   0.5422D-04   0.0000D+00
   0.0000D+00   0.0000D+00   0.0000D+00   0.0000D+00   0.0000D+00   0.0000D+00   0.0000D+00   0.0000D+00
  -0.8823D-05   0.4999D-06  -0.5957D-05   0.2718D-06   0.8315D-07  -0.1469D-06  -0.2189D-05   0.1227D-06  -0.8823D-05   0.4999D-06  -0.5957D-05   0.2718D-06
   0.1363D-03  -0.5294D-05   0.2041D-04  -0.1516D-05   0.5308D-04  -0.8891D-05   0.1827D-04   0.0000D+00   0.4358D-05   0.3451D-06  -0.3839D-06   0.1129D-05   0.1363D-03  -0.5294D-05   0.2041D-04  -0.1516D-05   0.5308D-04  -0.8891D-05
  -0.5925D-06  -0.1329D-05  -0.5635D-06  -0.1124D-05  -0.5925D-06  -0.1329D-05  -0.5635D-06  -0.1124D-05
  1.000  1.000
  -0.6555D-05   0.0000D+00  -0.4460D-05   0.0000D+00   0.0000D+00   0.0000D+00  -0.1714D-05   0.0000D+00  -0.6555D-05   0.0000D+00  -0.4460D-05   0.0000D+00
   0.1249D-03   0.0000D+00   0.1872D-04   0.0000D+00   0.5422D-04   0.0000D+00   0.1590D-04   0.0000D+00   0.3534D-05   0.0000D+00   0.0000D+00   0.0000D+00   0.1249D-03   0.0000D+00   0.1872D-04   0.0000D+00   0.5422D-04   0.0000D+00
   0.0000D+00   0.0000D+00   0.0000D+00   0.0000D+00   0.0000D+00   0.0000D+00   0.0000D+00   0.0000D+00
  -0.8541D-05   0.4341D-06  -0.5771D-05   0.2361D-06   0.7222D-07  -0.1276D-06  -0.2131D-05   0.1065D-06  -0.8541D-05   0.4341D-06  -0.5771D-05   0.2361D-06
   0.1355D-03  -0.4933D-05   0.2030D-04  -0.1413D-05   0.5316D-04  -0.8286D-05   0.1811D-04   0.0000D+00   0.4302D-05   0.3216D-06  -0.3578D-06   0.1052D-05   0.1355D-03  -0.4933D-05   0.2030D-04  -0.1413D-05   0.5316D-04  -0.8286D-05
  -0.5521D-06  -0.1239D-05  -0.5251D-06  -0.1048D-05  -0.5521D-06  -0.1239D-05  -0.5251D-06  -0.1048D-05
  1.000  2.000
  -0.6138D-05   0.0000D+00  -0.4176D-05   0.0000D+00   0.0000D+00   0.0000D+00  -0.1605D-05   0.0000D+00  -0.6138D-05   0.0000D+00  -0.4176D-05   0.0000D+00
   0.1249D-03   0.0000D+00   0.1872D-04   0.0000D+00   0.5422D-04   0.0000D+00   0.1590D-04   0.0000D+00   0.3534D-05   0.0000D+00   0.0000D+00   0.0000D+00   0.1249D-03   0.0000D+00   0.1872D-04   0.0000D+00   0.5422D-04   0.0000D+00
   0.0000D+00   0.0000D+00   0.0000D+00   0.0000D+00   0.0000D+00   0.0000D+00   0.0000D+00   0.0000D+00
  -0.8259D-05   0.3807D-06  -0.5584D-05   0.2070D-06   0.6333D-07  -0.1119D-06  -0.2070D-05   0.9340D-07  -0.8259D-05   0.3807D-06  -0.5584D-05   0.2070D-06
   0.1348D-03  -0.4620D-05   0.2020D-04  -0.1323D-05   0.5322D-04  -0.7759D-05   0.1797D-04   0.0000D+00   0.4254D-05   0.3011D-06  -0.3350D-06   0.9855D-06   0.1348D-03  -0.4620D-05   0.2020D-04  -0.1323D-05   0.5322D-04  -0.7759D-05
  -0.5170D-06  -0.1160D-05  -0.4917D-06  -0.9810D-06  -0.5170D-06  -0.1160D-05  -0.4917D-06  -0.9810D-06
  2.000  0.500
  -0.5589D-05   0.0000D+00  -0.3819D-05   0.0000D+00   0.0000D+00   0.0000D+00  -0.1467D-05   0.0000D+00  -0.5589D-05   0.0000D+00  -0.3819D-05   0.0000D+00
   0.9949D-04   0.0000D+00   0.1494D-04   0.0000D+00   0.4303D-04   0.0000D+00   0.1268D-04   0.0000D+00   0.2819D-05   0.0000D+00   0.0000D+00   0.0000D+00   0.9949D-04   0.0000D+00   0.1494D-04   0.0000D+00   0.4303D-04   0.0000D+00
   0.0000D+00   0.0000D+00   0.0000D+00   0.0000D+00   0.0000D+00   0.0000D+00   0.0000D+00   0.0000D+00
  -0.8399D-05   0.3988D-06  -0.5681D-05   0.2164D-06   0.6696D-07  -0.1172D-06  -0.2105D-05   0.9791D-07  -0.8399D-05   0.3988D-06  -0.5681D-05   0.2164D-06
   0.1329D-03  -0.4201D-05   0.1993D-04  -0.1206D-05   0.5275D-04  -0.7087D-05   0.1766D-04   0.0000D+00   0.4163D-05   0.2751D-06  -0.3023D-06   0.9005D-06   0.1329D-03  -0.4201D-05   0.1993D-04  -0.1206D-05   0.5275D-04  -0.7087D-05
  -0.4707D-06  -0.1055D-05  -0.4496D-06  -0.8963D-06  -0.4707D-06  -0.1055D-05  -0.4496D-06  -0.8963D-06
  2.000  1.000
  -0.5209D-05   0.0000D+00  -0.3559D-05   0.0000D+00   0.0000D+00   0.0000D+00  -0.1367D-05   0.0000D+00  -0.5209D-05   0.0000D+00  -0.3559D-05   0.0000D+00
   0.9949D-04   0.0000D+00   0.1494D-04   0.0000D+00   0.4303D-04   0.0000D+00   0.1268D-04   0.0000D+00   0.2819D-05   0.0000D+00   0.0000D+00   0.0000D+00   0.9949D-04   0.0000D+00   0.1494D-04   0.0000D+00   0.4303D-04   0.0000D+00
   0.0000D+00   0.0000D+00   0.0000D+00   0.0000D+00   0.0000D+00   0.0000D+00   0.0000D+00   0.0000D+00
  -0.7993D-05   0.3463D-06  -0.5411D-05   0.1879D-06   0.5816D-07  -0.1017D-06  -0.2012D-05   0.8503D-07  -0.7993D-05   0.3463D-06  -0.5411D-05   0.1879D-06
   0.1306D-03  -0.3915D-05   0.1959D-04  -0.1124D-05   0.5209D-04  -0.6605D-05   0.1732D-04   0.0000D+00   0.4071D-05   0.2564D-06  -0.2818D-06   0.8392D-06   0.1306D-03  -0.3915D-05   0.1959D-04  -0.1124D-05   0.5209D-04  -0.6605D-05
  -0.4386D-06  -0.9831D-06  -0.4190D-06  -0.8353D-06  -0.4386D-06  -0.9831D-06  -0.4190D-06  -0.8353D-06
  2.000  2.000
  -0.4877D-05   0.0000D+00  -0.3332D-05   0.0000D+00   0.0000D+00   0.0000D+00  -0.1280D-05   0.0000D+00  -0.4877D-05   0.0000D+00  -0.3332D-05   0.0000D+00
   0.9949D-04   0.0000D+00   0.1494D-04   0.0000D+00   0.4303D-04   0.0000D+00   0.1268D-04   0.0000D+00   0.2819D-05   0.0000D+00   0.0000D+00   0.0000D+00   0.9949D-04   0.0000D+00   0.1494D-04   0.0000D+00   0.4303D-04   0.0000D+00
   0.0000D+00   0.0000D+00   0.0000D+00   0.0000D+00   0.0000D+00   0.0000D+00   0.0000D+00   0.0000D+00
  -0.7620D-05   0.3037D-06  -0.5162D-05   0.1648D-06   0.5100D-07  -0.8922D-07  -0.1924D-05   0.7456D-07  -0.7620D-05   0.3037D-06  -0.5162D-05   0.1648D-06
   0.1287D-03  -0.3666D-05   0.1929D-04  -0.1053D-05   0.5152D-04  -0.6185D-05   0.1703D-04   0.0000D+00   0.3992D-05   0.2401D-06  -0.2639D-06   0.7858D-06   0.1287D-03  -0.3666D-05   0.1929D-04  -0.1053D-05   0.5152D-04  -0.6185D-05
  -0.4107D-06  -0.9206D-06  -0.3924D-06  -0.7822D-06  -0.4107D-06  -0.9206D-06  -0.3924D-06  -0.7822D-06
