 LHC=           1 sqrts=   8000.0000000000000      ang=           4 mode=fital                                                                                               scalescheme=           1 R=  0.69999999999999996     
 NNPDF23_nlo_as_0118                                                                                           37
 Bin information: chid, chiu, md, mu, mu0
   0.0000000000000000       0.50000000000000000        846.00000000000000        905.00000000000000        875.50000000000000     
 9 scales(muf, mur)*(LO(38), NLO(38))
  0.500  0.500
  -0.2162D+00   0.0000D+00  -0.1661D+00   0.0000D+00   0.0000D+00   0.0000D+00  -0.9758D-01   0.0000D+00  -0.2162D+00   0.0000D+00  -0.1661D+00   0.0000D+00
   0.3773D+00   0.0000D+00   0.6008D-01   0.0000D+00   0.1429D+00   0.0000D+00   0.8118D-01   0.0000D+00   0.1804D-01   0.0000D+00   0.0000D+00   0.0000D+00   0.3773D+00   0.0000D+00   0.6008D-01   0.0000D+00   0.1429D+00   0.0000D+00
   0.0000D+00   0.0000D+00   0.0000D+00   0.0000D+00   0.0000D+00   0.0000D+00   0.0000D+00   0.0000D+00
  -0.1703D+00   0.2073D-01  -0.1443D+00   0.1191D-01   0.1250D-01  -0.9002D-02  -0.8686D-01   0.2998D-02  -0.1703D+00   0.2073D-01  -0.1443D+00   0.1191D-01
   0.2923D+00  -0.1609D-01   0.4803D-01  -0.4975D-02   0.7804D-01  -0.3145D-01   0.6977D-01   0.0000D+00   0.1723D-01   0.2033D-02  -0.2772D-02   0.6654D-02   0.2923D+00  -0.1609D-01   0.4803D-01  -0.4975D-02   0.7804D-01  -0.3145D-01
  -0.1578D-02  -0.4432D-02  -0.2131D-02  -0.4806D-02  -0.1578D-02  -0.4432D-02  -0.2131D-02  -0.4806D-02
  0.500  1.000
  -0.2008D+00   0.0000D+00  -0.1542D+00   0.0000D+00   0.0000D+00   0.0000D+00  -0.9063D-01   0.0000D+00  -0.2008D+00   0.0000D+00  -0.1542D+00   0.0000D+00
   0.3773D+00   0.0000D+00   0.6008D-01   0.0000D+00   0.1429D+00   0.0000D+00   0.8118D-01   0.0000D+00   0.1804D-01   0.0000D+00   0.0000D+00   0.0000D+00   0.3773D+00   0.0000D+00   0.6008D-01   0.0000D+00   0.1429D+00   0.0000D+00
   0.0000D+00   0.0000D+00   0.0000D+00   0.0000D+00   0.0000D+00   0.0000D+00   0.0000D+00   0.0000D+00
  -0.1765D+00   0.1788D-01  -0.1472D+00   0.1027D-01   0.1079D-01  -0.7766D-02  -0.8828D-01   0.2586D-02  -0.1765D+00   0.1788D-01  -0.1472D+00   0.1027D-01
   0.2984D+00  -0.1495D-01   0.4889D-01  -0.4621D-02   0.8268D-01  -0.2921D-01   0.7059D-01   0.0000D+00   0.1729D-01   0.1888D-02  -0.2575D-02   0.6180D-02   0.2984D+00  -0.1495D-01   0.4889D-01  -0.4621D-02   0.8268D-01  -0.2921D-01
  -0.1466D-02  -0.4116D-02  -0.1979D-02  -0.4464D-02  -0.1466D-02  -0.4116D-02  -0.1979D-02  -0.4464D-02
  0.500  2.000
  -0.1875D+00   0.0000D+00  -0.1440D+00   0.0000D+00   0.0000D+00   0.0000D+00  -0.8462D-01   0.0000D+00  -0.1875D+00   0.0000D+00  -0.1440D+00   0.0000D+00
   0.3773D+00   0.0000D+00   0.6008D-01   0.0000D+00   0.1429D+00   0.0000D+00   0.8118D-01   0.0000D+00   0.1804D-01   0.0000D+00   0.0000D+00   0.0000D+00   0.3773D+00   0.0000D+00   0.6008D-01   0.0000D+00   0.1429D+00   0.0000D+00
   0.0000D+00   0.0000D+00   0.0000D+00   0.0000D+00   0.0000D+00   0.0000D+00   0.0000D+00   0.0000D+00
  -0.1796D+00   0.1559D-01  -0.1481D+00   0.8954D-02   0.9404D-02  -0.6769D-02  -0.8857D-01   0.2255D-02  -0.1796D+00   0.1559D-01  -0.1481D+00   0.8954D-02
   0.3037D+00  -0.1396D-01   0.4964D-01  -0.4314D-02   0.8669D-01  -0.2727D-01   0.7130D-01   0.0000D+00   0.1734D-01   0.1763D-02  -0.2404D-02   0.5770D-02   0.3037D+00  -0.1396D-01   0.4964D-01  -0.4314D-02   0.8669D-01  -0.2727D-01
  -0.1368D-02  -0.3843D-02  -0.1848D-02  -0.4168D-02  -0.1368D-02  -0.3843D-02  -0.1848D-02  -0.4168D-02
  1.000  0.500
  -0.1950D+00   0.0000D+00  -0.1497D+00   0.0000D+00   0.0000D+00   0.0000D+00  -0.8754D-01   0.0000D+00  -0.1950D+00   0.0000D+00  -0.1497D+00   0.0000D+00
   0.3398D+00   0.0000D+00   0.5403D-01   0.0000D+00   0.1289D+00   0.0000D+00   0.7267D-01   0.0000D+00   0.1615D-01   0.0000D+00   0.0000D+00   0.0000D+00   0.3398D+00   0.0000D+00   0.5403D-01   0.0000D+00   0.1289D+00   0.0000D+00
   0.0000D+00   0.0000D+00   0.0000D+00   0.0000D+00   0.0000D+00   0.0000D+00   0.0000D+00   0.0000D+00
  -0.1725D+00   0.1866D-01  -0.1459D+00   0.1072D-01   0.1123D-01  -0.8082D-02  -0.8711D-01   0.2717D-02  -0.1725D+00   0.1866D-01  -0.1459D+00   0.1072D-01
   0.2963D+00  -0.1452D-01   0.4850D-01  -0.4487D-02   0.8333D-01  -0.2828D-01   0.6998D-01   0.0000D+00   0.1714D-01   0.1820D-02  -0.2546D-02   0.5956D-02   0.2963D+00  -0.1452D-01   0.4850D-01  -0.4487D-02   0.8333D-01  -0.2828D-01
  -0.1424D-02  -0.3988D-02  -0.1919D-02  -0.4311D-02  -0.1424D-02  -0.3988D-02  -0.1919D-02  -0.4311D-02
  1.000  1.000
  -0.1811D+00   0.0000D+00  -0.1391D+00   0.0000D+00   0.0000D+00   0.0000D+00  -0.8131D-01   0.0000D+00  -0.1811D+00   0.0000D+00  -0.1391D+00   0.0000D+00
   0.3398D+00   0.0000D+00   0.5403D-01   0.0000D+00   0.1289D+00   0.0000D+00   0.7267D-01   0.0000D+00   0.1615D-01   0.0000D+00   0.0000D+00   0.0000D+00   0.3398D+00   0.0000D+00   0.5403D-01   0.0000D+00   0.1289D+00   0.0000D+00
   0.0000D+00   0.0000D+00   0.0000D+00   0.0000D+00   0.0000D+00   0.0000D+00   0.0000D+00   0.0000D+00
  -0.1755D+00   0.1609D-01  -0.1463D+00   0.9244D-02   0.9686D-02  -0.6972D-02  -0.8712D-01   0.2344D-02  -0.1755D+00   0.1609D-01  -0.1463D+00   0.9244D-02
   0.2995D+00  -0.1349D-01   0.4890D-01  -0.4168D-02   0.8659D-01  -0.2627D-01   0.7018D-01   0.0000D+00   0.1707D-01   0.1690D-02  -0.2365D-02   0.5532D-02   0.2995D+00  -0.1349D-01   0.4890D-01  -0.4168D-02   0.8659D-01  -0.2627D-01
  -0.1323D-02  -0.3704D-02  -0.1782D-02  -0.4004D-02  -0.1323D-02  -0.3704D-02  -0.1782D-02  -0.4004D-02
  1.000  2.000
  -0.1691D+00   0.0000D+00  -0.1298D+00   0.0000D+00   0.0000D+00   0.0000D+00  -0.7592D-01   0.0000D+00  -0.1691D+00   0.0000D+00  -0.1298D+00   0.0000D+00
   0.3398D+00   0.0000D+00   0.5403D-01   0.0000D+00   0.1289D+00   0.0000D+00   0.7267D-01   0.0000D+00   0.1615D-01   0.0000D+00   0.0000D+00   0.0000D+00   0.3398D+00   0.0000D+00   0.5403D-01   0.0000D+00   0.1289D+00   0.0000D+00
   0.0000D+00   0.0000D+00   0.0000D+00   0.0000D+00   0.0000D+00   0.0000D+00   0.0000D+00   0.0000D+00
  -0.1762D+00   0.1403D-01  -0.1454D+00   0.8058D-02   0.8444D-02  -0.6078D-02  -0.8637D-01   0.2043D-02  -0.1762D+00   0.1403D-01  -0.1454D+00   0.8058D-02
   0.3022D+00  -0.1259D-01   0.4925D-01  -0.3891D-02   0.8941D-01  -0.2453D-01   0.7035D-01   0.0000D+00   0.1701D-01   0.1578D-02  -0.2208D-02   0.5165D-02   0.3022D+00  -0.1259D-01   0.4925D-01  -0.3891D-02   0.8941D-01  -0.2453D-01
  -0.1235D-02  -0.3459D-02  -0.1664D-02  -0.3738D-02  -0.1235D-02  -0.3459D-02  -0.1664D-02  -0.3738D-02
  2.000  0.500
  -0.1773D+00   0.0000D+00  -0.1356D+00   0.0000D+00   0.0000D+00   0.0000D+00  -0.7905D-01   0.0000D+00  -0.1773D+00   0.0000D+00  -0.1356D+00   0.0000D+00
   0.3077D+00   0.0000D+00   0.4892D-01   0.0000D+00   0.1172D+00   0.0000D+00   0.6542D-01   0.0000D+00   0.1454D-01   0.0000D+00   0.0000D+00   0.0000D+00   0.3077D+00   0.0000D+00   0.4892D-01   0.0000D+00   0.1172D+00   0.0000D+00
   0.0000D+00   0.0000D+00   0.0000D+00   0.0000D+00   0.0000D+00   0.0000D+00   0.0000D+00   0.0000D+00
  -0.1761D+00   0.1691D-01  -0.1466D+00   0.9710D-02   0.1026D-01  -0.7287D-02  -0.8758D-01   0.2485D-02  -0.1761D+00   0.1691D-01  -0.1466D+00   0.9710D-02
   0.3006D+00  -0.1318D-01   0.4918D-01  -0.4065D-02   0.8790D-01  -0.2562D-01   0.7028D-01   0.0000D+00   0.1704D-01   0.1639D-02  -0.2236D-02   0.5363D-02   0.3006D+00  -0.1318D-01   0.4918D-01  -0.4065D-02   0.8790D-01  -0.2562D-01
  -0.1296D-02  -0.3608D-02  -0.1738D-02  -0.3892D-02  -0.1296D-02  -0.3608D-02  -0.1738D-02  -0.3892D-02
  2.000  1.000
  -0.1647D+00   0.0000D+00  -0.1260D+00   0.0000D+00   0.0000D+00   0.0000D+00  -0.7342D-01   0.0000D+00  -0.1647D+00   0.0000D+00  -0.1260D+00   0.0000D+00
   0.3077D+00   0.0000D+00   0.4892D-01   0.0000D+00   0.1172D+00   0.0000D+00   0.6542D-01   0.0000D+00   0.1454D-01   0.0000D+00   0.0000D+00   0.0000D+00   0.3077D+00   0.0000D+00   0.4892D-01   0.0000D+00   0.1172D+00   0.0000D+00
   0.0000D+00   0.0000D+00   0.0000D+00   0.0000D+00   0.0000D+00   0.0000D+00   0.0000D+00   0.0000D+00
  -0.1762D+00   0.1458D-01  -0.1450D+00   0.8377D-02   0.8850D-02  -0.6286D-02  -0.8637D-01   0.2144D-02  -0.1762D+00   0.1458D-01  -0.1450D+00   0.8377D-02
   0.3011D+00  -0.1224D-01   0.4917D-01  -0.3776D-02   0.9000D-01  -0.2379D-01   0.6994D-01   0.0000D+00   0.1686D-01   0.1522D-02  -0.2077D-02   0.4981D-02   0.3011D+00  -0.1224D-01   0.4917D-01  -0.3776D-02   0.9000D-01  -0.2379D-01
  -0.1204D-02  -0.3351D-02  -0.1615D-02  -0.3615D-02  -0.1204D-02  -0.3351D-02  -0.1615D-02  -0.3615D-02
  2.000  2.000
  -0.1538D+00   0.0000D+00  -0.1176D+00   0.0000D+00   0.0000D+00   0.0000D+00  -0.6855D-01   0.0000D+00  -0.1538D+00   0.0000D+00  -0.1176D+00   0.0000D+00
   0.3077D+00   0.0000D+00   0.4892D-01   0.0000D+00   0.1172D+00   0.0000D+00   0.6542D-01   0.0000D+00   0.1454D-01   0.0000D+00   0.0000D+00   0.0000D+00   0.3077D+00   0.0000D+00   0.4892D-01   0.0000D+00   0.1172D+00   0.0000D+00
   0.0000D+00   0.0000D+00   0.0000D+00   0.0000D+00   0.0000D+00   0.0000D+00   0.0000D+00   0.0000D+00
  -0.1747D+00   0.1271D-01  -0.1426D+00   0.7302D-02   0.7715D-02  -0.5480D-02  -0.8470D-01   0.1869D-02  -0.1747D+00   0.1271D-01  -0.1426D+00   0.7302D-02
   0.3016D+00  -0.1143D-01   0.4916D-01  -0.3526D-02   0.9182D-01  -0.2221D-01   0.6965D-01   0.0000D+00   0.1671D-01   0.1421D-02  -0.1940D-02   0.4650D-02   0.3016D+00  -0.1143D-01   0.4916D-01  -0.3526D-02   0.9182D-01  -0.2221D-01
  -0.1124D-02  -0.3129D-02  -0.1508D-02  -0.3375D-02  -0.1124D-02  -0.3129D-02  -0.1508D-02  -0.3375D-02
