 LHC=           1 sqrts=   8000.0000000000000      ang=           4 mode=fital                                                                                               scalescheme=           1 R=  0.69999999999999996     
 NNPDF23_nlo_as_0118                                                                                           54
 Bin information: chid, chiu, md, mu, mu0
   0.0000000000000000       0.50000000000000000        245.00000000000000        272.00000000000000        258.50000000000000     
 9 scales(muf, mur)*(LO(38), NLO(38))
  0.500  0.500
  -0.2952D+01   0.0000D+00  -0.3555D+01   0.0000D+00   0.0000D+00   0.0000D+00  -0.3480D+01   0.0000D+00  -0.2952D+01   0.0000D+00  -0.3555D+01   0.0000D+00
   0.6134D+00   0.0000D+00   0.1097D+00   0.0000D+00   0.1596D+00   0.0000D+00   0.2413D+00   0.0000D+00   0.5362D-01   0.0000D+00   0.0000D+00   0.0000D+00   0.6134D+00   0.0000D+00   0.1097D+00   0.0000D+00   0.1596D+00   0.0000D+00
   0.0000D+00   0.0000D+00   0.0000D+00   0.0000D+00   0.0000D+00   0.0000D+00   0.0000D+00   0.0000D+00
  -0.2152D+01   0.5462D+00  -0.2979D+01   0.3330D+00   0.2872D+00  -0.3739D+00  -0.3214D+01  -0.1758D-01  -0.2152D+01   0.5462D+00  -0.2979D+01   0.3330D+00
   0.6668D+00  -0.2092D-01   0.1203D+00  -0.8151D-02   0.1161D+00  -0.6108D-01   0.2588D+00   0.0000D+00   0.6548D-01   0.7023D-02  -0.9389D-03   0.2299D-01   0.6668D+00  -0.2092D-01   0.1203D+00  -0.8151D-02   0.1161D+00  -0.6108D-01
  -0.1355D-02  -0.7406D-02  -0.4479D-02  -0.1249D-01  -0.1355D-02  -0.7406D-02  -0.4479D-02  -0.1249D-01
  0.500  1.000
  -0.2700D+01   0.0000D+00  -0.3251D+01   0.0000D+00   0.0000D+00   0.0000D+00  -0.3182D+01   0.0000D+00  -0.2700D+01   0.0000D+00  -0.3251D+01   0.0000D+00
   0.6134D+00   0.0000D+00   0.1097D+00   0.0000D+00   0.1596D+00   0.0000D+00   0.2413D+00   0.0000D+00   0.5362D-01   0.0000D+00   0.0000D+00   0.0000D+00   0.6134D+00   0.0000D+00   0.1097D+00   0.0000D+00   0.1596D+00   0.0000D+00
   0.0000D+00   0.0000D+00   0.0000D+00   0.0000D+00   0.0000D+00   0.0000D+00   0.0000D+00   0.0000D+00
  -0.2267D+01   0.4567D+00  -0.3054D+01   0.2784D+00   0.2401D+00  -0.3126D+00  -0.3238D+01  -0.1470D-01  -0.2267D+01   0.4567D+00  -0.3054D+01   0.2784D+00
   0.6631D+00  -0.1913D-01   0.1196D+00  -0.7453D-02   0.1200D+00  -0.5586D-01   0.2576D+00   0.0000D+00   0.6452D-01   0.6422D-02  -0.8512D-03   0.2102D-01   0.6631D+00  -0.1913D-01   0.1196D+00  -0.7453D-02   0.1200D+00  -0.5586D-01
  -0.1239D-02  -0.6772D-02  -0.4096D-02  -0.1142D-01  -0.1239D-02  -0.6772D-02  -0.4096D-02  -0.1142D-01
  0.500  2.000
  -0.2496D+01   0.0000D+00  -0.3006D+01   0.0000D+00   0.0000D+00   0.0000D+00  -0.2942D+01   0.0000D+00  -0.2496D+01   0.0000D+00  -0.3006D+01   0.0000D+00
   0.6134D+00   0.0000D+00   0.1097D+00   0.0000D+00   0.1596D+00   0.0000D+00   0.2413D+00   0.0000D+00   0.5362D-01   0.0000D+00   0.0000D+00   0.0000D+00   0.6134D+00   0.0000D+00   0.1097D+00   0.0000D+00   0.1596D+00   0.0000D+00
   0.0000D+00   0.0000D+00   0.0000D+00   0.0000D+00   0.0000D+00   0.0000D+00   0.0000D+00   0.0000D+00
  -0.2328D+01   0.3904D+00  -0.3079D+01   0.2381D+00   0.2052D+00  -0.2673D+00  -0.3227D+01  -0.1256D-01  -0.2328D+01   0.3904D+00  -0.3079D+01   0.2381D+00
   0.6598D+00  -0.1769D-01   0.1189D+00  -0.6892D-02   0.1231D+00  -0.5165D-01   0.2565D+00   0.0000D+00   0.6373D-01   0.5938D-02  -0.7840D-03   0.1944D-01   0.6598D+00  -0.1769D-01   0.1189D+00  -0.6892D-02   0.1231D+00  -0.5165D-01
  -0.1146D-02  -0.6262D-02  -0.3787D-02  -0.1056D-01  -0.1146D-02  -0.6262D-02  -0.3787D-02  -0.1056D-01
  1.000  0.500
  -0.2853D+01   0.0000D+00  -0.3469D+01   0.0000D+00   0.0000D+00   0.0000D+00  -0.3407D+01   0.0000D+00  -0.2853D+01   0.0000D+00  -0.3469D+01   0.0000D+00
   0.5943D+00   0.0000D+00   0.1065D+00   0.0000D+00   0.1552D+00   0.0000D+00   0.2341D+00   0.0000D+00   0.5202D-01   0.0000D+00   0.0000D+00   0.0000D+00   0.5943D+00   0.0000D+00   0.1065D+00   0.0000D+00   0.1552D+00   0.0000D+00
   0.0000D+00   0.0000D+00   0.0000D+00   0.0000D+00   0.0000D+00   0.0000D+00   0.0000D+00   0.0000D+00
  -0.2158D+01   0.5359D+00  -0.2997D+01   0.3258D+00   0.2802D+00  -0.3645D+00  -0.3261D+01  -0.1651D-01  -0.2158D+01   0.5359D+00  -0.2997D+01   0.3258D+00
   0.6525D+00  -0.2031D-01   0.1179D+00  -0.7902D-02   0.1160D+00  -0.5887D-01   0.2568D+00   0.0000D+00   0.6392D-01   0.6820D-02  -0.9696D-03   0.2232D-01   0.6525D+00  -0.2031D-01   0.1179D+00  -0.7902D-02   0.1160D+00  -0.5887D-01
  -0.1325D-02  -0.7095D-02  -0.4375D-02  -0.1209D-01  -0.1325D-02  -0.7095D-02  -0.4375D-02  -0.1209D-01
  1.000  1.000
  -0.2609D+01   0.0000D+00  -0.3172D+01   0.0000D+00   0.0000D+00   0.0000D+00  -0.3115D+01   0.0000D+00  -0.2609D+01   0.0000D+00  -0.3172D+01   0.0000D+00
   0.5943D+00   0.0000D+00   0.1065D+00   0.0000D+00   0.1552D+00   0.0000D+00   0.2341D+00   0.0000D+00   0.5202D-01   0.0000D+00   0.0000D+00   0.0000D+00   0.5943D+00   0.0000D+00   0.1065D+00   0.0000D+00   0.1552D+00   0.0000D+00
   0.0000D+00   0.0000D+00   0.0000D+00   0.0000D+00   0.0000D+00   0.0000D+00   0.0000D+00   0.0000D+00
  -0.2256D+01   0.4481D+00  -0.3055D+01   0.2724D+00   0.2342D+00  -0.3048D+00  -0.3266D+01  -0.1381D-01  -0.2256D+01   0.4481D+00  -0.3055D+01   0.2724D+00
   0.6482D+00  -0.1857D-01   0.1170D+00  -0.7226D-02   0.1195D+00  -0.5383D-01   0.2551D+00   0.0000D+00   0.6296D-01   0.6237D-02  -0.8803D-03   0.2041D-01   0.6482D+00  -0.1857D-01   0.1170D+00  -0.7226D-02   0.1195D+00  -0.5383D-01
  -0.1212D-02  -0.6488D-02  -0.4000D-02  -0.1106D-01  -0.1212D-02  -0.6488D-02  -0.4000D-02  -0.1106D-01
  1.000  2.000
  -0.2412D+01   0.0000D+00  -0.2933D+01   0.0000D+00   0.0000D+00   0.0000D+00  -0.2880D+01   0.0000D+00  -0.2412D+01   0.0000D+00  -0.2933D+01   0.0000D+00
   0.5943D+00   0.0000D+00   0.1065D+00   0.0000D+00   0.1552D+00   0.0000D+00   0.2341D+00   0.0000D+00   0.5202D-01   0.0000D+00   0.0000D+00   0.0000D+00   0.5943D+00   0.0000D+00   0.1065D+00   0.0000D+00   0.1552D+00   0.0000D+00
   0.0000D+00   0.0000D+00   0.0000D+00   0.0000D+00   0.0000D+00   0.0000D+00   0.0000D+00   0.0000D+00
  -0.2305D+01   0.3831D+00  -0.3069D+01   0.2329D+00   0.2002D+00  -0.2606D+00  -0.3241D+01  -0.1180D-01  -0.2305D+01   0.3831D+00  -0.3069D+01   0.2329D+00
   0.6445D+00  -0.1717D-01   0.1163D+00  -0.6682D-02   0.1223D+00  -0.4977D-01   0.2536D+00   0.0000D+00   0.6216D-01   0.5767D-02  -0.8115D-03   0.1887D-01   0.6445D+00  -0.1717D-01   0.1163D+00  -0.6682D-02   0.1223D+00  -0.4977D-01
  -0.1120D-02  -0.5999D-02  -0.3699D-02  -0.1023D-01  -0.1120D-02  -0.5999D-02  -0.3699D-02  -0.1023D-01
  2.000  0.500
  -0.2760D+01   0.0000D+00  -0.3371D+01   0.0000D+00   0.0000D+00   0.0000D+00  -0.3296D+01   0.0000D+00  -0.2760D+01   0.0000D+00  -0.3371D+01   0.0000D+00
   0.5755D+00   0.0000D+00   0.1033D+00   0.0000D+00   0.1494D+00   0.0000D+00   0.2275D+00   0.0000D+00   0.5056D-01   0.0000D+00   0.0000D+00   0.0000D+00   0.5755D+00   0.0000D+00   0.1033D+00   0.0000D+00   0.1494D+00   0.0000D+00
   0.0000D+00   0.0000D+00   0.0000D+00   0.0000D+00   0.0000D+00   0.0000D+00   0.0000D+00   0.0000D+00
  -0.2203D+01   0.5186D+00  -0.3043D+01   0.3162D+00   0.2901D+00  -0.3535D+00  -0.3266D+01  -0.1558D-01  -0.2203D+01   0.5186D+00  -0.3043D+01   0.3162D+00
   0.6452D+00  -0.1960D-01   0.1171D+00  -0.7652D-02   0.1151D+00  -0.5706D-01   0.2558D+00   0.0000D+00   0.6379D-01   0.6631D-02  -0.1042D-02   0.2170D-01   0.6452D+00  -0.1960D-01   0.1171D+00  -0.7652D-02   0.1151D+00  -0.5706D-01
  -0.1292D-02  -0.7036D-02  -0.4283D-02  -0.1171D-01  -0.1292D-02  -0.7036D-02  -0.4283D-02  -0.1171D-01
  2.000  1.000
  -0.2524D+01   0.0000D+00  -0.3082D+01   0.0000D+00   0.0000D+00   0.0000D+00  -0.3013D+01   0.0000D+00  -0.2524D+01   0.0000D+00  -0.3082D+01   0.0000D+00
   0.5755D+00   0.0000D+00   0.1033D+00   0.0000D+00   0.1494D+00   0.0000D+00   0.2275D+00   0.0000D+00   0.5056D-01   0.0000D+00   0.0000D+00   0.0000D+00   0.5755D+00   0.0000D+00   0.1033D+00   0.0000D+00   0.1494D+00   0.0000D+00
   0.0000D+00   0.0000D+00   0.0000D+00   0.0000D+00   0.0000D+00   0.0000D+00   0.0000D+00   0.0000D+00
  -0.2278D+01   0.4336D+00  -0.3077D+01   0.2643D+00   0.2424D+00  -0.2955D+00  -0.3252D+01  -0.1303D-01  -0.2278D+01   0.4336D+00  -0.3077D+01   0.2643D+00
   0.6386D+00  -0.1792D-01   0.1158D+00  -0.6998D-02   0.1178D+00  -0.5218D-01   0.2534D+00   0.0000D+00   0.6264D-01   0.6064D-02  -0.9460D-03   0.1984D-01   0.6386D+00  -0.1792D-01   0.1158D+00  -0.6998D-02   0.1178D+00  -0.5218D-01
  -0.1181D-02  -0.6435D-02  -0.3916D-02  -0.1071D-01  -0.1181D-02  -0.6435D-02  -0.3916D-02  -0.1071D-01
  2.000  2.000
  -0.2333D+01   0.0000D+00  -0.2850D+01   0.0000D+00   0.0000D+00   0.0000D+00  -0.2786D+01   0.0000D+00  -0.2333D+01   0.0000D+00  -0.2850D+01   0.0000D+00
   0.5755D+00   0.0000D+00   0.1033D+00   0.0000D+00   0.1494D+00   0.0000D+00   0.2275D+00   0.0000D+00   0.5056D-01   0.0000D+00   0.0000D+00   0.0000D+00   0.5755D+00   0.0000D+00   0.1033D+00   0.0000D+00   0.1494D+00   0.0000D+00
   0.0000D+00   0.0000D+00   0.0000D+00   0.0000D+00   0.0000D+00   0.0000D+00   0.0000D+00   0.0000D+00
  -0.2310D+01   0.3707D+00  -0.3075D+01   0.2260D+00   0.2072D+00  -0.2527D+00  -0.3214D+01  -0.1114D-01  -0.2310D+01   0.3707D+00  -0.3075D+01   0.2260D+00
   0.6334D+00  -0.1657D-01   0.1148D+00  -0.6470D-02   0.1200D+00  -0.4825D-01   0.2514D+00   0.0000D+00   0.6172D-01   0.5607D-02  -0.8714D-03   0.1835D-01   0.6334D+00  -0.1657D-01   0.1148D+00  -0.6470D-02   0.1200D+00  -0.4825D-01
  -0.1092D-02  -0.5950D-02  -0.3621D-02  -0.9903D-02  -0.1092D-02  -0.5950D-02  -0.3621D-02  -0.9903D-02
