 LHC=           1 sqrts=   8000.0000000000000      ang=           4 mode=fital                                                                                               scalescheme=           1 R=  0.69999999999999996     
 CT10nlo_rand5678                                                                                             245
 Bin information: chid, chiu, md, mu, mu0
   0.0000000000000000       0.50000000000000000        56.000000000000000        64.000000000000000        60.000000000000000     
 9 scales(muf, mur)*(LO(38), NLO(38))
  0.500  0.500
  -0.1788D+02   0.0000D+00  -0.3198D+02   0.0000D+00   0.0000D+00   0.0000D+00  -0.3396D+02   0.0000D+00  -0.1788D+02   0.0000D+00  -0.3198D+02   0.0000D+00
   0.2028D+00   0.0000D+00   0.3904D-01   0.0000D+00   0.4300D-01   0.0000D+00   0.9533D-01   0.0000D+00   0.2118D-01   0.0000D+00   0.0000D+00   0.0000D+00   0.2028D+00   0.0000D+00   0.3904D-01   0.0000D+00   0.4300D-01   0.0000D+00
   0.0000D+00   0.0000D+00   0.0000D+00   0.0000D+00   0.0000D+00   0.0000D+00   0.0000D+00   0.0000D+00
  -0.1232D+02   0.6312D+01  -0.2495D+02   0.3795D+01   0.3288D+01  -0.4671D+01  -0.3018D+02  -0.4416D+00  -0.1232D+02   0.6312D+01  -0.2495D+02   0.3795D+01
   0.6050D+00  -0.7176D-02   0.1142D+00  -0.3300D-02   0.1008D+00  -0.2680D-01   0.2407D+00   0.0000D+00   0.6579D-01   0.3434D-02   0.8427D-02   0.1124D-01   0.6050D+00  -0.7176D-02   0.1142D+00  -0.3300D-02   0.1008D+00  -0.2680D-01
  -0.1134D-03  -0.2292D-02  -0.1576D-02  -0.5911D-02  -0.1134D-03  -0.2292D-02  -0.1576D-02  -0.5911D-02
  0.500  1.000
  -0.1587D+02   0.0000D+00  -0.2839D+02   0.0000D+00   0.0000D+00   0.0000D+00  -0.3015D+02   0.0000D+00  -0.1587D+02   0.0000D+00  -0.2839D+02   0.0000D+00
   0.2028D+00   0.0000D+00   0.3904D-01   0.0000D+00   0.4300D-01   0.0000D+00   0.9533D-01   0.0000D+00   0.2118D-01   0.0000D+00   0.0000D+00   0.0000D+00   0.2028D+00   0.0000D+00   0.3904D-01   0.0000D+00   0.4300D-01   0.0000D+00
   0.0000D+00   0.0000D+00   0.0000D+00   0.0000D+00   0.0000D+00   0.0000D+00   0.0000D+00   0.0000D+00
  -0.1322D+02   0.4975D+01  -0.2593D+02   0.2991D+01   0.2590D+01  -0.3682D+01  -0.3044D+02  -0.3481D+00  -0.1322D+02   0.4975D+01  -0.2593D+02   0.2991D+01
   0.5700D+00  -0.6371D-02   0.1075D+00  -0.2930D-02   0.9734D-01  -0.2379D-01   0.2268D+00   0.0000D+00   0.6151D-01   0.3049D-02   0.7564D-02   0.9977D-02   0.5700D+00  -0.6371D-02   0.1075D+00  -0.2930D-02   0.9734D-01  -0.2379D-01
  -0.1006D-03  -0.2035D-02  -0.1400D-02  -0.5248D-02  -0.1006D-03  -0.2035D-02  -0.1400D-02  -0.5248D-02
  0.500  2.000
  -0.1428D+02   0.0000D+00  -0.2554D+02   0.0000D+00   0.0000D+00   0.0000D+00  -0.2711D+02   0.0000D+00  -0.1428D+02   0.0000D+00  -0.2554D+02   0.0000D+00
   0.2028D+00   0.0000D+00   0.3904D-01   0.0000D+00   0.4300D-01   0.0000D+00   0.9533D-01   0.0000D+00   0.2118D-01   0.0000D+00   0.0000D+00   0.0000D+00   0.2028D+00   0.0000D+00   0.3904D-01   0.0000D+00   0.4300D-01   0.0000D+00
   0.0000D+00   0.0000D+00   0.0000D+00   0.0000D+00   0.0000D+00   0.0000D+00   0.0000D+00   0.0000D+00
  -0.1352D+02   0.4024D+01  -0.2603D+02   0.2420D+01   0.2093D+01  -0.2978D+01  -0.2999D+02  -0.2816D+00  -0.1352D+02   0.4024D+01  -0.2603D+02   0.2420D+01
   0.5358D+00  -0.5731D-02   0.1011D+00  -0.2636D-02   0.9248D-01  -0.2140D-01   0.2144D+00   0.0000D+00   0.5770D-01   0.2742D-02   0.6862D-02   0.8974D-02   0.5358D+00  -0.5731D-02   0.1011D+00  -0.2636D-02   0.9248D-01  -0.2140D-01
  -0.9043D-04  -0.1830D-02  -0.1259D-02  -0.4720D-02  -0.9043D-04  -0.1830D-02  -0.1259D-02  -0.4720D-02
  1.000  0.500
  -0.1934D+02   0.0000D+00  -0.3520D+02   0.0000D+00   0.0000D+00   0.0000D+00  -0.3814D+02   0.0000D+00  -0.1934D+02   0.0000D+00  -0.3520D+02   0.0000D+00
   0.2254D+00   0.0000D+00   0.4322D-01   0.0000D+00   0.4590D-01   0.0000D+00   0.1021D+00   0.0000D+00   0.2268D-01   0.0000D+00   0.0000D+00   0.0000D+00   0.2254D+00   0.0000D+00   0.4322D-01   0.0000D+00   0.4590D-01   0.0000D+00
   0.0000D+00   0.0000D+00   0.0000D+00   0.0000D+00   0.0000D+00   0.0000D+00   0.0000D+00   0.0000D+00
  -0.1132D+02   0.6861D+01  -0.2473D+02   0.4256D+01   0.3163D+01  -0.5275D+01  -0.3038D+02  -0.5086D+00  -0.1132D+02   0.6861D+01  -0.2473D+02   0.4256D+01
   0.5886D+00  -0.7430D-02   0.1102D+00  -0.3539D-02   0.9545D-01  -0.3041D-01   0.2345D+00   0.0000D+00   0.6347D-01   0.3807D-02   0.8078D-02   0.1246D-01   0.5886D+00  -0.7430D-02   0.1102D+00  -0.3539D-02   0.9545D-01  -0.3041D-01
  -0.1263D-03  -0.3319D-02  -0.1831D-02  -0.6513D-02  -0.1263D-03  -0.3319D-02  -0.1831D-02  -0.6513D-02
  1.000  1.000
  -0.1717D+02   0.0000D+00  -0.3125D+02   0.0000D+00   0.0000D+00   0.0000D+00  -0.3386D+02   0.0000D+00  -0.1717D+02   0.0000D+00  -0.3125D+02   0.0000D+00
   0.2254D+00   0.0000D+00   0.4322D-01   0.0000D+00   0.4590D-01   0.0000D+00   0.1021D+00   0.0000D+00   0.2268D-01   0.0000D+00   0.0000D+00   0.0000D+00   0.2254D+00   0.0000D+00   0.4322D-01   0.0000D+00   0.4590D-01   0.0000D+00
   0.0000D+00   0.0000D+00   0.0000D+00   0.0000D+00   0.0000D+00   0.0000D+00   0.0000D+00   0.0000D+00
  -0.1266D+02   0.5408D+01  -0.2634D+02   0.3355D+01   0.2490D+01  -0.4157D+01  -0.3137D+02  -0.4008D+00  -0.1266D+02   0.5408D+01  -0.2634D+02   0.3355D+01
   0.5237D+00  -0.6597D-02   0.9847D-01  -0.3142D-02   0.8196D-01  -0.2700D-01   0.2148D+00   0.0000D+00   0.5736D-01   0.3380D-02   0.7111D-02   0.1106D-01   0.5237D+00  -0.6597D-02   0.9847D-01  -0.3142D-02   0.8196D-01  -0.2700D-01
  -0.1121D-03  -0.2947D-02  -0.1625D-02  -0.5783D-02  -0.1121D-03  -0.2947D-02  -0.1625D-02  -0.5783D-02
  1.000  2.000
  -0.1545D+02   0.0000D+00  -0.2811D+02   0.0000D+00   0.0000D+00   0.0000D+00  -0.3045D+02   0.0000D+00  -0.1545D+02   0.0000D+00  -0.2811D+02   0.0000D+00
   0.2254D+00   0.0000D+00   0.4322D-01   0.0000D+00   0.4590D-01   0.0000D+00   0.1021D+00   0.0000D+00   0.2268D-01   0.0000D+00   0.0000D+00   0.0000D+00   0.2254D+00   0.0000D+00   0.4322D-01   0.0000D+00   0.4590D-01   0.0000D+00
   0.0000D+00   0.0000D+00   0.0000D+00   0.0000D+00   0.0000D+00   0.0000D+00   0.0000D+00   0.0000D+00
  -0.1335D+02   0.4374D+01  -0.2691D+02   0.2713D+01   0.2012D+01  -0.3362D+01  -0.3144D+02  -0.3242D+00  -0.1335D+02   0.4374D+01  -0.2691D+02   0.2713D+01
   0.5259D+00  -0.5933D-02   0.9856D-01  -0.2826D-02   0.8817D-01  -0.2429D-01   0.2108D+00   0.0000D+00   0.5612D-01   0.3040D-02   0.6614D-02   0.9950D-02   0.5259D+00  -0.5933D-02   0.9856D-01  -0.2826D-02   0.8817D-01  -0.2429D-01
  -0.1007D-03  -0.2650D-02  -0.1462D-02  -0.5201D-02  -0.1007D-03  -0.2650D-02  -0.1462D-02  -0.5201D-02
  2.000  0.500
  -0.2078D+02   0.0000D+00  -0.3729D+02   0.0000D+00   0.0000D+00   0.0000D+00  -0.4062D+02   0.0000D+00  -0.2078D+02   0.0000D+00  -0.3729D+02   0.0000D+00
   0.2295D+00   0.0000D+00   0.4677D-01   0.0000D+00   0.4905D-01   0.0000D+00   0.1134D+00   0.0000D+00   0.2519D-01   0.0000D+00   0.0000D+00   0.0000D+00   0.2295D+00   0.0000D+00   0.4677D-01   0.0000D+00   0.4905D-01   0.0000D+00
   0.0000D+00   0.0000D+00   0.0000D+00   0.0000D+00   0.0000D+00   0.0000D+00   0.0000D+00   0.0000D+00
  -0.1078D+02   0.7575D+01  -0.2308D+02   0.4620D+01   0.3440D+01  -0.5225D+01  -0.2934D+02  -0.5435D+00  -0.1078D+02   0.7575D+01  -0.2308D+02   0.4620D+01
   0.6070D+00  -0.7993D-02   0.1200D+00  -0.3502D-02   0.9849D-01  -0.2970D-01   0.2462D+00   0.0000D+00   0.6661D-01   0.4221D-02   0.7882D-02   0.1381D-01   0.6070D+00  -0.7993D-02   0.1200D+00  -0.3502D-02   0.9849D-01  -0.2970D-01
  -0.1497D-03  -0.3070D-02  -0.2044D-02  -0.7295D-02  -0.1497D-03  -0.3070D-02  -0.2044D-02  -0.7295D-02
  2.000  1.000
  -0.1845D+02   0.0000D+00  -0.3310D+02   0.0000D+00   0.0000D+00   0.0000D+00  -0.3607D+02   0.0000D+00  -0.1845D+02   0.0000D+00  -0.3310D+02   0.0000D+00
   0.2295D+00   0.0000D+00   0.4677D-01   0.0000D+00   0.4905D-01   0.0000D+00   0.1134D+00   0.0000D+00   0.2519D-01   0.0000D+00   0.0000D+00   0.0000D+00   0.2295D+00   0.0000D+00   0.4677D-01   0.0000D+00   0.4905D-01   0.0000D+00
   0.0000D+00   0.0000D+00   0.0000D+00   0.0000D+00   0.0000D+00   0.0000D+00   0.0000D+00   0.0000D+00
  -0.1241D+02   0.5971D+01  -0.2531D+02   0.3641D+01   0.2710D+01  -0.4119D+01  -0.3090D+02  -0.4284D+00  -0.1241D+02   0.5971D+01  -0.2531D+02   0.3641D+01
   0.5102D+00  -0.7097D-02   0.1023D+00  -0.3109D-02   0.7814D-01  -0.2637D-01   0.2189D+00   0.0000D+00   0.5805D-01   0.3747D-02   0.6417D-02   0.1226D-01   0.5102D+00  -0.7097D-02   0.1023D+00  -0.3109D-02   0.7814D-01  -0.2637D-01
  -0.1328D-03  -0.2726D-02  -0.1815D-02  -0.6477D-02  -0.1328D-03  -0.2726D-02  -0.1815D-02  -0.6477D-02
  2.000  2.000
  -0.1659D+02   0.0000D+00  -0.2977D+02   0.0000D+00   0.0000D+00   0.0000D+00  -0.3244D+02   0.0000D+00  -0.1659D+02   0.0000D+00  -0.2977D+02   0.0000D+00
   0.2295D+00   0.0000D+00   0.4677D-01   0.0000D+00   0.4905D-01   0.0000D+00   0.1134D+00   0.0000D+00   0.2519D-01   0.0000D+00   0.0000D+00   0.0000D+00   0.2295D+00   0.0000D+00   0.4677D-01   0.0000D+00   0.4905D-01   0.0000D+00
   0.0000D+00   0.0000D+00   0.0000D+00   0.0000D+00   0.0000D+00   0.0000D+00   0.0000D+00   0.0000D+00
  -0.1310D+02   0.4829D+01  -0.2613D+02   0.2945D+01   0.2192D+01  -0.3332D+01  -0.3118D+02  -0.3465D+00  -0.1310D+02   0.4829D+01  -0.2613D+02   0.2945D+01
   0.3949D+00  -0.6383D-02   0.8162D-01  -0.2796D-02   0.5113D-01  -0.2372D-01   0.1889D+00   0.0000D+00   0.4862D-01   0.3370D-02   0.4936D-02   0.1103D-01   0.3949D+00  -0.6383D-02   0.8162D-01  -0.2796D-02   0.5113D-01  -0.2372D-01
  -0.1194D-03  -0.2452D-02  -0.1632D-02  -0.5825D-02  -0.1194D-03  -0.2452D-02  -0.1632D-02  -0.5825D-02
