 LHC=           1 sqrts=   8000.0000000000000      ang=           4 mode=fital                                                                                               scalescheme=           1 R=  0.69999999999999996     
 CT10nlo_rand5678                                                                                             384
 Bin information: chid, chiu, md, mu, mu0
   0.0000000000000000       0.50000000000000000        507.00000000000000        548.00000000000000        527.50000000000000     
 9 scales(muf, mur)*(LO(38), NLO(38))
  0.500  0.500
  -0.7859D+00   0.0000D+00  -0.7400D+00   0.0000D+00   0.0000D+00   0.0000D+00  -0.5692D+00   0.0000D+00  -0.7859D+00   0.0000D+00  -0.7400D+00   0.0000D+00
   0.5694D+00   0.0000D+00   0.9623D-01   0.0000D+00   0.1834D+00   0.0000D+00   0.1675D+00   0.0000D+00   0.3723D-01   0.0000D+00   0.0000D+00   0.0000D+00   0.5694D+00   0.0000D+00   0.9623D-01   0.0000D+00   0.1834D+00   0.0000D+00
   0.0000D+00   0.0000D+00   0.0000D+00   0.0000D+00   0.0000D+00   0.0000D+00   0.0000D+00   0.0000D+00
  -0.5866D+00   0.1004D+00  -0.6396D+00   0.5904D-01   0.6179D-01  -0.5531D-01  -0.5210D+00   0.6157D-02  -0.5866D+00   0.1004D+00  -0.6396D+00   0.5904D-01
   0.4914D+00  -0.2178D-01   0.8549D-01  -0.7431D-02   0.1029D+00  -0.5081D-01   0.1547D+00   0.0000D+00   0.3873D-01   0.4423D-02  -0.3070D-02   0.1448D-01   0.4914D+00  -0.2178D-01   0.8549D-01  -0.7431D-02   0.1029D+00  -0.5081D-01
  -0.1928D-02  -0.6596D-02  -0.3734D-02  -0.8924D-02  -0.1928D-02  -0.6596D-02  -0.3734D-02  -0.8924D-02
  0.500  1.000
  -0.7214D+00   0.0000D+00  -0.6793D+00   0.0000D+00   0.0000D+00   0.0000D+00  -0.5225D+00   0.0000D+00  -0.7214D+00   0.0000D+00  -0.6793D+00   0.0000D+00
   0.5694D+00   0.0000D+00   0.9623D-01   0.0000D+00   0.1834D+00   0.0000D+00   0.1675D+00   0.0000D+00   0.3723D-01   0.0000D+00   0.0000D+00   0.0000D+00   0.5694D+00   0.0000D+00   0.9623D-01   0.0000D+00   0.1834D+00   0.0000D+00
   0.0000D+00   0.0000D+00   0.0000D+00   0.0000D+00   0.0000D+00   0.0000D+00   0.0000D+00   0.0000D+00
  -0.6107D+00   0.8458D-01  -0.6486D+00   0.4974D-01   0.5206D-01  -0.4660D-01  -0.5233D+00   0.5187D-02  -0.6107D+00   0.8458D-01  -0.6486D+00   0.4974D-01
   0.4980D+00  -0.1999D-01   0.8640D-01  -0.6821D-02   0.1095D+00  -0.4664D-01   0.1558D+00   0.0000D+00   0.3862D-01   0.4060D-02  -0.2818D-02   0.1329D-01   0.4980D+00  -0.1999D-01   0.8640D-01  -0.6821D-02   0.1095D+00  -0.4664D-01
  -0.1769D-02  -0.6055D-02  -0.3428D-02  -0.8191D-02  -0.1769D-02  -0.6055D-02  -0.3428D-02  -0.8191D-02
  0.500  2.000
  -0.6668D+00   0.0000D+00  -0.6279D+00   0.0000D+00   0.0000D+00   0.0000D+00  -0.4830D+00   0.0000D+00  -0.6668D+00   0.0000D+00  -0.6279D+00   0.0000D+00
   0.5694D+00   0.0000D+00   0.9623D-01   0.0000D+00   0.1834D+00   0.0000D+00   0.1675D+00   0.0000D+00   0.3723D-01   0.0000D+00   0.0000D+00   0.0000D+00   0.5694D+00   0.0000D+00   0.9623D-01   0.0000D+00   0.1834D+00   0.0000D+00
   0.0000D+00   0.0000D+00   0.0000D+00   0.0000D+00   0.0000D+00   0.0000D+00   0.0000D+00   0.0000D+00
  -0.6211D+00   0.7226D-01  -0.6477D+00   0.4250D-01   0.4448D-01  -0.3982D-01  -0.5190D+00   0.4432D-02  -0.6211D+00   0.7226D-01  -0.6477D+00   0.4250D-01
   0.5035D+00  -0.1848D-01   0.8717D-01  -0.6305D-02   0.1152D+00  -0.4311D-01   0.1568D+00   0.0000D+00   0.3852D-01   0.3753D-02  -0.2604D-02   0.1228D-01   0.5035D+00  -0.1848D-01   0.8717D-01  -0.6305D-02   0.1152D+00  -0.4311D-01
  -0.1636D-02  -0.5597D-02  -0.3168D-02  -0.7572D-02  -0.1636D-02  -0.5597D-02  -0.3168D-02  -0.7572D-02
  1.000  0.500
  -0.7310D+00   0.0000D+00  -0.6913D+00   0.0000D+00   0.0000D+00   0.0000D+00  -0.5310D+00   0.0000D+00  -0.7310D+00   0.0000D+00  -0.6913D+00   0.0000D+00
   0.5319D+00   0.0000D+00   0.8990D-01   0.0000D+00   0.1708D+00   0.0000D+00   0.1563D+00   0.0000D+00   0.3472D-01   0.0000D+00   0.0000D+00   0.0000D+00   0.5319D+00   0.0000D+00   0.8990D-01   0.0000D+00   0.1708D+00   0.0000D+00
   0.0000D+00   0.0000D+00   0.0000D+00   0.0000D+00   0.0000D+00   0.0000D+00   0.0000D+00   0.0000D+00
  -0.6003D+00   0.9370D-01  -0.6437D+00   0.5499D-01   0.5649D-01  -0.5161D-01  -0.5208D+00   0.5803D-02  -0.6003D+00   0.9370D-01  -0.6437D+00   0.5499D-01
   0.4891D+00  -0.2029D-01   0.8571D-01  -0.6922D-02   0.1077D+00  -0.4731D-01   0.1545D+00   0.0000D+00   0.3842D-01   0.4124D-02  -0.2760D-02   0.1350D-01   0.4891D+00  -0.2029D-01   0.8571D-01  -0.6922D-02   0.1077D+00  -0.4731D-01
  -0.1803D-02  -0.6124D-02  -0.3494D-02  -0.8330D-02  -0.1803D-02  -0.6124D-02  -0.3494D-02  -0.8330D-02
  1.000  1.000
  -0.6710D+00   0.0000D+00  -0.6346D+00   0.0000D+00   0.0000D+00   0.0000D+00  -0.4874D+00   0.0000D+00  -0.6710D+00   0.0000D+00  -0.6346D+00   0.0000D+00
   0.5319D+00   0.0000D+00   0.8990D-01   0.0000D+00   0.1708D+00   0.0000D+00   0.1563D+00   0.0000D+00   0.3472D-01   0.0000D+00   0.0000D+00   0.0000D+00   0.5319D+00   0.0000D+00   0.8990D-01   0.0000D+00   0.1708D+00   0.0000D+00
   0.0000D+00   0.0000D+00   0.0000D+00   0.0000D+00   0.0000D+00   0.0000D+00   0.0000D+00   0.0000D+00
  -0.6141D+00   0.7895D-01  -0.6448D+00   0.4633D-01   0.4759D-01  -0.4349D-01  -0.5175D+00   0.4890D-02  -0.6141D+00   0.7895D-01  -0.6448D+00   0.4633D-01
   0.4928D+00  -0.1863D-01   0.8608D-01  -0.6354D-02   0.1129D+00  -0.4343D-01   0.1547D+00   0.0000D+00   0.3812D-01   0.3786D-02  -0.2533D-02   0.1239D-01   0.4928D+00  -0.1863D-01   0.8608D-01  -0.6354D-02   0.1129D+00  -0.4343D-01
  -0.1655D-02  -0.5621D-02  -0.3207D-02  -0.7647D-02  -0.1655D-02  -0.5621D-02  -0.3207D-02  -0.7647D-02
  1.000  2.000
  -0.6202D+00   0.0000D+00  -0.5866D+00   0.0000D+00   0.0000D+00   0.0000D+00  -0.4505D+00   0.0000D+00  -0.6202D+00   0.0000D+00  -0.5866D+00   0.0000D+00
   0.5319D+00   0.0000D+00   0.8990D-01   0.0000D+00   0.1708D+00   0.0000D+00   0.1563D+00   0.0000D+00   0.3472D-01   0.0000D+00   0.0000D+00   0.0000D+00   0.5319D+00   0.0000D+00   0.8990D-01   0.0000D+00   0.1708D+00   0.0000D+00
   0.0000D+00   0.0000D+00   0.0000D+00   0.0000D+00   0.0000D+00   0.0000D+00   0.0000D+00   0.0000D+00
  -0.6171D+00   0.6746D-01  -0.6383D+00   0.3959D-01   0.4066D-01  -0.3715D-01  -0.5092D+00   0.4178D-02  -0.6171D+00   0.6746D-01  -0.6383D+00   0.3959D-01
   0.4959D+00  -0.1722D-01   0.8639D-01  -0.5873D-02   0.1174D+00  -0.4014D-01   0.1548D+00   0.0000D+00   0.3787D-01   0.3499D-02  -0.2342D-02   0.1145D-01   0.4959D+00  -0.1722D-01   0.8639D-01  -0.5873D-02   0.1174D+00  -0.4014D-01
  -0.1530D-02  -0.5196D-02  -0.2965D-02  -0.7068D-02  -0.1530D-02  -0.5196D-02  -0.2965D-02  -0.7068D-02
  2.000  0.500
  -0.6833D+00   0.0000D+00  -0.6491D+00   0.0000D+00   0.0000D+00   0.0000D+00  -0.4966D+00   0.0000D+00  -0.6833D+00   0.0000D+00  -0.6491D+00   0.0000D+00
   0.4977D+00   0.0000D+00   0.8424D-01   0.0000D+00   0.1598D+00   0.0000D+00   0.1462D+00   0.0000D+00   0.3249D-01   0.0000D+00   0.0000D+00   0.0000D+00   0.4977D+00   0.0000D+00   0.8424D-01   0.0000D+00   0.1598D+00   0.0000D+00
   0.0000D+00   0.0000D+00   0.0000D+00   0.0000D+00   0.0000D+00   0.0000D+00   0.0000D+00   0.0000D+00
  -0.6095D+00   0.8776D-01  -0.6478D+00   0.5152D-01   0.5387D-01  -0.4828D-01  -0.5254D+00   0.5485D-02  -0.6095D+00   0.8776D-01  -0.6478D+00   0.5152D-01
   0.4933D+00  -0.1898D-01   0.8628D-01  -0.6486D-02   0.1112D+00  -0.4441D-01   0.1544D+00   0.0000D+00   0.3816D-01   0.3861D-02  -0.2580D-02   0.1263D-01   0.4933D+00  -0.1898D-01   0.8628D-01  -0.6486D-02   0.1112D+00  -0.4441D-01
  -0.1691D-02  -0.5733D-02  -0.3284D-02  -0.7804D-02  -0.1691D-02  -0.5733D-02  -0.3284D-02  -0.7804D-02
  2.000  1.000
  -0.6272D+00   0.0000D+00  -0.5958D+00   0.0000D+00   0.0000D+00   0.0000D+00  -0.4558D+00   0.0000D+00  -0.6272D+00   0.0000D+00  -0.5958D+00   0.0000D+00
   0.4977D+00   0.0000D+00   0.8424D-01   0.0000D+00   0.1598D+00   0.0000D+00   0.1462D+00   0.0000D+00   0.3249D-01   0.0000D+00   0.0000D+00   0.0000D+00   0.4977D+00   0.0000D+00   0.8424D-01   0.0000D+00   0.1598D+00   0.0000D+00
   0.0000D+00   0.0000D+00   0.0000D+00   0.0000D+00   0.0000D+00   0.0000D+00   0.0000D+00   0.0000D+00
  -0.6148D+00   0.7395D-01  -0.6420D+00   0.4341D-01   0.4538D-01  -0.4067D-01  -0.5163D+00   0.4621D-02  -0.6148D+00   0.7395D-01  -0.6420D+00   0.4341D-01
   0.4938D+00  -0.1742D-01   0.8614D-01  -0.5954D-02   0.1153D+00  -0.4077D-01   0.1538D+00   0.0000D+00   0.3770D-01   0.3544D-02  -0.2368D-02   0.1160D-01   0.4938D+00  -0.1742D-01   0.8614D-01  -0.5954D-02   0.1153D+00  -0.4077D-01
  -0.1552D-02  -0.5262D-02  -0.3014D-02  -0.7163D-02  -0.1552D-02  -0.5262D-02  -0.3014D-02  -0.7163D-02
  2.000  2.000
  -0.5798D+00   0.0000D+00  -0.5507D+00   0.0000D+00   0.0000D+00   0.0000D+00  -0.4213D+00   0.0000D+00  -0.5798D+00   0.0000D+00  -0.5507D+00   0.0000D+00
   0.4977D+00   0.0000D+00   0.8424D-01   0.0000D+00   0.1598D+00   0.0000D+00   0.1462D+00   0.0000D+00   0.3249D-01   0.0000D+00   0.0000D+00   0.0000D+00   0.4977D+00   0.0000D+00   0.8424D-01   0.0000D+00   0.1598D+00   0.0000D+00
   0.0000D+00   0.0000D+00   0.0000D+00   0.0000D+00   0.0000D+00   0.0000D+00   0.0000D+00   0.0000D+00
  -0.6116D+00   0.6318D-01  -0.6306D+00   0.3709D-01   0.3878D-01  -0.3475D-01  -0.5039D+00   0.3949D-02  -0.6116D+00   0.6318D-01  -0.6306D+00   0.3709D-01
   0.4942D+00  -0.1610D-01   0.8602D-01  -0.5503D-02   0.1187D+00  -0.3768D-01   0.1532D+00   0.0000D+00   0.3731D-01   0.3276D-02  -0.2189D-02   0.1072D-01   0.4942D+00  -0.1610D-01   0.8602D-01  -0.5503D-02   0.1187D+00  -0.3768D-01
  -0.1435D-02  -0.4864D-02  -0.2786D-02  -0.6622D-02  -0.1435D-02  -0.4864D-02  -0.2786D-02  -0.6622D-02
