 LHC=           1 sqrts=   8000.0000000000000      ang=           4 mode=fital                                                                                               scalescheme=           1 R=  0.69999999999999996     
 CT10nlo_rand5678                                                                                             171
 Bin information: chid, chiu, md, mu, mu0
   0.0000000000000000       0.50000000000000000        64.000000000000000        74.000000000000000        69.000000000000000     
 9 scales(muf, mur)*(LO(38), NLO(38))
  0.500  0.500
  -0.1789D+02   0.0000D+00  -0.2943D+02   0.0000D+00   0.0000D+00   0.0000D+00  -0.3246D+02   0.0000D+00  -0.1789D+02   0.0000D+00  -0.2943D+02   0.0000D+00
   0.2771D+00   0.0000D+00   0.5075D-01   0.0000D+00   0.5625D-01   0.0000D+00   0.1247D+00   0.0000D+00   0.2770D-01   0.0000D+00   0.0000D+00   0.0000D+00   0.2771D+00   0.0000D+00   0.5075D-01   0.0000D+00   0.5625D-01   0.0000D+00
   0.0000D+00   0.0000D+00   0.0000D+00   0.0000D+00   0.0000D+00   0.0000D+00   0.0000D+00   0.0000D+00
  -0.1259D+02   0.5646D+01  -0.2401D+02   0.3478D+01   0.2573D+01  -0.4345D+01  -0.2931D+02  -0.4164D+00  -0.1259D+02   0.5646D+01  -0.2401D+02   0.3478D+01
   0.7059D+00  -0.9061D-02   0.1284D+00  -0.4173D-02   0.1124D+00  -0.3418D-01   0.2813D+00   0.0000D+00   0.7520D-01   0.4414D-02   0.9094D-02   0.1444D-01   0.7059D+00  -0.9061D-02   0.1284D+00  -0.4173D-02   0.1124D+00  -0.3418D-01
  -0.1820D-03  -0.3766D-02  -0.2017D-02  -0.7448D-02  -0.1820D-03  -0.3766D-02  -0.2017D-02  -0.7448D-02
  0.500  1.000
  -0.1593D+02   0.0000D+00  -0.2621D+02   0.0000D+00   0.0000D+00   0.0000D+00  -0.2891D+02   0.0000D+00  -0.1593D+02   0.0000D+00  -0.2621D+02   0.0000D+00
   0.2771D+00   0.0000D+00   0.5075D-01   0.0000D+00   0.5625D-01   0.0000D+00   0.1247D+00   0.0000D+00   0.2770D-01   0.0000D+00   0.0000D+00   0.0000D+00   0.2771D+00   0.0000D+00   0.5075D-01   0.0000D+00   0.5625D-01   0.0000D+00
   0.0000D+00   0.0000D+00   0.0000D+00   0.0000D+00   0.0000D+00   0.0000D+00   0.0000D+00   0.0000D+00
  -0.1341D+02   0.4477D+01  -0.2468D+02   0.2757D+01   0.2038D+01  -0.3445D+01  -0.2946D+02  -0.3301D+00  -0.1341D+02   0.4477D+01  -0.2468D+02   0.2757D+01
   0.6602D+00  -0.8068D-02   0.1202D+00  -0.3716D-02   0.1063D+00  -0.3044D-01   0.2649D+00   0.0000D+00   0.7019D-01   0.3930D-02   0.8174D-02   0.1286D-01   0.6602D+00  -0.8068D-02   0.1202D+00  -0.3716D-02   0.1063D+00  -0.3044D-01
  -0.1619D-03  -0.3353D-02  -0.1796D-02  -0.6633D-02  -0.1619D-03  -0.3353D-02  -0.1796D-02  -0.6633D-02
  0.500  2.000
  -0.1436D+02   0.0000D+00  -0.2363D+02   0.0000D+00   0.0000D+00   0.0000D+00  -0.2606D+02   0.0000D+00  -0.1436D+02   0.0000D+00  -0.2363D+02   0.0000D+00
   0.2771D+00   0.0000D+00   0.5075D-01   0.0000D+00   0.5625D-01   0.0000D+00   0.1247D+00   0.0000D+00   0.2770D-01   0.0000D+00   0.0000D+00   0.0000D+00   0.2771D+00   0.0000D+00   0.5075D-01   0.0000D+00   0.5625D-01   0.0000D+00
   0.0000D+00   0.0000D+00   0.0000D+00   0.0000D+00   0.0000D+00   0.0000D+00   0.0000D+00   0.0000D+00
  -0.1368D+02   0.3639D+01  -0.2464D+02   0.2241D+01   0.1655D+01  -0.2800D+01  -0.2899D+02  -0.2683D+00  -0.1368D+02   0.3639D+01  -0.2464D+02   0.2241D+01
   0.6252D+00  -0.7275D-02   0.1138D+00  -0.3350D-02   0.1020D+00  -0.2744D-01   0.2520D+00   0.0000D+00   0.6626D-01   0.3543D-02   0.7429D-02   0.1160D-01   0.6252D+00  -0.7275D-02   0.1138D+00  -0.3350D-02   0.1020D+00  -0.2744D-01
  -0.1459D-03  -0.3023D-02  -0.1619D-02  -0.5980D-02  -0.1459D-03  -0.3023D-02  -0.1619D-02  -0.5980D-02
  1.000  0.500
  -0.1871D+02   0.0000D+00  -0.3233D+02   0.0000D+00   0.0000D+00   0.0000D+00  -0.3539D+02   0.0000D+00  -0.1871D+02   0.0000D+00  -0.3233D+02   0.0000D+00
   0.2924D+00   0.0000D+00   0.5533D-01   0.0000D+00   0.5923D-01   0.0000D+00   0.1359D+00   0.0000D+00   0.3020D-01   0.0000D+00   0.0000D+00   0.0000D+00   0.2924D+00   0.0000D+00   0.5533D-01   0.0000D+00   0.5923D-01   0.0000D+00
   0.0000D+00   0.0000D+00   0.0000D+00   0.0000D+00   0.0000D+00   0.0000D+00   0.0000D+00   0.0000D+00
  -0.1166D+02   0.6300D+01  -0.2321D+02   0.3831D+01   0.2877D+01  -0.4673D+01  -0.2854D+02  -0.4633D+00  -0.1166D+02   0.6300D+01  -0.2321D+02   0.3831D+01
   0.7108D+00  -0.9789D-02   0.1305D+00  -0.4472D-02   0.1154D+00  -0.3537D-01   0.2825D+00   0.0000D+00   0.7620D-01   0.4874D-02   0.9330D-02   0.1595D-01   0.7108D+00  -0.9789D-02   0.1305D+00  -0.4472D-02   0.1154D+00  -0.3537D-01
  -0.2036D-03  -0.3825D-02  -0.2275D-02  -0.8231D-02  -0.2036D-03  -0.3825D-02  -0.2275D-02  -0.8231D-02
  1.000  1.000
  -0.1666D+02   0.0000D+00  -0.2879D+02   0.0000D+00   0.0000D+00   0.0000D+00  -0.3151D+02   0.0000D+00  -0.1666D+02   0.0000D+00  -0.2879D+02   0.0000D+00
   0.2924D+00   0.0000D+00   0.5533D-01   0.0000D+00   0.5923D-01   0.0000D+00   0.1359D+00   0.0000D+00   0.3020D-01   0.0000D+00   0.0000D+00   0.0000D+00   0.2924D+00   0.0000D+00   0.5533D-01   0.0000D+00   0.5923D-01   0.0000D+00
   0.0000D+00   0.0000D+00   0.0000D+00   0.0000D+00   0.0000D+00   0.0000D+00   0.0000D+00   0.0000D+00
  -0.1279D+02   0.4995D+01  -0.2456D+02   0.3038D+01   0.2280D+01  -0.3705D+01  -0.2937D+02  -0.3673D+00  -0.1279D+02   0.4995D+01  -0.2456D+02   0.3038D+01
   0.6411D+00  -0.8717D-02   0.1183D+00  -0.3982D-02   0.1021D+00  -0.3149D-01   0.2614D+00   0.0000D+00   0.6960D-01   0.4340D-02   0.8153D-02   0.1420D-01   0.6411D+00  -0.8717D-02   0.1183D+00  -0.3982D-02   0.1021D+00  -0.3149D-01
  -0.1811D-03  -0.3406D-02  -0.2026D-02  -0.7329D-02  -0.1811D-03  -0.3406D-02  -0.2026D-02  -0.7329D-02
  1.000  2.000
  -0.1502D+02   0.0000D+00  -0.2595D+02   0.0000D+00   0.0000D+00   0.0000D+00  -0.2841D+02   0.0000D+00  -0.1502D+02   0.0000D+00  -0.2595D+02   0.0000D+00
   0.2924D+00   0.0000D+00   0.5533D-01   0.0000D+00   0.5923D-01   0.0000D+00   0.1359D+00   0.0000D+00   0.3020D-01   0.0000D+00   0.0000D+00   0.0000D+00   0.2924D+00   0.0000D+00   0.5533D-01   0.0000D+00   0.5923D-01   0.0000D+00
   0.0000D+00   0.0000D+00   0.0000D+00   0.0000D+00   0.0000D+00   0.0000D+00   0.0000D+00   0.0000D+00
  -0.1328D+02   0.4060D+01  -0.2497D+02   0.2469D+01   0.1852D+01  -0.3011D+01  -0.2936D+02  -0.2986D+00  -0.1328D+02   0.4060D+01  -0.2497D+02   0.2469D+01
   0.5971D+00  -0.7860D-02   0.1105D+00  -0.3590D-02   0.9487D-01  -0.2840D-01   0.2472D+00   0.0000D+00   0.6513D-01   0.3913D-02   0.7318D-02   0.1281D-01   0.5971D+00  -0.7860D-02   0.1105D+00  -0.3590D-02   0.9487D-01  -0.2840D-01
  -0.1632D-03  -0.3071D-02  -0.1826D-02  -0.6608D-02  -0.1632D-03  -0.3071D-02  -0.1826D-02  -0.6608D-02
  2.000  0.500
  -0.1967D+02   0.0000D+00  -0.3526D+02   0.0000D+00   0.0000D+00   0.0000D+00  -0.3716D+02   0.0000D+00  -0.1967D+02   0.0000D+00  -0.3526D+02   0.0000D+00
   0.3147D+00   0.0000D+00   0.6030D-01   0.0000D+00   0.6191D-01   0.0000D+00   0.1456D+00   0.0000D+00   0.3236D-01   0.0000D+00   0.0000D+00   0.0000D+00   0.3147D+00   0.0000D+00   0.6030D-01   0.0000D+00   0.6191D-01   0.0000D+00
   0.0000D+00   0.0000D+00   0.0000D+00   0.0000D+00   0.0000D+00   0.0000D+00   0.0000D+00   0.0000D+00
  -0.1098D+02   0.6668D+01  -0.2369D+02   0.4037D+01   0.3315D+01  -0.4999D+01  -0.2794D+02  -0.4695D+00  -0.1098D+02   0.6668D+01  -0.2369D+02   0.4037D+01
   0.6110D+00  -0.1003D-01   0.1158D+00  -0.4807D-02   0.8705D-01  -0.3918D-01   0.2630D+00   0.0000D+00   0.6896D-01   0.5210D-02   0.8303D-02   0.1705D-01   0.6110D+00  -0.1003D-01   0.1158D+00  -0.4807D-02   0.8705D-01  -0.3918D-01
  -0.2306D-03  -0.4348D-02  -0.2493D-02  -0.8746D-02  -0.2306D-03  -0.4348D-02  -0.2493D-02  -0.8746D-02
  2.000  1.000
  -0.1752D+02   0.0000D+00  -0.3139D+02   0.0000D+00   0.0000D+00   0.0000D+00  -0.3309D+02   0.0000D+00  -0.1752D+02   0.0000D+00  -0.3139D+02   0.0000D+00
   0.3147D+00   0.0000D+00   0.6030D-01   0.0000D+00   0.6191D-01   0.0000D+00   0.1456D+00   0.0000D+00   0.3236D-01   0.0000D+00   0.0000D+00   0.0000D+00   0.3147D+00   0.0000D+00   0.6030D-01   0.0000D+00   0.6191D-01   0.0000D+00
   0.0000D+00   0.0000D+00   0.0000D+00   0.0000D+00   0.0000D+00   0.0000D+00   0.0000D+00   0.0000D+00
  -0.1286D+02   0.5287D+01  -0.2597D+02   0.3201D+01   0.2613D+01  -0.3963D+01  -0.2968D+02  -0.3723D+00  -0.1286D+02   0.5287D+01  -0.2597D+02   0.3201D+01
   0.7372D+00  -0.8933D-02   0.1376D+00  -0.4280D-02   0.1273D+00  -0.3489D-01   0.2920D+00   0.0000D+00   0.7714D-01   0.4640D-02   0.9209D-02   0.1518D-01   0.7372D+00  -0.8933D-02   0.1376D+00  -0.4280D-02   0.1273D+00  -0.3489D-01
  -0.2052D-03  -0.3872D-02  -0.2220D-02  -0.7788D-02  -0.2052D-03  -0.3872D-02  -0.2220D-02  -0.7788D-02
  2.000  2.000
  -0.1579D+02   0.0000D+00  -0.2830D+02   0.0000D+00   0.0000D+00   0.0000D+00  -0.2983D+02   0.0000D+00  -0.1579D+02   0.0000D+00  -0.2830D+02   0.0000D+00
   0.3147D+00   0.0000D+00   0.6030D-01   0.0000D+00   0.6191D-01   0.0000D+00   0.1456D+00   0.0000D+00   0.3236D-01   0.0000D+00   0.0000D+00   0.0000D+00   0.3147D+00   0.0000D+00   0.6030D-01   0.0000D+00   0.6191D-01   0.0000D+00
   0.0000D+00   0.0000D+00   0.0000D+00   0.0000D+00   0.0000D+00   0.0000D+00   0.0000D+00   0.0000D+00
  -0.1332D+02   0.4297D+01  -0.2637D+02   0.2602D+01   0.2128D+01  -0.3221D+01  -0.2969D+02  -0.3026D+00  -0.1332D+02   0.4297D+01  -0.2637D+02   0.2602D+01
   0.6132D+00  -0.8054D-02   0.1156D+00  -0.3859D-02   0.9844D-01  -0.3145D-01   0.2559D+00   0.0000D+00   0.6643D-01   0.4183D-02   0.7368D-02   0.1369D-01   0.6132D+00  -0.8054D-02   0.1156D+00  -0.3859D-02   0.9844D-01  -0.3145D-01
  -0.1849D-03  -0.3491D-02  -0.2001D-02  -0.7022D-02  -0.1849D-03  -0.3491D-02  -0.2001D-02  -0.7022D-02
