 LHC=           1 sqrts=   8000.0000000000000      ang=           4 mode=fital                                                                                               scalescheme=           1 R=  0.69999999999999996     
 CT10nlo_rand5678                                                                                             163
 Bin information: chid, chiu, md, mu, mu0
   0.0000000000000000       0.50000000000000000        220.00000000000000        245.00000000000000        232.50000000000000     
 9 scales(muf, mur)*(LO(38), NLO(38))
  0.500  0.500
  -0.3468D+01   0.0000D+00  -0.4542D+01   0.0000D+00   0.0000D+00   0.0000D+00  -0.4541D+01   0.0000D+00  -0.3468D+01   0.0000D+00  -0.4542D+01   0.0000D+00
   0.6029D+00   0.0000D+00   0.1090D+00   0.0000D+00   0.1482D+00   0.0000D+00   0.2404D+00   0.0000D+00   0.5342D-01   0.0000D+00   0.0000D+00   0.0000D+00   0.6029D+00   0.0000D+00   0.1090D+00   0.0000D+00   0.1482D+00   0.0000D+00
   0.0000D+00   0.0000D+00   0.0000D+00   0.0000D+00   0.0000D+00   0.0000D+00   0.0000D+00   0.0000D+00
  -0.2460D+01   0.7166D+00  -0.3830D+01   0.4292D+00   0.3736D+00  -0.4939D+00  -0.4179D+01  -0.2672D-01  -0.2460D+01   0.7166D+00  -0.3830D+01   0.4292D+00
   0.6735D+00  -0.1964D-01   0.1231D+00  -0.7909D-02   0.1103D+00  -0.6096D-01   0.2640D+00   0.0000D+00   0.6684D-01   0.7089D-02  -0.4403D-03   0.2320D-01   0.6735D+00  -0.1964D-01   0.1231D+00  -0.7909D-02   0.1103D+00  -0.6096D-01
  -0.1231D-02  -0.7012D-02  -0.4510D-02  -0.1264D-01  -0.1231D-02  -0.7012D-02  -0.4510D-02  -0.1264D-01
  0.500  1.000
  -0.3151D+01   0.0000D+00  -0.4127D+01   0.0000D+00   0.0000D+00   0.0000D+00  -0.4127D+01   0.0000D+00  -0.3151D+01   0.0000D+00  -0.4127D+01   0.0000D+00
   0.6029D+00   0.0000D+00   0.1090D+00   0.0000D+00   0.1482D+00   0.0000D+00   0.2404D+00   0.0000D+00   0.5342D-01   0.0000D+00   0.0000D+00   0.0000D+00   0.6029D+00   0.0000D+00   0.1090D+00   0.0000D+00   0.1482D+00   0.0000D+00
   0.0000D+00   0.0000D+00   0.0000D+00   0.0000D+00   0.0000D+00   0.0000D+00   0.0000D+00   0.0000D+00
  -0.2597D+01   0.5916D+00  -0.3903D+01   0.3543D+00   0.3084D+00  -0.4078D+00  -0.4191D+01  -0.2206D-01  -0.2597D+01   0.5916D+00  -0.3903D+01   0.3543D+00
   0.6677D+00  -0.1785D-01   0.1220D+00  -0.7187D-02   0.1139D+00  -0.5539D-01   0.2620D+00   0.0000D+00   0.6567D-01   0.6442D-02  -0.3939D-03   0.2108D-01   0.6677D+00  -0.1785D-01   0.1220D+00  -0.7187D-02   0.1139D+00  -0.5539D-01
  -0.1119D-02  -0.6372D-02  -0.4098D-02  -0.1149D-01  -0.1119D-02  -0.6372D-02  -0.4098D-02  -0.1149D-01
  0.500  2.000
  -0.2889D+01   0.0000D+00  -0.3783D+01   0.0000D+00   0.0000D+00   0.0000D+00  -0.3782D+01   0.0000D+00  -0.2889D+01   0.0000D+00  -0.3783D+01   0.0000D+00
   0.6029D+00   0.0000D+00   0.1090D+00   0.0000D+00   0.1482D+00   0.0000D+00   0.2404D+00   0.0000D+00   0.5342D-01   0.0000D+00   0.0000D+00   0.0000D+00   0.6029D+00   0.0000D+00   0.1090D+00   0.0000D+00   0.1482D+00   0.0000D+00
   0.0000D+00   0.0000D+00   0.0000D+00   0.0000D+00   0.0000D+00   0.0000D+00   0.0000D+00   0.0000D+00
  -0.2656D+01   0.4971D+00  -0.3899D+01   0.2977D+00   0.2591D+00  -0.3426D+00  -0.4141D+01  -0.1854D-01  -0.2656D+01   0.4971D+00  -0.3899D+01   0.2977D+00
   0.6628D+00  -0.1636D-01   0.1210D+00  -0.6588D-02   0.1169D+00  -0.5077D-01   0.2604D+00   0.0000D+00   0.6469D-01   0.5905D-02  -0.3563D-03   0.1932D-01   0.6628D+00  -0.1636D-01   0.1210D+00  -0.6588D-02   0.1169D+00  -0.5077D-01
  -0.1025D-02  -0.5841D-02  -0.3756D-02  -0.1053D-01  -0.1025D-02  -0.5841D-02  -0.3756D-02  -0.1053D-01
  1.000  0.500
  -0.3348D+01   0.0000D+00  -0.4442D+01   0.0000D+00   0.0000D+00   0.0000D+00  -0.4401D+01   0.0000D+00  -0.3348D+01   0.0000D+00  -0.4442D+01   0.0000D+00
   0.5876D+00   0.0000D+00   0.1065D+00   0.0000D+00   0.1444D+00   0.0000D+00   0.2336D+00   0.0000D+00   0.5192D-01   0.0000D+00   0.0000D+00   0.0000D+00   0.5876D+00   0.0000D+00   0.1065D+00   0.0000D+00   0.1444D+00   0.0000D+00
   0.0000D+00   0.0000D+00   0.0000D+00   0.0000D+00   0.0000D+00   0.0000D+00   0.0000D+00   0.0000D+00
  -0.2489D+01   0.6977D+00  -0.3869D+01   0.4186D+00   0.3544D+00  -0.4776D+00  -0.4176D+01  -0.2593D-01  -0.2489D+01   0.6977D+00  -0.3869D+01   0.4186D+00
   0.6590D+00  -0.1925D-01   0.1216D+00  -0.7757D-02   0.1094D+00  -0.5938D-01   0.2601D+00   0.0000D+00   0.6571D-01   0.6906D-02  -0.4554D-03   0.2260D-01   0.6590D+00  -0.1925D-01   0.1216D+00  -0.7757D-02   0.1094D+00  -0.5938D-01
  -0.1207D-02  -0.6753D-02  -0.4436D-02  -0.1229D-01  -0.1207D-02  -0.6753D-02  -0.4436D-02  -0.1229D-01
  1.000  1.000
  -0.3043D+01   0.0000D+00  -0.4036D+01   0.0000D+00   0.0000D+00   0.0000D+00  -0.3999D+01   0.0000D+00  -0.3043D+01   0.0000D+00  -0.4036D+01   0.0000D+00
   0.5876D+00   0.0000D+00   0.1065D+00   0.0000D+00   0.1444D+00   0.0000D+00   0.2336D+00   0.0000D+00   0.5192D-01   0.0000D+00   0.0000D+00   0.0000D+00   0.5876D+00   0.0000D+00   0.1065D+00   0.0000D+00   0.1444D+00   0.0000D+00
   0.0000D+00   0.0000D+00   0.0000D+00   0.0000D+00   0.0000D+00   0.0000D+00   0.0000D+00   0.0000D+00
  -0.2601D+01   0.5761D+00  -0.3918D+01   0.3456D+00   0.2925D+00  -0.3944D+00  -0.4165D+01  -0.2141D-01  -0.2601D+01   0.5761D+00  -0.3918D+01   0.3456D+00
   0.6531D+00  -0.1749D-01   0.1204D+00  -0.7049D-02   0.1127D+00  -0.5396D-01   0.2578D+00   0.0000D+00   0.6450D-01   0.6275D-02  -0.4088D-03   0.2054D-01   0.6531D+00  -0.1749D-01   0.1204D+00  -0.7049D-02   0.1127D+00  -0.5396D-01
  -0.1097D-02  -0.6137D-02  -0.4031D-02  -0.1117D-01  -0.1097D-02  -0.6137D-02  -0.4031D-02  -0.1117D-01
  1.000  2.000
  -0.2789D+01   0.0000D+00  -0.3699D+01   0.0000D+00   0.0000D+00   0.0000D+00  -0.3666D+01   0.0000D+00  -0.2789D+01   0.0000D+00  -0.3699D+01   0.0000D+00
   0.5876D+00   0.0000D+00   0.1065D+00   0.0000D+00   0.1444D+00   0.0000D+00   0.2336D+00   0.0000D+00   0.5192D-01   0.0000D+00   0.0000D+00   0.0000D+00   0.5876D+00   0.0000D+00   0.1065D+00   0.0000D+00   0.1444D+00   0.0000D+00
   0.0000D+00   0.0000D+00   0.0000D+00   0.0000D+00   0.0000D+00   0.0000D+00   0.0000D+00   0.0000D+00
  -0.2643D+01   0.4840D+00  -0.3899D+01   0.2904D+00   0.2457D+00  -0.3313D+00  -0.4100D+01  -0.1799D-01  -0.2643D+01   0.4840D+00  -0.3899D+01   0.2904D+00
   0.6481D+00  -0.1603D-01   0.1193D+00  -0.6461D-02   0.1155D+00  -0.4946D-01   0.2560D+00   0.0000D+00   0.6349D-01   0.5752D-02  -0.3708D-03   0.1882D-01   0.6481D+00  -0.1603D-01   0.1193D+00  -0.6461D-02   0.1155D+00  -0.4946D-01
  -0.1006D-02  -0.5625D-02  -0.3695D-02  -0.1024D-01  -0.1006D-02  -0.5625D-02  -0.3695D-02  -0.1024D-01
  2.000  0.500
  -0.3265D+01   0.0000D+00  -0.4311D+01   0.0000D+00   0.0000D+00   0.0000D+00  -0.4285D+01   0.0000D+00  -0.3265D+01   0.0000D+00  -0.4311D+01   0.0000D+00
   0.5703D+00   0.0000D+00   0.1035D+00   0.0000D+00   0.1398D+00   0.0000D+00   0.2272D+00   0.0000D+00   0.5050D-01   0.0000D+00   0.0000D+00   0.0000D+00   0.5703D+00   0.0000D+00   0.1035D+00   0.0000D+00   0.1398D+00   0.0000D+00
   0.0000D+00   0.0000D+00   0.0000D+00   0.0000D+00   0.0000D+00   0.0000D+00   0.0000D+00   0.0000D+00
  -0.2517D+01   0.6791D+00  -0.3900D+01   0.4072D+00   0.3654D+00  -0.4652D+00  -0.4224D+01  -0.2461D-01  -0.2517D+01   0.6791D+00  -0.3900D+01   0.4072D+00
   0.6461D+00  -0.1856D-01   0.1184D+00  -0.7504D-02   0.1073D+00  -0.5715D-01   0.2570D+00   0.0000D+00   0.6488D-01   0.6713D-02  -0.4667D-03   0.2197D-01   0.6461D+00  -0.1856D-01   0.1184D+00  -0.7504D-02   0.1073D+00  -0.5715D-01
  -0.1184D-02  -0.6636D-02  -0.4340D-02  -0.1196D-01  -0.1184D-02  -0.6636D-02  -0.4340D-02  -0.1196D-01
  2.000  1.000
  -0.2967D+01   0.0000D+00  -0.3917D+01   0.0000D+00   0.0000D+00   0.0000D+00  -0.3894D+01   0.0000D+00  -0.2967D+01   0.0000D+00  -0.3917D+01   0.0000D+00
   0.5703D+00   0.0000D+00   0.1035D+00   0.0000D+00   0.1398D+00   0.0000D+00   0.2272D+00   0.0000D+00   0.5050D-01   0.0000D+00   0.0000D+00   0.0000D+00   0.5703D+00   0.0000D+00   0.1035D+00   0.0000D+00   0.1398D+00   0.0000D+00
   0.0000D+00   0.0000D+00   0.0000D+00   0.0000D+00   0.0000D+00   0.0000D+00   0.0000D+00   0.0000D+00
  -0.2615D+01   0.5607D+00  -0.3927D+01   0.3362D+00   0.3017D+00  -0.3841D+00  -0.4188D+01  -0.2032D-01  -0.2615D+01   0.5607D+00  -0.3927D+01   0.3362D+00
   0.6438D+00  -0.1687D-01   0.1178D+00  -0.6819D-02   0.1118D+00  -0.5194D-01   0.2552D+00   0.0000D+00   0.6385D-01   0.6100D-02  -0.4230D-03   0.1996D-01   0.6438D+00  -0.1687D-01   0.1178D+00  -0.6819D-02   0.1118D+00  -0.5194D-01
  -0.1075D-02  -0.6030D-02  -0.3944D-02  -0.1087D-01  -0.1075D-02  -0.6030D-02  -0.3944D-02  -0.1087D-01
  2.000  2.000
  -0.2720D+01   0.0000D+00  -0.3591D+01   0.0000D+00   0.0000D+00   0.0000D+00  -0.3569D+01   0.0000D+00  -0.2720D+01   0.0000D+00  -0.3591D+01   0.0000D+00
   0.5703D+00   0.0000D+00   0.1035D+00   0.0000D+00   0.1398D+00   0.0000D+00   0.2272D+00   0.0000D+00   0.5050D-01   0.0000D+00   0.0000D+00   0.0000D+00   0.5703D+00   0.0000D+00   0.1035D+00   0.0000D+00   0.1398D+00   0.0000D+00
   0.0000D+00   0.0000D+00   0.0000D+00   0.0000D+00   0.0000D+00   0.0000D+00   0.0000D+00   0.0000D+00
  -0.2643D+01   0.4710D+00  -0.3888D+01   0.2825D+00   0.2534D+00  -0.3227D+00  -0.4104D+01  -0.1707D-01  -0.2643D+01   0.4710D+00  -0.3888D+01   0.2825D+00
   0.6382D+00  -0.1546D-01   0.1167D+00  -0.6250D-02   0.1143D+00  -0.4761D-01   0.2530D+00   0.0000D+00   0.6278D-01   0.5591D-02  -0.3839D-03   0.1830D-01   0.6382D+00  -0.1546D-01   0.1167D+00  -0.6250D-02   0.1143D+00  -0.4761D-01
  -0.9858D-03  -0.5527D-02  -0.3615D-02  -0.9960D-02  -0.9858D-03  -0.5527D-02  -0.3615D-02  -0.9960D-02
