 LHC=           1 sqrts=   8000.0000000000000      ang=           4 mode=fital                                                                                               scalescheme=           1 R=  0.69999999999999996     
 CT10nlo_rand5678                                                                                             163
 Bin information: chid, chiu, md, mu, mu0
   0.0000000000000000       0.50000000000000000        2250.0000000000000        2500.0000000000000        2375.0000000000000     
 9 scales(muf, mur)*(LO(38), NLO(38))
  0.500  0.500
  -0.4771D-03   0.0000D+00  -0.2522D-03   0.0000D+00   0.0000D+00   0.0000D+00  -0.9488D-04   0.0000D+00  -0.4771D-03   0.0000D+00  -0.2522D-03   0.0000D+00
   0.4793D-02   0.0000D+00   0.6557D-03   0.0000D+00   0.2459D-02   0.0000D+00   0.5226D-03   0.0000D+00   0.1161D-03   0.0000D+00   0.0000D+00   0.0000D+00   0.4793D-02   0.0000D+00   0.6557D-03   0.0000D+00   0.2459D-02   0.0000D+00
   0.0000D+00   0.0000D+00   0.0000D+00   0.0000D+00   0.0000D+00   0.0000D+00   0.0000D+00   0.0000D+00
  -0.4506D-03   0.2687D-04  -0.2387D-03   0.1646D-04   0.6196D-05  -0.7736D-05  -0.8543D-04   0.6703D-05  -0.4506D-03   0.2687D-04  -0.2387D-03   0.1646D-04
   0.3748D-02  -0.2449D-03   0.5103D-03  -0.6430D-04   0.1705D-02  -0.3412D-03   0.4520D-03   0.0000D+00   0.1103D-03   0.1157D-04  -0.2328D-04   0.3786D-04   0.3748D-02  -0.2449D-03   0.5103D-03  -0.6430D-04   0.1705D-02  -0.3412D-03
  -0.2721D-04  -0.5989D-04  -0.1990D-04  -0.3952D-04  -0.2721D-04  -0.5989D-04  -0.1990D-04  -0.3952D-04
  0.500  1.000
  -0.4440D-03   0.0000D+00  -0.2347D-03   0.0000D+00   0.0000D+00   0.0000D+00  -0.8830D-04   0.0000D+00  -0.4440D-03   0.0000D+00  -0.2347D-03   0.0000D+00
   0.4793D-02   0.0000D+00   0.6557D-03   0.0000D+00   0.2459D-02   0.0000D+00   0.5226D-03   0.0000D+00   0.1161D-03   0.0000D+00   0.0000D+00   0.0000D+00   0.4793D-02   0.0000D+00   0.6557D-03   0.0000D+00   0.2459D-02   0.0000D+00
   0.0000D+00   0.0000D+00   0.0000D+00   0.0000D+00   0.0000D+00   0.0000D+00   0.0000D+00   0.0000D+00
  -0.4509D-03   0.2327D-04  -0.2388D-03   0.1426D-04   0.5366D-05  -0.6699D-05  -0.8605D-04   0.5804D-05  -0.4509D-03   0.2327D-04  -0.2388D-03   0.1426D-04
   0.3820D-02  -0.2279D-03   0.5204D-03  -0.5984D-04   0.1757D-02  -0.3176D-03   0.4569D-03   0.0000D+00   0.1107D-03   0.1077D-04  -0.2167D-04   0.3523D-04   0.3820D-02  -0.2279D-03   0.5204D-03  -0.5984D-04   0.1757D-02  -0.3176D-03
  -0.2532D-04  -0.5573D-04  -0.1852D-04  -0.3677D-04  -0.2532D-04  -0.5573D-04  -0.1852D-04  -0.3677D-04
  0.500  2.000
  -0.4152D-03   0.0000D+00  -0.2195D-03   0.0000D+00   0.0000D+00   0.0000D+00  -0.8258D-04   0.0000D+00  -0.4152D-03   0.0000D+00  -0.2195D-03   0.0000D+00
   0.4793D-02   0.0000D+00   0.6557D-03   0.0000D+00   0.2459D-02   0.0000D+00   0.5226D-03   0.0000D+00   0.1161D-03   0.0000D+00   0.0000D+00   0.0000D+00   0.4793D-02   0.0000D+00   0.6557D-03   0.0000D+00   0.2459D-02   0.0000D+00
   0.0000D+00   0.0000D+00   0.0000D+00   0.0000D+00   0.0000D+00   0.0000D+00   0.0000D+00   0.0000D+00
  -0.4474D-03   0.2035D-04  -0.2369D-03   0.1247D-04   0.4694D-05  -0.5859D-05  -0.8581D-04   0.5077D-05  -0.4474D-03   0.2035D-04  -0.2369D-03   0.1247D-04
   0.3884D-02  -0.2132D-03   0.5292D-03  -0.5596D-04   0.1803D-02  -0.2970D-03   0.4612D-03   0.0000D+00   0.1110D-03   0.1007D-04  -0.2027D-04   0.3295D-04   0.3884D-02  -0.2132D-03   0.5292D-03  -0.5596D-04   0.1803D-02  -0.2970D-03
  -0.2368D-04  -0.5212D-04  -0.1732D-04  -0.3439D-04  -0.2368D-04  -0.5212D-04  -0.1732D-04  -0.3439D-04
  1.000  0.500
  -0.3881D-03   0.0000D+00  -0.2049D-03   0.0000D+00   0.0000D+00   0.0000D+00  -0.7703D-04   0.0000D+00  -0.3881D-03   0.0000D+00  -0.2049D-03   0.0000D+00
   0.3896D-02   0.0000D+00   0.5326D-03   0.0000D+00   0.1999D-02   0.0000D+00   0.4238D-03   0.0000D+00   0.9418D-04   0.0000D+00   0.0000D+00   0.0000D+00   0.3896D-02   0.0000D+00   0.5326D-03   0.0000D+00   0.1999D-02   0.0000D+00
   0.0000D+00   0.0000D+00   0.0000D+00   0.0000D+00   0.0000D+00   0.0000D+00   0.0000D+00   0.0000D+00
  -0.4461D-03   0.2182D-04  -0.2364D-03   0.1338D-04   0.4960D-05  -0.6281D-05  -0.8540D-04   0.5446D-05  -0.4461D-03   0.2182D-04  -0.2364D-03   0.1338D-04
   0.3851D-02  -0.1992D-03   0.5251D-03  -0.5230D-04   0.1798D-02  -0.2775D-03   0.4550D-03   0.0000D+00   0.1090D-03   0.9384D-05  -0.1864D-04   0.3071D-04   0.3851D-02  -0.1992D-03   0.5251D-03  -0.5230D-04   0.1798D-02  -0.2775D-03
  -0.2214D-04  -0.4864D-04  -0.1616D-04  -0.3211D-04  -0.2214D-04  -0.4864D-04  -0.1616D-04  -0.3211D-04
  1.000  1.000
  -0.3611D-03   0.0000D+00  -0.1907D-03   0.0000D+00   0.0000D+00   0.0000D+00  -0.7168D-04   0.0000D+00  -0.3611D-03   0.0000D+00  -0.1907D-03   0.0000D+00
   0.3896D-02   0.0000D+00   0.5326D-03   0.0000D+00   0.1999D-02   0.0000D+00   0.4238D-03   0.0000D+00   0.9418D-04   0.0000D+00   0.0000D+00   0.0000D+00   0.3896D-02   0.0000D+00   0.5326D-03   0.0000D+00   0.1999D-02   0.0000D+00
   0.0000D+00   0.0000D+00   0.0000D+00   0.0000D+00   0.0000D+00   0.0000D+00   0.0000D+00   0.0000D+00
  -0.4357D-03   0.1890D-04  -0.2308D-03   0.1159D-04   0.4296D-05  -0.5439D-05  -0.8376D-04   0.4717D-05  -0.4357D-03   0.1890D-04  -0.2308D-03   0.1159D-04
   0.3855D-02  -0.1853D-03   0.5256D-03  -0.4867D-04   0.1812D-02  -0.2582D-03   0.4528D-03   0.0000D+00   0.1080D-03   0.8733D-05  -0.1735D-04   0.2858D-04   0.3855D-02  -0.1853D-03   0.5256D-03  -0.4867D-04   0.1812D-02  -0.2582D-03
  -0.2060D-04  -0.4527D-04  -0.1504D-04  -0.2988D-04  -0.2060D-04  -0.4527D-04  -0.1504D-04  -0.2988D-04
  1.000  2.000
  -0.3377D-03   0.0000D+00  -0.1784D-03   0.0000D+00   0.0000D+00   0.0000D+00  -0.6704D-04   0.0000D+00  -0.3377D-03   0.0000D+00  -0.1784D-03   0.0000D+00
   0.3896D-02   0.0000D+00   0.5326D-03   0.0000D+00   0.1999D-02   0.0000D+00   0.4238D-03   0.0000D+00   0.9418D-04   0.0000D+00   0.0000D+00   0.0000D+00   0.3896D-02   0.0000D+00   0.5326D-03   0.0000D+00   0.1999D-02   0.0000D+00
   0.0000D+00   0.0000D+00   0.0000D+00   0.0000D+00   0.0000D+00   0.0000D+00   0.0000D+00   0.0000D+00
  -0.4242D-03   0.1653D-04  -0.2246D-03   0.1014D-04   0.3758D-05  -0.4757D-05  -0.8182D-04   0.4125D-05  -0.4242D-03   0.1653D-04  -0.2246D-03   0.1014D-04
   0.3857D-02  -0.1733D-03   0.5261D-03  -0.4552D-04   0.1824D-02  -0.2415D-03   0.4510D-03   0.0000D+00   0.1071D-03   0.8167D-05  -0.1623D-04   0.2673D-04   0.3857D-02  -0.1733D-03   0.5261D-03  -0.4552D-04   0.1824D-02  -0.2415D-03
  -0.1927D-04  -0.4233D-04  -0.1406D-04  -0.2795D-04  -0.1927D-04  -0.4233D-04  -0.1406D-04  -0.2795D-04
  2.000  0.500
  -0.3200D-03   0.0000D+00  -0.1688D-03   0.0000D+00   0.0000D+00   0.0000D+00  -0.6341D-04   0.0000D+00  -0.3200D-03   0.0000D+00  -0.1688D-03   0.0000D+00
   0.3211D-02   0.0000D+00   0.4387D-03   0.0000D+00   0.1649D-02   0.0000D+00   0.3486D-03   0.0000D+00   0.7746D-04   0.0000D+00   0.0000D+00   0.0000D+00   0.3211D-02   0.0000D+00   0.4387D-03   0.0000D+00   0.1649D-02   0.0000D+00
   0.0000D+00   0.0000D+00   0.0000D+00   0.0000D+00   0.0000D+00   0.0000D+00   0.0000D+00   0.0000D+00
  -0.4348D-03   0.1797D-04  -0.2300D-03   0.1103D-04   0.4057D-05  -0.5164D-05  -0.8359D-04   0.4490D-05  -0.4348D-03   0.1797D-04  -0.2300D-03   0.1103D-04
   0.3846D-02  -0.1643D-03   0.5244D-03  -0.4313D-04   0.1828D-02  -0.2287D-03   0.4475D-03   0.0000D+00   0.1060D-03   0.7718D-05  -0.1542D-04   0.2526D-04   0.3846D-02  -0.1643D-03   0.5244D-03  -0.4313D-04   0.1828D-02  -0.2287D-03
  -0.1827D-04  -0.4013D-04  -0.1331D-04  -0.2641D-04  -0.1827D-04  -0.4013D-04  -0.1331D-04  -0.2641D-04
  2.000  1.000
  -0.2978D-03   0.0000D+00  -0.1570D-03   0.0000D+00   0.0000D+00   0.0000D+00  -0.5900D-04   0.0000D+00  -0.2978D-03   0.0000D+00  -0.1570D-03   0.0000D+00
   0.3211D-02   0.0000D+00   0.4387D-03   0.0000D+00   0.1649D-02   0.0000D+00   0.3486D-03   0.0000D+00   0.7746D-04   0.0000D+00   0.0000D+00   0.0000D+00   0.3211D-02   0.0000D+00   0.4387D-03   0.0000D+00   0.1649D-02   0.0000D+00
   0.0000D+00   0.0000D+00   0.0000D+00   0.0000D+00   0.0000D+00   0.0000D+00   0.0000D+00   0.0000D+00
  -0.4172D-03   0.1556D-04  -0.2206D-03   0.9548D-05   0.3514D-05  -0.4472D-05  -0.8046D-04   0.3888D-05  -0.4172D-03   0.1556D-04  -0.2206D-03   0.9548D-05
   0.3802D-02  -0.1529D-03   0.5185D-03  -0.4013D-04   0.1816D-02  -0.2128D-03   0.4407D-03   0.0000D+00   0.1040D-03   0.7183D-05  -0.1435D-04   0.2351D-04   0.3802D-02  -0.1529D-03   0.5185D-03  -0.4013D-04   0.1816D-02  -0.2128D-03
  -0.1700D-04  -0.3735D-04  -0.1238D-04  -0.2457D-04  -0.1700D-04  -0.3735D-04  -0.1238D-04  -0.2457D-04
  2.000  2.000
  -0.2785D-03   0.0000D+00  -0.1469D-03   0.0000D+00   0.0000D+00   0.0000D+00  -0.5518D-04   0.0000D+00  -0.2785D-03   0.0000D+00  -0.1469D-03   0.0000D+00
   0.3211D-02   0.0000D+00   0.4387D-03   0.0000D+00   0.1649D-02   0.0000D+00   0.3486D-03   0.0000D+00   0.7746D-04   0.0000D+00   0.0000D+00   0.0000D+00   0.3211D-02   0.0000D+00   0.4387D-03   0.0000D+00   0.1649D-02   0.0000D+00
   0.0000D+00   0.0000D+00   0.0000D+00   0.0000D+00   0.0000D+00   0.0000D+00   0.0000D+00   0.0000D+00
  -0.4005D-03   0.1361D-04  -0.2117D-03   0.8351D-05   0.3074D-05  -0.3911D-05  -0.7742D-04   0.3401D-05  -0.4005D-03   0.1361D-04  -0.2117D-03   0.8351D-05
   0.3764D-02  -0.1430D-03   0.5133D-03  -0.3753D-04   0.1805D-02  -0.1991D-03   0.4347D-03   0.0000D+00   0.1023D-03   0.6717D-05  -0.1342D-04   0.2198D-04   0.3764D-02  -0.1430D-03   0.5133D-03  -0.3753D-04   0.1805D-02  -0.1991D-03
  -0.1590D-04  -0.3493D-04  -0.1158D-04  -0.2298D-04  -0.1590D-04  -0.3493D-04  -0.1158D-04  -0.2298D-04
