 LHC=           1 sqrts=   8000.0000000000000      ang=           4 mode=fital                                                                                               scalescheme=           1 R=  0.69999999999999996     
 CT10nlo_rand5678                                                                                              64
 Bin information: chid, chiu, md, mu, mu0
   0.0000000000000000       0.50000000000000000        97.000000000000000        114.00000000000000        105.50000000000000     
 9 scales(muf, mur)*(LO(38), NLO(38))
  0.500  0.500
  -0.1265D+02   0.0000D+00  -0.2077D+02   0.0000D+00   0.0000D+00   0.0000D+00  -0.2222D+02   0.0000D+00  -0.1265D+02   0.0000D+00  -0.2077D+02   0.0000D+00
   0.4778D+00   0.0000D+00   0.8967D-01   0.0000D+00   0.1016D+00   0.0000D+00   0.2141D+00   0.0000D+00   0.4758D-01   0.0000D+00   0.0000D+00   0.0000D+00   0.4778D+00   0.0000D+00   0.8967D-01   0.0000D+00   0.1016D+00   0.0000D+00
   0.0000D+00   0.0000D+00   0.0000D+00   0.0000D+00   0.0000D+00   0.0000D+00   0.0000D+00   0.0000D+00
  -0.8568D+01   0.3730D+01  -0.1709D+02   0.2227D+01   0.1656D+01  -0.2722D+01  -0.1983D+02  -0.2490D+00  -0.8568D+01   0.3730D+01  -0.1709D+02   0.2227D+01
   0.8446D+00  -0.1516D-01   0.1577D+00  -0.6882D-02   0.1319D+00  -0.5592D-01   0.3457D+00   0.0000D+00   0.8984D-01   0.7122D-02   0.5823D-02   0.2331D-01   0.8446D+00  -0.1516D-01   0.1577D+00  -0.6882D-02   0.1319D+00  -0.5592D-01
  -0.5118D-03  -0.5953D-02  -0.3683D-02  -0.1221D-01  -0.5118D-03  -0.5953D-02  -0.3683D-02  -0.1221D-01
  0.500  1.000
  -0.1135D+02   0.0000D+00  -0.1864D+02   0.0000D+00   0.0000D+00   0.0000D+00  -0.1994D+02   0.0000D+00  -0.1135D+02   0.0000D+00  -0.1864D+02   0.0000D+00
   0.4778D+00   0.0000D+00   0.8967D-01   0.0000D+00   0.1016D+00   0.0000D+00   0.2141D+00   0.0000D+00   0.4758D-01   0.0000D+00   0.0000D+00   0.0000D+00   0.4778D+00   0.0000D+00   0.8967D-01   0.0000D+00   0.1016D+00   0.0000D+00
   0.0000D+00   0.0000D+00   0.0000D+00   0.0000D+00   0.0000D+00   0.0000D+00   0.0000D+00   0.0000D+00
  -0.9186D+01   0.3003D+01  -0.1751D+02   0.1793D+01   0.1332D+01  -0.2192D+01  -0.1999D+02  -0.2005D+00  -0.9186D+01   0.3003D+01  -0.1751D+02   0.1793D+01
   0.8097D+00  -0.1361D-01   0.1512D+00  -0.6177D-02   0.1294D+00  -0.5018D-01   0.3331D+00   0.0000D+00   0.8573D-01   0.6392D-02   0.5272D-02   0.2092D-01   0.8097D+00  -0.1361D-01   0.1512D+00  -0.6177D-02   0.1294D+00  -0.5018D-01
  -0.4592D-03  -0.5343D-02  -0.3305D-02  -0.1096D-01  -0.4592D-03  -0.5343D-02  -0.3305D-02  -0.1096D-01
  0.500  2.000
  -0.1030D+02   0.0000D+00  -0.1691D+02   0.0000D+00   0.0000D+00   0.0000D+00  -0.1809D+02   0.0000D+00  -0.1030D+02   0.0000D+00  -0.1691D+02   0.0000D+00
   0.4778D+00   0.0000D+00   0.8967D-01   0.0000D+00   0.1016D+00   0.0000D+00   0.2141D+00   0.0000D+00   0.4758D-01   0.0000D+00   0.0000D+00   0.0000D+00   0.4778D+00   0.0000D+00   0.8967D-01   0.0000D+00   0.1016D+00   0.0000D+00
   0.0000D+00   0.0000D+00   0.0000D+00   0.0000D+00   0.0000D+00   0.0000D+00   0.0000D+00   0.0000D+00
  -0.9440D+01   0.2473D+01  -0.1750D+02   0.1477D+01   0.1096D+01  -0.1805D+01  -0.1975D+02  -0.1651D+00  -0.9440D+01   0.2473D+01  -0.1750D+02   0.1477D+01
   0.7810D+00  -0.1235D-01   0.1459D+00  -0.5605D-02   0.1273D+00  -0.4554D-01   0.3227D+00   0.0000D+00   0.8238D-01   0.5801D-02   0.4819D-02   0.1898D-01   0.7810D+00  -0.1235D-01   0.1459D+00  -0.5605D-02   0.1273D+00  -0.4554D-01
  -0.4166D-03  -0.4848D-02  -0.2999D-02  -0.9944D-02  -0.4166D-03  -0.4848D-02  -0.2999D-02  -0.9944D-02
  1.000  0.500
  -0.1288D+02   0.0000D+00  -0.2133D+02   0.0000D+00   0.0000D+00   0.0000D+00  -0.2305D+02   0.0000D+00  -0.1288D+02   0.0000D+00  -0.2133D+02   0.0000D+00
   0.4961D+00   0.0000D+00   0.9274D-01   0.0000D+00   0.1033D+00   0.0000D+00   0.2188D+00   0.0000D+00   0.4862D-01   0.0000D+00   0.0000D+00   0.0000D+00   0.4961D+00   0.0000D+00   0.9274D-01   0.0000D+00   0.1033D+00   0.0000D+00
   0.0000D+00   0.0000D+00   0.0000D+00   0.0000D+00   0.0000D+00   0.0000D+00   0.0000D+00   0.0000D+00
  -0.8428D+01   0.3873D+01  -0.1651D+02   0.2310D+01   0.1855D+01  -0.2836D+01  -0.1995D+02  -0.2595D+00  -0.8428D+01   0.3873D+01  -0.1651D+02   0.2310D+01
   0.8219D+00  -0.1553D-01   0.1521D+00  -0.7052D-02   0.1239D+00  -0.5733D-01   0.3331D+00   0.0000D+00   0.8685D-01   0.7335D-02   0.6127D-02   0.2401D-01   0.8219D+00  -0.1553D-01   0.1521D+00  -0.7052D-02   0.1239D+00  -0.5733D-01
  -0.5418D-03  -0.6226D-02  -0.3890D-02  -0.1253D-01  -0.5418D-03  -0.6226D-02  -0.3890D-02  -0.1253D-01
  1.000  1.000
  -0.1156D+02   0.0000D+00  -0.1914D+02   0.0000D+00   0.0000D+00   0.0000D+00  -0.2069D+02   0.0000D+00  -0.1156D+02   0.0000D+00  -0.1914D+02   0.0000D+00
   0.4961D+00   0.0000D+00   0.9274D-01   0.0000D+00   0.1033D+00   0.0000D+00   0.2188D+00   0.0000D+00   0.4862D-01   0.0000D+00   0.0000D+00   0.0000D+00   0.4961D+00   0.0000D+00   0.9274D-01   0.0000D+00   0.1033D+00   0.0000D+00
   0.0000D+00   0.0000D+00   0.0000D+00   0.0000D+00   0.0000D+00   0.0000D+00   0.0000D+00   0.0000D+00
  -0.9110D+01   0.3119D+01  -0.1715D+02   0.1860D+01   0.1493D+01  -0.2284D+01  -0.2023D+02  -0.2090D+00  -0.9110D+01   0.3119D+01  -0.1715D+02   0.1860D+01
   0.7857D+00  -0.1394D-01   0.1456D+00  -0.6328D-02   0.1208D+00  -0.5145D-01   0.3211D+00   0.0000D+00   0.8281D-01   0.6583D-02   0.5540D-02   0.2154D-01   0.7857D+00  -0.1394D-01   0.1456D+00  -0.6328D-02   0.1208D+00  -0.5145D-01
  -0.4861D-03  -0.5587D-02  -0.3491D-02  -0.1124D-01  -0.4861D-03  -0.5587D-02  -0.3491D-02  -0.1124D-01
  1.000  2.000
  -0.1049D+02   0.0000D+00  -0.1737D+02   0.0000D+00   0.0000D+00   0.0000D+00  -0.1877D+02   0.0000D+00  -0.1049D+02   0.0000D+00  -0.1737D+02   0.0000D+00
   0.4961D+00   0.0000D+00   0.9274D-01   0.0000D+00   0.1033D+00   0.0000D+00   0.2188D+00   0.0000D+00   0.4862D-01   0.0000D+00   0.0000D+00   0.0000D+00   0.4961D+00   0.0000D+00   0.9274D-01   0.0000D+00   0.1033D+00   0.0000D+00
   0.0000D+00   0.0000D+00   0.0000D+00   0.0000D+00   0.0000D+00   0.0000D+00   0.0000D+00   0.0000D+00
  -0.9411D+01   0.2568D+01  -0.1728D+02   0.1532D+01   0.1229D+01  -0.1881D+01  -0.2008D+02  -0.1721D+00  -0.9411D+01   0.2568D+01  -0.1728D+02   0.1532D+01
   0.7609D+00  -0.1265D-01   0.1411D+00  -0.5743D-02   0.1197D+00  -0.4669D-01   0.3123D+00   0.0000D+00   0.7982D-01   0.5974D-02   0.5059D-02   0.1955D-01   0.7609D+00  -0.1265D-01   0.1411D+00  -0.5743D-02   0.1197D+00  -0.4669D-01
  -0.4410D-03  -0.5070D-02  -0.3167D-02  -0.1020D-01  -0.4410D-03  -0.5070D-02  -0.3167D-02  -0.1020D-01
  2.000  0.500
  -0.1319D+02   0.0000D+00  -0.2202D+02   0.0000D+00   0.0000D+00   0.0000D+00  -0.2349D+02   0.0000D+00  -0.1319D+02   0.0000D+00  -0.2202D+02   0.0000D+00
   0.5127D+00   0.0000D+00   0.9575D-01   0.0000D+00   0.1051D+00   0.0000D+00   0.2279D+00   0.0000D+00   0.5063D-01   0.0000D+00   0.0000D+00   0.0000D+00   0.5127D+00   0.0000D+00   0.9575D-01   0.0000D+00   0.1051D+00   0.0000D+00
   0.0000D+00   0.0000D+00   0.0000D+00   0.0000D+00   0.0000D+00   0.0000D+00   0.0000D+00   0.0000D+00
  -0.8327D+01   0.3968D+01  -0.1665D+02   0.2375D+01   0.1969D+01  -0.2888D+01  -0.2015D+02  -0.2611D+00  -0.8327D+01   0.3968D+01  -0.1665D+02   0.2375D+01
   0.7702D+00  -0.1584D-01   0.1431D+00  -0.7227D-02   0.1097D+00  -0.6023D-01   0.3214D+00   0.0000D+00   0.8324D-01   0.7576D-02   0.5333D-02   0.2479D-01   0.7702D+00  -0.1584D-01   0.1431D+00  -0.7227D-02   0.1097D+00  -0.6023D-01
  -0.5720D-03  -0.6446D-02  -0.4061D-02  -0.1306D-01  -0.5720D-03  -0.6446D-02  -0.4061D-02  -0.1306D-01
  2.000  1.000
  -0.1184D+02   0.0000D+00  -0.1976D+02   0.0000D+00   0.0000D+00   0.0000D+00  -0.2108D+02   0.0000D+00  -0.1184D+02   0.0000D+00  -0.1976D+02   0.0000D+00
   0.5127D+00   0.0000D+00   0.9575D-01   0.0000D+00   0.1051D+00   0.0000D+00   0.2279D+00   0.0000D+00   0.5063D-01   0.0000D+00   0.0000D+00   0.0000D+00   0.5127D+00   0.0000D+00   0.9575D-01   0.0000D+00   0.1051D+00   0.0000D+00
   0.0000D+00   0.0000D+00   0.0000D+00   0.0000D+00   0.0000D+00   0.0000D+00   0.0000D+00   0.0000D+00
  -0.9173D+01   0.3195D+01  -0.1748D+02   0.1913D+01   0.1583D+01  -0.2326D+01  -0.2055D+02  -0.2103D+00  -0.9173D+01   0.3195D+01  -0.1748D+02   0.1913D+01
   0.7977D+00  -0.1422D-01   0.1472D+00  -0.6486D-02   0.1241D+00  -0.5406D-01   0.3245D+00   0.0000D+00   0.8355D-01   0.6799D-02   0.5247D-02   0.2225D-01   0.7977D+00  -0.1422D-01   0.1472D+00  -0.6486D-02   0.1241D+00  -0.5406D-01
  -0.5132D-03  -0.5785D-02  -0.3644D-02  -0.1172D-01  -0.5132D-03  -0.5785D-02  -0.3644D-02  -0.1172D-01
  2.000  2.000
  -0.1074D+02   0.0000D+00  -0.1793D+02   0.0000D+00   0.0000D+00   0.0000D+00  -0.1913D+02   0.0000D+00  -0.1074D+02   0.0000D+00  -0.1793D+02   0.0000D+00
   0.5127D+00   0.0000D+00   0.9575D-01   0.0000D+00   0.1051D+00   0.0000D+00   0.2279D+00   0.0000D+00   0.5063D-01   0.0000D+00   0.0000D+00   0.0000D+00   0.5127D+00   0.0000D+00   0.9575D-01   0.0000D+00   0.1051D+00   0.0000D+00
   0.0000D+00   0.0000D+00   0.0000D+00   0.0000D+00   0.0000D+00   0.0000D+00   0.0000D+00   0.0000D+00
  -0.9475D+01   0.2631D+01  -0.1762D+02   0.1575D+01   0.1303D+01  -0.1915D+01  -0.2037D+02  -0.1731D+00  -0.9475D+01   0.2631D+01  -0.1762D+02   0.1575D+01
   0.7503D+00  -0.1290D-01   0.1390D+00  -0.5886D-02   0.1164D+00  -0.4906D-01   0.3108D+00   0.0000D+00   0.7914D-01   0.6170D-02   0.4611D-02   0.2019D-01   0.7503D+00  -0.1290D-01   0.1390D+00  -0.5886D-02   0.1164D+00  -0.4906D-01
  -0.4655D-03  -0.5250D-02  -0.3306D-02  -0.1064D-01  -0.4655D-03  -0.5250D-02  -0.3306D-02  -0.1064D-01
