 LHC=           1 sqrts=   8000.0000000000000      ang=           4 mode=fital                                                                                               scalescheme=           1 R=  0.69999999999999996     
 CT10nlo_rand5678                                                                                             343
 Bin information: chid, chiu, md, mu, mu0
   0.0000000000000000       0.50000000000000000        174.00000000000000        196.00000000000000        185.00000000000000     
 9 scales(muf, mur)*(LO(38), NLO(38))
  0.500  0.500
  -0.4974D+01   0.0000D+00  -0.6676D+01   0.0000D+00   0.0000D+00   0.0000D+00  -0.6811D+01   0.0000D+00  -0.4974D+01   0.0000D+00  -0.6676D+01   0.0000D+00
   0.5439D+00   0.0000D+00   0.9884D-01   0.0000D+00   0.1302D+00   0.0000D+00   0.2250D+00   0.0000D+00   0.5001D-01   0.0000D+00   0.0000D+00   0.0000D+00   0.5439D+00   0.0000D+00   0.9884D-01   0.0000D+00   0.1302D+00   0.0000D+00
   0.0000D+00   0.0000D+00   0.0000D+00   0.0000D+00   0.0000D+00   0.0000D+00   0.0000D+00   0.0000D+00
  -0.3555D+01   0.1095D+01  -0.5505D+01   0.6597D+00   0.5915D+00  -0.7674D+00  -0.6207D+01  -0.5254D-01  -0.3555D+01   0.1095D+01  -0.5505D+01   0.6597D+00
   0.6834D+00  -0.1791D-01   0.1254D+00  -0.7377D-02   0.1129D+00  -0.5682D-01   0.2730D+00   0.0000D+00   0.6995D-01   0.6873D-02   0.8693D-03   0.2249D-01   0.6834D+00  -0.1791D-01   0.1254D+00  -0.7377D-02   0.1129D+00  -0.5682D-01
  -0.9822D-03  -0.6725D-02  -0.4073D-02  -0.1204D-01  -0.9822D-03  -0.6725D-02  -0.4073D-02  -0.1204D-01
  0.500  1.000
  -0.4506D+01   0.0000D+00  -0.6047D+01   0.0000D+00   0.0000D+00   0.0000D+00  -0.6169D+01   0.0000D+00  -0.4506D+01   0.0000D+00  -0.6047D+01   0.0000D+00
   0.5439D+00   0.0000D+00   0.9884D-01   0.0000D+00   0.1302D+00   0.0000D+00   0.2250D+00   0.0000D+00   0.5001D-01   0.0000D+00   0.0000D+00   0.0000D+00   0.5439D+00   0.0000D+00   0.9884D-01   0.0000D+00   0.1302D+00   0.0000D+00
   0.0000D+00   0.0000D+00   0.0000D+00   0.0000D+00   0.0000D+00   0.0000D+00   0.0000D+00   0.0000D+00
  -0.3751D+01   0.8979D+00  -0.5636D+01   0.5412D+00   0.4851D+00  -0.6295D+00  -0.6235D+01  -0.4310D-01  -0.3751D+01   0.8979D+00  -0.5636D+01   0.5412D+00
   0.6713D+00  -0.1622D-01   0.1231D+00  -0.6682D-02   0.1148D+00  -0.5147D-01   0.2687D+00   0.0000D+00   0.6815D-01   0.6225D-02   0.7986D-03   0.2037D-01   0.6713D+00  -0.1622D-01   0.1231D+00  -0.6682D-02   0.1148D+00  -0.5147D-01
  -0.8896D-03  -0.6092D-02  -0.3689D-02  -0.1091D-01  -0.8896D-03  -0.6092D-02  -0.3689D-02  -0.1091D-01
  0.500  2.000
  -0.4118D+01   0.0000D+00  -0.5527D+01   0.0000D+00   0.0000D+00   0.0000D+00  -0.5639D+01   0.0000D+00  -0.4118D+01   0.0000D+00  -0.5527D+01   0.0000D+00
   0.5439D+00   0.0000D+00   0.9884D-01   0.0000D+00   0.1302D+00   0.0000D+00   0.2250D+00   0.0000D+00   0.5001D-01   0.0000D+00   0.0000D+00   0.0000D+00   0.5439D+00   0.0000D+00   0.9884D-01   0.0000D+00   0.1302D+00   0.0000D+00
   0.0000D+00   0.0000D+00   0.0000D+00   0.0000D+00   0.0000D+00   0.0000D+00   0.0000D+00   0.0000D+00
  -0.3830D+01   0.7502D+00  -0.5643D+01   0.4522D+00   0.4052D+00  -0.5260D+00  -0.6162D+01  -0.3601D-01  -0.3830D+01   0.7502D+00  -0.5643D+01   0.4522D+00
   0.6611D+00  -0.1483D-01   0.1211D+00  -0.6108D-02   0.1163D+00  -0.4705D-01   0.2652D+00   0.0000D+00   0.6665D-01   0.5691D-02   0.7387D-03   0.1862D-01   0.6611D+00  -0.1483D-01   0.1211D+00  -0.6108D-02   0.1163D+00  -0.4705D-01
  -0.8131D-03  -0.5569D-02  -0.3372D-02  -0.9970D-02  -0.8131D-03  -0.5569D-02  -0.3372D-02  -0.9970D-02
  1.000  0.500
  -0.4879D+01   0.0000D+00  -0.6655D+01   0.0000D+00   0.0000D+00   0.0000D+00  -0.6866D+01   0.0000D+00  -0.4879D+01   0.0000D+00  -0.6655D+01   0.0000D+00
   0.5404D+00   0.0000D+00   0.9909D-01   0.0000D+00   0.1280D+00   0.0000D+00   0.2235D+00   0.0000D+00   0.4968D-01   0.0000D+00   0.0000D+00   0.0000D+00   0.5404D+00   0.0000D+00   0.9909D-01   0.0000D+00   0.1280D+00   0.0000D+00
   0.0000D+00   0.0000D+00   0.0000D+00   0.0000D+00   0.0000D+00   0.0000D+00   0.0000D+00   0.0000D+00
  -0.3503D+01   0.1091D+01  -0.5548D+01   0.6603D+00   0.5613D+00  -0.7711D+00  -0.6250D+01  -0.5208D-01  -0.3503D+01   0.1091D+01  -0.5548D+01   0.6603D+00
   0.6634D+00  -0.1759D-01   0.1224D+00  -0.7332D-02   0.1074D+00  -0.5700D-01   0.2659D+00   0.0000D+00   0.6756D-01   0.6840D-02   0.9804D-03   0.2239D-01   0.6634D+00  -0.1759D-01   0.1224D+00  -0.7332D-02   0.1074D+00  -0.5700D-01
  -0.9759D-03  -0.6710D-02  -0.4093D-02  -0.1207D-01  -0.9759D-03  -0.6710D-02  -0.4093D-02  -0.1207D-01
  1.000  1.000
  -0.4419D+01   0.0000D+00  -0.6028D+01   0.0000D+00   0.0000D+00   0.0000D+00  -0.6219D+01   0.0000D+00  -0.4419D+01   0.0000D+00  -0.6028D+01   0.0000D+00
   0.5404D+00   0.0000D+00   0.9909D-01   0.0000D+00   0.1280D+00   0.0000D+00   0.2235D+00   0.0000D+00   0.4968D-01   0.0000D+00   0.0000D+00   0.0000D+00   0.5404D+00   0.0000D+00   0.9909D-01   0.0000D+00   0.1280D+00   0.0000D+00
   0.0000D+00   0.0000D+00   0.0000D+00   0.0000D+00   0.0000D+00   0.0000D+00   0.0000D+00   0.0000D+00
  -0.3692D+01   0.8948D+00  -0.5667D+01   0.5417D+00   0.4604D+00  -0.6326D+00  -0.6278D+01  -0.4273D-01  -0.3692D+01   0.8948D+00  -0.5667D+01   0.5417D+00
   0.6528D+00  -0.1594D-01   0.1204D+00  -0.6641D-02   0.1096D+00  -0.5163D-01   0.2622D+00   0.0000D+00   0.6595D-01   0.6196D-02   0.8978D-03   0.2028D-01   0.6528D+00  -0.1594D-01   0.1204D+00  -0.6641D-02   0.1096D+00  -0.5163D-01
  -0.8839D-03  -0.6078D-02  -0.3707D-02  -0.1093D-01  -0.8839D-03  -0.6078D-02  -0.3707D-02  -0.1093D-01
  1.000  2.000
  -0.4039D+01   0.0000D+00  -0.5510D+01   0.0000D+00   0.0000D+00   0.0000D+00  -0.5684D+01   0.0000D+00  -0.4039D+01   0.0000D+00  -0.5510D+01   0.0000D+00
   0.5404D+00   0.0000D+00   0.9909D-01   0.0000D+00   0.1280D+00   0.0000D+00   0.2235D+00   0.0000D+00   0.4968D-01   0.0000D+00   0.0000D+00   0.0000D+00   0.5404D+00   0.0000D+00   0.9909D-01   0.0000D+00   0.1280D+00   0.0000D+00
   0.0000D+00   0.0000D+00   0.0000D+00   0.0000D+00   0.0000D+00   0.0000D+00   0.0000D+00   0.0000D+00
  -0.3767D+01   0.7476D+00  -0.5666D+01   0.4526D+00   0.3846D+00  -0.5286D+00  -0.6206D+01  -0.3570D-01  -0.3767D+01   0.7476D+00  -0.5666D+01   0.4526D+00
   0.6437D+00  -0.1457D-01   0.1186D+00  -0.6071D-02   0.1113D+00  -0.4720D-01   0.2591D+00   0.0000D+00   0.6460D-01   0.5664D-02   0.8290D-03   0.1854D-01   0.6437D+00  -0.1457D-01   0.1186D+00  -0.6071D-02   0.1113D+00  -0.4720D-01
  -0.8079D-03  -0.5556D-02  -0.3389D-02  -0.9990D-02  -0.8079D-03  -0.5556D-02  -0.3389D-02  -0.9990D-02
  2.000  0.500
  -0.4787D+01   0.0000D+00  -0.6626D+01   0.0000D+00   0.0000D+00   0.0000D+00  -0.6787D+01   0.0000D+00  -0.4787D+01   0.0000D+00  -0.6626D+01   0.0000D+00
   0.5351D+00   0.0000D+00   0.9796D-01   0.0000D+00   0.1260D+00   0.0000D+00   0.2215D+00   0.0000D+00   0.4921D-01   0.0000D+00   0.0000D+00   0.0000D+00   0.5351D+00   0.0000D+00   0.9796D-01   0.0000D+00   0.1260D+00   0.0000D+00
   0.0000D+00   0.0000D+00   0.0000D+00   0.0000D+00   0.0000D+00   0.0000D+00   0.0000D+00   0.0000D+00
  -0.3547D+01   0.1083D+01  -0.5647D+01   0.6559D+00   0.5485D+00  -0.7634D+00  -0.6329D+01  -0.5173D-01  -0.3547D+01   0.1083D+01  -0.5647D+01   0.6559D+00
   0.6583D+00  -0.1731D-01   0.1209D+00  -0.7213D-02   0.1073D+00  -0.5653D-01   0.2639D+00   0.0000D+00   0.6707D-01   0.6767D-02   0.6260D-03   0.2215D-01   0.6583D+00  -0.1731D-01   0.1209D+00  -0.7213D-02   0.1073D+00  -0.5653D-01
  -0.9725D-03  -0.6608D-02  -0.4087D-02  -0.1192D-01  -0.9725D-03  -0.6608D-02  -0.4087D-02  -0.1192D-01
  2.000  1.000
  -0.4336D+01   0.0000D+00  -0.6001D+01   0.0000D+00   0.0000D+00   0.0000D+00  -0.6147D+01   0.0000D+00  -0.4336D+01   0.0000D+00  -0.6001D+01   0.0000D+00
   0.5351D+00   0.0000D+00   0.9796D-01   0.0000D+00   0.1260D+00   0.0000D+00   0.2215D+00   0.0000D+00   0.4921D-01   0.0000D+00   0.0000D+00   0.0000D+00   0.5351D+00   0.0000D+00   0.9796D-01   0.0000D+00   0.1260D+00   0.0000D+00
   0.0000D+00   0.0000D+00   0.0000D+00   0.0000D+00   0.0000D+00   0.0000D+00   0.0000D+00   0.0000D+00
  -0.3706D+01   0.8883D+00  -0.5738D+01   0.5381D+00   0.4498D+00  -0.6263D+00  -0.6326D+01  -0.4243D-01  -0.3706D+01   0.8883D+00  -0.5738D+01   0.5381D+00
   0.6422D+00  -0.1568D-01   0.1180D+00  -0.6534D-02   0.1076D+00  -0.5120D-01   0.2591D+00   0.0000D+00   0.6513D-01   0.6130D-02   0.5673D-03   0.2006D-01   0.6422D+00  -0.1568D-01   0.1180D+00  -0.6534D-02   0.1076D+00  -0.5120D-01
  -0.8808D-03  -0.5985D-02  -0.3702D-02  -0.1080D-01  -0.8808D-03  -0.5985D-02  -0.3702D-02  -0.1080D-01
  2.000  2.000
  -0.3963D+01   0.0000D+00  -0.5486D+01   0.0000D+00   0.0000D+00   0.0000D+00  -0.5619D+01   0.0000D+00  -0.3963D+01   0.0000D+00  -0.5486D+01   0.0000D+00
   0.5351D+00   0.0000D+00   0.9796D-01   0.0000D+00   0.1260D+00   0.0000D+00   0.2215D+00   0.0000D+00   0.4921D-01   0.0000D+00   0.0000D+00   0.0000D+00   0.5351D+00   0.0000D+00   0.9796D-01   0.0000D+00   0.1260D+00   0.0000D+00
   0.0000D+00   0.0000D+00   0.0000D+00   0.0000D+00   0.0000D+00   0.0000D+00   0.0000D+00   0.0000D+00
  -0.3767D+01   0.7422D+00  -0.5722D+01   0.4496D+00   0.3757D+00  -0.5233D+00  -0.6235D+01  -0.3545D-01  -0.3767D+01   0.7422D+00  -0.5722D+01   0.4496D+00
   0.6346D+00  -0.1433D-01   0.1166D+00  -0.5972D-02   0.1096D+00  -0.4680D-01   0.2563D+00   0.0000D+00   0.6387D-01   0.5603D-02   0.5277D-03   0.1834D-01   0.6346D+00  -0.1433D-01   0.1166D+00  -0.5972D-02   0.1096D+00  -0.4680D-01
  -0.8051D-03  -0.5471D-02  -0.3384D-02  -0.9870D-02  -0.8051D-03  -0.5471D-02  -0.3384D-02  -0.9870D-02
