 LHC=           1 sqrts=   8000.0000000000000      ang=           4 mode=fital                                                                                               scalescheme=           1 R=  0.69999999999999996     
 CT10nlo_rand5678                                                                                             343
 Bin information: chid, chiu, md, mu, mu0
   0.0000000000000000       0.50000000000000000        548.00000000000000        592.00000000000000        570.00000000000000     
 9 scales(muf, mur)*(LO(38), NLO(38))
  0.500  0.500
  -0.6646D+00   0.0000D+00  -0.5844D+00   0.0000D+00   0.0000D+00   0.0000D+00  -0.4340D+00   0.0000D+00  -0.6646D+00   0.0000D+00  -0.5844D+00   0.0000D+00
   0.5440D+00   0.0000D+00   0.9027D-01   0.0000D+00   0.1832D+00   0.0000D+00   0.1520D+00   0.0000D+00   0.3379D-01   0.0000D+00   0.0000D+00   0.0000D+00   0.5440D+00   0.0000D+00   0.9027D-01   0.0000D+00   0.1832D+00   0.0000D+00
   0.0000D+00   0.0000D+00   0.0000D+00   0.0000D+00   0.0000D+00   0.0000D+00   0.0000D+00   0.0000D+00
  -0.5068D+00   0.7792D-01  -0.5041D+00   0.4609D-01   0.4890D-01  -0.4178D-01  -0.3944D+00   0.5720D-02  -0.5068D+00   0.7792D-01  -0.5041D+00   0.4609D-01
   0.4587D+00  -0.2155D-01   0.7849D-01  -0.7150D-02   0.1039D+00  -0.4782D-01   0.1392D+00   0.0000D+00   0.3452D-01   0.3975D-02  -0.3095D-02   0.1301D-01   0.4587D+00  -0.2155D-01   0.7849D-01  -0.7150D-02   0.1039D+00  -0.4782D-01
  -0.1941D-02  -0.6302D-02  -0.3433D-02  -0.8187D-02  -0.1941D-02  -0.6302D-02  -0.3433D-02  -0.8187D-02
  0.500  1.000
  -0.6106D+00   0.0000D+00  -0.5368D+00   0.0000D+00   0.0000D+00   0.0000D+00  -0.3987D+00   0.0000D+00  -0.6106D+00   0.0000D+00  -0.5368D+00   0.0000D+00
   0.5440D+00   0.0000D+00   0.9027D-01   0.0000D+00   0.1832D+00   0.0000D+00   0.1520D+00   0.0000D+00   0.3379D-01   0.0000D+00   0.0000D+00   0.0000D+00   0.5440D+00   0.0000D+00   0.9027D-01   0.0000D+00   0.1832D+00   0.0000D+00
   0.0000D+00   0.0000D+00   0.0000D+00   0.0000D+00   0.0000D+00   0.0000D+00   0.0000D+00   0.0000D+00
  -0.5254D+00   0.6576D-01  -0.5113D+00   0.3890D-01   0.4127D-01  -0.3526D-01  -0.3967D+00   0.4828D-02  -0.5254D+00   0.6576D-01  -0.5113D+00   0.3890D-01
   0.4658D+00  -0.1980D-01   0.7948D-01  -0.6569D-02   0.1104D+00  -0.4393D-01   0.1403D+00   0.0000D+00   0.3447D-01   0.3651D-02  -0.2843D-02   0.1195D-01   0.4658D+00  -0.1980D-01   0.7948D-01  -0.6569D-02   0.1104D+00  -0.4393D-01
  -0.1783D-02  -0.5789D-02  -0.3154D-02  -0.7522D-02  -0.1783D-02  -0.5789D-02  -0.3154D-02  -0.7522D-02
  0.500  2.000
  -0.5648D+00   0.0000D+00  -0.4966D+00   0.0000D+00   0.0000D+00   0.0000D+00  -0.3688D+00   0.0000D+00  -0.5648D+00   0.0000D+00  -0.4966D+00   0.0000D+00
   0.5440D+00   0.0000D+00   0.9027D-01   0.0000D+00   0.1832D+00   0.0000D+00   0.1520D+00   0.0000D+00   0.3379D-01   0.0000D+00   0.0000D+00   0.0000D+00   0.5440D+00   0.0000D+00   0.9027D-01   0.0000D+00   0.1832D+00   0.0000D+00
   0.0000D+00   0.0000D+00   0.0000D+00   0.0000D+00   0.0000D+00   0.0000D+00   0.0000D+00   0.0000D+00
  -0.5329D+00   0.5626D-01  -0.5108D+00   0.3328D-01   0.3531D-01  -0.3017D-01  -0.3938D+00   0.4131D-02  -0.5329D+00   0.5626D-01  -0.5108D+00   0.3328D-01
   0.4717D+00  -0.1831D-01   0.8030D-01  -0.6076D-02   0.1159D+00  -0.4064D-01   0.1412D+00   0.0000D+00   0.3442D-01   0.3377D-02  -0.2630D-02   0.1105D-01   0.4717D+00  -0.1831D-01   0.8030D-01  -0.6076D-02   0.1159D+00  -0.4064D-01
  -0.1649D-02  -0.5355D-02  -0.2918D-02  -0.6958D-02  -0.1649D-02  -0.5355D-02  -0.2918D-02  -0.6958D-02
  1.000  0.500
  -0.6165D+00   0.0000D+00  -0.5429D+00   0.0000D+00   0.0000D+00   0.0000D+00  -0.4019D+00   0.0000D+00  -0.6165D+00   0.0000D+00  -0.5429D+00   0.0000D+00
   0.5045D+00   0.0000D+00   0.8384D-01   0.0000D+00   0.1697D+00   0.0000D+00   0.1409D+00   0.0000D+00   0.3131D-01   0.0000D+00   0.0000D+00   0.0000D+00   0.5045D+00   0.0000D+00   0.8384D-01   0.0000D+00   0.1697D+00   0.0000D+00
   0.0000D+00   0.0000D+00   0.0000D+00   0.0000D+00   0.0000D+00   0.0000D+00   0.0000D+00   0.0000D+00
  -0.5139D+00   0.7237D-01  -0.5077D+00   0.4277D-01   0.4545D-01  -0.3870D-01  -0.3944D+00   0.5373D-02  -0.5139D+00   0.7237D-01  -0.5077D+00   0.4277D-01
   0.4595D+00  -0.1996D-01   0.7887D-01  -0.6616D-02   0.1076D+00  -0.4440D-01   0.1384D+00   0.0000D+00   0.3427D-01   0.3682D-02  -0.2878D-02   0.1205D-01   0.4595D+00  -0.1996D-01   0.7887D-01  -0.6616D-02   0.1076D+00  -0.4440D-01
  -0.1799D-02  -0.5904D-02  -0.3196D-02  -0.7608D-02  -0.1799D-02  -0.5904D-02  -0.3196D-02  -0.7608D-02
  1.000  1.000
  -0.5664D+00   0.0000D+00  -0.4988D+00   0.0000D+00   0.0000D+00   0.0000D+00  -0.3692D+00   0.0000D+00  -0.5664D+00   0.0000D+00  -0.4988D+00   0.0000D+00
   0.5045D+00   0.0000D+00   0.8384D-01   0.0000D+00   0.1697D+00   0.0000D+00   0.1409D+00   0.0000D+00   0.3131D-01   0.0000D+00   0.0000D+00   0.0000D+00   0.5045D+00   0.0000D+00   0.8384D-01   0.0000D+00   0.1697D+00   0.0000D+00
   0.0000D+00   0.0000D+00   0.0000D+00   0.0000D+00   0.0000D+00   0.0000D+00   0.0000D+00   0.0000D+00
  -0.5243D+00   0.6108D-01  -0.5082D+00   0.3610D-01   0.3836D-01  -0.3266D-01  -0.3919D+00   0.4535D-02  -0.5243D+00   0.6108D-01  -0.5082D+00   0.3610D-01
   0.4633D+00  -0.1834D-01   0.7930D-01  -0.6078D-02   0.1127D+00  -0.4079D-01   0.1386D+00   0.0000D+00   0.3403D-01   0.3382D-02  -0.2644D-02   0.1107D-01   0.4633D+00  -0.1834D-01   0.7930D-01  -0.6078D-02   0.1127D+00  -0.4079D-01
  -0.1653D-02  -0.5424D-02  -0.2936D-02  -0.6990D-02  -0.1653D-02  -0.5424D-02  -0.2936D-02  -0.6990D-02
  1.000  2.000
  -0.5239D+00   0.0000D+00  -0.4614D+00   0.0000D+00   0.0000D+00   0.0000D+00  -0.3415D+00   0.0000D+00  -0.5239D+00   0.0000D+00  -0.4614D+00   0.0000D+00
   0.5045D+00   0.0000D+00   0.8384D-01   0.0000D+00   0.1697D+00   0.0000D+00   0.1409D+00   0.0000D+00   0.3131D-01   0.0000D+00   0.0000D+00   0.0000D+00   0.5045D+00   0.0000D+00   0.8384D-01   0.0000D+00   0.1697D+00   0.0000D+00
   0.0000D+00   0.0000D+00   0.0000D+00   0.0000D+00   0.0000D+00   0.0000D+00   0.0000D+00   0.0000D+00
  -0.5260D+00   0.5226D-01  -0.5030D+00   0.3088D-01   0.3282D-01  -0.2794D-01  -0.3857D+00   0.3880D-02  -0.5260D+00   0.5226D-01  -0.5030D+00   0.3088D-01
   0.4665D+00  -0.1696D-01   0.7966D-01  -0.5622D-02   0.1170D+00  -0.3773D-01   0.1388D+00   0.0000D+00   0.3384D-01   0.3129D-02  -0.2446D-02   0.1024D-01   0.4665D+00  -0.1696D-01   0.7966D-01  -0.5622D-02   0.1170D+00  -0.3773D-01
  -0.1529D-02  -0.5017D-02  -0.2716D-02  -0.6465D-02  -0.1529D-02  -0.5017D-02  -0.2716D-02  -0.6465D-02
  2.000  0.500
  -0.5749D+00   0.0000D+00  -0.5071D+00   0.0000D+00   0.0000D+00   0.0000D+00  -0.3739D+00   0.0000D+00  -0.5749D+00   0.0000D+00  -0.5071D+00   0.0000D+00
   0.4706D+00   0.0000D+00   0.7805D-01   0.0000D+00   0.1581D+00   0.0000D+00   0.1309D+00   0.0000D+00   0.2909D-01   0.0000D+00   0.0000D+00   0.0000D+00   0.4706D+00   0.0000D+00   0.7805D-01   0.0000D+00   0.1581D+00   0.0000D+00
   0.0000D+00   0.0000D+00   0.0000D+00   0.0000D+00   0.0000D+00   0.0000D+00   0.0000D+00   0.0000D+00
  -0.5248D+00   0.6767D-01  -0.5132D+00   0.3988D-01   0.4170D-01  -0.3598D-01  -0.3996D+00   0.5092D-02  -0.5248D+00   0.6767D-01  -0.5132D+00   0.3988D-01
   0.4648D+00  -0.1859D-01   0.7911D-01  -0.6167D-02   0.1125D+00  -0.4128D-01   0.1391D+00   0.0000D+00   0.3411D-01   0.3420D-02  -0.2748D-02   0.1119D-01   0.4648D+00  -0.1859D-01   0.7911D-01  -0.6167D-02   0.1125D+00  -0.4128D-01
  -0.1681D-02  -0.5483D-02  -0.2980D-02  -0.7074D-02  -0.1681D-02  -0.5483D-02  -0.2980D-02  -0.7074D-02
  2.000  1.000
  -0.5282D+00   0.0000D+00  -0.4658D+00   0.0000D+00   0.0000D+00   0.0000D+00  -0.3435D+00   0.0000D+00  -0.5282D+00   0.0000D+00  -0.4658D+00   0.0000D+00
   0.4706D+00   0.0000D+00   0.7805D-01   0.0000D+00   0.1581D+00   0.0000D+00   0.1309D+00   0.0000D+00   0.2909D-01   0.0000D+00   0.0000D+00   0.0000D+00   0.4706D+00   0.0000D+00   0.7805D-01   0.0000D+00   0.1581D+00   0.0000D+00
   0.0000D+00   0.0000D+00   0.0000D+00   0.0000D+00   0.0000D+00   0.0000D+00   0.0000D+00   0.0000D+00
  -0.5274D+00   0.5711D-01  -0.5076D+00   0.3366D-01   0.3519D-01  -0.3037D-01  -0.3922D+00   0.4298D-02  -0.5274D+00   0.5711D-01  -0.5076D+00   0.3366D-01
   0.4654D+00  -0.1708D-01   0.7904D-01  -0.5666D-02   0.1162D+00  -0.3792D-01   0.1385D+00   0.0000D+00   0.3371D-01   0.3142D-02  -0.2524D-02   0.1028D-01   0.4654D+00  -0.1708D-01   0.7904D-01  -0.5666D-02   0.1162D+00  -0.3792D-01
  -0.1545D-02  -0.5037D-02  -0.2738D-02  -0.6499D-02  -0.1545D-02  -0.5037D-02  -0.2738D-02  -0.6499D-02
  2.000  2.000
  -0.4886D+00   0.0000D+00  -0.4309D+00   0.0000D+00   0.0000D+00   0.0000D+00  -0.3178D+00   0.0000D+00  -0.4886D+00   0.0000D+00  -0.4309D+00   0.0000D+00
   0.4706D+00   0.0000D+00   0.7805D-01   0.0000D+00   0.1581D+00   0.0000D+00   0.1309D+00   0.0000D+00   0.2909D-01   0.0000D+00   0.0000D+00   0.0000D+00   0.4706D+00   0.0000D+00   0.7805D-01   0.0000D+00   0.1581D+00   0.0000D+00
   0.0000D+00   0.0000D+00   0.0000D+00   0.0000D+00   0.0000D+00   0.0000D+00   0.0000D+00   0.0000D+00
  -0.5234D+00   0.4886D-01  -0.4979D+00   0.2880D-01   0.3011D-01  -0.2598D-01  -0.3825D+00   0.3677D-02  -0.5234D+00   0.4886D-01  -0.4979D+00   0.2880D-01
   0.4659D+00  -0.1580D-01   0.7899D-01  -0.5241D-02   0.1194D+00  -0.3508D-01   0.1379D+00   0.0000D+00   0.3337D-01   0.2906D-02  -0.2335D-02   0.9511D-02   0.4659D+00  -0.1580D-01   0.7899D-01  -0.5241D-02   0.1194D+00  -0.3508D-01
  -0.1429D-02  -0.4659D-02  -0.2533D-02  -0.6012D-02  -0.1429D-02  -0.4659D-02  -0.2533D-02  -0.6012D-02
