 LHC=           1 sqrts=   8000.0000000000000      ang=           4 mode=fital                                                                                               scalescheme=           1 R=  0.69999999999999996     
 CT10nlo_rand5678                                                                                             343
 Bin information: chid, chiu, md, mu, mu0
   0.0000000000000000       0.50000000000000000        1588.0000000000000        1784.0000000000000        1686.0000000000000     
 9 scales(muf, mur)*(LO(38), NLO(38))
  0.500  0.500
  -0.1757D-01   0.0000D+00  -0.1082D-01   0.0000D+00   0.0000D+00   0.0000D+00  -0.4737D-02   0.0000D+00  -0.1757D-01   0.0000D+00  -0.1082D-01   0.0000D+00
   0.9838D-01   0.0000D+00   0.1438D-01   0.0000D+00   0.4492D-01   0.0000D+00   0.1405D-01   0.0000D+00   0.3121D-02   0.0000D+00   0.0000D+00   0.0000D+00   0.9838D-01   0.0000D+00   0.1438D-01   0.0000D+00   0.4492D-01   0.0000D+00
   0.0000D+00   0.0000D+00   0.0000D+00   0.0000D+00   0.0000D+00   0.0000D+00   0.0000D+00   0.0000D+00
  -0.1523D-01   0.1209D-02  -0.9710D-02   0.7080D-03   0.4890D-03  -0.4008D-03  -0.4159D-02   0.2642D-03  -0.1523D-01   0.1209D-02  -0.9710D-02   0.7080D-03
   0.7333D-01  -0.4645D-02   0.1089D-01  -0.1295D-02   0.2741D-01  -0.7372D-02   0.1173D-01   0.0000D+00   0.2895D-02   0.3227D-03  -0.6088D-03   0.1056D-02   0.7333D-01  -0.4645D-02   0.1089D-01  -0.1295D-02   0.2741D-01  -0.7372D-02
  -0.4990D-03  -0.1174D-02  -0.4588D-03  -0.9500D-03  -0.4990D-03  -0.1174D-02  -0.4588D-03  -0.9500D-03
  0.500  1.000
  -0.1631D-01   0.0000D+00  -0.1005D-01   0.0000D+00   0.0000D+00   0.0000D+00  -0.4396D-02   0.0000D+00  -0.1631D-01   0.0000D+00  -0.1005D-01   0.0000D+00
   0.9838D-01   0.0000D+00   0.1438D-01   0.0000D+00   0.4492D-01   0.0000D+00   0.1405D-01   0.0000D+00   0.3121D-02   0.0000D+00   0.0000D+00   0.0000D+00   0.9838D-01   0.0000D+00   0.1438D-01   0.0000D+00   0.4492D-01   0.0000D+00
   0.0000D+00   0.0000D+00   0.0000D+00   0.0000D+00   0.0000D+00   0.0000D+00   0.0000D+00   0.0000D+00
  -0.1543D-01   0.1041D-02  -0.9785D-02   0.6098D-03   0.4212D-03  -0.3452D-03  -0.4205D-02   0.2275D-03  -0.1543D-01   0.1041D-02  -0.9785D-02   0.6098D-03
   0.7514D-01  -0.4311D-02   0.1114D-01  -0.1202D-02   0.2868D-01  -0.6842D-02   0.1189D-01   0.0000D+00   0.2911D-02   0.2995D-03  -0.5650D-03   0.9801D-03   0.7514D-01  -0.4311D-02   0.1114D-01  -0.1202D-02   0.2868D-01  -0.6842D-02
  -0.4631D-03  -0.1089D-02  -0.4258D-03  -0.8816D-03  -0.4631D-03  -0.1089D-02  -0.4258D-03  -0.8816D-03
  0.500  2.000
  -0.1521D-01   0.0000D+00  -0.9373D-02   0.0000D+00   0.0000D+00   0.0000D+00  -0.4102D-02   0.0000D+00  -0.1521D-01   0.0000D+00  -0.9373D-02   0.0000D+00
   0.9838D-01   0.0000D+00   0.1438D-01   0.0000D+00   0.4492D-01   0.0000D+00   0.1405D-01   0.0000D+00   0.3121D-02   0.0000D+00   0.0000D+00   0.0000D+00   0.9838D-01   0.0000D+00   0.1438D-01   0.0000D+00   0.4492D-01   0.0000D+00
   0.0000D+00   0.0000D+00   0.0000D+00   0.0000D+00   0.0000D+00   0.0000D+00   0.0000D+00   0.0000D+00
  -0.1544D-01   0.9064D-03  -0.9756D-02   0.5309D-03   0.3667D-03  -0.3005D-03  -0.4202D-02   0.1981D-03  -0.1544D-01   0.9064D-03  -0.9756D-02   0.5309D-03
   0.7670D-01  -0.4022D-02   0.1136D-01  -0.1121D-02   0.2977D-01  -0.6384D-02   0.1204D-01   0.0000D+00   0.2926D-02   0.2794D-03  -0.5272D-03   0.9145D-03   0.7670D-01  -0.4022D-02   0.1136D-01  -0.1121D-02   0.2977D-01  -0.6384D-02
  -0.4321D-03  -0.1017D-02  -0.3973D-03  -0.8226D-03  -0.4321D-03  -0.1017D-02  -0.3973D-03  -0.8226D-03
  1.000  0.500
  -0.1501D-01   0.0000D+00  -0.9217D-02   0.0000D+00   0.0000D+00   0.0000D+00  -0.4034D-02   0.0000D+00  -0.1501D-01   0.0000D+00  -0.9217D-02   0.0000D+00
   0.8385D-01   0.0000D+00   0.1224D-01   0.0000D+00   0.3834D-01   0.0000D+00   0.1196D-01   0.0000D+00   0.2659D-02   0.0000D+00   0.0000D+00   0.0000D+00   0.8385D-01   0.0000D+00   0.1224D-01   0.0000D+00   0.3834D-01   0.0000D+00
   0.0000D+00   0.0000D+00   0.0000D+00   0.0000D+00   0.0000D+00   0.0000D+00   0.0000D+00   0.0000D+00
  -0.1537D-01   0.1029D-02  -0.9742D-02   0.6039D-03   0.4130D-03  -0.3410D-03  -0.4192D-02   0.2248D-03  -0.1537D-01   0.1029D-02  -0.9742D-02   0.6039D-03
   0.7589D-01  -0.3963D-02   0.1123D-01  -0.1104D-02   0.2946D-01  -0.6286D-02   0.1190D-01   0.0000D+00   0.2891D-02   0.2749D-03  -0.5186D-03   0.8995D-03   0.7589D-01  -0.3963D-02   0.1123D-01  -0.1104D-02   0.2946D-01  -0.6286D-02
  -0.4266D-03  -0.1002D-02  -0.3906D-03  -0.8088D-03  -0.4266D-03  -0.1002D-02  -0.3906D-03  -0.8088D-03
  1.000  1.000
  -0.1393D-01   0.0000D+00  -0.8554D-02   0.0000D+00   0.0000D+00   0.0000D+00  -0.3744D-02   0.0000D+00  -0.1393D-01   0.0000D+00  -0.8554D-02   0.0000D+00
   0.8385D-01   0.0000D+00   0.1224D-01   0.0000D+00   0.3834D-01   0.0000D+00   0.1196D-01   0.0000D+00   0.2659D-02   0.0000D+00   0.0000D+00   0.0000D+00   0.8385D-01   0.0000D+00   0.1224D-01   0.0000D+00   0.3834D-01   0.0000D+00
   0.0000D+00   0.0000D+00   0.0000D+00   0.0000D+00   0.0000D+00   0.0000D+00   0.0000D+00   0.0000D+00
  -0.1521D-01   0.8863D-03  -0.9602D-02   0.5201D-03   0.3557D-03  -0.2937D-03  -0.4141D-02   0.1937D-03  -0.1521D-01   0.8863D-03  -0.9602D-02   0.5201D-03
   0.7647D-01  -0.3678D-02   0.1130D-01  -0.1025D-02   0.3010D-01  -0.5834D-02   0.1190D-01   0.0000D+00   0.2874D-02   0.2551D-03  -0.4813D-03   0.8348D-03   0.7647D-01  -0.3678D-02   0.1130D-01  -0.1025D-02   0.3010D-01  -0.5834D-02
  -0.3959D-03  -0.9296D-03  -0.3625D-03  -0.7506D-03  -0.3959D-03  -0.9296D-03  -0.3625D-03  -0.7506D-03
  1.000  2.000
  -0.1300D-01   0.0000D+00  -0.7981D-02   0.0000D+00   0.0000D+00   0.0000D+00  -0.3493D-02   0.0000D+00  -0.1300D-01   0.0000D+00  -0.7981D-02   0.0000D+00
   0.8385D-01   0.0000D+00   0.1224D-01   0.0000D+00   0.3834D-01   0.0000D+00   0.1196D-01   0.0000D+00   0.2659D-02   0.0000D+00   0.0000D+00   0.0000D+00   0.8385D-01   0.0000D+00   0.1224D-01   0.0000D+00   0.3834D-01   0.0000D+00
   0.0000D+00   0.0000D+00   0.0000D+00   0.0000D+00   0.0000D+00   0.0000D+00   0.0000D+00   0.0000D+00
  -0.1496D-01   0.7715D-03  -0.9412D-02   0.4528D-03   0.3097D-03  -0.2557D-03  -0.4066D-02   0.1686D-03  -0.1496D-01   0.7715D-03  -0.9412D-02   0.4528D-03
   0.7697D-01  -0.3432D-02   0.1137D-01  -0.9562D-03   0.3065D-01  -0.5443D-02   0.1191D-01   0.0000D+00   0.2860D-02   0.2380D-03  -0.4491D-03   0.7790D-03   0.7697D-01  -0.3432D-02   0.1137D-01  -0.9562D-03   0.3065D-01  -0.5443D-02
  -0.3694D-03  -0.8673D-03  -0.3382D-03  -0.7004D-03  -0.3694D-03  -0.8673D-03  -0.3382D-03  -0.7004D-03
  2.000  0.500
  -0.1294D-01   0.0000D+00  -0.7936D-02   0.0000D+00   0.0000D+00   0.0000D+00  -0.3469D-02   0.0000D+00  -0.1294D-01   0.0000D+00  -0.7936D-02   0.0000D+00
   0.7218D-01   0.0000D+00   0.1053D-01   0.0000D+00   0.3305D-01   0.0000D+00   0.1030D-01   0.0000D+00   0.2289D-02   0.0000D+00   0.0000D+00   0.0000D+00   0.7218D-01   0.0000D+00   0.1053D-01   0.0000D+00   0.3305D-01   0.0000D+00
   0.0000D+00   0.0000D+00   0.0000D+00   0.0000D+00   0.0000D+00   0.0000D+00   0.0000D+00   0.0000D+00
  -0.1533D-01   0.8856D-03  -0.9679D-02   0.5200D-03   0.3563D-03  -0.2936D-03  -0.4168D-02   0.1934D-03  -0.1533D-01   0.8856D-03  -0.9679D-02   0.5200D-03
   0.7701D-01  -0.3418D-02   0.1136D-01  -0.9515D-03   0.3073D-01  -0.5409D-02   0.1192D-01   0.0000D+00   0.2859D-02   0.2366D-03  -0.4438D-03   0.7743D-03   0.7701D-01  -0.3418D-02   0.1136D-01  -0.9515D-03   0.3073D-01  -0.5409D-02
  -0.3679D-03  -0.8635D-03  -0.3362D-03  -0.6951D-03  -0.3679D-03  -0.8635D-03  -0.3362D-03  -0.6951D-03
  2.000  1.000
  -0.1201D-01   0.0000D+00  -0.7365D-02   0.0000D+00   0.0000D+00   0.0000D+00  -0.3220D-02   0.0000D+00  -0.1201D-01   0.0000D+00  -0.7365D-02   0.0000D+00
   0.7218D-01   0.0000D+00   0.1053D-01   0.0000D+00   0.3305D-01   0.0000D+00   0.1030D-01   0.0000D+00   0.2289D-02   0.0000D+00   0.0000D+00   0.0000D+00   0.7218D-01   0.0000D+00   0.1053D-01   0.0000D+00   0.3305D-01   0.0000D+00
   0.0000D+00   0.0000D+00   0.0000D+00   0.0000D+00   0.0000D+00   0.0000D+00   0.0000D+00   0.0000D+00
  -0.1491D-01   0.7627D-03  -0.9379D-02   0.4479D-03   0.3069D-03  -0.2529D-03  -0.4046D-02   0.1666D-03  -0.1491D-01   0.7627D-03  -0.9379D-02   0.4479D-03
   0.7667D-01  -0.3172D-02   0.1130D-01  -0.8830D-03   0.3090D-01  -0.5020D-02   0.1180D-01   0.0000D+00   0.2818D-02   0.2196D-03  -0.4119D-03   0.7186D-03   0.7667D-01  -0.3172D-02   0.1130D-01  -0.8830D-03   0.3090D-01  -0.5020D-02
  -0.3414D-03  -0.8014D-03  -0.3120D-03  -0.6451D-03  -0.3414D-03  -0.8014D-03  -0.3120D-03  -0.6451D-03
  2.000  2.000
  -0.1120D-01   0.0000D+00  -0.6872D-02   0.0000D+00   0.0000D+00   0.0000D+00  -0.3004D-02   0.0000D+00  -0.1120D-01   0.0000D+00  -0.6872D-02   0.0000D+00
   0.7218D-01   0.0000D+00   0.1053D-01   0.0000D+00   0.3305D-01   0.0000D+00   0.1030D-01   0.0000D+00   0.2289D-02   0.0000D+00   0.0000D+00   0.0000D+00   0.7218D-01   0.0000D+00   0.1053D-01   0.0000D+00   0.3305D-01   0.0000D+00
   0.0000D+00   0.0000D+00   0.0000D+00   0.0000D+00   0.0000D+00   0.0000D+00   0.0000D+00   0.0000D+00
  -0.1445D-01   0.6640D-03  -0.9072D-02   0.3899D-03   0.2672D-03  -0.2202D-03  -0.3919D-02   0.1450D-03  -0.1445D-01   0.6640D-03  -0.9072D-02   0.3899D-03
   0.7637D-01  -0.2960D-02   0.1125D-01  -0.8239D-03   0.3105D-01  -0.4684D-02   0.1170D-01   0.0000D+00   0.2783D-02   0.2049D-03  -0.3844D-03   0.6705D-03   0.7637D-01  -0.2960D-02   0.1125D-01  -0.8239D-03   0.3105D-01  -0.4684D-02
  -0.3186D-03  -0.7477D-03  -0.2911D-03  -0.6019D-03  -0.3186D-03  -0.7477D-03  -0.2911D-03  -0.6019D-03
