 LHC=           1 sqrts=   8000.0000000000000      ang=           4 mode=fital                                                                                               scalescheme=           1 R=  0.69999999999999996     
 CT10nlo_rand5678                                                                                             289
 Bin information: chid, chiu, md, mu, mu0
   0.0000000000000000       0.50000000000000000        2250.0000000000000        2500.0000000000000        2375.0000000000000     
 9 scales(muf, mur)*(LO(38), NLO(38))
  0.500  0.500
  -0.4136D-03   0.0000D+00  -0.2613D-03   0.0000D+00   0.0000D+00   0.0000D+00  -0.9966D-04   0.0000D+00  -0.4136D-03   0.0000D+00  -0.2613D-03   0.0000D+00
   0.4673D-02   0.0000D+00   0.6829D-03   0.0000D+00   0.2134D-02   0.0000D+00   0.5601D-03   0.0000D+00   0.1245D-03   0.0000D+00   0.0000D+00   0.0000D+00   0.4673D-02   0.0000D+00   0.6829D-03   0.0000D+00   0.2134D-02   0.0000D+00
   0.0000D+00   0.0000D+00   0.0000D+00   0.0000D+00   0.0000D+00   0.0000D+00   0.0000D+00   0.0000D+00
  -0.3878D-03   0.2786D-04  -0.2482D-03   0.1565D-04   0.6737D-05  -0.8125D-05  -0.8992D-04   0.6876D-05  -0.3878D-03   0.2786D-04  -0.2482D-03   0.1565D-04
   0.3687D-02  -0.2126D-03   0.5426D-03  -0.5925D-04   0.1430D-02  -0.3374D-03   0.4831D-03   0.0000D+00   0.1183D-03   0.1240D-04  -0.2207D-04   0.4058D-04   0.3687D-02  -0.2126D-03   0.5426D-03  -0.5925D-04   0.1430D-02  -0.3374D-03
  -0.2360D-04  -0.5283D-04  -0.2078D-04  -0.4145D-04  -0.2360D-04  -0.5283D-04  -0.2078D-04  -0.4145D-04
  0.500  1.000
  -0.3848D-03   0.0000D+00  -0.2432D-03   0.0000D+00   0.0000D+00   0.0000D+00  -0.9274D-04   0.0000D+00  -0.3848D-03   0.0000D+00  -0.2432D-03   0.0000D+00
   0.4673D-02   0.0000D+00   0.6829D-03   0.0000D+00   0.2134D-02   0.0000D+00   0.5601D-03   0.0000D+00   0.1245D-03   0.0000D+00   0.0000D+00   0.0000D+00   0.4673D-02   0.0000D+00   0.6829D-03   0.0000D+00   0.2134D-02   0.0000D+00
   0.0000D+00   0.0000D+00   0.0000D+00   0.0000D+00   0.0000D+00   0.0000D+00   0.0000D+00   0.0000D+00
  -0.3884D-03   0.2412D-04  -0.2482D-03   0.1355D-04   0.5835D-05  -0.7036D-05  -0.9055D-04   0.5955D-05  -0.3884D-03   0.2412D-04  -0.2482D-03   0.1355D-04
   0.3755D-02  -0.1978D-03   0.5523D-03  -0.5513D-04   0.1479D-02  -0.3140D-03   0.4884D-03   0.0000D+00   0.1188D-03   0.1154D-04  -0.2054D-04   0.3776D-04   0.3755D-02  -0.1978D-03   0.5523D-03  -0.5513D-04   0.1479D-02  -0.3140D-03
  -0.2196D-04  -0.4916D-04  -0.1934D-04  -0.3858D-04  -0.2196D-04  -0.4916D-04  -0.1934D-04  -0.3858D-04
  0.500  2.000
  -0.3599D-03   0.0000D+00  -0.2274D-03   0.0000D+00   0.0000D+00   0.0000D+00  -0.8673D-04   0.0000D+00  -0.3599D-03   0.0000D+00  -0.2274D-03   0.0000D+00
   0.4673D-02   0.0000D+00   0.6829D-03   0.0000D+00   0.2134D-02   0.0000D+00   0.5601D-03   0.0000D+00   0.1245D-03   0.0000D+00   0.0000D+00   0.0000D+00   0.4673D-02   0.0000D+00   0.6829D-03   0.0000D+00   0.2134D-02   0.0000D+00
   0.0000D+00   0.0000D+00   0.0000D+00   0.0000D+00   0.0000D+00   0.0000D+00   0.0000D+00   0.0000D+00
  -0.3857D-03   0.2110D-04  -0.2461D-03   0.1185D-04   0.5104D-05  -0.6154D-05  -0.9027D-04   0.5208D-05  -0.3857D-03   0.2110D-04  -0.2461D-03   0.1185D-04
   0.3815D-02  -0.1850D-03   0.5608D-03  -0.5156D-04   0.1522D-02  -0.2937D-03   0.4931D-03   0.0000D+00   0.1191D-03   0.1079D-04  -0.1921D-04   0.3531D-04   0.3815D-02  -0.1850D-03   0.5608D-03  -0.5156D-04   0.1522D-02  -0.2937D-03
  -0.2054D-04  -0.4598D-04  -0.1809D-04  -0.3608D-04  -0.2054D-04  -0.4598D-04  -0.1809D-04  -0.3608D-04
  1.000  0.500
  -0.3359D-03   0.0000D+00  -0.2127D-03   0.0000D+00   0.0000D+00   0.0000D+00  -0.8115D-04   0.0000D+00  -0.3359D-03   0.0000D+00  -0.2127D-03   0.0000D+00
   0.3801D-02   0.0000D+00   0.5560D-03   0.0000D+00   0.1733D-02   0.0000D+00   0.4560D-03   0.0000D+00   0.1013D-03   0.0000D+00   0.0000D+00   0.0000D+00   0.3801D-02   0.0000D+00   0.5560D-03   0.0000D+00   0.1733D-02   0.0000D+00
   0.0000D+00   0.0000D+00   0.0000D+00   0.0000D+00   0.0000D+00   0.0000D+00   0.0000D+00   0.0000D+00
  -0.3843D-03   0.2267D-04  -0.2458D-03   0.1273D-04   0.5429D-05  -0.6616D-05  -0.8997D-04   0.5595D-05  -0.3843D-03   0.2267D-04  -0.2458D-03   0.1273D-04
   0.3782D-02  -0.1726D-03   0.5562D-03  -0.4818D-04   0.1520D-02  -0.2747D-03   0.4869D-03   0.0000D+00   0.1171D-03   0.1010D-04  -0.1770D-04   0.3305D-04   0.3782D-02  -0.1726D-03   0.5562D-03  -0.4818D-04   0.1520D-02  -0.2747D-03
  -0.1918D-04  -0.4287D-04  -0.1691D-04  -0.3378D-04  -0.1918D-04  -0.4287D-04  -0.1691D-04  -0.3378D-04
  1.000  1.000
  -0.3126D-03   0.0000D+00  -0.1980D-03   0.0000D+00   0.0000D+00   0.0000D+00  -0.7552D-04   0.0000D+00  -0.3126D-03   0.0000D+00  -0.1980D-03   0.0000D+00
   0.3801D-02   0.0000D+00   0.5560D-03   0.0000D+00   0.1733D-02   0.0000D+00   0.4560D-03   0.0000D+00   0.1013D-03   0.0000D+00   0.0000D+00   0.0000D+00   0.3801D-02   0.0000D+00   0.5560D-03   0.0000D+00   0.1733D-02   0.0000D+00
   0.0000D+00   0.0000D+00   0.0000D+00   0.0000D+00   0.0000D+00   0.0000D+00   0.0000D+00   0.0000D+00
  -0.3755D-03   0.1964D-04  -0.2399D-03   0.1102D-04   0.4702D-05  -0.5729D-05  -0.8823D-04   0.4845D-05  -0.3755D-03   0.1964D-04  -0.2399D-03   0.1102D-04
   0.3784D-02  -0.1606D-03   0.5562D-03  -0.4483D-04   0.1535D-02  -0.2556D-03   0.4847D-03   0.0000D+00   0.1160D-03   0.9396D-05  -0.1647D-04   0.3075D-04   0.3784D-02  -0.1606D-03   0.5562D-03  -0.4483D-04   0.1535D-02  -0.2556D-03
  -0.1785D-04  -0.3990D-04  -0.1574D-04  -0.3143D-04  -0.1785D-04  -0.3990D-04  -0.1574D-04  -0.3143D-04
  1.000  2.000
  -0.2923D-03   0.0000D+00  -0.1851D-03   0.0000D+00   0.0000D+00   0.0000D+00  -0.7062D-04   0.0000D+00  -0.2923D-03   0.0000D+00  -0.1851D-03   0.0000D+00
   0.3801D-02   0.0000D+00   0.5560D-03   0.0000D+00   0.1733D-02   0.0000D+00   0.4560D-03   0.0000D+00   0.1013D-03   0.0000D+00   0.0000D+00   0.0000D+00   0.3801D-02   0.0000D+00   0.5560D-03   0.0000D+00   0.1733D-02   0.0000D+00
   0.0000D+00   0.0000D+00   0.0000D+00   0.0000D+00   0.0000D+00   0.0000D+00   0.0000D+00   0.0000D+00
  -0.3657D-03   0.1717D-04  -0.2335D-03   0.9643D-05   0.4113D-05  -0.5011D-05  -0.8619D-04   0.4238D-05  -0.3657D-03   0.1717D-04  -0.2335D-03   0.9643D-05
   0.3785D-02  -0.1502D-03   0.5562D-03  -0.4193D-04   0.1548D-02  -0.2391D-03   0.4829D-03   0.0000D+00   0.1151D-03   0.8788D-05  -0.1541D-04   0.2876D-04   0.3785D-02  -0.1502D-03   0.5562D-03  -0.4193D-04   0.1548D-02  -0.2391D-03
  -0.1669D-04  -0.3731D-04  -0.1472D-04  -0.2940D-04  -0.1669D-04  -0.3731D-04  -0.1472D-04  -0.2940D-04
  2.000  0.500
  -0.2766D-03   0.0000D+00  -0.1755D-03   0.0000D+00   0.0000D+00   0.0000D+00  -0.6697D-04   0.0000D+00  -0.2766D-03   0.0000D+00  -0.1755D-03   0.0000D+00
   0.3136D-02   0.0000D+00   0.4590D-03   0.0000D+00   0.1428D-02   0.0000D+00   0.3764D-03   0.0000D+00   0.8365D-04   0.0000D+00   0.0000D+00   0.0000D+00   0.3136D-02   0.0000D+00   0.4590D-03   0.0000D+00   0.1428D-02   0.0000D+00
   0.0000D+00   0.0000D+00   0.0000D+00   0.0000D+00   0.0000D+00   0.0000D+00   0.0000D+00   0.0000D+00
  -0.3747D-03   0.1871D-04  -0.2392D-03   0.1049D-04   0.4451D-05  -0.5454D-05  -0.8815D-04   0.4618D-05  -0.3747D-03   0.1871D-04  -0.2392D-03   0.1049D-04
   0.3774D-02  -0.1422D-03   0.5543D-03  -0.3972D-04   0.1552D-02  -0.2267D-03   0.4799D-03   0.0000D+00   0.1140D-03   0.8335D-05  -0.1459D-04   0.2728D-04   0.3774D-02  -0.1422D-03   0.5543D-03  -0.3972D-04   0.1552D-02  -0.2267D-03
  -0.1580D-04  -0.3534D-04  -0.1396D-04  -0.2785D-04  -0.1580D-04  -0.3534D-04  -0.1396D-04  -0.2785D-04
  2.000  1.000
  -0.2574D-03   0.0000D+00  -0.1633D-03   0.0000D+00   0.0000D+00   0.0000D+00  -0.6232D-04   0.0000D+00  -0.2574D-03   0.0000D+00  -0.1633D-03   0.0000D+00
   0.3136D-02   0.0000D+00   0.4590D-03   0.0000D+00   0.1428D-02   0.0000D+00   0.3764D-03   0.0000D+00   0.8365D-04   0.0000D+00   0.0000D+00   0.0000D+00   0.3136D-02   0.0000D+00   0.4590D-03   0.0000D+00   0.1428D-02   0.0000D+00
   0.0000D+00   0.0000D+00   0.0000D+00   0.0000D+00   0.0000D+00   0.0000D+00   0.0000D+00   0.0000D+00
  -0.3597D-03   0.1620D-04  -0.2295D-03   0.9086D-05   0.3855D-05  -0.4723D-05  -0.8486D-04   0.3999D-05  -0.3597D-03   0.1620D-04  -0.2295D-03   0.9086D-05
   0.3730D-02  -0.1324D-03   0.5477D-03  -0.3697D-04   0.1543D-02  -0.2109D-03   0.4728D-03   0.0000D+00   0.1119D-03   0.7756D-05  -0.1358D-04   0.2538D-04   0.3730D-02  -0.1324D-03   0.5477D-03  -0.3697D-04   0.1543D-02  -0.2109D-03
  -0.1470D-04  -0.3289D-04  -0.1299D-04  -0.2591D-04  -0.1470D-04  -0.3289D-04  -0.1299D-04  -0.2591D-04
  2.000  2.000
  -0.2407D-03   0.0000D+00  -0.1527D-03   0.0000D+00   0.0000D+00   0.0000D+00  -0.5829D-04   0.0000D+00  -0.2407D-03   0.0000D+00  -0.1527D-03   0.0000D+00
   0.3136D-02   0.0000D+00   0.4590D-03   0.0000D+00   0.1428D-02   0.0000D+00   0.3764D-03   0.0000D+00   0.8365D-04   0.0000D+00   0.0000D+00   0.0000D+00   0.3136D-02   0.0000D+00   0.4590D-03   0.0000D+00   0.1428D-02   0.0000D+00
   0.0000D+00   0.0000D+00   0.0000D+00   0.0000D+00   0.0000D+00   0.0000D+00   0.0000D+00   0.0000D+00
  -0.3453D-03   0.1417D-04  -0.2202D-03   0.7947D-05   0.3372D-05  -0.4131D-05  -0.8166D-04   0.3498D-05  -0.3453D-03   0.1417D-04  -0.2202D-03   0.7947D-05
   0.3692D-02  -0.1238D-03   0.5420D-03  -0.3457D-04   0.1536D-02  -0.1973D-03   0.4665D-03   0.0000D+00   0.1101D-03   0.7254D-05  -0.1270D-04   0.2374D-04   0.3692D-02  -0.1238D-03   0.5420D-03  -0.3457D-04   0.1536D-02  -0.1973D-03
  -0.1375D-04  -0.3076D-04  -0.1215D-04  -0.2423D-04  -0.1375D-04  -0.3076D-04  -0.1215D-04  -0.2423D-04
