 LHC=           1 sqrts=   8000.0000000000000      ang=           4 mode=fital                                                                                               scalescheme=           1 R=  0.69999999999999996     
 CT10nlo_rand5678                                                                                             158
 Bin information: chid, chiu, md, mu, mu0
   0.0000000000000000       0.50000000000000000        330.00000000000000        362.00000000000000        346.00000000000000     
 9 scales(muf, mur)*(LO(38), NLO(38))
  0.500  0.500
  -0.1741D+01   0.0000D+00  -0.1940D+01   0.0000D+00   0.0000D+00   0.0000D+00  -0.1783D+01   0.0000D+00  -0.1741D+01   0.0000D+00  -0.1940D+01   0.0000D+00
   0.6189D+00   0.0000D+00   0.1088D+00   0.0000D+00   0.1710D+00   0.0000D+00   0.2228D+00   0.0000D+00   0.4950D-01   0.0000D+00   0.0000D+00   0.0000D+00   0.6189D+00   0.0000D+00   0.1088D+00   0.0000D+00   0.1710D+00   0.0000D+00
   0.0000D+00   0.0000D+00   0.0000D+00   0.0000D+00   0.0000D+00   0.0000D+00   0.0000D+00   0.0000D+00
  -0.1266D+01   0.2853D+00  -0.1668D+01   0.1711D+00   0.1624D+00  -0.1834D+00  -0.1647D+01  -0.4645D-03  -0.1266D+01   0.2853D+00  -0.1668D+01   0.1711D+00
   0.6029D+00  -0.2149D-01   0.1085D+00  -0.8041D-02   0.1090D+00  -0.5876D-01   0.2235D+00   0.0000D+00   0.5609D-01   0.6221D-02  -0.1895D-02   0.2036D-01   0.6029D+00  -0.2149D-01   0.1085D+00  -0.8041D-02   0.1090D+00  -0.5876D-01
  -0.1625D-02  -0.7198D-02  -0.4412D-02  -0.1153D-01  -0.1625D-02  -0.7198D-02  -0.4412D-02  -0.1153D-01
  0.500  1.000
  -0.1590D+01   0.0000D+00  -0.1772D+01   0.0000D+00   0.0000D+00   0.0000D+00  -0.1629D+01   0.0000D+00  -0.1590D+01   0.0000D+00  -0.1772D+01   0.0000D+00
   0.6189D+00   0.0000D+00   0.1088D+00   0.0000D+00   0.1710D+00   0.0000D+00   0.2228D+00   0.0000D+00   0.4950D-01   0.0000D+00   0.0000D+00   0.0000D+00   0.6189D+00   0.0000D+00   0.1088D+00   0.0000D+00   0.1710D+00   0.0000D+00
   0.0000D+00   0.0000D+00   0.0000D+00   0.0000D+00   0.0000D+00   0.0000D+00   0.0000D+00   0.0000D+00
  -0.1327D+01   0.2380D+00  -0.1693D+01   0.1427D+00   0.1355D+00  -0.1530D+00  -0.1651D+01  -0.3871D-03  -0.1327D+01   0.2380D+00  -0.1693D+01   0.1427D+00
   0.6047D+00  -0.1963D-01   0.1086D+00  -0.7344D-02   0.1145D+00  -0.5367D-01   0.2235D+00   0.0000D+00   0.5554D-01   0.5682D-02  -0.1728D-02   0.1860D-01   0.6047D+00  -0.1963D-01   0.1086D+00  -0.7344D-02   0.1145D+00  -0.5367D-01
  -0.1484D-02  -0.6574D-02  -0.4030D-02  -0.1053D-01  -0.1484D-02  -0.6574D-02  -0.4030D-02  -0.1053D-01
  0.500  2.000
  -0.1464D+01   0.0000D+00  -0.1631D+01   0.0000D+00   0.0000D+00   0.0000D+00  -0.1499D+01   0.0000D+00  -0.1464D+01   0.0000D+00  -0.1631D+01   0.0000D+00
   0.6189D+00   0.0000D+00   0.1088D+00   0.0000D+00   0.1710D+00   0.0000D+00   0.2228D+00   0.0000D+00   0.4950D-01   0.0000D+00   0.0000D+00   0.0000D+00   0.6189D+00   0.0000D+00   0.1088D+00   0.0000D+00   0.1710D+00   0.0000D+00
   0.0000D+00   0.0000D+00   0.0000D+00   0.0000D+00   0.0000D+00   0.0000D+00   0.0000D+00   0.0000D+00
  -0.1353D+01   0.2016D+00  -0.1690D+01   0.1210D+00   0.1148D+00  -0.1297D+00  -0.1633D+01  -0.3277D-03  -0.1353D+01   0.2016D+00  -0.1690D+01   0.1210D+00
   0.6061D+00  -0.1807D-01   0.1087D+00  -0.6760D-02   0.1190D+00  -0.4940D-01   0.2236D+00   0.0000D+00   0.5508D-01   0.5231D-02  -0.1589D-02   0.1712D-01   0.6061D+00  -0.1807D-01   0.1087D+00  -0.6760D-02   0.1190D+00  -0.4940D-01
  -0.1366D-02  -0.6051D-02  -0.3709D-02  -0.9695D-02  -0.1366D-02  -0.6051D-02  -0.3709D-02  -0.9695D-02
  1.000  0.500
  -0.1656D+01   0.0000D+00  -0.1862D+01   0.0000D+00   0.0000D+00   0.0000D+00  -0.1704D+01   0.0000D+00  -0.1656D+01   0.0000D+00  -0.1862D+01   0.0000D+00
   0.5897D+00   0.0000D+00   0.1039D+00   0.0000D+00   0.1633D+00   0.0000D+00   0.2129D+00   0.0000D+00   0.4730D-01   0.0000D+00   0.0000D+00   0.0000D+00   0.5897D+00   0.0000D+00   0.1039D+00   0.0000D+00   0.1633D+00   0.0000D+00
   0.0000D+00   0.0000D+00   0.0000D+00   0.0000D+00   0.0000D+00   0.0000D+00   0.0000D+00   0.0000D+00
  -0.1286D+01   0.2731D+00  -0.1675D+01   0.1645D+00   0.1581D+00  -0.1752D+00  -0.1651D+01  -0.2939D-03  -0.1286D+01   0.2731D+00  -0.1675D+01   0.1645D+00
   0.5942D+00  -0.2051D-01   0.1072D+00  -0.7658D-02   0.1089D+00  -0.5588D-01   0.2204D+00   0.0000D+00   0.5536D-01   0.5948D-02  -0.1896D-02   0.1947D-01   0.5942D+00  -0.2051D-01   0.1072D+00  -0.7658D-02   0.1089D+00  -0.5588D-01
  -0.1559D-02  -0.6851D-02  -0.4239D-02  -0.1102D-01  -0.1559D-02  -0.6851D-02  -0.4239D-02  -0.1102D-01
  1.000  1.000
  -0.1512D+01   0.0000D+00  -0.1701D+01   0.0000D+00   0.0000D+00   0.0000D+00  -0.1556D+01   0.0000D+00  -0.1512D+01   0.0000D+00  -0.1701D+01   0.0000D+00
   0.5897D+00   0.0000D+00   0.1039D+00   0.0000D+00   0.1633D+00   0.0000D+00   0.2129D+00   0.0000D+00   0.4730D-01   0.0000D+00   0.0000D+00   0.0000D+00   0.5897D+00   0.0000D+00   0.1039D+00   0.0000D+00   0.1633D+00   0.0000D+00
   0.0000D+00   0.0000D+00   0.0000D+00   0.0000D+00   0.0000D+00   0.0000D+00   0.0000D+00   0.0000D+00
  -0.1330D+01   0.2278D+00  -0.1686D+01   0.1372D+00   0.1318D+00  -0.1461D+00  -0.1642D+01  -0.2447D-03  -0.1330D+01   0.2278D+00  -0.1686D+01   0.1372D+00
   0.5941D+00  -0.1873D-01   0.1070D+00  -0.6994D-02   0.1137D+00  -0.5104D-01   0.2198D+00   0.0000D+00   0.5469D-01   0.5433D-02  -0.1730D-02   0.1778D-01   0.5941D+00  -0.1873D-01   0.1070D+00  -0.6994D-02   0.1137D+00  -0.5104D-01
  -0.1423D-02  -0.6257D-02  -0.3871D-02  -0.1006D-01  -0.1423D-02  -0.6257D-02  -0.3871D-02  -0.1006D-01
  1.000  2.000
  -0.1392D+01   0.0000D+00  -0.1565D+01   0.0000D+00   0.0000D+00   0.0000D+00  -0.1432D+01   0.0000D+00  -0.1392D+01   0.0000D+00  -0.1565D+01   0.0000D+00
   0.5897D+00   0.0000D+00   0.1039D+00   0.0000D+00   0.1633D+00   0.0000D+00   0.2129D+00   0.0000D+00   0.4730D-01   0.0000D+00   0.0000D+00   0.0000D+00   0.5897D+00   0.0000D+00   0.1039D+00   0.0000D+00   0.1633D+00   0.0000D+00
   0.0000D+00   0.0000D+00   0.0000D+00   0.0000D+00   0.0000D+00   0.0000D+00   0.0000D+00   0.0000D+00
  -0.1344D+01   0.1931D+00  -0.1674D+01   0.1163D+00   0.1117D+00  -0.1238D+00  -0.1615D+01  -0.2070D-03  -0.1344D+01   0.1931D+00  -0.1674D+01   0.1163D+00
   0.5940D+00  -0.1724D-01   0.1068D+00  -0.6438D-02   0.1177D+00  -0.4698D-01   0.2193D+00   0.0000D+00   0.5412D-01   0.5001D-02  -0.1591D-02   0.1637D-01   0.5940D+00  -0.1724D-01   0.1068D+00  -0.6438D-02   0.1177D+00  -0.4698D-01
  -0.1310D-02  -0.5760D-02  -0.3563D-02  -0.9262D-02  -0.1310D-02  -0.5760D-02  -0.3563D-02  -0.9262D-02
  2.000  0.500
  -0.1579D+01   0.0000D+00  -0.1786D+01   0.0000D+00   0.0000D+00   0.0000D+00  -0.1633D+01   0.0000D+00  -0.1579D+01   0.0000D+00  -0.1786D+01   0.0000D+00
   0.5642D+00   0.0000D+00   0.9955D-01   0.0000D+00   0.1558D+00   0.0000D+00   0.2036D+00   0.0000D+00   0.4524D-01   0.0000D+00   0.0000D+00   0.0000D+00   0.5642D+00   0.0000D+00   0.9955D-01   0.0000D+00   0.1558D+00   0.0000D+00
   0.0000D+00   0.0000D+00   0.0000D+00   0.0000D+00   0.0000D+00   0.0000D+00   0.0000D+00   0.0000D+00
  -0.1307D+01   0.2619D+00  -0.1692D+01   0.1569D+00   0.1483D+00  -0.1679D+00  -0.1672D+01  -0.1278D-03  -0.1307D+01   0.2619D+00  -0.1692D+01   0.1569D+00
   0.5916D+00  -0.1957D-01   0.1067D+00  -0.7331D-02   0.1110D+00  -0.5356D-01   0.2203D+00   0.0000D+00   0.5492D-01   0.5686D-02  -0.1744D-02   0.1861D-01   0.5916D+00  -0.1957D-01   0.1067D+00  -0.7331D-02   0.1110D+00  -0.5356D-01
  -0.1492D-02  -0.6595D-02  -0.4066D-02  -0.1052D-01  -0.1492D-02  -0.6595D-02  -0.4066D-02  -0.1052D-01
  2.000  1.000
  -0.1442D+01   0.0000D+00  -0.1632D+01   0.0000D+00   0.0000D+00   0.0000D+00  -0.1491D+01   0.0000D+00  -0.1442D+01   0.0000D+00  -0.1632D+01   0.0000D+00
   0.5642D+00   0.0000D+00   0.9955D-01   0.0000D+00   0.1558D+00   0.0000D+00   0.2036D+00   0.0000D+00   0.4524D-01   0.0000D+00   0.0000D+00   0.0000D+00   0.5642D+00   0.0000D+00   0.9955D-01   0.0000D+00   0.1558D+00   0.0000D+00
   0.0000D+00   0.0000D+00   0.0000D+00   0.0000D+00   0.0000D+00   0.0000D+00   0.0000D+00   0.0000D+00
  -0.1336D+01   0.2185D+00  -0.1689D+01   0.1309D+00   0.1236D+00  -0.1401D+00  -0.1648D+01  -0.1061D-03  -0.1336D+01   0.2185D+00  -0.1689D+01   0.1309D+00
   0.5896D+00  -0.1787D-01   0.1062D+00  -0.6696D-02   0.1150D+00  -0.4892D-01   0.2190D+00   0.0000D+00   0.5411D-01   0.5193D-02  -0.1591D-02   0.1700D-01   0.5896D+00  -0.1787D-01   0.1062D+00  -0.6696D-02   0.1150D+00  -0.4892D-01
  -0.1363D-02  -0.6024D-02  -0.3713D-02  -0.9606D-02  -0.1363D-02  -0.6024D-02  -0.3713D-02  -0.9606D-02
  2.000  2.000
  -0.1328D+01   0.0000D+00  -0.1502D+01   0.0000D+00   0.0000D+00   0.0000D+00  -0.1373D+01   0.0000D+00  -0.1328D+01   0.0000D+00  -0.1502D+01   0.0000D+00
   0.5642D+00   0.0000D+00   0.9955D-01   0.0000D+00   0.1558D+00   0.0000D+00   0.2036D+00   0.0000D+00   0.4524D-01   0.0000D+00   0.0000D+00   0.0000D+00   0.5642D+00   0.0000D+00   0.9955D-01   0.0000D+00   0.1558D+00   0.0000D+00
   0.0000D+00   0.0000D+00   0.0000D+00   0.0000D+00   0.0000D+00   0.0000D+00   0.0000D+00   0.0000D+00
  -0.1339D+01   0.1851D+00  -0.1666D+01   0.1109D+00   0.1048D+00  -0.1187D+00  -0.1611D+01  -0.8963D-04  -0.1339D+01   0.1851D+00  -0.1666D+01   0.1109D+00
   0.5878D+00  -0.1645D-01   0.1057D+00  -0.6164D-02   0.1183D+00  -0.4503D-01   0.2178D+00   0.0000D+00   0.5341D-01   0.4781D-02  -0.1463D-02   0.1565D-01   0.5878D+00  -0.1645D-01   0.1057D+00  -0.6164D-02   0.1183D+00  -0.4503D-01
  -0.1255D-02  -0.5545D-02  -0.3418D-02  -0.8842D-02  -0.1255D-02  -0.5545D-02  -0.3418D-02  -0.8842D-02
