 LHC=           1 sqrts=   8000.0000000000000      ang=           4 mode=fital                                                                                               scalescheme=           1 R=  0.69999999999999996     
 CT10nlo_rand5678                                                                                              53
 Bin information: chid, chiu, md, mu, mu0
   0.0000000000000000       0.50000000000000000        196.00000000000000        220.00000000000000        208.00000000000000     
 9 scales(muf, mur)*(LO(38), NLO(38))
  0.500  0.500
  -0.4312D+01   0.0000D+00  -0.5524D+01   0.0000D+00   0.0000D+00   0.0000D+00  -0.5518D+01   0.0000D+00  -0.4312D+01   0.0000D+00  -0.5524D+01   0.0000D+00
   0.5836D+00   0.0000D+00   0.1055D+00   0.0000D+00   0.1464D+00   0.0000D+00   0.2362D+00   0.0000D+00   0.5249D-01   0.0000D+00   0.0000D+00   0.0000D+00   0.5836D+00   0.0000D+00   0.1055D+00   0.0000D+00   0.1464D+00   0.0000D+00
   0.0000D+00   0.0000D+00   0.0000D+00   0.0000D+00   0.0000D+00   0.0000D+00   0.0000D+00   0.0000D+00
  -0.3057D+01   0.8834D+00  -0.4643D+01   0.5365D+00   0.4539D+00  -0.6095D+00  -0.5022D+01  -0.3599D-01  -0.3057D+01   0.8834D+00  -0.4643D+01   0.5365D+00
   0.6871D+00  -0.1973D-01   0.1257D+00  -0.7956D-02   0.1166D+00  -0.6070D-01   0.2730D+00   0.0000D+00   0.6871D-01   0.7078D-02  -0.6689D-03   0.2316D-01   0.6871D+00  -0.1973D-01   0.1257D+00  -0.7956D-02   0.1166D+00  -0.6070D-01
  -0.1180D-02  -0.7001D-02  -0.4335D-02  -0.1244D-01  -0.1180D-02  -0.7001D-02  -0.4335D-02  -0.1244D-01
  0.500  1.000
  -0.3912D+01   0.0000D+00  -0.5012D+01   0.0000D+00   0.0000D+00   0.0000D+00  -0.5006D+01   0.0000D+00  -0.3912D+01   0.0000D+00  -0.5012D+01   0.0000D+00
   0.5836D+00   0.0000D+00   0.1055D+00   0.0000D+00   0.1464D+00   0.0000D+00   0.2362D+00   0.0000D+00   0.5249D-01   0.0000D+00   0.0000D+00   0.0000D+00   0.5836D+00   0.0000D+00   0.1055D+00   0.0000D+00   0.1464D+00   0.0000D+00
   0.0000D+00   0.0000D+00   0.0000D+00   0.0000D+00   0.0000D+00   0.0000D+00   0.0000D+00   0.0000D+00
  -0.3229D+01   0.7272D+00  -0.4735D+01   0.4416D+00   0.3735D+00  -0.5017D+00  -0.5045D+01  -0.2962D-01  -0.3229D+01   0.7272D+00  -0.4735D+01   0.4416D+00
   0.6783D+00  -0.1790D-01   0.1240D+00  -0.7218D-02   0.1196D+00  -0.5507D-01   0.2698D+00   0.0000D+00   0.6727D-01   0.6422D-02  -0.5988D-03   0.2102D-01   0.6783D+00  -0.1790D-01   0.1240D+00  -0.7218D-02   0.1196D+00  -0.5507D-01
  -0.1071D-02  -0.6352D-02  -0.3933D-02  -0.1129D-01  -0.1071D-02  -0.6352D-02  -0.3933D-02  -0.1129D-01
  0.500  2.000
  -0.3581D+01   0.0000D+00  -0.4588D+01   0.0000D+00   0.0000D+00   0.0000D+00  -0.4582D+01   0.0000D+00  -0.3581D+01   0.0000D+00  -0.4588D+01   0.0000D+00
   0.5836D+00   0.0000D+00   0.1055D+00   0.0000D+00   0.1464D+00   0.0000D+00   0.2362D+00   0.0000D+00   0.5249D-01   0.0000D+00   0.0000D+00   0.0000D+00   0.5836D+00   0.0000D+00   0.1055D+00   0.0000D+00   0.1464D+00   0.0000D+00
   0.0000D+00   0.0000D+00   0.0000D+00   0.0000D+00   0.0000D+00   0.0000D+00   0.0000D+00   0.0000D+00
  -0.3302D+01   0.6093D+00  -0.4731D+01   0.3700D+00   0.3129D+00  -0.4204D+00  -0.4990D+01  -0.2482D-01  -0.3302D+01   0.6093D+00  -0.4731D+01   0.3700D+00
   0.6710D+00  -0.1638D-01   0.1225D+00  -0.6608D-02   0.1220D+00  -0.5042D-01   0.2672D+00   0.0000D+00   0.6606D-01   0.5878D-02  -0.5418D-03   0.1924D-01   0.6710D+00  -0.1638D-01   0.1225D+00  -0.6608D-02   0.1220D+00  -0.5042D-01
  -0.9799D-03  -0.5815D-02  -0.3601D-02  -0.1033D-01  -0.9799D-03  -0.5815D-02  -0.3601D-02  -0.1033D-01
  1.000  0.500
  -0.4194D+01   0.0000D+00  -0.5497D+01   0.0000D+00   0.0000D+00   0.0000D+00  -0.5446D+01   0.0000D+00  -0.4194D+01   0.0000D+00  -0.5497D+01   0.0000D+00
   0.5784D+00   0.0000D+00   0.1045D+00   0.0000D+00   0.1426D+00   0.0000D+00   0.2328D+00   0.0000D+00   0.5173D-01   0.0000D+00   0.0000D+00   0.0000D+00   0.5784D+00   0.0000D+00   0.1045D+00   0.0000D+00   0.1426D+00   0.0000D+00
   0.0000D+00   0.0000D+00   0.0000D+00   0.0000D+00   0.0000D+00   0.0000D+00   0.0000D+00   0.0000D+00
  -0.3027D+01   0.8763D+00  -0.4668D+01   0.5318D+00   0.4502D+00  -0.6032D+00  -0.5012D+01  -0.3506D-01  -0.3027D+01   0.8763D+00  -0.4668D+01   0.5318D+00
   0.6753D+00  -0.1925D-01   0.1238D+00  -0.7818D-02   0.1128D+00  -0.5995D-01   0.2661D+00   0.0000D+00   0.6730D-01   0.6980D-02  -0.3118D-03   0.2284D-01   0.6753D+00  -0.1925D-01   0.1238D+00  -0.7818D-02   0.1128D+00  -0.5995D-01
  -0.1165D-02  -0.6965D-02  -0.4329D-02  -0.1230D-01  -0.1165D-02  -0.6965D-02  -0.4329D-02  -0.1230D-01
  1.000  1.000
  -0.3805D+01   0.0000D+00  -0.4987D+01   0.0000D+00   0.0000D+00   0.0000D+00  -0.4941D+01   0.0000D+00  -0.3805D+01   0.0000D+00  -0.4987D+01   0.0000D+00
   0.5784D+00   0.0000D+00   0.1045D+00   0.0000D+00   0.1426D+00   0.0000D+00   0.2328D+00   0.0000D+00   0.5173D-01   0.0000D+00   0.0000D+00   0.0000D+00   0.5784D+00   0.0000D+00   0.1045D+00   0.0000D+00   0.1426D+00   0.0000D+00
   0.0000D+00   0.0000D+00   0.0000D+00   0.0000D+00   0.0000D+00   0.0000D+00   0.0000D+00   0.0000D+00
  -0.3184D+01   0.7213D+00  -0.4750D+01   0.4377D+00   0.3705D+00  -0.4965D+00  -0.5025D+01  -0.2885D-01  -0.3184D+01   0.7213D+00  -0.4750D+01   0.4377D+00
   0.6671D+00  -0.1746D-01   0.1222D+00  -0.7093D-02   0.1158D+00  -0.5439D-01   0.2632D+00   0.0000D+00   0.6591D-01   0.6333D-02  -0.2753D-03   0.2073D-01   0.6671D+00  -0.1746D-01   0.1222D+00  -0.7093D-02   0.1158D+00  -0.5439D-01
  -0.1057D-02  -0.6320D-02  -0.3927D-02  -0.1116D-01  -0.1057D-02  -0.6320D-02  -0.3927D-02  -0.1116D-01
  1.000  2.000
  -0.3483D+01   0.0000D+00  -0.4565D+01   0.0000D+00   0.0000D+00   0.0000D+00  -0.4523D+01   0.0000D+00  -0.3483D+01   0.0000D+00  -0.4565D+01   0.0000D+00
   0.5784D+00   0.0000D+00   0.1045D+00   0.0000D+00   0.1426D+00   0.0000D+00   0.2328D+00   0.0000D+00   0.5173D-01   0.0000D+00   0.0000D+00   0.0000D+00   0.5784D+00   0.0000D+00   0.1045D+00   0.0000D+00   0.1426D+00   0.0000D+00
   0.0000D+00   0.0000D+00   0.0000D+00   0.0000D+00   0.0000D+00   0.0000D+00   0.0000D+00   0.0000D+00
  -0.3248D+01   0.6044D+00  -0.4740D+01   0.3668D+00   0.3103D+00  -0.4160D+00  -0.4963D+01  -0.2418D-01  -0.3248D+01   0.6044D+00  -0.4740D+01   0.3668D+00
   0.6602D+00  -0.1599D-01   0.1208D+00  -0.6493D-02   0.1182D+00  -0.4979D-01   0.2608D+00   0.0000D+00   0.6476D-01   0.5798D-02  -0.2461D-03   0.1897D-01   0.6602D+00  -0.1599D-01   0.1208D+00  -0.6493D-02   0.1182D+00  -0.4979D-01
  -0.9675D-03  -0.5785D-02  -0.3595D-02  -0.1021D-01  -0.9675D-03  -0.5785D-02  -0.3595D-02  -0.1021D-01
  2.000  0.500
  -0.4102D+01   0.0000D+00  -0.5425D+01   0.0000D+00   0.0000D+00   0.0000D+00  -0.5385D+01   0.0000D+00  -0.4102D+01   0.0000D+00  -0.5425D+01   0.0000D+00
   0.5688D+00   0.0000D+00   0.1028D+00   0.0000D+00   0.1395D+00   0.0000D+00   0.2285D+00   0.0000D+00   0.5079D-01   0.0000D+00   0.0000D+00   0.0000D+00   0.5688D+00   0.0000D+00   0.1028D+00   0.0000D+00   0.1395D+00   0.0000D+00
   0.0000D+00   0.0000D+00   0.0000D+00   0.0000D+00   0.0000D+00   0.0000D+00   0.0000D+00   0.0000D+00
  -0.3109D+01   0.8683D+00  -0.4716D+01   0.5230D+00   0.4433D+00  -0.5951D+00  -0.5134D+01  -0.3453D-01  -0.3109D+01   0.8683D+00  -0.4716D+01   0.5230D+00
   0.6689D+00  -0.1885D-01   0.1226D+00  -0.7657D-02   0.1125D+00  -0.5864D-01   0.2651D+00   0.0000D+00   0.6667D-01   0.6861D-02  -0.3211D-03   0.2245D-01   0.6689D+00  -0.1885D-01   0.1226D+00  -0.7657D-02   0.1125D+00  -0.5864D-01
  -0.1140D-02  -0.6599D-02  -0.4287D-02  -0.1212D-01  -0.1140D-02  -0.6599D-02  -0.4287D-02  -0.1212D-01
  2.000  1.000
  -0.3722D+01   0.0000D+00  -0.4922D+01   0.0000D+00   0.0000D+00   0.0000D+00  -0.4886D+01   0.0000D+00  -0.3722D+01   0.0000D+00  -0.4922D+01   0.0000D+00
   0.5688D+00   0.0000D+00   0.1028D+00   0.0000D+00   0.1395D+00   0.0000D+00   0.2285D+00   0.0000D+00   0.5079D-01   0.0000D+00   0.0000D+00   0.0000D+00   0.5688D+00   0.0000D+00   0.1028D+00   0.0000D+00   0.1395D+00   0.0000D+00
   0.0000D+00   0.0000D+00   0.0000D+00   0.0000D+00   0.0000D+00   0.0000D+00   0.0000D+00   0.0000D+00
  -0.3230D+01   0.7147D+00  -0.4772D+01   0.4305D+00   0.3647D+00  -0.4898D+00  -0.5111D+01  -0.2842D-01  -0.3230D+01   0.7147D+00  -0.4772D+01   0.4305D+00
   0.6542D+00  -0.1710D-01   0.1199D+00  -0.6947D-02   0.1133D+00  -0.5320D-01   0.2608D+00   0.0000D+00   0.6489D-01   0.6225D-02  -0.2895D-03   0.2037D-01   0.6542D+00  -0.1710D-01   0.1199D+00  -0.6947D-02   0.1133D+00  -0.5320D-01
  -0.1034D-02  -0.5987D-02  -0.3889D-02  -0.1099D-01  -0.1034D-02  -0.5987D-02  -0.3889D-02  -0.1099D-01
  2.000  2.000
  -0.3407D+01   0.0000D+00  -0.4506D+01   0.0000D+00   0.0000D+00   0.0000D+00  -0.4472D+01   0.0000D+00  -0.3407D+01   0.0000D+00  -0.4506D+01   0.0000D+00
   0.5688D+00   0.0000D+00   0.1028D+00   0.0000D+00   0.1395D+00   0.0000D+00   0.2285D+00   0.0000D+00   0.5079D-01   0.0000D+00   0.0000D+00   0.0000D+00   0.5688D+00   0.0000D+00   0.1028D+00   0.0000D+00   0.1395D+00   0.0000D+00
   0.0000D+00   0.0000D+00   0.0000D+00   0.0000D+00   0.0000D+00   0.0000D+00   0.0000D+00   0.0000D+00
  -0.3274D+01   0.5988D+00  -0.4748D+01   0.3607D+00   0.3055D+00  -0.4104D+00  -0.5027D+01  -0.2382D-01  -0.3274D+01   0.5988D+00  -0.4748D+01   0.3607D+00
   0.6477D+00  -0.1565D-01   0.1185D+00  -0.6360D-02   0.1157D+00  -0.4870D-01   0.2582D+00   0.0000D+00   0.6375D-01   0.5698D-02  -0.2598D-03   0.1865D-01   0.6477D+00  -0.1565D-01   0.1185D+00  -0.6360D-02   0.1157D+00  -0.4870D-01
  -0.9467D-03  -0.5480D-02  -0.3560D-02  -0.1006D-01  -0.9467D-03  -0.5480D-02  -0.3560D-02  -0.1006D-01
