 LHC=           1 sqrts=   8000.0000000000000      ang=           4 mode=fital                                                                                               scalescheme=           1 R=  0.69999999999999996     
 MSTW2008nlo68cl_rand1235                                                                                      44
 Bin information: chid, chiu, md, mu, mu0
   0.0000000000000000       0.50000000000000000        395.00000000000000        430.00000000000000        412.50000000000000     
 9 scales(muf, mur)*(LO(38), NLO(38))
  0.500  0.500
  -0.1197D+01   0.0000D+00  -0.1219D+01   0.0000D+00   0.0000D+00   0.0000D+00  -0.1055D+01   0.0000D+00  -0.1197D+01   0.0000D+00  -0.1219D+01   0.0000D+00
   0.5636D+00   0.0000D+00   0.9731D-01   0.0000D+00   0.1680D+00   0.0000D+00   0.1892D+00   0.0000D+00   0.4205D-01   0.0000D+00   0.0000D+00   0.0000D+00   0.5636D+00   0.0000D+00   0.9731D-01   0.0000D+00   0.1680D+00   0.0000D+00
   0.0000D+00   0.0000D+00   0.0000D+00   0.0000D+00   0.0000D+00   0.0000D+00   0.0000D+00   0.0000D+00
  -0.8798D+00   0.1762D+00  -0.1039D+01   0.1061D+00   0.1053D+00  -0.1077D+00  -0.9736D+00   0.3350D-02  -0.8798D+00   0.1762D+00  -0.1039D+01   0.1061D+00
   0.5171D+00  -0.2094D-01   0.9146D-01  -0.7457D-02   0.1007D+00  -0.5284D-01   0.1817D+00   0.0000D+00   0.4555D-01   0.5243D-02  -0.2061D-02   0.1716D-01   0.5171D+00  -0.2094D-01   0.9146D-01  -0.7457D-02   0.1007D+00  -0.5284D-01
  -0.1685D-02  -0.6637D-02  -0.3932D-02  -0.9983D-02  -0.1685D-02  -0.6637D-02  -0.3932D-02  -0.9983D-02
  0.500  1.000
  -0.1094D+01   0.0000D+00  -0.1114D+01   0.0000D+00   0.0000D+00   0.0000D+00  -0.9645D+00   0.0000D+00  -0.1094D+01   0.0000D+00  -0.1114D+01   0.0000D+00
   0.5636D+00   0.0000D+00   0.9731D-01   0.0000D+00   0.1680D+00   0.0000D+00   0.1892D+00   0.0000D+00   0.4205D-01   0.0000D+00   0.0000D+00   0.0000D+00   0.5636D+00   0.0000D+00   0.9731D-01   0.0000D+00   0.1680D+00   0.0000D+00
   0.0000D+00   0.0000D+00   0.0000D+00   0.0000D+00   0.0000D+00   0.0000D+00   0.0000D+00   0.0000D+00
  -0.9199D+00   0.1472D+00  -0.1056D+01   0.8864D-01   0.8797D-01  -0.8997D-01  -0.9763D+00   0.2799D-02  -0.9199D+00   0.1472D+00  -0.1056D+01   0.8864D-01
   0.5213D+00  -0.1914D-01   0.9201D-01  -0.6816D-02   0.1066D+00  -0.4830D-01   0.1824D+00   0.0000D+00   0.4527D-01   0.4792D-02  -0.1883D-02   0.1568D-01   0.5213D+00  -0.1914D-01   0.9201D-01  -0.6816D-02   0.1066D+00  -0.4830D-01
  -0.1540D-02  -0.6066D-02  -0.3594D-02  -0.9125D-02  -0.1540D-02  -0.6066D-02  -0.3594D-02  -0.9125D-02
  0.500  2.000
  -0.1008D+01   0.0000D+00  -0.1026D+01   0.0000D+00   0.0000D+00   0.0000D+00  -0.8883D+00   0.0000D+00  -0.1008D+01   0.0000D+00  -0.1026D+01   0.0000D+00
   0.5636D+00   0.0000D+00   0.9731D-01   0.0000D+00   0.1680D+00   0.0000D+00   0.1892D+00   0.0000D+00   0.4205D-01   0.0000D+00   0.0000D+00   0.0000D+00   0.5636D+00   0.0000D+00   0.9731D-01   0.0000D+00   0.1680D+00   0.0000D+00
   0.0000D+00   0.0000D+00   0.0000D+00   0.0000D+00   0.0000D+00   0.0000D+00   0.0000D+00   0.0000D+00
  -0.9369D+00   0.1249D+00  -0.1055D+01   0.7520D-01   0.7463D-01  -0.7633D-01  -0.9662D+00   0.2375D-02  -0.9369D+00   0.1249D+00  -0.1055D+01   0.7520D-01
   0.5249D+00  -0.1763D-01   0.9246D-01  -0.6278D-02   0.1115D+00  -0.4449D-01   0.1830D+00   0.0000D+00   0.4503D-01   0.4414D-02  -0.1734D-02   0.1445D-01   0.5249D+00  -0.1763D-01   0.9246D-01  -0.6278D-02   0.1115D+00  -0.4449D-01
  -0.1419D-02  -0.5587D-02  -0.3311D-02  -0.8405D-02  -0.1419D-02  -0.5587D-02  -0.3311D-02  -0.8405D-02
  1.000  0.500
  -0.1130D+01   0.0000D+00  -0.1154D+01   0.0000D+00   0.0000D+00   0.0000D+00  -0.9966D+00   0.0000D+00  -0.1130D+01   0.0000D+00  -0.1154D+01   0.0000D+00
   0.5308D+00   0.0000D+00   0.9154D-01   0.0000D+00   0.1581D+00   0.0000D+00   0.1786D+00   0.0000D+00   0.3968D-01   0.0000D+00   0.0000D+00   0.0000D+00   0.5308D+00   0.0000D+00   0.9154D-01   0.0000D+00   0.1581D+00   0.0000D+00
   0.0000D+00   0.0000D+00   0.0000D+00   0.0000D+00   0.0000D+00   0.0000D+00   0.0000D+00   0.0000D+00
  -0.9013D+00   0.1666D+00  -0.1047D+01   0.1001D+00   0.9925D-01  -0.1017D+00  -0.9799D+00   0.3329D-02  -0.9013D+00   0.1666D+00  -0.1047D+01   0.1001D+00
   0.5134D+00  -0.1970D-01   0.9065D-01  -0.7035D-02   0.1023D+00  -0.5006D-01   0.1808D+00   0.0000D+00   0.4494D-01   0.4947D-02  -0.2206D-02   0.1619D-01   0.5134D+00  -0.1970D-01   0.9065D-01  -0.7035D-02   0.1023D+00  -0.5006D-01
  -0.1597D-02  -0.6371D-02  -0.3727D-02  -0.9406D-02  -0.1597D-02  -0.6371D-02  -0.3727D-02  -0.9406D-02
  1.000  1.000
  -0.1033D+01   0.0000D+00  -0.1055D+01   0.0000D+00   0.0000D+00   0.0000D+00  -0.9109D+00   0.0000D+00  -0.1033D+01   0.0000D+00  -0.1055D+01   0.0000D+00
   0.5308D+00   0.0000D+00   0.9154D-01   0.0000D+00   0.1581D+00   0.0000D+00   0.1786D+00   0.0000D+00   0.3968D-01   0.0000D+00   0.0000D+00   0.0000D+00   0.5308D+00   0.0000D+00   0.9154D-01   0.0000D+00   0.1581D+00   0.0000D+00
   0.0000D+00   0.0000D+00   0.0000D+00   0.0000D+00   0.0000D+00   0.0000D+00   0.0000D+00   0.0000D+00
  -0.9275D+00   0.1392D+00  -0.1053D+01   0.8364D-01   0.8291D-01  -0.8498D-01  -0.9725D+00   0.2781D-02  -0.9275D+00   0.1392D+00  -0.1053D+01   0.8364D-01
   0.5151D+00  -0.1801D-01   0.9077D-01  -0.6430D-02   0.1071D+00  -0.4576D-01   0.1807D+00   0.0000D+00   0.4450D-01   0.4522D-02  -0.2015D-02   0.1480D-01   0.5151D+00  -0.1801D-01   0.9077D-01  -0.6430D-02   0.1071D+00  -0.4576D-01
  -0.1460D-02  -0.5824D-02  -0.3406D-02  -0.8598D-02  -0.1460D-02  -0.5824D-02  -0.3406D-02  -0.8598D-02
  1.000  2.000
  -0.9514D+00   0.0000D+00  -0.9713D+00   0.0000D+00   0.0000D+00   0.0000D+00  -0.8390D+00   0.0000D+00  -0.9514D+00   0.0000D+00  -0.9713D+00   0.0000D+00
   0.5308D+00   0.0000D+00   0.9154D-01   0.0000D+00   0.1581D+00   0.0000D+00   0.1786D+00   0.0000D+00   0.3968D-01   0.0000D+00   0.0000D+00   0.0000D+00   0.5308D+00   0.0000D+00   0.9154D-01   0.0000D+00   0.1581D+00   0.0000D+00
   0.0000D+00   0.0000D+00   0.0000D+00   0.0000D+00   0.0000D+00   0.0000D+00   0.0000D+00   0.0000D+00
  -0.9346D+00   0.1181D+00  -0.1044D+01   0.7096D-01   0.7033D-01  -0.7209D-01  -0.9553D+00   0.2360D-02  -0.9346D+00   0.1181D+00  -0.1044D+01   0.7096D-01
   0.5165D+00  -0.1658D-01   0.9086D-01  -0.5923D-02   0.1112D+00  -0.4215D-01   0.1805D+00   0.0000D+00   0.4414D-01   0.4165D-02  -0.1856D-02   0.1363D-01   0.5165D+00  -0.1658D-01   0.9086D-01  -0.5923D-02   0.1112D+00  -0.4215D-01
  -0.1345D-02  -0.5364D-02  -0.3138D-02  -0.7919D-02  -0.1345D-02  -0.5364D-02  -0.3138D-02  -0.7919D-02
  2.000  0.500
  -0.1069D+01   0.0000D+00  -0.1095D+01   0.0000D+00   0.0000D+00   0.0000D+00  -0.9435D+00   0.0000D+00  -0.1069D+01   0.0000D+00  -0.1095D+01   0.0000D+00
   0.5016D+00   0.0000D+00   0.8678D-01   0.0000D+00   0.1492D+00   0.0000D+00   0.1680D+00   0.0000D+00   0.3734D-01   0.0000D+00   0.0000D+00   0.0000D+00   0.5016D+00   0.0000D+00   0.8678D-01   0.0000D+00   0.1492D+00   0.0000D+00
   0.0000D+00   0.0000D+00   0.0000D+00   0.0000D+00   0.0000D+00   0.0000D+00   0.0000D+00   0.0000D+00
  -0.9190D+00   0.1577D+00  -0.1064D+01   0.9468D-01   0.9470D-01  -0.9626D-01  -0.9934D+00   0.3272D-02  -0.9190D+00   0.1577D+00  -0.1064D+01   0.9468D-01
   0.5141D+00  -0.1860D-01   0.9072D-01  -0.6636D-02   0.1044D+00  -0.4694D-01   0.1809D+00   0.0000D+00   0.4467D-01   0.4656D-02  -0.1915D-02   0.1524D-01   0.5141D+00  -0.1860D-01   0.9072D-01  -0.6636D-02   0.1044D+00  -0.4694D-01
  -0.1514D-02  -0.6019D-02  -0.3540D-02  -0.8878D-02  -0.1514D-02  -0.6019D-02  -0.3540D-02  -0.8878D-02
  2.000  1.000
  -0.9775D+00   0.0000D+00  -0.1001D+01   0.0000D+00   0.0000D+00   0.0000D+00  -0.8623D+00   0.0000D+00  -0.9775D+00   0.0000D+00  -0.1001D+01   0.0000D+00
   0.5016D+00   0.0000D+00   0.8678D-01   0.0000D+00   0.1492D+00   0.0000D+00   0.1680D+00   0.0000D+00   0.3734D-01   0.0000D+00   0.0000D+00   0.0000D+00   0.5016D+00   0.0000D+00   0.8678D-01   0.0000D+00   0.1492D+00   0.0000D+00
   0.0000D+00   0.0000D+00   0.0000D+00   0.0000D+00   0.0000D+00   0.0000D+00   0.0000D+00   0.0000D+00
  -0.9330D+00   0.1318D+00  -0.1058D+01   0.7910D-01   0.7911D-01  -0.8042D-01  -0.9756D+00   0.2734D-02  -0.9330D+00   0.1318D+00  -0.1058D+01   0.7910D-01
   0.5134D+00  -0.1700D-01   0.9044D-01  -0.6065D-02   0.1084D+00  -0.4290D-01   0.1798D+00   0.0000D+00   0.4406D-01   0.4256D-02  -0.1751D-02   0.1393D-01   0.5134D+00  -0.1700D-01   0.9044D-01  -0.6065D-02   0.1084D+00  -0.4290D-01
  -0.1384D-02  -0.5502D-02  -0.3235D-02  -0.8115D-02  -0.1384D-02  -0.5502D-02  -0.3235D-02  -0.8115D-02
  2.000  2.000
  -0.9004D+00   0.0000D+00  -0.9220D+00   0.0000D+00   0.0000D+00   0.0000D+00  -0.7943D+00   0.0000D+00  -0.9004D+00   0.0000D+00  -0.9220D+00   0.0000D+00
   0.5016D+00   0.0000D+00   0.8678D-01   0.0000D+00   0.1492D+00   0.0000D+00   0.1680D+00   0.0000D+00   0.3734D-01   0.0000D+00   0.0000D+00   0.0000D+00   0.5016D+00   0.0000D+00   0.8678D-01   0.0000D+00   0.1492D+00   0.0000D+00
   0.0000D+00   0.0000D+00   0.0000D+00   0.0000D+00   0.0000D+00   0.0000D+00   0.0000D+00   0.0000D+00
  -0.9313D+00   0.1118D+00  -0.1041D+01   0.6710D-01   0.6711D-01  -0.6823D-01  -0.9510D+00   0.2319D-02  -0.9313D+00   0.1118D+00  -0.1041D+01   0.6710D-01
   0.5125D+00  -0.1566D-01   0.9017D-01  -0.5587D-02   0.1116D+00  -0.3952D-01   0.1789D+00   0.0000D+00   0.4354D-01   0.3920D-02  -0.1612D-02   0.1283D-01   0.5125D+00  -0.1566D-01   0.9017D-01  -0.5587D-02   0.1116D+00  -0.3952D-01
  -0.1275D-02  -0.5068D-02  -0.2980D-02  -0.7474D-02  -0.1275D-02  -0.5068D-02  -0.2980D-02  -0.7474D-02
