 LHC=           1 sqrts=   8000.0000000000000      ang=           4 mode=fital                                                                                               scalescheme=           1 R=  0.69999999999999996     
 NNPDF23_nlo_as_0118                                                                                           86
 Bin information: chid, chiu, md, mu, mu0
   0.0000000000000000       0.50000000000000000        395.00000000000000        430.00000000000000        412.50000000000000     
 9 scales(muf, mur)*(LO(38), NLO(38))
  0.500  0.500
  -0.1247D+01   0.0000D+00  -0.1257D+01   0.0000D+00   0.0000D+00   0.0000D+00  -0.1086D+01   0.0000D+00  -0.1247D+01   0.0000D+00  -0.1257D+01   0.0000D+00
   0.5932D+00   0.0000D+00   0.1023D+00   0.0000D+00   0.1776D+00   0.0000D+00   0.1985D+00   0.0000D+00   0.4412D-01   0.0000D+00   0.0000D+00   0.0000D+00   0.5932D+00   0.0000D+00   0.1023D+00   0.0000D+00   0.1776D+00   0.0000D+00
   0.0000D+00   0.0000D+00   0.0000D+00   0.0000D+00   0.0000D+00   0.0000D+00   0.0000D+00   0.0000D+00
  -0.9230D+00   0.1791D+00  -0.1073D+01   0.1080D+00   0.1076D+00  -0.1092D+00  -0.1001D+01   0.3574D-02  -0.9230D+00   0.1791D+00  -0.1073D+01   0.1080D+00
   0.5475D+00  -0.2182D-01   0.9652D-01  -0.7751D-02   0.1084D+00  -0.5482D-01   0.1913D+00   0.0000D+00   0.4777D-01   0.5424D-02  -0.2281D-02   0.1775D-01   0.5475D+00  -0.2182D-01   0.9652D-01  -0.7751D-02   0.1084D+00  -0.5482D-01
  -0.1752D-02  -0.6902D-02  -0.4056D-02  -0.1034D-01  -0.1752D-02  -0.6902D-02  -0.4056D-02  -0.1034D-01
  0.500  1.000
  -0.1150D+01   0.0000D+00  -0.1160D+01   0.0000D+00   0.0000D+00   0.0000D+00  -0.1002D+01   0.0000D+00  -0.1150D+01   0.0000D+00  -0.1160D+01   0.0000D+00
   0.5932D+00   0.0000D+00   0.1023D+00   0.0000D+00   0.1776D+00   0.0000D+00   0.1985D+00   0.0000D+00   0.4412D-01   0.0000D+00   0.0000D+00   0.0000D+00   0.5932D+00   0.0000D+00   0.1023D+00   0.0000D+00   0.1776D+00   0.0000D+00
   0.0000D+00   0.0000D+00   0.0000D+00   0.0000D+00   0.0000D+00   0.0000D+00   0.0000D+00   0.0000D+00
  -0.9697D+00   0.1525D+00  -0.1099D+01   0.9197D-01   0.9158D-01  -0.9302D-01  -0.1012D+01   0.3044D-02  -0.9697D+00   0.1525D+00  -0.1099D+01   0.9197D-01
   0.5512D+00  -0.2014D-01   0.9700D-01  -0.7152D-02   0.1138D+00  -0.5059D-01   0.1919D+00   0.0000D+00   0.4750D-01   0.5005D-02  -0.2104D-02   0.1638D-01   0.5512D+00  -0.2014D-01   0.9700D-01  -0.7152D-02   0.1138D+00  -0.5059D-01
  -0.1617D-02  -0.6369D-02  -0.3742D-02  -0.9540D-02  -0.1617D-02  -0.6369D-02  -0.3742D-02  -0.9540D-02
  0.500  2.000
  -0.1068D+01   0.0000D+00  -0.1077D+01   0.0000D+00   0.0000D+00   0.0000D+00  -0.9300D+00   0.0000D+00  -0.1068D+01   0.0000D+00  -0.1077D+01   0.0000D+00
   0.5932D+00   0.0000D+00   0.1023D+00   0.0000D+00   0.1776D+00   0.0000D+00   0.1985D+00   0.0000D+00   0.4412D-01   0.0000D+00   0.0000D+00   0.0000D+00   0.5932D+00   0.0000D+00   0.1023D+00   0.0000D+00   0.1776D+00   0.0000D+00
   0.0000D+00   0.0000D+00   0.0000D+00   0.0000D+00   0.0000D+00   0.0000D+00   0.0000D+00   0.0000D+00
  -0.9940D+00   0.1314D+00  -0.1107D+01   0.7927D-01   0.7893D-01  -0.8017D-01  -0.1010D+01   0.2623D-02  -0.9940D+00   0.1314D+00  -0.1107D+01   0.7927D-01
   0.5544D+00  -0.1869D-01   0.9741D-01  -0.6640D-02   0.1185D+00  -0.4697D-01   0.1924D+00   0.0000D+00   0.4727D-01   0.4647D-02  -0.1953D-02   0.1521D-01   0.5544D+00  -0.1869D-01   0.9741D-01  -0.6640D-02   0.1185D+00  -0.4697D-01
  -0.1501D-02  -0.5912D-02  -0.3474D-02  -0.8857D-02  -0.1501D-02  -0.5912D-02  -0.3474D-02  -0.8857D-02
  1.000  0.500
  -0.1179D+01   0.0000D+00  -0.1192D+01   0.0000D+00   0.0000D+00   0.0000D+00  -0.1027D+01   0.0000D+00  -0.1179D+01   0.0000D+00  -0.1192D+01   0.0000D+00
   0.5598D+00   0.0000D+00   0.9643D-01   0.0000D+00   0.1674D+00   0.0000D+00   0.1877D+00   0.0000D+00   0.4171D-01   0.0000D+00   0.0000D+00   0.0000D+00   0.5598D+00   0.0000D+00   0.9643D-01   0.0000D+00   0.1674D+00   0.0000D+00
   0.0000D+00   0.0000D+00   0.0000D+00   0.0000D+00   0.0000D+00   0.0000D+00   0.0000D+00   0.0000D+00
  -0.9445D+00   0.1697D+00  -0.1082D+01   0.1021D+00   0.1016D+00  -0.1034D+00  -0.1008D+01   0.3560D-02  -0.9445D+00   0.1697D+00  -0.1082D+01   0.1021D+00
   0.5430D+00  -0.2056D-01   0.9560D-01  -0.7325D-02   0.1097D+00  -0.5204D-01   0.1902D+00   0.0000D+00   0.4712D-01   0.5127D-02  -0.2437D-02   0.1678D-01   0.5430D+00  -0.2056D-01   0.9560D-01  -0.7325D-02   0.1097D+00  -0.5204D-01
  -0.1664D-02  -0.6642D-02  -0.3852D-02  -0.9760D-02  -0.1664D-02  -0.6642D-02  -0.3852D-02  -0.9760D-02
  1.000  1.000
  -0.1088D+01   0.0000D+00  -0.1100D+01   0.0000D+00   0.0000D+00   0.0000D+00  -0.9481D+00   0.0000D+00  -0.1088D+01   0.0000D+00  -0.1100D+01   0.0000D+00
   0.5598D+00   0.0000D+00   0.9643D-01   0.0000D+00   0.1674D+00   0.0000D+00   0.1877D+00   0.0000D+00   0.4171D-01   0.0000D+00   0.0000D+00   0.0000D+00   0.5598D+00   0.0000D+00   0.9643D-01   0.0000D+00   0.1674D+00   0.0000D+00
   0.0000D+00   0.0000D+00   0.0000D+00   0.0000D+00   0.0000D+00   0.0000D+00   0.0000D+00   0.0000D+00
  -0.9780D+00   0.1445D+00  -0.1097D+01   0.8696D-01   0.8651D-01  -0.8803D-01  -0.1010D+01   0.3031D-02  -0.9780D+00   0.1445D+00  -0.1097D+01   0.8696D-01
   0.5445D+00  -0.1898D-01   0.9570D-01  -0.6759D-02   0.1143D+00  -0.4802D-01   0.1900D+00   0.0000D+00   0.4671D-01   0.4731D-02  -0.2249D-02   0.1548D-01   0.5445D+00  -0.1898D-01   0.9570D-01  -0.6759D-02   0.1143D+00  -0.4802D-01
  -0.1535D-02  -0.6129D-02  -0.3554D-02  -0.9006D-02  -0.1535D-02  -0.6129D-02  -0.3554D-02  -0.9006D-02
  1.000  2.000
  -0.1010D+01   0.0000D+00  -0.1022D+01   0.0000D+00   0.0000D+00   0.0000D+00  -0.8802D+00   0.0000D+00  -0.1010D+01   0.0000D+00  -0.1022D+01   0.0000D+00
   0.5598D+00   0.0000D+00   0.9643D-01   0.0000D+00   0.1674D+00   0.0000D+00   0.1877D+00   0.0000D+00   0.4171D-01   0.0000D+00   0.0000D+00   0.0000D+00   0.5598D+00   0.0000D+00   0.9643D-01   0.0000D+00   0.1674D+00   0.0000D+00
   0.0000D+00   0.0000D+00   0.0000D+00   0.0000D+00   0.0000D+00   0.0000D+00   0.0000D+00   0.0000D+00
  -0.9926D+00   0.1245D+00  -0.1097D+01   0.7495D-01   0.7456D-01  -0.7587D-01  -0.1001D+01   0.2613D-02  -0.9926D+00   0.1245D+00  -0.1097D+01   0.7495D-01
   0.5458D+00  -0.1762D-01   0.9577D-01  -0.6275D-02   0.1181D+00  -0.4458D-01   0.1899D+00   0.0000D+00   0.4636D-01   0.4392D-02  -0.2087D-02   0.1437D-01   0.5458D+00  -0.1762D-01   0.9577D-01  -0.6275D-02   0.1181D+00  -0.4458D-01
  -0.1425D-02  -0.5690D-02  -0.3300D-02  -0.8361D-02  -0.1425D-02  -0.5690D-02  -0.3300D-02  -0.8361D-02
  2.000  0.500
  -0.1117D+01   0.0000D+00  -0.1133D+01   0.0000D+00   0.0000D+00   0.0000D+00  -0.9736D+00   0.0000D+00  -0.1117D+01   0.0000D+00  -0.1133D+01   0.0000D+00
   0.5295D+00   0.0000D+00   0.9151D-01   0.0000D+00   0.1581D+00   0.0000D+00   0.1767D+00   0.0000D+00   0.3928D-01   0.0000D+00   0.0000D+00   0.0000D+00   0.5295D+00   0.0000D+00   0.9151D-01   0.0000D+00   0.1581D+00   0.0000D+00
   0.0000D+00   0.0000D+00   0.0000D+00   0.0000D+00   0.0000D+00   0.0000D+00   0.0000D+00   0.0000D+00
  -0.9613D+00   0.1608D+00  -0.1099D+01   0.9666D-01   0.9711D-01  -0.9793D-01  -0.1022D+01   0.3506D-02  -0.9613D+00   0.1608D+00  -0.1099D+01   0.9666D-01
   0.5426D+00  -0.1943D-01   0.9550D-01  -0.6915D-02   0.1115D+00  -0.4883D-01   0.1900D+00   0.0000D+00   0.4677D-01   0.4828D-02  -0.2118D-02   0.1580D-01   0.5426D+00  -0.1943D-01   0.9550D-01  -0.6915D-02   0.1115D+00  -0.4883D-01
  -0.1579D-02  -0.6278D-02  -0.3662D-02  -0.9218D-02  -0.1579D-02  -0.6278D-02  -0.3662D-02  -0.9218D-02
  2.000  1.000
  -0.1031D+01   0.0000D+00  -0.1046D+01   0.0000D+00   0.0000D+00   0.0000D+00  -0.8984D+00   0.0000D+00  -0.1031D+01   0.0000D+00  -0.1046D+01   0.0000D+00
   0.5295D+00   0.0000D+00   0.9151D-01   0.0000D+00   0.1581D+00   0.0000D+00   0.1767D+00   0.0000D+00   0.3928D-01   0.0000D+00   0.0000D+00   0.0000D+00   0.5295D+00   0.0000D+00   0.9151D-01   0.0000D+00   0.1581D+00   0.0000D+00
   0.0000D+00   0.0000D+00   0.0000D+00   0.0000D+00   0.0000D+00   0.0000D+00   0.0000D+00   0.0000D+00
  -0.9836D+00   0.1370D+00  -0.1103D+01   0.8231D-01   0.8270D-01  -0.8340D-01  -0.1014D+01   0.2986D-02  -0.9836D+00   0.1370D+00  -0.1103D+01   0.8231D-01
   0.5424D+00  -0.1793D-01   0.9531D-01  -0.6382D-02   0.1154D+00  -0.4506D-01   0.1891D+00   0.0000D+00   0.4623D-01   0.4455D-02  -0.1957D-02   0.1458D-01   0.5424D+00  -0.1793D-01   0.9531D-01  -0.6382D-02   0.1154D+00  -0.4506D-01
  -0.1457D-02  -0.5794D-02  -0.3380D-02  -0.8507D-02  -0.1457D-02  -0.5794D-02  -0.3380D-02  -0.8507D-02
  2.000  2.000
  -0.9567D+00   0.0000D+00  -0.9710D+00   0.0000D+00   0.0000D+00   0.0000D+00  -0.8341D+00   0.0000D+00  -0.9567D+00   0.0000D+00  -0.9710D+00   0.0000D+00
   0.5295D+00   0.0000D+00   0.9151D-01   0.0000D+00   0.1581D+00   0.0000D+00   0.1767D+00   0.0000D+00   0.3928D-01   0.0000D+00   0.0000D+00   0.0000D+00   0.5295D+00   0.0000D+00   0.9151D-01   0.0000D+00   0.1581D+00   0.0000D+00
   0.0000D+00   0.0000D+00   0.0000D+00   0.0000D+00   0.0000D+00   0.0000D+00   0.0000D+00   0.0000D+00
  -0.9895D+00   0.1181D+00  -0.1095D+01   0.7094D-01   0.7128D-01  -0.7187D-01  -0.9974D+00   0.2573D-02  -0.9895D+00   0.1181D+00  -0.1095D+01   0.7094D-01
   0.5416D+00  -0.1665D-01   0.9506D-01  -0.5924D-02   0.1185D+00  -0.4183D-01   0.1882D+00   0.0000D+00   0.4574D-01   0.4136D-02  -0.1816D-02   0.1354D-01   0.5416D+00  -0.1665D-01   0.9506D-01  -0.5924D-02   0.1185D+00  -0.4183D-01
  -0.1352D-02  -0.5379D-02  -0.3138D-02  -0.7898D-02  -0.1352D-02  -0.5379D-02  -0.3138D-02  -0.7898D-02
