 LHC=           1 sqrts=   8000.0000000000000      ang=           4 mode=fital                                                                                               scalescheme=           1 R=  0.69999999999999996     
 CT10nlo_rand5678                                                                                             211
 Bin information: chid, chiu, md, mu, mu0
   0.0000000000000000       0.50000000000000000        468.00000000000000        507.00000000000000        487.50000000000000     
 9 scales(muf, mur)*(LO(38), NLO(38))
  0.500  0.500
  -0.9010D+00   0.0000D+00  -0.8384D+00   0.0000D+00   0.0000D+00   0.0000D+00  -0.6727D+00   0.0000D+00  -0.9010D+00   0.0000D+00  -0.8384D+00   0.0000D+00
   0.5610D+00   0.0000D+00   0.9465D-01   0.0000D+00   0.1798D+00   0.0000D+00   0.1721D+00   0.0000D+00   0.3825D-01   0.0000D+00   0.0000D+00   0.0000D+00   0.5610D+00   0.0000D+00   0.9465D-01   0.0000D+00   0.1798D+00   0.0000D+00
   0.0000D+00   0.0000D+00   0.0000D+00   0.0000D+00   0.0000D+00   0.0000D+00   0.0000D+00   0.0000D+00
  -0.6792D+00   0.1153D+00  -0.7233D+00   0.6899D-01   0.7037D-01  -0.6604D-01  -0.6197D+00   0.5278D-02  -0.6792D+00   0.1153D+00  -0.7233D+00   0.6899D-01
   0.4933D+00  -0.2158D-01   0.8531D-01  -0.7387D-02   0.1057D+00  -0.5068D-01   0.1615D+00   0.0000D+00   0.4001D-01   0.4590D-02  -0.2762D-02   0.1502D-01   0.4933D+00  -0.2158D-01   0.8531D-01  -0.7387D-02   0.1057D+00  -0.5068D-01
  -0.1845D-02  -0.6579D-02  -0.3684D-02  -0.9038D-02  -0.1845D-02  -0.6579D-02  -0.3684D-02  -0.9038D-02
  0.500  1.000
  -0.8264D+00   0.0000D+00  -0.7689D+00   0.0000D+00   0.0000D+00   0.0000D+00  -0.6169D+00   0.0000D+00  -0.8264D+00   0.0000D+00  -0.7689D+00   0.0000D+00
   0.5610D+00   0.0000D+00   0.9465D-01   0.0000D+00   0.1798D+00   0.0000D+00   0.1721D+00   0.0000D+00   0.3825D-01   0.0000D+00   0.0000D+00   0.0000D+00   0.5610D+00   0.0000D+00   0.9465D-01   0.0000D+00   0.1798D+00   0.0000D+00
   0.0000D+00   0.0000D+00   0.0000D+00   0.0000D+00   0.0000D+00   0.0000D+00   0.0000D+00   0.0000D+00
  -0.7059D+00   0.9700D-01  -0.7336D+00   0.5803D-01   0.5919D-01  -0.5555D-01  -0.6218D+00   0.4440D-02  -0.7059D+00   0.9700D-01  -0.7336D+00   0.5803D-01
   0.4991D+00  -0.1979D-01   0.8611D-01  -0.6775D-02   0.1119D+00  -0.4648D-01   0.1625D+00   0.0000D+00   0.3988D-01   0.4210D-02  -0.2533D-02   0.1378D-01   0.4991D+00  -0.1979D-01   0.8611D-01  -0.6775D-02   0.1119D+00  -0.4648D-01
  -0.1692D-02  -0.6034D-02  -0.3378D-02  -0.8289D-02  -0.1692D-02  -0.6034D-02  -0.3378D-02  -0.8289D-02
  0.500  2.000
  -0.7633D+00   0.0000D+00  -0.7102D+00   0.0000D+00   0.0000D+00   0.0000D+00  -0.5698D+00   0.0000D+00  -0.7633D+00   0.0000D+00  -0.7102D+00   0.0000D+00
   0.5610D+00   0.0000D+00   0.9465D-01   0.0000D+00   0.1798D+00   0.0000D+00   0.1721D+00   0.0000D+00   0.3825D-01   0.0000D+00   0.0000D+00   0.0000D+00   0.5610D+00   0.0000D+00   0.9465D-01   0.0000D+00   0.1798D+00   0.0000D+00
   0.0000D+00   0.0000D+00   0.0000D+00   0.0000D+00   0.0000D+00   0.0000D+00   0.0000D+00   0.0000D+00
  -0.7170D+00   0.8275D-01  -0.7326D+00   0.4951D-01   0.5049D-01  -0.4739D-01  -0.6161D+00   0.3788D-02  -0.7170D+00   0.8275D-01  -0.7326D+00   0.4951D-01
   0.5040D+00  -0.1828D-01   0.8679D-01  -0.6258D-02   0.1171D+00  -0.4293D-01   0.1632D+00   0.0000D+00   0.3976D-01   0.3889D-02  -0.2339D-02   0.1273D-01   0.5040D+00  -0.1828D-01   0.8679D-01  -0.6258D-02   0.1171D+00  -0.4293D-01
  -0.1563D-02  -0.5573D-02  -0.3120D-02  -0.7656D-02  -0.1563D-02  -0.5573D-02  -0.3120D-02  -0.7656D-02
  1.000  0.500
  -0.8426D+00   0.0000D+00  -0.7813D+00   0.0000D+00   0.0000D+00   0.0000D+00  -0.6276D+00   0.0000D+00  -0.8426D+00   0.0000D+00  -0.7813D+00   0.0000D+00
   0.5255D+00   0.0000D+00   0.8840D-01   0.0000D+00   0.1681D+00   0.0000D+00   0.1605D+00   0.0000D+00   0.3566D-01   0.0000D+00   0.0000D+00   0.0000D+00   0.5255D+00   0.0000D+00   0.8840D-01   0.0000D+00   0.1681D+00   0.0000D+00
   0.0000D+00   0.0000D+00   0.0000D+00   0.0000D+00   0.0000D+00   0.0000D+00   0.0000D+00   0.0000D+00
  -0.6898D+00   0.1077D+00  -0.7252D+00   0.6454D-01   0.6681D-01  -0.6160D-01  -0.6200D+00   0.5059D-02  -0.6898D+00   0.1077D+00  -0.7252D+00   0.6454D-01
   0.4938D+00  -0.2018D-01   0.8502D-01  -0.6892D-02   0.1088D+00  -0.4727D-01   0.1602D+00   0.0000D+00   0.3958D-01   0.4276D-02  -0.2573D-02   0.1400D-01   0.4938D+00  -0.2018D-01   0.8502D-01  -0.6892D-02   0.1088D+00  -0.4727D-01
  -0.1733D-02  -0.6172D-02  -0.3447D-02  -0.8450D-02  -0.1733D-02  -0.6172D-02  -0.3447D-02  -0.8450D-02
  1.000  1.000
  -0.7728D+00   0.0000D+00  -0.7165D+00   0.0000D+00   0.0000D+00   0.0000D+00  -0.5756D+00   0.0000D+00  -0.7728D+00   0.0000D+00  -0.7165D+00   0.0000D+00
   0.5255D+00   0.0000D+00   0.8840D-01   0.0000D+00   0.1681D+00   0.0000D+00   0.1605D+00   0.0000D+00   0.3566D-01   0.0000D+00   0.0000D+00   0.0000D+00   0.5255D+00   0.0000D+00   0.8840D-01   0.0000D+00   0.1681D+00   0.0000D+00
   0.0000D+00   0.0000D+00   0.0000D+00   0.0000D+00   0.0000D+00   0.0000D+00   0.0000D+00   0.0000D+00
  -0.7061D+00   0.9061D-01  -0.7267D+00   0.5428D-01   0.5619D-01  -0.5181D-01  -0.6153D+00   0.4256D-02  -0.7061D+00   0.9061D-01  -0.7267D+00   0.5428D-01
   0.4966D+00  -0.1850D-01   0.8533D-01  -0.6321D-02   0.1138D+00  -0.4335D-01   0.1602D+00   0.0000D+00   0.3927D-01   0.3922D-02  -0.2359D-02   0.1284D-01   0.4966D+00  -0.1850D-01   0.8533D-01  -0.6321D-02   0.1138D+00  -0.4335D-01
  -0.1590D-02  -0.5661D-02  -0.3162D-02  -0.7750D-02  -0.1590D-02  -0.5661D-02  -0.3162D-02  -0.7750D-02
  1.000  2.000
  -0.7138D+00   0.0000D+00  -0.6618D+00   0.0000D+00   0.0000D+00   0.0000D+00  -0.5316D+00   0.0000D+00  -0.7138D+00   0.0000D+00  -0.6618D+00   0.0000D+00
   0.5255D+00   0.0000D+00   0.8840D-01   0.0000D+00   0.1681D+00   0.0000D+00   0.1605D+00   0.0000D+00   0.3566D-01   0.0000D+00   0.0000D+00   0.0000D+00   0.5255D+00   0.0000D+00   0.8840D-01   0.0000D+00   0.1681D+00   0.0000D+00
   0.0000D+00   0.0000D+00   0.0000D+00   0.0000D+00   0.0000D+00   0.0000D+00   0.0000D+00   0.0000D+00
  -0.7097D+00   0.7730D-01  -0.7195D+00   0.4631D-01   0.4794D-01  -0.4420D-01  -0.6048D+00   0.3631D-02  -0.7097D+00   0.7730D-01  -0.7195D+00   0.4631D-01
   0.4989D+00  -0.1709D-01   0.8559D-01  -0.5838D-02   0.1180D+00  -0.4004D-01   0.1603D+00   0.0000D+00   0.3900D-01   0.3622D-02  -0.2179D-02   0.1186D-01   0.4989D+00  -0.1709D-01   0.8559D-01  -0.5838D-02   0.1180D+00  -0.4004D-01
  -0.1468D-02  -0.5229D-02  -0.2920D-02  -0.7158D-02  -0.1468D-02  -0.5229D-02  -0.2920D-02  -0.7158D-02
  2.000  0.500
  -0.7904D+00   0.0000D+00  -0.7336D+00   0.0000D+00   0.0000D+00   0.0000D+00  -0.5868D+00   0.0000D+00  -0.7904D+00   0.0000D+00  -0.7336D+00   0.0000D+00
   0.4933D+00   0.0000D+00   0.8294D-01   0.0000D+00   0.1575D+00   0.0000D+00   0.1498D+00   0.0000D+00   0.3328D-01   0.0000D+00   0.0000D+00   0.0000D+00   0.4933D+00   0.0000D+00   0.8294D-01   0.0000D+00   0.1575D+00   0.0000D+00
   0.0000D+00   0.0000D+00   0.0000D+00   0.0000D+00   0.0000D+00   0.0000D+00   0.0000D+00   0.0000D+00
  -0.7031D+00   0.1013D+00  -0.7306D+00   0.6062D-01   0.6205D-01  -0.5768D-01  -0.6224D+00   0.4885D-02  -0.7031D+00   0.1013D+00  -0.7306D+00   0.6062D-01
   0.4955D+00  -0.1891D-01   0.8534D-01  -0.6471D-02   0.1122D+00  -0.4434D-01   0.1601D+00   0.0000D+00   0.3929D-01   0.3992D-02  -0.2634D-02   0.1306D-01   0.4955D+00  -0.1891D-01   0.8534D-01  -0.6471D-02   0.1122D+00  -0.4434D-01
  -0.1634D-02  -0.5811D-02  -0.3240D-02  -0.7927D-02  -0.1634D-02  -0.5811D-02  -0.3240D-02  -0.7927D-02
  2.000  1.000
  -0.7249D+00   0.0000D+00  -0.6727D+00   0.0000D+00   0.0000D+00   0.0000D+00  -0.5381D+00   0.0000D+00  -0.7249D+00   0.0000D+00  -0.6727D+00   0.0000D+00
   0.4933D+00   0.0000D+00   0.8294D-01   0.0000D+00   0.1575D+00   0.0000D+00   0.1498D+00   0.0000D+00   0.3328D-01   0.0000D+00   0.0000D+00   0.0000D+00   0.4933D+00   0.0000D+00   0.8294D-01   0.0000D+00   0.1575D+00   0.0000D+00
   0.0000D+00   0.0000D+00   0.0000D+00   0.0000D+00   0.0000D+00   0.0000D+00   0.0000D+00   0.0000D+00
  -0.7095D+00   0.8516D-01  -0.7242D+00   0.5099D-01   0.5219D-01  -0.4851D-01  -0.6112D+00   0.4109D-02  -0.7095D+00   0.8516D-01  -0.7242D+00   0.5099D-01
   0.4954D+00  -0.1734D-01   0.8517D-01  -0.5934D-02   0.1160D+00  -0.4066D-01   0.1593D+00   0.0000D+00   0.3880D-01   0.3661D-02  -0.2415D-02   0.1198D-01   0.4954D+00  -0.1734D-01   0.8517D-01  -0.5934D-02   0.1160D+00  -0.4066D-01
  -0.1499D-02  -0.5330D-02  -0.2971D-02  -0.7269D-02  -0.1499D-02  -0.5330D-02  -0.2971D-02  -0.7269D-02
  2.000  2.000
  -0.6695D+00   0.0000D+00  -0.6214D+00   0.0000D+00   0.0000D+00   0.0000D+00  -0.4971D+00   0.0000D+00  -0.6695D+00   0.0000D+00  -0.6214D+00   0.0000D+00
   0.4933D+00   0.0000D+00   0.8294D-01   0.0000D+00   0.1575D+00   0.0000D+00   0.1498D+00   0.0000D+00   0.3328D-01   0.0000D+00   0.0000D+00   0.0000D+00   0.4933D+00   0.0000D+00   0.8294D-01   0.0000D+00   0.1575D+00   0.0000D+00
   0.0000D+00   0.0000D+00   0.0000D+00   0.0000D+00   0.0000D+00   0.0000D+00   0.0000D+00   0.0000D+00
  -0.7059D+00   0.7266D-01  -0.7112D+00   0.4350D-01   0.4452D-01  -0.4139D-01  -0.5961D+00   0.3505D-02  -0.7059D+00   0.7266D-01  -0.7112D+00   0.4350D-01
   0.4954D+00  -0.1602D-01   0.8502D-01  -0.5481D-02   0.1192D+00  -0.3756D-01   0.1586D+00   0.0000D+00   0.3839D-01   0.3381D-02  -0.2231D-02   0.1107D-01   0.4954D+00  -0.1602D-01   0.8502D-01  -0.5481D-02   0.1192D+00  -0.3756D-01
  -0.1385D-02  -0.4923D-02  -0.2745D-02  -0.6715D-02  -0.1385D-02  -0.4923D-02  -0.2745D-02  -0.6715D-02
