 LHC=           1 sqrts=   8000.0000000000000      ang=           4 mode=fital                                                                                               scalescheme=           1 R=  0.69999999999999996     
 CT10nlo_rand5678                                                                                             211
 Bin information: chid, chiu, md, mu, mu0
   0.0000000000000000       0.50000000000000000        846.00000000000000        905.00000000000000        875.50000000000000     
 9 scales(muf, mur)*(LO(38), NLO(38))
  0.500  0.500
  -0.2159D+00   0.0000D+00  -0.1611D+00   0.0000D+00   0.0000D+00   0.0000D+00  -0.9530D-01   0.0000D+00  -0.2159D+00   0.0000D+00  -0.1611D+00   0.0000D+00
   0.3751D+00   0.0000D+00   0.5935D-01   0.0000D+00   0.1444D+00   0.0000D+00   0.8109D-01   0.0000D+00   0.1802D-01   0.0000D+00   0.0000D+00   0.0000D+00   0.3751D+00   0.0000D+00   0.5935D-01   0.0000D+00   0.1444D+00   0.0000D+00
   0.0000D+00   0.0000D+00   0.0000D+00   0.0000D+00   0.0000D+00   0.0000D+00   0.0000D+00   0.0000D+00
  -0.1714D+00   0.1990D-01  -0.1406D+00   0.1158D-01   0.1206D-01  -0.8698D-02  -0.8564D-01   0.2839D-02  -0.1714D+00   0.1990D-01  -0.1406D+00   0.1158D-01
   0.2921D+00  -0.1608D-01   0.4761D-01  -0.4927D-02   0.8036D-01  -0.3088D-01   0.7020D-01   0.0000D+00   0.1728D-01   0.2009D-02  -0.2692D-02   0.6575D-02   0.2921D+00  -0.1608D-01   0.4761D-01  -0.4927D-02   0.8036D-01  -0.3088D-01
  -0.1574D-02  -0.4420D-02  -0.2077D-02  -0.4716D-02  -0.1574D-02  -0.4420D-02  -0.2077D-02  -0.4716D-02
  0.500  1.000
  -0.1992D+00   0.0000D+00  -0.1486D+00   0.0000D+00   0.0000D+00   0.0000D+00  -0.8793D-01   0.0000D+00  -0.1992D+00   0.0000D+00  -0.1486D+00   0.0000D+00
   0.3751D+00   0.0000D+00   0.5935D-01   0.0000D+00   0.1444D+00   0.0000D+00   0.8109D-01   0.0000D+00   0.1802D-01   0.0000D+00   0.0000D+00   0.0000D+00   0.3751D+00   0.0000D+00   0.5935D-01   0.0000D+00   0.1444D+00   0.0000D+00
   0.0000D+00   0.0000D+00   0.0000D+00   0.0000D+00   0.0000D+00   0.0000D+00   0.0000D+00   0.0000D+00
  -0.1762D+00   0.1695D-01  -0.1423D+00   0.9861D-02   0.1027D-01  -0.7405D-02  -0.8628D-01   0.2417D-02  -0.1762D+00   0.1695D-01  -0.1423D+00   0.9861D-02
   0.2986D+00  -0.1484D-01   0.4852D-01  -0.4546D-02   0.8533D-01  -0.2850D-01   0.7105D-01   0.0000D+00   0.1734D-01   0.1854D-02  -0.2484D-02   0.6067D-02   0.2986D+00  -0.1484D-01   0.4852D-01  -0.4546D-02   0.8533D-01  -0.2850D-01
  -0.1452D-02  -0.4078D-02  -0.1916D-02  -0.4352D-02  -0.1452D-02  -0.4078D-02  -0.1916D-02  -0.4352D-02
  0.500  2.000
  -0.1849D+00   0.0000D+00  -0.1380D+00   0.0000D+00   0.0000D+00   0.0000D+00  -0.8164D-01   0.0000D+00  -0.1849D+00   0.0000D+00  -0.1380D+00   0.0000D+00
   0.3751D+00   0.0000D+00   0.5935D-01   0.0000D+00   0.1444D+00   0.0000D+00   0.8109D-01   0.0000D+00   0.1802D-01   0.0000D+00   0.0000D+00   0.0000D+00   0.3751D+00   0.0000D+00   0.5935D-01   0.0000D+00   0.1444D+00   0.0000D+00
   0.0000D+00   0.0000D+00   0.0000D+00   0.0000D+00   0.0000D+00   0.0000D+00   0.0000D+00   0.0000D+00
  -0.1780D+00   0.1461D-01  -0.1421D+00   0.8500D-02   0.8849D-02  -0.6383D-02  -0.8588D-01   0.2084D-02  -0.1780D+00   0.1461D-01  -0.1421D+00   0.8500D-02
   0.3041D+00  -0.1378D-01   0.4931D-01  -0.4221D-02   0.8957D-01  -0.2646D-01   0.7178D-01   0.0000D+00   0.1739D-01   0.1721D-02  -0.2306D-02   0.5633D-02   0.3041D+00  -0.1378D-01   0.4931D-01  -0.4221D-02   0.8957D-01  -0.2646D-01
  -0.1348D-02  -0.3787D-02  -0.1779D-02  -0.4040D-02  -0.1348D-02  -0.3787D-02  -0.1779D-02  -0.4040D-02
  1.000  0.500
  -0.1947D+00   0.0000D+00  -0.1454D+00   0.0000D+00   0.0000D+00   0.0000D+00  -0.8553D-01   0.0000D+00  -0.1947D+00   0.0000D+00  -0.1454D+00   0.0000D+00
   0.3381D+00   0.0000D+00   0.5343D-01   0.0000D+00   0.1302D+00   0.0000D+00   0.7262D-01   0.0000D+00   0.1614D-01   0.0000D+00   0.0000D+00   0.0000D+00   0.3381D+00   0.0000D+00   0.5343D-01   0.0000D+00   0.1302D+00   0.0000D+00
   0.0000D+00   0.0000D+00   0.0000D+00   0.0000D+00   0.0000D+00   0.0000D+00   0.0000D+00   0.0000D+00
  -0.1734D+00   0.1793D-01  -0.1419D+00   0.1043D-01   0.1081D-01  -0.7812D-02  -0.8574D-01   0.2579D-02  -0.1734D+00   0.1793D-01  -0.1419D+00   0.1043D-01
   0.2958D+00  -0.1452D-01   0.4804D-01  -0.4446D-02   0.8549D-01  -0.2780D-01   0.7031D-01   0.0000D+00   0.1716D-01   0.1799D-02  -0.2481D-02   0.5888D-02   0.2958D+00  -0.1452D-01   0.4804D-01  -0.4446D-02   0.8549D-01  -0.2780D-01
  -0.1421D-02  -0.3979D-02  -0.1871D-02  -0.4233D-02  -0.1421D-02  -0.3979D-02  -0.1871D-02  -0.4233D-02
  1.000  1.000
  -0.1797D+00   0.0000D+00  -0.1341D+00   0.0000D+00   0.0000D+00   0.0000D+00  -0.7892D-01   0.0000D+00  -0.1797D+00   0.0000D+00  -0.1341D+00   0.0000D+00
   0.3381D+00   0.0000D+00   0.5343D-01   0.0000D+00   0.1302D+00   0.0000D+00   0.7262D-01   0.0000D+00   0.1614D-01   0.0000D+00   0.0000D+00   0.0000D+00   0.3381D+00   0.0000D+00   0.5343D-01   0.0000D+00   0.1302D+00   0.0000D+00
   0.0000D+00   0.0000D+00   0.0000D+00   0.0000D+00   0.0000D+00   0.0000D+00   0.0000D+00   0.0000D+00
  -0.1750D+00   0.1527D-01  -0.1412D+00   0.8878D-02   0.9205D-02  -0.6651D-02  -0.8500D-01   0.2196D-02  -0.1750D+00   0.1527D-01  -0.1412D+00   0.8878D-02
   0.2991D+00  -0.1340D-01   0.4847D-01  -0.4102D-02   0.8897D-01  -0.2565D-01   0.7050D-01   0.0000D+00   0.1708D-01   0.1660D-02  -0.2290D-02   0.5433D-02   0.2991D+00  -0.1340D-01   0.4847D-01  -0.4102D-02   0.8897D-01  -0.2565D-01
  -0.1311D-02  -0.3672D-02  -0.1727D-02  -0.3906D-02  -0.1311D-02  -0.3672D-02  -0.1727D-02  -0.3906D-02
  1.000  2.000
  -0.1668D+00   0.0000D+00  -0.1245D+00   0.0000D+00   0.0000D+00   0.0000D+00  -0.7327D-01   0.0000D+00  -0.1668D+00   0.0000D+00  -0.1245D+00   0.0000D+00
   0.3381D+00   0.0000D+00   0.5343D-01   0.0000D+00   0.1302D+00   0.0000D+00   0.7262D-01   0.0000D+00   0.1614D-01   0.0000D+00   0.0000D+00   0.0000D+00   0.3381D+00   0.0000D+00   0.5343D-01   0.0000D+00   0.1302D+00   0.0000D+00
   0.0000D+00   0.0000D+00   0.0000D+00   0.0000D+00   0.0000D+00   0.0000D+00   0.0000D+00   0.0000D+00
  -0.1743D+00   0.1316D-01  -0.1393D+00   0.7653D-02   0.7935D-02  -0.5733D-02  -0.8359D-01   0.1893D-02  -0.1743D+00   0.1316D-01  -0.1393D+00   0.7653D-02
   0.3020D+00  -0.1244D-01   0.4883D-01  -0.3809D-02   0.9194D-01  -0.2381D-01   0.7066D-01   0.0000D+00   0.1702D-01   0.1541D-02  -0.2126D-02   0.5044D-02   0.3020D+00  -0.1244D-01   0.4883D-01  -0.3809D-02   0.9194D-01  -0.2381D-01
  -0.1217D-02  -0.3409D-02  -0.1603D-02  -0.3626D-02  -0.1217D-02  -0.3409D-02  -0.1603D-02  -0.3626D-02
  2.000  0.500
  -0.1772D+00   0.0000D+00  -0.1319D+00   0.0000D+00   0.0000D+00   0.0000D+00  -0.7734D-01   0.0000D+00  -0.1772D+00   0.0000D+00  -0.1319D+00   0.0000D+00
   0.3066D+00   0.0000D+00   0.4846D-01   0.0000D+00   0.1185D+00   0.0000D+00   0.6547D-01   0.0000D+00   0.1455D-01   0.0000D+00   0.0000D+00   0.0000D+00   0.3066D+00   0.0000D+00   0.4846D-01   0.0000D+00   0.1185D+00   0.0000D+00
   0.0000D+00   0.0000D+00   0.0000D+00   0.0000D+00   0.0000D+00   0.0000D+00   0.0000D+00   0.0000D+00
  -0.1769D+00   0.1628D-01  -0.1426D+00   0.9462D-02   0.9891D-02  -0.7053D-02  -0.8607D-01   0.2366D-02  -0.1769D+00   0.1628D-01  -0.1426D+00   0.9462D-02
   0.3000D+00  -0.1319D-01   0.4872D-01  -0.4033D-02   0.8998D-01  -0.2522D-01   0.7059D-01   0.0000D+00   0.1706D-01   0.1622D-02  -0.2183D-02   0.5309D-02   0.3000D+00  -0.1319D-01   0.4872D-01  -0.4033D-02   0.8998D-01  -0.2522D-01
  -0.1294D-02  -0.3603D-02  -0.1698D-02  -0.3828D-02  -0.1294D-02  -0.3603D-02  -0.1698D-02  -0.3828D-02
  2.000  1.000
  -0.1635D+00   0.0000D+00  -0.1217D+00   0.0000D+00   0.0000D+00   0.0000D+00  -0.7136D-01   0.0000D+00  -0.1635D+00   0.0000D+00  -0.1217D+00   0.0000D+00
   0.3066D+00   0.0000D+00   0.4846D-01   0.0000D+00   0.1185D+00   0.0000D+00   0.6547D-01   0.0000D+00   0.1455D-01   0.0000D+00   0.0000D+00   0.0000D+00   0.3066D+00   0.0000D+00   0.4846D-01   0.0000D+00   0.1185D+00   0.0000D+00
   0.0000D+00   0.0000D+00   0.0000D+00   0.0000D+00   0.0000D+00   0.0000D+00   0.0000D+00   0.0000D+00
  -0.1755D+00   0.1386D-01  -0.1399D+00   0.8056D-02   0.8422D-02  -0.6005D-02  -0.8413D-01   0.2014D-02  -0.1755D+00   0.1386D-01  -0.1399D+00   0.8056D-02
   0.3006D+00  -0.1217D-01   0.4870D-01  -0.3721D-02   0.9220D-01  -0.2327D-01   0.7020D-01   0.0000D+00   0.1687D-01   0.1497D-02  -0.2015D-02   0.4899D-02   0.3006D+00  -0.1217D-01   0.4870D-01  -0.3721D-02   0.9220D-01  -0.2327D-01
  -0.1194D-02  -0.3324D-02  -0.1567D-02  -0.3532D-02  -0.1194D-02  -0.3324D-02  -0.1567D-02  -0.3532D-02
  2.000  2.000
  -0.1518D+00   0.0000D+00  -0.1130D+00   0.0000D+00   0.0000D+00   0.0000D+00  -0.6625D-01   0.0000D+00  -0.1518D+00   0.0000D+00  -0.1130D+00   0.0000D+00
   0.3066D+00   0.0000D+00   0.4846D-01   0.0000D+00   0.1185D+00   0.0000D+00   0.6547D-01   0.0000D+00   0.1455D-01   0.0000D+00   0.0000D+00   0.0000D+00   0.3066D+00   0.0000D+00   0.4846D-01   0.0000D+00   0.1185D+00   0.0000D+00
   0.0000D+00   0.0000D+00   0.0000D+00   0.0000D+00   0.0000D+00   0.0000D+00   0.0000D+00   0.0000D+00
  -0.1726D+00   0.1195D-01  -0.1365D+00   0.6944D-02   0.7260D-02  -0.5176D-02  -0.8186D-01   0.1736D-02  -0.1726D+00   0.1195D-01  -0.1365D+00   0.6944D-02
   0.3010D+00  -0.1130D-01   0.4869D-01  -0.3455D-02   0.9410D-01  -0.2160D-01   0.6987D-01   0.0000D+00   0.1670D-01   0.1390D-02  -0.1870D-02   0.4548D-02   0.3010D+00  -0.1130D-01   0.4869D-01  -0.3455D-02   0.9410D-01  -0.2160D-01
  -0.1108D-02  -0.3086D-02  -0.1455D-02  -0.3280D-02  -0.1108D-02  -0.3086D-02  -0.1455D-02  -0.3280D-02
