 LHC=           1 sqrts=   8000.0000000000000      ang=           4 mode=fital                                                                                               scalescheme=           1 R=  0.69999999999999996     
 CT10nlo_rand5678                                                                                             211
 Bin information: chid, chiu, md, mu, mu0
   0.0000000000000000       0.50000000000000000        1784.0000000000000        2116.0000000000000        1950.0000000000000     
 9 scales(muf, mur)*(LO(38), NLO(38))
  0.500  0.500
  -0.7785D-02   0.0000D+00  -0.5320D-02   0.0000D+00   0.0000D+00   0.0000D+00  -0.2010D-02   0.0000D+00  -0.7785D-02   0.0000D+00  -0.5320D-02   0.0000D+00
   0.6027D-01   0.0000D+00   0.9061D-02   0.0000D+00   0.2599D-01   0.0000D+00   0.7371D-02   0.0000D+00   0.1638D-02   0.0000D+00   0.0000D+00   0.0000D+00   0.6027D-01   0.0000D+00   0.9061D-02   0.0000D+00   0.2599D-01   0.0000D+00
   0.0000D+00   0.0000D+00   0.0000D+00   0.0000D+00   0.0000D+00   0.0000D+00   0.0000D+00   0.0000D+00
  -0.6852D-02   0.5796D-03  -0.4884D-02   0.3134D-03   0.1883D-03  -0.1677D-03  -0.1758D-02   0.1440D-03  -0.6852D-02   0.5796D-03  -0.4884D-02   0.3134D-03
   0.4568D-01  -0.2648D-02   0.7001D-02  -0.7613D-03   0.1576D-01  -0.4482D-02   0.6206D-02   0.0000D+00   0.1522D-02   0.1669D-03  -0.3787D-03   0.5462D-03   0.4568D-01  -0.2648D-02   0.7001D-02  -0.7613D-03   0.1576D-01  -0.4482D-02
  -0.2980D-03  -0.6622D-03  -0.2839D-03  -0.5613D-03  -0.2980D-03  -0.6622D-03  -0.2839D-03  -0.5613D-03
  0.500  1.000
  -0.7232D-02   0.0000D+00  -0.4942D-02   0.0000D+00   0.0000D+00   0.0000D+00  -0.1867D-02   0.0000D+00  -0.7232D-02   0.0000D+00  -0.4942D-02   0.0000D+00
   0.6027D-01   0.0000D+00   0.9061D-02   0.0000D+00   0.2599D-01   0.0000D+00   0.7371D-02   0.0000D+00   0.1638D-02   0.0000D+00   0.0000D+00   0.0000D+00   0.6027D-01   0.0000D+00   0.9061D-02   0.0000D+00   0.2599D-01   0.0000D+00
   0.0000D+00   0.0000D+00   0.0000D+00   0.0000D+00   0.0000D+00   0.0000D+00   0.0000D+00   0.0000D+00
  -0.6925D-02   0.5003D-03  -0.4906D-02   0.2705D-03   0.1625D-03  -0.1447D-03  -0.1778D-02   0.1243D-03  -0.6925D-02   0.5003D-03  -0.4906D-02   0.2705D-03
   0.4672D-01  -0.2460D-02   0.7147D-02  -0.7073D-03   0.1649D-01  -0.4164D-02   0.6289D-02   0.0000D+00   0.1531D-02   0.1551D-03  -0.3519D-03   0.5075D-03   0.4672D-01  -0.2460D-02   0.7147D-02  -0.7073D-03   0.1649D-01  -0.4164D-02
  -0.2768D-03  -0.6152D-03  -0.2638D-03  -0.5215D-03  -0.2768D-03  -0.6152D-03  -0.2638D-03  -0.5215D-03
  0.500  2.000
  -0.6754D-02   0.0000D+00  -0.4616D-02   0.0000D+00   0.0000D+00   0.0000D+00  -0.1744D-02   0.0000D+00  -0.6754D-02   0.0000D+00  -0.4616D-02   0.0000D+00
   0.6027D-01   0.0000D+00   0.9061D-02   0.0000D+00   0.2599D-01   0.0000D+00   0.7371D-02   0.0000D+00   0.1638D-02   0.0000D+00   0.0000D+00   0.0000D+00   0.6027D-01   0.0000D+00   0.9061D-02   0.0000D+00   0.2599D-01   0.0000D+00
   0.0000D+00   0.0000D+00   0.0000D+00   0.0000D+00   0.0000D+00   0.0000D+00   0.0000D+00   0.0000D+00
  -0.6919D-02   0.4363D-03  -0.4880D-02   0.2359D-03   0.1417D-03  -0.1262D-03  -0.1778D-02   0.1084D-03  -0.6919D-02   0.4363D-03  -0.4880D-02   0.2359D-03
   0.4762D-01  -0.2298D-02   0.7274D-02  -0.6605D-03   0.1712D-01  -0.3889D-02   0.6361D-02   0.0000D+00   0.1538D-02   0.1448D-03  -0.3287D-03   0.4739D-03   0.4762D-01  -0.2298D-02   0.7274D-02  -0.6605D-03   0.1712D-01  -0.3889D-02
  -0.2585D-03  -0.5746D-03  -0.2463D-03  -0.4870D-03  -0.2585D-03  -0.5746D-03  -0.2463D-03  -0.4870D-03
  1.000  0.500
  -0.6525D-02   0.0000D+00  -0.4464D-02   0.0000D+00   0.0000D+00   0.0000D+00  -0.1682D-02   0.0000D+00  -0.6525D-02   0.0000D+00  -0.4464D-02   0.0000D+00
   0.5050D-01   0.0000D+00   0.7591D-02   0.0000D+00   0.2177D-01   0.0000D+00   0.6154D-02   0.0000D+00   0.1367D-02   0.0000D+00   0.0000D+00   0.0000D+00   0.5050D-01   0.0000D+00   0.7591D-02   0.0000D+00   0.2177D-01   0.0000D+00
   0.0000D+00   0.0000D+00   0.0000D+00   0.0000D+00   0.0000D+00   0.0000D+00   0.0000D+00   0.0000D+00
  -0.6898D-02   0.4863D-03  -0.4877D-02   0.2627D-03   0.1551D-03  -0.1403D-03  -0.1770D-02   0.1210D-03  -0.6898D-02   0.4863D-03  -0.4877D-02   0.2627D-03
   0.4716D-01  -0.2218D-02   0.7198D-02  -0.6378D-03   0.1708D-01  -0.3755D-02   0.6281D-02   0.0000D+00   0.1515D-02   0.1393D-03  -0.3175D-03   0.4560D-03   0.4716D-01  -0.2218D-02   0.7198D-02  -0.6378D-03   0.1708D-01  -0.3755D-02
  -0.2498D-03  -0.5553D-03  -0.2380D-03  -0.4697D-03  -0.2498D-03  -0.5553D-03  -0.2380D-03  -0.4697D-03
  1.000  1.000
  -0.6062D-02   0.0000D+00  -0.4147D-02   0.0000D+00   0.0000D+00   0.0000D+00  -0.1563D-02   0.0000D+00  -0.6062D-02   0.0000D+00  -0.4147D-02   0.0000D+00
   0.5050D-01   0.0000D+00   0.7591D-02   0.0000D+00   0.2177D-01   0.0000D+00   0.6154D-02   0.0000D+00   0.1367D-02   0.0000D+00   0.0000D+00   0.0000D+00   0.5050D-01   0.0000D+00   0.7591D-02   0.0000D+00   0.2177D-01   0.0000D+00
   0.0000D+00   0.0000D+00   0.0000D+00   0.0000D+00   0.0000D+00   0.0000D+00   0.0000D+00   0.0000D+00
  -0.6801D-02   0.4197D-03  -0.4789D-02   0.2267D-03   0.1339D-03  -0.1211D-03  -0.1746D-02   0.1044D-03  -0.6801D-02   0.4197D-03  -0.4789D-02   0.2267D-03
   0.4740D-01  -0.2061D-02   0.7227D-02  -0.5926D-03   0.1741D-01  -0.3489D-02   0.6272D-02   0.0000D+00   0.1505D-02   0.1295D-03  -0.2950D-03   0.4237D-03   0.4740D-01  -0.2061D-02   0.7227D-02  -0.5926D-03   0.1741D-01  -0.3489D-02
  -0.2321D-03  -0.5159D-03  -0.2211D-03  -0.4364D-03  -0.2321D-03  -0.5159D-03  -0.2211D-03  -0.4364D-03
  1.000  2.000
  -0.5661D-02   0.0000D+00  -0.3873D-02   0.0000D+00   0.0000D+00   0.0000D+00  -0.1459D-02   0.0000D+00  -0.5661D-02   0.0000D+00  -0.3873D-02   0.0000D+00
   0.5050D-01   0.0000D+00   0.7591D-02   0.0000D+00   0.2177D-01   0.0000D+00   0.6154D-02   0.0000D+00   0.1367D-02   0.0000D+00   0.0000D+00   0.0000D+00   0.5050D-01   0.0000D+00   0.7591D-02   0.0000D+00   0.2177D-01   0.0000D+00
   0.0000D+00   0.0000D+00   0.0000D+00   0.0000D+00   0.0000D+00   0.0000D+00   0.0000D+00   0.0000D+00
  -0.6669D-02   0.3661D-03  -0.4681D-02   0.1977D-03   0.1168D-03  -0.1056D-03  -0.1713D-02   0.9107D-04  -0.6669D-02   0.3661D-03  -0.4681D-02   0.1977D-03
   0.4761D-01  -0.1925D-02   0.7251D-02  -0.5534D-03   0.1770D-01  -0.3258D-02   0.6264D-02   0.0000D+00   0.1496D-02   0.1209D-03  -0.2755D-03   0.3957D-03   0.4761D-01  -0.1925D-02   0.7251D-02  -0.5534D-03   0.1770D-01  -0.3258D-02
  -0.2168D-03  -0.4818D-03  -0.2065D-03  -0.4075D-03  -0.2168D-03  -0.4818D-03  -0.2065D-03  -0.4075D-03
  2.000  0.500
  -0.5531D-02   0.0000D+00  -0.3789D-02   0.0000D+00   0.0000D+00   0.0000D+00  -0.1425D-02   0.0000D+00  -0.5531D-02   0.0000D+00  -0.3789D-02   0.0000D+00
   0.4280D-01   0.0000D+00   0.6435D-02   0.0000D+00   0.1845D-01   0.0000D+00   0.5199D-02   0.0000D+00   0.1155D-02   0.0000D+00   0.0000D+00   0.0000D+00   0.4280D-01   0.0000D+00   0.6435D-02   0.0000D+00   0.1845D-01   0.0000D+00
   0.0000D+00   0.0000D+00   0.0000D+00   0.0000D+00   0.0000D+00   0.0000D+00   0.0000D+00   0.0000D+00
  -0.6828D-02   0.4126D-03  -0.4812D-02   0.2228D-03   0.1306D-03  -0.1189D-03  -0.1753D-02   0.1028D-03  -0.6828D-02   0.4126D-03  -0.4812D-02   0.2228D-03
   0.4761D-01  -0.1880D-02   0.7247D-02  -0.5405D-03   0.1776D-01  -0.3181D-02   0.6242D-02   0.0000D+00   0.1489D-02   0.1177D-03  -0.2665D-03   0.3853D-03   0.4761D-01  -0.1880D-02   0.7247D-02  -0.5405D-03   0.1776D-01  -0.3181D-02
  -0.2119D-03  -0.4696D-03  -0.2019D-03  -0.3981D-03  -0.2119D-03  -0.4696D-03  -0.2019D-03  -0.3981D-03
  2.000  1.000
  -0.5139D-02   0.0000D+00  -0.3520D-02   0.0000D+00   0.0000D+00   0.0000D+00  -0.1324D-02   0.0000D+00  -0.5139D-02   0.0000D+00  -0.3520D-02   0.0000D+00
   0.4280D-01   0.0000D+00   0.6435D-02   0.0000D+00   0.1845D-01   0.0000D+00   0.5199D-02   0.0000D+00   0.1155D-02   0.0000D+00   0.0000D+00   0.0000D+00   0.4280D-01   0.0000D+00   0.6435D-02   0.0000D+00   0.1845D-01   0.0000D+00
   0.0000D+00   0.0000D+00   0.0000D+00   0.0000D+00   0.0000D+00   0.0000D+00   0.0000D+00   0.0000D+00
  -0.6611D-02   0.3562D-03  -0.4646D-02   0.1923D-03   0.1128D-03  -0.1026D-03  -0.1698D-02   0.8873D-04  -0.6611D-02   0.3562D-03  -0.4646D-02   0.1923D-03
   0.4727D-01  -0.1747D-02   0.7190D-02  -0.5022D-03   0.1781D-01  -0.2956D-02   0.6168D-02   0.0000D+00   0.1465D-02   0.1094D-03  -0.2476D-03   0.3580D-03   0.4727D-01  -0.1747D-02   0.7190D-02  -0.5022D-03   0.1781D-01  -0.2956D-02
  -0.1969D-03  -0.4363D-03  -0.1875D-03  -0.3699D-03  -0.1969D-03  -0.4363D-03  -0.1875D-03  -0.3699D-03
  2.000  2.000
  -0.4799D-02   0.0000D+00  -0.3287D-02   0.0000D+00   0.0000D+00   0.0000D+00  -0.1236D-02   0.0000D+00  -0.4799D-02   0.0000D+00  -0.3287D-02   0.0000D+00
   0.4280D-01   0.0000D+00   0.6435D-02   0.0000D+00   0.1845D-01   0.0000D+00   0.5199D-02   0.0000D+00   0.1155D-02   0.0000D+00   0.0000D+00   0.0000D+00   0.4280D-01   0.0000D+00   0.6435D-02   0.0000D+00   0.1845D-01   0.0000D+00
   0.0000D+00   0.0000D+00   0.0000D+00   0.0000D+00   0.0000D+00   0.0000D+00   0.0000D+00   0.0000D+00
  -0.6391D-02   0.3106D-03  -0.4480D-02   0.1677D-03   0.9836D-04  -0.8947D-04  -0.1642D-02   0.7739D-04  -0.6391D-02   0.3106D-03  -0.4480D-02   0.1677D-03
   0.4698D-01  -0.1631D-02   0.7141D-02  -0.4690D-03   0.1785D-01  -0.2760D-02   0.6105D-02   0.0000D+00   0.1445D-02   0.1021D-03  -0.2313D-03   0.3343D-03   0.4698D-01  -0.1631D-02   0.7141D-02  -0.4690D-03   0.1785D-01  -0.2760D-02
  -0.1839D-03  -0.4075D-03  -0.1751D-03  -0.3454D-03  -0.1839D-03  -0.4075D-03  -0.1751D-03  -0.3454D-03
