 LHC=           1 sqrts=   8000.0000000000000      ang=           4 mode=fital                                                                                               scalescheme=           1 R=  0.69999999999999996     
 CT10nlo_rand5678                                                                                             202
 Bin information: chid, chiu, md, mu, mu0
   0.0000000000000000       0.50000000000000000        592.00000000000000        638.00000000000000        615.00000000000000     
 9 scales(muf, mur)*(LO(38), NLO(38))
  0.500  0.500
  -0.5778D+00   0.0000D+00  -0.5133D+00   0.0000D+00   0.0000D+00   0.0000D+00  -0.3715D+00   0.0000D+00  -0.5778D+00   0.0000D+00  -0.5133D+00   0.0000D+00
   0.5500D+00   0.0000D+00   0.9149D-01   0.0000D+00   0.1853D+00   0.0000D+00   0.1487D+00   0.0000D+00   0.3305D-01   0.0000D+00   0.0000D+00   0.0000D+00   0.5500D+00   0.0000D+00   0.9149D-01   0.0000D+00   0.1853D+00   0.0000D+00
   0.0000D+00   0.0000D+00   0.0000D+00   0.0000D+00   0.0000D+00   0.0000D+00   0.0000D+00   0.0000D+00
  -0.4374D+00   0.6757D-01  -0.4434D+00   0.3954D-01   0.4152D-01  -0.3544D-01  -0.3386D+00   0.5667D-02  -0.4374D+00   0.6757D-01  -0.4434D+00   0.3954D-01
   0.4540D+00  -0.2159D-01   0.7850D-01  -0.7151D-02   0.1025D+00  -0.4785D-01   0.1331D+00   0.0000D+00   0.3350D-01   0.3852D-02  -0.3137D-02   0.1261D-01   0.4540D+00  -0.2159D-01   0.7850D-01  -0.7151D-02   0.1025D+00  -0.4785D-01
  -0.1984D-02  -0.6300D-02  -0.3463D-02  -0.8102D-02  -0.1984D-02  -0.6300D-02  -0.3463D-02  -0.8102D-02
  0.500  1.000
  -0.5312D+00   0.0000D+00  -0.4719D+00   0.0000D+00   0.0000D+00   0.0000D+00  -0.3415D+00   0.0000D+00  -0.5312D+00   0.0000D+00  -0.4719D+00   0.0000D+00
   0.5500D+00   0.0000D+00   0.9149D-01   0.0000D+00   0.1853D+00   0.0000D+00   0.1487D+00   0.0000D+00   0.3305D-01   0.0000D+00   0.0000D+00   0.0000D+00   0.5500D+00   0.0000D+00   0.9149D-01   0.0000D+00   0.1853D+00   0.0000D+00
   0.0000D+00   0.0000D+00   0.0000D+00   0.0000D+00   0.0000D+00   0.0000D+00   0.0000D+00   0.0000D+00
  -0.4539D+00   0.5712D-01  -0.4496D+00   0.3343D-01   0.3510D-01  -0.2996D-01  -0.3403D+00   0.4791D-02  -0.4539D+00   0.5712D-01  -0.4496D+00   0.3343D-01
   0.4618D+00  -0.1985D-01   0.7957D-01  -0.6574D-02   0.1092D+00  -0.4399D-01   0.1344D+00   0.0000D+00   0.3347D-01   0.3542D-02  -0.2885D-02   0.1159D-01   0.4618D+00  -0.1985D-01   0.7957D-01  -0.6574D-02   0.1092D+00  -0.4399D-01
  -0.1824D-02  -0.5793D-02  -0.3184D-02  -0.7449D-02  -0.1824D-02  -0.5793D-02  -0.3184D-02  -0.7449D-02
  0.500  2.000
  -0.4917D+00   0.0000D+00  -0.4368D+00   0.0000D+00   0.0000D+00   0.0000D+00  -0.3161D+00   0.0000D+00  -0.4917D+00   0.0000D+00  -0.4368D+00   0.0000D+00
   0.5500D+00   0.0000D+00   0.9149D-01   0.0000D+00   0.1853D+00   0.0000D+00   0.1487D+00   0.0000D+00   0.3305D-01   0.0000D+00   0.0000D+00   0.0000D+00   0.5500D+00   0.0000D+00   0.9149D-01   0.0000D+00   0.1853D+00   0.0000D+00
   0.0000D+00   0.0000D+00   0.0000D+00   0.0000D+00   0.0000D+00   0.0000D+00   0.0000D+00   0.0000D+00
  -0.4609D+00   0.4894D-01  -0.4492D+00   0.2864D-01   0.3007D-01  -0.2567D-01  -0.3379D+00   0.4104D-02  -0.4609D+00   0.4894D-01  -0.4492D+00   0.2864D-01
   0.4685D+00  -0.1838D-01   0.8048D-01  -0.6085D-02   0.1149D+00  -0.4072D-01   0.1355D+00   0.0000D+00   0.3345D-01   0.3278D-02  -0.2670D-02   0.1073D-01   0.4685D+00  -0.1838D-01   0.8048D-01  -0.6085D-02   0.1149D+00  -0.4072D-01
  -0.1689D-02  -0.5362D-02  -0.2947D-02  -0.6895D-02  -0.1689D-02  -0.5362D-02  -0.2947D-02  -0.6895D-02
  1.000  0.500
  -0.5341D+00   0.0000D+00  -0.4756D+00   0.0000D+00   0.0000D+00   0.0000D+00  -0.3427D+00   0.0000D+00  -0.5341D+00   0.0000D+00  -0.4756D+00   0.0000D+00
   0.5081D+00   0.0000D+00   0.8417D-01   0.0000D+00   0.1716D+00   0.0000D+00   0.1374D+00   0.0000D+00   0.3052D-01   0.0000D+00   0.0000D+00   0.0000D+00   0.5081D+00   0.0000D+00   0.8417D-01   0.0000D+00   0.1716D+00   0.0000D+00
   0.0000D+00   0.0000D+00   0.0000D+00   0.0000D+00   0.0000D+00   0.0000D+00   0.0000D+00   0.0000D+00
  -0.4478D+00   0.6261D-01  -0.4483D+00   0.3655D-01   0.3848D-01  -0.3266D-01  -0.3383D+00   0.5276D-02  -0.4478D+00   0.6261D-01  -0.4483D+00   0.3655D-01
   0.4575D+00  -0.1998D-01   0.7835D-01  -0.6609D-02   0.1074D+00  -0.4417D-01   0.1333D+00   0.0000D+00   0.3322D-01   0.3555D-02  -0.2939D-02   0.1163D-01   0.4575D+00  -0.1998D-01   0.7835D-01  -0.6609D-02   0.1074D+00  -0.4417D-01
  -0.1838D-02  -0.5837D-02  -0.3205D-02  -0.7506D-02  -0.1838D-02  -0.5837D-02  -0.3205D-02  -0.7506D-02
  1.000  1.000
  -0.4911D+00   0.0000D+00  -0.4373D+00   0.0000D+00   0.0000D+00   0.0000D+00  -0.3150D+00   0.0000D+00  -0.4911D+00   0.0000D+00  -0.4373D+00   0.0000D+00
   0.5081D+00   0.0000D+00   0.8417D-01   0.0000D+00   0.1716D+00   0.0000D+00   0.1374D+00   0.0000D+00   0.3052D-01   0.0000D+00   0.0000D+00   0.0000D+00   0.5081D+00   0.0000D+00   0.8417D-01   0.0000D+00   0.1716D+00   0.0000D+00
   0.0000D+00   0.0000D+00   0.0000D+00   0.0000D+00   0.0000D+00   0.0000D+00   0.0000D+00   0.0000D+00
  -0.4564D+00   0.5292D-01  -0.4483D+00   0.3090D-01   0.3253D-01  -0.2761D-01  -0.3359D+00   0.4460D-02  -0.4564D+00   0.5292D-01  -0.4483D+00   0.3090D-01
   0.4617D+00  -0.1837D-01   0.7884D-01  -0.6077D-02   0.1126D+00  -0.4061D-01   0.1336D+00   0.0000D+00   0.3301D-01   0.3268D-02  -0.2702D-02   0.1070D-01   0.4617D+00  -0.1837D-01   0.7884D-01  -0.6077D-02   0.1126D+00  -0.4061D-01
  -0.1690D-02  -0.5367D-02  -0.2946D-02  -0.6901D-02  -0.1690D-02  -0.5367D-02  -0.2946D-02  -0.6901D-02
  1.000  2.000
  -0.4545D+00   0.0000D+00  -0.4048D+00   0.0000D+00   0.0000D+00   0.0000D+00  -0.2916D+00   0.0000D+00  -0.4545D+00   0.0000D+00  -0.4048D+00   0.0000D+00
   0.5081D+00   0.0000D+00   0.8417D-01   0.0000D+00   0.1716D+00   0.0000D+00   0.1374D+00   0.0000D+00   0.3052D-01   0.0000D+00   0.0000D+00   0.0000D+00   0.5081D+00   0.0000D+00   0.8417D-01   0.0000D+00   0.1716D+00   0.0000D+00
   0.0000D+00   0.0000D+00   0.0000D+00   0.0000D+00   0.0000D+00   0.0000D+00   0.0000D+00   0.0000D+00
  -0.4576D+00   0.4534D-01  -0.4434D+00   0.2647D-01   0.2787D-01  -0.2365D-01  -0.3305D+00   0.3822D-02  -0.4576D+00   0.4534D-01  -0.4434D+00   0.2647D-01
   0.4652D+00  -0.1701D-01   0.7925D-01  -0.5625D-02   0.1170D+00  -0.3759D-01   0.1339D+00   0.0000D+00   0.3283D-01   0.3025D-02  -0.2501D-02   0.9901D-02   0.4652D+00  -0.1701D-01   0.7925D-01  -0.5625D-02   0.1170D+00  -0.3759D-01
  -0.1565D-02  -0.4968D-02  -0.2727D-02  -0.6388D-02  -0.1565D-02  -0.4968D-02  -0.2727D-02  -0.6388D-02
  2.000  0.500
  -0.4964D+00   0.0000D+00  -0.4415D+00   0.0000D+00   0.0000D+00   0.0000D+00  -0.3179D+00   0.0000D+00  -0.4964D+00   0.0000D+00  -0.4415D+00   0.0000D+00
   0.4706D+00   0.0000D+00   0.7809D-01   0.0000D+00   0.1592D+00   0.0000D+00   0.1270D+00   0.0000D+00   0.2822D-01   0.0000D+00   0.0000D+00   0.0000D+00   0.4706D+00   0.0000D+00   0.7809D-01   0.0000D+00   0.1592D+00   0.0000D+00
   0.0000D+00   0.0000D+00   0.0000D+00   0.0000D+00   0.0000D+00   0.0000D+00   0.0000D+00   0.0000D+00
  -0.4557D+00   0.5819D-01  -0.4520D+00   0.3394D-01   0.3548D-01  -0.3029D-01  -0.3404D+00   0.4929D-02  -0.4557D+00   0.5819D-01  -0.4520D+00   0.3394D-01
   0.4606D+00  -0.1855D-01   0.7893D-01  -0.6125D-02   0.1126D+00  -0.4097D-01   0.1337D+00   0.0000D+00   0.3299D-01   0.3286D-02  -0.2709D-02   0.1075D-01   0.4606D+00  -0.1855D-01   0.7893D-01  -0.6125D-02   0.1126D+00  -0.4097D-01
  -0.1712D-02  -0.5388D-02  -0.2975D-02  -0.6919D-02  -0.1712D-02  -0.5388D-02  -0.2975D-02  -0.6919D-02
  2.000  1.000
  -0.4564D+00   0.0000D+00  -0.4060D+00   0.0000D+00   0.0000D+00   0.0000D+00  -0.2922D+00   0.0000D+00  -0.4564D+00   0.0000D+00  -0.4060D+00   0.0000D+00
   0.4706D+00   0.0000D+00   0.7809D-01   0.0000D+00   0.1592D+00   0.0000D+00   0.1270D+00   0.0000D+00   0.2822D-01   0.0000D+00   0.0000D+00   0.0000D+00   0.4706D+00   0.0000D+00   0.7809D-01   0.0000D+00   0.1592D+00   0.0000D+00
   0.0000D+00   0.0000D+00   0.0000D+00   0.0000D+00   0.0000D+00   0.0000D+00   0.0000D+00   0.0000D+00
  -0.4575D+00   0.4919D-01  -0.4464D+00   0.2869D-01   0.2999D-01  -0.2561D-01  -0.3340D+00   0.4166D-02  -0.4575D+00   0.4919D-01  -0.4464D+00   0.2869D-01
   0.4615D+00  -0.1706D-01   0.7888D-01  -0.5632D-02   0.1164D+00  -0.3767D-01   0.1332D+00   0.0000D+00   0.3261D-01   0.3021D-02  -0.2491D-02   0.9888D-02   0.4615D+00  -0.1706D-01   0.7888D-01  -0.5632D-02   0.1164D+00  -0.3767D-01
  -0.1574D-02  -0.4954D-02  -0.2735D-02  -0.6361D-02  -0.1574D-02  -0.4954D-02  -0.2735D-02  -0.6361D-02
  2.000  2.000
  -0.4225D+00   0.0000D+00  -0.3758D+00   0.0000D+00   0.0000D+00   0.0000D+00  -0.2705D+00   0.0000D+00  -0.4225D+00   0.0000D+00  -0.3758D+00   0.0000D+00
   0.4706D+00   0.0000D+00   0.7809D-01   0.0000D+00   0.1592D+00   0.0000D+00   0.1270D+00   0.0000D+00   0.2822D-01   0.0000D+00   0.0000D+00   0.0000D+00   0.4706D+00   0.0000D+00   0.7809D-01   0.0000D+00   0.1592D+00   0.0000D+00
   0.0000D+00   0.0000D+00   0.0000D+00   0.0000D+00   0.0000D+00   0.0000D+00   0.0000D+00   0.0000D+00
  -0.4539D+00   0.4214D-01  -0.4375D+00   0.2458D-01   0.2570D-01  -0.2194D-01  -0.3258D+00   0.3570D-02  -0.4539D+00   0.4214D-01  -0.4375D+00   0.2458D-01
   0.4623D+00  -0.1579D-01   0.7884D-01  -0.5213D-02   0.1196D+00  -0.3486D-01   0.1328D+00   0.0000D+00   0.3229D-01   0.2797D-02  -0.2306D-02   0.9153D-02   0.4623D+00  -0.1579D-01   0.7884D-01  -0.5213D-02   0.1196D+00  -0.3486D-01
  -0.1457D-02  -0.4586D-02  -0.2532D-02  -0.5888D-02  -0.1457D-02  -0.4586D-02  -0.2532D-02  -0.5888D-02
