 LHC=           1 sqrts=   8000.0000000000000      ang=           4 mode=fital                                                                                               scalescheme=           1 R=  0.69999999999999996     
 CT10nlo_rand5678                                                                                             202
 Bin information: chid, chiu, md, mu, mu0
   0.0000000000000000       0.50000000000000000        790.00000000000000        846.00000000000000        818.00000000000000     
 9 scales(muf, mur)*(LO(38), NLO(38))
  0.500  0.500
  -0.2733D+00   0.0000D+00  -0.2192D+00   0.0000D+00   0.0000D+00   0.0000D+00  -0.1369D+00   0.0000D+00  -0.2733D+00   0.0000D+00  -0.2192D+00   0.0000D+00
   0.4264D+00   0.0000D+00   0.6842D-01   0.0000D+00   0.1579D+00   0.0000D+00   0.9625D-01   0.0000D+00   0.2139D-01   0.0000D+00   0.0000D+00   0.0000D+00   0.4264D+00   0.0000D+00   0.6842D-01   0.0000D+00   0.1579D+00   0.0000D+00
   0.0000D+00   0.0000D+00   0.0000D+00   0.0000D+00   0.0000D+00   0.0000D+00   0.0000D+00   0.0000D+00
  -0.2143D+00   0.2740D-01  -0.1905D+00   0.1579D-01   0.1649D-01  -0.1259D-01  -0.1226D+00   0.3524D-02  -0.2143D+00   0.2740D-01  -0.1905D+00   0.1579D-01
   0.3324D+00  -0.1774D-01   0.5533D-01  -0.5549D-02   0.8650D-01  -0.3549D-01   0.8293D-01   0.0000D+00   0.2087D-01   0.2405D-02  -0.2800D-02   0.7869D-02   0.3324D+00  -0.1774D-01   0.5533D-01  -0.5549D-02   0.8650D-01  -0.3549D-01
  -0.1726D-02  -0.4913D-02  -0.2478D-02  -0.5543D-02  -0.1726D-02  -0.4913D-02  -0.2478D-02  -0.5543D-02
  0.500  1.000
  -0.2520D+00   0.0000D+00  -0.2022D+00   0.0000D+00   0.0000D+00   0.0000D+00  -0.1263D+00   0.0000D+00  -0.2520D+00   0.0000D+00  -0.2022D+00   0.0000D+00
   0.4264D+00   0.0000D+00   0.6842D-01   0.0000D+00   0.1579D+00   0.0000D+00   0.9625D-01   0.0000D+00   0.2139D-01   0.0000D+00   0.0000D+00   0.0000D+00   0.4264D+00   0.0000D+00   0.6842D-01   0.0000D+00   0.1579D+00   0.0000D+00
   0.0000D+00   0.0000D+00   0.0000D+00   0.0000D+00   0.0000D+00   0.0000D+00   0.0000D+00   0.0000D+00
  -0.2208D+00   0.2330D-01  -0.1930D+00   0.1343D-01   0.1402D-01  -0.1071D-01  -0.1236D+00   0.2996D-02  -0.2208D+00   0.2330D-01  -0.1930D+00   0.1343D-01
   0.3398D+00  -0.1636D-01   0.5637D-01  -0.5117D-02   0.9209D-01  -0.3272D-01   0.8399D-01   0.0000D+00   0.2091D-01   0.2217D-02  -0.2582D-02   0.7256D-02   0.3398D+00  -0.1636D-01   0.5637D-01  -0.5117D-02   0.9209D-01  -0.3272D-01
  -0.1591D-02  -0.4530D-02  -0.2285D-02  -0.5111D-02  -0.1591D-02  -0.4530D-02  -0.2285D-02  -0.5111D-02
  0.500  2.000
  -0.2338D+00   0.0000D+00  -0.1876D+00   0.0000D+00   0.0000D+00   0.0000D+00  -0.1172D+00   0.0000D+00  -0.2338D+00   0.0000D+00  -0.1876D+00   0.0000D+00
   0.4264D+00   0.0000D+00   0.6842D-01   0.0000D+00   0.1579D+00   0.0000D+00   0.9625D-01   0.0000D+00   0.2139D-01   0.0000D+00   0.0000D+00   0.0000D+00   0.4264D+00   0.0000D+00   0.6842D-01   0.0000D+00   0.1579D+00   0.0000D+00
   0.0000D+00   0.0000D+00   0.0000D+00   0.0000D+00   0.0000D+00   0.0000D+00   0.0000D+00   0.0000D+00
  -0.2233D+00   0.2006D-01  -0.1928D+00   0.1156D-01   0.1207D-01  -0.9219D-02  -0.1230D+00   0.2580D-02  -0.2233D+00   0.2006D-01  -0.1928D+00   0.1156D-01
   0.3461D+00  -0.1518D-01   0.5724D-01  -0.4748D-02   0.9686D-01  -0.3036D-01   0.8488D-01   0.0000D+00   0.2095D-01   0.2057D-02  -0.2396D-02   0.6733D-02   0.3461D+00  -0.1518D-01   0.5724D-01  -0.4748D-02   0.9686D-01  -0.3036D-01
  -0.1477D-02  -0.4204D-02  -0.2120D-02  -0.4742D-02  -0.1477D-02  -0.4204D-02  -0.2120D-02  -0.4742D-02
  1.000  0.500
  -0.2483D+00   0.0000D+00  -0.1988D+00   0.0000D+00   0.0000D+00   0.0000D+00  -0.1242D+00   0.0000D+00  -0.2483D+00   0.0000D+00  -0.1988D+00   0.0000D+00
   0.3868D+00   0.0000D+00   0.6201D-01   0.0000D+00   0.1435D+00   0.0000D+00   0.8721D-01   0.0000D+00   0.1938D-01   0.0000D+00   0.0000D+00   0.0000D+00   0.3868D+00   0.0000D+00   0.6201D-01   0.0000D+00   0.1435D+00   0.0000D+00
   0.0000D+00   0.0000D+00   0.0000D+00   0.0000D+00   0.0000D+00   0.0000D+00   0.0000D+00   0.0000D+00
  -0.2177D+00   0.2492D-01  -0.1915D+00   0.1434D-01   0.1491D-01  -0.1142D-01  -0.1231D+00   0.3209D-02  -0.2177D+00   0.2492D-01  -0.1915D+00   0.1434D-01
   0.3381D+00  -0.1612D-01   0.5606D-01  -0.5032D-02   0.9207D-01  -0.3213D-01   0.8350D-01   0.0000D+00   0.2071D-01   0.2179D-02  -0.2503D-02   0.7131D-02   0.3381D+00  -0.1612D-01   0.5606D-01  -0.5032D-02   0.9207D-01  -0.3213D-01
  -0.1570D-02  -0.4443D-02  -0.2250D-02  -0.5024D-02  -0.1570D-02  -0.4443D-02  -0.2250D-02  -0.5024D-02
  1.000  1.000
  -0.2289D+00   0.0000D+00  -0.1833D+00   0.0000D+00   0.0000D+00   0.0000D+00  -0.1145D+00   0.0000D+00  -0.2289D+00   0.0000D+00  -0.1833D+00   0.0000D+00
   0.3868D+00   0.0000D+00   0.6201D-01   0.0000D+00   0.1435D+00   0.0000D+00   0.8721D-01   0.0000D+00   0.1938D-01   0.0000D+00   0.0000D+00   0.0000D+00   0.3868D+00   0.0000D+00   0.6201D-01   0.0000D+00   0.1435D+00   0.0000D+00
   0.0000D+00   0.0000D+00   0.0000D+00   0.0000D+00   0.0000D+00   0.0000D+00   0.0000D+00   0.0000D+00
  -0.2202D+00   0.2119D-01  -0.1909D+00   0.1220D-01   0.1268D-01  -0.9707D-02  -0.1223D+00   0.2728D-02  -0.2202D+00   0.2119D-01  -0.1909D+00   0.1220D-01
   0.3420D+00  -0.1487D-01   0.5654D-01  -0.4640D-02   0.9610D-01  -0.2962D-01   0.8380D-01   0.0000D+00   0.2061D-01   0.2009D-02  -0.2308D-02   0.6575D-02   0.3420D+00  -0.1487D-01   0.5654D-01  -0.4640D-02   0.9610D-01  -0.2962D-01
  -0.1447D-02  -0.4097D-02  -0.2075D-02  -0.4633D-02  -0.1447D-02  -0.4097D-02  -0.2075D-02  -0.4633D-02
  1.000  2.000
  -0.2124D+00   0.0000D+00  -0.1701D+00   0.0000D+00   0.0000D+00   0.0000D+00  -0.1062D+00   0.0000D+00  -0.2124D+00   0.0000D+00  -0.1701D+00   0.0000D+00
   0.3868D+00   0.0000D+00   0.6201D-01   0.0000D+00   0.1435D+00   0.0000D+00   0.8721D-01   0.0000D+00   0.1938D-01   0.0000D+00   0.0000D+00   0.0000D+00   0.3868D+00   0.0000D+00   0.6201D-01   0.0000D+00   0.1435D+00   0.0000D+00
   0.0000D+00   0.0000D+00   0.0000D+00   0.0000D+00   0.0000D+00   0.0000D+00   0.0000D+00   0.0000D+00
  -0.2197D+00   0.1824D-01  -0.1885D+00   0.1050D-01   0.1092D-01  -0.8358D-02  -0.1203D+00   0.2349D-02  -0.2197D+00   0.1824D-01  -0.1885D+00   0.1050D-01
   0.3453D+00  -0.1380D-01   0.5694D-01  -0.4305D-02   0.9953D-01  -0.2749D-01   0.8406D-01   0.0000D+00   0.2053D-01   0.1864D-02  -0.2142D-02   0.6101D-02   0.3453D+00  -0.1380D-01   0.5694D-01  -0.4305D-02   0.9953D-01  -0.2749D-01
  -0.1343D-02  -0.3802D-02  -0.1925D-02  -0.4299D-02  -0.1343D-02  -0.3802D-02  -0.1925D-02  -0.4299D-02
  2.000  0.500
  -0.2268D+00   0.0000D+00  -0.1818D+00   0.0000D+00   0.0000D+00   0.0000D+00  -0.1131D+00   0.0000D+00  -0.2268D+00   0.0000D+00  -0.1818D+00   0.0000D+00
   0.3524D+00   0.0000D+00   0.5654D-01   0.0000D+00   0.1308D+00   0.0000D+00   0.7936D-01   0.0000D+00   0.1764D-01   0.0000D+00   0.0000D+00   0.0000D+00   0.3524D+00   0.0000D+00   0.5654D-01   0.0000D+00   0.1308D+00   0.0000D+00
   0.0000D+00   0.0000D+00   0.0000D+00   0.0000D+00   0.0000D+00   0.0000D+00   0.0000D+00   0.0000D+00
  -0.2208D+00   0.2273D-01  -0.1934D+00   0.1308D-01   0.1348D-01  -0.1041D-01  -0.1237D+00   0.2942D-02  -0.2208D+00   0.2273D-01  -0.1934D+00   0.1308D-01
   0.3419D+00  -0.1471D-01   0.5685D-01  -0.4598D-02   0.9635D-01  -0.2926D-01   0.8381D-01   0.0000D+00   0.2063D-01   0.1983D-02  -0.2292D-02   0.6490D-02   0.3419D+00  -0.1471D-01   0.5685D-01  -0.4598D-02   0.9635D-01  -0.2926D-01
  -0.1436D-02  -0.4063D-02  -0.2055D-02  -0.4569D-02  -0.1436D-02  -0.4063D-02  -0.2055D-02  -0.4569D-02
  2.000  1.000
  -0.2091D+00   0.0000D+00  -0.1676D+00   0.0000D+00   0.0000D+00   0.0000D+00  -0.1043D+00   0.0000D+00  -0.2091D+00   0.0000D+00  -0.1676D+00   0.0000D+00
   0.3524D+00   0.0000D+00   0.5654D-01   0.0000D+00   0.1308D+00   0.0000D+00   0.7936D-01   0.0000D+00   0.1764D-01   0.0000D+00   0.0000D+00   0.0000D+00   0.3524D+00   0.0000D+00   0.5654D-01   0.0000D+00   0.1308D+00   0.0000D+00
   0.0000D+00   0.0000D+00   0.0000D+00   0.0000D+00   0.0000D+00   0.0000D+00   0.0000D+00   0.0000D+00
  -0.2198D+00   0.1933D-01  -0.1902D+00   0.1112D-01   0.1146D-01  -0.8849D-02  -0.1212D+00   0.2501D-02  -0.2198D+00   0.1933D-01  -0.1902D+00   0.1112D-01
   0.3428D+00  -0.1356D-01   0.5683D-01  -0.4240D-02   0.9905D-01  -0.2698D-01   0.8347D-01   0.0000D+00   0.2040D-01   0.1829D-02  -0.2114D-02   0.5985D-02   0.3428D+00  -0.1356D-01   0.5683D-01  -0.4240D-02   0.9905D-01  -0.2698D-01
  -0.1324D-02  -0.3746D-02  -0.1895D-02  -0.4213D-02  -0.1324D-02  -0.3746D-02  -0.1895D-02  -0.4213D-02
  2.000  2.000
  -0.1940D+00   0.0000D+00  -0.1555D+00   0.0000D+00   0.0000D+00   0.0000D+00  -0.9681D-01   0.0000D+00  -0.1940D+00   0.0000D+00  -0.1555D+00   0.0000D+00
   0.3524D+00   0.0000D+00   0.5654D-01   0.0000D+00   0.1308D+00   0.0000D+00   0.7936D-01   0.0000D+00   0.1764D-01   0.0000D+00   0.0000D+00   0.0000D+00   0.3524D+00   0.0000D+00   0.5654D-01   0.0000D+00   0.1308D+00   0.0000D+00
   0.0000D+00   0.0000D+00   0.0000D+00   0.0000D+00   0.0000D+00   0.0000D+00   0.0000D+00   0.0000D+00
  -0.2168D+00   0.1664D-01  -0.1858D+00   0.9574D-02   0.9870D-02  -0.7619D-02  -0.1181D+00   0.2154D-02  -0.2168D+00   0.1664D-01  -0.1858D+00   0.9574D-02
   0.3436D+00  -0.1258D-01   0.5682D-01  -0.3934D-02   0.1014D+00  -0.2503D-01   0.8319D-01   0.0000D+00   0.2021D-01   0.1697D-02  -0.1962D-02   0.5553D-02   0.3436D+00  -0.1258D-01   0.5682D-01  -0.3934D-02   0.1014D+00  -0.2503D-01
  -0.1229D-02  -0.3476D-02  -0.1758D-02  -0.3909D-02  -0.1229D-02  -0.3476D-02  -0.1758D-02  -0.3909D-02
