 LHC=           1 sqrts=   8000.0000000000000      ang=           4 mode=fital                                                                                               scalescheme=           1 R=  0.69999999999999996     
 CT10nlo_rand5678                                                                                              81
 Bin information: chid, chiu, md, mu, mu0
   0.0000000000000000       0.50000000000000000        362.00000000000000        395.00000000000000        378.50000000000000     
 9 scales(muf, mur)*(LO(38), NLO(38))
  0.500  0.500
  -0.1526D+01   0.0000D+00  -0.1574D+01   0.0000D+00   0.0000D+00   0.0000D+00  -0.1415D+01   0.0000D+00  -0.1526D+01   0.0000D+00  -0.1574D+01   0.0000D+00
   0.6243D+00   0.0000D+00   0.1084D+00   0.0000D+00   0.1822D+00   0.0000D+00   0.2183D+00   0.0000D+00   0.4851D-01   0.0000D+00   0.0000D+00   0.0000D+00   0.6243D+00   0.0000D+00   0.1084D+00   0.0000D+00   0.1822D+00   0.0000D+00
   0.0000D+00   0.0000D+00   0.0000D+00   0.0000D+00   0.0000D+00   0.0000D+00   0.0000D+00   0.0000D+00
  -0.1126D+01   0.2269D+00  -0.1340D+01   0.1393D+00   0.1322D+00  -0.1436D+00  -0.1315D+01   0.1214D-02  -0.1126D+01   0.2269D+00  -0.1340D+01   0.1393D+00
   0.5931D+00  -0.2263D-01   0.1051D+00  -0.8188D-02   0.1144D+00  -0.5865D-01   0.2156D+00   0.0000D+00   0.5393D-01   0.6021D-02  -0.1921D-02   0.1970D-01   0.5931D+00  -0.2263D-01   0.1051D+00  -0.8188D-02   0.1144D+00  -0.5865D-01
  -0.1758D-02  -0.7368D-02  -0.4313D-02  -0.1122D-01  -0.1758D-02  -0.7368D-02  -0.4313D-02  -0.1122D-01
  0.500  1.000
  -0.1395D+01   0.0000D+00  -0.1439D+01   0.0000D+00   0.0000D+00   0.0000D+00  -0.1294D+01   0.0000D+00  -0.1395D+01   0.0000D+00  -0.1439D+01   0.0000D+00
   0.6243D+00   0.0000D+00   0.1084D+00   0.0000D+00   0.1822D+00   0.0000D+00   0.2183D+00   0.0000D+00   0.4851D-01   0.0000D+00   0.0000D+00   0.0000D+00   0.6243D+00   0.0000D+00   0.1084D+00   0.0000D+00   0.1822D+00   0.0000D+00
   0.0000D+00   0.0000D+00   0.0000D+00   0.0000D+00   0.0000D+00   0.0000D+00   0.0000D+00   0.0000D+00
  -0.1176D+01   0.1897D+00  -0.1363D+01   0.1165D+00   0.1105D+00  -0.1200D+00  -0.1317D+01   0.1016D-02  -0.1176D+01   0.1897D+00  -0.1363D+01   0.1165D+00
   0.5961D+00  -0.2069D-01   0.1055D+00  -0.7487D-02   0.1203D+00  -0.5363D-01   0.2159D+00   0.0000D+00   0.5349D-01   0.5505D-02  -0.1755D-02   0.1802D-01   0.5961D+00  -0.2069D-01   0.1055D+00  -0.7487D-02   0.1203D+00  -0.5363D-01
  -0.1608D-02  -0.6737D-02  -0.3944D-02  -0.1025D-01  -0.1608D-02  -0.6737D-02  -0.3944D-02  -0.1025D-01
  0.500  2.000
  -0.1285D+01   0.0000D+00  -0.1326D+01   0.0000D+00   0.0000D+00   0.0000D+00  -0.1192D+01   0.0000D+00  -0.1285D+01   0.0000D+00  -0.1326D+01   0.0000D+00
   0.6243D+00   0.0000D+00   0.1084D+00   0.0000D+00   0.1822D+00   0.0000D+00   0.2183D+00   0.0000D+00   0.4851D-01   0.0000D+00   0.0000D+00   0.0000D+00   0.6243D+00   0.0000D+00   0.1084D+00   0.0000D+00   0.1822D+00   0.0000D+00
   0.0000D+00   0.0000D+00   0.0000D+00   0.0000D+00   0.0000D+00   0.0000D+00   0.0000D+00   0.0000D+00
  -0.1197D+01   0.1610D+00  -0.1362D+01   0.9888D-01   0.9383D-01  -0.1019D+00  -0.1303D+01   0.8624D-03  -0.1197D+01   0.1610D+00  -0.1362D+01   0.9888D-01
   0.5985D+00  -0.1907D-01   0.1057D+00  -0.6898D-02   0.1252D+00  -0.4941D-01   0.2162D+00   0.0000D+00   0.5311D-01   0.5072D-02  -0.1616D-02   0.1660D-01   0.5985D+00  -0.1907D-01   0.1057D+00  -0.6898D-02   0.1252D+00  -0.4941D-01
  -0.1481D-02  -0.6208D-02  -0.3634D-02  -0.9449D-02  -0.1481D-02  -0.6208D-02  -0.3634D-02  -0.9449D-02
  1.000  0.500
  -0.1444D+01   0.0000D+00  -0.1505D+01   0.0000D+00   0.0000D+00   0.0000D+00  -0.1350D+01   0.0000D+00  -0.1444D+01   0.0000D+00  -0.1505D+01   0.0000D+00
   0.5929D+00   0.0000D+00   0.1031D+00   0.0000D+00   0.1725D+00   0.0000D+00   0.2072D+00   0.0000D+00   0.4604D-01   0.0000D+00   0.0000D+00   0.0000D+00   0.5929D+00   0.0000D+00   0.1031D+00   0.0000D+00   0.1725D+00   0.0000D+00
   0.0000D+00   0.0000D+00   0.0000D+00   0.0000D+00   0.0000D+00   0.0000D+00   0.0000D+00   0.0000D+00
  -0.1158D+01   0.2168D+00  -0.1362D+01   0.1325D+00   0.1247D+00  -0.1372D+00  -0.1317D+01   0.1315D-02  -0.1158D+01   0.2168D+00  -0.1362D+01   0.1325D+00
   0.5891D+00  -0.2141D-01   0.1046D+00  -0.7770D-02   0.1156D+00  -0.5554D-01   0.2132D+00   0.0000D+00   0.5306D-01   0.5716D-02  -0.2268D-02   0.1871D-01   0.5891D+00  -0.2141D-01   0.1046D+00  -0.7770D-02   0.1156D+00  -0.5554D-01
  -0.1675D-02  -0.6996D-02  -0.4125D-02  -0.1068D-01  -0.1675D-02  -0.6996D-02  -0.4125D-02  -0.1068D-01
  1.000  1.000
  -0.1321D+01   0.0000D+00  -0.1376D+01   0.0000D+00   0.0000D+00   0.0000D+00  -0.1234D+01   0.0000D+00  -0.1321D+01   0.0000D+00  -0.1376D+01   0.0000D+00
   0.5929D+00   0.0000D+00   0.1031D+00   0.0000D+00   0.1725D+00   0.0000D+00   0.2072D+00   0.0000D+00   0.4604D-01   0.0000D+00   0.0000D+00   0.0000D+00   0.5929D+00   0.0000D+00   0.1031D+00   0.0000D+00   0.1725D+00   0.0000D+00
   0.0000D+00   0.0000D+00   0.0000D+00   0.0000D+00   0.0000D+00   0.0000D+00   0.0000D+00   0.0000D+00
  -0.1190D+01   0.1813D+00  -0.1370D+01   0.1108D+00   0.1042D+00  -0.1147D+00  -0.1309D+01   0.1100D-02  -0.1190D+01   0.1813D+00  -0.1370D+01   0.1108D+00
   0.5897D+00  -0.1958D-01   0.1045D+00  -0.7105D-02   0.1205D+00  -0.5079D-01   0.2128D+00   0.0000D+00   0.5247D-01   0.5227D-02  -0.2072D-02   0.1711D-01   0.5897D+00  -0.1958D-01   0.1045D+00  -0.7105D-02   0.1205D+00  -0.5079D-01
  -0.1532D-02  -0.6397D-02  -0.3771D-02  -0.9768D-02  -0.1532D-02  -0.6397D-02  -0.3771D-02  -0.9768D-02
  1.000  2.000
  -0.1217D+01   0.0000D+00  -0.1268D+01   0.0000D+00   0.0000D+00   0.0000D+00  -0.1137D+01   0.0000D+00  -0.1217D+01   0.0000D+00  -0.1268D+01   0.0000D+00
   0.5929D+00   0.0000D+00   0.1031D+00   0.0000D+00   0.1725D+00   0.0000D+00   0.2072D+00   0.0000D+00   0.4604D-01   0.0000D+00   0.0000D+00   0.0000D+00   0.5929D+00   0.0000D+00   0.1031D+00   0.0000D+00   0.1725D+00   0.0000D+00
   0.0000D+00   0.0000D+00   0.0000D+00   0.0000D+00   0.0000D+00   0.0000D+00   0.0000D+00   0.0000D+00
  -0.1199D+01   0.1539D+00  -0.1360D+01   0.9406D-01   0.8846D-01  -0.9735D-01  -0.1287D+01   0.9341D-03  -0.1199D+01   0.1539D+00  -0.1360D+01   0.9406D-01
   0.5902D+00  -0.1804D-01   0.1045D+00  -0.6546D-02   0.1247D+00  -0.4679D-01   0.2124D+00   0.0000D+00   0.5198D-01   0.4816D-02  -0.1909D-02   0.1576D-01   0.5902D+00  -0.1804D-01   0.1045D+00  -0.6546D-02   0.1247D+00  -0.4679D-01
  -0.1411D-02  -0.5894D-02  -0.3475D-02  -0.9000D-02  -0.1411D-02  -0.5894D-02  -0.3475D-02  -0.9000D-02
  2.000  0.500
  -0.1375D+01   0.0000D+00  -0.1437D+01   0.0000D+00   0.0000D+00   0.0000D+00  -0.1288D+01   0.0000D+00  -0.1375D+01   0.0000D+00  -0.1437D+01   0.0000D+00
   0.5646D+00   0.0000D+00   0.9819D-01   0.0000D+00   0.1638D+00   0.0000D+00   0.1965D+00   0.0000D+00   0.4366D-01   0.0000D+00   0.0000D+00   0.0000D+00   0.5646D+00   0.0000D+00   0.9819D-01   0.0000D+00   0.1638D+00   0.0000D+00
   0.0000D+00   0.0000D+00   0.0000D+00   0.0000D+00   0.0000D+00   0.0000D+00   0.0000D+00   0.0000D+00
  -0.1169D+01   0.2075D+00  -0.1380D+01   0.1263D+00   0.1192D+00  -0.1308D+00  -0.1328D+01   0.1426D-02  -0.1169D+01   0.2075D+00  -0.1380D+01   0.1263D+00
   0.5868D+00  -0.2032D-01   0.1038D+00  -0.7388D-02   0.1179D+00  -0.5302D-01   0.2125D+00   0.0000D+00   0.5242D-01   0.5428D-02  -0.1766D-02   0.1777D-01   0.5868D+00  -0.2032D-01   0.1038D+00  -0.7388D-02   0.1179D+00  -0.5302D-01
  -0.1599D-02  -0.6652D-02  -0.3939D-02  -0.1015D-01  -0.1599D-02  -0.6652D-02  -0.3939D-02  -0.1015D-01
  2.000  1.000
  -0.1257D+01   0.0000D+00  -0.1314D+01   0.0000D+00   0.0000D+00   0.0000D+00  -0.1177D+01   0.0000D+00  -0.1257D+01   0.0000D+00  -0.1314D+01   0.0000D+00
   0.5646D+00   0.0000D+00   0.9819D-01   0.0000D+00   0.1638D+00   0.0000D+00   0.1965D+00   0.0000D+00   0.4366D-01   0.0000D+00   0.0000D+00   0.0000D+00   0.5646D+00   0.0000D+00   0.9819D-01   0.0000D+00   0.1638D+00   0.0000D+00
   0.0000D+00   0.0000D+00   0.0000D+00   0.0000D+00   0.0000D+00   0.0000D+00   0.0000D+00   0.0000D+00
  -0.1189D+01   0.1735D+00  -0.1375D+01   0.1056D+00   0.9961D-01  -0.1093D+00  -0.1308D+01   0.1193D-02  -0.1189D+01   0.1735D+00  -0.1375D+01   0.1056D+00
   0.5852D+00  -0.1858D-01   0.1034D+00  -0.6755D-02   0.1219D+00  -0.4848D-01   0.2112D+00   0.0000D+00   0.5169D-01   0.4963D-02  -0.1614D-02   0.1624D-01   0.5852D+00  -0.1858D-01   0.1034D+00  -0.6755D-02   0.1219D+00  -0.4848D-01
  -0.1462D-02  -0.6083D-02  -0.3601D-02  -0.9285D-02  -0.1462D-02  -0.6083D-02  -0.3601D-02  -0.9285D-02
  2.000  2.000
  -0.1158D+01   0.0000D+00  -0.1210D+01   0.0000D+00   0.0000D+00   0.0000D+00  -0.1085D+01   0.0000D+00  -0.1158D+01   0.0000D+00  -0.1210D+01   0.0000D+00
   0.5646D+00   0.0000D+00   0.9819D-01   0.0000D+00   0.1638D+00   0.0000D+00   0.1965D+00   0.0000D+00   0.4366D-01   0.0000D+00   0.0000D+00   0.0000D+00   0.5646D+00   0.0000D+00   0.9819D-01   0.0000D+00   0.1638D+00   0.0000D+00
   0.0000D+00   0.0000D+00   0.0000D+00   0.0000D+00   0.0000D+00   0.0000D+00   0.0000D+00   0.0000D+00
  -0.1188D+01   0.1473D+00  -0.1354D+01   0.8962D-01   0.8455D-01  -0.9281D-01  -0.1278D+01   0.1013D-02  -0.1188D+01   0.1473D+00  -0.1354D+01   0.8962D-01
   0.5837D+00  -0.1712D-01   0.1030D+00  -0.6224D-02   0.1252D+00  -0.4467D-01   0.2101D+00   0.0000D+00   0.5107D-01   0.4573D-02  -0.1486D-02   0.1497D-01   0.5837D+00  -0.1712D-01   0.1030D+00  -0.6224D-02   0.1252D+00  -0.4467D-01
  -0.1347D-02  -0.5604D-02  -0.3318D-02  -0.8555D-02  -0.1347D-02  -0.5604D-02  -0.3318D-02  -0.8555D-02
