 LHC=           1 sqrts=   8000.0000000000000      ang=           4 mode=fital                                                                                               scalescheme=           1 R=  0.69999999999999996     
 CT10nlo_rand5678                                                                                              63
 Bin information: chid, chiu, md, mu, mu0
   0.0000000000000000       0.50000000000000000        153.00000000000000        174.00000000000000        163.50000000000000     
 9 scales(muf, mur)*(LO(38), NLO(38))
  0.500  0.500
  -0.6033D+01   0.0000D+00  -0.8968D+01   0.0000D+00   0.0000D+00   0.0000D+00  -0.9209D+01   0.0000D+00  -0.6033D+01   0.0000D+00  -0.8968D+01   0.0000D+00
   0.5454D+00   0.0000D+00   0.1002D+00   0.0000D+00   0.1246D+00   0.0000D+00   0.2322D+00   0.0000D+00   0.5161D-01   0.0000D+00   0.0000D+00   0.0000D+00   0.5454D+00   0.0000D+00   0.1002D+00   0.0000D+00   0.1246D+00   0.0000D+00
   0.0000D+00   0.0000D+00   0.0000D+00   0.0000D+00   0.0000D+00   0.0000D+00   0.0000D+00   0.0000D+00
  -0.4116D+01   0.1498D+01  -0.7434D+01   0.8929D+00   0.7306D+00  -0.1056D+01  -0.8345D+01  -0.8015D-01  -0.4116D+01   0.1498D+01  -0.7434D+01   0.8929D+00
   0.7273D+00  -0.1743D-01   0.1339D+00  -0.7454D-02   0.1140D+00  -0.5881D-01   0.2952D+00   0.0000D+00   0.7578D-01   0.7210D-02   0.1571D-02   0.2360D-01   0.7273D+00  -0.1743D-01   0.1339D+00  -0.7454D-02   0.1140D+00  -0.5881D-01
  -0.8680D-03  -0.6507D-02  -0.4172D-02  -0.1241D-01  -0.8680D-03  -0.6507D-02  -0.4172D-02  -0.1241D-01
  0.500  1.000
  -0.5455D+01   0.0000D+00  -0.8109D+01   0.0000D+00   0.0000D+00   0.0000D+00  -0.8327D+01   0.0000D+00  -0.5455D+01   0.0000D+00  -0.8109D+01   0.0000D+00
   0.5454D+00   0.0000D+00   0.1002D+00   0.0000D+00   0.1246D+00   0.0000D+00   0.2322D+00   0.0000D+00   0.5161D-01   0.0000D+00   0.0000D+00   0.0000D+00   0.5454D+00   0.0000D+00   0.1002D+00   0.0000D+00   0.1246D+00   0.0000D+00
   0.0000D+00   0.0000D+00   0.0000D+00   0.0000D+00   0.0000D+00   0.0000D+00   0.0000D+00   0.0000D+00
  -0.4393D+01   0.1225D+01  -0.7605D+01   0.7300D+00   0.5971D+00  -0.8634D+00  -0.8390D+01  -0.6553D-01  -0.4393D+01   0.1225D+01  -0.7605D+01   0.7300D+00
   0.7111D+00  -0.1576D-01   0.1309D+00  -0.6740D-02   0.1153D+00  -0.5318D-01   0.2895D+00   0.0000D+00   0.7357D-01   0.6519D-02   0.1437D-02   0.2134D-01   0.7111D+00  -0.1576D-01   0.1309D+00  -0.6740D-02   0.1153D+00  -0.5318D-01
  -0.7848D-03  -0.5884D-02  -0.3773D-02  -0.1123D-01  -0.7848D-03  -0.5884D-02  -0.3773D-02  -0.1123D-01
  0.500  2.000
  -0.4979D+01   0.0000D+00  -0.7400D+01   0.0000D+00   0.0000D+00   0.0000D+00  -0.7599D+01   0.0000D+00  -0.4979D+01   0.0000D+00  -0.7400D+01   0.0000D+00
   0.5454D+00   0.0000D+00   0.1002D+00   0.0000D+00   0.1246D+00   0.0000D+00   0.2322D+00   0.0000D+00   0.5161D-01   0.0000D+00   0.0000D+00   0.0000D+00   0.5454D+00   0.0000D+00   0.1002D+00   0.0000D+00   0.1246D+00   0.0000D+00
   0.0000D+00   0.0000D+00   0.0000D+00   0.0000D+00   0.0000D+00   0.0000D+00   0.0000D+00   0.0000D+00
  -0.4514D+01   0.1020D+01  -0.7605D+01   0.6080D+00   0.4971D+00  -0.7191D+00  -0.8293D+01  -0.5457D-01  -0.4514D+01   0.1020D+01  -0.7605D+01   0.6080D+00
   0.6976D+00  -0.1439D-01   0.1284D+00  -0.6151D-02   0.1163D+00  -0.4853D-01   0.2848D+00   0.0000D+00   0.7173D-01   0.5950D-02   0.1324D-02   0.1947D-01   0.6976D+00  -0.1439D-01   0.1284D+00  -0.6151D-02   0.1163D+00  -0.4853D-01
  -0.7161D-03  -0.5370D-02  -0.3443D-02  -0.1024D-01  -0.7161D-03  -0.5370D-02  -0.3443D-02  -0.1024D-01
  1.000  0.500
  -0.6016D+01   0.0000D+00  -0.9031D+01   0.0000D+00   0.0000D+00   0.0000D+00  -0.9301D+01   0.0000D+00  -0.6016D+01   0.0000D+00  -0.9031D+01   0.0000D+00
   0.5440D+00   0.0000D+00   0.1007D+00   0.0000D+00   0.1232D+00   0.0000D+00   0.2321D+00   0.0000D+00   0.5158D-01   0.0000D+00   0.0000D+00   0.0000D+00   0.5440D+00   0.0000D+00   0.1007D+00   0.0000D+00   0.1232D+00   0.0000D+00
   0.0000D+00   0.0000D+00   0.0000D+00   0.0000D+00   0.0000D+00   0.0000D+00   0.0000D+00   0.0000D+00
  -0.4104D+01   0.1504D+01  -0.7403D+01   0.9016D+00   0.7106D+00  -0.1065D+01  -0.8414D+01  -0.7927D-01  -0.4104D+01   0.1504D+01  -0.7403D+01   0.9016D+00
   0.7018D+00  -0.1727D-01   0.1306D+00  -0.7437D-02   0.1089D+00  -0.5849D-01   0.2891D+00   0.0000D+00   0.7379D-01   0.7235D-02   0.1499D-02   0.2368D-01   0.7018D+00  -0.1727D-01   0.1306D+00  -0.7437D-02   0.1089D+00  -0.5849D-01
  -0.8750D-03  -0.6613D-02  -0.4227D-02  -0.1257D-01  -0.8750D-03  -0.6613D-02  -0.4227D-02  -0.1257D-01
  1.000  1.000
  -0.5440D+01   0.0000D+00  -0.8166D+01   0.0000D+00   0.0000D+00   0.0000D+00  -0.8409D+01   0.0000D+00  -0.5440D+01   0.0000D+00  -0.8166D+01   0.0000D+00
   0.5440D+00   0.0000D+00   0.1007D+00   0.0000D+00   0.1232D+00   0.0000D+00   0.2321D+00   0.0000D+00   0.5158D-01   0.0000D+00   0.0000D+00   0.0000D+00   0.5440D+00   0.0000D+00   0.1007D+00   0.0000D+00   0.1232D+00   0.0000D+00
   0.0000D+00   0.0000D+00   0.0000D+00   0.0000D+00   0.0000D+00   0.0000D+00   0.0000D+00   0.0000D+00
  -0.4380D+01   0.1230D+01  -0.7590D+01   0.7371D+00   0.5807D+00  -0.8711D+00  -0.8463D+01  -0.6480D-01  -0.4380D+01   0.1230D+01  -0.7590D+01   0.7371D+00
   0.6878D+00  -0.1562D-01   0.1280D+00  -0.6725D-02   0.1105D+00  -0.5289D-01   0.2839D+00   0.0000D+00   0.7175D-01   0.6542D-02   0.1371D-02   0.2141D-01   0.6878D+00  -0.1562D-01   0.1280D+00  -0.6725D-02   0.1105D+00  -0.5289D-01
  -0.7911D-03  -0.5980D-02  -0.3822D-02  -0.1137D-01  -0.7911D-03  -0.5980D-02  -0.3822D-02  -0.1137D-01
  1.000  2.000
  -0.4965D+01   0.0000D+00  -0.7452D+01   0.0000D+00   0.0000D+00   0.0000D+00  -0.7675D+01   0.0000D+00  -0.4965D+01   0.0000D+00  -0.7452D+01   0.0000D+00
   0.5440D+00   0.0000D+00   0.1007D+00   0.0000D+00   0.1232D+00   0.0000D+00   0.2321D+00   0.0000D+00   0.5158D-01   0.0000D+00   0.0000D+00   0.0000D+00   0.5440D+00   0.0000D+00   0.1007D+00   0.0000D+00   0.1232D+00   0.0000D+00
   0.0000D+00   0.0000D+00   0.0000D+00   0.0000D+00   0.0000D+00   0.0000D+00   0.0000D+00   0.0000D+00
  -0.4500D+01   0.1024D+01  -0.7601D+01   0.6139D+00   0.4835D+00  -0.7255D+00  -0.8366D+01  -0.5397D-01  -0.4500D+01   0.1024D+01  -0.7601D+01   0.6139D+00
   0.6761D+00  -0.1425D-01   0.1258D+00  -0.6138D-02   0.1119D+00  -0.4827D-01   0.2797D+00   0.0000D+00   0.7006D-01   0.5970D-02   0.1265D-02   0.1954D-01   0.6761D+00  -0.1425D-01   0.1258D+00  -0.6138D-02   0.1119D+00  -0.4827D-01
  -0.7219D-03  -0.5457D-02  -0.3488D-02  -0.1037D-01  -0.7219D-03  -0.5457D-02  -0.3488D-02  -0.1037D-01
  2.000  0.500
  -0.5929D+01   0.0000D+00  -0.9019D+01   0.0000D+00   0.0000D+00   0.0000D+00  -0.9254D+01   0.0000D+00  -0.5929D+01   0.0000D+00  -0.9019D+01   0.0000D+00
   0.5441D+00   0.0000D+00   0.9991D-01   0.0000D+00   0.1210D+00   0.0000D+00   0.2296D+00   0.0000D+00   0.5101D-01   0.0000D+00   0.0000D+00   0.0000D+00   0.5441D+00   0.0000D+00   0.9991D-01   0.0000D+00   0.1210D+00   0.0000D+00
   0.0000D+00   0.0000D+00   0.0000D+00   0.0000D+00   0.0000D+00   0.0000D+00   0.0000D+00   0.0000D+00
  -0.4111D+01   0.1502D+01  -0.7558D+01   0.8999D+00   0.7349D+00  -0.1062D+01  -0.8465D+01  -0.7826D-01  -0.4111D+01   0.1502D+01  -0.7558D+01   0.8999D+00
   0.6617D+00  -0.1699D-01   0.1236D+00  -0.7354D-02   0.9706D-01  -0.5840D-01   0.2761D+00   0.0000D+00   0.7020D-01   0.7179D-02   0.1144D-02   0.2349D-01   0.6617D+00  -0.1699D-01   0.1236D+00  -0.7354D-02   0.9706D-01  -0.5840D-01
  -0.8748D-03  -0.6479D-02  -0.4263D-02  -0.1241D-01  -0.8748D-03  -0.6479D-02  -0.4263D-02  -0.1241D-01
  2.000  1.000
  -0.5361D+01   0.0000D+00  -0.8156D+01   0.0000D+00   0.0000D+00   0.0000D+00  -0.8368D+01   0.0000D+00  -0.5361D+01   0.0000D+00  -0.8156D+01   0.0000D+00
   0.5441D+00   0.0000D+00   0.9991D-01   0.0000D+00   0.1210D+00   0.0000D+00   0.2296D+00   0.0000D+00   0.5101D-01   0.0000D+00   0.0000D+00   0.0000D+00   0.5441D+00   0.0000D+00   0.9991D-01   0.0000D+00   0.1210D+00   0.0000D+00
   0.0000D+00   0.0000D+00   0.0000D+00   0.0000D+00   0.0000D+00   0.0000D+00   0.0000D+00   0.0000D+00
  -0.4402D+01   0.1228D+01  -0.7747D+01   0.7358D+00   0.6008D+00  -0.8687D+00  -0.8521D+01  -0.6398D-01  -0.4402D+01   0.1228D+01  -0.7747D+01   0.7358D+00
   0.6775D+00  -0.1537D-01   0.1258D+00  -0.6650D-02   0.1070D+00  -0.5281D-01   0.2776D+00   0.0000D+00   0.7011D-01   0.6491D-02   0.1161D-02   0.2124D-01   0.6775D+00  -0.1537D-01   0.1258D+00  -0.6650D-02   0.1070D+00  -0.5281D-01
  -0.7909D-03  -0.5858D-02  -0.3854D-02  -0.1122D-01  -0.7909D-03  -0.5858D-02  -0.3854D-02  -0.1122D-01
  2.000  2.000
  -0.4893D+01   0.0000D+00  -0.7443D+01   0.0000D+00   0.0000D+00   0.0000D+00  -0.7637D+01   0.0000D+00  -0.4893D+01   0.0000D+00  -0.7443D+01   0.0000D+00
   0.5441D+00   0.0000D+00   0.9991D-01   0.0000D+00   0.1210D+00   0.0000D+00   0.2296D+00   0.0000D+00   0.5101D-01   0.0000D+00   0.0000D+00   0.0000D+00   0.5441D+00   0.0000D+00   0.9991D-01   0.0000D+00   0.1210D+00   0.0000D+00
   0.0000D+00   0.0000D+00   0.0000D+00   0.0000D+00   0.0000D+00   0.0000D+00   0.0000D+00   0.0000D+00
  -0.4507D+01   0.1023D+01  -0.7730D+01   0.6128D+00   0.5002D+00  -0.7235D+00  -0.8408D+01  -0.5329D-01  -0.4507D+01   0.1023D+01  -0.7730D+01   0.6128D+00
   0.6668D+00  -0.1402D-01   0.1237D+00  -0.6069D-02   0.1085D+00  -0.4820D-01   0.2736D+00   0.0000D+00   0.6852D-01   0.5924D-02   0.1071D-02   0.1939D-01   0.6668D+00  -0.1402D-01   0.1237D+00  -0.6069D-02   0.1085D+00  -0.4820D-01
  -0.7218D-03  -0.5346D-02  -0.3518D-02  -0.1024D-01  -0.7218D-03  -0.5346D-02  -0.3518D-02  -0.1024D-01
