 LHC=           1 sqrts=   8000.0000000000000      ang=           4 mode=fital                                                                                               scalescheme=           1 R=  0.69999999999999996     
 CT10nlo_rand5678                                                                                              63
 Bin information: chid, chiu, md, mu, mu0
   0.0000000000000000       0.50000000000000000        638.00000000000000        686.00000000000000        662.00000000000000     
 9 scales(muf, mur)*(LO(38), NLO(38))
  0.500  0.500
  -0.4503D+00   0.0000D+00  -0.3854D+00   0.0000D+00   0.0000D+00   0.0000D+00  -0.2746D+00   0.0000D+00  -0.4503D+00   0.0000D+00  -0.3854D+00   0.0000D+00
   0.4854D+00   0.0000D+00   0.7985D-01   0.0000D+00   0.1687D+00   0.0000D+00   0.1287D+00   0.0000D+00   0.2861D-01   0.0000D+00   0.0000D+00   0.0000D+00   0.4854D+00   0.0000D+00   0.7985D-01   0.0000D+00   0.1687D+00   0.0000D+00
   0.0000D+00   0.0000D+00   0.0000D+00   0.0000D+00   0.0000D+00   0.0000D+00   0.0000D+00   0.0000D+00
  -0.3458D+00   0.5022D-01  -0.3344D+00   0.2955D-01   0.3090D-01  -0.2592D-01  -0.2506D+00   0.4427D-02  -0.3458D+00   0.5022D-01  -0.3344D+00   0.2955D-01
   0.3963D+00  -0.1946D-01   0.6727D-01  -0.6323D-02   0.9362D-01  -0.4176D-01   0.1145D+00   0.0000D+00   0.2866D-01   0.3301D-02  -0.2746D-02   0.1080D-01   0.3963D+00  -0.1946D-01   0.6727D-01  -0.6323D-02   0.9362D-01  -0.4176D-01
  -0.1814D-02  -0.5602D-02  -0.3010D-02  -0.6995D-02  -0.1814D-02  -0.5602D-02  -0.3010D-02  -0.6995D-02
  0.500  1.000
  -0.4143D+00   0.0000D+00  -0.3547D+00   0.0000D+00   0.0000D+00   0.0000D+00  -0.2526D+00   0.0000D+00  -0.4143D+00   0.0000D+00  -0.3547D+00   0.0000D+00
   0.4854D+00   0.0000D+00   0.7985D-01   0.0000D+00   0.1687D+00   0.0000D+00   0.1287D+00   0.0000D+00   0.2861D-01   0.0000D+00   0.0000D+00   0.0000D+00   0.4854D+00   0.0000D+00   0.7985D-01   0.0000D+00   0.1687D+00   0.0000D+00
   0.0000D+00   0.0000D+00   0.0000D+00   0.0000D+00   0.0000D+00   0.0000D+00   0.0000D+00   0.0000D+00
  -0.3578D+00   0.4252D-01  -0.3388D+00   0.2501D-01   0.2616D-01  -0.2194D-01  -0.2519D+00   0.3748D-02  -0.3578D+00   0.4252D-01  -0.3388D+00   0.2501D-01
   0.4035D+00  -0.1791D-01   0.6829D-01  -0.5818D-02   0.9966D-01  -0.3842D-01   0.1156D+00   0.0000D+00   0.2866D-01   0.3037D-02  -0.2527D-02   0.9940D-02   0.4035D+00  -0.1791D-01   0.6829D-01  -0.5818D-02   0.9966D-01  -0.3842D-01
  -0.1669D-02  -0.5154D-02  -0.2769D-02  -0.6436D-02  -0.1669D-02  -0.5154D-02  -0.2769D-02  -0.6436D-02
  0.500  2.000
  -0.3837D+00   0.0000D+00  -0.3285D+00   0.0000D+00   0.0000D+00   0.0000D+00  -0.2340D+00   0.0000D+00  -0.3837D+00   0.0000D+00  -0.3285D+00   0.0000D+00
   0.4854D+00   0.0000D+00   0.7985D-01   0.0000D+00   0.1687D+00   0.0000D+00   0.1287D+00   0.0000D+00   0.2861D-01   0.0000D+00   0.0000D+00   0.0000D+00   0.4854D+00   0.0000D+00   0.7985D-01   0.0000D+00   0.1687D+00   0.0000D+00
   0.0000D+00   0.0000D+00   0.0000D+00   0.0000D+00   0.0000D+00   0.0000D+00   0.0000D+00   0.0000D+00
  -0.3627D+00   0.3648D-01  -0.3384D+00   0.2146D-01   0.2244D-01  -0.1882D-01  -0.2501D+00   0.3215D-02  -0.3627D+00   0.3648D-01  -0.3384D+00   0.2146D-01
   0.4096D+00  -0.1659D-01   0.6916D-01  -0.5389D-02   0.1048D+00  -0.3559D-01   0.1166D+00   0.0000D+00   0.2866D-01   0.2813D-02  -0.2340D-02   0.9207D-02   0.4096D+00  -0.1659D-01   0.6916D-01  -0.5389D-02   0.1048D+00  -0.3559D-01
  -0.1546D-02  -0.4774D-02  -0.2565D-02  -0.5962D-02  -0.1546D-02  -0.4774D-02  -0.2565D-02  -0.5962D-02
  1.000  0.500
  -0.4142D+00   0.0000D+00  -0.3549D+00   0.0000D+00   0.0000D+00   0.0000D+00  -0.2515D+00   0.0000D+00  -0.4142D+00   0.0000D+00  -0.3549D+00   0.0000D+00
   0.4463D+00   0.0000D+00   0.7335D-01   0.0000D+00   0.1550D+00   0.0000D+00   0.1179D+00   0.0000D+00   0.2621D-01   0.0000D+00   0.0000D+00   0.0000D+00   0.4463D+00   0.0000D+00   0.7335D-01   0.0000D+00   0.1550D+00   0.0000D+00
   0.0000D+00   0.0000D+00   0.0000D+00   0.0000D+00   0.0000D+00   0.0000D+00   0.0000D+00   0.0000D+00
  -0.3498D+00   0.4619D-01  -0.3373D+00   0.2711D-01   0.2856D-01  -0.2374D-01  -0.2504D+00   0.4113D-02  -0.3498D+00   0.4619D-01  -0.3373D+00   0.2711D-01
   0.3996D+00  -0.1789D-01   0.6776D-01  -0.5813D-02   0.9764D-01  -0.3832D-01   0.1145D+00   0.0000D+00   0.2844D-01   0.3024D-02  -0.2505D-02   0.9897D-02   0.3996D+00  -0.1789D-01   0.6776D-01  -0.5813D-02   0.9764D-01  -0.3832D-01
  -0.1668D-02  -0.5153D-02  -0.2769D-02  -0.6413D-02  -0.1668D-02  -0.5153D-02  -0.2769D-02  -0.6413D-02
  1.000  1.000
  -0.3811D+00   0.0000D+00  -0.3265D+00   0.0000D+00   0.0000D+00   0.0000D+00  -0.2314D+00   0.0000D+00  -0.3811D+00   0.0000D+00  -0.3265D+00   0.0000D+00
   0.4463D+00   0.0000D+00   0.7335D-01   0.0000D+00   0.1550D+00   0.0000D+00   0.1179D+00   0.0000D+00   0.2621D-01   0.0000D+00   0.0000D+00   0.0000D+00   0.4463D+00   0.0000D+00   0.7335D-01   0.0000D+00   0.1550D+00   0.0000D+00
   0.0000D+00   0.0000D+00   0.0000D+00   0.0000D+00   0.0000D+00   0.0000D+00   0.0000D+00   0.0000D+00
  -0.3560D+00   0.3911D-01  -0.3368D+00   0.2296D-01   0.2418D-01  -0.2010D-01  -0.2483D+00   0.3482D-02  -0.3560D+00   0.3911D-01  -0.3368D+00   0.2296D-01
   0.4034D+00  -0.1646D-01   0.6823D-01  -0.5348D-02   0.1023D+00  -0.3526D-01   0.1148D+00   0.0000D+00   0.2827D-01   0.2783D-02  -0.2305D-02   0.9107D-02   0.4034D+00  -0.1646D-01   0.6823D-01  -0.5348D-02   0.1023D+00  -0.3526D-01
  -0.1535D-02  -0.4741D-02  -0.2548D-02  -0.5900D-02  -0.1535D-02  -0.4741D-02  -0.2548D-02  -0.5900D-02
  1.000  2.000
  -0.3530D+00   0.0000D+00  -0.3024D+00   0.0000D+00   0.0000D+00   0.0000D+00  -0.2143D+00   0.0000D+00  -0.3530D+00   0.0000D+00  -0.3024D+00   0.0000D+00
   0.4463D+00   0.0000D+00   0.7335D-01   0.0000D+00   0.1550D+00   0.0000D+00   0.1179D+00   0.0000D+00   0.2621D-01   0.0000D+00   0.0000D+00   0.0000D+00   0.4463D+00   0.0000D+00   0.7335D-01   0.0000D+00   0.1550D+00   0.0000D+00
   0.0000D+00   0.0000D+00   0.0000D+00   0.0000D+00   0.0000D+00   0.0000D+00   0.0000D+00   0.0000D+00
  -0.3567D+00   0.3355D-01  -0.3329D+00   0.1969D-01   0.2074D-01  -0.1724D-01  -0.2442D+00   0.2987D-02  -0.3567D+00   0.3355D-01  -0.3329D+00   0.1969D-01
   0.4067D+00  -0.1524D-01   0.6862D-01  -0.4954D-02   0.1062D+00  -0.3266D-01   0.1151D+00   0.0000D+00   0.2812D-01   0.2577D-02  -0.2135D-02   0.8435D-02   0.4067D+00  -0.1524D-01   0.6862D-01  -0.4954D-02   0.1062D+00  -0.3266D-01
  -0.1421D-02  -0.4392D-02  -0.2360D-02  -0.5465D-02  -0.1421D-02  -0.4392D-02  -0.2360D-02  -0.5465D-02
  2.000  0.500
  -0.3831D+00   0.0000D+00  -0.3290D+00   0.0000D+00   0.0000D+00   0.0000D+00  -0.2316D+00   0.0000D+00  -0.3831D+00   0.0000D+00  -0.3290D+00   0.0000D+00
   0.4120D+00   0.0000D+00   0.6772D-01   0.0000D+00   0.1435D+00   0.0000D+00   0.1086D+00   0.0000D+00   0.2413D-01   0.0000D+00   0.0000D+00   0.0000D+00   0.4120D+00   0.0000D+00   0.6772D-01   0.0000D+00   0.1435D+00   0.0000D+00
   0.0000D+00   0.0000D+00   0.0000D+00   0.0000D+00   0.0000D+00   0.0000D+00   0.0000D+00   0.0000D+00
  -0.3595D+00   0.4285D-01  -0.3404D+00   0.2507D-01   0.2603D-01  -0.2187D-01  -0.2503D+00   0.3840D-02  -0.3595D+00   0.4285D-01  -0.3404D+00   0.2507D-01
   0.4029D+00  -0.1655D-01   0.6837D-01  -0.5375D-02   0.1031D+00  -0.3530D-01   0.1148D+00   0.0000D+00   0.2824D-01   0.2784D-02  -0.2290D-02   0.9112D-02   0.4029D+00  -0.1655D-01   0.6837D-01  -0.5375D-02   0.1031D+00  -0.3530D-01
  -0.1548D-02  -0.4744D-02  -0.2563D-02  -0.5907D-02  -0.1548D-02  -0.4744D-02  -0.2563D-02  -0.5907D-02
  2.000  1.000
  -0.3525D+00   0.0000D+00  -0.3028D+00   0.0000D+00   0.0000D+00   0.0000D+00  -0.2131D+00   0.0000D+00  -0.3525D+00   0.0000D+00  -0.3028D+00   0.0000D+00
   0.4120D+00   0.0000D+00   0.6772D-01   0.0000D+00   0.1435D+00   0.0000D+00   0.1086D+00   0.0000D+00   0.2413D-01   0.0000D+00   0.0000D+00   0.0000D+00   0.4120D+00   0.0000D+00   0.6772D-01   0.0000D+00   0.1435D+00   0.0000D+00
   0.0000D+00   0.0000D+00   0.0000D+00   0.0000D+00   0.0000D+00   0.0000D+00   0.0000D+00   0.0000D+00
  -0.3597D+00   0.3628D-01  -0.3358D+00   0.2122D-01   0.2204D-01  -0.1852D-01  -0.2454D+00   0.3251D-02  -0.3597D+00   0.3628D-01  -0.3358D+00   0.2122D-01
   0.4037D+00  -0.1523D-01   0.6833D-01  -0.4946D-02   0.1064D+00  -0.3248D-01   0.1143D+00   0.0000D+00   0.2791D-01   0.2562D-02  -0.2107D-02   0.8384D-02   0.4037D+00  -0.1523D-01   0.6833D-01  -0.4946D-02   0.1064D+00  -0.3248D-01
  -0.1424D-02  -0.4365D-02  -0.2358D-02  -0.5435D-02  -0.1424D-02  -0.4365D-02  -0.2358D-02  -0.5435D-02
  2.000  2.000
  -0.3265D+00   0.0000D+00  -0.2804D+00   0.0000D+00   0.0000D+00   0.0000D+00  -0.1973D+00   0.0000D+00  -0.3265D+00   0.0000D+00  -0.2804D+00   0.0000D+00
   0.4120D+00   0.0000D+00   0.6772D-01   0.0000D+00   0.1435D+00   0.0000D+00   0.1086D+00   0.0000D+00   0.2413D-01   0.0000D+00   0.0000D+00   0.0000D+00   0.4120D+00   0.0000D+00   0.6772D-01   0.0000D+00   0.1435D+00   0.0000D+00
   0.0000D+00   0.0000D+00   0.0000D+00   0.0000D+00   0.0000D+00   0.0000D+00   0.0000D+00   0.0000D+00
  -0.3560D+00   0.3112D-01  -0.3288D+00   0.1821D-01   0.1891D-01  -0.1588D-01  -0.2392D+00   0.2789D-02  -0.3560D+00   0.3112D-01  -0.3288D+00   0.1821D-01
   0.4044D+00  -0.1411D-01   0.6830D-01  -0.4581D-02   0.1091D+00  -0.3008D-01   0.1139D+00   0.0000D+00   0.2764D-01   0.2373D-02  -0.1952D-02   0.7765D-02   0.4044D+00  -0.1411D-01   0.6830D-01  -0.4581D-02   0.1091D+00  -0.3008D-01
  -0.1319D-02  -0.4043D-02  -0.2184D-02  -0.5034D-02  -0.1319D-02  -0.4043D-02  -0.2184D-02  -0.5034D-02
