 LHC=           1 sqrts=   8000.0000000000000      ang=           4 mode=fital                                                                                               scalescheme=           1 R=  0.69999999999999996     
 CT10nlo_rand5678                                                                                              11
 Bin information: chid, chiu, md, mu, mu0
   0.0000000000000000       0.50000000000000000        638.00000000000000        686.00000000000000        662.00000000000000     
 9 scales(muf, mur)*(LO(38), NLO(38))
  0.500  0.500
  -0.4814D+00   0.0000D+00  -0.3971D+00   0.0000D+00   0.0000D+00   0.0000D+00  -0.2786D+00   0.0000D+00  -0.4814D+00   0.0000D+00  -0.3971D+00   0.0000D+00
   0.5056D+00   0.0000D+00   0.8245D-01   0.0000D+00   0.1801D+00   0.0000D+00   0.1312D+00   0.0000D+00   0.2915D-01   0.0000D+00   0.0000D+00   0.0000D+00   0.5056D+00   0.0000D+00   0.8245D-01   0.0000D+00   0.1801D+00   0.0000D+00
   0.0000D+00   0.0000D+00   0.0000D+00   0.0000D+00   0.0000D+00   0.0000D+00   0.0000D+00   0.0000D+00
  -0.3727D+00   0.5165D-01  -0.3447D+00   0.3060D-01   0.3211D-01  -0.2630D-01  -0.2546D+00   0.4806D-02  -0.3727D+00   0.5165D-01  -0.3447D+00   0.3060D-01
   0.4104D+00  -0.2078D-01   0.6886D-01  -0.6653D-02   0.1010D+00  -0.4341D-01   0.1164D+00   0.0000D+00   0.2905D-01   0.3364D-02  -0.3008D-02   0.1101D-01   0.4104D+00  -0.2078D-01   0.6886D-01  -0.6653D-02   0.1010D+00  -0.4341D-01
  -0.1946D-02  -0.5922D-02  -0.3092D-02  -0.7185D-02  -0.1946D-02  -0.5922D-02  -0.3092D-02  -0.7185D-02
  0.500  1.000
  -0.4430D+00   0.0000D+00  -0.3654D+00   0.0000D+00   0.0000D+00   0.0000D+00  -0.2563D+00   0.0000D+00  -0.4430D+00   0.0000D+00  -0.3654D+00   0.0000D+00
   0.5056D+00   0.0000D+00   0.8245D-01   0.0000D+00   0.1801D+00   0.0000D+00   0.1312D+00   0.0000D+00   0.2915D-01   0.0000D+00   0.0000D+00   0.0000D+00   0.5056D+00   0.0000D+00   0.8245D-01   0.0000D+00   0.1801D+00   0.0000D+00
   0.0000D+00   0.0000D+00   0.0000D+00   0.0000D+00   0.0000D+00   0.0000D+00   0.0000D+00   0.0000D+00
  -0.3851D+00   0.4373D-01  -0.3493D+00   0.2591D-01   0.2719D-01  -0.2226D-01  -0.2558D+00   0.4069D-02  -0.3851D+00   0.4373D-01  -0.3493D+00   0.2591D-01
   0.4181D+00  -0.1912D-01   0.6997D-01  -0.6121D-02   0.1074D+00  -0.3994D-01   0.1176D+00   0.0000D+00   0.2906D-01   0.3095D-02  -0.2768D-02   0.1013D-01   0.4181D+00  -0.1912D-01   0.6997D-01  -0.6121D-02   0.1074D+00  -0.3994D-01
  -0.1790D-02  -0.5449D-02  -0.2845D-02  -0.6611D-02  -0.1790D-02  -0.5449D-02  -0.2845D-02  -0.6611D-02
  0.500  2.000
  -0.4103D+00   0.0000D+00  -0.3384D+00   0.0000D+00   0.0000D+00   0.0000D+00  -0.2374D+00   0.0000D+00  -0.4103D+00   0.0000D+00  -0.3384D+00   0.0000D+00
   0.5056D+00   0.0000D+00   0.8245D-01   0.0000D+00   0.1801D+00   0.0000D+00   0.1312D+00   0.0000D+00   0.2915D-01   0.0000D+00   0.0000D+00   0.0000D+00   0.5056D+00   0.0000D+00   0.8245D-01   0.0000D+00   0.1801D+00   0.0000D+00
   0.0000D+00   0.0000D+00   0.0000D+00   0.0000D+00   0.0000D+00   0.0000D+00   0.0000D+00   0.0000D+00
  -0.3900D+00   0.3751D-01  -0.3488D+00   0.2222D-01   0.2333D-01  -0.1910D-01  -0.2540D+00   0.3491D-02  -0.3900D+00   0.3751D-01  -0.3488D+00   0.2222D-01
   0.4247D+00  -0.1771D-01   0.7090D-01  -0.5670D-02   0.1128D+00  -0.3700D-01   0.1186D+00   0.0000D+00   0.2907D-01   0.2867D-02  -0.2564D-02   0.9382D-02   0.4247D+00  -0.1771D-01   0.7090D-01  -0.5670D-02   0.1128D+00  -0.3700D-01
  -0.1658D-02  -0.5047D-02  -0.2635D-02  -0.6124D-02  -0.1658D-02  -0.5047D-02  -0.2635D-02  -0.6124D-02
  1.000  0.500
  -0.4423D+00   0.0000D+00  -0.3646D+00   0.0000D+00   0.0000D+00   0.0000D+00  -0.2543D+00   0.0000D+00  -0.4423D+00   0.0000D+00  -0.3646D+00   0.0000D+00
   0.4638D+00   0.0000D+00   0.7553D-01   0.0000D+00   0.1652D+00   0.0000D+00   0.1198D+00   0.0000D+00   0.2662D-01   0.0000D+00   0.0000D+00   0.0000D+00   0.4638D+00   0.0000D+00   0.7553D-01   0.0000D+00   0.1652D+00   0.0000D+00
   0.0000D+00   0.0000D+00   0.0000D+00   0.0000D+00   0.0000D+00   0.0000D+00   0.0000D+00   0.0000D+00
  -0.3770D+00   0.4737D-01  -0.3477D+00   0.2801D-01   0.2961D-01  -0.2401D-01  -0.2543D+00   0.4461D-02  -0.3770D+00   0.4737D-01  -0.3477D+00   0.2801D-01
   0.4141D+00  -0.1907D-01   0.6944D-01  -0.6104D-02   0.1054D+00  -0.3974D-01   0.1165D+00   0.0000D+00   0.2883D-01   0.3071D-02  -0.2745D-02   0.1005D-01   0.4141D+00  -0.1907D-01   0.6944D-01  -0.6104D-02   0.1054D+00  -0.3974D-01
  -0.1787D-02  -0.5438D-02  -0.2836D-02  -0.6567D-02  -0.1787D-02  -0.5438D-02  -0.2836D-02  -0.6567D-02
  1.000  1.000
  -0.4069D+00   0.0000D+00  -0.3355D+00   0.0000D+00   0.0000D+00   0.0000D+00  -0.2340D+00   0.0000D+00  -0.4069D+00   0.0000D+00  -0.3355D+00   0.0000D+00
   0.4638D+00   0.0000D+00   0.7553D-01   0.0000D+00   0.1652D+00   0.0000D+00   0.1198D+00   0.0000D+00   0.2662D-01   0.0000D+00   0.0000D+00   0.0000D+00   0.4638D+00   0.0000D+00   0.7553D-01   0.0000D+00   0.1652D+00   0.0000D+00
   0.0000D+00   0.0000D+00   0.0000D+00   0.0000D+00   0.0000D+00   0.0000D+00   0.0000D+00   0.0000D+00
  -0.3831D+00   0.4011D-01  -0.3471D+00   0.2371D-01   0.2507D-01  -0.2033D-01  -0.2520D+00   0.3776D-02  -0.3831D+00   0.4011D-01  -0.3471D+00   0.2371D-01
   0.4182D+00  -0.1755D-01   0.6994D-01  -0.5616D-02   0.1102D+00  -0.3656D-01   0.1167D+00   0.0000D+00   0.2866D-01   0.2826D-02  -0.2526D-02   0.9248D-02   0.4182D+00  -0.1755D-01   0.6994D-01  -0.5616D-02   0.1102D+00  -0.3656D-01
  -0.1644D-02  -0.5003D-02  -0.2609D-02  -0.6042D-02  -0.1644D-02  -0.5003D-02  -0.2609D-02  -0.6042D-02
  1.000  2.000
  -0.3769D+00   0.0000D+00  -0.3107D+00   0.0000D+00   0.0000D+00   0.0000D+00  -0.2168D+00   0.0000D+00  -0.3769D+00   0.0000D+00  -0.3107D+00   0.0000D+00
   0.4638D+00   0.0000D+00   0.7553D-01   0.0000D+00   0.1652D+00   0.0000D+00   0.1198D+00   0.0000D+00   0.2662D-01   0.0000D+00   0.0000D+00   0.0000D+00   0.4638D+00   0.0000D+00   0.7553D-01   0.0000D+00   0.1652D+00   0.0000D+00
   0.0000D+00   0.0000D+00   0.0000D+00   0.0000D+00   0.0000D+00   0.0000D+00   0.0000D+00   0.0000D+00
  -0.3834D+00   0.3441D-01  -0.3429D+00   0.2034D-01   0.2151D-01  -0.1744D-01  -0.2477D+00   0.3240D-02  -0.3834D+00   0.3441D-01  -0.3429D+00   0.2034D-01
   0.4217D+00  -0.1625D-01   0.7037D-01  -0.5202D-02   0.1143D+00  -0.3387D-01   0.1170D+00   0.0000D+00   0.2851D-01   0.2617D-02  -0.2340D-02   0.8565D-02   0.4217D+00  -0.1625D-01   0.7037D-01  -0.5202D-02   0.1143D+00  -0.3387D-01
  -0.1523D-02  -0.4634D-02  -0.2417D-02  -0.5597D-02  -0.1523D-02  -0.4634D-02  -0.2417D-02  -0.5597D-02
  2.000  0.500
  -0.4086D+00   0.0000D+00  -0.3372D+00   0.0000D+00   0.0000D+00   0.0000D+00  -0.2335D+00   0.0000D+00  -0.4086D+00   0.0000D+00  -0.3372D+00   0.0000D+00
   0.4272D+00   0.0000D+00   0.6957D-01   0.0000D+00   0.1527D+00   0.0000D+00   0.1099D+00   0.0000D+00   0.2442D-01   0.0000D+00   0.0000D+00   0.0000D+00   0.4272D+00   0.0000D+00   0.6957D-01   0.0000D+00   0.1527D+00   0.0000D+00
   0.0000D+00   0.0000D+00   0.0000D+00   0.0000D+00   0.0000D+00   0.0000D+00   0.0000D+00   0.0000D+00
  -0.3871D+00   0.4383D-01  -0.3508D+00   0.2584D-01   0.2694D-01  -0.2205D-01  -0.2540D+00   0.4160D-02  -0.3871D+00   0.4383D-01  -0.3508D+00   0.2584D-01
   0.4177D+00  -0.1762D-01   0.7008D-01  -0.5634D-02   0.1112D+00  -0.3652D-01   0.1167D+00   0.0000D+00   0.2862D-01   0.2819D-02  -0.2511D-02   0.9225D-02   0.4177D+00  -0.1762D-01   0.7008D-01  -0.5634D-02   0.1112D+00  -0.3652D-01
  -0.1656D-02  -0.5000D-02  -0.2617D-02  -0.6032D-02  -0.1656D-02  -0.5000D-02  -0.2617D-02  -0.6032D-02
  2.000  1.000
  -0.3759D+00   0.0000D+00  -0.3103D+00   0.0000D+00   0.0000D+00   0.0000D+00  -0.2148D+00   0.0000D+00  -0.3759D+00   0.0000D+00  -0.3103D+00   0.0000D+00
   0.4272D+00   0.0000D+00   0.6957D-01   0.0000D+00   0.1527D+00   0.0000D+00   0.1099D+00   0.0000D+00   0.2442D-01   0.0000D+00   0.0000D+00   0.0000D+00   0.4272D+00   0.0000D+00   0.6957D-01   0.0000D+00   0.1527D+00   0.0000D+00
   0.0000D+00   0.0000D+00   0.0000D+00   0.0000D+00   0.0000D+00   0.0000D+00   0.0000D+00   0.0000D+00
  -0.3868D+00   0.3711D-01  -0.3457D+00   0.2187D-01   0.2281D-01  -0.1867D-01  -0.2488D+00   0.3522D-02  -0.3868D+00   0.3711D-01  -0.3457D+00   0.2187D-01
   0.4186D+00  -0.1622D-01   0.7006D-01  -0.5184D-02   0.1145D+00  -0.3360D-01   0.1162D+00   0.0000D+00   0.2829D-01   0.2593D-02  -0.2310D-02   0.8488D-02   0.4186D+00  -0.1622D-01   0.7006D-01  -0.5184D-02   0.1145D+00  -0.3360D-01
  -0.1523D-02  -0.4600D-02  -0.2408D-02  -0.5550D-02  -0.1523D-02  -0.4600D-02  -0.2408D-02  -0.5550D-02
  2.000  2.000
  -0.3482D+00   0.0000D+00  -0.2874D+00   0.0000D+00   0.0000D+00   0.0000D+00  -0.1990D+00   0.0000D+00  -0.3482D+00   0.0000D+00  -0.2874D+00   0.0000D+00
   0.4272D+00   0.0000D+00   0.6957D-01   0.0000D+00   0.1527D+00   0.0000D+00   0.1099D+00   0.0000D+00   0.2442D-01   0.0000D+00   0.0000D+00   0.0000D+00   0.4272D+00   0.0000D+00   0.6957D-01   0.0000D+00   0.1527D+00   0.0000D+00
   0.0000D+00   0.0000D+00   0.0000D+00   0.0000D+00   0.0000D+00   0.0000D+00   0.0000D+00   0.0000D+00
  -0.3824D+00   0.3184D-01  -0.3383D+00   0.1876D-01   0.1957D-01  -0.1602D-01  -0.2423D+00   0.3022D-02  -0.3824D+00   0.3184D-01  -0.3383D+00   0.1876D-01
   0.4193D+00  -0.1502D-01   0.7003D-01  -0.4802D-02   0.1174D+00  -0.3113D-01   0.1157D+00   0.0000D+00   0.2801D-01   0.2402D-02  -0.2140D-02   0.7862D-02   0.4193D+00  -0.1502D-01   0.7003D-01  -0.4802D-02   0.1174D+00  -0.3113D-01
  -0.1411D-02  -0.4261D-02  -0.2231D-02  -0.5141D-02  -0.1411D-02  -0.4261D-02  -0.2231D-02  -0.5141D-02
