 LHC=           1 sqrts=   8000.0000000000000      ang=           4 mode=fital                                                                                               scalescheme=           1 R=  0.69999999999999996     
 CT10nlo_rand5678                                                                                             396
 Bin information: chid, chiu, md, mu, mu0
   0.0000000000000000       0.50000000000000000        174.00000000000000        196.00000000000000        185.00000000000000     
 9 scales(muf, mur)*(LO(38), NLO(38))
  0.500  0.500
  -0.4983D+01   0.0000D+00  -0.6934D+01   0.0000D+00   0.0000D+00   0.0000D+00  -0.7100D+01   0.0000D+00  -0.4983D+01   0.0000D+00  -0.6934D+01   0.0000D+00
   0.5587D+00   0.0000D+00   0.1020D+00   0.0000D+00   0.1308D+00   0.0000D+00   0.2334D+00   0.0000D+00   0.5186D-01   0.0000D+00   0.0000D+00   0.0000D+00   0.5587D+00   0.0000D+00   0.1020D+00   0.0000D+00   0.1308D+00   0.0000D+00
   0.0000D+00   0.0000D+00   0.0000D+00   0.0000D+00   0.0000D+00   0.0000D+00   0.0000D+00   0.0000D+00
  -0.3532D+01   0.1138D+01  -0.5748D+01   0.6822D+00   0.6051D+00  -0.7999D+00  -0.6508D+01  -0.5632D-01  -0.3532D+01   0.1138D+01  -0.5748D+01   0.6822D+00
   0.6933D+00  -0.1799D-01   0.1280D+00  -0.7524D-02   0.1110D+00  -0.5844D-01   0.2793D+00   0.0000D+00   0.7176D-01   0.7128D-02   0.1152D-02   0.2333D-01   0.6933D+00  -0.1799D-01   0.1280D+00  -0.7524D-02   0.1110D+00  -0.5844D-01
  -0.9771D-03  -0.6836D-02  -0.4241D-02  -0.1246D-01  -0.9771D-03  -0.6836D-02  -0.4241D-02  -0.1246D-01
  0.500  1.000
  -0.4513D+01   0.0000D+00  -0.6281D+01   0.0000D+00   0.0000D+00   0.0000D+00  -0.6431D+01   0.0000D+00  -0.4513D+01   0.0000D+00  -0.6281D+01   0.0000D+00
   0.5587D+00   0.0000D+00   0.1020D+00   0.0000D+00   0.1308D+00   0.0000D+00   0.2334D+00   0.0000D+00   0.5186D-01   0.0000D+00   0.0000D+00   0.0000D+00   0.5587D+00   0.0000D+00   0.1020D+00   0.0000D+00   0.1308D+00   0.0000D+00
   0.0000D+00   0.0000D+00   0.0000D+00   0.0000D+00   0.0000D+00   0.0000D+00   0.0000D+00   0.0000D+00
  -0.3733D+01   0.9332D+00  -0.5878D+01   0.5597D+00   0.4963D+00  -0.6563D+00  -0.6529D+01  -0.4620D-01  -0.3733D+01   0.9332D+00  -0.5878D+01   0.5597D+00
   0.6816D+00  -0.1629D-01   0.1257D+00  -0.6815D-02   0.1131D+00  -0.5293D-01   0.2752D+00   0.0000D+00   0.6996D-01   0.6456D-02   0.1055D-02   0.2113D-01   0.6816D+00  -0.1629D-01   0.1257D+00  -0.6815D-02   0.1131D+00  -0.5293D-01
  -0.8849D-03  -0.6192D-02  -0.3841D-02  -0.1128D-01  -0.8849D-03  -0.6192D-02  -0.3841D-02  -0.1128D-01
  0.500  2.000
  -0.4125D+01   0.0000D+00  -0.5741D+01   0.0000D+00   0.0000D+00   0.0000D+00  -0.5878D+01   0.0000D+00  -0.4125D+01   0.0000D+00  -0.5741D+01   0.0000D+00
   0.5587D+00   0.0000D+00   0.1020D+00   0.0000D+00   0.1308D+00   0.0000D+00   0.2334D+00   0.0000D+00   0.5186D-01   0.0000D+00   0.0000D+00   0.0000D+00   0.5587D+00   0.0000D+00   0.1020D+00   0.0000D+00   0.1308D+00   0.0000D+00
   0.0000D+00   0.0000D+00   0.0000D+00   0.0000D+00   0.0000D+00   0.0000D+00   0.0000D+00   0.0000D+00
  -0.3816D+01   0.7797D+00  -0.5881D+01   0.4676D+00   0.4145D+00  -0.5483D+00  -0.6448D+01  -0.3860D-01  -0.3816D+01   0.7797D+00  -0.5881D+01   0.4676D+00
   0.6718D+00  -0.1489D-01   0.1238D+00  -0.6229D-02   0.1148D+00  -0.4839D-01   0.2719D+00   0.0000D+00   0.6847D-01   0.5902D-02   0.9733D-03   0.1931D-01   0.6718D+00  -0.1489D-01   0.1238D+00  -0.6229D-02   0.1148D+00  -0.4839D-01
  -0.8088D-03  -0.5660D-02  -0.3511D-02  -0.1031D-01  -0.8088D-03  -0.5660D-02  -0.3511D-02  -0.1031D-01
  1.000  0.500
  -0.4874D+01   0.0000D+00  -0.6867D+01   0.0000D+00   0.0000D+00   0.0000D+00  -0.7108D+01   0.0000D+00  -0.4874D+01   0.0000D+00  -0.6867D+01   0.0000D+00
   0.5522D+00   0.0000D+00   0.1017D+00   0.0000D+00   0.1282D+00   0.0000D+00   0.2304D+00   0.0000D+00   0.5120D-01   0.0000D+00   0.0000D+00   0.0000D+00   0.5522D+00   0.0000D+00   0.1017D+00   0.0000D+00   0.1282D+00   0.0000D+00
   0.0000D+00   0.0000D+00   0.0000D+00   0.0000D+00   0.0000D+00   0.0000D+00   0.0000D+00   0.0000D+00
  -0.3489D+01   0.1126D+01  -0.5795D+01   0.6788D+00   0.5728D+00  -0.7984D+00  -0.6549D+01  -0.5536D-01  -0.3489D+01   0.1126D+01  -0.5795D+01   0.6788D+00
   0.6732D+00  -0.1762D-01   0.1249D+00  -0.7444D-02   0.1058D+00  -0.5831D-01   0.2722D+00   0.0000D+00   0.6927D-01   0.7050D-02   0.1188D-02   0.2307D-01   0.6732D+00  -0.1762D-01   0.1249D+00  -0.7444D-02   0.1058D+00  -0.5831D-01
  -0.9687D-03  -0.6790D-02  -0.4232D-02  -0.1241D-01  -0.9687D-03  -0.6790D-02  -0.4232D-02  -0.1241D-01
  1.000  1.000
  -0.4415D+01   0.0000D+00  -0.6220D+01   0.0000D+00   0.0000D+00   0.0000D+00  -0.6439D+01   0.0000D+00  -0.4415D+01   0.0000D+00  -0.6220D+01   0.0000D+00
   0.5522D+00   0.0000D+00   0.1017D+00   0.0000D+00   0.1282D+00   0.0000D+00   0.2304D+00   0.0000D+00   0.5120D-01   0.0000D+00   0.0000D+00   0.0000D+00   0.5522D+00   0.0000D+00   0.1017D+00   0.0000D+00   0.1282D+00   0.0000D+00
   0.0000D+00   0.0000D+00   0.0000D+00   0.0000D+00   0.0000D+00   0.0000D+00   0.0000D+00   0.0000D+00
  -0.3680D+01   0.9238D+00  -0.5906D+01   0.5569D+00   0.4698D+00  -0.6550D+00  -0.6565D+01  -0.4542D-01  -0.3680D+01   0.9238D+00  -0.5906D+01   0.5569D+00
   0.6628D+00  -0.1596D-01   0.1229D+00  -0.6743D-02   0.1081D+00  -0.5282D-01   0.2685D+00   0.0000D+00   0.6765D-01   0.6386D-02   0.1086D-02   0.2090D-01   0.6628D+00  -0.1596D-01   0.1229D+00  -0.6743D-02   0.1081D+00  -0.5282D-01
  -0.8774D-03  -0.6151D-02  -0.3833D-02  -0.1124D-01  -0.8774D-03  -0.6151D-02  -0.3833D-02  -0.1124D-01
  1.000  2.000
  -0.4036D+01   0.0000D+00  -0.5686D+01   0.0000D+00   0.0000D+00   0.0000D+00  -0.5885D+01   0.0000D+00  -0.4036D+01   0.0000D+00  -0.5686D+01   0.0000D+00
   0.5522D+00   0.0000D+00   0.1017D+00   0.0000D+00   0.1282D+00   0.0000D+00   0.2304D+00   0.0000D+00   0.5120D-01   0.0000D+00   0.0000D+00   0.0000D+00   0.5522D+00   0.0000D+00   0.1017D+00   0.0000D+00   0.1282D+00   0.0000D+00
   0.0000D+00   0.0000D+00   0.0000D+00   0.0000D+00   0.0000D+00   0.0000D+00   0.0000D+00   0.0000D+00
  -0.3756D+01   0.7718D+00  -0.5895D+01   0.4653D+00   0.3925D+00  -0.5472D+00  -0.6479D+01  -0.3794D-01  -0.3756D+01   0.7718D+00  -0.5895D+01   0.4653D+00
   0.6539D+00  -0.1459D-01   0.1212D+00  -0.6164D-02   0.1100D+00  -0.4828D-01   0.2654D+00   0.0000D+00   0.6629D-01   0.5838D-02   0.1002D-02   0.1911D-01   0.6539D+00  -0.1459D-01   0.1212D+00  -0.6164D-02   0.1100D+00  -0.4828D-01
  -0.8019D-03  -0.5622D-02  -0.3504D-02  -0.1027D-01  -0.8019D-03  -0.5622D-02  -0.3504D-02  -0.1027D-01
  2.000  0.500
  -0.4771D+01   0.0000D+00  -0.6799D+01   0.0000D+00   0.0000D+00   0.0000D+00  -0.6987D+01   0.0000D+00  -0.4771D+01   0.0000D+00  -0.6799D+01   0.0000D+00
   0.5444D+00   0.0000D+00   0.1000D+00   0.0000D+00   0.1258D+00   0.0000D+00   0.2271D+00   0.0000D+00   0.5046D-01   0.0000D+00   0.0000D+00   0.0000D+00   0.5444D+00   0.0000D+00   0.1000D+00   0.0000D+00   0.1258D+00   0.0000D+00
   0.0000D+00   0.0000D+00   0.0000D+00   0.0000D+00   0.0000D+00   0.0000D+00   0.0000D+00   0.0000D+00
  -0.3539D+01   0.1112D+01  -0.5897D+01   0.6709D+00   0.5577D+00  -0.7860D+00  -0.6628D+01  -0.5457D-01  -0.3539D+01   0.1112D+01  -0.5897D+01   0.6709D+00
   0.6684D+00  -0.1729D-01   0.1234D+00  -0.7296D-02   0.1060D+00  -0.5756D-01   0.2702D+00   0.0000D+00   0.6873D-01   0.6939D-02   0.8162D-03   0.2271D-01   0.6684D+00  -0.1729D-01   0.1234D+00  -0.7296D-02   0.1060D+00  -0.5756D-01
  -0.9637D-03  -0.6663D-02  -0.4202D-02  -0.1220D-01  -0.9637D-03  -0.6663D-02  -0.4202D-02  -0.1220D-01
  2.000  1.000
  -0.4321D+01   0.0000D+00  -0.6159D+01   0.0000D+00   0.0000D+00   0.0000D+00  -0.6329D+01   0.0000D+00  -0.4321D+01   0.0000D+00  -0.6159D+01   0.0000D+00
   0.5444D+00   0.0000D+00   0.1000D+00   0.0000D+00   0.1258D+00   0.0000D+00   0.2271D+00   0.0000D+00   0.5046D-01   0.0000D+00   0.0000D+00   0.0000D+00   0.5444D+00   0.0000D+00   0.1000D+00   0.0000D+00   0.1258D+00   0.0000D+00
   0.0000D+00   0.0000D+00   0.0000D+00   0.0000D+00   0.0000D+00   0.0000D+00   0.0000D+00   0.0000D+00
  -0.3697D+01   0.9121D+00  -0.5972D+01   0.5504D+00   0.4573D+00  -0.6448D+00  -0.6604D+01  -0.4476D-01  -0.3697D+01   0.9121D+00  -0.5972D+01   0.5504D+00
   0.6523D+00  -0.1566D-01   0.1205D+00  -0.6608D-02   0.1064D+00  -0.5214D-01   0.2654D+00   0.0000D+00   0.6675D-01   0.6285D-02   0.7413D-03   0.2057D-01   0.6523D+00  -0.1566D-01   0.1205D+00  -0.6608D-02   0.1064D+00  -0.5214D-01
  -0.8728D-03  -0.6036D-02  -0.3806D-02  -0.1105D-01  -0.8728D-03  -0.6036D-02  -0.3806D-02  -0.1105D-01
  2.000  2.000
  -0.3950D+01   0.0000D+00  -0.5630D+01   0.0000D+00   0.0000D+00   0.0000D+00  -0.5785D+01   0.0000D+00  -0.3950D+01   0.0000D+00  -0.5630D+01   0.0000D+00
   0.5444D+00   0.0000D+00   0.1000D+00   0.0000D+00   0.1258D+00   0.0000D+00   0.2271D+00   0.0000D+00   0.5046D-01   0.0000D+00   0.0000D+00   0.0000D+00   0.5444D+00   0.0000D+00   0.1000D+00   0.0000D+00   0.1258D+00   0.0000D+00
   0.0000D+00   0.0000D+00   0.0000D+00   0.0000D+00   0.0000D+00   0.0000D+00   0.0000D+00   0.0000D+00
  -0.3757D+01   0.7621D+00  -0.5941D+01   0.4599D+00   0.3820D+00  -0.5388D+00  -0.6496D+01  -0.3740D-01  -0.3757D+01   0.7621D+00  -0.5941D+01   0.4599D+00
   0.6446D+00  -0.1432D-01   0.1190D+00  -0.6041D-02   0.1085D+00  -0.4766D-01   0.2624D+00   0.0000D+00   0.6546D-01   0.5745D-02   0.6866D-03   0.1880D-01   0.6446D+00  -0.1432D-01   0.1190D+00  -0.6041D-02   0.1085D+00  -0.4766D-01
  -0.7978D-03  -0.5517D-02  -0.3479D-02  -0.1010D-01  -0.7978D-03  -0.5517D-02  -0.3479D-02  -0.1010D-01
