 LHC=           1 sqrts=   8000.0000000000000      ang=           4 mode=fital                                                                                               scalescheme=           1 R=  0.69999999999999996     
 CT10nlo_rand5678                                                                                             476
 Bin information: chid, chiu, md, mu, mu0
   0.0000000000000000       0.50000000000000000        638.00000000000000        686.00000000000000        662.00000000000000     
 9 scales(muf, mur)*(LO(38), NLO(38))
  0.500  0.500
  -0.4694D+00   0.0000D+00  -0.3964D+00   0.0000D+00   0.0000D+00   0.0000D+00  -0.2786D+00   0.0000D+00  -0.4694D+00   0.0000D+00  -0.3964D+00   0.0000D+00
   0.5041D+00   0.0000D+00   0.8276D-01   0.0000D+00   0.1762D+00   0.0000D+00   0.1322D+00   0.0000D+00   0.2938D-01   0.0000D+00   0.0000D+00   0.0000D+00   0.5041D+00   0.0000D+00   0.8276D-01   0.0000D+00   0.1762D+00   0.0000D+00
   0.0000D+00   0.0000D+00   0.0000D+00   0.0000D+00   0.0000D+00   0.0000D+00   0.0000D+00   0.0000D+00
  -0.3612D+00   0.5157D-01  -0.3443D+00   0.3033D-01   0.3185D-01  -0.2630D-01  -0.2543D+00   0.4770D-02  -0.3612D+00   0.5157D-01  -0.3443D+00   0.3033D-01
   0.4119D+00  -0.2032D-01   0.6967D-01  -0.6581D-02   0.9791D-01  -0.4335D-01   0.1180D+00   0.0000D+00   0.2941D-01   0.3391D-02  -0.2965D-02   0.1110D-01   0.4119D+00  -0.2032D-01   0.6967D-01  -0.6581D-02   0.9791D-01  -0.4335D-01
  -0.1892D-02  -0.5828D-02  -0.3092D-02  -0.7224D-02  -0.1892D-02  -0.5828D-02  -0.3092D-02  -0.7224D-02
  0.500  1.000
  -0.4319D+00   0.0000D+00  -0.3647D+00   0.0000D+00   0.0000D+00   0.0000D+00  -0.2563D+00   0.0000D+00  -0.4319D+00   0.0000D+00  -0.3647D+00   0.0000D+00
   0.5041D+00   0.0000D+00   0.8276D-01   0.0000D+00   0.1762D+00   0.0000D+00   0.1322D+00   0.0000D+00   0.2938D-01   0.0000D+00   0.0000D+00   0.0000D+00   0.5041D+00   0.0000D+00   0.8276D-01   0.0000D+00   0.1762D+00   0.0000D+00
   0.0000D+00   0.0000D+00   0.0000D+00   0.0000D+00   0.0000D+00   0.0000D+00   0.0000D+00   0.0000D+00
  -0.3736D+00   0.4366D-01  -0.3488D+00   0.2568D-01   0.2696D-01  -0.2226D-01  -0.2556D+00   0.4038D-02  -0.3736D+00   0.4366D-01  -0.3488D+00   0.2568D-01
   0.4194D+00  -0.1870D-01   0.7074D-01  -0.6055D-02   0.1042D+00  -0.3989D-01   0.1192D+00   0.0000D+00   0.2942D-01   0.3120D-02  -0.2728D-02   0.1021D-01   0.4194D+00  -0.1870D-01   0.7074D-01  -0.6055D-02   0.1042D+00  -0.3989D-01
  -0.1741D-02  -0.5363D-02  -0.2845D-02  -0.6647D-02  -0.1741D-02  -0.5363D-02  -0.2845D-02  -0.6647D-02
  0.500  2.000
  -0.4000D+00   0.0000D+00  -0.3378D+00   0.0000D+00   0.0000D+00   0.0000D+00  -0.2374D+00   0.0000D+00  -0.4000D+00   0.0000D+00  -0.3378D+00   0.0000D+00
   0.5041D+00   0.0000D+00   0.8276D-01   0.0000D+00   0.1762D+00   0.0000D+00   0.1322D+00   0.0000D+00   0.2938D-01   0.0000D+00   0.0000D+00   0.0000D+00   0.5041D+00   0.0000D+00   0.8276D-01   0.0000D+00   0.1762D+00   0.0000D+00
   0.0000D+00   0.0000D+00   0.0000D+00   0.0000D+00   0.0000D+00   0.0000D+00   0.0000D+00   0.0000D+00
  -0.3786D+00   0.3746D-01  -0.3483D+00   0.2203D-01   0.2313D-01  -0.1910D-01  -0.2538D+00   0.3464D-02  -0.3786D+00   0.3746D-01  -0.3483D+00   0.2203D-01
   0.4257D+00  -0.1732D-01   0.7164D-01  -0.5608D-02   0.1095D+00  -0.3694D-01   0.1201D+00   0.0000D+00   0.2942D-01   0.2890D-02  -0.2527D-02   0.9457D-02   0.4257D+00  -0.1732D-01   0.7164D-01  -0.5608D-02   0.1095D+00  -0.3694D-01
  -0.1612D-02  -0.4967D-02  -0.2635D-02  -0.6157D-02  -0.1612D-02  -0.4967D-02  -0.2635D-02  -0.6157D-02
  1.000  0.500
  -0.4315D+00   0.0000D+00  -0.3650D+00   0.0000D+00   0.0000D+00   0.0000D+00  -0.2552D+00   0.0000D+00  -0.4315D+00   0.0000D+00  -0.3650D+00   0.0000D+00
   0.4634D+00   0.0000D+00   0.7603D-01   0.0000D+00   0.1617D+00   0.0000D+00   0.1212D+00   0.0000D+00   0.2693D-01   0.0000D+00   0.0000D+00   0.0000D+00   0.4634D+00   0.0000D+00   0.7603D-01   0.0000D+00   0.1617D+00   0.0000D+00
   0.0000D+00   0.0000D+00   0.0000D+00   0.0000D+00   0.0000D+00   0.0000D+00   0.0000D+00   0.0000D+00
  -0.3653D+00   0.4744D-01  -0.3472D+00   0.2784D-01   0.2942D-01  -0.2410D-01  -0.2541D+00   0.4425D-02  -0.3653D+00   0.4744D-01  -0.3472D+00   0.2784D-01
   0.4153D+00  -0.1867D-01   0.7018D-01  -0.6048D-02   0.1021D+00  -0.3978D-01   0.1180D+00   0.0000D+00   0.2918D-01   0.3107D-02  -0.2702D-02   0.1017D-01   0.4153D+00  -0.1867D-01   0.7018D-01  -0.6048D-02   0.1021D+00  -0.3978D-01
  -0.1738D-02  -0.5360D-02  -0.2845D-02  -0.6623D-02  -0.1738D-02  -0.5360D-02  -0.2845D-02  -0.6623D-02
  1.000  1.000
  -0.3971D+00   0.0000D+00  -0.3358D+00   0.0000D+00   0.0000D+00   0.0000D+00  -0.2348D+00   0.0000D+00  -0.3971D+00   0.0000D+00  -0.3358D+00   0.0000D+00
   0.4634D+00   0.0000D+00   0.7603D-01   0.0000D+00   0.1617D+00   0.0000D+00   0.1212D+00   0.0000D+00   0.2693D-01   0.0000D+00   0.0000D+00   0.0000D+00   0.4634D+00   0.0000D+00   0.7603D-01   0.0000D+00   0.1617D+00   0.0000D+00
   0.0000D+00   0.0000D+00   0.0000D+00   0.0000D+00   0.0000D+00   0.0000D+00   0.0000D+00   0.0000D+00
  -0.3717D+00   0.4016D-01  -0.3467D+00   0.2357D-01   0.2491D-01  -0.2040D-01  -0.2520D+00   0.3746D-02  -0.3717D+00   0.4016D-01  -0.3467D+00   0.2357D-01
   0.4193D+00  -0.1718D-01   0.7067D-01  -0.5565D-02   0.1069D+00  -0.3660D-01   0.1183D+00   0.0000D+00   0.2901D-01   0.2859D-02  -0.2486D-02   0.9356D-02   0.4193D+00  -0.1718D-01   0.7067D-01  -0.5565D-02   0.1069D+00  -0.3660D-01
  -0.1599D-02  -0.4932D-02  -0.2618D-02  -0.6094D-02  -0.1599D-02  -0.4932D-02  -0.2618D-02  -0.6094D-02
  1.000  2.000
  -0.3678D+00   0.0000D+00  -0.3110D+00   0.0000D+00   0.0000D+00   0.0000D+00  -0.2175D+00   0.0000D+00  -0.3678D+00   0.0000D+00  -0.3110D+00   0.0000D+00
   0.4634D+00   0.0000D+00   0.7603D-01   0.0000D+00   0.1617D+00   0.0000D+00   0.1212D+00   0.0000D+00   0.2693D-01   0.0000D+00   0.0000D+00   0.0000D+00   0.4634D+00   0.0000D+00   0.7603D-01   0.0000D+00   0.1617D+00   0.0000D+00
   0.0000D+00   0.0000D+00   0.0000D+00   0.0000D+00   0.0000D+00   0.0000D+00   0.0000D+00   0.0000D+00
  -0.3723D+00   0.3445D-01  -0.3426D+00   0.2022D-01   0.2137D-01  -0.1750D-01  -0.2478D+00   0.3214D-02  -0.3723D+00   0.3445D-01  -0.3426D+00   0.2022D-01
   0.4226D+00  -0.1591D-01   0.7108D-01  -0.5154D-02   0.1110D+00  -0.3390D-01   0.1185D+00   0.0000D+00   0.2886D-01   0.2648D-02  -0.2303D-02   0.8666D-02   0.4226D+00  -0.1591D-01   0.7108D-01  -0.5154D-02   0.1110D+00  -0.3390D-01
  -0.1481D-02  -0.4568D-02  -0.2425D-02  -0.5645D-02  -0.1481D-02  -0.4568D-02  -0.2425D-02  -0.5645D-02
  2.000  0.500
  -0.3990D+00   0.0000D+00  -0.3384D+00   0.0000D+00   0.0000D+00   0.0000D+00  -0.2351D+00   0.0000D+00  -0.3990D+00   0.0000D+00  -0.3384D+00   0.0000D+00
   0.4277D+00   0.0000D+00   0.7020D-01   0.0000D+00   0.1497D+00   0.0000D+00   0.1116D+00   0.0000D+00   0.2479D-01   0.0000D+00   0.0000D+00   0.0000D+00   0.4277D+00   0.0000D+00   0.7020D-01   0.0000D+00   0.1497D+00   0.0000D+00
   0.0000D+00   0.0000D+00   0.0000D+00   0.0000D+00   0.0000D+00   0.0000D+00   0.0000D+00   0.0000D+00
  -0.3753D+00   0.4400D-01  -0.3504D+00   0.2573D-01   0.2681D-01  -0.2220D-01  -0.2540D+00   0.4127D-02  -0.3753D+00   0.4400D-01  -0.3504D+00   0.2573D-01
   0.4187D+00  -0.1727D-01   0.7081D-01  -0.5591D-02   0.1078D+00  -0.3663D-01   0.1182D+00   0.0000D+00   0.2898D-01   0.2861D-02  -0.2469D-02   0.9364D-02   0.4187D+00  -0.1727D-01   0.7081D-01  -0.5591D-02   0.1078D+00  -0.3663D-01
  -0.1612D-02  -0.4934D-02  -0.2633D-02  -0.6101D-02  -0.1612D-02  -0.4934D-02  -0.2633D-02  -0.6101D-02
  2.000  1.000
  -0.3671D+00   0.0000D+00  -0.3114D+00   0.0000D+00   0.0000D+00   0.0000D+00  -0.2163D+00   0.0000D+00  -0.3671D+00   0.0000D+00  -0.3114D+00   0.0000D+00
   0.4277D+00   0.0000D+00   0.7020D-01   0.0000D+00   0.1497D+00   0.0000D+00   0.1116D+00   0.0000D+00   0.2479D-01   0.0000D+00   0.0000D+00   0.0000D+00   0.4277D+00   0.0000D+00   0.7020D-01   0.0000D+00   0.1497D+00   0.0000D+00
   0.0000D+00   0.0000D+00   0.0000D+00   0.0000D+00   0.0000D+00   0.0000D+00   0.0000D+00   0.0000D+00
  -0.3754D+00   0.3726D-01  -0.3455D+00   0.2179D-01   0.2270D-01  -0.1880D-01  -0.2490D+00   0.3494D-02  -0.3754D+00   0.3726D-01  -0.3455D+00   0.2179D-01
   0.4195D+00  -0.1589D-01   0.7077D-01  -0.5145D-02   0.1112D+00  -0.3371D-01   0.1177D+00   0.0000D+00   0.2865D-01   0.2633D-02  -0.2271D-02   0.8616D-02   0.4195D+00  -0.1589D-01   0.7077D-01  -0.5145D-02   0.1112D+00  -0.3371D-01
  -0.1484D-02  -0.4540D-02  -0.2423D-02  -0.5614D-02  -0.1484D-02  -0.4540D-02  -0.2423D-02  -0.5614D-02
  2.000  2.000
  -0.3400D+00   0.0000D+00  -0.2884D+00   0.0000D+00   0.0000D+00   0.0000D+00  -0.2003D+00   0.0000D+00  -0.3400D+00   0.0000D+00  -0.2884D+00   0.0000D+00
   0.4277D+00   0.0000D+00   0.7020D-01   0.0000D+00   0.1497D+00   0.0000D+00   0.1116D+00   0.0000D+00   0.2479D-01   0.0000D+00   0.0000D+00   0.0000D+00   0.4277D+00   0.0000D+00   0.7020D-01   0.0000D+00   0.1497D+00   0.0000D+00
   0.0000D+00   0.0000D+00   0.0000D+00   0.0000D+00   0.0000D+00   0.0000D+00   0.0000D+00   0.0000D+00
  -0.3715D+00   0.3196D-01  -0.3383D+00   0.1869D-01   0.1947D-01  -0.1613D-01  -0.2427D+00   0.2997D-02  -0.3715D+00   0.3196D-01  -0.3383D+00   0.1869D-01
   0.4202D+00  -0.1472D-01   0.7074D-01  -0.4765D-02   0.1140D+00  -0.3122D-01   0.1173D+00   0.0000D+00   0.2837D-01   0.2438D-02  -0.2104D-02   0.7980D-02   0.4202D+00  -0.1472D-01   0.7074D-01  -0.4765D-02   0.1140D+00  -0.3122D-01
  -0.1374D-02  -0.4205D-02  -0.2244D-02  -0.5200D-02  -0.1374D-02  -0.4205D-02  -0.2244D-02  -0.5200D-02
