 LHC=           1 sqrts=   8000.0000000000000      ang=           4 mode=fital                                                                                               scalescheme=           1 R=  0.69999999999999996     
 CT10nlo_rand5678                                                                                             476
 Bin information: chid, chiu, md, mu, mu0
   0.0000000000000000       0.50000000000000000        2750.0000000000000        3000.0000000000000        2875.0000000000000     
 9 scales(muf, mur)*(LO(38), NLO(38))
  0.500  0.500
  -0.8562D-05   0.0000D+00  -0.5800D-05   0.0000D+00   0.0000D+00   0.0000D+00  -0.2103D-05   0.0000D+00  -0.8562D-05   0.0000D+00  -0.5800D-05   0.0000D+00
   0.1494D-03   0.0000D+00   0.2227D-04   0.0000D+00   0.6562D-04   0.0000D+00   0.1714D-04   0.0000D+00   0.3809D-05   0.0000D+00   0.0000D+00   0.0000D+00   0.1494D-03   0.0000D+00   0.2227D-04   0.0000D+00   0.6562D-04   0.0000D+00
   0.0000D+00   0.0000D+00   0.0000D+00   0.0000D+00   0.0000D+00   0.0000D+00   0.0000D+00   0.0000D+00
  -0.8677D-05   0.6039D-06  -0.5844D-05   0.3249D-06   0.7549D-07  -0.1679D-06  -0.1994D-05   0.1548D-06  -0.8677D-05   0.6039D-06  -0.5844D-05   0.3249D-06
   0.1266D-03  -0.6406D-05   0.1890D-04  -0.1824D-05   0.4835D-04  -0.1062D-04   0.1552D-04   0.0000D+00   0.3784D-05   0.3719D-06  -0.4753D-06   0.1217D-05   0.1266D-03  -0.6406D-05   0.1890D-04  -0.1824D-05   0.4835D-04  -0.1062D-04
  -0.7213D-06  -0.1593D-05  -0.6617D-06  -0.1303D-05  -0.7213D-06  -0.1593D-05  -0.6617D-06  -0.1303D-05
  0.500  1.000
  -0.7979D-05   0.0000D+00  -0.5406D-05   0.0000D+00   0.0000D+00   0.0000D+00  -0.1959D-05   0.0000D+00  -0.7979D-05   0.0000D+00  -0.5406D-05   0.0000D+00
   0.1494D-03   0.0000D+00   0.2227D-04   0.0000D+00   0.6562D-04   0.0000D+00   0.1714D-04   0.0000D+00   0.3809D-05   0.0000D+00   0.0000D+00   0.0000D+00   0.1494D-03   0.0000D+00   0.2227D-04   0.0000D+00   0.6562D-04   0.0000D+00
   0.0000D+00   0.0000D+00   0.0000D+00   0.0000D+00   0.0000D+00   0.0000D+00   0.0000D+00   0.0000D+00
  -0.8605D-05   0.5244D-06  -0.5800D-05   0.2822D-06   0.6557D-07  -0.1459D-06  -0.1995D-05   0.1344D-06  -0.8605D-05   0.5244D-06  -0.5800D-05   0.2822D-06
   0.1282D-03  -0.5970D-05   0.1913D-04  -0.1699D-05   0.4953D-04  -0.9901D-05   0.1563D-04   0.0000D+00   0.3786D-05   0.3466D-06  -0.4430D-06   0.1134D-05   0.1282D-03  -0.5970D-05   0.1913D-04  -0.1699D-05   0.4953D-04  -0.9901D-05
  -0.6722D-06  -0.1485D-05  -0.6167D-06  -0.1214D-05  -0.6722D-06  -0.1485D-05  -0.6167D-06  -0.1214D-05
  0.500  2.000
  -0.7472D-05   0.0000D+00  -0.5062D-05   0.0000D+00   0.0000D+00   0.0000D+00  -0.1835D-05   0.0000D+00  -0.7472D-05   0.0000D+00  -0.5062D-05   0.0000D+00
   0.1494D-03   0.0000D+00   0.2227D-04   0.0000D+00   0.6562D-04   0.0000D+00   0.1714D-04   0.0000D+00   0.3809D-05   0.0000D+00   0.0000D+00   0.0000D+00   0.1494D-03   0.0000D+00   0.2227D-04   0.0000D+00   0.6562D-04   0.0000D+00
   0.0000D+00   0.0000D+00   0.0000D+00   0.0000D+00   0.0000D+00   0.0000D+00   0.0000D+00   0.0000D+00
  -0.8482D-05   0.4599D-06  -0.5720D-05   0.2475D-06   0.5751D-07  -0.1279D-06  -0.1979D-05   0.1179D-06  -0.8482D-05   0.4599D-06  -0.5720D-05   0.2475D-06
   0.1295D-03  -0.5590D-05   0.1933D-04  -0.1591D-05   0.5055D-04  -0.9271D-05   0.1573D-04   0.0000D+00   0.3787D-05   0.3245D-06  -0.4149D-06   0.1062D-05   0.1295D-03  -0.5590D-05   0.1933D-04  -0.1591D-05   0.5055D-04  -0.9271D-05
  -0.6295D-06  -0.1391D-05  -0.5774D-06  -0.1137D-05  -0.6295D-06  -0.1391D-05  -0.5774D-06  -0.1137D-05
  1.000  0.500
  -0.6674D-05   0.0000D+00  -0.4548D-05   0.0000D+00   0.0000D+00   0.0000D+00  -0.1650D-05   0.0000D+00  -0.6674D-05   0.0000D+00  -0.4548D-05   0.0000D+00
   0.1169D-03   0.0000D+00   0.1745D-04   0.0000D+00   0.5112D-04   0.0000D+00   0.1345D-04   0.0000D+00   0.2990D-05   0.0000D+00   0.0000D+00   0.0000D+00   0.1169D-03   0.0000D+00   0.1745D-04   0.0000D+00   0.5112D-04   0.0000D+00
   0.0000D+00   0.0000D+00   0.0000D+00   0.0000D+00   0.0000D+00   0.0000D+00   0.0000D+00   0.0000D+00
  -0.8422D-05   0.4733D-06  -0.5683D-05   0.2541D-06   0.5846D-07  -0.1318D-06  -0.1960D-05   0.1213D-06  -0.8422D-05   0.4733D-06  -0.5683D-05   0.2541D-06
   0.1277D-03  -0.4992D-05   0.1905D-04  -0.1424D-05   0.5038D-04  -0.8311D-05   0.1541D-04   0.0000D+00   0.3688D-05   0.2919D-06  -0.3597D-06   0.9553D-06   0.1277D-03  -0.4992D-05   0.1905D-04  -0.1424D-05   0.5038D-04  -0.8311D-05
  -0.5623D-06  -0.1241D-05  -0.5191D-06  -0.1022D-05  -0.5623D-06  -0.1241D-05  -0.5191D-06  -0.1022D-05
  1.000  1.000
  -0.6220D-05   0.0000D+00  -0.4238D-05   0.0000D+00   0.0000D+00   0.0000D+00  -0.1537D-05   0.0000D+00  -0.6220D-05   0.0000D+00  -0.4238D-05   0.0000D+00
   0.1169D-03   0.0000D+00   0.1745D-04   0.0000D+00   0.5112D-04   0.0000D+00   0.1345D-04   0.0000D+00   0.2990D-05   0.0000D+00   0.0000D+00   0.0000D+00   0.1169D-03   0.0000D+00   0.1745D-04   0.0000D+00   0.5112D-04   0.0000D+00
   0.0000D+00   0.0000D+00   0.0000D+00   0.0000D+00   0.0000D+00   0.0000D+00   0.0000D+00   0.0000D+00
  -0.8148D-05   0.4111D-06  -0.5504D-05   0.2207D-06   0.5078D-07  -0.1144D-06  -0.1908D-05   0.1053D-06  -0.8148D-05   0.4111D-06  -0.5504D-05   0.2207D-06
   0.1270D-03  -0.4652D-05   0.1894D-04  -0.1327D-05   0.5043D-04  -0.7745D-05   0.1528D-04   0.0000D+00   0.3640D-05   0.2720D-06  -0.3352D-06   0.8903D-06   0.1270D-03  -0.4652D-05   0.1894D-04  -0.1327D-05   0.5043D-04  -0.7745D-05
  -0.5240D-06  -0.1157D-05  -0.4837D-06  -0.9528D-06  -0.5240D-06  -0.1157D-05  -0.4837D-06  -0.9528D-06
  1.000  2.000
  -0.5824D-05   0.0000D+00  -0.3969D-05   0.0000D+00   0.0000D+00   0.0000D+00  -0.1440D-05   0.0000D+00  -0.5824D-05   0.0000D+00  -0.3969D-05   0.0000D+00
   0.1169D-03   0.0000D+00   0.1745D-04   0.0000D+00   0.5112D-04   0.0000D+00   0.1345D-04   0.0000D+00   0.2990D-05   0.0000D+00   0.0000D+00   0.0000D+00   0.1169D-03   0.0000D+00   0.1745D-04   0.0000D+00   0.5112D-04   0.0000D+00
   0.0000D+00   0.0000D+00   0.0000D+00   0.0000D+00   0.0000D+00   0.0000D+00   0.0000D+00   0.0000D+00
  -0.7875D-05   0.3604D-06  -0.5324D-05   0.1935D-06   0.4453D-07  -0.1004D-06  -0.1854D-05   0.9237D-07  -0.7875D-05   0.3604D-06  -0.5324D-05   0.1935D-06
   0.1264D-03  -0.4356D-05   0.1884D-04  -0.1242D-05   0.5048D-04  -0.7252D-05   0.1516D-04   0.0000D+00   0.3599D-05   0.2547D-06  -0.3139D-06   0.8337D-06   0.1264D-03  -0.4356D-05   0.1884D-04  -0.1242D-05   0.5048D-04  -0.7252D-05
  -0.4907D-06  -0.1083D-05  -0.4530D-06  -0.8923D-06  -0.4907D-06  -0.1083D-05  -0.4530D-06  -0.8923D-06
  2.000  0.500
  -0.5289D-05   0.0000D+00  -0.3624D-05   0.0000D+00   0.0000D+00   0.0000D+00  -0.1316D-05   0.0000D+00  -0.5289D-05   0.0000D+00  -0.3624D-05   0.0000D+00
   0.9290D-04   0.0000D+00   0.1390D-04   0.0000D+00   0.4046D-04   0.0000D+00   0.1073D-04   0.0000D+00   0.2384D-05   0.0000D+00   0.0000D+00   0.0000D+00   0.9290D-04   0.0000D+00   0.1390D-04   0.0000D+00   0.4046D-04   0.0000D+00
   0.0000D+00   0.0000D+00   0.0000D+00   0.0000D+00   0.0000D+00   0.0000D+00   0.0000D+00   0.0000D+00
  -0.8001D-05   0.3771D-06  -0.5409D-05   0.2020D-06   0.4671D-07  -0.1051D-06  -0.1883D-05   0.9660D-07  -0.8001D-05   0.3771D-06  -0.5409D-05   0.2020D-06
   0.1244D-03  -0.3951D-05   0.1857D-04  -0.1130D-05   0.4996D-04  -0.6612D-05   0.1488D-04   0.0000D+00   0.3517D-05   0.2327D-06  -0.2827D-06   0.7617D-06   0.1244D-03  -0.3951D-05   0.1857D-04  -0.1130D-05   0.4996D-04  -0.6612D-05
  -0.4455D-06  -0.9824D-06  -0.4137D-06  -0.8143D-06  -0.4455D-06  -0.9824D-06  -0.4137D-06  -0.8143D-06
  2.000  1.000
  -0.4929D-05   0.0000D+00  -0.3377D-05   0.0000D+00   0.0000D+00   0.0000D+00  -0.1226D-05   0.0000D+00  -0.4929D-05   0.0000D+00  -0.3377D-05   0.0000D+00
   0.9290D-04   0.0000D+00   0.1390D-04   0.0000D+00   0.4046D-04   0.0000D+00   0.1073D-04   0.0000D+00   0.2384D-05   0.0000D+00   0.0000D+00   0.0000D+00   0.9290D-04   0.0000D+00   0.1390D-04   0.0000D+00   0.4046D-04   0.0000D+00
   0.0000D+00   0.0000D+00   0.0000D+00   0.0000D+00   0.0000D+00   0.0000D+00   0.0000D+00   0.0000D+00
  -0.7610D-05   0.3275D-06  -0.5151D-05   0.1754D-06   0.4058D-07  -0.9127D-07  -0.1800D-05   0.8389D-07  -0.7610D-05   0.3275D-06  -0.5151D-05   0.1754D-06
   0.1223D-03  -0.3682D-05   0.1825D-04  -0.1053D-05   0.4932D-04  -0.6162D-05   0.1460D-04   0.0000D+00   0.3440D-05   0.2169D-06  -0.2635D-06   0.7099D-06   0.1223D-03  -0.3682D-05   0.1825D-04  -0.1053D-05   0.4932D-04  -0.6162D-05
  -0.4152D-06  -0.9155D-06  -0.3856D-06  -0.7589D-06  -0.4152D-06  -0.9155D-06  -0.3856D-06  -0.7589D-06
  2.000  2.000
  -0.4615D-05   0.0000D+00  -0.3163D-05   0.0000D+00   0.0000D+00   0.0000D+00  -0.1148D-05   0.0000D+00  -0.4615D-05   0.0000D+00  -0.3163D-05   0.0000D+00
   0.9290D-04   0.0000D+00   0.1390D-04   0.0000D+00   0.4046D-04   0.0000D+00   0.1073D-04   0.0000D+00   0.2384D-05   0.0000D+00   0.0000D+00   0.0000D+00   0.9290D-04   0.0000D+00   0.1390D-04   0.0000D+00   0.4046D-04   0.0000D+00
   0.0000D+00   0.0000D+00   0.0000D+00   0.0000D+00   0.0000D+00   0.0000D+00   0.0000D+00   0.0000D+00
  -0.7251D-05   0.2872D-06  -0.4913D-05   0.1538D-06   0.3558D-07  -0.8003D-07  -0.1722D-05   0.7356D-07  -0.7251D-05   0.2872D-06  -0.4913D-05   0.1538D-06
   0.1204D-03  -0.3448D-05   0.1798D-04  -0.9860D-06   0.4876D-04  -0.5770D-05   0.1435D-04   0.0000D+00   0.3373D-05   0.2031D-06  -0.2468D-06   0.6648D-06   0.1204D-03  -0.3448D-05   0.1798D-04  -0.9860D-06   0.4876D-04  -0.5770D-05
  -0.3888D-06  -0.8573D-06  -0.3610D-06  -0.7106D-06  -0.3888D-06  -0.8573D-06  -0.3610D-06  -0.7106D-06
