 LHC=           1 sqrts=   8000.0000000000000      ang=           4 mode=fital                                                                                               scalescheme=           1 R=  0.69999999999999996     
 CT10nlo_rand5678                                                                                             288
 Bin information: chid, chiu, md, mu, mu0
   0.0000000000000000       0.50000000000000000        330.00000000000000        362.00000000000000        346.00000000000000     
 9 scales(muf, mur)*(LO(38), NLO(38))
  0.500  0.500
  -0.1793D+01   0.0000D+00  -0.1920D+01   0.0000D+00   0.0000D+00   0.0000D+00  -0.1742D+01   0.0000D+00  -0.1793D+01   0.0000D+00  -0.1920D+01   0.0000D+00
   0.6199D+00   0.0000D+00   0.1082D+00   0.0000D+00   0.1757D+00   0.0000D+00   0.2188D+00   0.0000D+00   0.4863D-01   0.0000D+00   0.0000D+00   0.0000D+00   0.6199D+00   0.0000D+00   0.1082D+00   0.0000D+00   0.1757D+00   0.0000D+00
   0.0000D+00   0.0000D+00   0.0000D+00   0.0000D+00   0.0000D+00   0.0000D+00   0.0000D+00   0.0000D+00
  -0.1315D+01   0.2818D+00  -0.1650D+01   0.1698D+00   0.1647D+00  -0.1792D+00  -0.1603D+01   0.9720D-03  -0.1315D+01   0.2818D+00  -0.1650D+01   0.1698D+00
   0.6021D+00  -0.2209D-01   0.1075D+00  -0.8126D-02   0.1126D+00  -0.5875D-01   0.2194D+00   0.0000D+00   0.5477D-01   0.6112D-02  -0.2397D-02   0.2000D-01   0.6021D+00  -0.2209D-01   0.1075D+00  -0.8126D-02   0.1126D+00  -0.5875D-01
  -0.1683D-02  -0.7291D-02  -0.4345D-02  -0.1140D-01  -0.1683D-02  -0.7291D-02  -0.4345D-02  -0.1140D-01
  0.500  1.000
  -0.1638D+01   0.0000D+00  -0.1753D+01   0.0000D+00   0.0000D+00   0.0000D+00  -0.1591D+01   0.0000D+00  -0.1638D+01   0.0000D+00  -0.1753D+01   0.0000D+00
   0.6199D+00   0.0000D+00   0.1082D+00   0.0000D+00   0.1757D+00   0.0000D+00   0.2188D+00   0.0000D+00   0.4863D-01   0.0000D+00   0.0000D+00   0.0000D+00   0.6199D+00   0.0000D+00   0.1082D+00   0.0000D+00   0.1757D+00   0.0000D+00
   0.0000D+00   0.0000D+00   0.0000D+00   0.0000D+00   0.0000D+00   0.0000D+00   0.0000D+00   0.0000D+00
  -0.1376D+01   0.2351D+00  -0.1675D+01   0.1416D+00   0.1373D+00  -0.1494D+00  -0.1608D+01   0.8112D-03  -0.1376D+01   0.2351D+00  -0.1675D+01   0.1416D+00
   0.6040D+00  -0.2017D-01   0.1076D+00  -0.7422D-02   0.1182D+00  -0.5366D-01   0.2194D+00   0.0000D+00   0.5426D-01   0.5582D-02  -0.2187D-02   0.1827D-01   0.6040D+00  -0.2017D-01   0.1076D+00  -0.7422D-02   0.1182D+00  -0.5366D-01
  -0.1537D-02  -0.6659D-02  -0.3968D-02  -0.1042D-01  -0.1537D-02  -0.6659D-02  -0.3968D-02  -0.1042D-01
  0.500  2.000
  -0.1508D+01   0.0000D+00  -0.1614D+01   0.0000D+00   0.0000D+00   0.0000D+00  -0.1464D+01   0.0000D+00  -0.1508D+01   0.0000D+00  -0.1614D+01   0.0000D+00
   0.6199D+00   0.0000D+00   0.1082D+00   0.0000D+00   0.1757D+00   0.0000D+00   0.2188D+00   0.0000D+00   0.4863D-01   0.0000D+00   0.0000D+00   0.0000D+00   0.6199D+00   0.0000D+00   0.1082D+00   0.0000D+00   0.1757D+00   0.0000D+00
   0.0000D+00   0.0000D+00   0.0000D+00   0.0000D+00   0.0000D+00   0.0000D+00   0.0000D+00   0.0000D+00
  -0.1402D+01   0.1992D+00  -0.1672D+01   0.1200D+00   0.1164D+00  -0.1266D+00  -0.1592D+01   0.6877D-03  -0.1402D+01   0.1992D+00  -0.1672D+01   0.1200D+00
   0.6056D+00  -0.1857D-01   0.1077D+00  -0.6832D-02   0.1228D+00  -0.4939D-01   0.2195D+00   0.0000D+00   0.5384D-01   0.5138D-02  -0.2012D-02   0.1682D-01   0.6056D+00  -0.1857D-01   0.1077D+00  -0.6832D-02   0.1228D+00  -0.4939D-01
  -0.1415D-02  -0.6130D-02  -0.3653D-02  -0.9589D-02  -0.1415D-02  -0.6130D-02  -0.3653D-02  -0.9589D-02
  1.000  0.500
  -0.1703D+01   0.0000D+00  -0.1841D+01   0.0000D+00   0.0000D+00   0.0000D+00  -0.1662D+01   0.0000D+00  -0.1703D+01   0.0000D+00  -0.1841D+01   0.0000D+00
   0.5897D+00   0.0000D+00   0.1032D+00   0.0000D+00   0.1675D+00   0.0000D+00   0.2087D+00   0.0000D+00   0.4638D-01   0.0000D+00   0.0000D+00   0.0000D+00   0.5897D+00   0.0000D+00   0.1032D+00   0.0000D+00   0.1675D+00   0.0000D+00
   0.0000D+00   0.0000D+00   0.0000D+00   0.0000D+00   0.0000D+00   0.0000D+00   0.0000D+00   0.0000D+00
  -0.1335D+01   0.2695D+00  -0.1657D+01   0.1630D+00   0.1597D+00  -0.1708D+00  -0.1607D+01   0.1115D-02  -0.1335D+01   0.2695D+00  -0.1657D+01   0.1630D+00
   0.5935D+00  -0.2103D-01   0.1062D+00  -0.7727D-02   0.1127D+00  -0.5578D-01   0.2164D+00   0.0000D+00   0.5409D-01   0.5833D-02  -0.2379D-02   0.1909D-01   0.5935D+00  -0.2103D-01   0.1062D+00  -0.7727D-02   0.1127D+00  -0.5578D-01
  -0.1611D-02  -0.6930D-02  -0.4168D-02  -0.1088D-01  -0.1611D-02  -0.6930D-02  -0.4168D-02  -0.1088D-01
  1.000  1.000
  -0.1555D+01   0.0000D+00  -0.1681D+01   0.0000D+00   0.0000D+00   0.0000D+00  -0.1518D+01   0.0000D+00  -0.1555D+01   0.0000D+00  -0.1681D+01   0.0000D+00
   0.5897D+00   0.0000D+00   0.1032D+00   0.0000D+00   0.1675D+00   0.0000D+00   0.2087D+00   0.0000D+00   0.4638D-01   0.0000D+00   0.0000D+00   0.0000D+00   0.5897D+00   0.0000D+00   0.1032D+00   0.0000D+00   0.1675D+00   0.0000D+00
   0.0000D+00   0.0000D+00   0.0000D+00   0.0000D+00   0.0000D+00   0.0000D+00   0.0000D+00   0.0000D+00
  -0.1378D+01   0.2248D+00  -0.1668D+01   0.1359D+00   0.1332D+00  -0.1425D+00  -0.1599D+01   0.9306D-03  -0.1378D+01   0.2248D+00  -0.1668D+01   0.1359D+00
   0.5935D+00  -0.1921D-01   0.1060D+00  -0.7057D-02   0.1175D+00  -0.5095D-01   0.2158D+00   0.0000D+00   0.5344D-01   0.5327D-02  -0.2171D-02   0.1743D-01   0.5935D+00  -0.1921D-01   0.1060D+00  -0.7057D-02   0.1175D+00  -0.5095D-01
  -0.1472D-02  -0.6329D-02  -0.3807D-02  -0.9935D-02  -0.1472D-02  -0.6329D-02  -0.3807D-02  -0.9935D-02
  1.000  2.000
  -0.1432D+01   0.0000D+00  -0.1547D+01   0.0000D+00   0.0000D+00   0.0000D+00  -0.1397D+01   0.0000D+00  -0.1432D+01   0.0000D+00  -0.1547D+01   0.0000D+00
   0.5897D+00   0.0000D+00   0.1032D+00   0.0000D+00   0.1675D+00   0.0000D+00   0.2087D+00   0.0000D+00   0.4638D-01   0.0000D+00   0.0000D+00   0.0000D+00   0.5897D+00   0.0000D+00   0.1032D+00   0.0000D+00   0.1675D+00   0.0000D+00
   0.0000D+00   0.0000D+00   0.0000D+00   0.0000D+00   0.0000D+00   0.0000D+00   0.0000D+00   0.0000D+00
  -0.1392D+01   0.1905D+00  -0.1655D+01   0.1152D+00   0.1128D+00  -0.1208D+00  -0.1574D+01   0.7889D-03  -0.1392D+01   0.1905D+00  -0.1655D+01   0.1152D+00
   0.5935D+00  -0.1768D-01   0.1058D+00  -0.6496D-02   0.1216D+00  -0.4690D-01   0.2153D+00   0.0000D+00   0.5290D-01   0.4904D-02  -0.1997D-02   0.1605D-01   0.5935D+00  -0.1768D-01   0.1058D+00  -0.6496D-02   0.1216D+00  -0.4690D-01
  -0.1355D-02  -0.5826D-02  -0.3504D-02  -0.9146D-02  -0.1355D-02  -0.5826D-02  -0.3504D-02  -0.9146D-02
  2.000  0.500
  -0.1622D+01   0.0000D+00  -0.1764D+01   0.0000D+00   0.0000D+00   0.0000D+00  -0.1591D+01   0.0000D+00  -0.1622D+01   0.0000D+00  -0.1764D+01   0.0000D+00
   0.5634D+00   0.0000D+00   0.9875D-01   0.0000D+00   0.1595D+00   0.0000D+00   0.1993D+00   0.0000D+00   0.4429D-01   0.0000D+00   0.0000D+00   0.0000D+00   0.5634D+00   0.0000D+00   0.9875D-01   0.0000D+00   0.1595D+00   0.0000D+00
   0.0000D+00   0.0000D+00   0.0000D+00   0.0000D+00   0.0000D+00   0.0000D+00   0.0000D+00   0.0000D+00
  -0.1357D+01   0.2582D+00  -0.1674D+01   0.1552D+00   0.1498D+00  -0.1636D+00  -0.1628D+01   0.1245D-02  -0.1357D+01   0.2582D+00  -0.1674D+01   0.1552D+00
   0.5910D+00  -0.2004D-01   0.1057D+00  -0.7387D-02   0.1149D+00  -0.5340D-01   0.2163D+00   0.0000D+00   0.5364D-01   0.5567D-02  -0.2209D-02   0.1822D-01   0.5910D+00  -0.2004D-01   0.1057D+00  -0.7387D-02   0.1149D+00  -0.5340D-01
  -0.1541D-02  -0.6659D-02  -0.3993D-02  -0.1037D-01  -0.1541D-02  -0.6659D-02  -0.3993D-02  -0.1037D-01
  2.000  1.000
  -0.1481D+01   0.0000D+00  -0.1611D+01   0.0000D+00   0.0000D+00   0.0000D+00  -0.1453D+01   0.0000D+00  -0.1481D+01   0.0000D+00  -0.1611D+01   0.0000D+00
   0.5634D+00   0.0000D+00   0.9875D-01   0.0000D+00   0.1595D+00   0.0000D+00   0.1993D+00   0.0000D+00   0.4429D-01   0.0000D+00   0.0000D+00   0.0000D+00   0.5634D+00   0.0000D+00   0.9875D-01   0.0000D+00   0.1595D+00   0.0000D+00
   0.0000D+00   0.0000D+00   0.0000D+00   0.0000D+00   0.0000D+00   0.0000D+00   0.0000D+00   0.0000D+00
  -0.1384D+01   0.2153D+00  -0.1671D+01   0.1295D+00   0.1249D+00  -0.1364D+00  -0.1605D+01   0.1039D-02  -0.1384D+01   0.2153D+00  -0.1671D+01   0.1295D+00
   0.5890D+00  -0.1830D-01   0.1052D+00  -0.6747D-02   0.1188D+00  -0.4877D-01   0.2149D+00   0.0000D+00   0.5286D-01   0.5085D-02  -0.2016D-02   0.1664D-01   0.5890D+00  -0.1830D-01   0.1052D+00  -0.6747D-02   0.1188D+00  -0.4877D-01
  -0.1407D-02  -0.6082D-02  -0.3647D-02  -0.9472D-02  -0.1407D-02  -0.6082D-02  -0.3647D-02  -0.9472D-02
  2.000  2.000
  -0.1363D+01   0.0000D+00  -0.1483D+01   0.0000D+00   0.0000D+00   0.0000D+00  -0.1337D+01   0.0000D+00  -0.1363D+01   0.0000D+00  -0.1483D+01   0.0000D+00
   0.5634D+00   0.0000D+00   0.9875D-01   0.0000D+00   0.1595D+00   0.0000D+00   0.1993D+00   0.0000D+00   0.4429D-01   0.0000D+00   0.0000D+00   0.0000D+00   0.5634D+00   0.0000D+00   0.9875D-01   0.0000D+00   0.1595D+00   0.0000D+00
   0.0000D+00   0.0000D+00   0.0000D+00   0.0000D+00   0.0000D+00   0.0000D+00   0.0000D+00   0.0000D+00
  -0.1386D+01   0.1825D+00  -0.1648D+01   0.1097D+00   0.1058D+00  -0.1156D+00  -0.1569D+01   0.8807D-03  -0.1386D+01   0.1825D+00  -0.1648D+01   0.1097D+00
   0.5872D+00  -0.1685D-01   0.1047D+00  -0.6211D-02   0.1221D+00  -0.4490D-01   0.2137D+00   0.0000D+00   0.5219D-01   0.4681D-02  -0.1855D-02   0.1532D-01   0.5872D+00  -0.1685D-01   0.1047D+00  -0.6211D-02   0.1221D+00  -0.4490D-01
  -0.1295D-02  -0.5598D-02  -0.3357D-02  -0.8719D-02  -0.1295D-02  -0.5598D-02  -0.3357D-02  -0.8719D-02
