 LHC=           1 sqrts=   8000.0000000000000      ang=           4 mode=fital                                                                                               scalescheme=           1 R=  0.69999999999999996     
 CT10nlo_rand5678                                                                                             288
 Bin information: chid, chiu, md, mu, mu0
   0.0000000000000000       0.50000000000000000        638.00000000000000        686.00000000000000        662.00000000000000     
 9 scales(muf, mur)*(LO(38), NLO(38))
  0.500  0.500
  -0.4693D+00   0.0000D+00  -0.3917D+00   0.0000D+00   0.0000D+00   0.0000D+00  -0.2705D+00   0.0000D+00  -0.4693D+00   0.0000D+00  -0.3917D+00   0.0000D+00
   0.4998D+00   0.0000D+00   0.8185D-01   0.0000D+00   0.1760D+00   0.0000D+00   0.1287D+00   0.0000D+00   0.2860D-01   0.0000D+00   0.0000D+00   0.0000D+00   0.4998D+00   0.0000D+00   0.8185D-01   0.0000D+00   0.1760D+00   0.0000D+00
   0.0000D+00   0.0000D+00   0.0000D+00   0.0000D+00   0.0000D+00   0.0000D+00   0.0000D+00   0.0000D+00
  -0.3614D+00   0.5086D-01  -0.3395D+00   0.2986D-01   0.3184D-01  -0.2554D-01  -0.2452D+00   0.4985D-02  -0.3614D+00   0.5086D-01  -0.3395D+00   0.2986D-01
   0.4082D+00  -0.2030D-01   0.6878D-01  -0.6546D-02   0.9802D-01  -0.4296D-01   0.1149D+00   0.0000D+00   0.2849D-01   0.3300D-02  -0.3245D-02   0.1080D-01   0.4082D+00  -0.2030D-01   0.6878D-01  -0.6546D-02   0.9802D-01  -0.4296D-01
  -0.1893D-02  -0.5791D-02  -0.3034D-02  -0.7099D-02  -0.1893D-02  -0.5791D-02  -0.3034D-02  -0.7099D-02
  0.500  1.000
  -0.4318D+00   0.0000D+00  -0.3604D+00   0.0000D+00   0.0000D+00   0.0000D+00  -0.2489D+00   0.0000D+00  -0.4318D+00   0.0000D+00  -0.3604D+00   0.0000D+00
   0.4998D+00   0.0000D+00   0.8185D-01   0.0000D+00   0.1760D+00   0.0000D+00   0.1287D+00   0.0000D+00   0.2860D-01   0.0000D+00   0.0000D+00   0.0000D+00   0.4998D+00   0.0000D+00   0.8185D-01   0.0000D+00   0.1760D+00   0.0000D+00
   0.0000D+00   0.0000D+00   0.0000D+00   0.0000D+00   0.0000D+00   0.0000D+00   0.0000D+00   0.0000D+00
  -0.3738D+00   0.4306D-01  -0.3440D+00   0.2528D-01   0.2695D-01  -0.2162D-01  -0.2467D+00   0.4220D-02  -0.3738D+00   0.4306D-01  -0.3440D+00   0.2528D-01
   0.4156D+00  -0.1868D-01   0.6984D-01  -0.6023D-02   0.1043D+00  -0.3953D-01   0.1160D+00   0.0000D+00   0.2850D-01   0.3036D-02  -0.2986D-02   0.9937D-02   0.4156D+00  -0.1868D-01   0.6984D-01  -0.6023D-02   0.1043D+00  -0.3953D-01
  -0.1742D-02  -0.5329D-02  -0.2791D-02  -0.6532D-02  -0.1742D-02  -0.5329D-02  -0.2791D-02  -0.6532D-02
  0.500  2.000
  -0.3999D+00   0.0000D+00  -0.3338D+00   0.0000D+00   0.0000D+00   0.0000D+00  -0.2306D+00   0.0000D+00  -0.3999D+00   0.0000D+00  -0.3338D+00   0.0000D+00
   0.4998D+00   0.0000D+00   0.8185D-01   0.0000D+00   0.1760D+00   0.0000D+00   0.1287D+00   0.0000D+00   0.2860D-01   0.0000D+00   0.0000D+00   0.0000D+00   0.4998D+00   0.0000D+00   0.8185D-01   0.0000D+00   0.1760D+00   0.0000D+00
   0.0000D+00   0.0000D+00   0.0000D+00   0.0000D+00   0.0000D+00   0.0000D+00   0.0000D+00   0.0000D+00
  -0.3788D+00   0.3694D-01  -0.3436D+00   0.2168D-01   0.2312D-01  -0.1855D-01  -0.2451D+00   0.3620D-02  -0.3788D+00   0.3694D-01  -0.3436D+00   0.2168D-01
   0.4219D+00  -0.1730D-01   0.7074D-01  -0.5578D-02   0.1096D+00  -0.3661D-01   0.1169D+00   0.0000D+00   0.2852D-01   0.2812D-02  -0.2766D-02   0.9204D-02   0.4219D+00  -0.1730D-01   0.7074D-01  -0.5578D-02   0.1096D+00  -0.3661D-01
  -0.1614D-02  -0.4935D-02  -0.2586D-02  -0.6050D-02  -0.1614D-02  -0.4935D-02  -0.2586D-02  -0.6050D-02
  1.000  0.500
  -0.4314D+00   0.0000D+00  -0.3607D+00   0.0000D+00   0.0000D+00   0.0000D+00  -0.2478D+00   0.0000D+00  -0.4314D+00   0.0000D+00  -0.3607D+00   0.0000D+00
   0.4595D+00   0.0000D+00   0.7519D-01   0.0000D+00   0.1616D+00   0.0000D+00   0.1179D+00   0.0000D+00   0.2620D-01   0.0000D+00   0.0000D+00   0.0000D+00   0.4595D+00   0.0000D+00   0.7519D-01   0.0000D+00   0.1616D+00   0.0000D+00
   0.0000D+00   0.0000D+00   0.0000D+00   0.0000D+00   0.0000D+00   0.0000D+00   0.0000D+00   0.0000D+00
  -0.3655D+00   0.4678D-01  -0.3424D+00   0.2740D-01   0.2935D-01  -0.2340D-01  -0.2451D+00   0.4626D-02  -0.3655D+00   0.4678D-01  -0.3424D+00   0.2740D-01
   0.4116D+00  -0.1865D-01   0.6931D-01  -0.6016D-02   0.1022D+00  -0.3942D-01   0.1149D+00   0.0000D+00   0.2829D-01   0.3023D-02  -0.2947D-02   0.9894D-02   0.4116D+00  -0.1865D-01   0.6931D-01  -0.6016D-02   0.1022D+00  -0.3942D-01
  -0.1740D-02  -0.5325D-02  -0.2791D-02  -0.6508D-02  -0.1740D-02  -0.5325D-02  -0.2791D-02  -0.6508D-02
  1.000  1.000
  -0.3970D+00   0.0000D+00  -0.3319D+00   0.0000D+00   0.0000D+00   0.0000D+00  -0.2280D+00   0.0000D+00  -0.3970D+00   0.0000D+00  -0.3319D+00   0.0000D+00
   0.4595D+00   0.0000D+00   0.7519D-01   0.0000D+00   0.1616D+00   0.0000D+00   0.1179D+00   0.0000D+00   0.2620D-01   0.0000D+00   0.0000D+00   0.0000D+00   0.4595D+00   0.0000D+00   0.7519D-01   0.0000D+00   0.1616D+00   0.0000D+00
   0.0000D+00   0.0000D+00   0.0000D+00   0.0000D+00   0.0000D+00   0.0000D+00   0.0000D+00   0.0000D+00
  -0.3718D+00   0.3961D-01  -0.3420D+00   0.2320D-01   0.2485D-01  -0.1981D-01  -0.2433D+00   0.3917D-02  -0.3718D+00   0.3961D-01  -0.3420D+00   0.2320D-01
   0.4156D+00  -0.1716D-01   0.6980D-01  -0.5535D-02   0.1070D+00  -0.3627D-01   0.1152D+00   0.0000D+00   0.2812D-01   0.2782D-02  -0.2712D-02   0.9103D-02   0.4156D+00  -0.1716D-01   0.6980D-01  -0.5535D-02   0.1070D+00  -0.3627D-01
  -0.1601D-02  -0.4900D-02  -0.2568D-02  -0.5989D-02  -0.1601D-02  -0.4900D-02  -0.2568D-02  -0.5989D-02
  1.000  2.000
  -0.3677D+00   0.0000D+00  -0.3074D+00   0.0000D+00   0.0000D+00   0.0000D+00  -0.2112D+00   0.0000D+00  -0.3677D+00   0.0000D+00  -0.3074D+00   0.0000D+00
   0.4595D+00   0.0000D+00   0.7519D-01   0.0000D+00   0.1616D+00   0.0000D+00   0.1179D+00   0.0000D+00   0.2620D-01   0.0000D+00   0.0000D+00   0.0000D+00   0.4595D+00   0.0000D+00   0.7519D-01   0.0000D+00   0.1616D+00   0.0000D+00
   0.0000D+00   0.0000D+00   0.0000D+00   0.0000D+00   0.0000D+00   0.0000D+00   0.0000D+00   0.0000D+00
  -0.3724D+00   0.3398D-01  -0.3381D+00   0.1990D-01   0.2132D-01  -0.1699D-01  -0.2394D+00   0.3360D-02  -0.3724D+00   0.3398D-01  -0.3381D+00   0.1990D-01
   0.4189D+00  -0.1589D-01   0.7021D-01  -0.5127D-02   0.1110D+00  -0.3359D-01   0.1154D+00   0.0000D+00   0.2799D-01   0.2576D-02  -0.2512D-02   0.8432D-02   0.4189D+00  -0.1589D-01   0.7021D-01  -0.5127D-02   0.1110D+00  -0.3359D-01
  -0.1483D-02  -0.4538D-02  -0.2379D-02  -0.5547D-02  -0.1483D-02  -0.4538D-02  -0.2379D-02  -0.5547D-02
  2.000  0.500
  -0.3988D+00   0.0000D+00  -0.3345D+00   0.0000D+00   0.0000D+00   0.0000D+00  -0.2282D+00   0.0000D+00  -0.3988D+00   0.0000D+00  -0.3345D+00   0.0000D+00
   0.4242D+00   0.0000D+00   0.6943D-01   0.0000D+00   0.1495D+00   0.0000D+00   0.1085D+00   0.0000D+00   0.2412D-01   0.0000D+00   0.0000D+00   0.0000D+00   0.4242D+00   0.0000D+00   0.6943D-01   0.0000D+00   0.1495D+00   0.0000D+00
   0.0000D+00   0.0000D+00   0.0000D+00   0.0000D+00   0.0000D+00   0.0000D+00   0.0000D+00   0.0000D+00
  -0.3755D+00   0.4341D-01  -0.3456D+00   0.2533D-01   0.2671D-01  -0.2156D-01  -0.2452D+00   0.4315D-02  -0.3755D+00   0.4341D-01  -0.3456D+00   0.2533D-01
   0.4150D+00  -0.1725D-01   0.6995D-01  -0.5561D-02   0.1079D+00  -0.3631D-01   0.1151D+00   0.0000D+00   0.2810D-01   0.2783D-02  -0.2695D-02   0.9109D-02   0.4150D+00  -0.1725D-01   0.6995D-01  -0.5561D-02   0.1079D+00  -0.3631D-01
  -0.1613D-02  -0.4902D-02  -0.2584D-02  -0.5995D-02  -0.1613D-02  -0.4902D-02  -0.2584D-02  -0.5995D-02
  2.000  1.000
  -0.3670D+00   0.0000D+00  -0.3077D+00   0.0000D+00   0.0000D+00   0.0000D+00  -0.2100D+00   0.0000D+00  -0.3670D+00   0.0000D+00  -0.3077D+00   0.0000D+00
   0.4242D+00   0.0000D+00   0.6943D-01   0.0000D+00   0.1495D+00   0.0000D+00   0.1085D+00   0.0000D+00   0.2412D-01   0.0000D+00   0.0000D+00   0.0000D+00   0.4242D+00   0.0000D+00   0.6943D-01   0.0000D+00   0.1495D+00   0.0000D+00
   0.0000D+00   0.0000D+00   0.0000D+00   0.0000D+00   0.0000D+00   0.0000D+00   0.0000D+00   0.0000D+00
  -0.3756D+00   0.3675D-01  -0.3410D+00   0.2144D-01   0.2262D-01  -0.1825D-01  -0.2405D+00   0.3653D-02  -0.3756D+00   0.3675D-01  -0.3410D+00   0.2144D-01
   0.4158D+00  -0.1587D-01   0.6992D-01  -0.5117D-02   0.1112D+00  -0.3341D-01   0.1146D+00   0.0000D+00   0.2779D-01   0.2561D-02  -0.2479D-02   0.8381D-02   0.4158D+00  -0.1587D-01   0.6992D-01  -0.5117D-02   0.1112D+00  -0.3341D-01
  -0.1485D-02  -0.4510D-02  -0.2377D-02  -0.5516D-02  -0.1485D-02  -0.4510D-02  -0.2377D-02  -0.5516D-02
  2.000  2.000
  -0.3399D+00   0.0000D+00  -0.2850D+00   0.0000D+00   0.0000D+00   0.0000D+00  -0.1945D+00   0.0000D+00  -0.3399D+00   0.0000D+00  -0.2850D+00   0.0000D+00
   0.4242D+00   0.0000D+00   0.6943D-01   0.0000D+00   0.1495D+00   0.0000D+00   0.1085D+00   0.0000D+00   0.2412D-01   0.0000D+00   0.0000D+00   0.0000D+00   0.4242D+00   0.0000D+00   0.6943D-01   0.0000D+00   0.1495D+00   0.0000D+00
   0.0000D+00   0.0000D+00   0.0000D+00   0.0000D+00   0.0000D+00   0.0000D+00   0.0000D+00   0.0000D+00
  -0.3716D+00   0.3153D-01  -0.3339D+00   0.1840D-01   0.1940D-01  -0.1566D-01  -0.2346D+00   0.3134D-02  -0.3716D+00   0.3153D-01  -0.3339D+00   0.1840D-01
   0.4165D+00  -0.1470D-01   0.6989D-01  -0.4740D-02   0.1141D+00  -0.3094D-01   0.1142D+00   0.0000D+00   0.2752D-01   0.2372D-02  -0.2297D-02   0.7763D-02   0.4165D+00  -0.1470D-01   0.6989D-01  -0.4740D-02   0.1141D+00  -0.3094D-01
  -0.1375D-02  -0.4177D-02  -0.2202D-02  -0.5109D-02  -0.1375D-02  -0.4177D-02  -0.2202D-02  -0.5109D-02
