 LHC=           1 sqrts=   8000.0000000000000      ang=           4 mode=fital                                                                                               scalescheme=           1 R=  0.69999999999999996     
 CT10nlo_rand5678                                                                                             108
 Bin information: chid, chiu, md, mu, mu0
   0.0000000000000000       0.50000000000000000        737.00000000000000        790.00000000000000        763.50000000000000     
 9 scales(muf, mur)*(LO(38), NLO(38))
  0.500  0.500
  -0.3212D+00   0.0000D+00  -0.2578D+00   0.0000D+00   0.0000D+00   0.0000D+00  -0.1650D+00   0.0000D+00  -0.3212D+00   0.0000D+00  -0.2578D+00   0.0000D+00
   0.4444D+00   0.0000D+00   0.7172D-01   0.0000D+00   0.1618D+00   0.0000D+00   0.1052D+00   0.0000D+00   0.2339D-01   0.0000D+00   0.0000D+00   0.0000D+00   0.4444D+00   0.0000D+00   0.7172D-01   0.0000D+00   0.1618D+00   0.0000D+00
   0.0000D+00   0.0000D+00   0.0000D+00   0.0000D+00   0.0000D+00   0.0000D+00   0.0000D+00   0.0000D+00
  -0.2503D+00   0.3255D-01  -0.2248D+00   0.1893D-01   0.2009D-01  -0.1530D-01  -0.1494D+00   0.3931D-02  -0.2503D+00   0.3255D-01  -0.2248D+00   0.1893D-01
   0.3524D+00  -0.1835D-01   0.5871D-01  -0.5796D-02   0.8916D-01  -0.3734D-01   0.9201D-01   0.0000D+00   0.2285D-01   0.2651D-02  -0.2978D-02   0.8675D-02   0.3524D+00  -0.1835D-01   0.5871D-01  -0.5796D-02   0.8916D-01  -0.3734D-01
  -0.1749D-02  -0.5144D-02  -0.2594D-02  -0.5955D-02  -0.1749D-02  -0.5144D-02  -0.2594D-02  -0.5955D-02
  0.500  1.000
  -0.2959D+00   0.0000D+00  -0.2376D+00   0.0000D+00   0.0000D+00   0.0000D+00  -0.1520D+00   0.0000D+00  -0.2959D+00   0.0000D+00  -0.2376D+00   0.0000D+00
   0.4444D+00   0.0000D+00   0.7172D-01   0.0000D+00   0.1618D+00   0.0000D+00   0.1052D+00   0.0000D+00   0.2339D-01   0.0000D+00   0.0000D+00   0.0000D+00   0.4444D+00   0.0000D+00   0.7172D-01   0.0000D+00   0.1618D+00   0.0000D+00
   0.0000D+00   0.0000D+00   0.0000D+00   0.0000D+00   0.0000D+00   0.0000D+00   0.0000D+00   0.0000D+00
  -0.2583D+00   0.2764D-01  -0.2276D+00   0.1607D-01   0.1706D-01  -0.1299D-01  -0.1503D+00   0.3338D-02  -0.2583D+00   0.2764D-01  -0.2276D+00   0.1607D-01
   0.3598D+00  -0.1690D-01   0.5974D-01  -0.5341D-02   0.9490D-01  -0.3440D-01   0.9306D-01   0.0000D+00   0.2290D-01   0.2443D-02  -0.2744D-02   0.7994D-02   0.3598D+00  -0.1690D-01   0.5974D-01  -0.5341D-02   0.9490D-01  -0.3440D-01
  -0.1612D-02  -0.4740D-02  -0.2390D-02  -0.5487D-02  -0.1612D-02  -0.4740D-02  -0.2390D-02  -0.5487D-02
  0.500  2.000
  -0.2744D+00   0.0000D+00  -0.2203D+00   0.0000D+00   0.0000D+00   0.0000D+00  -0.1410D+00   0.0000D+00  -0.2744D+00   0.0000D+00  -0.2203D+00   0.0000D+00
   0.4444D+00   0.0000D+00   0.7172D-01   0.0000D+00   0.1618D+00   0.0000D+00   0.1052D+00   0.0000D+00   0.2339D-01   0.0000D+00   0.0000D+00   0.0000D+00   0.4444D+00   0.0000D+00   0.7172D-01   0.0000D+00   0.1618D+00   0.0000D+00
   0.0000D+00   0.0000D+00   0.0000D+00   0.0000D+00   0.0000D+00   0.0000D+00   0.0000D+00   0.0000D+00
  -0.2614D+00   0.2377D-01  -0.2272D+00   0.1382D-01   0.1467D-01  -0.1117D-01  -0.1494D+00   0.2871D-02  -0.2614D+00   0.2377D-01  -0.2272D+00   0.1382D-01
   0.3660D+00  -0.1568D-01   0.6062D-01  -0.4953D-02   0.9978D-01  -0.3191D-01   0.9396D-01   0.0000D+00   0.2294D-01   0.2265D-02  -0.2545D-02   0.7413D-02   0.3660D+00  -0.1568D-01   0.6062D-01  -0.4953D-02   0.9978D-01  -0.3191D-01
  -0.1495D-02  -0.4396D-02  -0.2217D-02  -0.5088D-02  -0.1495D-02  -0.4396D-02  -0.2217D-02  -0.5088D-02
  1.000  0.500
  -0.2923D+00   0.0000D+00  -0.2353D+00   0.0000D+00   0.0000D+00   0.0000D+00  -0.1497D+00   0.0000D+00  -0.2923D+00   0.0000D+00  -0.2353D+00   0.0000D+00
   0.4042D+00   0.0000D+00   0.6530D-01   0.0000D+00   0.1473D+00   0.0000D+00   0.9537D-01   0.0000D+00   0.2119D-01   0.0000D+00   0.0000D+00   0.0000D+00   0.4042D+00   0.0000D+00   0.6530D-01   0.0000D+00   0.1473D+00   0.0000D+00
   0.0000D+00   0.0000D+00   0.0000D+00   0.0000D+00   0.0000D+00   0.0000D+00   0.0000D+00   0.0000D+00
  -0.2545D+00   0.2970D-01  -0.2267D+00   0.1721D-01   0.1815D-01  -0.1388D-01  -0.1497D+00   0.3615D-02  -0.2545D+00   0.2970D-01  -0.2267D+00   0.1721D-01
   0.3571D+00  -0.1671D-01   0.5942D-01  -0.5279D-02   0.9430D-01  -0.3399D-01   0.9259D-01   0.0000D+00   0.2274D-01   0.2402D-02  -0.2679D-02   0.7862D-02   0.3571D+00  -0.1671D-01   0.5942D-01  -0.5279D-02   0.9430D-01  -0.3399D-01
  -0.1598D-02  -0.4688D-02  -0.2362D-02  -0.5391D-02  -0.1598D-02  -0.4688D-02  -0.2362D-02  -0.5391D-02
  1.000  1.000
  -0.2693D+00   0.0000D+00  -0.2168D+00   0.0000D+00   0.0000D+00   0.0000D+00  -0.1380D+00   0.0000D+00  -0.2693D+00   0.0000D+00  -0.2168D+00   0.0000D+00
   0.4042D+00   0.0000D+00   0.6530D-01   0.0000D+00   0.1473D+00   0.0000D+00   0.9537D-01   0.0000D+00   0.2119D-01   0.0000D+00   0.0000D+00   0.0000D+00   0.4042D+00   0.0000D+00   0.6530D-01   0.0000D+00   0.1473D+00   0.0000D+00
   0.0000D+00   0.0000D+00   0.0000D+00   0.0000D+00   0.0000D+00   0.0000D+00   0.0000D+00   0.0000D+00
  -0.2577D+00   0.2522D-01  -0.2260D+00   0.1461D-01   0.1541D-01  -0.1179D-01  -0.1485D+00   0.3070D-02  -0.2577D+00   0.2522D-01  -0.2260D+00   0.1461D-01
   0.3609D+00  -0.1539D-01   0.5990D-01  -0.4864D-02   0.9849D-01  -0.3132D-01   0.9282D-01   0.0000D+00   0.2262D-01   0.2214D-02  -0.2469D-02   0.7244D-02   0.3609D+00  -0.1539D-01   0.5990D-01  -0.4864D-02   0.9849D-01  -0.3132D-01
  -0.1472D-02  -0.4320D-02  -0.2177D-02  -0.4967D-02  -0.1472D-02  -0.4320D-02  -0.2177D-02  -0.4967D-02
  1.000  2.000
  -0.2498D+00   0.0000D+00  -0.2010D+00   0.0000D+00   0.0000D+00   0.0000D+00  -0.1279D+00   0.0000D+00  -0.2498D+00   0.0000D+00  -0.2010D+00   0.0000D+00
   0.4042D+00   0.0000D+00   0.6530D-01   0.0000D+00   0.1473D+00   0.0000D+00   0.9537D-01   0.0000D+00   0.2119D-01   0.0000D+00   0.0000D+00   0.0000D+00   0.4042D+00   0.0000D+00   0.6530D-01   0.0000D+00   0.1473D+00   0.0000D+00
   0.0000D+00   0.0000D+00   0.0000D+00   0.0000D+00   0.0000D+00   0.0000D+00   0.0000D+00   0.0000D+00
  -0.2574D+00   0.2169D-01  -0.2231D+00   0.1257D-01   0.1325D-01  -0.1014D-01  -0.1460D+00   0.2640D-02  -0.2574D+00   0.2169D-01  -0.2231D+00   0.1257D-01
   0.3641D+00  -0.1428D-01   0.6030D-01  -0.4511D-02   0.1021D+00  -0.2905D-01   0.9302D-01   0.0000D+00   0.2252D-01   0.2053D-02  -0.2289D-02   0.6718D-02   0.3641D+00  -0.1428D-01   0.6030D-01  -0.4511D-02   0.1021D+00  -0.2905D-01
  -0.1365D-02  -0.4006D-02  -0.2018D-02  -0.4607D-02  -0.1365D-02  -0.4006D-02  -0.2018D-02  -0.4607D-02
  2.000  0.500
  -0.2682D+00   0.0000D+00  -0.2155D+00   0.0000D+00   0.0000D+00   0.0000D+00  -0.1369D+00   0.0000D+00  -0.2682D+00   0.0000D+00  -0.2155D+00   0.0000D+00
   0.3693D+00   0.0000D+00   0.5978D-01   0.0000D+00   0.1351D+00   0.0000D+00   0.8695D-01   0.0000D+00   0.1932D-01   0.0000D+00   0.0000D+00   0.0000D+00   0.3693D+00   0.0000D+00   0.5978D-01   0.0000D+00   0.1351D+00   0.0000D+00
   0.0000D+00   0.0000D+00   0.0000D+00   0.0000D+00   0.0000D+00   0.0000D+00   0.0000D+00   0.0000D+00
  -0.2594D+00   0.2726D-01  -0.2285D+00   0.1575D-01   0.1654D-01  -0.1269D-01  -0.1500D+00   0.3336D-02  -0.2594D+00   0.2726D-01  -0.2285D+00   0.1575D-01
   0.3605D+00  -0.1531D-01   0.6019D-01  -0.4826D-02   0.9916D-01  -0.3110D-01   0.9269D-01   0.0000D+00   0.2261D-01   0.2191D-02  -0.2307D-02   0.7170D-02   0.3605D+00  -0.1531D-01   0.6019D-01  -0.4826D-02   0.9916D-01  -0.3110D-01
  -0.1467D-02  -0.4309D-02  -0.2164D-02  -0.4936D-02  -0.1467D-02  -0.4309D-02  -0.2164D-02  -0.4936D-02
  2.000  1.000
  -0.2472D+00   0.0000D+00  -0.1986D+00   0.0000D+00   0.0000D+00   0.0000D+00  -0.1261D+00   0.0000D+00  -0.2472D+00   0.0000D+00  -0.1986D+00   0.0000D+00
   0.3693D+00   0.0000D+00   0.5978D-01   0.0000D+00   0.1351D+00   0.0000D+00   0.8695D-01   0.0000D+00   0.1932D-01   0.0000D+00   0.0000D+00   0.0000D+00   0.3693D+00   0.0000D+00   0.5978D-01   0.0000D+00   0.1351D+00   0.0000D+00
   0.0000D+00   0.0000D+00   0.0000D+00   0.0000D+00   0.0000D+00   0.0000D+00   0.0000D+00   0.0000D+00
  -0.2585D+00   0.2315D-01  -0.2247D+00   0.1337D-01   0.1405D-01  -0.1078D-01  -0.1469D+00   0.2833D-02  -0.2585D+00   0.2315D-01  -0.2247D+00   0.1337D-01
   0.3613D+00  -0.1410D-01   0.6017D-01  -0.4447D-02   0.1020D+00  -0.2866D-01   0.9225D-01   0.0000D+00   0.2235D-01   0.2019D-02  -0.2126D-02   0.6607D-02   0.3613D+00  -0.1410D-01   0.6017D-01  -0.4447D-02   0.1020D+00  -0.2866D-01
  -0.1352D-02  -0.3971D-02  -0.1994D-02  -0.4548D-02  -0.1352D-02  -0.3971D-02  -0.1994D-02  -0.4548D-02
  2.000  2.000
  -0.2292D+00   0.0000D+00  -0.1841D+00   0.0000D+00   0.0000D+00   0.0000D+00  -0.1170D+00   0.0000D+00  -0.2292D+00   0.0000D+00  -0.1841D+00   0.0000D+00
   0.3693D+00   0.0000D+00   0.5978D-01   0.0000D+00   0.1351D+00   0.0000D+00   0.8695D-01   0.0000D+00   0.1932D-01   0.0000D+00   0.0000D+00   0.0000D+00   0.3693D+00   0.0000D+00   0.5978D-01   0.0000D+00   0.1351D+00   0.0000D+00
   0.0000D+00   0.0000D+00   0.0000D+00   0.0000D+00   0.0000D+00   0.0000D+00   0.0000D+00   0.0000D+00
  -0.2551D+00   0.1991D-01  -0.2196D+00   0.1150D-01   0.1208D-01  -0.9270D-02  -0.1430D+00   0.2436D-02  -0.2551D+00   0.1991D-01  -0.2196D+00   0.1150D-01
   0.3619D+00  -0.1308D-01   0.6015D-01  -0.4124D-02   0.1044D+00  -0.2657D-01   0.9188D-01   0.0000D+00   0.2213D-01   0.1872D-02  -0.1971D-02   0.6127D-02   0.3619D+00  -0.1308D-01   0.6015D-01  -0.4124D-02   0.1044D+00  -0.2657D-01
  -0.1254D-02  -0.3682D-02  -0.1849D-02  -0.4218D-02  -0.1254D-02  -0.3682D-02  -0.1849D-02  -0.4218D-02
