 LHC=           1 sqrts=   8000.0000000000000      ang=           4 mode=fital                                                                                               scalescheme=           1 R=  0.69999999999999996     
 CT10nlo_rand5678                                                                                             262
 Bin information: chid, chiu, md, mu, mu0
   0.0000000000000000       0.50000000000000000        84.000000000000000        97.000000000000000        90.500000000000000     
 9 scales(muf, mur)*(LO(38), NLO(38))
  0.500  0.500
  -0.1326D+02   0.0000D+00  -0.2159D+02   0.0000D+00   0.0000D+00   0.0000D+00  -0.2325D+02   0.0000D+00  -0.1326D+02   0.0000D+00  -0.2159D+02   0.0000D+00
   0.3561D+00   0.0000D+00   0.6636D-01   0.0000D+00   0.7580D-01   0.0000D+00   0.1580D+00   0.0000D+00   0.3510D-01   0.0000D+00   0.0000D+00   0.0000D+00   0.3561D+00   0.0000D+00   0.6636D-01   0.0000D+00   0.7580D-01   0.0000D+00
   0.0000D+00   0.0000D+00   0.0000D+00   0.0000D+00   0.0000D+00   0.0000D+00   0.0000D+00   0.0000D+00
  -0.9339D+01   0.3968D+01  -0.1742D+02   0.2401D+01   0.1915D+01  -0.2920D+01  -0.2063D+02  -0.2683D+00  -0.9339D+01   0.3968D+01  -0.1742D+02   0.2401D+01
   0.7200D+00  -0.1183D-01   0.1329D+00  -0.5258D-02   0.1139D+00  -0.4200D-01   0.2875D+00   0.0000D+00   0.7601D-01   0.5390D-02   0.6671D-02   0.1764D-01   0.7200D+00  -0.1183D-01   0.1329D+00  -0.5258D-02   0.1139D+00  -0.4200D-01
  -0.3419D-03  -0.4360D-02  -0.2725D-02  -0.9157D-02  -0.3419D-03  -0.4360D-02  -0.2725D-02  -0.9157D-02
  0.500  1.000
  -0.1187D+02   0.0000D+00  -0.1932D+02   0.0000D+00   0.0000D+00   0.0000D+00  -0.2081D+02   0.0000D+00  -0.1187D+02   0.0000D+00  -0.1932D+02   0.0000D+00
   0.3561D+00   0.0000D+00   0.6636D-01   0.0000D+00   0.7580D-01   0.0000D+00   0.1580D+00   0.0000D+00   0.3510D-01   0.0000D+00   0.0000D+00   0.0000D+00   0.3561D+00   0.0000D+00   0.6636D-01   0.0000D+00   0.7580D-01   0.0000D+00
   0.0000D+00   0.0000D+00   0.0000D+00   0.0000D+00   0.0000D+00   0.0000D+00   0.0000D+00   0.0000D+00
  -0.9929D+01   0.3178D+01  -0.1794D+02   0.1923D+01   0.1533D+01  -0.2339D+01  -0.2081D+02  -0.2149D+00  -0.9929D+01   0.3178D+01  -0.1794D+02   0.1923D+01
   0.6847D+00  -0.1059D-01   0.1265D+00  -0.4706D-02   0.1105D+00  -0.3759D-01   0.2748D+00   0.0000D+00   0.7197D-01   0.4824D-02   0.6023D-02   0.1579D-01   0.6847D+00  -0.1059D-01   0.1265D+00  -0.4706D-02   0.1105D+00  -0.3759D-01
  -0.3059D-03  -0.3902D-02  -0.2439D-02  -0.8196D-02  -0.3059D-03  -0.3902D-02  -0.2439D-02  -0.8196D-02
  0.500  2.000
  -0.1075D+02   0.0000D+00  -0.1749D+02   0.0000D+00   0.0000D+00   0.0000D+00  -0.1884D+02   0.0000D+00  -0.1075D+02   0.0000D+00  -0.1749D+02   0.0000D+00
   0.3561D+00   0.0000D+00   0.6636D-01   0.0000D+00   0.7580D-01   0.0000D+00   0.1580D+00   0.0000D+00   0.3510D-01   0.0000D+00   0.0000D+00   0.0000D+00   0.3561D+00   0.0000D+00   0.6636D-01   0.0000D+00   0.7580D-01   0.0000D+00
   0.0000D+00   0.0000D+00   0.0000D+00   0.0000D+00   0.0000D+00   0.0000D+00   0.0000D+00   0.0000D+00
  -0.1014D+02   0.2606D+01  -0.1796D+02   0.1577D+01   0.1256D+01  -0.1918D+01  -0.2057D+02  -0.1762D+00  -0.1014D+02   0.2606D+01  -0.1796D+02   0.1577D+01
   0.6555D+00  -0.9591D-02   0.1211D+00  -0.4262D-02   0.1076D+00  -0.3404D-01   0.2644D+00   0.0000D+00   0.6866D-01   0.4368D-02   0.5493D-02   0.1430D-01   0.6555D+00  -0.9591D-02   0.1211D+00  -0.4262D-02   0.1076D+00  -0.3404D-01
  -0.2769D-03  -0.3534D-02  -0.2208D-02  -0.7422D-02  -0.2769D-03  -0.3534D-02  -0.2208D-02  -0.7422D-02
  1.000  0.500
  -0.1380D+02   0.0000D+00  -0.2267D+02   0.0000D+00   0.0000D+00   0.0000D+00  -0.2432D+02   0.0000D+00  -0.1380D+02   0.0000D+00  -0.2267D+02   0.0000D+00
   0.3768D+00   0.0000D+00   0.6931D-01   0.0000D+00   0.7854D-01   0.0000D+00   0.1665D+00   0.0000D+00   0.3700D-01   0.0000D+00   0.0000D+00   0.0000D+00   0.3768D+00   0.0000D+00   0.6931D-01   0.0000D+00   0.7854D-01   0.0000D+00
   0.0000D+00   0.0000D+00   0.0000D+00   0.0000D+00   0.0000D+00   0.0000D+00   0.0000D+00   0.0000D+00
  -0.8882D+01   0.4214D+01  -0.1758D+02   0.2506D+01   0.1953D+01  -0.3064D+01  -0.2042D+02  -0.2821D+00  -0.8882D+01   0.4214D+01  -0.1758D+02   0.2506D+01
   0.6941D+00  -0.1211D-01   0.1281D+00  -0.5508D-02   0.1074D+00  -0.4487D-01   0.2796D+00   0.0000D+00   0.7400D-01   0.5623D-02   0.6107D-02   0.1840D-01   0.6941D+00  -0.1211D-01   0.1281D+00  -0.5508D-02   0.1074D+00  -0.4487D-01
  -0.3677D-03  -0.4425D-02  -0.2938D-02  -0.9601D-02  -0.3677D-03  -0.4425D-02  -0.2938D-02  -0.9601D-02
  1.000  1.000
  -0.1235D+02   0.0000D+00  -0.2029D+02   0.0000D+00   0.0000D+00   0.0000D+00  -0.2177D+02   0.0000D+00  -0.1235D+02   0.0000D+00  -0.2029D+02   0.0000D+00
   0.3768D+00   0.0000D+00   0.6931D-01   0.0000D+00   0.7854D-01   0.0000D+00   0.1665D+00   0.0000D+00   0.3700D-01   0.0000D+00   0.0000D+00   0.0000D+00   0.3768D+00   0.0000D+00   0.6931D-01   0.0000D+00   0.7854D-01   0.0000D+00
   0.0000D+00   0.0000D+00   0.0000D+00   0.0000D+00   0.0000D+00   0.0000D+00   0.0000D+00   0.0000D+00
  -0.9662D+01   0.3375D+01  -0.1827D+02   0.2007D+01   0.1563D+01  -0.2454D+01  -0.2085D+02  -0.2260D+00  -0.9662D+01   0.3375D+01  -0.1827D+02   0.2007D+01
   0.6640D+00  -0.1084D-01   0.1225D+00  -0.4929D-02   0.1051D+00  -0.4016D-01   0.2687D+00   0.0000D+00   0.7039D-01   0.5033D-02   0.5522D-02   0.1647D-01   0.6640D+00  -0.1084D-01   0.1225D+00  -0.4929D-02   0.1051D+00  -0.4016D-01
  -0.3289D-03  -0.3961D-02  -0.2630D-02  -0.8593D-02  -0.3289D-03  -0.3961D-02  -0.2630D-02  -0.8593D-02
  1.000  2.000
  -0.1118D+02   0.0000D+00  -0.1838D+02   0.0000D+00   0.0000D+00   0.0000D+00  -0.1971D+02   0.0000D+00  -0.1118D+02   0.0000D+00  -0.1838D+02   0.0000D+00
   0.3768D+00   0.0000D+00   0.6931D-01   0.0000D+00   0.7854D-01   0.0000D+00   0.1665D+00   0.0000D+00   0.3700D-01   0.0000D+00   0.0000D+00   0.0000D+00   0.3768D+00   0.0000D+00   0.6931D-01   0.0000D+00   0.7854D-01   0.0000D+00
   0.0000D+00   0.0000D+00   0.0000D+00   0.0000D+00   0.0000D+00   0.0000D+00   0.0000D+00   0.0000D+00
  -0.1000D+02   0.2767D+01  -0.1839D+02   0.1646D+01   0.1281D+01  -0.2012D+01  -0.2076D+02  -0.1853D+00  -0.1000D+02   0.2767D+01  -0.1839D+02   0.1646D+01
   0.6403D+00  -0.9812D-02   0.1181D+00  -0.4464D-02   0.1034D+00  -0.3636D-01   0.2600D+00   0.0000D+00   0.6750D-01   0.4557D-02   0.5041D-02   0.1491D-01   0.6403D+00  -0.9812D-02   0.1181D+00  -0.4464D-02   0.1034D+00  -0.3636D-01
  -0.2978D-03  -0.3587D-02  -0.2381D-02  -0.7781D-02  -0.2978D-03  -0.3587D-02  -0.2381D-02  -0.7781D-02
  2.000  0.500
  -0.1409D+02   0.0000D+00  -0.2389D+02   0.0000D+00   0.0000D+00   0.0000D+00  -0.2554D+02   0.0000D+00  -0.1409D+02   0.0000D+00  -0.2389D+02   0.0000D+00
   0.3883D+00   0.0000D+00   0.7323D-01   0.0000D+00   0.8197D-01   0.0000D+00   0.1722D+00   0.0000D+00   0.3826D-01   0.0000D+00   0.0000D+00   0.0000D+00   0.3883D+00   0.0000D+00   0.7323D-01   0.0000D+00   0.8197D-01   0.0000D+00
   0.0000D+00   0.0000D+00   0.0000D+00   0.0000D+00   0.0000D+00   0.0000D+00   0.0000D+00   0.0000D+00
  -0.8706D+01   0.4443D+01  -0.1739D+02   0.2640D+01   0.2117D+01  -0.3212D+01  -0.2066D+02  -0.2915D+00  -0.8706D+01   0.4443D+01  -0.1739D+02   0.2640D+01
   0.6871D+00  -0.1260D-01   0.1293D+00  -0.5669D-02   0.1136D+00  -0.4558D-01   0.2779D+00   0.0000D+00   0.7423D-01   0.5931D-02   0.5514D-02   0.1941D-01   0.6871D+00  -0.1260D-01   0.1293D+00  -0.5669D-02   0.1136D+00  -0.4558D-01
  -0.3980D-03  -0.4723D-02  -0.3092D-02  -0.1002D-01  -0.3980D-03  -0.4723D-02  -0.3092D-02  -0.1002D-01
  2.000  1.000
  -0.1261D+02   0.0000D+00  -0.2138D+02   0.0000D+00   0.0000D+00   0.0000D+00  -0.2285D+02   0.0000D+00  -0.1261D+02   0.0000D+00  -0.2138D+02   0.0000D+00
   0.3883D+00   0.0000D+00   0.7323D-01   0.0000D+00   0.8197D-01   0.0000D+00   0.1722D+00   0.0000D+00   0.3826D-01   0.0000D+00   0.0000D+00   0.0000D+00   0.3883D+00   0.0000D+00   0.7323D-01   0.0000D+00   0.8197D-01   0.0000D+00
   0.0000D+00   0.0000D+00   0.0000D+00   0.0000D+00   0.0000D+00   0.0000D+00   0.0000D+00   0.0000D+00
  -0.9528D+01   0.3558D+01  -0.1829D+02   0.2114D+01   0.1695D+01  -0.2572D+01  -0.2121D+02  -0.2335D+00  -0.9528D+01   0.3558D+01  -0.1829D+02   0.2114D+01
   0.6351D+00  -0.1127D-01   0.1198D+00  -0.5074D-02   0.1047D+00  -0.4079D-01   0.2620D+00   0.0000D+00   0.6895D-01   0.5308D-02   0.4743D-02   0.1737D-01   0.6351D+00  -0.1127D-01   0.1198D+00  -0.5074D-02   0.1047D+00  -0.4079D-01
  -0.3561D-03  -0.4227D-02  -0.2767D-02  -0.8970D-02  -0.3561D-03  -0.4227D-02  -0.2767D-02  -0.8970D-02
  2.000  2.000
  -0.1141D+02   0.0000D+00  -0.1936D+02   0.0000D+00   0.0000D+00   0.0000D+00  -0.2069D+02   0.0000D+00  -0.1141D+02   0.0000D+00  -0.1936D+02   0.0000D+00
   0.3883D+00   0.0000D+00   0.7323D-01   0.0000D+00   0.8197D-01   0.0000D+00   0.1722D+00   0.0000D+00   0.3826D-01   0.0000D+00   0.0000D+00   0.0000D+00   0.3883D+00   0.0000D+00   0.7323D-01   0.0000D+00   0.8197D-01   0.0000D+00
   0.0000D+00   0.0000D+00   0.0000D+00   0.0000D+00   0.0000D+00   0.0000D+00   0.0000D+00   0.0000D+00
  -0.9937D+01   0.2918D+01  -0.1860D+02   0.1733D+01   0.1389D+01  -0.2109D+01  -0.2124D+02  -0.1914D+00  -0.9937D+01   0.2918D+01  -0.1860D+02   0.1733D+01
   0.6154D+00  -0.1021D-01   0.1161D+00  -0.4595D-02   0.1034D+00  -0.3694D-01   0.2546D+00   0.0000D+00   0.6637D-01   0.4807D-02   0.4361D-02   0.1573D-01   0.6154D+00  -0.1021D-01   0.1161D+00  -0.4595D-02   0.1034D+00  -0.3694D-01
  -0.3224D-03  -0.3828D-02  -0.2505D-02  -0.8123D-02  -0.3224D-03  -0.3828D-02  -0.2505D-02  -0.8123D-02
