 LHC=           1 sqrts=   8000.0000000000000      ang=           4 mode=fital                                                                                               scalescheme=           1 R=  0.69999999999999996     
 NNPDF23_nlo_as_0118                                                                                           73
 Bin information: chid, chiu, md, mu, mu0
   0.0000000000000000       0.50000000000000000        362.00000000000000        395.00000000000000        378.50000000000000     
 9 scales(muf, mur)*(LO(38), NLO(38))
  0.500  0.500
  -0.1480D+01   0.0000D+00  -0.1548D+01   0.0000D+00   0.0000D+00   0.0000D+00  -0.1357D+01   0.0000D+00  -0.1480D+01   0.0000D+00  -0.1548D+01   0.0000D+00
   0.6032D+00   0.0000D+00   0.1048D+00   0.0000D+00   0.1755D+00   0.0000D+00   0.2055D+00   0.0000D+00   0.4566D-01   0.0000D+00   0.0000D+00   0.0000D+00   0.6032D+00   0.0000D+00   0.1048D+00   0.0000D+00   0.1755D+00   0.0000D+00
   0.0000D+00   0.0000D+00   0.0000D+00   0.0000D+00   0.0000D+00   0.0000D+00   0.0000D+00   0.0000D+00
  -0.1084D+01   0.2225D+00  -0.1317D+01   0.1348D+00   0.1327D+00  -0.1378D+00  -0.1250D+01   0.3319D-02  -0.1084D+01   0.2225D+00  -0.1317D+01   0.1348D+00
   0.5702D+00  -0.2183D-01   0.1013D+00  -0.7911D-02   0.1083D+00  -0.5673D-01   0.2015D+00   0.0000D+00   0.5039D-01   0.5673D-02  -0.2433D-02   0.1857D-01   0.5702D+00  -0.2183D-01   0.1013D+00  -0.7911D-02   0.1083D+00  -0.5673D-01
  -0.1719D-02  -0.7057D-02  -0.4168D-02  -0.1072D-01  -0.1719D-02  -0.7057D-02  -0.4168D-02  -0.1072D-01
  0.500  1.000
  -0.1365D+01   0.0000D+00  -0.1427D+01   0.0000D+00   0.0000D+00   0.0000D+00  -0.1251D+01   0.0000D+00  -0.1365D+01   0.0000D+00  -0.1427D+01   0.0000D+00
   0.6032D+00   0.0000D+00   0.1048D+00   0.0000D+00   0.1755D+00   0.0000D+00   0.2055D+00   0.0000D+00   0.4566D-01   0.0000D+00   0.0000D+00   0.0000D+00   0.6032D+00   0.0000D+00   0.1048D+00   0.0000D+00   0.1755D+00   0.0000D+00
   0.0000D+00   0.0000D+00   0.0000D+00   0.0000D+00   0.0000D+00   0.0000D+00   0.0000D+00   0.0000D+00
  -0.1141D+01   0.1891D+00  -0.1349D+01   0.1146D+00   0.1128D+00  -0.1171D+00  -0.1264D+01   0.2821D-02  -0.1141D+01   0.1891D+00  -0.1349D+01   0.1146D+00
   0.5731D+00  -0.2012D-01   0.1016D+00  -0.7293D-02   0.1136D+00  -0.5230D-01   0.2019D+00   0.0000D+00   0.5003D-01   0.5230D-02  -0.2243D-02   0.1712D-01   0.5731D+00  -0.2012D-01   0.1016D+00  -0.7293D-02   0.1136D+00  -0.5230D-01
  -0.1585D-02  -0.6506D-02  -0.3842D-02  -0.9886D-02  -0.1585D-02  -0.6506D-02  -0.3842D-02  -0.9886D-02
  0.500  2.000
  -0.1266D+01   0.0000D+00  -0.1324D+01   0.0000D+00   0.0000D+00   0.0000D+00  -0.1160D+01   0.0000D+00  -0.1266D+01   0.0000D+00  -0.1324D+01   0.0000D+00
   0.6032D+00   0.0000D+00   0.1048D+00   0.0000D+00   0.1755D+00   0.0000D+00   0.2055D+00   0.0000D+00   0.4566D-01   0.0000D+00   0.0000D+00   0.0000D+00   0.6032D+00   0.0000D+00   0.1048D+00   0.0000D+00   0.1755D+00   0.0000D+00
   0.0000D+00   0.0000D+00   0.0000D+00   0.0000D+00   0.0000D+00   0.0000D+00   0.0000D+00   0.0000D+00
  -0.1172D+01   0.1627D+00  -0.1359D+01   0.9863D-01   0.9704D-01  -0.1008D+00  -0.1261D+01   0.2428D-02  -0.1172D+01   0.1627D+00  -0.1359D+01   0.9863D-01
   0.5754D+00  -0.1867D-01   0.1019D+00  -0.6766D-02   0.1182D+00  -0.4852D-01   0.2022D+00   0.0000D+00   0.4973D-01   0.4852D-02  -0.2080D-02   0.1588D-01   0.5754D+00  -0.1867D-01   0.1019D+00  -0.6766D-02   0.1182D+00  -0.4852D-01
  -0.1470D-02  -0.6035D-02  -0.3565D-02  -0.9171D-02  -0.1470D-02  -0.6035D-02  -0.3565D-02  -0.9171D-02
  1.000  0.500
  -0.1401D+01   0.0000D+00  -0.1477D+01   0.0000D+00   0.0000D+00   0.0000D+00  -0.1291D+01   0.0000D+00  -0.1401D+01   0.0000D+00  -0.1477D+01   0.0000D+00
   0.5723D+00   0.0000D+00   0.9960D-01   0.0000D+00   0.1662D+00   0.0000D+00   0.1948D+00   0.0000D+00   0.4328D-01   0.0000D+00   0.0000D+00   0.0000D+00   0.5723D+00   0.0000D+00   0.9960D-01   0.0000D+00   0.1662D+00   0.0000D+00
   0.0000D+00   0.0000D+00   0.0000D+00   0.0000D+00   0.0000D+00   0.0000D+00   0.0000D+00   0.0000D+00
  -0.1116D+01   0.2122D+00  -0.1340D+01   0.1280D+00   0.1253D+00  -0.1313D+00  -0.1254D+01   0.3334D-02  -0.1116D+01   0.2122D+00  -0.1340D+01   0.1280D+00
   0.5666D+00  -0.2065D-01   0.1008D+00  -0.7502D-02   0.1097D+00  -0.5368D-01   0.1994D+00   0.0000D+00   0.4958D-01   0.5379D-02  -0.2670D-02   0.1760D-01   0.5666D+00  -0.2065D-01   0.1008D+00  -0.7502D-02   0.1097D+00  -0.5368D-01
  -0.1638D-02  -0.6698D-02  -0.3979D-02  -0.1020D-01  -0.1638D-02  -0.6698D-02  -0.3979D-02  -0.1020D-01
  1.000  1.000
  -0.1292D+01   0.0000D+00  -0.1361D+01   0.0000D+00   0.0000D+00   0.0000D+00  -0.1190D+01   0.0000D+00  -0.1292D+01   0.0000D+00  -0.1361D+01   0.0000D+00
   0.5723D+00   0.0000D+00   0.9960D-01   0.0000D+00   0.1662D+00   0.0000D+00   0.1948D+00   0.0000D+00   0.4328D-01   0.0000D+00   0.0000D+00   0.0000D+00   0.5723D+00   0.0000D+00   0.9960D-01   0.0000D+00   0.1662D+00   0.0000D+00
   0.0000D+00   0.0000D+00   0.0000D+00   0.0000D+00   0.0000D+00   0.0000D+00   0.0000D+00   0.0000D+00
  -0.1157D+01   0.1803D+00  -0.1359D+01   0.1088D+00   0.1065D+00  -0.1116D+00  -0.1258D+01   0.2834D-02  -0.1157D+01   0.1803D+00  -0.1359D+01   0.1088D+00
   0.5673D+00  -0.1904D-01   0.1008D+00  -0.6916D-02   0.1142D+00  -0.4948D-01   0.1991D+00   0.0000D+00   0.4911D-01   0.4959D-02  -0.2461D-02   0.1623D-01   0.5673D+00  -0.1904D-01   0.1008D+00  -0.6916D-02   0.1142D+00  -0.4948D-01
  -0.1510D-02  -0.6175D-02  -0.3668D-02  -0.9405D-02  -0.1510D-02  -0.6175D-02  -0.3668D-02  -0.9405D-02
  1.000  2.000
  -0.1198D+01   0.0000D+00  -0.1263D+01   0.0000D+00   0.0000D+00   0.0000D+00  -0.1104D+01   0.0000D+00  -0.1198D+01   0.0000D+00  -0.1263D+01   0.0000D+00
   0.5723D+00   0.0000D+00   0.9960D-01   0.0000D+00   0.1662D+00   0.0000D+00   0.1948D+00   0.0000D+00   0.4328D-01   0.0000D+00   0.0000D+00   0.0000D+00   0.5723D+00   0.0000D+00   0.9960D-01   0.0000D+00   0.1662D+00   0.0000D+00
   0.0000D+00   0.0000D+00   0.0000D+00   0.0000D+00   0.0000D+00   0.0000D+00   0.0000D+00   0.0000D+00
  -0.1175D+01   0.1552D+00  -0.1358D+01   0.9365D-01   0.9165D-01  -0.9606D-01  -0.1248D+01   0.2439D-02  -0.1175D+01   0.1552D+00  -0.1358D+01   0.9365D-01
   0.5678D+00  -0.1766D-01   0.1007D+00  -0.6416D-02   0.1180D+00  -0.4591D-01   0.1988D+00   0.0000D+00   0.4870D-01   0.4600D-02  -0.2283D-02   0.1505D-01   0.5678D+00  -0.1766D-01   0.1007D+00  -0.6416D-02   0.1180D+00  -0.4591D-01
  -0.1401D-02  -0.5728D-02  -0.3403D-02  -0.8725D-02  -0.1401D-02  -0.5728D-02  -0.3403D-02  -0.8725D-02
  2.000  0.500
  -0.1332D+01   0.0000D+00  -0.1406D+01   0.0000D+00   0.0000D+00   0.0000D+00  -0.1228D+01   0.0000D+00  -0.1332D+01   0.0000D+00  -0.1406D+01   0.0000D+00
   0.5440D+00   0.0000D+00   0.9464D-01   0.0000D+00   0.1577D+00   0.0000D+00   0.1843D+00   0.0000D+00   0.4095D-01   0.0000D+00   0.0000D+00   0.0000D+00   0.5440D+00   0.0000D+00   0.9464D-01   0.0000D+00   0.1577D+00   0.0000D+00
   0.0000D+00   0.0000D+00   0.0000D+00   0.0000D+00   0.0000D+00   0.0000D+00   0.0000D+00   0.0000D+00
  -0.1128D+01   0.2025D+00  -0.1358D+01   0.1217D+00   0.1199D+00  -0.1248D+00  -0.1265D+01   0.3363D-02  -0.1128D+01   0.2025D+00  -0.1358D+01   0.1217D+00
   0.5631D+00  -0.1959D-01   0.9987D-01  -0.7124D-02   0.1117D+00  -0.5114D-01   0.1987D+00   0.0000D+00   0.4894D-01   0.5096D-02  -0.2210D-02   0.1668D-01   0.5631D+00  -0.1959D-01   0.9987D-01  -0.7124D-02   0.1117D+00  -0.5114D-01
  -0.1562D-02  -0.6360D-02  -0.3789D-02  -0.9676D-02  -0.1562D-02  -0.6360D-02  -0.3789D-02  -0.9676D-02
  2.000  1.000
  -0.1228D+01   0.0000D+00  -0.1296D+01   0.0000D+00   0.0000D+00   0.0000D+00  -0.1132D+01   0.0000D+00  -0.1228D+01   0.0000D+00  -0.1296D+01   0.0000D+00
   0.5440D+00   0.0000D+00   0.9464D-01   0.0000D+00   0.1577D+00   0.0000D+00   0.1843D+00   0.0000D+00   0.4095D-01   0.0000D+00   0.0000D+00   0.0000D+00   0.5440D+00   0.0000D+00   0.9464D-01   0.0000D+00   0.1577D+00   0.0000D+00
   0.0000D+00   0.0000D+00   0.0000D+00   0.0000D+00   0.0000D+00   0.0000D+00   0.0000D+00   0.0000D+00
  -0.1158D+01   0.1721D+00  -0.1364D+01   0.1034D+00   0.1019D+00  -0.1061D+00  -0.1259D+01   0.2858D-02  -0.1158D+01   0.1721D+00  -0.1364D+01   0.1034D+00
   0.5631D+00  -0.1806D-01   0.9969D-01  -0.6568D-02   0.1157D+00  -0.4715D-01   0.1978D+00   0.0000D+00   0.4838D-01   0.4698D-02  -0.2044D-02   0.1538D-01   0.5631D+00  -0.1806D-01   0.9969D-01  -0.6568D-02   0.1157D+00  -0.4715D-01
  -0.1440D-02  -0.5864D-02  -0.3493D-02  -0.8921D-02  -0.1440D-02  -0.5864D-02  -0.3493D-02  -0.8921D-02
  2.000  2.000
  -0.1140D+01   0.0000D+00  -0.1202D+01   0.0000D+00   0.0000D+00   0.0000D+00  -0.1050D+01   0.0000D+00  -0.1140D+01   0.0000D+00  -0.1202D+01   0.0000D+00
   0.5440D+00   0.0000D+00   0.9464D-01   0.0000D+00   0.1577D+00   0.0000D+00   0.1843D+00   0.0000D+00   0.4095D-01   0.0000D+00   0.0000D+00   0.0000D+00   0.5440D+00   0.0000D+00   0.9464D-01   0.0000D+00   0.1577D+00   0.0000D+00
   0.0000D+00   0.0000D+00   0.0000D+00   0.0000D+00   0.0000D+00   0.0000D+00   0.0000D+00   0.0000D+00
  -0.1167D+01   0.1481D+00  -0.1354D+01   0.8902D-01   0.8770D-01  -0.9129D-01  -0.1240D+01   0.2460D-02  -0.1167D+01   0.1481D+00  -0.1354D+01   0.8902D-01
   0.5619D+00  -0.1675D-01   0.9935D-01  -0.6093D-02   0.1188D+00  -0.4374D-01   0.1969D+00   0.0000D+00   0.4786D-01   0.4359D-02  -0.1896D-02   0.1427D-01   0.5619D+00  -0.1675D-01   0.9935D-01  -0.6093D-02   0.1188D+00  -0.4374D-01
  -0.1336D-02  -0.5440D-02  -0.3240D-02  -0.8276D-02  -0.1336D-02  -0.5440D-02  -0.3240D-02  -0.8276D-02
