 LHC=           1 sqrts=   8000.0000000000000      ang=           4 mode=fital                                                                                               scalescheme=           1 R=  0.69999999999999996     
 CT10nlo_rand5678                                                                                             285
 Bin information: chid, chiu, md, mu, mu0
   0.0000000000000000       0.50000000000000000        300.00000000000000        330.00000000000000        315.00000000000000     
 9 scales(muf, mur)*(LO(38), NLO(38))
  0.500  0.500
  -0.2057D+01   0.0000D+00  -0.2339D+01   0.0000D+00   0.0000D+00   0.0000D+00  -0.2222D+01   0.0000D+00  -0.2057D+01   0.0000D+00  -0.2339D+01   0.0000D+00
   0.6150D+00   0.0000D+00   0.1088D+00   0.0000D+00   0.1678D+00   0.0000D+00   0.2301D+00   0.0000D+00   0.5112D-01   0.0000D+00   0.0000D+00   0.0000D+00   0.6150D+00   0.0000D+00   0.1088D+00   0.0000D+00   0.1678D+00   0.0000D+00
   0.0000D+00   0.0000D+00   0.0000D+00   0.0000D+00   0.0000D+00   0.0000D+00   0.0000D+00   0.0000D+00
  -0.1511D+01   0.3493D+00  -0.1996D+01   0.2120D+00   0.1969D+00  -0.2316D+00  -0.2067D+01  -0.5111D-02  -0.1511D+01   0.3493D+00  -0.1996D+01   0.2120D+00
   0.6197D+00  -0.2134D-01   0.1115D+00  -0.8083D-02   0.1107D+00  -0.5932D-01   0.2363D+00   0.0000D+00   0.5905D-01   0.6506D-02  -0.1718D-02   0.2129D-01   0.6197D+00  -0.2134D-01   0.1115D+00  -0.8083D-02   0.1107D+00  -0.5932D-01
  -0.1547D-02  -0.7337D-02  -0.4421D-02  -0.1187D-01  -0.1547D-02  -0.7337D-02  -0.4421D-02  -0.1187D-01
  0.500  1.000
  -0.1877D+01   0.0000D+00  -0.2134D+01   0.0000D+00   0.0000D+00   0.0000D+00  -0.2027D+01   0.0000D+00  -0.1877D+01   0.0000D+00  -0.2134D+01   0.0000D+00
   0.6150D+00   0.0000D+00   0.1088D+00   0.0000D+00   0.1678D+00   0.0000D+00   0.2301D+00   0.0000D+00   0.5112D-01   0.0000D+00   0.0000D+00   0.0000D+00   0.6150D+00   0.0000D+00   0.1088D+00   0.0000D+00   0.1678D+00   0.0000D+00
   0.0000D+00   0.0000D+00   0.0000D+00   0.0000D+00   0.0000D+00   0.0000D+00   0.0000D+00   0.0000D+00
  -0.1581D+01   0.2906D+00  -0.2029D+01   0.1764D+00   0.1638D+00  -0.1927D+00  -0.2070D+01  -0.4252D-02  -0.1581D+01   0.2906D+00  -0.2029D+01   0.1764D+00
   0.6197D+00  -0.1947D-01   0.1114D+00  -0.7373D-02   0.1159D+00  -0.5411D-01   0.2358D+00   0.0000D+00   0.5838D-01   0.5935D-02  -0.1565D-02   0.1942D-01   0.6197D+00  -0.1947D-01   0.1114D+00  -0.7373D-02   0.1159D+00  -0.5411D-01
  -0.1411D-02  -0.6692D-02  -0.4033D-02  -0.1083D-01  -0.1411D-02  -0.6692D-02  -0.4033D-02  -0.1083D-01
  0.500  2.000
  -0.1726D+01   0.0000D+00  -0.1962D+01   0.0000D+00   0.0000D+00   0.0000D+00  -0.1864D+01   0.0000D+00  -0.1726D+01   0.0000D+00  -0.1962D+01   0.0000D+00
   0.6150D+00   0.0000D+00   0.1088D+00   0.0000D+00   0.1678D+00   0.0000D+00   0.2301D+00   0.0000D+00   0.5112D-01   0.0000D+00   0.0000D+00   0.0000D+00   0.6150D+00   0.0000D+00   0.1088D+00   0.0000D+00   0.1678D+00   0.0000D+00
   0.0000D+00   0.0000D+00   0.0000D+00   0.0000D+00   0.0000D+00   0.0000D+00   0.0000D+00   0.0000D+00
  -0.1610D+01   0.2458D+00  -0.2026D+01   0.1492D+00   0.1385D+00  -0.1630D+00  -0.2045D+01  -0.3596D-02  -0.1610D+01   0.2458D+00  -0.2026D+01   0.1492D+00
   0.6197D+00  -0.1791D-01   0.1112D+00  -0.6781D-02   0.1201D+00  -0.4976D-01   0.2355D+00   0.0000D+00   0.5782D-01   0.5458D-02  -0.1437D-02   0.1786D-01   0.6197D+00  -0.1791D-01   0.1112D+00  -0.6781D-02   0.1201D+00  -0.4976D-01
  -0.1297D-02  -0.6155D-02  -0.3709D-02  -0.9956D-02  -0.1297D-02  -0.6155D-02  -0.3709D-02  -0.9956D-02
  1.000  0.500
  -0.1975D+01   0.0000D+00  -0.2237D+01   0.0000D+00   0.0000D+00   0.0000D+00  -0.2126D+01   0.0000D+00  -0.1975D+01   0.0000D+00  -0.2237D+01   0.0000D+00
   0.5878D+00   0.0000D+00   0.1038D+00   0.0000D+00   0.1605D+00   0.0000D+00   0.2204D+00   0.0000D+00   0.4897D-01   0.0000D+00   0.0000D+00   0.0000D+00   0.5878D+00   0.0000D+00   0.1038D+00   0.0000D+00   0.1605D+00   0.0000D+00
   0.0000D+00   0.0000D+00   0.0000D+00   0.0000D+00   0.0000D+00   0.0000D+00   0.0000D+00   0.0000D+00
  -0.1533D+01   0.3352D+00  -0.1999D+01   0.2037D+00   0.1850D+00  -0.2214D+00  -0.2074D+01  -0.4567D-02  -0.1533D+01   0.3352D+00  -0.1999D+01   0.2037D+00
   0.6116D+00  -0.2045D-01   0.1096D+00  -0.7704D-02   0.1104D+00  -0.5672D-01   0.2330D+00   0.0000D+00   0.5803D-01   0.6229D-02  -0.1088D-02   0.2039D-01   0.6116D+00  -0.2045D-01   0.1096D+00  -0.7704D-02   0.1104D+00  -0.5672D-01
  -0.1484D-02  -0.6924D-02  -0.4257D-02  -0.1135D-01  -0.1484D-02  -0.6924D-02  -0.4257D-02  -0.1135D-01
  1.000  1.000
  -0.1802D+01   0.0000D+00  -0.2040D+01   0.0000D+00   0.0000D+00   0.0000D+00  -0.1939D+01   0.0000D+00  -0.1802D+01   0.0000D+00  -0.2040D+01   0.0000D+00
   0.5878D+00   0.0000D+00   0.1038D+00   0.0000D+00   0.1605D+00   0.0000D+00   0.2204D+00   0.0000D+00   0.4897D-01   0.0000D+00   0.0000D+00   0.0000D+00   0.5878D+00   0.0000D+00   0.1038D+00   0.0000D+00   0.1605D+00   0.0000D+00
   0.0000D+00   0.0000D+00   0.0000D+00   0.0000D+00   0.0000D+00   0.0000D+00   0.0000D+00   0.0000D+00
  -0.1586D+01   0.2789D+00  -0.2015D+01   0.1695D+00   0.1539D+00  -0.1842D+00  -0.2060D+01  -0.3800D-02  -0.1586D+01   0.2789D+00  -0.2015D+01   0.1695D+00
   0.6099D+00  -0.1865D-01   0.1091D+00  -0.7028D-02   0.1149D+00  -0.5174D-01   0.2320D+00   0.0000D+00   0.5727D-01   0.5682D-02  -0.9899D-03   0.1860D-01   0.6099D+00  -0.1865D-01   0.1091D+00  -0.7028D-02   0.1149D+00  -0.5174D-01
  -0.1354D-02  -0.6316D-02  -0.3884D-02  -0.1036D-01  -0.1354D-02  -0.6316D-02  -0.3884D-02  -0.1036D-01
  1.000  2.000
  -0.1657D+01   0.0000D+00  -0.1876D+01   0.0000D+00   0.0000D+00   0.0000D+00  -0.1783D+01   0.0000D+00  -0.1657D+01   0.0000D+00  -0.1876D+01   0.0000D+00
   0.5878D+00   0.0000D+00   0.1038D+00   0.0000D+00   0.1605D+00   0.0000D+00   0.2204D+00   0.0000D+00   0.4897D-01   0.0000D+00   0.0000D+00   0.0000D+00   0.5878D+00   0.0000D+00   0.1038D+00   0.0000D+00   0.1605D+00   0.0000D+00
   0.0000D+00   0.0000D+00   0.0000D+00   0.0000D+00   0.0000D+00   0.0000D+00   0.0000D+00   0.0000D+00
  -0.1603D+01   0.2359D+00  -0.2001D+01   0.1434D+00   0.1301D+00  -0.1558D+00  -0.2024D+01  -0.3213D-02  -0.1603D+01   0.2359D+00  -0.2001D+01   0.1434D+00
   0.6084D+00  -0.1715D-01   0.1088D+00  -0.6463D-02   0.1187D+00  -0.4759D-01   0.2312D+00   0.0000D+00   0.5662D-01   0.5226D-02  -0.9083D-03   0.1710D-01   0.6084D+00  -0.1715D-01   0.1088D+00  -0.6463D-02   0.1187D+00  -0.4759D-01
  -0.1245D-02  -0.5809D-02  -0.3571D-02  -0.9525D-02  -0.1245D-02  -0.5809D-02  -0.3571D-02  -0.9525D-02
  2.000  0.500
  -0.1882D+01   0.0000D+00  -0.2149D+01   0.0000D+00   0.0000D+00   0.0000D+00  -0.2031D+01   0.0000D+00  -0.1882D+01   0.0000D+00  -0.2149D+01   0.0000D+00
   0.5614D+00   0.0000D+00   0.9952D-01   0.0000D+00   0.1538D+00   0.0000D+00   0.2106D+00   0.0000D+00   0.4681D-01   0.0000D+00   0.0000D+00   0.0000D+00   0.5614D+00   0.0000D+00   0.9952D-01   0.0000D+00   0.1538D+00   0.0000D+00
   0.0000D+00   0.0000D+00   0.0000D+00   0.0000D+00   0.0000D+00   0.0000D+00   0.0000D+00   0.0000D+00
  -0.1536D+01   0.3217D+00  -0.2026D+01   0.1947D+00   0.1842D+00  -0.2115D+00  -0.2095D+01  -0.4038D-02  -0.1536D+01   0.3217D+00  -0.2026D+01   0.1947D+00
   0.6037D+00  -0.1958D-01   0.1085D+00  -0.7376D-02   0.1129D+00  -0.5423D-01   0.2322D+00   0.0000D+00   0.5747D-01   0.5959D-02  -0.1065D-02   0.1950D-01   0.6037D+00  -0.1958D-01   0.1085D+00  -0.7376D-02   0.1129D+00  -0.5423D-01
  -0.1432D-02  -0.6548D-02  -0.4093D-02  -0.1084D-01  -0.1432D-02  -0.6548D-02  -0.4093D-02  -0.1084D-01
  2.000  1.000
  -0.1717D+01   0.0000D+00  -0.1961D+01   0.0000D+00   0.0000D+00   0.0000D+00  -0.1853D+01   0.0000D+00  -0.1717D+01   0.0000D+00  -0.1961D+01   0.0000D+00
   0.5614D+00   0.0000D+00   0.9952D-01   0.0000D+00   0.1538D+00   0.0000D+00   0.2106D+00   0.0000D+00   0.4681D-01   0.0000D+00   0.0000D+00   0.0000D+00   0.5614D+00   0.0000D+00   0.9952D-01   0.0000D+00   0.1538D+00   0.0000D+00
   0.0000D+00   0.0000D+00   0.0000D+00   0.0000D+00   0.0000D+00   0.0000D+00   0.0000D+00   0.0000D+00
  -0.1574D+01   0.2677D+00  -0.2024D+01   0.1620D+00   0.1532D+00  -0.1760D+00  -0.2063D+01  -0.3359D-02  -0.1574D+01   0.2677D+00  -0.2024D+01   0.1620D+00
   0.6001D+00  -0.1786D-01   0.1078D+00  -0.6729D-02   0.1165D+00  -0.4947D-01   0.2303D+00   0.0000D+00   0.5655D-01   0.5436D-02  -0.9692D-03   0.1779D-01   0.6001D+00  -0.1786D-01   0.1078D+00  -0.6729D-02   0.1165D+00  -0.4947D-01
  -0.1306D-02  -0.5973D-02  -0.3734D-02  -0.9889D-02  -0.1306D-02  -0.5973D-02  -0.3734D-02  -0.9889D-02
  2.000  2.000
  -0.1579D+01   0.0000D+00  -0.1803D+01   0.0000D+00   0.0000D+00   0.0000D+00  -0.1704D+01   0.0000D+00  -0.1579D+01   0.0000D+00  -0.1803D+01   0.0000D+00
   0.5614D+00   0.0000D+00   0.9952D-01   0.0000D+00   0.1538D+00   0.0000D+00   0.2106D+00   0.0000D+00   0.4681D-01   0.0000D+00   0.0000D+00   0.0000D+00   0.5614D+00   0.0000D+00   0.9952D-01   0.0000D+00   0.1538D+00   0.0000D+00
   0.0000D+00   0.0000D+00   0.0000D+00   0.0000D+00   0.0000D+00   0.0000D+00   0.0000D+00   0.0000D+00
  -0.1581D+01   0.2264D+00  -0.1997D+01   0.1370D+00   0.1296D+00  -0.1489D+00  -0.2014D+01  -0.2841D-02  -0.1581D+01   0.2264D+00  -0.1997D+01   0.1370D+00
   0.5973D+00  -0.1643D-01   0.1072D+00  -0.6188D-02   0.1196D+00  -0.4550D-01   0.2289D+00   0.0000D+00   0.5579D-01   0.4999D-02  -0.8897D-03   0.1636D-01   0.5973D+00  -0.1643D-01   0.1072D+00  -0.6188D-02   0.1196D+00  -0.4550D-01
  -0.1201D-02  -0.5493D-02  -0.3434D-02  -0.9095D-02  -0.1201D-02  -0.5493D-02  -0.3434D-02  -0.9095D-02
