 LHC=           1 sqrts=   8000.0000000000000      ang=           4 mode=fital                                                                                               scalescheme=           1 R=  0.69999999999999996     
 CT10nlo_rand5678                                                                                             275
 Bin information: chid, chiu, md, mu, mu0
   0.0000000000000000       0.50000000000000000        395.00000000000000        430.00000000000000        412.50000000000000     
 9 scales(muf, mur)*(LO(38), NLO(38))
  0.500  0.500
  -0.1252D+01   0.0000D+00  -0.1271D+01   0.0000D+00   0.0000D+00   0.0000D+00  -0.1088D+01   0.0000D+00  -0.1252D+01   0.0000D+00  -0.1271D+01   0.0000D+00
   0.5907D+00   0.0000D+00   0.1018D+00   0.0000D+00   0.1775D+00   0.0000D+00   0.1952D+00   0.0000D+00   0.4338D-01   0.0000D+00   0.0000D+00   0.0000D+00   0.5907D+00   0.0000D+00   0.1018D+00   0.0000D+00   0.1775D+00   0.0000D+00
   0.0000D+00   0.0000D+00   0.0000D+00   0.0000D+00   0.0000D+00   0.0000D+00   0.0000D+00   0.0000D+00
  -0.9252D+00   0.1806D+00  -0.1087D+01   0.1083D+00   0.1081D+00  -0.1092D+00  -0.1003D+01   0.4228D-02  -0.9252D+00   0.1806D+00  -0.1087D+01   0.1083D+00
   0.5437D+00  -0.2177D-01   0.9616D-01  -0.7713D-02   0.1078D+00  -0.5446D-01   0.1889D+00   0.0000D+00   0.4733D-01   0.5322D-02  -0.2242D-02   0.1742D-01   0.5437D+00  -0.2177D-01   0.9616D-01  -0.7713D-02   0.1078D+00  -0.5446D-01
  -0.1767D-02  -0.6854D-02  -0.4049D-02  -0.1021D-01  -0.1767D-02  -0.6854D-02  -0.4049D-02  -0.1021D-01
  0.500  1.000
  -0.1146D+01   0.0000D+00  -0.1163D+01   0.0000D+00   0.0000D+00   0.0000D+00  -0.9957D+00   0.0000D+00  -0.1146D+01   0.0000D+00  -0.1163D+01   0.0000D+00
   0.5907D+00   0.0000D+00   0.1018D+00   0.0000D+00   0.1775D+00   0.0000D+00   0.1952D+00   0.0000D+00   0.4338D-01   0.0000D+00   0.0000D+00   0.0000D+00   0.5907D+00   0.0000D+00   0.1018D+00   0.0000D+00   0.1775D+00   0.0000D+00
   0.0000D+00   0.0000D+00   0.0000D+00   0.0000D+00   0.0000D+00   0.0000D+00   0.0000D+00   0.0000D+00
  -0.9658D+00   0.1513D+00  -0.1104D+01   0.9074D-01   0.9054D-01  -0.9153D-01  -0.1006D+01   0.3543D-02  -0.9658D+00   0.1513D+00  -0.1104D+01   0.9074D-01
   0.5479D+00  -0.1992D-01   0.9668D-01  -0.7060D-02   0.1138D+00  -0.4985D-01   0.1895D+00   0.0000D+00   0.4701D-01   0.4871D-02  -0.2051D-02   0.1594D-01   0.5479D+00  -0.1992D-01   0.9668D-01  -0.7060D-02   0.1138D+00  -0.4985D-01
  -0.1617D-02  -0.6274D-02  -0.3706D-02  -0.9347D-02  -0.1617D-02  -0.6274D-02  -0.3706D-02  -0.9347D-02
  0.500  2.000
  -0.1056D+01   0.0000D+00  -0.1073D+01   0.0000D+00   0.0000D+00   0.0000D+00  -0.9182D+00   0.0000D+00  -0.1056D+01   0.0000D+00  -0.1073D+01   0.0000D+00
   0.5907D+00   0.0000D+00   0.1018D+00   0.0000D+00   0.1775D+00   0.0000D+00   0.1952D+00   0.0000D+00   0.4338D-01   0.0000D+00   0.0000D+00   0.0000D+00   0.5907D+00   0.0000D+00   0.1018D+00   0.0000D+00   0.1775D+00   0.0000D+00
   0.0000D+00   0.0000D+00   0.0000D+00   0.0000D+00   0.0000D+00   0.0000D+00   0.0000D+00   0.0000D+00
  -0.9831D+00   0.1286D+00  -0.1103D+01   0.7716D-01   0.7699D-01  -0.7783D-01  -0.9962D+00   0.3013D-02  -0.9831D+00   0.1286D+00  -0.1103D+01   0.7716D-01
   0.5514D+00  -0.1837D-01   0.9711D-01  -0.6510D-02   0.1188D+00  -0.4597D-01   0.1900D+00   0.0000D+00   0.4674D-01   0.4492D-02  -0.1891D-02   0.1470D-01   0.5514D+00  -0.1837D-01   0.9711D-01  -0.6510D-02   0.1188D+00  -0.4597D-01
  -0.1492D-02  -0.5785D-02  -0.3418D-02  -0.8619D-02  -0.1492D-02  -0.5785D-02  -0.3418D-02  -0.8619D-02
  1.000  0.500
  -0.1183D+01   0.0000D+00  -0.1205D+01   0.0000D+00   0.0000D+00   0.0000D+00  -0.1030D+01   0.0000D+00  -0.1183D+01   0.0000D+00  -0.1205D+01   0.0000D+00
   0.5575D+00   0.0000D+00   0.9593D-01   0.0000D+00   0.1673D+00   0.0000D+00   0.1848D+00   0.0000D+00   0.4107D-01   0.0000D+00   0.0000D+00   0.0000D+00   0.5575D+00   0.0000D+00   0.9593D-01   0.0000D+00   0.1673D+00   0.0000D+00
   0.0000D+00   0.0000D+00   0.0000D+00   0.0000D+00   0.0000D+00   0.0000D+00   0.0000D+00   0.0000D+00
  -0.9464D+00   0.1710D+00  -0.1094D+01   0.1024D+00   0.1021D+00  -0.1035D+00  -0.1009D+01   0.4106D-02  -0.9464D+00   0.1710D+00  -0.1094D+01   0.1024D+00
   0.5394D+00  -0.2051D-01   0.9524D-01  -0.7289D-02   0.1092D+00  -0.5170D-01   0.1877D+00   0.0000D+00   0.4666D-01   0.5038D-02  -0.2356D-02   0.1649D-01   0.5394D+00  -0.2051D-01   0.9524D-01  -0.7289D-02   0.1092D+00  -0.5170D-01
  -0.1676D-02  -0.6595D-02  -0.3847D-02  -0.9645D-02  -0.1676D-02  -0.6595D-02  -0.3847D-02  -0.9645D-02
  1.000  1.000
  -0.1083D+01   0.0000D+00  -0.1103D+01   0.0000D+00   0.0000D+00   0.0000D+00  -0.9430D+00   0.0000D+00  -0.1083D+01   0.0000D+00  -0.1103D+01   0.0000D+00
   0.5575D+00   0.0000D+00   0.9593D-01   0.0000D+00   0.1673D+00   0.0000D+00   0.1848D+00   0.0000D+00   0.4107D-01   0.0000D+00   0.0000D+00   0.0000D+00   0.5575D+00   0.0000D+00   0.9593D-01   0.0000D+00   0.1673D+00   0.0000D+00
   0.0000D+00   0.0000D+00   0.0000D+00   0.0000D+00   0.0000D+00   0.0000D+00   0.0000D+00   0.0000D+00
  -0.9731D+00   0.1433D+00  -0.1100D+01   0.8579D-01   0.8551D-01  -0.8668D-01  -0.1002D+01   0.3440D-02  -0.9731D+00   0.1433D+00  -0.1100D+01   0.8579D-01
   0.5412D+00  -0.1877D-01   0.9534D-01  -0.6672D-02   0.1142D+00  -0.4733D-01   0.1875D+00   0.0000D+00   0.4620D-01   0.4611D-02  -0.2156D-02   0.1509D-01   0.5412D+00  -0.1877D-01   0.9534D-01  -0.6672D-02   0.1142D+00  -0.4733D-01
  -0.1534D-02  -0.6037D-02  -0.3521D-02  -0.8829D-02  -0.1534D-02  -0.6037D-02  -0.3521D-02  -0.8829D-02
  1.000  2.000
  -0.9986D+00   0.0000D+00  -0.1017D+01   0.0000D+00   0.0000D+00   0.0000D+00  -0.8696D+00   0.0000D+00  -0.9986D+00   0.0000D+00  -0.1017D+01   0.0000D+00
   0.5575D+00   0.0000D+00   0.9593D-01   0.0000D+00   0.1673D+00   0.0000D+00   0.1848D+00   0.0000D+00   0.4107D-01   0.0000D+00   0.0000D+00   0.0000D+00   0.5575D+00   0.0000D+00   0.9593D-01   0.0000D+00   0.1673D+00   0.0000D+00
   0.0000D+00   0.0000D+00   0.0000D+00   0.0000D+00   0.0000D+00   0.0000D+00   0.0000D+00   0.0000D+00
  -0.9805D+00   0.1218D+00  -0.1091D+01   0.7295D-01   0.7271D-01  -0.7371D-01  -0.9854D+00   0.2926D-02  -0.9805D+00   0.1218D+00  -0.1091D+01   0.7295D-01
   0.5426D+00  -0.1731D-01   0.9542D-01  -0.6153D-02   0.1183D+00  -0.4364D-01   0.1873D+00   0.0000D+00   0.4581D-01   0.4252D-02  -0.1988D-02   0.1392D-01   0.5426D+00  -0.1731D-01   0.9542D-01  -0.6153D-02   0.1183D+00  -0.4364D-01
  -0.1415D-02  -0.5567D-02  -0.3247D-02  -0.8141D-02  -0.1415D-02  -0.5567D-02  -0.3247D-02  -0.8141D-02
  2.000  0.500
  -0.1121D+01   0.0000D+00  -0.1146D+01   0.0000D+00   0.0000D+00   0.0000D+00  -0.9778D+00   0.0000D+00  -0.1121D+01   0.0000D+00  -0.1146D+01   0.0000D+00
   0.5279D+00   0.0000D+00   0.9114D-01   0.0000D+00   0.1581D+00   0.0000D+00   0.1745D+00   0.0000D+00   0.3877D-01   0.0000D+00   0.0000D+00   0.0000D+00   0.5279D+00   0.0000D+00   0.9114D-01   0.0000D+00   0.1581D+00   0.0000D+00
   0.0000D+00   0.0000D+00   0.0000D+00   0.0000D+00   0.0000D+00   0.0000D+00   0.0000D+00   0.0000D+00
  -0.9636D+00   0.1622D+00  -0.1111D+01   0.9703D-01   0.9718D-01  -0.9817D-01  -0.1023D+01   0.3961D-02  -0.9636D+00   0.1622D+00  -0.1111D+01   0.9703D-01
   0.5398D+00  -0.1939D-01   0.9521D-01  -0.6887D-02   0.1112D+00  -0.4857D-01   0.1876D+00   0.0000D+00   0.4635D-01   0.4757D-02  -0.2038D-02   0.1557D-01   0.5398D+00  -0.1939D-01   0.9521D-01  -0.6887D-02   0.1112D+00  -0.4857D-01
  -0.1590D-02  -0.6241D-02  -0.3662D-02  -0.9128D-02  -0.1590D-02  -0.6241D-02  -0.3662D-02  -0.9128D-02
  2.000  1.000
  -0.1026D+01   0.0000D+00  -0.1049D+01   0.0000D+00   0.0000D+00   0.0000D+00  -0.8950D+00   0.0000D+00  -0.1026D+01   0.0000D+00  -0.1049D+01   0.0000D+00
   0.5279D+00   0.0000D+00   0.9114D-01   0.0000D+00   0.1581D+00   0.0000D+00   0.1745D+00   0.0000D+00   0.3877D-01   0.0000D+00   0.0000D+00   0.0000D+00   0.5279D+00   0.0000D+00   0.9114D-01   0.0000D+00   0.1581D+00   0.0000D+00
   0.0000D+00   0.0000D+00   0.0000D+00   0.0000D+00   0.0000D+00   0.0000D+00   0.0000D+00   0.0000D+00
  -0.9781D+00   0.1359D+00  -0.1105D+01   0.8129D-01   0.8141D-01  -0.8224D-01  -0.1006D+01   0.3319D-02  -0.9781D+00   0.1359D+00  -0.1105D+01   0.8129D-01
   0.5390D+00  -0.1775D-01   0.9490D-01  -0.6304D-02   0.1153D+00  -0.4445D-01   0.1865D+00   0.0000D+00   0.4572D-01   0.4354D-02  -0.1865D-02   0.1425D-01   0.5390D+00  -0.1775D-01   0.9490D-01  -0.6304D-02   0.1153D+00  -0.4445D-01
  -0.1456D-02  -0.5712D-02  -0.3351D-02  -0.8355D-02  -0.1456D-02  -0.5712D-02  -0.3351D-02  -0.8355D-02
  2.000  2.000
  -0.9461D+00   0.0000D+00  -0.9674D+00   0.0000D+00   0.0000D+00   0.0000D+00  -0.8253D+00   0.0000D+00  -0.9461D+00   0.0000D+00  -0.9674D+00   0.0000D+00
   0.5279D+00   0.0000D+00   0.9114D-01   0.0000D+00   0.1581D+00   0.0000D+00   0.1745D+00   0.0000D+00   0.3877D-01   0.0000D+00   0.0000D+00   0.0000D+00   0.5279D+00   0.0000D+00   0.9114D-01   0.0000D+00   0.1581D+00   0.0000D+00
   0.0000D+00   0.0000D+00   0.0000D+00   0.0000D+00   0.0000D+00   0.0000D+00   0.0000D+00   0.0000D+00
  -0.9767D+00   0.1156D+00  -0.1088D+01   0.6913D-01   0.6922D-01  -0.6994D-01  -0.9817D+00   0.2822D-02  -0.9767D+00   0.1156D+00  -0.1088D+01   0.6913D-01
   0.5383D+00  -0.1637D-01   0.9464D-01  -0.5813D-02   0.1187D+00  -0.4099D-01   0.1856D+00   0.0000D+00   0.4519D-01   0.4015D-02  -0.1719D-02   0.1314D-01   0.5383D+00  -0.1637D-01   0.9464D-01  -0.5813D-02   0.1187D+00  -0.4099D-01
  -0.1342D-02  -0.5268D-02  -0.3091D-02  -0.7705D-02  -0.1342D-02  -0.5268D-02  -0.3091D-02  -0.7705D-02
