 LHC=           1 sqrts=   8000.0000000000000      ang=           4 mode=fital                                                                                               scalescheme=           1 R=  0.69999999999999996     
 CT10nlo_rand5678                                                                                              23
 Bin information: chid, chiu, md, mu, mu0
   0.0000000000000000       0.50000000000000000        362.00000000000000        395.00000000000000        378.50000000000000     
 9 scales(muf, mur)*(LO(38), NLO(38))
  0.500  0.500
  -0.1475D+01   0.0000D+00  -0.1575D+01   0.0000D+00   0.0000D+00   0.0000D+00  -0.1380D+01   0.0000D+00  -0.1475D+01   0.0000D+00  -0.1575D+01   0.0000D+00
   0.6040D+00   0.0000D+00   0.1052D+00   0.0000D+00   0.1744D+00   0.0000D+00   0.2057D+00   0.0000D+00   0.4571D-01   0.0000D+00   0.0000D+00   0.0000D+00   0.6040D+00   0.0000D+00   0.1052D+00   0.0000D+00   0.1744D+00   0.0000D+00
   0.0000D+00   0.0000D+00   0.0000D+00   0.0000D+00   0.0000D+00   0.0000D+00   0.0000D+00   0.0000D+00
  -0.1073D+01   0.2262D+00  -0.1345D+01   0.1363D+00   0.1338D+00  -0.1400D+00  -0.1275D+01   0.3461D-02  -0.1073D+01   0.2262D+00  -0.1345D+01   0.1363D+00
   0.5691D+00  -0.2166D-01   0.1019D+00  -0.7891D-02   0.1062D+00  -0.5679D-01   0.2016D+00   0.0000D+00   0.5069D-01   0.5673D-02  -0.2273D-02   0.1857D-01   0.5691D+00  -0.2166D-01   0.1019D+00  -0.7891D-02   0.1062D+00  -0.5679D-01
  -0.1715D-02  -0.7020D-02  -0.4213D-02  -0.1074D-01  -0.1715D-02  -0.7020D-02  -0.4213D-02  -0.1074D-01
  0.500  1.000
  -0.1348D+01   0.0000D+00  -0.1440D+01   0.0000D+00   0.0000D+00   0.0000D+00  -0.1261D+01   0.0000D+00  -0.1348D+01   0.0000D+00  -0.1440D+01   0.0000D+00
   0.6040D+00   0.0000D+00   0.1052D+00   0.0000D+00   0.1744D+00   0.0000D+00   0.2057D+00   0.0000D+00   0.4571D-01   0.0000D+00   0.0000D+00   0.0000D+00   0.6040D+00   0.0000D+00   0.1052D+00   0.0000D+00   0.1744D+00   0.0000D+00
   0.0000D+00   0.0000D+00   0.0000D+00   0.0000D+00   0.0000D+00   0.0000D+00   0.0000D+00   0.0000D+00
  -0.1124D+01   0.1891D+00  -0.1367D+01   0.1139D+00   0.1119D+00  -0.1170D+00  -0.1278D+01   0.2894D-02  -0.1124D+01   0.1891D+00  -0.1367D+01   0.1139D+00
   0.5724D+00  -0.1981D-01   0.1022D+00  -0.7216D-02   0.1121D+00  -0.5193D-01   0.2021D+00   0.0000D+00   0.5028D-01   0.5188D-02  -0.2077D-02   0.1698D-01   0.5724D+00  -0.1981D-01   0.1022D+00  -0.7216D-02   0.1121D+00  -0.5193D-01
  -0.1568D-02  -0.6419D-02  -0.3852D-02  -0.9820D-02  -0.1568D-02  -0.6419D-02  -0.3852D-02  -0.9820D-02
  0.500  2.000
  -0.1242D+01   0.0000D+00  -0.1327D+01   0.0000D+00   0.0000D+00   0.0000D+00  -0.1162D+01   0.0000D+00  -0.1242D+01   0.0000D+00  -0.1327D+01   0.0000D+00
   0.6040D+00   0.0000D+00   0.1052D+00   0.0000D+00   0.1744D+00   0.0000D+00   0.2057D+00   0.0000D+00   0.4571D-01   0.0000D+00   0.0000D+00   0.0000D+00   0.6040D+00   0.0000D+00   0.1052D+00   0.0000D+00   0.1744D+00   0.0000D+00
   0.0000D+00   0.0000D+00   0.0000D+00   0.0000D+00   0.0000D+00   0.0000D+00   0.0000D+00   0.0000D+00
  -0.1146D+01   0.1605D+00  -0.1366D+01   0.9673D-01   0.9495D-01  -0.9934D-01  -0.1265D+01   0.2457D-02  -0.1146D+01   0.1605D+00  -0.1366D+01   0.9673D-01
   0.5752D+00  -0.1825D-01   0.1025D+00  -0.6648D-02   0.1171D+00  -0.4784D-01   0.2024D+00   0.0000D+00   0.4994D-01   0.4780D-02  -0.1913D-02   0.1564D-01   0.5752D+00  -0.1825D-01   0.1025D+00  -0.6648D-02   0.1171D+00  -0.4784D-01
  -0.1445D-02  -0.5914D-02  -0.3549D-02  -0.9048D-02  -0.1445D-02  -0.5914D-02  -0.3549D-02  -0.9048D-02
  1.000  0.500
  -0.1395D+01   0.0000D+00  -0.1501D+01   0.0000D+00   0.0000D+00   0.0000D+00  -0.1313D+01   0.0000D+00  -0.1395D+01   0.0000D+00  -0.1501D+01   0.0000D+00
   0.5727D+00   0.0000D+00   0.9990D-01   0.0000D+00   0.1650D+00   0.0000D+00   0.1949D+00   0.0000D+00   0.4332D-01   0.0000D+00   0.0000D+00   0.0000D+00   0.5727D+00   0.0000D+00   0.9990D-01   0.0000D+00   0.1650D+00   0.0000D+00
   0.0000D+00   0.0000D+00   0.0000D+00   0.0000D+00   0.0000D+00   0.0000D+00   0.0000D+00   0.0000D+00
  -0.1106D+01   0.2155D+00  -0.1366D+01   0.1294D+00   0.1261D+00  -0.1334D+00  -0.1277D+01   0.3442D-02  -0.1106D+01   0.2155D+00  -0.1366D+01   0.1294D+00
   0.5657D+00  -0.2048D-01   0.1014D+00  -0.7479D-02   0.1076D+00  -0.5369D-01   0.1995D+00   0.0000D+00   0.4986D-01   0.5378D-02  -0.2540D-02   0.1760D-01   0.5657D+00  -0.2048D-01   0.1014D+00  -0.7479D-02   0.1076D+00  -0.5369D-01
  -0.1633D-02  -0.6659D-02  -0.4019D-02  -0.1021D-01  -0.1633D-02  -0.6659D-02  -0.4019D-02  -0.1021D-01
  1.000  1.000
  -0.1275D+01   0.0000D+00  -0.1373D+01   0.0000D+00   0.0000D+00   0.0000D+00  -0.1200D+01   0.0000D+00  -0.1275D+01   0.0000D+00  -0.1373D+01   0.0000D+00
   0.5727D+00   0.0000D+00   0.9990D-01   0.0000D+00   0.1650D+00   0.0000D+00   0.1949D+00   0.0000D+00   0.4332D-01   0.0000D+00   0.0000D+00   0.0000D+00   0.5727D+00   0.0000D+00   0.9990D-01   0.0000D+00   0.1650D+00   0.0000D+00
   0.0000D+00   0.0000D+00   0.0000D+00   0.0000D+00   0.0000D+00   0.0000D+00   0.0000D+00   0.0000D+00
  -0.1139D+01   0.1802D+00  -0.1373D+01   0.1081D+00   0.1054D+00  -0.1115D+00  -0.1270D+01   0.2878D-02  -0.1139D+01   0.1802D+00  -0.1373D+01   0.1081D+00
   0.5666D+00  -0.1873D-01   0.1013D+00  -0.6838D-02   0.1126D+00  -0.4909D-01   0.1992D+00   0.0000D+00   0.4931D-01   0.4918D-02  -0.2322D-02   0.1609D-01   0.5666D+00  -0.1873D-01   0.1013D+00  -0.6838D-02   0.1126D+00  -0.4909D-01
  -0.1493D-02  -0.6089D-02  -0.3674D-02  -0.9339D-02  -0.1493D-02  -0.6089D-02  -0.3674D-02  -0.9339D-02
  1.000  2.000
  -0.1175D+01   0.0000D+00  -0.1265D+01   0.0000D+00   0.0000D+00   0.0000D+00  -0.1106D+01   0.0000D+00  -0.1175D+01   0.0000D+00  -0.1265D+01   0.0000D+00
   0.5727D+00   0.0000D+00   0.9990D-01   0.0000D+00   0.1650D+00   0.0000D+00   0.1949D+00   0.0000D+00   0.4332D-01   0.0000D+00   0.0000D+00   0.0000D+00   0.5727D+00   0.0000D+00   0.9990D-01   0.0000D+00   0.1650D+00   0.0000D+00
   0.0000D+00   0.0000D+00   0.0000D+00   0.0000D+00   0.0000D+00   0.0000D+00   0.0000D+00   0.0000D+00
  -0.1149D+01   0.1530D+00  -0.1362D+01   0.9180D-01   0.8950D-01  -0.9464D-01  -0.1249D+01   0.2443D-02  -0.1149D+01   0.1530D+00  -0.1362D+01   0.9180D-01
   0.5673D+00  -0.1726D-01   0.1012D+00  -0.6301D-02   0.1168D+00  -0.4523D-01   0.1989D+00   0.0000D+00   0.4886D-01   0.4531D-02  -0.2138D-02   0.1483D-01   0.5673D+00  -0.1726D-01   0.1012D+00  -0.6301D-02   0.1168D+00  -0.4523D-01
  -0.1375D-02  -0.5610D-02  -0.3385D-02  -0.8604D-02  -0.1375D-02  -0.5610D-02  -0.3385D-02  -0.8604D-02
  2.000  0.500
  -0.1326D+01   0.0000D+00  -0.1430D+01   0.0000D+00   0.0000D+00   0.0000D+00  -0.1249D+01   0.0000D+00  -0.1326D+01   0.0000D+00  -0.1430D+01   0.0000D+00
   0.5446D+00   0.0000D+00   0.9496D-01   0.0000D+00   0.1565D+00   0.0000D+00   0.1846D+00   0.0000D+00   0.4102D-01   0.0000D+00   0.0000D+00   0.0000D+00   0.5446D+00   0.0000D+00   0.9496D-01   0.0000D+00   0.1565D+00   0.0000D+00
   0.0000D+00   0.0000D+00   0.0000D+00   0.0000D+00   0.0000D+00   0.0000D+00   0.0000D+00   0.0000D+00
  -0.1118D+01   0.2057D+00  -0.1384D+01   0.1230D+00   0.1204D+00  -0.1268D+00  -0.1288D+01   0.3434D-02  -0.1118D+01   0.2057D+00  -0.1384D+01   0.1230D+00
   0.5638D+00  -0.1943D-01   0.1006D+00  -0.7103D-02   0.1102D+00  -0.5118D-01   0.1989D+00   0.0000D+00   0.4925D-01   0.5100D-02  -0.2071D-02   0.1669D-01   0.5638D+00  -0.1943D-01   0.1006D+00  -0.7103D-02   0.1102D+00  -0.5118D-01
  -0.1557D-02  -0.6326D-02  -0.3829D-02  -0.9694D-02  -0.1557D-02  -0.6326D-02  -0.3829D-02  -0.9694D-02
  2.000  1.000
  -0.1213D+01   0.0000D+00  -0.1307D+01   0.0000D+00   0.0000D+00   0.0000D+00  -0.1142D+01   0.0000D+00  -0.1213D+01   0.0000D+00  -0.1307D+01   0.0000D+00
   0.5446D+00   0.0000D+00   0.9496D-01   0.0000D+00   0.1565D+00   0.0000D+00   0.1846D+00   0.0000D+00   0.4102D-01   0.0000D+00   0.0000D+00   0.0000D+00   0.5446D+00   0.0000D+00   0.9496D-01   0.0000D+00   0.1565D+00   0.0000D+00
   0.0000D+00   0.0000D+00   0.0000D+00   0.0000D+00   0.0000D+00   0.0000D+00   0.0000D+00   0.0000D+00
  -0.1139D+01   0.1720D+00  -0.1377D+01   0.1028D+00   0.1007D+00  -0.1060D+00  -0.1269D+01   0.2871D-02  -0.1139D+01   0.1720D+00  -0.1377D+01   0.1028D+00
   0.5624D+00  -0.1776D-01   0.1002D+00  -0.6495D-02   0.1142D+00  -0.4680D-01   0.1978D+00   0.0000D+00   0.4857D-01   0.4663D-02  -0.1893D-02   0.1526D-01   0.5624D+00  -0.1776D-01   0.1002D+00  -0.6495D-02   0.1142D+00  -0.4680D-01
  -0.1424D-02  -0.5784D-02  -0.3501D-02  -0.8864D-02  -0.1424D-02  -0.5784D-02  -0.3501D-02  -0.8864D-02
  2.000  2.000
  -0.1117D+01   0.0000D+00  -0.1205D+01   0.0000D+00   0.0000D+00   0.0000D+00  -0.1052D+01   0.0000D+00  -0.1117D+01   0.0000D+00  -0.1205D+01   0.0000D+00
   0.5446D+00   0.0000D+00   0.9496D-01   0.0000D+00   0.1565D+00   0.0000D+00   0.1846D+00   0.0000D+00   0.4102D-01   0.0000D+00   0.0000D+00   0.0000D+00   0.5446D+00   0.0000D+00   0.9496D-01   0.0000D+00   0.1565D+00   0.0000D+00
   0.0000D+00   0.0000D+00   0.0000D+00   0.0000D+00   0.0000D+00   0.0000D+00   0.0000D+00   0.0000D+00
  -0.1139D+01   0.1460D+00  -0.1355D+01   0.8730D-01   0.8545D-01  -0.9001D-01  -0.1240D+01   0.2438D-02  -0.1139D+01   0.1460D+00  -0.1355D+01   0.8730D-01
   0.5612D+00  -0.1637D-01   0.9979D-01  -0.5984D-02   0.1176D+00  -0.4312D-01   0.1968D+00   0.0000D+00   0.4798D-01   0.4297D-02  -0.1743D-02   0.1406D-01   0.5612D+00  -0.1637D-01   0.9979D-01  -0.5984D-02   0.1176D+00  -0.4312D-01
  -0.1312D-02  -0.5329D-02  -0.3226D-02  -0.8167D-02  -0.1312D-02  -0.5329D-02  -0.3226D-02  -0.8167D-02
