 LHC=           1 sqrts=   8000.0000000000000      ang=           4 mode=fital                                                                                               scalescheme=           1 R=  0.69999999999999996     
 MSTW2008nlo68cl_rand1235                                                                                      47
 Bin information: chid, chiu, md, mu, mu0
   0.0000000000000000       0.50000000000000000        507.00000000000000        548.00000000000000        527.50000000000000     
 9 scales(muf, mur)*(LO(38), NLO(38))
  0.500  0.500
  -0.7445D+00   0.0000D+00  -0.6873D+00   0.0000D+00   0.0000D+00   0.0000D+00  -0.5457D+00   0.0000D+00  -0.7445D+00   0.0000D+00  -0.6873D+00   0.0000D+00
   0.5371D+00   0.0000D+00   0.9081D-01   0.0000D+00   0.1729D+00   0.0000D+00   0.1644D+00   0.0000D+00   0.3653D-01   0.0000D+00   0.0000D+00   0.0000D+00   0.5371D+00   0.0000D+00   0.9081D-01   0.0000D+00   0.1729D+00   0.0000D+00
   0.0000D+00   0.0000D+00   0.0000D+00   0.0000D+00   0.0000D+00   0.0000D+00   0.0000D+00   0.0000D+00
  -0.5572D+00   0.9507D-01  -0.5918D+00   0.5688D-01   0.5838D-01  -0.5386D-01  -0.5026D+00   0.4776D-02  -0.5572D+00   0.9507D-01  -0.5918D+00   0.5688D-01
   0.4625D+00  -0.2085D-01   0.7994D-01  -0.7118D-02   0.9712D-01  -0.4869D-01   0.1509D+00   0.0000D+00   0.3768D-01   0.4409D-02  -0.2545D-02   0.1443D-01   0.4625D+00  -0.2085D-01   0.7994D-01  -0.7118D-02   0.9712D-01  -0.4869D-01
  -0.1815D-02  -0.6377D-02  -0.3575D-02  -0.8696D-02  -0.1815D-02  -0.6377D-02  -0.3575D-02  -0.8696D-02
  0.500  1.000
  -0.6824D+00   0.0000D+00  -0.6300D+00   0.0000D+00   0.0000D+00   0.0000D+00  -0.5002D+00   0.0000D+00  -0.6824D+00   0.0000D+00  -0.6300D+00   0.0000D+00
   0.5371D+00   0.0000D+00   0.9081D-01   0.0000D+00   0.1729D+00   0.0000D+00   0.1644D+00   0.0000D+00   0.3653D-01   0.0000D+00   0.0000D+00   0.0000D+00   0.5371D+00   0.0000D+00   0.9081D-01   0.0000D+00   0.1729D+00   0.0000D+00
   0.0000D+00   0.0000D+00   0.0000D+00   0.0000D+00   0.0000D+00   0.0000D+00   0.0000D+00   0.0000D+00
  -0.5800D+00   0.7989D-01  -0.6005D+00   0.4780D-01   0.4905D-01  -0.4526D-01  -0.5042D+00   0.4013D-02  -0.5800D+00   0.7989D-01  -0.6005D+00   0.4780D-01
   0.4689D+00  -0.1911D-01   0.8088D-01  -0.6525D-02   0.1035D+00  -0.4463D-01   0.1521D+00   0.0000D+00   0.3759D-01   0.4041D-02  -0.2333D-02   0.1323D-01   0.4689D+00  -0.1911D-01   0.8088D-01  -0.6525D-02   0.1035D+00  -0.4463D-01
  -0.1664D-02  -0.5846D-02  -0.3277D-02  -0.7972D-02  -0.1664D-02  -0.5846D-02  -0.3277D-02  -0.7972D-02
  0.500  2.000
  -0.6301D+00   0.0000D+00  -0.5817D+00   0.0000D+00   0.0000D+00   0.0000D+00  -0.4619D+00   0.0000D+00  -0.6301D+00   0.0000D+00  -0.5817D+00   0.0000D+00
   0.5371D+00   0.0000D+00   0.9081D-01   0.0000D+00   0.1729D+00   0.0000D+00   0.1644D+00   0.0000D+00   0.3653D-01   0.0000D+00   0.0000D+00   0.0000D+00   0.5371D+00   0.0000D+00   0.9081D-01   0.0000D+00   0.1729D+00   0.0000D+00
   0.0000D+00   0.0000D+00   0.0000D+00   0.0000D+00   0.0000D+00   0.0000D+00   0.0000D+00   0.0000D+00
  -0.5896D+00   0.6810D-01  -0.5997D+00   0.4075D-01   0.4182D-01  -0.3858D-01  -0.4996D+00   0.3421D-02  -0.5896D+00   0.6810D-01  -0.5997D+00   0.4075D-01
   0.4743D+00  -0.1765D-01   0.8166D-01  -0.6024D-02   0.1088D+00  -0.4121D-01   0.1531D+00   0.0000D+00   0.3752D-01   0.3731D-02  -0.2154D-02   0.1221D-01   0.4743D+00  -0.1765D-01   0.8166D-01  -0.6024D-02   0.1088D+00  -0.4121D-01
  -0.1536D-02  -0.5397D-02  -0.3026D-02  -0.7360D-02  -0.1536D-02  -0.5397D-02  -0.3026D-02  -0.7360D-02
  1.000  0.500
  -0.6909D+00   0.0000D+00  -0.6399D+00   0.0000D+00   0.0000D+00   0.0000D+00  -0.5064D+00   0.0000D+00  -0.6909D+00   0.0000D+00  -0.6399D+00   0.0000D+00
   0.4998D+00   0.0000D+00   0.8447D-01   0.0000D+00   0.1606D+00   0.0000D+00   0.1524D+00   0.0000D+00   0.3386D-01   0.0000D+00   0.0000D+00   0.0000D+00   0.4998D+00   0.0000D+00   0.8447D-01   0.0000D+00   0.1606D+00   0.0000D+00
   0.0000D+00   0.0000D+00   0.0000D+00   0.0000D+00   0.0000D+00   0.0000D+00   0.0000D+00   0.0000D+00
  -0.5705D+00   0.8843D-01  -0.5961D+00   0.5278D-01   0.5332D-01  -0.5000D-01  -0.5022D+00   0.4553D-02  -0.5705D+00   0.8843D-01  -0.5961D+00   0.5278D-01
   0.4604D+00  -0.1938D-01   0.8020D-01  -0.6607D-02   0.1018D+00  -0.4515D-01   0.1508D+00   0.0000D+00   0.3738D-01   0.4085D-02  -0.2310D-02   0.1337D-01   0.4604D+00  -0.1938D-01   0.8020D-01  -0.6607D-02   0.1018D+00  -0.4515D-01
  -0.1695D-02  -0.5899D-02  -0.3330D-02  -0.8076D-02  -0.1695D-02  -0.5899D-02  -0.3330D-02  -0.8076D-02
  1.000  1.000
  -0.6333D+00   0.0000D+00  -0.5866D+00   0.0000D+00   0.0000D+00   0.0000D+00  -0.4642D+00   0.0000D+00  -0.6333D+00   0.0000D+00  -0.5866D+00   0.0000D+00
   0.4998D+00   0.0000D+00   0.8447D-01   0.0000D+00   0.1606D+00   0.0000D+00   0.1524D+00   0.0000D+00   0.3386D-01   0.0000D+00   0.0000D+00   0.0000D+00   0.4998D+00   0.0000D+00   0.8447D-01   0.0000D+00   0.1606D+00   0.0000D+00
   0.0000D+00   0.0000D+00   0.0000D+00   0.0000D+00   0.0000D+00   0.0000D+00   0.0000D+00   0.0000D+00
  -0.5831D+00   0.7431D-01  -0.5970D+00   0.4435D-01   0.4481D-01  -0.4202D-01  -0.4981D+00   0.3826D-02  -0.5831D+00   0.7431D-01  -0.5970D+00   0.4435D-01
   0.4639D+00  -0.1776D-01   0.8058D-01  -0.6057D-02   0.1068D+00  -0.4139D-01   0.1509D+00   0.0000D+00   0.3710D-01   0.3745D-02  -0.2118D-02   0.1226D-01   0.4639D+00  -0.1776D-01   0.8058D-01  -0.6057D-02   0.1068D+00  -0.4139D-01
  -0.1553D-02  -0.5408D-02  -0.3052D-02  -0.7403D-02  -0.1553D-02  -0.5408D-02  -0.3052D-02  -0.7403D-02
  1.000  2.000
  -0.5847D+00   0.0000D+00  -0.5416D+00   0.0000D+00   0.0000D+00   0.0000D+00  -0.4286D+00   0.0000D+00  -0.5847D+00   0.0000D+00  -0.5416D+00   0.0000D+00
   0.4998D+00   0.0000D+00   0.8447D-01   0.0000D+00   0.1606D+00   0.0000D+00   0.1524D+00   0.0000D+00   0.3386D-01   0.0000D+00   0.0000D+00   0.0000D+00   0.4998D+00   0.0000D+00   0.8447D-01   0.0000D+00   0.1606D+00   0.0000D+00
   0.0000D+00   0.0000D+00   0.0000D+00   0.0000D+00   0.0000D+00   0.0000D+00   0.0000D+00   0.0000D+00
  -0.5854D+00   0.6334D-01  -0.5907D+00   0.3781D-01   0.3819D-01  -0.3582D-01  -0.4893D+00   0.3261D-02  -0.5854D+00   0.6334D-01  -0.5907D+00   0.3781D-01
   0.4667D+00  -0.1640D-01   0.8089D-01  -0.5592D-02   0.1109D+00  -0.3822D-01   0.1511D+00   0.0000D+00   0.3686D-01   0.3458D-02  -0.1955D-02   0.1132D-01   0.4667D+00  -0.1640D-01   0.8089D-01  -0.5592D-02   0.1109D+00  -0.3822D-01
  -0.1434D-02  -0.4993D-02  -0.2818D-02  -0.6836D-02  -0.1434D-02  -0.4993D-02  -0.2818D-02  -0.6836D-02
  2.000  0.500
  -0.6445D+00   0.0000D+00  -0.5989D+00   0.0000D+00   0.0000D+00   0.0000D+00  -0.4715D+00   0.0000D+00  -0.6445D+00   0.0000D+00  -0.5989D+00   0.0000D+00
   0.4660D+00   0.0000D+00   0.7883D-01   0.0000D+00   0.1498D+00   0.0000D+00   0.1418D+00   0.0000D+00   0.3151D-01   0.0000D+00   0.0000D+00   0.0000D+00   0.4660D+00   0.0000D+00   0.7883D-01   0.0000D+00   0.1498D+00   0.0000D+00
   0.0000D+00   0.0000D+00   0.0000D+00   0.0000D+00   0.0000D+00   0.0000D+00   0.0000D+00   0.0000D+00
  -0.5795D+00   0.8257D-01  -0.6006D+00   0.4927D-01   0.5075D-01  -0.4656D-01  -0.5064D+00   0.4347D-02  -0.5795D+00   0.8257D-01  -0.6006D+00   0.4927D-01
   0.4644D+00  -0.1808D-01   0.8080D-01  -0.6172D-02   0.1053D+00  -0.4223D-01   0.1507D+00   0.0000D+00   0.3713D-01   0.3803D-02  -0.2194D-02   0.1245D-01   0.4644D+00  -0.1808D-01   0.8080D-01  -0.6172D-02   0.1053D+00  -0.4223D-01
  -0.1587D-02  -0.5505D-02  -0.3117D-02  -0.7531D-02  -0.1587D-02  -0.5505D-02  -0.3117D-02  -0.7531D-02
  2.000  1.000
  -0.5908D+00   0.0000D+00  -0.5490D+00   0.0000D+00   0.0000D+00   0.0000D+00  -0.4322D+00   0.0000D+00  -0.5908D+00   0.0000D+00  -0.5490D+00   0.0000D+00
   0.4660D+00   0.0000D+00   0.7883D-01   0.0000D+00   0.1498D+00   0.0000D+00   0.1418D+00   0.0000D+00   0.3151D-01   0.0000D+00   0.0000D+00   0.0000D+00   0.4660D+00   0.0000D+00   0.7883D-01   0.0000D+00   0.1498D+00   0.0000D+00
   0.0000D+00   0.0000D+00   0.0000D+00   0.0000D+00   0.0000D+00   0.0000D+00   0.0000D+00   0.0000D+00
  -0.5837D+00   0.6938D-01  -0.5946D+00   0.4140D-01   0.4264D-01  -0.3912D-01  -0.4963D+00   0.3653D-02  -0.5837D+00   0.6938D-01  -0.5946D+00   0.4140D-01
   0.4647D+00  -0.1657D-01   0.8066D-01  -0.5658D-02   0.1090D+00  -0.3871D-01   0.1500D+00   0.0000D+00   0.3667D-01   0.3486D-02  -0.2011D-02   0.1141D-01   0.4647D+00  -0.1657D-01   0.8066D-01  -0.5658D-02   0.1090D+00  -0.3871D-01
  -0.1455D-02  -0.5046D-02  -0.2858D-02  -0.6903D-02  -0.1455D-02  -0.5046D-02  -0.2858D-02  -0.6903D-02
  2.000  2.000
  -0.5455D+00   0.0000D+00  -0.5069D+00   0.0000D+00   0.0000D+00   0.0000D+00  -0.3990D+00   0.0000D+00  -0.5455D+00   0.0000D+00  -0.5069D+00   0.0000D+00
   0.4660D+00   0.0000D+00   0.7883D-01   0.0000D+00   0.1498D+00   0.0000D+00   0.1418D+00   0.0000D+00   0.3151D-01   0.0000D+00   0.0000D+00   0.0000D+00   0.4660D+00   0.0000D+00   0.7883D-01   0.0000D+00   0.1498D+00   0.0000D+00
   0.0000D+00   0.0000D+00   0.0000D+00   0.0000D+00   0.0000D+00   0.0000D+00   0.0000D+00   0.0000D+00
  -0.5799D+00   0.5914D-01  -0.5834D+00   0.3529D-01   0.3635D-01  -0.3335D-01  -0.4833D+00   0.3114D-02  -0.5799D+00   0.5914D-01  -0.5834D+00   0.3529D-01
   0.4649D+00  -0.1530D-01   0.8053D-01  -0.5224D-02   0.1122D+00  -0.3574D-01   0.1494D+00   0.0000D+00   0.3628D-01   0.3219D-02  -0.1857D-02   0.1053D-01   0.4649D+00  -0.1530D-01   0.8053D-01  -0.5224D-02   0.1122D+00  -0.3574D-01
  -0.1343D-02  -0.4659D-02  -0.2638D-02  -0.6374D-02  -0.1343D-02  -0.4659D-02  -0.2638D-02  -0.6374D-02
