 LHC=           1 sqrts=   8000.0000000000000      ang=           4 mode=fital                                                                                               scalescheme=           1 R=  0.69999999999999996     
 MSTW2008nlo68cl_rand1235                                                                                      47
 Bin information: chid, chiu, md, mu, mu0
   0.0000000000000000       0.50000000000000000        1101.0000000000000        1172.0000000000000        1136.5000000000000     
 9 scales(muf, mur)*(LO(38), NLO(38))
  0.500  0.500
  -0.7785D-01   0.0000D+00  -0.5336D-01   0.0000D+00   0.0000D+00   0.0000D+00  -0.2760D-01   0.0000D+00  -0.7785D-01   0.0000D+00  -0.5336D-01   0.0000D+00
   0.2115D+00   0.0000D+00   0.3234D-01   0.0000D+00   0.8771D-01   0.0000D+00   0.3795D-01   0.0000D+00   0.8432D-02   0.0000D+00   0.0000D+00   0.0000D+00   0.2115D+00   0.0000D+00   0.3234D-01   0.0000D+00   0.8771D-01   0.0000D+00
   0.0000D+00   0.0000D+00   0.0000D+00   0.0000D+00   0.0000D+00   0.0000D+00   0.0000D+00   0.0000D+00
  -0.6359D-01   0.6400D-02  -0.4667D-01   0.3706D-02   0.3470D-02  -0.2476D-02  -0.2431D-01   0.1148D-02  -0.6359D-01   0.6400D-02  -0.4667D-01   0.3706D-02
   0.1580D+00  -0.9615D-02   0.2480D-01  -0.2823D-02   0.4933D-01  -0.1699D-01   0.3188D-01   0.0000D+00   0.7892D-02   0.9244D-03  -0.1558D-02   0.3025D-02   0.1580D+00  -0.9615D-02   0.2480D-01  -0.2823D-02   0.4933D-01  -0.1699D-01
  -0.9813D-03  -0.2529D-02  -0.1098D-02  -0.2399D-02  -0.9813D-03  -0.2529D-02  -0.1098D-02  -0.2399D-02
  0.500  1.000
  -0.7193D-01   0.0000D+00  -0.4930D-01   0.0000D+00   0.0000D+00   0.0000D+00  -0.2550D-01   0.0000D+00  -0.7193D-01   0.0000D+00  -0.4930D-01   0.0000D+00
   0.2115D+00   0.0000D+00   0.3234D-01   0.0000D+00   0.8771D-01   0.0000D+00   0.3795D-01   0.0000D+00   0.8432D-02   0.0000D+00   0.0000D+00   0.0000D+00   0.2115D+00   0.0000D+00   0.3234D-01   0.0000D+00   0.8771D-01   0.0000D+00
   0.0000D+00   0.0000D+00   0.0000D+00   0.0000D+00   0.0000D+00   0.0000D+00   0.0000D+00   0.0000D+00
  -0.6505D-01   0.5463D-02  -0.4722D-01   0.3163D-02   0.2962D-02  -0.2114D-02  -0.2457D-01   0.9799D-03  -0.6505D-01   0.5463D-02  -0.4722D-01   0.3163D-02
   0.1621D+00  -0.8884D-02   0.2538D-01  -0.2608D-02   0.5226D-01  -0.1570D-01   0.3234D-01   0.0000D+00   0.7934D-02   0.8541D-03  -0.1439D-02   0.2795D-02   0.1621D+00  -0.8884D-02   0.2538D-01  -0.2608D-02   0.5226D-01  -0.1570D-01
  -0.9067D-03  -0.2337D-02  -0.1015D-02  -0.2216D-02  -0.9067D-03  -0.2337D-02  -0.1015D-02  -0.2216D-02
  0.500  2.000
  -0.6685D-01   0.0000D+00  -0.4582D-01   0.0000D+00   0.0000D+00   0.0000D+00  -0.2371D-01   0.0000D+00  -0.6685D-01   0.0000D+00  -0.4582D-01   0.0000D+00
   0.2115D+00   0.0000D+00   0.3234D-01   0.0000D+00   0.8771D-01   0.0000D+00   0.3795D-01   0.0000D+00   0.8432D-02   0.0000D+00   0.0000D+00   0.0000D+00   0.2115D+00   0.0000D+00   0.3234D-01   0.0000D+00   0.8771D-01   0.0000D+00
   0.0000D+00   0.0000D+00   0.0000D+00   0.0000D+00   0.0000D+00   0.0000D+00   0.0000D+00   0.0000D+00
  -0.6548D-01   0.4720D-02  -0.4716D-01   0.2733D-02   0.2560D-02  -0.1826D-02  -0.2452D-01   0.8466D-03  -0.6548D-01   0.4720D-02  -0.4716D-01   0.2733D-02
   0.1656D+00  -0.8257D-02   0.2587D-01  -0.2424D-02   0.5477D-01  -0.1459D-01   0.3274D-01   0.0000D+00   0.7970D-02   0.7939D-03  -0.1338D-02   0.2598D-02   0.1656D+00  -0.8257D-02   0.2587D-01  -0.2424D-02   0.5477D-01  -0.1459D-01
  -0.8427D-03  -0.2172D-02  -0.9430D-03  -0.2060D-02  -0.8427D-03  -0.2172D-02  -0.9430D-03  -0.2060D-02
  1.000  0.500
  -0.6882D-01   0.0000D+00  -0.4711D-01   0.0000D+00   0.0000D+00   0.0000D+00  -0.2428D-01   0.0000D+00  -0.6882D-01   0.0000D+00  -0.4711D-01   0.0000D+00
   0.1863D+00   0.0000D+00   0.2845D-01   0.0000D+00   0.7758D-01   0.0000D+00   0.3332D-01   0.0000D+00   0.7405D-02   0.0000D+00   0.0000D+00   0.0000D+00   0.1863D+00   0.0000D+00   0.2845D-01   0.0000D+00   0.7758D-01   0.0000D+00
   0.0000D+00   0.0000D+00   0.0000D+00   0.0000D+00   0.0000D+00   0.0000D+00   0.0000D+00   0.0000D+00
  -0.6467D-01   0.5642D-02  -0.4704D-01   0.3269D-02   0.3079D-02  -0.2178D-02  -0.2445D-01   0.1016D-02  -0.6467D-01   0.5642D-02  -0.4704D-01   0.3269D-02
   0.1623D+00  -0.8503D-02   0.2534D-01  -0.2493D-02   0.5311D-01  -0.1496D-01   0.3222D-01   0.0000D+00   0.7875D-02   0.8116D-03  -0.1347D-02   0.2656D-02   0.1623D+00  -0.8503D-02   0.2534D-01  -0.2493D-02   0.5311D-01  -0.1496D-01
  -0.8675D-03  -0.2231D-02  -0.9651D-03  -0.2109D-02  -0.8675D-03  -0.2231D-02  -0.9651D-03  -0.2109D-02
  1.000  1.000
  -0.6359D-01   0.0000D+00  -0.4353D-01   0.0000D+00   0.0000D+00   0.0000D+00  -0.2243D-01   0.0000D+00  -0.6359D-01   0.0000D+00  -0.4353D-01   0.0000D+00
   0.1863D+00   0.0000D+00   0.2845D-01   0.0000D+00   0.7758D-01   0.0000D+00   0.3332D-01   0.0000D+00   0.7405D-02   0.0000D+00   0.0000D+00   0.0000D+00   0.1863D+00   0.0000D+00   0.2845D-01   0.0000D+00   0.7758D-01   0.0000D+00
   0.0000D+00   0.0000D+00   0.0000D+00   0.0000D+00   0.0000D+00   0.0000D+00   0.0000D+00   0.0000D+00
  -0.6472D-01   0.4816D-02  -0.4667D-01   0.2791D-02   0.2629D-02  -0.1859D-02  -0.2423D-01   0.8675D-03  -0.6472D-01   0.4816D-02  -0.4667D-01   0.2791D-02
   0.1641D+00  -0.7856D-02   0.2558D-01  -0.2304D-02   0.5498D-01  -0.1382D-01   0.3231D-01   0.0000D+00   0.7840D-02   0.7498D-03  -0.1245D-02   0.2454D-02   0.1641D+00  -0.7856D-02   0.2558D-01  -0.2304D-02   0.5498D-01  -0.1382D-01
  -0.8015D-03  -0.2061D-02  -0.8917D-03  -0.1948D-02  -0.8015D-03  -0.2061D-02  -0.8917D-03  -0.1948D-02
  1.000  2.000
  -0.5910D-01   0.0000D+00  -0.4046D-01   0.0000D+00   0.0000D+00   0.0000D+00  -0.2085D-01   0.0000D+00  -0.5910D-01   0.0000D+00  -0.4046D-01   0.0000D+00
   0.1863D+00   0.0000D+00   0.2845D-01   0.0000D+00   0.7758D-01   0.0000D+00   0.3332D-01   0.0000D+00   0.7405D-02   0.0000D+00   0.0000D+00   0.0000D+00   0.1863D+00   0.0000D+00   0.2845D-01   0.0000D+00   0.7758D-01   0.0000D+00
   0.0000D+00   0.0000D+00   0.0000D+00   0.0000D+00   0.0000D+00   0.0000D+00   0.0000D+00   0.0000D+00
  -0.6412D-01   0.4161D-02  -0.4594D-01   0.2411D-02   0.2271D-02  -0.1606D-02  -0.2383D-01   0.7494D-03  -0.6412D-01   0.4161D-02  -0.4594D-01   0.2411D-02
   0.1657D+00  -0.7302D-02   0.2579D-01  -0.2141D-02   0.5658D-01  -0.1285D-01   0.3238D-01   0.0000D+00   0.7810D-02   0.6970D-03  -0.1157D-02   0.2281D-02   0.1657D+00  -0.7302D-02   0.2579D-01  -0.2141D-02   0.5658D-01  -0.1285D-01
  -0.7450D-03  -0.1916D-02  -0.8288D-03  -0.1811D-02  -0.7450D-03  -0.1916D-02  -0.8288D-03  -0.1811D-02
  2.000  0.500
  -0.6132D-01   0.0000D+00  -0.4186D-01   0.0000D+00   0.0000D+00   0.0000D+00  -0.2151D-01   0.0000D+00  -0.6132D-01   0.0000D+00  -0.4186D-01   0.0000D+00
   0.1656D+00   0.0000D+00   0.2524D-01   0.0000D+00   0.6911D-01   0.0000D+00   0.2949D-01   0.0000D+00   0.6554D-02   0.0000D+00   0.0000D+00   0.0000D+00   0.1656D+00   0.0000D+00   0.2524D-01   0.0000D+00   0.6911D-01   0.0000D+00
   0.0000D+00   0.0000D+00   0.0000D+00   0.0000D+00   0.0000D+00   0.0000D+00   0.0000D+00   0.0000D+00
  -0.6530D-01   0.5019D-02  -0.4718D-01   0.2908D-02   0.2709D-02  -0.1930D-02  -0.2456D-01   0.9075D-03  -0.6530D-01   0.5019D-02  -0.4718D-01   0.2908D-02
   0.1648D+00  -0.7577D-02   0.2574D-01  -0.2217D-02   0.5611D-01  -0.1329D-01   0.3245D-01   0.0000D+00   0.7835D-02   0.7185D-03  -0.1195D-02   0.2352D-02   0.1648D+00  -0.7577D-02   0.2574D-01  -0.2217D-02   0.5611D-01  -0.1329D-01
  -0.7751D-03  -0.1982D-02  -0.8568D-03  -0.1870D-02  -0.7751D-03  -0.1982D-02  -0.8568D-03  -0.1870D-02
  2.000  1.000
  -0.5666D-01   0.0000D+00  -0.3868D-01   0.0000D+00   0.0000D+00   0.0000D+00  -0.1988D-01   0.0000D+00  -0.5666D-01   0.0000D+00  -0.3868D-01   0.0000D+00
   0.1656D+00   0.0000D+00   0.2524D-01   0.0000D+00   0.6911D-01   0.0000D+00   0.2949D-01   0.0000D+00   0.6554D-02   0.0000D+00   0.0000D+00   0.0000D+00   0.1656D+00   0.0000D+00   0.2524D-01   0.0000D+00   0.6911D-01   0.0000D+00
   0.0000D+00   0.0000D+00   0.0000D+00   0.0000D+00   0.0000D+00   0.0000D+00   0.0000D+00   0.0000D+00
  -0.6422D-01   0.4284D-02  -0.4606D-01   0.2482D-02   0.2313D-02  -0.1648D-02  -0.2394D-01   0.7747D-03  -0.6422D-01   0.4284D-02  -0.4606D-01   0.2482D-02
   0.1649D+00  -0.7000D-02   0.2571D-01  -0.2048D-02   0.5711D-01  -0.1228D-01   0.3222D-01   0.0000D+00   0.7738D-02   0.6639D-03  -0.1104D-02   0.2173D-02   0.1649D+00  -0.7000D-02   0.2571D-01  -0.2048D-02   0.5711D-01  -0.1228D-01
  -0.7161D-03  -0.1831D-02  -0.7916D-03  -0.1728D-02  -0.7161D-03  -0.1831D-02  -0.7916D-03  -0.1728D-02
  2.000  2.000
  -0.5266D-01   0.0000D+00  -0.3595D-01   0.0000D+00   0.0000D+00   0.0000D+00  -0.1848D-01   0.0000D+00  -0.5266D-01   0.0000D+00  -0.3595D-01   0.0000D+00
   0.1656D+00   0.0000D+00   0.2524D-01   0.0000D+00   0.6911D-01   0.0000D+00   0.2949D-01   0.0000D+00   0.6554D-02   0.0000D+00   0.0000D+00   0.0000D+00   0.1656D+00   0.0000D+00   0.2524D-01   0.0000D+00   0.6911D-01   0.0000D+00
   0.0000D+00   0.0000D+00   0.0000D+00   0.0000D+00   0.0000D+00   0.0000D+00   0.0000D+00   0.0000D+00
  -0.6280D-01   0.3701D-02  -0.4479D-01   0.2144D-02   0.1999D-02  -0.1423D-02  -0.2325D-01   0.6693D-03  -0.6280D-01   0.3701D-02  -0.4479D-01   0.2144D-02
   0.1650D+00  -0.6507D-02   0.2568D-01  -0.1904D-02   0.5796D-01  -0.1142D-01   0.3203D-01   0.0000D+00   0.7656D-02   0.6171D-03  -0.1026D-02   0.2020D-02   0.1650D+00  -0.6507D-02   0.2568D-01  -0.1904D-02   0.5796D-01  -0.1142D-01
  -0.6656D-03  -0.1702D-02  -0.7358D-03  -0.1606D-02  -0.6656D-03  -0.1702D-02  -0.7358D-03  -0.1606D-02
