 LHC=           1 sqrts=   8000.0000000000000      ang=           4 mode=fital                                                                                               scalescheme=           1 R=  0.69999999999999996     
 CT10nlo_rand5678                                                                                             492
 Bin information: chid, chiu, md, mu, mu0
   0.0000000000000000       0.50000000000000000        300.00000000000000        330.00000000000000        315.00000000000000     
 9 scales(muf, mur)*(LO(38), NLO(38))
  0.500  0.500
  -0.2066D+01   0.0000D+00  -0.2332D+01   0.0000D+00   0.0000D+00   0.0000D+00  -0.2123D+01   0.0000D+00  -0.2066D+01   0.0000D+00  -0.2332D+01   0.0000D+00
   0.5961D+00   0.0000D+00   0.1049D+00   0.0000D+00   0.1658D+00   0.0000D+00   0.2118D+00   0.0000D+00   0.4707D-01   0.0000D+00   0.0000D+00   0.0000D+00   0.5961D+00   0.0000D+00   0.1049D+00   0.0000D+00   0.1658D+00   0.0000D+00
   0.0000D+00   0.0000D+00   0.0000D+00   0.0000D+00   0.0000D+00   0.0000D+00   0.0000D+00   0.0000D+00
  -0.1495D+01   0.3462D+00  -0.1975D+01   0.2068D+00   0.2050D+00  -0.2213D+00  -0.1933D+01   0.7119D-03  -0.1495D+01   0.3462D+00  -0.1975D+01   0.2068D+00
   0.5978D+00  -0.2109D-01   0.1079D+00  -0.7887D-02   0.1082D+00  -0.5741D-01   0.2168D+00   0.0000D+00   0.5431D-01   0.5990D-02  -0.2889D-02   0.1960D-01   0.5978D+00  -0.2109D-01   0.1079D+00  -0.7887D-02   0.1082D+00  -0.5741D-01
  -0.1586D-02  -0.7083D-02  -0.4266D-02  -0.1121D-01  -0.1586D-02  -0.7083D-02  -0.4266D-02  -0.1121D-01
  0.500  1.000
  -0.1884D+01   0.0000D+00  -0.2128D+01   0.0000D+00   0.0000D+00   0.0000D+00  -0.1937D+01   0.0000D+00  -0.1884D+01   0.0000D+00  -0.2128D+01   0.0000D+00
   0.5961D+00   0.0000D+00   0.1049D+00   0.0000D+00   0.1658D+00   0.0000D+00   0.2118D+00   0.0000D+00   0.4707D-01   0.0000D+00   0.0000D+00   0.0000D+00   0.5961D+00   0.0000D+00   0.1049D+00   0.0000D+00   0.1658D+00   0.0000D+00
   0.0000D+00   0.0000D+00   0.0000D+00   0.0000D+00   0.0000D+00   0.0000D+00   0.0000D+00   0.0000D+00
  -0.1569D+01   0.2880D+00  -0.2010D+01   0.1721D+00   0.1706D+00  -0.1841D+00  -0.1943D+01   0.5931D-03  -0.1569D+01   0.2880D+00  -0.2010D+01   0.1721D+00
   0.5981D+00  -0.1924D-01   0.1077D+00  -0.7194D-02   0.1134D+00  -0.5237D-01   0.2165D+00   0.0000D+00   0.5370D-01   0.5464D-02  -0.2634D-02   0.1788D-01   0.5981D+00  -0.1924D-01   0.1077D+00  -0.7194D-02   0.1134D+00  -0.5237D-01
  -0.1447D-02  -0.6461D-02  -0.3891D-02  -0.1022D-01  -0.1447D-02  -0.6461D-02  -0.3891D-02  -0.1022D-01
  0.500  2.000
  -0.1733D+01   0.0000D+00  -0.1957D+01   0.0000D+00   0.0000D+00   0.0000D+00  -0.1781D+01   0.0000D+00  -0.1733D+01   0.0000D+00  -0.1957D+01   0.0000D+00
   0.5961D+00   0.0000D+00   0.1049D+00   0.0000D+00   0.1658D+00   0.0000D+00   0.2118D+00   0.0000D+00   0.4707D-01   0.0000D+00   0.0000D+00   0.0000D+00   0.5961D+00   0.0000D+00   0.1049D+00   0.0000D+00   0.1658D+00   0.0000D+00
   0.0000D+00   0.0000D+00   0.0000D+00   0.0000D+00   0.0000D+00   0.0000D+00   0.0000D+00   0.0000D+00
  -0.1601D+01   0.2436D+00  -0.2010D+01   0.1455D+00   0.1442D+00  -0.1557D+00  -0.1924D+01   0.5021D-03  -0.1601D+01   0.2436D+00  -0.2010D+01   0.1455D+00
   0.5983D+00  -0.1769D-01   0.1076D+00  -0.6616D-02   0.1177D+00  -0.4816D-01   0.2162D+00   0.0000D+00   0.5319D-01   0.5025D-02  -0.2421D-02   0.1645D-01   0.5983D+00  -0.1769D-01   0.1076D+00  -0.6616D-02   0.1177D+00  -0.4816D-01
  -0.1330D-02  -0.5942D-02  -0.3579D-02  -0.9400D-02  -0.1330D-02  -0.5942D-02  -0.3579D-02  -0.9400D-02
  1.000  0.500
  -0.1986D+01   0.0000D+00  -0.2238D+01   0.0000D+00   0.0000D+00   0.0000D+00  -0.2040D+01   0.0000D+00  -0.1986D+01   0.0000D+00  -0.2238D+01   0.0000D+00
   0.5718D+00   0.0000D+00   0.1006D+00   0.0000D+00   0.1589D+00   0.0000D+00   0.2039D+00   0.0000D+00   0.4532D-01   0.0000D+00   0.0000D+00   0.0000D+00   0.5718D+00   0.0000D+00   0.1006D+00   0.0000D+00   0.1589D+00   0.0000D+00
   0.0000D+00   0.0000D+00   0.0000D+00   0.0000D+00   0.0000D+00   0.0000D+00   0.0000D+00   0.0000D+00
  -0.1518D+01   0.3334D+00  -0.1980D+01   0.1994D+00   0.1930D+00  -0.2125D+00  -0.1943D+01   0.9270D-03  -0.1518D+01   0.3334D+00  -0.1980D+01   0.1994D+00
   0.5899D+00  -0.2023D-01   0.1060D+00  -0.7538D-02   0.1077D+00  -0.5510D-01   0.2139D+00   0.0000D+00   0.5338D-01   0.5764D-02  -0.2206D-02   0.1886D-01   0.5899D+00  -0.2023D-01   0.1060D+00  -0.7538D-02   0.1077D+00  -0.5510D-01
  -0.1523D-02  -0.6703D-02  -0.4125D-02  -0.1077D-01  -0.1523D-02  -0.6703D-02  -0.4125D-02  -0.1077D-01
  1.000  1.000
  -0.1811D+01   0.0000D+00  -0.2041D+01   0.0000D+00   0.0000D+00   0.0000D+00  -0.1861D+01   0.0000D+00  -0.1811D+01   0.0000D+00  -0.2041D+01   0.0000D+00
   0.5718D+00   0.0000D+00   0.1006D+00   0.0000D+00   0.1589D+00   0.0000D+00   0.2039D+00   0.0000D+00   0.4532D-01   0.0000D+00   0.0000D+00   0.0000D+00   0.5718D+00   0.0000D+00   0.1006D+00   0.0000D+00   0.1589D+00   0.0000D+00
   0.0000D+00   0.0000D+00   0.0000D+00   0.0000D+00   0.0000D+00   0.0000D+00   0.0000D+00   0.0000D+00
  -0.1575D+01   0.2774D+00  -0.1999D+01   0.1659D+00   0.1606D+00  -0.1768D+00  -0.1938D+01   0.7720D-03  -0.1575D+01   0.2774D+00  -0.1999D+01   0.1659D+00
   0.5887D+00  -0.1846D-01   0.1056D+00  -0.6876D-02   0.1123D+00  -0.5026D-01   0.2131D+00   0.0000D+00   0.5270D-01   0.5258D-02  -0.2011D-02   0.1721D-01   0.5887D+00  -0.1846D-01   0.1056D+00  -0.6876D-02   0.1123D+00  -0.5026D-01
  -0.1389D-02  -0.6114D-02  -0.3763D-02  -0.9822D-02  -0.1389D-02  -0.6114D-02  -0.3763D-02  -0.9822D-02
  1.000  2.000
  -0.1666D+01   0.0000D+00  -0.1877D+01   0.0000D+00   0.0000D+00   0.0000D+00  -0.1711D+01   0.0000D+00  -0.1666D+01   0.0000D+00  -0.1877D+01   0.0000D+00
   0.5718D+00   0.0000D+00   0.1006D+00   0.0000D+00   0.1589D+00   0.0000D+00   0.2039D+00   0.0000D+00   0.4532D-01   0.0000D+00   0.0000D+00   0.0000D+00   0.5718D+00   0.0000D+00   0.1006D+00   0.0000D+00   0.1589D+00   0.0000D+00
   0.0000D+00   0.0000D+00   0.0000D+00   0.0000D+00   0.0000D+00   0.0000D+00   0.0000D+00   0.0000D+00
  -0.1595D+01   0.2346D+00  -0.1988D+01   0.1403D+00   0.1358D+00  -0.1496D+00  -0.1910D+01   0.6534D-03  -0.1595D+01   0.2346D+00  -0.1988D+01   0.1403D+00
   0.5876D+00  -0.1697D-01   0.1052D+00  -0.6324D-02   0.1161D+00  -0.4622D-01   0.2124D+00   0.0000D+00   0.5213D-01   0.4835D-02  -0.1848D-02   0.1582D-01   0.5876D+00  -0.1697D-01   0.1052D+00  -0.6324D-02   0.1161D+00  -0.4622D-01
  -0.1277D-02  -0.5623D-02  -0.3460D-02  -0.9033D-02  -0.1277D-02  -0.5623D-02  -0.3460D-02  -0.9033D-02
  2.000  0.500
  -0.1894D+01   0.0000D+00  -0.2156D+01   0.0000D+00   0.0000D+00   0.0000D+00  -0.1957D+01   0.0000D+00  -0.1894D+01   0.0000D+00  -0.2156D+01   0.0000D+00
   0.5475D+00   0.0000D+00   0.9668D-01   0.0000D+00   0.1524D+00   0.0000D+00   0.1957D+00   0.0000D+00   0.4349D-01   0.0000D+00   0.0000D+00   0.0000D+00   0.5475D+00   0.0000D+00   0.9668D-01   0.0000D+00   0.1524D+00   0.0000D+00
   0.0000D+00   0.0000D+00   0.0000D+00   0.0000D+00   0.0000D+00   0.0000D+00   0.0000D+00   0.0000D+00
  -0.1522D+01   0.3208D+00  -0.2008D+01   0.1911D+00   0.1916D+00  -0.2037D+00  -0.1969D+01   0.1125D-02  -0.1522D+01   0.3208D+00  -0.2008D+01   0.1911D+00
   0.5824D+00  -0.1941D-01   0.1050D+00  -0.7233D-02   0.1101D+00  -0.5283D-01   0.2131D+00   0.0000D+00   0.5293D-01   0.5536D-02  -0.2081D-02   0.1812D-01   0.5824D+00  -0.1941D-01   0.1050D+00  -0.7233D-02   0.1101D+00  -0.5283D-01
  -0.1470D-02  -0.6354D-02  -0.3979D-02  -0.1032D-01  -0.1470D-02  -0.6354D-02  -0.3979D-02  -0.1032D-01
  2.000  1.000
  -0.1728D+01   0.0000D+00  -0.1967D+01   0.0000D+00   0.0000D+00   0.0000D+00  -0.1785D+01   0.0000D+00  -0.1728D+01   0.0000D+00  -0.1967D+01   0.0000D+00
   0.5475D+00   0.0000D+00   0.9668D-01   0.0000D+00   0.1524D+00   0.0000D+00   0.1957D+00   0.0000D+00   0.4349D-01   0.0000D+00   0.0000D+00   0.0000D+00   0.5475D+00   0.0000D+00   0.9668D-01   0.0000D+00   0.1524D+00   0.0000D+00
   0.0000D+00   0.0000D+00   0.0000D+00   0.0000D+00   0.0000D+00   0.0000D+00   0.0000D+00   0.0000D+00
  -0.1564D+01   0.2669D+00  -0.2010D+01   0.1590D+00   0.1594D+00  -0.1695D+00  -0.1946D+01   0.9364D-03  -0.1564D+01   0.2669D+00  -0.2010D+01   0.1590D+00
   0.5794D+00  -0.1770D-01   0.1042D+00  -0.6598D-02   0.1138D+00  -0.4819D-01   0.2116D+00   0.0000D+00   0.5211D-01   0.5050D-02  -0.1896D-02   0.1653D-01   0.5794D+00  -0.1770D-01   0.1042D+00  -0.6598D-02   0.1138D+00  -0.4819D-01
  -0.1341D-02  -0.5796D-02  -0.3629D-02  -0.9411D-02  -0.1341D-02  -0.5796D-02  -0.3629D-02  -0.9411D-02
  2.000  2.000
  -0.1589D+01   0.0000D+00  -0.1809D+01   0.0000D+00   0.0000D+00   0.0000D+00  -0.1641D+01   0.0000D+00  -0.1589D+01   0.0000D+00  -0.1809D+01   0.0000D+00
   0.5475D+00   0.0000D+00   0.9668D-01   0.0000D+00   0.1524D+00   0.0000D+00   0.1957D+00   0.0000D+00   0.4349D-01   0.0000D+00   0.0000D+00   0.0000D+00   0.5475D+00   0.0000D+00   0.9668D-01   0.0000D+00   0.1524D+00   0.0000D+00
   0.0000D+00   0.0000D+00   0.0000D+00   0.0000D+00   0.0000D+00   0.0000D+00   0.0000D+00   0.0000D+00
  -0.1574D+01   0.2258D+00  -0.1986D+01   0.1345D+00   0.1348D+00  -0.1434D+00  -0.1905D+01   0.7924D-03  -0.1574D+01   0.2258D+00  -0.1986D+01   0.1345D+00
   0.5772D+00  -0.1628D-01   0.1037D+00  -0.6068D-02   0.1170D+00  -0.4432D-01   0.2104D+00   0.0000D+00   0.5144D-01   0.4644D-02  -0.1743D-02   0.1520D-01   0.5772D+00  -0.1628D-01   0.1037D+00  -0.6068D-02   0.1170D+00  -0.4432D-01
  -0.1233D-02  -0.5331D-02  -0.3338D-02  -0.8654D-02  -0.1233D-02  -0.5331D-02  -0.3338D-02  -0.8654D-02
