 LHC=           1 sqrts=   8000.0000000000000      ang=           4 mode=fital                                                                                               scalescheme=           1 R=  0.69999999999999996     
 CT10nlo_rand5678                                                                                             159
 Bin information: chid, chiu, md, mu, mu0
   0.0000000000000000       0.50000000000000000        2500.0000000000000        2750.0000000000000        2625.0000000000000     
 9 scales(muf, mur)*(LO(38), NLO(38))
  0.500  0.500
  -0.7465D-04   0.0000D+00  -0.5068D-04   0.0000D+00   0.0000D+00   0.0000D+00  -0.2125D-04   0.0000D+00  -0.7465D-04   0.0000D+00  -0.5068D-04   0.0000D+00
   0.1102D-02   0.0000D+00   0.1653D-03   0.0000D+00   0.4776D-03   0.0000D+00   0.1533D-03   0.0000D+00   0.3407D-04   0.0000D+00   0.0000D+00   0.0000D+00   0.1102D-02   0.0000D+00   0.1653D-03   0.0000D+00   0.4776D-03   0.0000D+00
   0.0000D+00   0.0000D+00   0.0000D+00   0.0000D+00   0.0000D+00   0.0000D+00   0.0000D+00   0.0000D+00
  -0.7180D-04   0.5377D-05  -0.4911D-04   0.2984D-05   0.1326D-05  -0.1714D-05  -0.1971D-04   0.1226D-05  -0.7180D-04   0.5377D-05  -0.4911D-04   0.2984D-05
   0.8958D-03  -0.4707D-04   0.1355D-03  -0.1349D-04   0.3295D-03  -0.7919D-04   0.1341D-03   0.0000D+00   0.3294D-04   0.3358D-05  -0.3816D-05   0.1099D-04   0.8958D-03  -0.4707D-04   0.1355D-03  -0.1349D-04   0.3295D-03  -0.7919D-04
  -0.5220D-05  -0.1189D-04  -0.5106D-05  -0.1024D-04  -0.5220D-05  -0.1189D-04  -0.5106D-05  -0.1024D-04
  0.500  1.000
  -0.6952D-04   0.0000D+00  -0.4720D-04   0.0000D+00   0.0000D+00   0.0000D+00  -0.1979D-04   0.0000D+00  -0.6952D-04   0.0000D+00  -0.4720D-04   0.0000D+00
   0.1102D-02   0.0000D+00   0.1653D-03   0.0000D+00   0.4776D-03   0.0000D+00   0.1533D-03   0.0000D+00   0.3407D-04   0.0000D+00   0.0000D+00   0.0000D+00   0.1102D-02   0.0000D+00   0.1653D-03   0.0000D+00   0.4776D-03   0.0000D+00
   0.0000D+00   0.0000D+00   0.0000D+00   0.0000D+00   0.0000D+00   0.0000D+00   0.0000D+00   0.0000D+00
  -0.7168D-04   0.4664D-05  -0.4898D-04   0.2588D-05   0.1150D-05  -0.1487D-05  -0.1978D-04   0.1063D-05  -0.7168D-04   0.4664D-05  -0.4898D-04   0.2588D-05
   0.9100D-03  -0.4383D-04   0.1375D-03  -0.1257D-04   0.3397D-03  -0.7375D-04   0.1354D-03   0.0000D+00   0.3302D-04   0.3127D-05  -0.3554D-05   0.1023D-04   0.9100D-03  -0.4383D-04   0.1375D-03  -0.1257D-04   0.3397D-03  -0.7375D-04
  -0.4861D-05  -0.1108D-04  -0.4755D-05  -0.9539D-05  -0.4861D-05  -0.1108D-04  -0.4755D-05  -0.9539D-05
  0.500  2.000
  -0.6506D-04   0.0000D+00  -0.4417D-04   0.0000D+00   0.0000D+00   0.0000D+00  -0.1852D-04   0.0000D+00  -0.6506D-04   0.0000D+00  -0.4417D-04   0.0000D+00
   0.1102D-02   0.0000D+00   0.1653D-03   0.0000D+00   0.4776D-03   0.0000D+00   0.1533D-03   0.0000D+00   0.3407D-04   0.0000D+00   0.0000D+00   0.0000D+00   0.1102D-02   0.0000D+00   0.1653D-03   0.0000D+00   0.4776D-03   0.0000D+00
   0.0000D+00   0.0000D+00   0.0000D+00   0.0000D+00   0.0000D+00   0.0000D+00   0.0000D+00   0.0000D+00
  -0.7101D-04   0.4084D-05  -0.4848D-04   0.2267D-05   0.1007D-05  -0.1302D-05  -0.1966D-04   0.9311D-06  -0.7101D-04   0.4084D-05  -0.4848D-04   0.2267D-05
   0.9223D-03  -0.4102D-04   0.1393D-03  -0.1176D-04   0.3486D-03  -0.6902D-04   0.1366D-03   0.0000D+00   0.3308D-04   0.2927D-05  -0.3326D-05   0.9578D-05   0.9223D-03  -0.4102D-04   0.1393D-03  -0.1176D-04   0.3486D-03  -0.6902D-04
  -0.4549D-05  -0.1037D-04  -0.4450D-05  -0.8927D-05  -0.4549D-05  -0.1037D-04  -0.4450D-05  -0.8927D-05
  1.000  0.500
  -0.5972D-04   0.0000D+00  -0.4073D-04   0.0000D+00   0.0000D+00   0.0000D+00  -0.1712D-04   0.0000D+00  -0.5972D-04   0.0000D+00  -0.4073D-04   0.0000D+00
   0.8838D-03   0.0000D+00   0.1327D-03   0.0000D+00   0.3819D-03   0.0000D+00   0.1236D-03   0.0000D+00   0.2747D-04   0.0000D+00   0.0000D+00   0.0000D+00   0.8838D-03   0.0000D+00   0.1327D-03   0.0000D+00   0.3819D-03   0.0000D+00
   0.0000D+00   0.0000D+00   0.0000D+00   0.0000D+00   0.0000D+00   0.0000D+00   0.0000D+00   0.0000D+00
  -0.7077D-04   0.4322D-05  -0.4837D-04   0.2395D-05   0.1061D-05  -0.1380D-05  -0.1961D-04   0.9823D-06  -0.7077D-04   0.4322D-05  -0.4837D-04   0.2395D-05
   0.9133D-03  -0.3765D-04   0.1378D-03  -0.1081D-04   0.3482D-03  -0.6354D-04   0.1348D-03   0.0000D+00   0.3250D-04   0.2707D-05  -0.3005D-05   0.8861D-05   0.9133D-03  -0.3765D-04   0.1378D-03  -0.1081D-04   0.3482D-03  -0.6354D-04
  -0.4177D-05  -0.9530D-05  -0.4108D-05  -0.8244D-05  -0.4177D-05  -0.9530D-05  -0.4108D-05  -0.8244D-05
  1.000  1.000
  -0.5562D-04   0.0000D+00  -0.3793D-04   0.0000D+00   0.0000D+00   0.0000D+00  -0.1595D-04   0.0000D+00  -0.5562D-04   0.0000D+00  -0.3793D-04   0.0000D+00
   0.8838D-03   0.0000D+00   0.1327D-03   0.0000D+00   0.3819D-03   0.0000D+00   0.1236D-03   0.0000D+00   0.2747D-04   0.0000D+00   0.0000D+00   0.0000D+00   0.8838D-03   0.0000D+00   0.1327D-03   0.0000D+00   0.3819D-03   0.0000D+00
   0.0000D+00   0.0000D+00   0.0000D+00   0.0000D+00   0.0000D+00   0.0000D+00   0.0000D+00   0.0000D+00
  -0.6890D-04   0.3749D-05  -0.4709D-04   0.2077D-05   0.9199D-06  -0.1197D-05  -0.1917D-04   0.8519D-06  -0.6890D-04   0.3749D-05  -0.4709D-04   0.2077D-05
   0.9113D-03  -0.3506D-04   0.1375D-03  -0.1007D-04   0.3505D-03  -0.5918D-04   0.1341D-03   0.0000D+00   0.3216D-04   0.2522D-05  -0.2799D-05   0.8252D-05   0.9113D-03  -0.3506D-04   0.1375D-03  -0.1007D-04   0.3505D-03  -0.5918D-04
  -0.3890D-05  -0.8875D-05  -0.3825D-05  -0.7677D-05  -0.3890D-05  -0.8875D-05  -0.3825D-05  -0.7677D-05
  1.000  2.000
  -0.5205D-04   0.0000D+00  -0.3550D-04   0.0000D+00   0.0000D+00   0.0000D+00  -0.1492D-04   0.0000D+00  -0.5205D-04   0.0000D+00  -0.3550D-04   0.0000D+00
   0.8838D-03   0.0000D+00   0.1327D-03   0.0000D+00   0.3819D-03   0.0000D+00   0.1236D-03   0.0000D+00   0.2747D-04   0.0000D+00   0.0000D+00   0.0000D+00   0.8838D-03   0.0000D+00   0.1327D-03   0.0000D+00   0.3819D-03   0.0000D+00
   0.0000D+00   0.0000D+00   0.0000D+00   0.0000D+00   0.0000D+00   0.0000D+00   0.0000D+00   0.0000D+00
  -0.6693D-04   0.3283D-05  -0.4573D-04   0.1819D-05   0.8057D-06  -0.1049D-05  -0.1867D-04   0.7461D-06  -0.6693D-04   0.3283D-05  -0.4573D-04   0.1819D-05
   0.9096D-03  -0.3281D-04   0.1372D-03  -0.9421D-05   0.3525D-03  -0.5538D-04   0.1334D-03   0.0000D+00   0.3186D-04   0.2360D-05  -0.2619D-05   0.7723D-05   0.9096D-03  -0.3281D-04   0.1372D-03  -0.9421D-05   0.3525D-03  -0.5538D-04
  -0.3641D-05  -0.8306D-05  -0.3580D-05  -0.7185D-05  -0.3641D-05  -0.8306D-05  -0.3580D-05  -0.7185D-05
  2.000  0.500
  -0.4849D-04   0.0000D+00  -0.3319D-04   0.0000D+00   0.0000D+00   0.0000D+00  -0.1399D-04   0.0000D+00  -0.4849D-04   0.0000D+00  -0.3319D-04   0.0000D+00
   0.7189D-03   0.0000D+00   0.1082D-03   0.0000D+00   0.3099D-03   0.0000D+00   0.1011D-03   0.0000D+00   0.2246D-04   0.0000D+00   0.0000D+00   0.0000D+00   0.7189D-03   0.0000D+00   0.1082D-03   0.0000D+00   0.3099D-03   0.0000D+00
   0.0000D+00   0.0000D+00   0.0000D+00   0.0000D+00   0.0000D+00   0.0000D+00   0.0000D+00   0.0000D+00
  -0.6838D-04   0.3524D-05  -0.4676D-04   0.1949D-05   0.8581D-06  -0.1128D-05  -0.1908D-04   0.7988D-06  -0.6838D-04   0.3524D-05  -0.4676D-04   0.1949D-05
   0.9029D-03  -0.3054D-04   0.1362D-03  -0.8783D-05   0.3522D-03  -0.5171D-04   0.1322D-03   0.0000D+00   0.3150D-04   0.2214D-05  -0.2419D-05   0.7245D-05   0.9029D-03  -0.3054D-04   0.1362D-03  -0.8783D-05   0.3522D-03  -0.5171D-04
  -0.3392D-05  -0.7748D-05  -0.3353D-05  -0.6721D-05  -0.3392D-05  -0.7748D-05  -0.3353D-05  -0.6721D-05
  2.000  1.000
  -0.4516D-04   0.0000D+00  -0.3091D-04   0.0000D+00   0.0000D+00   0.0000D+00  -0.1303D-04   0.0000D+00  -0.4516D-04   0.0000D+00  -0.3091D-04   0.0000D+00
   0.7189D-03   0.0000D+00   0.1082D-03   0.0000D+00   0.3099D-03   0.0000D+00   0.1011D-03   0.0000D+00   0.2246D-04   0.0000D+00   0.0000D+00   0.0000D+00   0.7189D-03   0.0000D+00   0.1082D-03   0.0000D+00   0.3099D-03   0.0000D+00
   0.0000D+00   0.0000D+00   0.0000D+00   0.0000D+00   0.0000D+00   0.0000D+00   0.0000D+00   0.0000D+00
  -0.6542D-04   0.3056D-05  -0.4474D-04   0.1691D-05   0.7443D-06  -0.9782D-06  -0.1831D-04   0.6928D-06  -0.6542D-04   0.3056D-05  -0.4474D-04   0.1691D-05
   0.8903D-03  -0.2845D-04   0.1343D-03  -0.8180D-05   0.3493D-03  -0.4816D-04   0.1300D-03   0.0000D+00   0.3088D-04   0.2062D-05  -0.2253D-05   0.6747D-05   0.8903D-03  -0.2845D-04   0.1343D-03  -0.8180D-05   0.3493D-03  -0.4816D-04
  -0.3159D-05  -0.7216D-05  -0.3122D-05  -0.6260D-05  -0.3159D-05  -0.7216D-05  -0.3122D-05  -0.6260D-05
  2.000  2.000
  -0.4227D-04   0.0000D+00  -0.2893D-04   0.0000D+00   0.0000D+00   0.0000D+00  -0.1219D-04   0.0000D+00  -0.4227D-04   0.0000D+00  -0.2893D-04   0.0000D+00
   0.7189D-03   0.0000D+00   0.1082D-03   0.0000D+00   0.3099D-03   0.0000D+00   0.1011D-03   0.0000D+00   0.2246D-04   0.0000D+00   0.0000D+00   0.0000D+00   0.7189D-03   0.0000D+00   0.1082D-03   0.0000D+00   0.3099D-03   0.0000D+00
   0.0000D+00   0.0000D+00   0.0000D+00   0.0000D+00   0.0000D+00   0.0000D+00   0.0000D+00   0.0000D+00
  -0.6264D-04   0.2677D-05  -0.4284D-04   0.1481D-05   0.6519D-06  -0.8568D-06  -0.1758D-04   0.6068D-06  -0.6264D-04   0.2677D-05  -0.4284D-04   0.1481D-05
   0.8793D-03  -0.2662D-04   0.1327D-03  -0.7655D-05   0.3468D-03  -0.4507D-04   0.1282D-03   0.0000D+00   0.3034D-04   0.1929D-05  -0.2109D-05   0.6314D-05   0.8793D-03  -0.2662D-04   0.1327D-03  -0.7655D-05   0.3468D-03  -0.4507D-04
  -0.2956D-05  -0.6753D-05  -0.2922D-05  -0.5858D-05  -0.2956D-05  -0.6753D-05  -0.2922D-05  -0.5858D-05
