 LHC=           1 sqrts=   8000.0000000000000      ang=           4 mode=fital                                                                                               scalescheme=           1 R=  0.69999999999999996     
 CT10nlo_rand5678                                                                                               9
 Bin information: chid, chiu, md, mu, mu0
   0.0000000000000000       0.50000000000000000        1588.0000000000000        1784.0000000000000        1686.0000000000000     
 9 scales(muf, mur)*(LO(38), NLO(38))
  0.500  0.500
  -0.1730D-01   0.0000D+00  -0.1127D-01   0.0000D+00   0.0000D+00   0.0000D+00  -0.4921D-02   0.0000D+00  -0.1730D-01   0.0000D+00  -0.1127D-01   0.0000D+00
   0.9983D-01   0.0000D+00   0.1484D-01   0.0000D+00   0.4414D-01   0.0000D+00   0.1426D-01   0.0000D+00   0.3170D-02   0.0000D+00   0.0000D+00   0.0000D+00   0.9983D-01   0.0000D+00   0.1484D-01   0.0000D+00   0.4414D-01   0.0000D+00
   0.0000D+00   0.0000D+00   0.0000D+00   0.0000D+00   0.0000D+00   0.0000D+00   0.0000D+00   0.0000D+00
  -0.1494D-01   0.1259D-02  -0.1014D-01   0.7181D-03   0.5058D-03  -0.4164D-03  -0.4322D-02   0.2757D-03  -0.1494D-01   0.1259D-02  -0.1014D-01   0.7181D-03
   0.7456D-01  -0.4564D-02   0.1131D-01  -0.1294D-02   0.2652D-01  -0.7509D-02   0.1188D-01   0.0000D+00   0.2942D-02   0.3277D-03  -0.6221D-03   0.1073D-02   0.7456D-01  -0.4564D-02   0.1131D-01  -0.1294D-02   0.2652D-01  -0.7509D-02
  -0.4919D-03  -0.1157D-02  -0.4740D-03  -0.9756D-03  -0.4919D-03  -0.1157D-02  -0.4740D-03  -0.9756D-03
  0.500  1.000
  -0.1606D-01   0.0000D+00  -0.1046D-01   0.0000D+00   0.0000D+00   0.0000D+00  -0.4567D-02   0.0000D+00  -0.1606D-01   0.0000D+00  -0.1046D-01   0.0000D+00
   0.9983D-01   0.0000D+00   0.1484D-01   0.0000D+00   0.4414D-01   0.0000D+00   0.1426D-01   0.0000D+00   0.3170D-02   0.0000D+00   0.0000D+00   0.0000D+00   0.9983D-01   0.0000D+00   0.1484D-01   0.0000D+00   0.4414D-01   0.0000D+00
   0.0000D+00   0.0000D+00   0.0000D+00   0.0000D+00   0.0000D+00   0.0000D+00   0.0000D+00   0.0000D+00
  -0.1514D-01   0.1084D-02  -0.1022D-01   0.6185D-03   0.4357D-03  -0.3586D-03  -0.4369D-02   0.2374D-03  -0.1514D-01   0.1084D-02  -0.1022D-01   0.6185D-03
   0.7639D-01  -0.4236D-02   0.1157D-01  -0.1201D-02   0.2779D-01  -0.6969D-02   0.1205D-01   0.0000D+00   0.2958D-02   0.3042D-03  -0.5774D-03   0.9954D-03   0.7639D-01  -0.4236D-02   0.1157D-01  -0.1201D-02   0.2779D-01  -0.6969D-02
  -0.4565D-03  -0.1074D-02  -0.4399D-03  -0.9054D-03  -0.4565D-03  -0.1074D-02  -0.4399D-03  -0.9054D-03
  0.500  2.000
  -0.1498D-01   0.0000D+00  -0.9760D-02   0.0000D+00   0.0000D+00   0.0000D+00  -0.4261D-02   0.0000D+00  -0.1498D-01   0.0000D+00  -0.9760D-02   0.0000D+00
   0.9983D-01   0.0000D+00   0.1484D-01   0.0000D+00   0.4414D-01   0.0000D+00   0.1426D-01   0.0000D+00   0.3170D-02   0.0000D+00   0.0000D+00   0.0000D+00   0.9983D-01   0.0000D+00   0.1484D-01   0.0000D+00   0.4414D-01   0.0000D+00
   0.0000D+00   0.0000D+00   0.0000D+00   0.0000D+00   0.0000D+00   0.0000D+00   0.0000D+00   0.0000D+00
  -0.1516D-01   0.9437D-03  -0.1018D-01   0.5384D-03   0.3794D-03  -0.3122D-03  -0.4366D-02   0.2067D-03  -0.1516D-01   0.9437D-03  -0.1018D-01   0.5384D-03
   0.7796D-01  -0.3952D-02   0.1179D-01  -0.1121D-02   0.2889D-01  -0.6502D-02   0.1220D-01   0.0000D+00   0.2973D-02   0.2838D-03  -0.5388D-03   0.9288D-03   0.7796D-01  -0.3952D-02   0.1179D-01  -0.1121D-02   0.2889D-01  -0.6502D-02
  -0.4259D-03  -0.1002D-02  -0.4105D-03  -0.8448D-03  -0.4259D-03  -0.1002D-02  -0.4105D-03  -0.8448D-03
  1.000  0.500
  -0.1475D-01   0.0000D+00  -0.9603D-02   0.0000D+00   0.0000D+00   0.0000D+00  -0.4189D-02   0.0000D+00  -0.1475D-01   0.0000D+00  -0.9603D-02   0.0000D+00
   0.8507D-01   0.0000D+00   0.1264D-01   0.0000D+00   0.3760D-01   0.0000D+00   0.1215D-01   0.0000D+00   0.2700D-02   0.0000D+00   0.0000D+00   0.0000D+00   0.8507D-01   0.0000D+00   0.1264D-01   0.0000D+00   0.3760D-01   0.0000D+00
   0.0000D+00   0.0000D+00   0.0000D+00   0.0000D+00   0.0000D+00   0.0000D+00   0.0000D+00   0.0000D+00
  -0.1508D-01   0.1072D-02  -0.1017D-01   0.6119D-03   0.4276D-03  -0.3541D-03  -0.4356D-02   0.2350D-03  -0.1508D-01   0.1072D-02  -0.1017D-01   0.6119D-03
   0.7715D-01  -0.3886D-02   0.1165D-01  -0.1103D-02   0.2860D-01  -0.6402D-02   0.1206D-01   0.0000D+00   0.2937D-02   0.2791D-03  -0.5307D-03   0.9134D-03   0.7715D-01  -0.3886D-02   0.1165D-01  -0.1103D-02   0.2860D-01  -0.6402D-02
  -0.4197D-03  -0.9858D-03  -0.4036D-03  -0.8309D-03  -0.4197D-03  -0.9858D-03  -0.4036D-03  -0.8309D-03
  1.000  1.000
  -0.1369D-01   0.0000D+00  -0.8912D-02   0.0000D+00   0.0000D+00   0.0000D+00  -0.3888D-02   0.0000D+00  -0.1369D-01   0.0000D+00  -0.8912D-02   0.0000D+00
   0.8507D-01   0.0000D+00   0.1264D-01   0.0000D+00   0.3760D-01   0.0000D+00   0.1215D-01   0.0000D+00   0.2700D-02   0.0000D+00   0.0000D+00   0.0000D+00   0.8507D-01   0.0000D+00   0.1264D-01   0.0000D+00   0.3760D-01   0.0000D+00
   0.0000D+00   0.0000D+00   0.0000D+00   0.0000D+00   0.0000D+00   0.0000D+00   0.0000D+00   0.0000D+00
  -0.1493D-01   0.9231D-03  -0.1002D-01   0.5270D-03   0.3684D-03  -0.3050D-03  -0.4302D-02   0.2024D-03  -0.1493D-01   0.9231D-03  -0.1002D-01   0.5270D-03
   0.7773D-01  -0.3607D-02   0.1172D-01  -0.1023D-02   0.2925D-01  -0.5941D-02   0.1207D-01   0.0000D+00   0.2920D-02   0.2590D-03  -0.4926D-03   0.8477D-03   0.7773D-01  -0.3607D-02   0.1172D-01  -0.1023D-02   0.2925D-01  -0.5941D-02
  -0.3895D-03  -0.9149D-03  -0.3746D-03  -0.7711D-03  -0.3895D-03  -0.9149D-03  -0.3746D-03  -0.7711D-03
  1.000  2.000
  -0.1277D-01   0.0000D+00  -0.8315D-02   0.0000D+00   0.0000D+00   0.0000D+00  -0.3627D-02   0.0000D+00  -0.1277D-01   0.0000D+00  -0.8315D-02   0.0000D+00
   0.8507D-01   0.0000D+00   0.1264D-01   0.0000D+00   0.3760D-01   0.0000D+00   0.1215D-01   0.0000D+00   0.2700D-02   0.0000D+00   0.0000D+00   0.0000D+00   0.8507D-01   0.0000D+00   0.1264D-01   0.0000D+00   0.3760D-01   0.0000D+00
   0.0000D+00   0.0000D+00   0.0000D+00   0.0000D+00   0.0000D+00   0.0000D+00   0.0000D+00   0.0000D+00
  -0.1468D-01   0.8036D-03  -0.9822D-02   0.4588D-03   0.3207D-03  -0.2655D-03  -0.4224D-02   0.1762D-03  -0.1468D-01   0.8036D-03  -0.9822D-02   0.4588D-03
   0.7822D-01  -0.3365D-02   0.1179D-01  -0.9548D-03   0.2981D-01  -0.5544D-02   0.1207D-01   0.0000D+00   0.2906D-02   0.2417D-03  -0.4596D-03   0.7910D-03   0.7822D-01  -0.3365D-02   0.1179D-01  -0.9548D-03   0.2981D-01  -0.5544D-02
  -0.3634D-03  -0.8536D-03  -0.3495D-03  -0.7195D-03  -0.3634D-03  -0.8536D-03  -0.3495D-03  -0.7195D-03
  2.000  0.500
  -0.1269D-01   0.0000D+00  -0.8273D-02   0.0000D+00   0.0000D+00   0.0000D+00  -0.3601D-02   0.0000D+00  -0.1269D-01   0.0000D+00  -0.8273D-02   0.0000D+00
   0.7322D-01   0.0000D+00   0.1088D-01   0.0000D+00   0.3236D-01   0.0000D+00   0.1045D-01   0.0000D+00   0.2323D-02   0.0000D+00   0.0000D+00   0.0000D+00   0.7322D-01   0.0000D+00   0.1088D-01   0.0000D+00   0.3236D-01   0.0000D+00
   0.0000D+00   0.0000D+00   0.0000D+00   0.0000D+00   0.0000D+00   0.0000D+00   0.0000D+00   0.0000D+00
  -0.1504D-01   0.9228D-03  -0.1010D-01   0.5265D-03   0.3687D-03  -0.3048D-03  -0.4330D-02   0.2024D-03  -0.1504D-01   0.9228D-03  -0.1010D-01   0.5265D-03
   0.7828D-01  -0.3346D-02   0.1178D-01  -0.9492D-03   0.2988D-01  -0.5508D-02   0.1208D-01   0.0000D+00   0.2904D-02   0.2402D-03  -0.4543D-03   0.7860D-03   0.7828D-01  -0.3346D-02   0.1178D-01  -0.9492D-03   0.2988D-01  -0.5508D-02
  -0.3613D-03  -0.8485D-03  -0.3475D-03  -0.7143D-03  -0.3613D-03  -0.8485D-03  -0.3475D-03  -0.7143D-03
  2.000  1.000
  -0.1178D-01   0.0000D+00  -0.7678D-02   0.0000D+00   0.0000D+00   0.0000D+00  -0.3342D-02   0.0000D+00  -0.1178D-01   0.0000D+00  -0.7678D-02   0.0000D+00
   0.7322D-01   0.0000D+00   0.1088D-01   0.0000D+00   0.3236D-01   0.0000D+00   0.1045D-01   0.0000D+00   0.2323D-02   0.0000D+00   0.0000D+00   0.0000D+00   0.7322D-01   0.0000D+00   0.1088D-01   0.0000D+00   0.3236D-01   0.0000D+00
   0.0000D+00   0.0000D+00   0.0000D+00   0.0000D+00   0.0000D+00   0.0000D+00   0.0000D+00   0.0000D+00
  -0.1462D-01   0.7948D-03  -0.9789D-02   0.4535D-03   0.3176D-03  -0.2625D-03  -0.4203D-02   0.1743D-03  -0.1462D-01   0.7948D-03  -0.9789D-02   0.4535D-03
   0.7792D-01  -0.3106D-02   0.1172D-01  -0.8810D-03   0.3006D-01  -0.5112D-02   0.1197D-01   0.0000D+00   0.2863D-02   0.2229D-03  -0.4216D-03   0.7295D-03   0.7792D-01  -0.3106D-02   0.1172D-01  -0.8810D-03   0.3006D-01  -0.5112D-02
  -0.3353D-03  -0.7874D-03  -0.3225D-03  -0.6629D-03  -0.3353D-03  -0.7874D-03  -0.3225D-03  -0.6629D-03
  2.000  2.000
  -0.1099D-01   0.0000D+00  -0.7163D-02   0.0000D+00   0.0000D+00   0.0000D+00  -0.3118D-02   0.0000D+00  -0.1099D-01   0.0000D+00  -0.7163D-02   0.0000D+00
   0.7322D-01   0.0000D+00   0.1088D-01   0.0000D+00   0.3236D-01   0.0000D+00   0.1045D-01   0.0000D+00   0.2323D-02   0.0000D+00   0.0000D+00   0.0000D+00   0.7322D-01   0.0000D+00   0.1088D-01   0.0000D+00   0.3236D-01   0.0000D+00
   0.0000D+00   0.0000D+00   0.0000D+00   0.0000D+00   0.0000D+00   0.0000D+00   0.0000D+00   0.0000D+00
  -0.1418D-01   0.6919D-03  -0.9467D-02   0.3948D-03   0.2765D-03  -0.2285D-03  -0.4070D-02   0.1518D-03  -0.1418D-01   0.6919D-03  -0.9467D-02   0.3948D-03
   0.7761D-01  -0.2898D-02   0.1166D-01  -0.8220D-03   0.3022D-01  -0.4770D-02   0.1187D-01   0.0000D+00   0.2827D-02   0.2080D-03  -0.3934D-03   0.6806D-03   0.7761D-01  -0.2898D-02   0.1166D-01  -0.8220D-03   0.3022D-01  -0.4770D-02
  -0.3128D-03  -0.7347D-03  -0.3009D-03  -0.6185D-03  -0.3128D-03  -0.7347D-03  -0.3009D-03  -0.6185D-03
