 LHC=           1 sqrts=   8000.0000000000000      ang=           4 mode=fital                                                                                               scalescheme=           1 R=  0.69999999999999996     
 NNPDF23_nlo_as_0118                                                                                           79
 Bin information: chid, chiu, md, mu, mu0
   0.0000000000000000       0.50000000000000000        395.00000000000000        430.00000000000000        412.50000000000000     
 9 scales(muf, mur)*(LO(38), NLO(38))
  0.500  0.500
  -0.1289D+01   0.0000D+00  -0.1301D+01   0.0000D+00   0.0000D+00   0.0000D+00  -0.1104D+01   0.0000D+00  -0.1289D+01   0.0000D+00  -0.1301D+01   0.0000D+00
   0.6073D+00   0.0000D+00   0.1046D+00   0.0000D+00   0.1827D+00   0.0000D+00   0.1989D+00   0.0000D+00   0.4420D-01   0.0000D+00   0.0000D+00   0.0000D+00   0.6073D+00   0.0000D+00   0.1046D+00   0.0000D+00   0.1827D+00   0.0000D+00
   0.0000D+00   0.0000D+00   0.0000D+00   0.0000D+00   0.0000D+00   0.0000D+00   0.0000D+00   0.0000D+00
  -0.9536D+00   0.1850D+00  -0.1116D+01   0.1108D+00   0.1136D+00  -0.1111D+00  -0.1016D+01   0.4885D-02  -0.9536D+00   0.1850D+00  -0.1116D+01   0.1108D+00
   0.5597D+00  -0.2245D-01   0.9887D-01  -0.7949D-02   0.1108D+00  -0.5610D-01   0.1913D+00   0.0000D+00   0.4778D-01   0.5434D-02  -0.2791D-02   0.1778D-01   0.5597D+00  -0.2245D-01   0.9887D-01  -0.7949D-02   0.1108D+00  -0.5610D-01
  -0.1818D-02  -0.7047D-02  -0.4134D-02  -0.1047D-01  -0.1818D-02  -0.7047D-02  -0.4134D-02  -0.1047D-01
  0.500  1.000
  -0.1190D+01   0.0000D+00  -0.1200D+01   0.0000D+00   0.0000D+00   0.0000D+00  -0.1019D+01   0.0000D+00  -0.1190D+01   0.0000D+00  -0.1200D+01   0.0000D+00
   0.6073D+00   0.0000D+00   0.1046D+00   0.0000D+00   0.1827D+00   0.0000D+00   0.1989D+00   0.0000D+00   0.4420D-01   0.0000D+00   0.0000D+00   0.0000D+00   0.6073D+00   0.0000D+00   0.1046D+00   0.0000D+00   0.1827D+00   0.0000D+00
   0.0000D+00   0.0000D+00   0.0000D+00   0.0000D+00   0.0000D+00   0.0000D+00   0.0000D+00   0.0000D+00
  -0.1002D+01   0.1575D+00  -0.1142D+01   0.9434D-01   0.9670D-01  -0.9461D-01  -0.1028D+01   0.4160D-02  -0.1002D+01   0.1575D+00  -0.1142D+01   0.9434D-01
   0.5636D+00  -0.2072D-01   0.9935D-01  -0.7335D-02   0.1164D+00  -0.5177D-01   0.1919D+00   0.0000D+00   0.4751D-01   0.5015D-02  -0.2575D-02   0.1641D-01   0.5636D+00  -0.2072D-01   0.9935D-01  -0.7335D-02   0.1164D+00  -0.5177D-01
  -0.1678D-02  -0.6502D-02  -0.3815D-02  -0.9666D-02  -0.1678D-02  -0.6502D-02  -0.3815D-02  -0.9666D-02
  0.500  2.000
  -0.1104D+01   0.0000D+00  -0.1114D+01   0.0000D+00   0.0000D+00   0.0000D+00  -0.9460D+00   0.0000D+00  -0.1104D+01   0.0000D+00  -0.1114D+01   0.0000D+00
   0.6073D+00   0.0000D+00   0.1046D+00   0.0000D+00   0.1827D+00   0.0000D+00   0.1989D+00   0.0000D+00   0.4420D-01   0.0000D+00   0.0000D+00   0.0000D+00   0.6073D+00   0.0000D+00   0.1046D+00   0.0000D+00   0.1827D+00   0.0000D+00
   0.0000D+00   0.0000D+00   0.0000D+00   0.0000D+00   0.0000D+00   0.0000D+00   0.0000D+00   0.0000D+00
  -0.1027D+01   0.1358D+00  -0.1149D+01   0.8131D-01   0.8334D-01  -0.8154D-01  -0.1026D+01   0.3585D-02  -0.1027D+01   0.1358D+00  -0.1149D+01   0.8131D-01
   0.5669D+00  -0.1923D-01   0.9975D-01  -0.6810D-02   0.1212D+00  -0.4806D-01   0.1924D+00   0.0000D+00   0.4729D-01   0.4655D-02  -0.2390D-02   0.1524D-01   0.5669D+00  -0.1923D-01   0.9975D-01  -0.6810D-02   0.1212D+00  -0.4806D-01
  -0.1558D-02  -0.6037D-02  -0.3541D-02  -0.8974D-02  -0.1558D-02  -0.6037D-02  -0.3541D-02  -0.8974D-02
  1.000  0.500
  -0.1218D+01   0.0000D+00  -0.1232D+01   0.0000D+00   0.0000D+00   0.0000D+00  -0.1043D+01   0.0000D+00  -0.1218D+01   0.0000D+00  -0.1232D+01   0.0000D+00
   0.5722D+00   0.0000D+00   0.9841D-01   0.0000D+00   0.1720D+00   0.0000D+00   0.1877D+00   0.0000D+00   0.4171D-01   0.0000D+00   0.0000D+00   0.0000D+00   0.5722D+00   0.0000D+00   0.9841D-01   0.0000D+00   0.1720D+00   0.0000D+00
   0.0000D+00   0.0000D+00   0.0000D+00   0.0000D+00   0.0000D+00   0.0000D+00   0.0000D+00   0.0000D+00
  -0.9762D+00   0.1750D+00  -0.1124D+01   0.1046D+00   0.1070D+00  -0.1049D+00  -0.1023D+01   0.4826D-02  -0.9762D+00   0.1750D+00  -0.1124D+01   0.1046D+00
   0.5552D+00  -0.2114D-01   0.9788D-01  -0.7503D-02   0.1123D+00  -0.5318D-01   0.1902D+00   0.0000D+00   0.4712D-01   0.5126D-02  -0.2924D-02   0.1678D-01   0.5552D+00  -0.2114D-01   0.9788D-01  -0.7503D-02   0.1123D+00  -0.5318D-01
  -0.1725D-02  -0.6778D-02  -0.3919D-02  -0.9871D-02  -0.1725D-02  -0.6778D-02  -0.3919D-02  -0.9871D-02
  1.000  1.000
  -0.1124D+01   0.0000D+00  -0.1137D+01   0.0000D+00   0.0000D+00   0.0000D+00  -0.9624D+00   0.0000D+00  -0.1124D+01   0.0000D+00  -0.1137D+01   0.0000D+00
   0.5722D+00   0.0000D+00   0.9841D-01   0.0000D+00   0.1720D+00   0.0000D+00   0.1877D+00   0.0000D+00   0.4171D-01   0.0000D+00   0.0000D+00   0.0000D+00   0.5722D+00   0.0000D+00   0.9841D-01   0.0000D+00   0.1720D+00   0.0000D+00
   0.0000D+00   0.0000D+00   0.0000D+00   0.0000D+00   0.0000D+00   0.0000D+00   0.0000D+00   0.0000D+00
  -0.1011D+01   0.1490D+00  -0.1139D+01   0.8903D-01   0.9108D-01  -0.8935D-01  -0.1025D+01   0.4110D-02  -0.1011D+01   0.1490D+00  -0.1139D+01   0.8903D-01
   0.5567D+00  -0.1951D-01   0.9796D-01  -0.6923D-02   0.1169D+00  -0.4907D-01   0.1900D+00   0.0000D+00   0.4672D-01   0.4730D-02  -0.2698D-02   0.1548D-01   0.5567D+00  -0.1951D-01   0.9796D-01  -0.6923D-02   0.1169D+00  -0.4907D-01
  -0.1592D-02  -0.6255D-02  -0.3616D-02  -0.9108D-02  -0.1592D-02  -0.6255D-02  -0.3616D-02  -0.9108D-02
  1.000  2.000
  -0.1044D+01   0.0000D+00  -0.1056D+01   0.0000D+00   0.0000D+00   0.0000D+00  -0.8934D+00   0.0000D+00  -0.1044D+01   0.0000D+00  -0.1056D+01   0.0000D+00
   0.5722D+00   0.0000D+00   0.9841D-01   0.0000D+00   0.1720D+00   0.0000D+00   0.1877D+00   0.0000D+00   0.4171D-01   0.0000D+00   0.0000D+00   0.0000D+00   0.5722D+00   0.0000D+00   0.9841D-01   0.0000D+00   0.1720D+00   0.0000D+00
   0.0000D+00   0.0000D+00   0.0000D+00   0.0000D+00   0.0000D+00   0.0000D+00   0.0000D+00   0.0000D+00
  -0.1026D+01   0.1284D+00  -0.1138D+01   0.7673D-01   0.7850D-01  -0.7701D-01  -0.1016D+01   0.3542D-02  -0.1026D+01   0.1284D+00  -0.1138D+01   0.7673D-01
   0.5580D+00  -0.1811D-01   0.9802D-01  -0.6427D-02   0.1209D+00  -0.4556D-01   0.1899D+00   0.0000D+00   0.4637D-01   0.4392D-02  -0.2504D-02   0.1437D-01   0.5580D+00  -0.1811D-01   0.9802D-01  -0.6427D-02   0.1209D+00  -0.4556D-01
  -0.1478D-02  -0.5807D-02  -0.3357D-02  -0.8456D-02  -0.1478D-02  -0.5807D-02  -0.3357D-02  -0.8456D-02
  2.000  0.500
  -0.1153D+01   0.0000D+00  -0.1170D+01   0.0000D+00   0.0000D+00   0.0000D+00  -0.9865D+00   0.0000D+00  -0.1153D+01   0.0000D+00  -0.1170D+01   0.0000D+00
   0.5408D+00   0.0000D+00   0.9329D-01   0.0000D+00   0.1624D+00   0.0000D+00   0.1765D+00   0.0000D+00   0.3921D-01   0.0000D+00   0.0000D+00   0.0000D+00   0.5408D+00   0.0000D+00   0.9329D-01   0.0000D+00   0.1624D+00   0.0000D+00
   0.0000D+00   0.0000D+00   0.0000D+00   0.0000D+00   0.0000D+00   0.0000D+00   0.0000D+00   0.0000D+00
  -0.9934D+00   0.1656D+00  -0.1141D+01   0.9884D-01   0.1020D+00  -0.9923D-01  -0.1037D+01   0.4729D-02  -0.9934D+00   0.1656D+00  -0.1141D+01   0.9884D-01
   0.5547D+00  -0.1996D-01   0.9772D-01  -0.7076D-02   0.1141D+00  -0.4984D-01   0.1900D+00   0.0000D+00   0.4674D-01   0.4820D-02  -0.2580D-02   0.1578D-01   0.5547D+00  -0.1996D-01   0.9772D-01  -0.7076D-02   0.1141D+00  -0.4984D-01
  -0.1636D-02  -0.6399D-02  -0.3720D-02  -0.9312D-02  -0.1636D-02  -0.6399D-02  -0.3720D-02  -0.9312D-02
  2.000  1.000
  -0.1064D+01   0.0000D+00  -0.1079D+01   0.0000D+00   0.0000D+00   0.0000D+00  -0.9104D+00   0.0000D+00  -0.1064D+01   0.0000D+00  -0.1079D+01   0.0000D+00
   0.5408D+00   0.0000D+00   0.9329D-01   0.0000D+00   0.1624D+00   0.0000D+00   0.1765D+00   0.0000D+00   0.3921D-01   0.0000D+00   0.0000D+00   0.0000D+00   0.5408D+00   0.0000D+00   0.9329D-01   0.0000D+00   0.1624D+00   0.0000D+00
   0.0000D+00   0.0000D+00   0.0000D+00   0.0000D+00   0.0000D+00   0.0000D+00   0.0000D+00   0.0000D+00
  -0.1016D+01   0.1410D+00  -0.1144D+01   0.8417D-01   0.8691D-01  -0.8451D-01  -0.1029D+01   0.4027D-02  -0.1016D+01   0.1410D+00  -0.1144D+01   0.8417D-01
   0.5545D+00  -0.1842D-01   0.9751D-01  -0.6530D-02   0.1182D+00  -0.4599D-01   0.1891D+00   0.0000D+00   0.4620D-01   0.4448D-02  -0.2385D-02   0.1456D-01   0.5545D+00  -0.1842D-01   0.9751D-01  -0.6530D-02   0.1182D+00  -0.4599D-01
  -0.1509D-02  -0.5905D-02  -0.3433D-02  -0.8593D-02  -0.1509D-02  -0.5905D-02  -0.3433D-02  -0.8593D-02
  2.000  2.000
  -0.9879D+00   0.0000D+00  -0.1002D+01   0.0000D+00   0.0000D+00   0.0000D+00  -0.8452D+00   0.0000D+00  -0.9879D+00   0.0000D+00  -0.1002D+01   0.0000D+00
   0.5408D+00   0.0000D+00   0.9329D-01   0.0000D+00   0.1624D+00   0.0000D+00   0.1765D+00   0.0000D+00   0.3921D-01   0.0000D+00   0.0000D+00   0.0000D+00   0.5408D+00   0.0000D+00   0.9329D-01   0.0000D+00   0.1624D+00   0.0000D+00
   0.0000D+00   0.0000D+00   0.0000D+00   0.0000D+00   0.0000D+00   0.0000D+00   0.0000D+00   0.0000D+00
  -0.1022D+01   0.1215D+00  -0.1135D+01   0.7254D-01   0.7490D-01  -0.7283D-01  -0.1012D+01   0.3471D-02  -0.1022D+01   0.1215D+00  -0.1135D+01   0.7254D-01
   0.5537D+00  -0.1710D-01   0.9724D-01  -0.6063D-02   0.1214D+00  -0.4270D-01   0.1882D+00   0.0000D+00   0.4571D-01   0.4130D-02  -0.2214D-02   0.1352D-01   0.5537D+00  -0.1710D-01   0.9724D-01  -0.6063D-02   0.1214D+00  -0.4270D-01
  -0.1401D-02  -0.5482D-02  -0.3187D-02  -0.7978D-02  -0.1401D-02  -0.5482D-02  -0.3187D-02  -0.7978D-02
