 LHC=           1 sqrts=   8000.0000000000000      ang=           4 mode=fital                                                                                               scalescheme=           1 R=  0.69999999999999996     
 CT10nlo_rand5678                                                                                              18
 Bin information: chid, chiu, md, mu, mu0
   0.0000000000000000       0.50000000000000000        133.00000000000000        153.00000000000000        143.00000000000000     
 9 scales(muf, mur)*(LO(38), NLO(38))
  0.500  0.500
  -0.7961D+01   0.0000D+00  -0.1214D+02   0.0000D+00   0.0000D+00   0.0000D+00  -0.1269D+02   0.0000D+00  -0.7961D+01   0.0000D+00  -0.1214D+02   0.0000D+00
   0.5482D+00   0.0000D+00   0.1021D+00   0.0000D+00   0.1222D+00   0.0000D+00   0.2395D+00   0.0000D+00   0.5323D-01   0.0000D+00   0.0000D+00   0.0000D+00   0.5482D+00   0.0000D+00   0.1021D+00   0.0000D+00   0.1222D+00   0.0000D+00
   0.0000D+00   0.0000D+00   0.0000D+00   0.0000D+00   0.0000D+00   0.0000D+00   0.0000D+00   0.0000D+00
  -0.5525D+01   0.2064D+01  -0.1002D+02   0.1247D+01   0.9643D+00  -0.1489D+01  -0.1148D+02  -0.1245D+00  -0.5525D+01   0.2064D+01  -0.1002D+02   0.1247D+01
   0.7879D+00  -0.1738D-01   0.1461D+00  -0.7607D-02   0.1239D+00  -0.6057D-01   0.3234D+00   0.0000D+00   0.8316D-01   0.7680D-02   0.2475D-02   0.2513D-01   0.7879D+00  -0.1738D-01   0.1461D+00  -0.7607D-02   0.1239D+00  -0.6057D-01
  -0.7677D-03  -0.6821D-02  -0.4227D-02  -0.1311D-01  -0.7677D-03  -0.6821D-02  -0.4227D-02  -0.1311D-01
  0.500  1.000
  -0.7182D+01   0.0000D+00  -0.1095D+02   0.0000D+00   0.0000D+00   0.0000D+00  -0.1145D+02   0.0000D+00  -0.7182D+01   0.0000D+00  -0.1095D+02   0.0000D+00
   0.5482D+00   0.0000D+00   0.1021D+00   0.0000D+00   0.1222D+00   0.0000D+00   0.2395D+00   0.0000D+00   0.5323D-01   0.0000D+00   0.0000D+00   0.0000D+00   0.5482D+00   0.0000D+00   0.1021D+00   0.0000D+00   0.1222D+00   0.0000D+00
   0.0000D+00   0.0000D+00   0.0000D+00   0.0000D+00   0.0000D+00   0.0000D+00   0.0000D+00   0.0000D+00
  -0.5878D+01   0.1680D+01  -0.1026D+02   0.1015D+01   0.7845D+00  -0.1212D+01  -0.1154D+02  -0.1013D+00  -0.5878D+01   0.1680D+01  -0.1026D+02   0.1015D+01
   0.7661D+00  -0.1568D-01   0.1420D+00  -0.6863D-02   0.1241D+00  -0.5465D-01   0.3157D+00   0.0000D+00   0.8037D-01   0.6929D-02   0.2257D-02   0.2268D-01   0.7661D+00  -0.1568D-01   0.1420D+00  -0.6863D-02   0.1241D+00  -0.5465D-01
  -0.6925D-03  -0.6154D-02  -0.3813D-02  -0.1182D-01  -0.6925D-03  -0.6154D-02  -0.3813D-02  -0.1182D-01
  0.500  2.000
  -0.6543D+01   0.0000D+00  -0.9974D+01   0.0000D+00   0.0000D+00   0.0000D+00  -0.1043D+02   0.0000D+00  -0.6543D+01   0.0000D+00  -0.9974D+01   0.0000D+00
   0.5482D+00   0.0000D+00   0.1021D+00   0.0000D+00   0.1222D+00   0.0000D+00   0.2395D+00   0.0000D+00   0.5323D-01   0.0000D+00   0.0000D+00   0.0000D+00   0.5482D+00   0.0000D+00   0.1021D+00   0.0000D+00   0.1222D+00   0.0000D+00
   0.0000D+00   0.0000D+00   0.0000D+00   0.0000D+00   0.0000D+00   0.0000D+00   0.0000D+00   0.0000D+00
  -0.6023D+01   0.1394D+01  -0.1026D+02   0.8421D+00   0.6509D+00  -0.1006D+01  -0.1140D+02  -0.8408D-01  -0.6023D+01   0.1394D+01  -0.1026D+02   0.8421D+00
   0.7480D+00  -0.1428D-01   0.1387D+00  -0.6253D-02   0.1243D+00  -0.4979D-01   0.3093D+00   0.0000D+00   0.7806D-01   0.6313D-02   0.2074D-02   0.2066D-01   0.7480D+00  -0.1428D-01   0.1387D+00  -0.6253D-02   0.1243D+00  -0.4979D-01
  -0.6308D-03  -0.5607D-02  -0.3474D-02  -0.1077D-01  -0.6308D-03  -0.5607D-02  -0.3474D-02  -0.1077D-01
  1.000  0.500
  -0.7955D+01   0.0000D+00  -0.1230D+02   0.0000D+00   0.0000D+00   0.0000D+00  -0.1281D+02   0.0000D+00  -0.7955D+01   0.0000D+00  -0.1230D+02   0.0000D+00
   0.5544D+00   0.0000D+00   0.1026D+00   0.0000D+00   0.1219D+00   0.0000D+00   0.2393D+00   0.0000D+00   0.5317D-01   0.0000D+00   0.0000D+00   0.0000D+00   0.5544D+00   0.0000D+00   0.1026D+00   0.0000D+00   0.1219D+00   0.0000D+00
   0.0000D+00   0.0000D+00   0.0000D+00   0.0000D+00   0.0000D+00   0.0000D+00   0.0000D+00   0.0000D+00
  -0.5477D+01   0.2102D+01  -0.9963D+01   0.1262D+01   0.9894D+00  -0.1500D+01  -0.1140D+02  -0.1246D+00  -0.5477D+01   0.2102D+01  -0.9963D+01   0.1262D+01
   0.7694D+00  -0.1742D-01   0.1415D+00  -0.7639D-02   0.1164D+00  -0.6145D-01   0.3158D+00   0.0000D+00   0.8107D-01   0.7589D-02   0.2776D-02   0.2484D-01   0.7694D+00  -0.1742D-01   0.1415D+00  -0.7639D-02   0.1164D+00  -0.6145D-01
  -0.7976D-03  -0.6614D-02  -0.4310D-02  -0.1312D-01  -0.7976D-03  -0.6614D-02  -0.4310D-02  -0.1312D-01
  1.000  1.000
  -0.7176D+01   0.0000D+00  -0.1110D+02   0.0000D+00   0.0000D+00   0.0000D+00  -0.1156D+02   0.0000D+00  -0.7176D+01   0.0000D+00  -0.1110D+02   0.0000D+00
   0.5544D+00   0.0000D+00   0.1026D+00   0.0000D+00   0.1219D+00   0.0000D+00   0.2393D+00   0.0000D+00   0.5317D-01   0.0000D+00   0.0000D+00   0.0000D+00   0.5544D+00   0.0000D+00   0.1026D+00   0.0000D+00   0.1219D+00   0.0000D+00
   0.0000D+00   0.0000D+00   0.0000D+00   0.0000D+00   0.0000D+00   0.0000D+00   0.0000D+00   0.0000D+00
  -0.5836D+01   0.1711D+01  -0.1024D+02   0.1027D+01   0.8048D+00  -0.1221D+01  -0.1150D+02  -0.1014D+00  -0.5836D+01   0.1711D+01  -0.1024D+02   0.1027D+01
   0.7478D+00  -0.1572D-01   0.1376D+00  -0.6892D-02   0.1166D+00  -0.5544D-01   0.3084D+00   0.0000D+00   0.7835D-01   0.6847D-02   0.2530D-02   0.2241D-01   0.7478D+00  -0.1572D-01   0.1376D+00  -0.6892D-02   0.1166D+00  -0.5544D-01
  -0.7194D-03  -0.5967D-02  -0.3888D-02  -0.1183D-01  -0.7194D-03  -0.5967D-02  -0.3888D-02  -0.1183D-01
  1.000  2.000
  -0.6538D+01   0.0000D+00  -0.1011D+02   0.0000D+00   0.0000D+00   0.0000D+00  -0.1053D+02   0.0000D+00  -0.6538D+01   0.0000D+00  -0.1011D+02   0.0000D+00
   0.5544D+00   0.0000D+00   0.1026D+00   0.0000D+00   0.1219D+00   0.0000D+00   0.2393D+00   0.0000D+00   0.5317D-01   0.0000D+00   0.0000D+00   0.0000D+00   0.5544D+00   0.0000D+00   0.1026D+00   0.0000D+00   0.1219D+00   0.0000D+00
   0.0000D+00   0.0000D+00   0.0000D+00   0.0000D+00   0.0000D+00   0.0000D+00   0.0000D+00   0.0000D+00
  -0.5987D+01   0.1420D+01  -0.1027D+02   0.8526D+00   0.6677D+00  -0.1013D+01  -0.1138D+02  -0.8417D-01  -0.5987D+01   0.1420D+01  -0.1027D+02   0.8526D+00
   0.7319D+00  -0.1432D-01   0.1347D+00  -0.6279D-02   0.1174D+00  -0.5051D-01   0.3026D+00   0.0000D+00   0.7622D-01   0.6238D-02   0.2322D-02   0.2042D-01   0.7319D+00  -0.1432D-01   0.1347D+00  -0.6279D-02   0.1174D+00  -0.5051D-01
  -0.6553D-03  -0.5437D-02  -0.3542D-02  -0.1078D-01  -0.6553D-03  -0.5437D-02  -0.3542D-02  -0.1078D-01
  2.000  0.500
  -0.7898D+01   0.0000D+00  -0.1235D+02   0.0000D+00   0.0000D+00   0.0000D+00  -0.1297D+02   0.0000D+00  -0.7898D+01   0.0000D+00  -0.1235D+02   0.0000D+00
   0.5584D+00   0.0000D+00   0.1034D+00   0.0000D+00   0.1216D+00   0.0000D+00   0.2430D+00   0.0000D+00   0.5400D-01   0.0000D+00   0.0000D+00   0.0000D+00   0.5584D+00   0.0000D+00   0.1034D+00   0.0000D+00   0.1216D+00   0.0000D+00
   0.0000D+00   0.0000D+00   0.0000D+00   0.0000D+00   0.0000D+00   0.0000D+00   0.0000D+00   0.0000D+00
  -0.5491D+01   0.2105D+01  -0.1006D+02   0.1258D+01   0.9732D+00  -0.1514D+01  -0.1180D+02  -0.1242D+00  -0.5491D+01   0.2105D+01  -0.1006D+02   0.1258D+01
   0.7781D+00  -0.1732D-01   0.1441D+00  -0.7685D-02   0.1206D+00  -0.6175D-01   0.3173D+00   0.0000D+00   0.8171D-01   0.7708D-02   0.2563D-02   0.2522D-01   0.7781D+00  -0.1732D-01   0.1441D+00  -0.7685D-02   0.1206D+00  -0.6175D-01
  -0.8071D-03  -0.6646D-02  -0.4373D-02  -0.1318D-01  -0.8071D-03  -0.6646D-02  -0.4373D-02  -0.1318D-01
  2.000  1.000
  -0.7125D+01   0.0000D+00  -0.1114D+02   0.0000D+00   0.0000D+00   0.0000D+00  -0.1170D+02   0.0000D+00  -0.7125D+01   0.0000D+00  -0.1114D+02   0.0000D+00
   0.5584D+00   0.0000D+00   0.1034D+00   0.0000D+00   0.1216D+00   0.0000D+00   0.2430D+00   0.0000D+00   0.5400D-01   0.0000D+00   0.0000D+00   0.0000D+00   0.5584D+00   0.0000D+00   0.1034D+00   0.0000D+00   0.1216D+00   0.0000D+00
   0.0000D+00   0.0000D+00   0.0000D+00   0.0000D+00   0.0000D+00   0.0000D+00   0.0000D+00   0.0000D+00
  -0.5820D+01   0.1713D+01  -0.1031D+02   0.1024D+01   0.7915D+00  -0.1232D+01  -0.1183D+02  -0.1010D+00  -0.5820D+01   0.1713D+01  -0.1031D+02   0.1024D+01
   0.7455D+00  -0.1562D-01   0.1382D+00  -0.6934D-02   0.1171D+00  -0.5571D-01   0.3077D+00   0.0000D+00   0.7829D-01   0.6954D-02   0.2281D-02   0.2276D-01   0.7455D+00  -0.1562D-01   0.1382D+00  -0.6934D-02   0.1171D+00  -0.5571D-01
  -0.7280D-03  -0.5996D-02  -0.3945D-02  -0.1189D-01  -0.7280D-03  -0.5996D-02  -0.3945D-02  -0.1189D-01
  2.000  2.000
  -0.6491D+01   0.0000D+00  -0.1015D+02   0.0000D+00   0.0000D+00   0.0000D+00  -0.1066D+02   0.0000D+00  -0.6491D+01   0.0000D+00  -0.1015D+02   0.0000D+00
   0.5584D+00   0.0000D+00   0.1034D+00   0.0000D+00   0.1216D+00   0.0000D+00   0.2430D+00   0.0000D+00   0.5400D-01   0.0000D+00   0.0000D+00   0.0000D+00   0.5584D+00   0.0000D+00   0.1034D+00   0.0000D+00   0.1216D+00   0.0000D+00
   0.0000D+00   0.0000D+00   0.0000D+00   0.0000D+00   0.0000D+00   0.0000D+00   0.0000D+00   0.0000D+00
  -0.5950D+01   0.1422D+01  -0.1032D+02   0.8499D+00   0.6565D+00  -0.1023D+01  -0.1167D+02  -0.8385D-01  -0.5950D+01   0.1422D+01  -0.1032D+02   0.8499D+00
   0.7183D+00  -0.1423D-01   0.1333D+00  -0.6317D-02   0.1141D+00  -0.5075D-01   0.2997D+00   0.0000D+00   0.7548D-01   0.6335D-02   0.2062D-02   0.2073D-01   0.7183D+00  -0.1423D-01   0.1333D+00  -0.6317D-02   0.1141D+00  -0.5075D-01
  -0.6631D-03  -0.5463D-02  -0.3594D-02  -0.1083D-01  -0.6631D-03  -0.5463D-02  -0.3594D-02  -0.1083D-01
