 LHC=           1 sqrts=   8000.0000000000000      ang=           4 mode=fital                                                                                               scalescheme=           1 R=  0.69999999999999996     
 CT10nlo_rand5678                                                                                              18
 Bin information: chid, chiu, md, mu, mu0
   0.0000000000000000       0.50000000000000000        430.00000000000000        468.00000000000000        449.00000000000000     
 9 scales(muf, mur)*(LO(38), NLO(38))
  0.500  0.500
  -0.1107D+01   0.0000D+00  -0.1106D+01   0.0000D+00   0.0000D+00   0.0000D+00  -0.9344D+00   0.0000D+00  -0.1107D+01   0.0000D+00  -0.1106D+01   0.0000D+00
   0.6205D+00   0.0000D+00   0.1063D+00   0.0000D+00   0.1878D+00   0.0000D+00   0.2012D+00   0.0000D+00   0.4471D-01   0.0000D+00   0.0000D+00   0.0000D+00   0.6205D+00   0.0000D+00   0.1063D+00   0.0000D+00   0.1878D+00   0.0000D+00
   0.0000D+00   0.0000D+00   0.0000D+00   0.0000D+00   0.0000D+00   0.0000D+00   0.0000D+00   0.0000D+00
  -0.8209D+00   0.1553D+00  -0.9525D+00   0.9282D-01   0.9412D-01  -0.9271D-01  -0.8633D+00   0.4715D-02  -0.8209D+00   0.1553D+00  -0.9525D+00   0.9282D-01
   0.5596D+00  -0.2277D-01   0.9878D-01  -0.8063D-02   0.1103D+00  -0.5675D-01   0.1900D+00   0.0000D+00   0.4756D-01   0.5424D-02  -0.2576D-02   0.1775D-01   0.5596D+00  -0.2277D-01   0.9878D-01  -0.8063D-02   0.1103D+00  -0.5675D-01
  -0.1882D-02  -0.7198D-02  -0.4200D-02  -0.1046D-01  -0.1882D-02  -0.7198D-02  -0.4200D-02  -0.1046D-01
  0.500  1.000
  -0.1014D+01   0.0000D+00  -0.1013D+01   0.0000D+00   0.0000D+00   0.0000D+00  -0.8561D+00   0.0000D+00  -0.1014D+01   0.0000D+00  -0.1013D+01   0.0000D+00
   0.6205D+00   0.0000D+00   0.1063D+00   0.0000D+00   0.1878D+00   0.0000D+00   0.2012D+00   0.0000D+00   0.4471D-01   0.0000D+00   0.0000D+00   0.0000D+00   0.6205D+00   0.0000D+00   0.1063D+00   0.0000D+00   0.1878D+00   0.0000D+00
   0.0000D+00   0.0000D+00   0.0000D+00   0.0000D+00   0.0000D+00   0.0000D+00   0.0000D+00   0.0000D+00
  -0.8562D+00   0.1304D+00  -0.9664D+00   0.7792D-01   0.7901D-01  -0.7783D-01  -0.8657D+00   0.3958D-02  -0.8562D+00   0.1304D+00  -0.9664D+00   0.7792D-01
   0.5649D+00  -0.2087D-01   0.9945D-01  -0.7387D-02   0.1169D+00  -0.5200D-01   0.1910D+00   0.0000D+00   0.4734D-01   0.4970D-02  -0.2360D-02   0.1626D-01   0.5649D+00  -0.2087D-01   0.9945D-01  -0.7387D-02   0.1169D+00  -0.5200D-01
  -0.1724D-02  -0.6595D-02  -0.3848D-02  -0.9581D-02  -0.1724D-02  -0.6595D-02  -0.3848D-02  -0.9581D-02
  0.500  2.000
  -0.9362D+00   0.0000D+00  -0.9349D+00   0.0000D+00   0.0000D+00   0.0000D+00  -0.7902D+00   0.0000D+00  -0.9362D+00   0.0000D+00  -0.9349D+00   0.0000D+00
   0.6205D+00   0.0000D+00   0.1063D+00   0.0000D+00   0.1878D+00   0.0000D+00   0.2012D+00   0.0000D+00   0.4471D-01   0.0000D+00   0.0000D+00   0.0000D+00   0.6205D+00   0.0000D+00   0.1063D+00   0.0000D+00   0.1878D+00   0.0000D+00
   0.0000D+00   0.0000D+00   0.0000D+00   0.0000D+00   0.0000D+00   0.0000D+00   0.0000D+00   0.0000D+00
  -0.8713D+00   0.1111D+00  -0.9650D+00   0.6637D-01   0.6729D-01  -0.6630D-01  -0.8572D+00   0.3372D-02  -0.8713D+00   0.1111D+00  -0.9650D+00   0.6637D-01
   0.5694D+00  -0.1926D-01   0.1000D+00  -0.6818D-02   0.1224D+00  -0.4799D-01   0.1919D+00   0.0000D+00   0.4714D-01   0.4587D-02  -0.2178D-02   0.1501D-01   0.5694D+00  -0.1926D-01   0.1000D+00  -0.6818D-02   0.1224D+00  -0.4799D-01
  -0.1591D-02  -0.6087D-02  -0.3551D-02  -0.8843D-02  -0.1591D-02  -0.6087D-02  -0.3551D-02  -0.8843D-02
  1.000  0.500
  -0.1042D+01   0.0000D+00  -0.1045D+01   0.0000D+00   0.0000D+00   0.0000D+00  -0.8773D+00   0.0000D+00  -0.1042D+01   0.0000D+00  -0.1045D+01   0.0000D+00
   0.5812D+00   0.0000D+00   0.9991D-01   0.0000D+00   0.1762D+00   0.0000D+00   0.1883D+00   0.0000D+00   0.4184D-01   0.0000D+00   0.0000D+00   0.0000D+00   0.5812D+00   0.0000D+00   0.9991D-01   0.0000D+00   0.1762D+00   0.0000D+00
   0.0000D+00   0.0000D+00   0.0000D+00   0.0000D+00   0.0000D+00   0.0000D+00   0.0000D+00   0.0000D+00
  -0.8397D+00   0.1466D+00  -0.9591D+00   0.8707D-01   0.8814D-01  -0.8712D-01  -0.8639D+00   0.4606D-02  -0.8397D+00   0.1466D+00  -0.9591D+00   0.8707D-01
   0.5539D+00  -0.2136D-01   0.9770D-01  -0.7579D-02   0.1136D+00  -0.5330D-01   0.1894D+00   0.0000D+00   0.4705D-01   0.5077D-02  -0.2428D-02   0.1662D-01   0.5539D+00  -0.2136D-01   0.9770D-01  -0.7579D-02   0.1136D+00  -0.5330D-01
  -0.1776D-02  -0.6813D-02  -0.3963D-02  -0.9792D-02  -0.1776D-02  -0.6813D-02  -0.3963D-02  -0.9792D-02
  1.000  1.000
  -0.9550D+00   0.0000D+00  -0.9571D+00   0.0000D+00   0.0000D+00   0.0000D+00  -0.8038D+00   0.0000D+00  -0.9550D+00   0.0000D+00  -0.9571D+00   0.0000D+00
   0.5812D+00   0.0000D+00   0.9991D-01   0.0000D+00   0.1762D+00   0.0000D+00   0.1883D+00   0.0000D+00   0.4184D-01   0.0000D+00   0.0000D+00   0.0000D+00   0.5812D+00   0.0000D+00   0.9991D-01   0.0000D+00   0.1762D+00   0.0000D+00
   0.0000D+00   0.0000D+00   0.0000D+00   0.0000D+00   0.0000D+00   0.0000D+00   0.0000D+00   0.0000D+00
  -0.8622D+00   0.1231D+00  -0.9628D+00   0.7310D-01   0.7398D-01  -0.7313D-01  -0.8576D+00   0.3867D-02  -0.8622D+00   0.1231D+00  -0.9628D+00   0.7310D-01
   0.5564D+00  -0.1957D-01   0.9792D-01  -0.6944D-02   0.1189D+00  -0.4884D-01   0.1893D+00   0.0000D+00   0.4663D-01   0.4652D-02  -0.2225D-02   0.1522D-01   0.5564D+00  -0.1957D-01   0.9792D-01  -0.6944D-02   0.1189D+00  -0.4884D-01
  -0.1627D-02  -0.6242D-02  -0.3631D-02  -0.8972D-02  -0.1627D-02  -0.6242D-02  -0.3631D-02  -0.8972D-02
  1.000  2.000
  -0.8814D+00   0.0000D+00  -0.8834D+00   0.0000D+00   0.0000D+00   0.0000D+00  -0.7418D+00   0.0000D+00  -0.8814D+00   0.0000D+00  -0.8834D+00   0.0000D+00
   0.5812D+00   0.0000D+00   0.9991D-01   0.0000D+00   0.1762D+00   0.0000D+00   0.1883D+00   0.0000D+00   0.4184D-01   0.0000D+00   0.0000D+00   0.0000D+00   0.5812D+00   0.0000D+00   0.9991D-01   0.0000D+00   0.1762D+00   0.0000D+00
   0.0000D+00   0.0000D+00   0.0000D+00   0.0000D+00   0.0000D+00   0.0000D+00   0.0000D+00   0.0000D+00
  -0.8681D+00   0.1048D+00  -0.9541D+00   0.6226D-01   0.6302D-01  -0.6229D-01  -0.8430D+00   0.3294D-02  -0.8681D+00   0.1048D+00  -0.9541D+00   0.6226D-01
   0.5585D+00  -0.1807D-01   0.9811D-01  -0.6409D-02   0.1234D+00  -0.4507D-01   0.1893D+00   0.0000D+00   0.4627D-01   0.4293D-02  -0.2053D-02   0.1405D-01   0.5585D+00  -0.1807D-01   0.9811D-01  -0.6409D-02   0.1234D+00  -0.4507D-01
  -0.1502D-02  -0.5761D-02  -0.3352D-02  -0.8280D-02  -0.1502D-02  -0.5761D-02  -0.3352D-02  -0.8280D-02
  2.000  0.500
  -0.9807D+00   0.0000D+00  -0.9881D+00   0.0000D+00   0.0000D+00   0.0000D+00  -0.8268D+00   0.0000D+00  -0.9807D+00   0.0000D+00  -0.9881D+00   0.0000D+00
   0.5475D+00   0.0000D+00   0.9420D-01   0.0000D+00   0.1660D+00   0.0000D+00   0.1770D+00   0.0000D+00   0.3934D-01   0.0000D+00   0.0000D+00   0.0000D+00   0.5475D+00   0.0000D+00   0.9420D-01   0.0000D+00   0.1660D+00   0.0000D+00
   0.0000D+00   0.0000D+00   0.0000D+00   0.0000D+00   0.0000D+00   0.0000D+00   0.0000D+00   0.0000D+00
  -0.8497D+00   0.1391D+00  -0.9730D+00   0.8238D-01   0.8449D-01  -0.8208D-01  -0.8674D+00   0.4506D-02  -0.8497D+00   0.1391D+00  -0.9730D+00   0.8238D-01
   0.5549D+00  -0.2013D-01   0.9799D-01  -0.7117D-02   0.1162D+00  -0.5002D-01   0.1884D+00   0.0000D+00   0.4678D-01   0.4772D-02  -0.2188D-02   0.1562D-01   0.5549D+00  -0.2013D-01   0.9799D-01  -0.7117D-02   0.1162D+00  -0.5002D-01
  -0.1684D-02  -0.6343D-02  -0.3749D-02  -0.9235D-02  -0.1684D-02  -0.6343D-02  -0.3749D-02  -0.9235D-02
  2.000  1.000
  -0.8985D+00   0.0000D+00  -0.9054D+00   0.0000D+00   0.0000D+00   0.0000D+00  -0.7575D+00   0.0000D+00  -0.8985D+00   0.0000D+00  -0.9054D+00   0.0000D+00
   0.5475D+00   0.0000D+00   0.9420D-01   0.0000D+00   0.1660D+00   0.0000D+00   0.1770D+00   0.0000D+00   0.3934D-01   0.0000D+00   0.0000D+00   0.0000D+00   0.5475D+00   0.0000D+00   0.9420D-01   0.0000D+00   0.1660D+00   0.0000D+00
   0.0000D+00   0.0000D+00   0.0000D+00   0.0000D+00   0.0000D+00   0.0000D+00   0.0000D+00   0.0000D+00
  -0.8613D+00   0.1168D+00  -0.9659D+00   0.6916D-01   0.7093D-01  -0.6890D-01  -0.8529D+00   0.3783D-02  -0.8613D+00   0.1168D+00  -0.9659D+00   0.6916D-01
   0.5545D+00  -0.1844D-01   0.9770D-01  -0.6521D-02   0.1204D+00  -0.4583D-01   0.1875D+00   0.0000D+00   0.4617D-01   0.4372D-02  -0.2005D-02   0.1431D-01   0.5545D+00  -0.1844D-01   0.9770D-01  -0.6521D-02   0.1204D+00  -0.4583D-01
  -0.1542D-02  -0.5812D-02  -0.3435D-02  -0.8462D-02  -0.1542D-02  -0.5812D-02  -0.3435D-02  -0.8462D-02
  2.000  2.000
  -0.8293D+00   0.0000D+00  -0.8356D+00   0.0000D+00   0.0000D+00   0.0000D+00  -0.6991D+00   0.0000D+00  -0.8293D+00   0.0000D+00  -0.8356D+00   0.0000D+00
   0.5475D+00   0.0000D+00   0.9420D-01   0.0000D+00   0.1660D+00   0.0000D+00   0.1770D+00   0.0000D+00   0.3934D-01   0.0000D+00   0.0000D+00   0.0000D+00   0.5475D+00   0.0000D+00   0.9420D-01   0.0000D+00   0.1660D+00   0.0000D+00
   0.0000D+00   0.0000D+00   0.0000D+00   0.0000D+00   0.0000D+00   0.0000D+00   0.0000D+00   0.0000D+00
  -0.8594D+00   0.9948D-01  -0.9495D+00   0.5891D-01   0.6041D-01  -0.5869D-01  -0.8326D+00   0.3223D-02  -0.8594D+00   0.9948D-01  -0.9495D+00   0.5891D-01
   0.5541D+00  -0.1702D-01   0.9746D-01  -0.6019D-02   0.1240D+00  -0.4230D-01   0.1868D+00   0.0000D+00   0.4565D-01   0.4035D-02  -0.1850D-02   0.1321D-01   0.5541D+00  -0.1702D-01   0.9746D-01  -0.6019D-02   0.1240D+00  -0.4230D-01
  -0.1424D-02  -0.5364D-02  -0.3170D-02  -0.7810D-02  -0.1424D-02  -0.5364D-02  -0.3170D-02  -0.7810D-02
