 LHC=           1 sqrts=   8000.0000000000000      ang=           4 mode=fital                                                                                               scalescheme=           1 R=  0.69999999999999996     
 CT10nlo_rand5678                                                                                             167
 Bin information: chid, chiu, md, mu, mu0
   0.0000000000000000       0.50000000000000000        2750.0000000000000        3000.0000000000000        2875.0000000000000     
 9 scales(muf, mur)*(LO(38), NLO(38))
  0.500  0.500
  -0.7765D-05   0.0000D+00  -0.6100D-05   0.0000D+00   0.0000D+00   0.0000D+00  -0.2121D-05   0.0000D+00  -0.7765D-05   0.0000D+00  -0.6100D-05   0.0000D+00
   0.1513D-03   0.0000D+00   0.2367D-04   0.0000D+00   0.5974D-04   0.0000D+00   0.1783D-04   0.0000D+00   0.3962D-05   0.0000D+00   0.0000D+00   0.0000D+00   0.1513D-03   0.0000D+00   0.2367D-04   0.0000D+00   0.5974D-04   0.0000D+00
   0.0000D+00   0.0000D+00   0.0000D+00   0.0000D+00   0.0000D+00   0.0000D+00   0.0000D+00   0.0000D+00
  -0.7799D-05   0.6334D-06  -0.6142D-05   0.3159D-06   0.8065D-07  -0.1694D-06  -0.1997D-05   0.1672D-06  -0.7799D-05   0.6334D-06  -0.6142D-05   0.3159D-06
   0.1286D-03  -0.5832D-05   0.2028D-04  -0.1761D-05   0.4246D-04  -0.1088D-04   0.1618D-04   0.0000D+00   0.3924D-05   0.3868D-06  -0.5190D-06   0.1266D-05   0.1286D-03  -0.5832D-05   0.2028D-04  -0.1761D-05   0.4246D-04  -0.1088D-04
  -0.6545D-06  -0.1468D-05  -0.6939D-06  -0.1378D-05  -0.6545D-06  -0.1468D-05  -0.6939D-06  -0.1378D-05
  0.500  1.000
  -0.7236D-05   0.0000D+00  -0.5685D-05   0.0000D+00   0.0000D+00   0.0000D+00  -0.1976D-05   0.0000D+00  -0.7236D-05   0.0000D+00  -0.5685D-05   0.0000D+00
   0.1513D-03   0.0000D+00   0.2367D-04   0.0000D+00   0.5974D-04   0.0000D+00   0.1783D-04   0.0000D+00   0.3962D-05   0.0000D+00   0.0000D+00   0.0000D+00   0.1513D-03   0.0000D+00   0.2367D-04   0.0000D+00   0.5974D-04   0.0000D+00
   0.0000D+00   0.0000D+00   0.0000D+00   0.0000D+00   0.0000D+00   0.0000D+00   0.0000D+00   0.0000D+00
  -0.7744D-05   0.5501D-06  -0.6097D-05   0.2744D-06   0.7006D-07  -0.1471D-06  -0.1999D-05   0.1453D-06  -0.7744D-05   0.5501D-06  -0.6097D-05   0.2744D-06
   0.1302D-03  -0.5435D-05   0.2051D-04  -0.1641D-05   0.4364D-04  -0.1014D-04   0.1629D-04   0.0000D+00   0.3927D-05   0.3605D-06  -0.4837D-06   0.1180D-05   0.1302D-03  -0.5435D-05   0.2051D-04  -0.1641D-05   0.4364D-04  -0.1014D-04
  -0.6099D-06  -0.1368D-05  -0.6467D-06  -0.1284D-05  -0.6099D-06  -0.1368D-05  -0.6467D-06  -0.1284D-05
  0.500  2.000
  -0.6776D-05   0.0000D+00  -0.5323D-05   0.0000D+00   0.0000D+00   0.0000D+00  -0.1851D-05   0.0000D+00  -0.6776D-05   0.0000D+00  -0.5323D-05   0.0000D+00
   0.1513D-03   0.0000D+00   0.2367D-04   0.0000D+00   0.5974D-04   0.0000D+00   0.1783D-04   0.0000D+00   0.3962D-05   0.0000D+00   0.0000D+00   0.0000D+00   0.1513D-03   0.0000D+00   0.2367D-04   0.0000D+00   0.5974D-04   0.0000D+00
   0.0000D+00   0.0000D+00   0.0000D+00   0.0000D+00   0.0000D+00   0.0000D+00   0.0000D+00   0.0000D+00
  -0.7640D-05   0.4824D-06  -0.6014D-05   0.2406D-06   0.6144D-07  -0.1290D-06  -0.1985D-05   0.1274D-06  -0.7640D-05   0.4824D-06  -0.6014D-05   0.2406D-06
   0.1315D-03  -0.5089D-05   0.2071D-04  -0.1537D-05   0.4466D-04  -0.9493D-05   0.1639D-04   0.0000D+00   0.3929D-05   0.3376D-06  -0.4529D-06   0.1105D-05   0.1315D-03  -0.5089D-05   0.2071D-04  -0.1537D-05   0.4466D-04  -0.9493D-05
  -0.5711D-06  -0.1281D-05  -0.6055D-06  -0.1202D-05  -0.5711D-06  -0.1281D-05  -0.6055D-06  -0.1202D-05
  1.000  0.500
  -0.6070D-05   0.0000D+00  -0.4792D-05   0.0000D+00   0.0000D+00   0.0000D+00  -0.1665D-05   0.0000D+00  -0.6070D-05   0.0000D+00  -0.4792D-05   0.0000D+00
   0.1186D-03   0.0000D+00   0.1859D-04   0.0000D+00   0.4668D-04   0.0000D+00   0.1401D-04   0.0000D+00   0.3114D-05   0.0000D+00   0.0000D+00   0.0000D+00   0.1186D-03   0.0000D+00   0.1859D-04   0.0000D+00   0.4668D-04   0.0000D+00
   0.0000D+00   0.0000D+00   0.0000D+00   0.0000D+00   0.0000D+00   0.0000D+00   0.0000D+00   0.0000D+00
  -0.7589D-05   0.4974D-06  -0.5982D-05   0.2476D-06   0.6232D-07  -0.1330D-06  -0.1968D-05   0.1314D-06  -0.7589D-05   0.4974D-06  -0.5982D-05   0.2476D-06
   0.1298D-03  -0.4557D-05   0.2041D-04  -0.1378D-05   0.4466D-04  -0.8530D-05   0.1609D-04   0.0000D+00   0.3833D-05   0.3040D-06  -0.3978D-06   0.9949D-06   0.1298D-03  -0.4557D-05   0.2041D-04  -0.1378D-05   0.4466D-04  -0.8530D-05
  -0.5116D-06  -0.1147D-05  -0.5453D-06  -0.1083D-05  -0.5116D-06  -0.1147D-05  -0.5453D-06  -0.1083D-05
  1.000  1.000
  -0.5656D-05   0.0000D+00  -0.4466D-05   0.0000D+00   0.0000D+00   0.0000D+00  -0.1552D-05   0.0000D+00  -0.5656D-05   0.0000D+00  -0.4466D-05   0.0000D+00
   0.1186D-03   0.0000D+00   0.1859D-04   0.0000D+00   0.4668D-04   0.0000D+00   0.1401D-04   0.0000D+00   0.3114D-05   0.0000D+00   0.0000D+00   0.0000D+00   0.1186D-03   0.0000D+00   0.1859D-04   0.0000D+00   0.4668D-04   0.0000D+00
   0.0000D+00   0.0000D+00   0.0000D+00   0.0000D+00   0.0000D+00   0.0000D+00   0.0000D+00   0.0000D+00
  -0.7350D-05   0.4320D-06  -0.5794D-05   0.2150D-06   0.5413D-07  -0.1155D-06  -0.1918D-05   0.1141D-06  -0.7350D-05   0.4320D-06  -0.5794D-05   0.2150D-06
   0.1290D-03  -0.4247D-05   0.2028D-04  -0.1284D-05   0.4480D-04  -0.7949D-05   0.1595D-04   0.0000D+00   0.3784D-05   0.2833D-06  -0.3707D-06   0.9272D-06   0.1290D-03  -0.4247D-05   0.2028D-04  -0.1284D-05   0.4480D-04  -0.7949D-05
  -0.4768D-06  -0.1069D-05  -0.5082D-06  -0.1009D-05  -0.4768D-06  -0.1069D-05  -0.5082D-06  -0.1009D-05
  1.000  2.000
  -0.5297D-05   0.0000D+00  -0.4182D-05   0.0000D+00   0.0000D+00   0.0000D+00  -0.1453D-05   0.0000D+00  -0.5297D-05   0.0000D+00  -0.4182D-05   0.0000D+00
   0.1186D-03   0.0000D+00   0.1859D-04   0.0000D+00   0.4668D-04   0.0000D+00   0.1401D-04   0.0000D+00   0.3114D-05   0.0000D+00   0.0000D+00   0.0000D+00   0.1186D-03   0.0000D+00   0.1859D-04   0.0000D+00   0.4668D-04   0.0000D+00
   0.0000D+00   0.0000D+00   0.0000D+00   0.0000D+00   0.0000D+00   0.0000D+00   0.0000D+00   0.0000D+00
  -0.7109D-05   0.3788D-06  -0.5605D-05   0.1885D-06   0.4747D-07  -0.1013D-06  -0.1864D-05   0.1001D-06  -0.7109D-05   0.3788D-06  -0.5605D-05   0.1885D-06
   0.1284D-03  -0.3977D-05   0.2018D-04  -0.1203D-05   0.4492D-04  -0.7444D-05   0.1583D-04   0.0000D+00   0.3742D-05   0.2653D-06  -0.3471D-06   0.8682D-06   0.1284D-03  -0.3977D-05   0.2018D-04  -0.1203D-05   0.4492D-04  -0.7444D-05
  -0.4464D-06  -0.1001D-05  -0.4759D-06  -0.9453D-06  -0.4464D-06  -0.1001D-05  -0.4759D-06  -0.9453D-06
  2.000  0.500
  -0.4822D-05   0.0000D+00  -0.3825D-05   0.0000D+00   0.0000D+00   0.0000D+00  -0.1329D-05   0.0000D+00  -0.4822D-05   0.0000D+00  -0.3825D-05   0.0000D+00
   0.9453D-04   0.0000D+00   0.1483D-04   0.0000D+00   0.3704D-04   0.0000D+00   0.1118D-04   0.0000D+00   0.2485D-05   0.0000D+00   0.0000D+00   0.0000D+00   0.9453D-04   0.0000D+00   0.1483D-04   0.0000D+00   0.3704D-04   0.0000D+00
   0.0000D+00   0.0000D+00   0.0000D+00   0.0000D+00   0.0000D+00   0.0000D+00   0.0000D+00   0.0000D+00
  -0.7228D-05   0.3969D-06  -0.5701D-05   0.1972D-06   0.5008D-07  -0.1062D-06  -0.1895D-05   0.1049D-06  -0.7228D-05   0.3969D-06  -0.5701D-05   0.1972D-06
   0.1265D-03  -0.3617D-05   0.1989D-04  -0.1097D-05   0.4458D-04  -0.6801D-05   0.1556D-04   0.0000D+00   0.3663D-05   0.2426D-06  -0.3132D-06   0.7940D-06   0.1265D-03  -0.3617D-05   0.1989D-04  -0.1097D-05   0.4458D-04  -0.6801D-05
  -0.4064D-06  -0.9102D-06  -0.4353D-06  -0.8640D-06  -0.4064D-06  -0.9102D-06  -0.4353D-06  -0.8640D-06
  2.000  1.000
  -0.4494D-05   0.0000D+00  -0.3564D-05   0.0000D+00   0.0000D+00   0.0000D+00  -0.1239D-05   0.0000D+00  -0.4494D-05   0.0000D+00  -0.3564D-05   0.0000D+00
   0.9453D-04   0.0000D+00   0.1483D-04   0.0000D+00   0.3704D-04   0.0000D+00   0.1118D-04   0.0000D+00   0.2485D-05   0.0000D+00   0.0000D+00   0.0000D+00   0.9453D-04   0.0000D+00   0.1483D-04   0.0000D+00   0.3704D-04   0.0000D+00
   0.0000D+00   0.0000D+00   0.0000D+00   0.0000D+00   0.0000D+00   0.0000D+00   0.0000D+00   0.0000D+00
  -0.6880D-05   0.3447D-06  -0.5429D-05   0.1712D-06   0.4350D-07  -0.9220D-07  -0.1812D-05   0.9109D-07  -0.6880D-05   0.3447D-06  -0.5429D-05   0.1712D-06
   0.1243D-03  -0.3370D-05   0.1955D-04  -0.1022D-05   0.4407D-04  -0.6339D-05   0.1526D-04   0.0000D+00   0.3583D-05   0.2261D-06  -0.2919D-06   0.7399D-06   0.1243D-03  -0.3370D-05   0.1955D-04  -0.1022D-05   0.4407D-04  -0.6339D-05
  -0.3787D-06  -0.8483D-06  -0.4056D-06  -0.8052D-06  -0.3787D-06  -0.8483D-06  -0.4056D-06  -0.8052D-06
  2.000  2.000
  -0.4208D-05   0.0000D+00  -0.3338D-05   0.0000D+00   0.0000D+00   0.0000D+00  -0.1160D-05   0.0000D+00  -0.4208D-05   0.0000D+00  -0.3338D-05   0.0000D+00
   0.9453D-04   0.0000D+00   0.1483D-04   0.0000D+00   0.3704D-04   0.0000D+00   0.1118D-04   0.0000D+00   0.2485D-05   0.0000D+00   0.0000D+00   0.0000D+00   0.9453D-04   0.0000D+00   0.1483D-04   0.0000D+00   0.3704D-04   0.0000D+00
   0.0000D+00   0.0000D+00   0.0000D+00   0.0000D+00   0.0000D+00   0.0000D+00   0.0000D+00   0.0000D+00
  -0.6560D-05   0.3023D-06  -0.5179D-05   0.1502D-06   0.3815D-07  -0.8085D-07  -0.1734D-05   0.7987D-07  -0.6560D-05   0.3023D-06  -0.5179D-05   0.1502D-06
   0.1225D-03  -0.3156D-05   0.1925D-04  -0.9571D-06   0.4362D-04  -0.5935D-05   0.1500D-04   0.0000D+00   0.3513D-05   0.2117D-06  -0.2733D-06   0.6929D-06   0.1225D-03  -0.3156D-05   0.1925D-04  -0.9571D-06   0.4362D-04  -0.5935D-05
  -0.3546D-06  -0.7943D-06  -0.3798D-06  -0.7540D-06  -0.3546D-06  -0.7943D-06  -0.3798D-06  -0.7540D-06
