 LHC=           1 sqrts=   8000.0000000000000      ang=           4 mode=fital                                                                                               scalescheme=           1 R=  0.69999999999999996     
 CT10nlo_rand5678                                                                                              99
 Bin information: chid, chiu, md, mu, mu0
   0.0000000000000000       0.50000000000000000        1327.0000000000000        1410.0000000000000        1368.5000000000000     
 9 scales(muf, mur)*(LO(38), NLO(38))
  0.500  0.500
  -0.3395D-01   0.0000D+00  -0.2356D-01   0.0000D+00   0.0000D+00   0.0000D+00  -0.1157D-01   0.0000D+00  -0.3395D-01   0.0000D+00  -0.2356D-01   0.0000D+00
   0.1365D+00   0.0000D+00   0.2082D-01   0.0000D+00   0.5704D-01   0.0000D+00   0.2302D-01   0.0000D+00   0.5115D-02   0.0000D+00   0.0000D+00   0.0000D+00   0.1365D+00   0.0000D+00   0.2082D-01   0.0000D+00   0.5704D-01   0.0000D+00
   0.0000D+00   0.0000D+00   0.0000D+00   0.0000D+00   0.0000D+00   0.0000D+00   0.0000D+00   0.0000D+00
  -0.2824D-01   0.2717D-02  -0.2086D-01   0.1550D-02   0.1317D-02  -0.1001D-02  -0.1025D-01   0.5194D-03  -0.2824D-01   0.2717D-02  -0.2086D-01   0.1550D-02
   0.1019D+00  -0.6035D-02   0.1596D-01  -0.1766D-02   0.3258D-01  -0.1057D-01   0.1923D-01   0.0000D+00   0.4777D-02   0.5411D-03  -0.8837D-03   0.1771D-02   0.1019D+00  -0.6035D-02   0.1596D-01  -0.1766D-02   0.3258D-01  -0.1057D-01
  -0.6271D-03  -0.1560D-02  -0.6855D-03  -0.1457D-02  -0.6271D-03  -0.1560D-02  -0.6855D-03  -0.1457D-02
  0.500  1.000
  -0.3146D-01   0.0000D+00  -0.2182D-01   0.0000D+00   0.0000D+00   0.0000D+00  -0.1072D-01   0.0000D+00  -0.3146D-01   0.0000D+00  -0.2182D-01   0.0000D+00
   0.1365D+00   0.0000D+00   0.2082D-01   0.0000D+00   0.5704D-01   0.0000D+00   0.2302D-01   0.0000D+00   0.5115D-02   0.0000D+00   0.0000D+00   0.0000D+00   0.1365D+00   0.0000D+00   0.2082D-01   0.0000D+00   0.5704D-01   0.0000D+00
   0.0000D+00   0.0000D+00   0.0000D+00   0.0000D+00   0.0000D+00   0.0000D+00   0.0000D+00   0.0000D+00
  -0.2879D-01   0.2332D-02  -0.2106D-01   0.1331D-02   0.1131D-02  -0.8595D-03  -0.1035D-01   0.4458D-03  -0.2879D-01   0.2332D-02  -0.2106D-01   0.1331D-02
   0.1045D+00  -0.5591D-02   0.1632D-01  -0.1636D-02   0.3438D-01  -0.9796D-02   0.1951D-01   0.0000D+00   0.4802D-02   0.5013D-03  -0.8188D-03   0.1641D-02   0.1045D+00  -0.5591D-02   0.1632D-01  -0.1636D-02   0.3438D-01  -0.9796D-02
  -0.5810D-03  -0.1446D-02  -0.6351D-03  -0.1350D-02  -0.5810D-03  -0.1446D-02  -0.6351D-03  -0.1350D-02
  0.500  2.000
  -0.2931D-01   0.0000D+00  -0.2033D-01   0.0000D+00   0.0000D+00   0.0000D+00  -0.9989D-02   0.0000D+00  -0.2931D-01   0.0000D+00  -0.2033D-01   0.0000D+00
   0.1365D+00   0.0000D+00   0.2082D-01   0.0000D+00   0.5704D-01   0.0000D+00   0.2302D-01   0.0000D+00   0.5115D-02   0.0000D+00   0.0000D+00   0.0000D+00   0.1365D+00   0.0000D+00   0.2082D-01   0.0000D+00   0.5704D-01   0.0000D+00
   0.0000D+00   0.0000D+00   0.0000D+00   0.0000D+00   0.0000D+00   0.0000D+00   0.0000D+00   0.0000D+00
  -0.2894D-01   0.2024D-02  -0.2102D-01   0.1155D-02   0.9816D-03  -0.7461D-03  -0.1033D-01   0.3870D-03  -0.2894D-01   0.2024D-02  -0.2102D-01   0.1155D-02
   0.1067D+00  -0.5209D-02   0.1663D-01  -0.1524D-02   0.3594D-01  -0.9127D-02   0.1975D-01   0.0000D+00   0.4824D-02   0.4670D-03  -0.7629D-03   0.1528D-02   0.1067D+00  -0.5209D-02   0.1663D-01  -0.1524D-02   0.3594D-01  -0.9127D-02
  -0.5413D-03  -0.1347D-02  -0.5917D-03  -0.1258D-02  -0.5413D-03  -0.1347D-02  -0.5917D-03  -0.1258D-02
  1.000  0.500
  -0.2958D-01   0.0000D+00  -0.2052D-01   0.0000D+00   0.0000D+00   0.0000D+00  -0.1007D-01   0.0000D+00  -0.2958D-01   0.0000D+00  -0.2052D-01   0.0000D+00
   0.1189D+00   0.0000D+00   0.1812D-01   0.0000D+00   0.4964D-01   0.0000D+00   0.2004D-01   0.0000D+00   0.4453D-02   0.0000D+00   0.0000D+00   0.0000D+00   0.1189D+00   0.0000D+00   0.1812D-01   0.0000D+00   0.4964D-01   0.0000D+00
   0.0000D+00   0.0000D+00   0.0000D+00   0.0000D+00   0.0000D+00   0.0000D+00   0.0000D+00   0.0000D+00
  -0.2868D-01   0.2365D-02  -0.2100D-01   0.1349D-02   0.1141D-02  -0.8716D-03  -0.1031D-01   0.4534D-03  -0.2868D-01   0.2365D-02  -0.2100D-01   0.1349D-02
   0.1048D+00  -0.5251D-02   0.1638D-01  -0.1536D-02   0.3522D-01  -0.9211D-02   0.1946D-01   0.0000D+00   0.4772D-02   0.4711D-03  -0.7712D-03   0.1542D-02   0.1048D+00  -0.5251D-02   0.1638D-01  -0.1536D-02   0.3522D-01  -0.9211D-02
  -0.5470D-03  -0.1378D-02  -0.5964D-03  -0.1270D-02  -0.5470D-03  -0.1378D-02  -0.5964D-03  -0.1270D-02
  1.000  1.000
  -0.2740D-01   0.0000D+00  -0.1901D-01   0.0000D+00   0.0000D+00   0.0000D+00  -0.9331D-02   0.0000D+00  -0.2740D-01   0.0000D+00  -0.1901D-01   0.0000D+00
   0.1189D+00   0.0000D+00   0.1812D-01   0.0000D+00   0.4964D-01   0.0000D+00   0.2004D-01   0.0000D+00   0.4453D-02   0.0000D+00   0.0000D+00   0.0000D+00   0.1189D+00   0.0000D+00   0.1812D-01   0.0000D+00   0.4964D-01   0.0000D+00
   0.0000D+00   0.0000D+00   0.0000D+00   0.0000D+00   0.0000D+00   0.0000D+00   0.0000D+00   0.0000D+00
  -0.2859D-01   0.2030D-02  -0.2078D-01   0.1158D-02   0.9795D-03  -0.7482D-03  -0.1020D-01   0.3892D-03  -0.2859D-01   0.2030D-02  -0.2078D-01   0.1158D-02
   0.1058D+00  -0.4865D-02   0.1651D-01  -0.1423D-02   0.3628D-01  -0.8534D-02   0.1951D-01   0.0000D+00   0.4749D-02   0.4365D-03  -0.7146D-03   0.1428D-02   0.1058D+00  -0.4865D-02   0.1651D-01  -0.1423D-02   0.3628D-01  -0.8534D-02
  -0.5067D-03  -0.1277D-02  -0.5525D-03  -0.1176D-02  -0.5067D-03  -0.1277D-02  -0.5525D-03  -0.1176D-02
  1.000  2.000
  -0.2553D-01   0.0000D+00  -0.1771D-01   0.0000D+00   0.0000D+00   0.0000D+00  -0.8694D-02   0.0000D+00  -0.2553D-01   0.0000D+00  -0.1771D-01   0.0000D+00
   0.1189D+00   0.0000D+00   0.1812D-01   0.0000D+00   0.4964D-01   0.0000D+00   0.2004D-01   0.0000D+00   0.4453D-02   0.0000D+00   0.0000D+00   0.0000D+00   0.1189D+00   0.0000D+00   0.1812D-01   0.0000D+00   0.4964D-01   0.0000D+00
   0.0000D+00   0.0000D+00   0.0000D+00   0.0000D+00   0.0000D+00   0.0000D+00   0.0000D+00   0.0000D+00
  -0.2825D-01   0.1762D-02  -0.2042D-01   0.1005D-02   0.8503D-03  -0.6494D-03  -0.1003D-01   0.3378D-03  -0.2825D-01   0.1762D-02  -0.2042D-01   0.1005D-02
   0.1067D+00  -0.4533D-02   0.1662D-01  -0.1326D-02   0.3720D-01  -0.7951D-02   0.1954D-01   0.0000D+00   0.4729D-02   0.4067D-03  -0.6658D-03   0.1331D-02   0.1067D+00  -0.4533D-02   0.1662D-01  -0.1326D-02   0.3720D-01  -0.7951D-02
  -0.4721D-03  -0.1190D-02  -0.5148D-03  -0.1096D-02  -0.4721D-03  -0.1190D-02  -0.5148D-03  -0.1096D-02
  2.000  0.500
  -0.2603D-01   0.0000D+00  -0.1805D-01   0.0000D+00   0.0000D+00   0.0000D+00  -0.8851D-02   0.0000D+00  -0.2603D-01   0.0000D+00  -0.1805D-01   0.0000D+00
   0.1043D+00   0.0000D+00   0.1593D-01   0.0000D+00   0.4372D-01   0.0000D+00   0.1760D-01   0.0000D+00   0.3910D-02   0.0000D+00   0.0000D+00   0.0000D+00   0.1043D+00   0.0000D+00   0.1593D-01   0.0000D+00   0.4372D-01   0.0000D+00
   0.0000D+00   0.0000D+00   0.0000D+00   0.0000D+00   0.0000D+00   0.0000D+00   0.0000D+00   0.0000D+00
  -0.2885D-01   0.2079D-02  -0.2100D-01   0.1185D-02   0.1002D-02  -0.7654D-03  -0.1031D-01   0.3991D-03  -0.2885D-01   0.2079D-02  -0.2100D-01   0.1185D-02
   0.1065D+00  -0.4623D-02   0.1663D-01  -0.1350D-02   0.3702D-01  -0.8072D-02   0.1955D-01   0.0000D+00   0.4737D-02   0.4137D-03  -0.6741D-03   0.1354D-02   0.1065D+00  -0.4623D-02   0.1663D-01  -0.1350D-02   0.3702D-01  -0.8072D-02
  -0.4819D-03  -0.1203D-02  -0.5244D-03  -0.1116D-02  -0.4819D-03  -0.1203D-02  -0.5244D-03  -0.1116D-02
  2.000  1.000
  -0.2411D-01   0.0000D+00  -0.1672D-01   0.0000D+00   0.0000D+00   0.0000D+00  -0.8200D-02   0.0000D+00  -0.2411D-01   0.0000D+00  -0.1672D-01   0.0000D+00
   0.1043D+00   0.0000D+00   0.1593D-01   0.0000D+00   0.4372D-01   0.0000D+00   0.1760D-01   0.0000D+00   0.3910D-02   0.0000D+00   0.0000D+00   0.0000D+00   0.1043D+00   0.0000D+00   0.1593D-01   0.0000D+00   0.4372D-01   0.0000D+00
   0.0000D+00   0.0000D+00   0.0000D+00   0.0000D+00   0.0000D+00   0.0000D+00   0.0000D+00   0.0000D+00
  -0.2825D-01   0.1784D-02  -0.2044D-01   0.1017D-02   0.8599D-03  -0.6570D-03  -0.1003D-01   0.3426D-03  -0.2825D-01   0.1784D-02  -0.2044D-01   0.1017D-02
   0.1064D+00  -0.4283D-02   0.1658D-01  -0.1251D-02   0.3752D-01  -0.7479D-02   0.1941D-01   0.0000D+00   0.4677D-02   0.3832D-03  -0.6246D-03   0.1254D-02   0.1064D+00  -0.4283D-02   0.1658D-01  -0.1251D-02   0.3752D-01  -0.7479D-02
  -0.4465D-03  -0.1115D-02  -0.4858D-03  -0.1034D-02  -0.4465D-03  -0.1115D-02  -0.4858D-03  -0.1034D-02
  2.000  2.000
  -0.2247D-01   0.0000D+00  -0.1558D-01   0.0000D+00   0.0000D+00   0.0000D+00  -0.7640D-02   0.0000D+00  -0.2247D-01   0.0000D+00  -0.1558D-01   0.0000D+00
   0.1043D+00   0.0000D+00   0.1593D-01   0.0000D+00   0.4372D-01   0.0000D+00   0.1760D-01   0.0000D+00   0.3910D-02   0.0000D+00   0.0000D+00   0.0000D+00   0.1043D+00   0.0000D+00   0.1593D-01   0.0000D+00   0.4372D-01   0.0000D+00
   0.0000D+00   0.0000D+00   0.0000D+00   0.0000D+00   0.0000D+00   0.0000D+00   0.0000D+00   0.0000D+00
  -0.2755D-01   0.1549D-02  -0.1984D-01   0.8831D-03   0.7465D-03  -0.5703D-03  -0.9737D-02   0.2974D-03  -0.2755D-01   0.1549D-02  -0.1984D-01   0.8831D-03
   0.1062D+00  -0.3990D-02   0.1654D-01  -0.1165D-02   0.3794D-01  -0.6968D-02   0.1929D-01   0.0000D+00   0.4625D-02   0.3571D-03  -0.5820D-03   0.1169D-02   0.1062D+00  -0.3990D-02   0.1654D-01  -0.1165D-02   0.3794D-01  -0.6968D-02
  -0.4160D-03  -0.1039D-02  -0.4527D-03  -0.9634D-03  -0.4160D-03  -0.1039D-02  -0.4527D-03  -0.9634D-03
