 LHC=           1 sqrts=   8000.0000000000000      ang=           4 mode=fital                                                                                               scalescheme=           1 R=  0.69999999999999996     
 NNPDF23_nlo_as_0118                                                                                           26
 Bin information: chid, chiu, md, mu, mu0
   0.0000000000000000       0.50000000000000000        1410.0000000000000        1497.0000000000000        1453.5000000000000     
 9 scales(muf, mur)*(LO(38), NLO(38))
  0.500  0.500
  -0.2484D-01   0.0000D+00  -0.1607D-01   0.0000D+00   0.0000D+00   0.0000D+00  -0.6614D-02   0.0000D+00  -0.2484D-01   0.0000D+00  -0.1607D-01   0.0000D+00
   0.1043D+00   0.0000D+00   0.1547D-01   0.0000D+00   0.4629D-01   0.0000D+00   0.1388D-01   0.0000D+00   0.3084D-02   0.0000D+00   0.0000D+00   0.0000D+00   0.1043D+00   0.0000D+00   0.1547D-01   0.0000D+00   0.4629D-01   0.0000D+00
   0.0000D+00   0.0000D+00   0.0000D+00   0.0000D+00   0.0000D+00   0.0000D+00   0.0000D+00   0.0000D+00
  -0.2090D-01   0.1845D-02  -0.1425D-01   0.1042D-02   0.8180D-03  -0.5776D-03  -0.5650D-02   0.4268D-03  -0.2090D-01   0.1845D-02  -0.1425D-01   0.1042D-02
   0.7659D-01  -0.4940D-02   0.1163D-01  -0.1399D-02   0.2676D-01  -0.8089D-02   0.1150D-01   0.0000D+00   0.2816D-02   0.3292D-03  -0.8523D-03   0.1077D-02   0.7659D-01  -0.4940D-02   0.1163D-01  -0.1399D-02   0.2676D-01  -0.8089D-02
  -0.5216D-03  -0.1246D-02  -0.4920D-03  -0.1028D-02  -0.5216D-03  -0.1246D-02  -0.4920D-03  -0.1028D-02
  0.500  1.000
  -0.2316D-01   0.0000D+00  -0.1498D-01   0.0000D+00   0.0000D+00   0.0000D+00  -0.6167D-02   0.0000D+00  -0.2316D-01   0.0000D+00  -0.1498D-01   0.0000D+00
   0.1043D+00   0.0000D+00   0.1547D-01   0.0000D+00   0.4629D-01   0.0000D+00   0.1388D-01   0.0000D+00   0.3084D-02   0.0000D+00   0.0000D+00   0.0000D+00   0.1043D+00   0.0000D+00   0.1547D-01   0.0000D+00   0.4629D-01   0.0000D+00
   0.0000D+00   0.0000D+00   0.0000D+00   0.0000D+00   0.0000D+00   0.0000D+00   0.0000D+00   0.0000D+00
  -0.2141D-01   0.1604D-02  -0.1448D-01   0.9063D-03   0.7112D-03  -0.5022D-03  -0.5774D-02   0.3710D-03  -0.2141D-01   0.1604D-02  -0.1448D-01   0.9063D-03
   0.7847D-01  -0.4606D-02   0.1189D-01  -0.1305D-02   0.2808D-01  -0.7542D-02   0.1167D-01   0.0000D+00   0.2834D-02   0.3070D-03  -0.7948D-03   0.1005D-02   0.7847D-01  -0.4606D-02   0.1189D-01  -0.1305D-02   0.2808D-01  -0.7542D-02
  -0.4864D-03  -0.1162D-02  -0.4588D-03  -0.9581D-03  -0.4864D-03  -0.1162D-02  -0.4588D-03  -0.9581D-03
  0.500  2.000
  -0.2169D-01   0.0000D+00  -0.1404D-01   0.0000D+00   0.0000D+00   0.0000D+00  -0.5778D-02   0.0000D+00  -0.2169D-01   0.0000D+00  -0.1404D-01   0.0000D+00
   0.1043D+00   0.0000D+00   0.1547D-01   0.0000D+00   0.4629D-01   0.0000D+00   0.1388D-01   0.0000D+00   0.3084D-02   0.0000D+00   0.0000D+00   0.0000D+00   0.1043D+00   0.0000D+00   0.1547D-01   0.0000D+00   0.4629D-01   0.0000D+00
   0.0000D+00   0.0000D+00   0.0000D+00   0.0000D+00   0.0000D+00   0.0000D+00   0.0000D+00   0.0000D+00
  -0.2163D-01   0.1408D-02  -0.1454D-01   0.7953D-03   0.6242D-03  -0.4407D-03  -0.5823D-02   0.3256D-03  -0.2163D-01   0.1408D-02  -0.1454D-01   0.7953D-03
   0.8011D-01  -0.4315D-02   0.1212D-01  -0.1222D-02   0.2923D-01  -0.7066D-02   0.1181D-01   0.0000D+00   0.2850D-02   0.2876D-03  -0.7446D-03   0.9411D-03   0.8011D-01  -0.4315D-02   0.1212D-01  -0.1222D-02   0.2923D-01  -0.7066D-02
  -0.4556D-03  -0.1088D-02  -0.4298D-03  -0.8976D-03  -0.4556D-03  -0.1088D-02  -0.4298D-03  -0.8976D-03
  1.000  0.500
  -0.2145D-01   0.0000D+00  -0.1384D-01   0.0000D+00   0.0000D+00   0.0000D+00  -0.5686D-02   0.0000D+00  -0.2145D-01   0.0000D+00  -0.1384D-01   0.0000D+00
   0.8997D-01   0.0000D+00   0.1332D-01   0.0000D+00   0.3999D-01   0.0000D+00   0.1191D-01   0.0000D+00   0.2646D-02   0.0000D+00   0.0000D+00   0.0000D+00   0.8997D-01   0.0000D+00   0.1332D-01   0.0000D+00   0.3999D-01   0.0000D+00
   0.0000D+00   0.0000D+00   0.0000D+00   0.0000D+00   0.0000D+00   0.0000D+00   0.0000D+00   0.0000D+00
  -0.2118D-01   0.1589D-02  -0.1432D-01   0.8985D-03   0.7040D-03  -0.4963D-03  -0.5714D-02   0.3698D-03  -0.2118D-01   0.1589D-02  -0.1432D-01   0.8985D-03
   0.7923D-01  -0.4265D-02   0.1197D-01  -0.1207D-02   0.2901D-01  -0.6989D-02   0.1169D-01   0.0000D+00   0.2815D-02   0.2824D-03  -0.7351D-03   0.9242D-03   0.7923D-01  -0.4265D-02   0.1197D-01  -0.1207D-02   0.2901D-01  -0.6989D-02
  -0.4512D-03  -0.1075D-02  -0.4236D-03  -0.8852D-03  -0.4512D-03  -0.1075D-02  -0.4236D-03  -0.8852D-03
  1.000  1.000
  -0.2000D-01   0.0000D+00  -0.1291D-01   0.0000D+00   0.0000D+00   0.0000D+00  -0.5301D-02   0.0000D+00  -0.2000D-01   0.0000D+00  -0.1291D-01   0.0000D+00
   0.8997D-01   0.0000D+00   0.1332D-01   0.0000D+00   0.3999D-01   0.0000D+00   0.1191D-01   0.0000D+00   0.2646D-02   0.0000D+00   0.0000D+00   0.0000D+00   0.8997D-01   0.0000D+00   0.1332D-01   0.0000D+00   0.3999D-01   0.0000D+00
   0.0000D+00   0.0000D+00   0.0000D+00   0.0000D+00   0.0000D+00   0.0000D+00   0.0000D+00   0.0000D+00
  -0.2121D-01   0.1382D-02  -0.1425D-01   0.7812D-03   0.6121D-03  -0.4314D-03  -0.5709D-02   0.3215D-03  -0.2121D-01   0.1382D-02  -0.1425D-01   0.7812D-03
   0.7996D-01  -0.3977D-02   0.1206D-01  -0.1125D-02   0.2976D-01  -0.6517D-02   0.1170D-01   0.0000D+00   0.2804D-02   0.2633D-03  -0.6855D-03   0.8617D-03   0.7996D-01  -0.3977D-02   0.1206D-01  -0.1125D-02   0.2976D-01  -0.6517D-02
  -0.4208D-03  -0.1002D-02  -0.3950D-03  -0.8254D-03  -0.4208D-03  -0.1002D-02  -0.3950D-03  -0.8254D-03
  1.000  2.000
  -0.1873D-01   0.0000D+00  -0.1209D-01   0.0000D+00   0.0000D+00   0.0000D+00  -0.4966D-02   0.0000D+00  -0.1873D-01   0.0000D+00  -0.1209D-01   0.0000D+00
   0.8997D-01   0.0000D+00   0.1332D-01   0.0000D+00   0.3999D-01   0.0000D+00   0.1191D-01   0.0000D+00   0.2646D-02   0.0000D+00   0.0000D+00   0.0000D+00   0.8997D-01   0.0000D+00   0.1332D-01   0.0000D+00   0.3999D-01   0.0000D+00
   0.0000D+00   0.0000D+00   0.0000D+00   0.0000D+00   0.0000D+00   0.0000D+00   0.0000D+00   0.0000D+00
  -0.2106D-01   0.1213D-02  -0.1409D-01   0.6855D-03   0.5372D-03  -0.3786D-03  -0.5660D-02   0.2821D-03  -0.2106D-01   0.1213D-02  -0.1409D-01   0.6855D-03
   0.8060D-01  -0.3726D-02   0.1214D-01  -0.1054D-02   0.3041D-01  -0.6105D-02   0.1172D-01   0.0000D+00   0.2794D-02   0.2467D-03  -0.6422D-03   0.8073D-03   0.8060D-01  -0.3726D-02   0.1214D-01  -0.1054D-02   0.3041D-01  -0.6105D-02
  -0.3942D-03  -0.9386D-03  -0.3700D-03  -0.7733D-03  -0.3942D-03  -0.9386D-03  -0.3700D-03  -0.7733D-03
  2.000  0.500
  -0.1871D-01   0.0000D+00  -0.1204D-01   0.0000D+00   0.0000D+00   0.0000D+00  -0.4924D-02   0.0000D+00  -0.1871D-01   0.0000D+00  -0.1204D-01   0.0000D+00
   0.7822D-01   0.0000D+00   0.1158D-01   0.0000D+00   0.3485D-01   0.0000D+00   0.1031D-01   0.0000D+00   0.2290D-02   0.0000D+00   0.0000D+00   0.0000D+00   0.7822D-01   0.0000D+00   0.1158D-01   0.0000D+00   0.3485D-01   0.0000D+00
   0.0000D+00   0.0000D+00   0.0000D+00   0.0000D+00   0.0000D+00   0.0000D+00   0.0000D+00   0.0000D+00
  -0.2128D-01   0.1383D-02  -0.1425D-01   0.7825D-03   0.6080D-03  -0.4300D-03  -0.5707D-02   0.3229D-03  -0.2128D-01   0.1383D-02  -0.1425D-01   0.7825D-03
   0.8051D-01  -0.3720D-02   0.1215D-01  -0.1050D-02   0.3040D-01  -0.6062D-02   0.1172D-01   0.0000D+00   0.2792D-02   0.2443D-03  -0.6427D-03   0.7997D-03   0.8051D-01  -0.3720D-02   0.1215D-01  -0.1050D-02   0.3040D-01  -0.6062D-02
  -0.3943D-03  -0.9338D-03  -0.3681D-03  -0.7677D-03  -0.3943D-03  -0.9338D-03  -0.3681D-03  -0.7677D-03
  2.000  1.000
  -0.1744D-01   0.0000D+00  -0.1123D-01   0.0000D+00   0.0000D+00   0.0000D+00  -0.4591D-02   0.0000D+00  -0.1744D-01   0.0000D+00  -0.1123D-01   0.0000D+00
   0.7822D-01   0.0000D+00   0.1158D-01   0.0000D+00   0.3485D-01   0.0000D+00   0.1031D-01   0.0000D+00   0.2290D-02   0.0000D+00   0.0000D+00   0.0000D+00   0.7822D-01   0.0000D+00   0.1158D-01   0.0000D+00   0.3485D-01   0.0000D+00
   0.0000D+00   0.0000D+00   0.0000D+00   0.0000D+00   0.0000D+00   0.0000D+00   0.0000D+00   0.0000D+00
  -0.2094D-01   0.1202D-02  -0.1396D-01   0.6803D-03   0.5287D-03  -0.3738D-03  -0.5604D-02   0.2807D-03  -0.2094D-01   0.1202D-02  -0.1396D-01   0.6803D-03
   0.8036D-01  -0.3468D-02   0.1211D-01  -0.9795D-03   0.3071D-01  -0.5653D-02   0.1162D-01   0.0000D+00   0.2758D-02   0.2278D-03  -0.5993D-03   0.7456D-03   0.8036D-01  -0.3468D-02   0.1211D-01  -0.9795D-03   0.3071D-01  -0.5653D-02
  -0.3677D-03  -0.8707D-03  -0.3432D-03  -0.7158D-03  -0.3677D-03  -0.8707D-03  -0.3432D-03  -0.7158D-03
  2.000  2.000
  -0.1634D-01   0.0000D+00  -0.1052D-01   0.0000D+00   0.0000D+00   0.0000D+00  -0.4301D-02   0.0000D+00  -0.1634D-01   0.0000D+00  -0.1052D-01   0.0000D+00
   0.7822D-01   0.0000D+00   0.1158D-01   0.0000D+00   0.3485D-01   0.0000D+00   0.1031D-01   0.0000D+00   0.2290D-02   0.0000D+00   0.0000D+00   0.0000D+00   0.7822D-01   0.0000D+00   0.1158D-01   0.0000D+00   0.3485D-01   0.0000D+00
   0.0000D+00   0.0000D+00   0.0000D+00   0.0000D+00   0.0000D+00   0.0000D+00   0.0000D+00   0.0000D+00
  -0.2051D-01   0.1055D-02  -0.1363D-01   0.5971D-03   0.4640D-03  -0.3281D-03  -0.5480D-02   0.2464D-03  -0.2051D-01   0.1055D-02  -0.1363D-01   0.5971D-03
   0.8023D-01  -0.3249D-02   0.1208D-01  -0.9176D-03   0.3097D-01  -0.5295D-02   0.1154D-01   0.0000D+00   0.2728D-02   0.2134D-03  -0.5615D-03   0.6985D-03   0.8023D-01  -0.3249D-02   0.1208D-01  -0.9176D-03   0.3097D-01  -0.5295D-02
  -0.3444D-03  -0.8156D-03  -0.3215D-03  -0.6706D-03  -0.3444D-03  -0.8156D-03  -0.3215D-03  -0.6706D-03
