 LHC=           1 sqrts=   8000.0000000000000      ang=           4 mode=fital                                                                                               scalescheme=           1 R=  0.69999999999999996     
 CT10nlo_rand5678                                                                                             463
 Bin information: chid, chiu, md, mu, mu0
   0.0000000000000000       0.50000000000000000        84.000000000000000        97.000000000000000        90.500000000000000     
 9 scales(muf, mur)*(LO(38), NLO(38))
  0.500  0.500
  -0.1351D+02   0.0000D+00  -0.2258D+02   0.0000D+00   0.0000D+00   0.0000D+00  -0.2431D+02   0.0000D+00  -0.1351D+02   0.0000D+00  -0.2258D+02   0.0000D+00
   0.3696D+00   0.0000D+00   0.6907D-01   0.0000D+00   0.7734D-01   0.0000D+00   0.1645D+00   0.0000D+00   0.3655D-01   0.0000D+00   0.0000D+00   0.0000D+00   0.3696D+00   0.0000D+00   0.6907D-01   0.0000D+00   0.7734D-01   0.0000D+00
   0.0000D+00   0.0000D+00   0.0000D+00   0.0000D+00   0.0000D+00   0.0000D+00   0.0000D+00   0.0000D+00
  -0.9235D+01   0.4151D+01  -0.1812D+02   0.2502D+01   0.1977D+01  -0.3054D+01  -0.2148D+02  -0.2798D+00  -0.9235D+01   0.4151D+01  -0.1812D+02   0.2502D+01
   0.7266D+00  -0.1207D-01   0.1349D+00  -0.5429D-02   0.1134D+00  -0.4362D-01   0.2898D+00   0.0000D+00   0.7680D-01   0.5613D-02   0.6040D-02   0.1837D-01   0.7266D+00  -0.1207D-01   0.1349D+00  -0.5429D-02   0.1134D+00  -0.4362D-01
  -0.3532D-03  -0.4490D-02  -0.2882D-02  -0.9532D-02  -0.3532D-03  -0.4490D-02  -0.2882D-02  -0.9532D-02
  0.500  1.000
  -0.1209D+02   0.0000D+00  -0.2021D+02   0.0000D+00   0.0000D+00   0.0000D+00  -0.2176D+02   0.0000D+00  -0.1209D+02   0.0000D+00  -0.2021D+02   0.0000D+00
   0.3696D+00   0.0000D+00   0.6907D-01   0.0000D+00   0.7734D-01   0.0000D+00   0.1645D+00   0.0000D+00   0.3655D-01   0.0000D+00   0.0000D+00   0.0000D+00   0.3696D+00   0.0000D+00   0.6907D-01   0.0000D+00   0.7734D-01   0.0000D+00
   0.0000D+00   0.0000D+00   0.0000D+00   0.0000D+00   0.0000D+00   0.0000D+00   0.0000D+00   0.0000D+00
  -0.9891D+01   0.3325D+01  -0.1868D+02   0.2004D+01   0.1583D+01  -0.2446D+01  -0.2169D+02  -0.2241D+00  -0.9891D+01   0.3325D+01  -0.1868D+02   0.2004D+01
   0.6920D+00  -0.1081D-01   0.1285D+00  -0.4859D-02   0.1103D+00  -0.3904D-01   0.2775D+00   0.0000D+00   0.7282D-01   0.5024D-02   0.5453D-02   0.1644D-01   0.6920D+00  -0.1081D-01   0.1285D+00  -0.4859D-02   0.1103D+00  -0.3904D-01
  -0.3160D-03  -0.4019D-02  -0.2579D-02  -0.8531D-02  -0.3160D-03  -0.4019D-02  -0.2579D-02  -0.8531D-02
  0.500  2.000
  -0.1095D+02   0.0000D+00  -0.1830D+02   0.0000D+00   0.0000D+00   0.0000D+00  -0.1970D+02   0.0000D+00  -0.1095D+02   0.0000D+00  -0.1830D+02   0.0000D+00
   0.3696D+00   0.0000D+00   0.6907D-01   0.0000D+00   0.7734D-01   0.0000D+00   0.1645D+00   0.0000D+00   0.3655D-01   0.0000D+00   0.0000D+00   0.0000D+00   0.3696D+00   0.0000D+00   0.6907D-01   0.0000D+00   0.7734D-01   0.0000D+00
   0.0000D+00   0.0000D+00   0.0000D+00   0.0000D+00   0.0000D+00   0.0000D+00   0.0000D+00   0.0000D+00
  -0.1015D+02   0.2726D+01  -0.1872D+02   0.1643D+01   0.1297D+01  -0.2005D+01  -0.2145D+02  -0.1838D+00  -0.1015D+02   0.2726D+01  -0.1872D+02   0.1643D+01
   0.6633D+00  -0.9786D-02   0.1232D+00  -0.4400D-02   0.1075D+00  -0.3536D-01   0.2674D+00   0.0000D+00   0.6955D-01   0.4549D-02   0.4973D-02   0.1489D-01   0.6633D+00  -0.9786D-02   0.1232D+00  -0.4400D-02   0.1075D+00  -0.3536D-01
  -0.2861D-03  -0.3639D-02  -0.2335D-02  -0.7725D-02  -0.2861D-03  -0.3639D-02  -0.2335D-02  -0.7725D-02
  1.000  0.500
  -0.1406D+02   0.0000D+00  -0.2372D+02   0.0000D+00   0.0000D+00   0.0000D+00  -0.2541D+02   0.0000D+00  -0.1406D+02   0.0000D+00  -0.2372D+02   0.0000D+00
   0.3909D+00   0.0000D+00   0.7215D-01   0.0000D+00   0.8017D-01   0.0000D+00   0.1733D+00   0.0000D+00   0.3852D-01   0.0000D+00   0.0000D+00   0.0000D+00   0.3909D+00   0.0000D+00   0.7215D-01   0.0000D+00   0.8017D-01   0.0000D+00
   0.0000D+00   0.0000D+00   0.0000D+00   0.0000D+00   0.0000D+00   0.0000D+00   0.0000D+00   0.0000D+00
  -0.8773D+01   0.4406D+01  -0.1830D+02   0.2610D+01   0.2020D+01  -0.3203D+01  -0.2126D+02  -0.2941D+00  -0.8773D+01   0.4406D+01  -0.1830D+02   0.2610D+01
   0.7001D+00  -0.1236D-01   0.1299D+00  -0.5688D-02   0.1067D+00  -0.4659D-01   0.2817D+00   0.0000D+00   0.7477D-01   0.5856D-02   0.5519D-02   0.1916D-01   0.7001D+00  -0.1236D-01   0.1299D+00  -0.5688D-02   0.1067D+00  -0.4659D-01
  -0.3804D-03  -0.4563D-02  -0.3104D-02  -0.9994D-02  -0.3804D-03  -0.4563D-02  -0.3104D-02  -0.9994D-02
  1.000  1.000
  -0.1258D+02   0.0000D+00  -0.2123D+02   0.0000D+00   0.0000D+00   0.0000D+00  -0.2274D+02   0.0000D+00  -0.1258D+02   0.0000D+00  -0.2123D+02   0.0000D+00
   0.3909D+00   0.0000D+00   0.7215D-01   0.0000D+00   0.8017D-01   0.0000D+00   0.1733D+00   0.0000D+00   0.3852D-01   0.0000D+00   0.0000D+00   0.0000D+00   0.3909D+00   0.0000D+00   0.7215D-01   0.0000D+00   0.8017D-01   0.0000D+00
   0.0000D+00   0.0000D+00   0.0000D+00   0.0000D+00   0.0000D+00   0.0000D+00   0.0000D+00   0.0000D+00
  -0.9622D+01   0.3529D+01  -0.1904D+02   0.2091D+01   0.1617D+01  -0.2565D+01  -0.2172D+02  -0.2356D+00  -0.9622D+01   0.3529D+01  -0.1904D+02   0.2091D+01
   0.6708D+00  -0.1106D-01   0.1244D+00  -0.5091D-02   0.1046D+00  -0.4170D-01   0.2712D+00   0.0000D+00   0.7123D-01   0.5241D-02   0.4989D-02   0.1715D-01   0.6708D+00  -0.1106D-01   0.1244D+00  -0.5091D-02   0.1046D+00  -0.4170D-01
  -0.3404D-03  -0.4085D-02  -0.2778D-02  -0.8945D-02  -0.3404D-03  -0.4085D-02  -0.2778D-02  -0.8945D-02
  1.000  2.000
  -0.1139D+02   0.0000D+00  -0.1922D+02   0.0000D+00   0.0000D+00   0.0000D+00  -0.2059D+02   0.0000D+00  -0.1139D+02   0.0000D+00  -0.1922D+02   0.0000D+00
   0.3909D+00   0.0000D+00   0.7215D-01   0.0000D+00   0.8017D-01   0.0000D+00   0.1733D+00   0.0000D+00   0.3852D-01   0.0000D+00   0.0000D+00   0.0000D+00   0.3909D+00   0.0000D+00   0.7215D-01   0.0000D+00   0.8017D-01   0.0000D+00
   0.0000D+00   0.0000D+00   0.0000D+00   0.0000D+00   0.0000D+00   0.0000D+00   0.0000D+00   0.0000D+00
  -0.1001D+02   0.2893D+01  -0.1918D+02   0.1714D+01   0.1325D+01  -0.2103D+01  -0.2164D+02  -0.1932D+00  -0.1001D+02   0.2893D+01  -0.1918D+02   0.1714D+01
   0.6477D+00  -0.1002D-01   0.1200D+00  -0.4610D-02   0.1032D+00  -0.3776D-01   0.2628D+00   0.0000D+00   0.6839D-01   0.4746D-02   0.4550D-02   0.1553D-01   0.6477D+00  -0.1002D-01   0.1200D+00  -0.4610D-02   0.1032D+00  -0.3776D-01
  -0.3081D-03  -0.3699D-02  -0.2515D-02  -0.8100D-02  -0.3081D-03  -0.3699D-02  -0.2515D-02  -0.8100D-02
  2.000  0.500
  -0.1435D+02   0.0000D+00  -0.2497D+02   0.0000D+00   0.0000D+00   0.0000D+00  -0.2666D+02   0.0000D+00  -0.1435D+02   0.0000D+00  -0.2497D+02   0.0000D+00
   0.4026D+00   0.0000D+00   0.7615D-01   0.0000D+00   0.8367D-01   0.0000D+00   0.1792D+00   0.0000D+00   0.3981D-01   0.0000D+00   0.0000D+00   0.0000D+00   0.4026D+00   0.0000D+00   0.7615D-01   0.0000D+00   0.8367D-01   0.0000D+00
   0.0000D+00   0.0000D+00   0.0000D+00   0.0000D+00   0.0000D+00   0.0000D+00   0.0000D+00   0.0000D+00
  -0.8615D+01   0.4642D+01  -0.1814D+02   0.2747D+01   0.2186D+01  -0.3353D+01  -0.2155D+02  -0.3037D+00  -0.8615D+01   0.4642D+01  -0.1814D+02   0.2747D+01
   0.6919D+00  -0.1286D-01   0.1309D+00  -0.5852D-02   0.1130D+00  -0.4731D-01   0.2794D+00   0.0000D+00   0.7476D-01   0.6170D-02   0.4882D-02   0.2019D-01   0.6919D+00  -0.1286D-01   0.1309D+00  -0.5852D-02   0.1130D+00  -0.4731D-01
  -0.4123D-03  -0.4867D-02  -0.3262D-02  -0.1043D-01  -0.4123D-03  -0.4867D-02  -0.3262D-02  -0.1043D-01
  2.000  1.000
  -0.1284D+02   0.0000D+00  -0.2234D+02   0.0000D+00   0.0000D+00   0.0000D+00  -0.2386D+02   0.0000D+00  -0.1284D+02   0.0000D+00  -0.2234D+02   0.0000D+00
   0.4026D+00   0.0000D+00   0.7615D-01   0.0000D+00   0.8367D-01   0.0000D+00   0.1792D+00   0.0000D+00   0.3981D-01   0.0000D+00   0.0000D+00   0.0000D+00   0.4026D+00   0.0000D+00   0.7615D-01   0.0000D+00   0.8367D-01   0.0000D+00
   0.0000D+00   0.0000D+00   0.0000D+00   0.0000D+00   0.0000D+00   0.0000D+00   0.0000D+00   0.0000D+00
  -0.9504D+01   0.3717D+01  -0.1909D+02   0.2200D+01   0.1751D+01  -0.2686D+01  -0.2214D+02  -0.2432D+00  -0.9504D+01   0.3717D+01  -0.1909D+02   0.2200D+01
   0.6417D+00  -0.1151D-01   0.1217D+00  -0.5238D-02   0.1043D+00  -0.4234D-01   0.2645D+00   0.0000D+00   0.6972D-01   0.5522D-02   0.4233D-02   0.1807D-01   0.6417D+00  -0.1151D-01   0.1217D+00  -0.5238D-02   0.1043D+00  -0.4234D-01
  -0.3688D-03  -0.4356D-02  -0.2919D-02  -0.9331D-02  -0.3688D-03  -0.4356D-02  -0.2919D-02  -0.9331D-02
  2.000  2.000
  -0.1163D+02   0.0000D+00  -0.2023D+02   0.0000D+00   0.0000D+00   0.0000D+00  -0.2161D+02   0.0000D+00  -0.1163D+02   0.0000D+00  -0.2023D+02   0.0000D+00
   0.4026D+00   0.0000D+00   0.7615D-01   0.0000D+00   0.8367D-01   0.0000D+00   0.1792D+00   0.0000D+00   0.3981D-01   0.0000D+00   0.0000D+00   0.0000D+00   0.4026D+00   0.0000D+00   0.7615D-01   0.0000D+00   0.8367D-01   0.0000D+00
   0.0000D+00   0.0000D+00   0.0000D+00   0.0000D+00   0.0000D+00   0.0000D+00   0.0000D+00   0.0000D+00
  -0.9957D+01   0.3048D+01  -0.1942D+02   0.1804D+01   0.1435D+01  -0.2202D+01  -0.2217D+02  -0.1994D+00  -0.9957D+01   0.3048D+01  -0.1942D+02   0.1804D+01
   0.6226D+00  -0.1042D-01   0.1180D+00  -0.4743D-02   0.1032D+00  -0.3834D-01   0.2575D+00   0.0000D+00   0.6719D-01   0.5001D-02   0.3890D-02   0.1636D-01   0.6226D+00  -0.1042D-01   0.1180D+00  -0.4743D-02   0.1032D+00  -0.3834D-01
  -0.3339D-03  -0.3945D-02  -0.2643D-02  -0.8450D-02  -0.3339D-03  -0.3945D-02  -0.2643D-02  -0.8450D-02
