 LHC=           1 sqrts=   8000.0000000000000      ang=           4 mode=fital                                                                                               scalescheme=           1 R=  0.69999999999999996     
 CT10nlo_rand5678                                                                                             221
 Bin information: chid, chiu, md, mu, mu0
   0.0000000000000000       0.50000000000000000        507.00000000000000        548.00000000000000        527.50000000000000     
 9 scales(muf, mur)*(LO(38), NLO(38))
  0.500  0.500
  -0.7938D+00   0.0000D+00  -0.7366D+00   0.0000D+00   0.0000D+00   0.0000D+00  -0.5620D+00   0.0000D+00  -0.7938D+00   0.0000D+00  -0.7366D+00   0.0000D+00
   0.5682D+00   0.0000D+00   0.9573D-01   0.0000D+00   0.1850D+00   0.0000D+00   0.1651D+00   0.0000D+00   0.3670D-01   0.0000D+00   0.0000D+00   0.0000D+00   0.5682D+00   0.0000D+00   0.9573D-01   0.0000D+00   0.1850D+00   0.0000D+00
   0.0000D+00   0.0000D+00   0.0000D+00   0.0000D+00   0.0000D+00   0.0000D+00   0.0000D+00   0.0000D+00
  -0.5933D+00   0.9981D-01  -0.6359D+00   0.5878D-01   0.6228D-01  -0.5461D-01  -0.5123D+00   0.6403D-02  -0.5933D+00   0.9981D-01  -0.6359D+00   0.5878D-01
   0.4881D+00  -0.2196D-01   0.8460D-01  -0.7446D-02   0.1038D+00  -0.5067D-01   0.1515D+00   0.0000D+00   0.3786D-01   0.4360D-02  -0.3303D-02   0.1427D-01   0.4881D+00  -0.2196D-01   0.8460D-01  -0.7446D-02   0.1038D+00  -0.5067D-01
  -0.1952D-02  -0.6615D-02  -0.3706D-02  -0.8842D-02  -0.1952D-02  -0.6615D-02  -0.3706D-02  -0.8842D-02
  0.500  1.000
  -0.7287D+00   0.0000D+00  -0.6761D+00   0.0000D+00   0.0000D+00   0.0000D+00  -0.5159D+00   0.0000D+00  -0.7287D+00   0.0000D+00  -0.6761D+00   0.0000D+00
   0.5682D+00   0.0000D+00   0.9573D-01   0.0000D+00   0.1850D+00   0.0000D+00   0.1651D+00   0.0000D+00   0.3670D-01   0.0000D+00   0.0000D+00   0.0000D+00   0.5682D+00   0.0000D+00   0.9573D-01   0.0000D+00   0.1850D+00   0.0000D+00
   0.0000D+00   0.0000D+00   0.0000D+00   0.0000D+00   0.0000D+00   0.0000D+00   0.0000D+00   0.0000D+00
  -0.6175D+00   0.8410D-01  -0.6449D+00   0.4953D-01   0.5247D-01  -0.4601D-01  -0.5149D+00   0.5395D-02  -0.6175D+00   0.8410D-01  -0.6449D+00   0.4953D-01
   0.4949D+00  -0.2016D-01   0.8554D-01  -0.6835D-02   0.1105D+00  -0.4651D-01   0.1527D+00   0.0000D+00   0.3777D-01   0.4002D-02  -0.3032D-02   0.1310D-01   0.4949D+00  -0.2016D-01   0.8554D-01  -0.6835D-02   0.1105D+00  -0.4651D-01
  -0.1791D-02  -0.6072D-02  -0.3402D-02  -0.8116D-02  -0.1791D-02  -0.6072D-02  -0.3402D-02  -0.8116D-02
  0.500  2.000
  -0.6735D+00   0.0000D+00  -0.6250D+00   0.0000D+00   0.0000D+00   0.0000D+00  -0.4768D+00   0.0000D+00  -0.6735D+00   0.0000D+00  -0.6250D+00   0.0000D+00
   0.5682D+00   0.0000D+00   0.9573D-01   0.0000D+00   0.1850D+00   0.0000D+00   0.1651D+00   0.0000D+00   0.3670D-01   0.0000D+00   0.0000D+00   0.0000D+00   0.5682D+00   0.0000D+00   0.9573D-01   0.0000D+00   0.1850D+00   0.0000D+00
   0.0000D+00   0.0000D+00   0.0000D+00   0.0000D+00   0.0000D+00   0.0000D+00   0.0000D+00   0.0000D+00
  -0.6279D+00   0.7185D-01  -0.6441D+00   0.4231D-01   0.4483D-01  -0.3931D-01  -0.5109D+00   0.4609D-02  -0.6279D+00   0.7185D-01  -0.6441D+00   0.4231D-01
   0.5005D+00  -0.1864D-01   0.8634D-01  -0.6318D-02   0.1162D+00  -0.4299D-01   0.1536D+00   0.0000D+00   0.3770D-01   0.3699D-02  -0.2802D-02   0.1211D-01   0.5005D+00  -0.1864D-01   0.8634D-01  -0.6318D-02   0.1162D+00  -0.4299D-01
  -0.1656D-02  -0.5613D-02  -0.3145D-02  -0.7502D-02  -0.1656D-02  -0.5613D-02  -0.3145D-02  -0.7502D-02
  1.000  0.500
  -0.7377D+00   0.0000D+00  -0.6872D+00   0.0000D+00   0.0000D+00   0.0000D+00  -0.5229D+00   0.0000D+00  -0.7377D+00   0.0000D+00  -0.6872D+00   0.0000D+00
   0.5301D+00   0.0000D+00   0.8929D-01   0.0000D+00   0.1721D+00   0.0000D+00   0.1536D+00   0.0000D+00   0.3413D-01   0.0000D+00   0.0000D+00   0.0000D+00   0.5301D+00   0.0000D+00   0.8929D-01   0.0000D+00   0.1721D+00   0.0000D+00
   0.0000D+00   0.0000D+00   0.0000D+00   0.0000D+00   0.0000D+00   0.0000D+00   0.0000D+00   0.0000D+00
  -0.6074D+00   0.9304D-01  -0.6401D+00   0.5465D-01   0.5695D-01  -0.5083D-01  -0.5124D+00   0.6057D-02  -0.6074D+00   0.9304D-01  -0.6401D+00   0.5465D-01
   0.4860D+00  -0.2044D-01   0.8483D-01  -0.6927D-02   0.1087D+00  -0.4711D-01   0.1513D+00   0.0000D+00   0.3756D-01   0.4054D-02  -0.2995D-02   0.1327D-01   0.4860D+00  -0.2044D-01   0.8483D-01  -0.6927D-02   0.1087D+00  -0.4711D-01
  -0.1824D-02  -0.6131D-02  -0.3461D-02  -0.8237D-02  -0.1824D-02  -0.6131D-02  -0.3461D-02  -0.8237D-02
  1.000  1.000
  -0.6771D+00   0.0000D+00  -0.6308D+00   0.0000D+00   0.0000D+00   0.0000D+00  -0.4800D+00   0.0000D+00  -0.6771D+00   0.0000D+00  -0.6308D+00   0.0000D+00
   0.5301D+00   0.0000D+00   0.8929D-01   0.0000D+00   0.1721D+00   0.0000D+00   0.1536D+00   0.0000D+00   0.3413D-01   0.0000D+00   0.0000D+00   0.0000D+00   0.5301D+00   0.0000D+00   0.8929D-01   0.0000D+00   0.1721D+00   0.0000D+00
   0.0000D+00   0.0000D+00   0.0000D+00   0.0000D+00   0.0000D+00   0.0000D+00   0.0000D+00   0.0000D+00
  -0.6211D+00   0.7839D-01  -0.6411D+00   0.4605D-01   0.4798D-01  -0.4283D-01  -0.5092D+00   0.5103D-02  -0.6211D+00   0.7839D-01  -0.6411D+00   0.4605D-01
   0.4898D+00  -0.1877D-01   0.8522D-01  -0.6358D-02   0.1139D+00  -0.4324D-01   0.1515D+00   0.0000D+00   0.3729D-01   0.3721D-02  -0.2749D-02   0.1218D-01   0.4898D+00  -0.1877D-01   0.8522D-01  -0.6358D-02   0.1139D+00  -0.4324D-01
  -0.1674D-02  -0.5628D-02  -0.3177D-02  -0.7561D-02  -0.1674D-02  -0.5628D-02  -0.3177D-02  -0.7561D-02
  1.000  2.000
  -0.6259D+00   0.0000D+00  -0.5830D+00   0.0000D+00   0.0000D+00   0.0000D+00  -0.4437D+00   0.0000D+00  -0.6259D+00   0.0000D+00  -0.5830D+00   0.0000D+00
   0.5301D+00   0.0000D+00   0.8929D-01   0.0000D+00   0.1721D+00   0.0000D+00   0.1536D+00   0.0000D+00   0.3413D-01   0.0000D+00   0.0000D+00   0.0000D+00   0.5301D+00   0.0000D+00   0.8929D-01   0.0000D+00   0.1721D+00   0.0000D+00
   0.0000D+00   0.0000D+00   0.0000D+00   0.0000D+00   0.0000D+00   0.0000D+00   0.0000D+00   0.0000D+00
  -0.6238D+00   0.6697D-01  -0.6346D+00   0.3934D-01   0.4100D-01  -0.3659D-01  -0.5011D+00   0.4360D-02  -0.6238D+00   0.6697D-01  -0.6346D+00   0.3934D-01
   0.4929D+00  -0.1735D-01   0.8555D-01  -0.5877D-02   0.1184D+00  -0.3997D-01   0.1517D+00   0.0000D+00   0.3706D-01   0.3440D-02  -0.2541D-02   0.1126D-01   0.4929D+00  -0.1735D-01   0.8555D-01  -0.5877D-02   0.1184D+00  -0.3997D-01
  -0.1547D-02  -0.5202D-02  -0.2937D-02  -0.6989D-02  -0.1547D-02  -0.5202D-02  -0.2937D-02  -0.6989D-02
  2.000  0.500
  -0.6889D+00   0.0000D+00  -0.6444D+00   0.0000D+00   0.0000D+00   0.0000D+00  -0.4880D+00   0.0000D+00  -0.6889D+00   0.0000D+00  -0.6444D+00   0.0000D+00
   0.4953D+00   0.0000D+00   0.8354D-01   0.0000D+00   0.1608D+00   0.0000D+00   0.1434D+00   0.0000D+00   0.3186D-01   0.0000D+00   0.0000D+00   0.0000D+00   0.4953D+00   0.0000D+00   0.8354D-01   0.0000D+00   0.1608D+00   0.0000D+00
   0.0000D+00   0.0000D+00   0.0000D+00   0.0000D+00   0.0000D+00   0.0000D+00   0.0000D+00   0.0000D+00
  -0.6167D+00   0.8703D-01  -0.6445D+00   0.5112D-01   0.5426D-01  -0.4744D-01  -0.5170D+00   0.5744D-02  -0.6167D+00   0.8703D-01  -0.6445D+00   0.5112D-01
   0.4903D+00  -0.1910D-01   0.8543D-01  -0.6483D-02   0.1123D+00  -0.4416D-01   0.1513D+00   0.0000D+00   0.3732D-01   0.3785D-02  -0.2821D-02   0.1239D-01   0.4903D+00  -0.1910D-01   0.8543D-01  -0.6483D-02   0.1123D+00  -0.4416D-01
  -0.1709D-02  -0.5732D-02  -0.3248D-02  -0.7702D-02  -0.1709D-02  -0.5732D-02  -0.3248D-02  -0.7702D-02
  2.000  1.000
  -0.6324D+00   0.0000D+00  -0.5915D+00   0.0000D+00   0.0000D+00   0.0000D+00  -0.4479D+00   0.0000D+00  -0.6324D+00   0.0000D+00  -0.5915D+00   0.0000D+00
   0.4953D+00   0.0000D+00   0.8354D-01   0.0000D+00   0.1608D+00   0.0000D+00   0.1434D+00   0.0000D+00   0.3186D-01   0.0000D+00   0.0000D+00   0.0000D+00   0.4953D+00   0.0000D+00   0.8354D-01   0.0000D+00   0.1608D+00   0.0000D+00
   0.0000D+00   0.0000D+00   0.0000D+00   0.0000D+00   0.0000D+00   0.0000D+00   0.0000D+00   0.0000D+00
  -0.6216D+00   0.7332D-01  -0.6385D+00   0.4307D-01   0.4572D-01  -0.3997D-01  -0.5079D+00   0.4840D-02  -0.6216D+00   0.7332D-01  -0.6385D+00   0.4307D-01
   0.4909D+00  -0.1753D-01   0.8530D-01  -0.5951D-02   0.1163D+00  -0.4054D-01   0.1507D+00   0.0000D+00   0.3688D-01   0.3475D-02  -0.2589D-02   0.1137D-01   0.4909D+00  -0.1753D-01   0.8530D-01  -0.5951D-02   0.1163D+00  -0.4054D-01
  -0.1569D-02  -0.5262D-02  -0.2981D-02  -0.7070D-02  -0.1569D-02  -0.5262D-02  -0.2981D-02  -0.7070D-02
  2.000  2.000
  -0.5845D+00   0.0000D+00  -0.5467D+00   0.0000D+00   0.0000D+00   0.0000D+00  -0.4140D+00   0.0000D+00  -0.5845D+00   0.0000D+00  -0.5467D+00   0.0000D+00
   0.4953D+00   0.0000D+00   0.8354D-01   0.0000D+00   0.1608D+00   0.0000D+00   0.1434D+00   0.0000D+00   0.3186D-01   0.0000D+00   0.0000D+00   0.0000D+00   0.4953D+00   0.0000D+00   0.8354D-01   0.0000D+00   0.1608D+00   0.0000D+00
   0.0000D+00   0.0000D+00   0.0000D+00   0.0000D+00   0.0000D+00   0.0000D+00   0.0000D+00   0.0000D+00
  -0.6182D+00   0.6265D-01  -0.6270D+00   0.3680D-01   0.3906D-01  -0.3415D-01  -0.4956D+00   0.4135D-02  -0.6182D+00   0.6265D-01  -0.6270D+00   0.3680D-01
   0.4913D+00  -0.1621D-01   0.8518D-01  -0.5501D-02   0.1197D+00  -0.3747D-01   0.1502D+00   0.0000D+00   0.3651D-01   0.3212D-02  -0.2393D-02   0.1051D-01   0.4913D+00  -0.1621D-01   0.8518D-01  -0.5501D-02   0.1197D+00  -0.3747D-01
  -0.1450D-02  -0.4863D-02  -0.2756D-02  -0.6535D-02  -0.1450D-02  -0.4863D-02  -0.2756D-02  -0.6535D-02
