 LHC=           1 sqrts=   8000.0000000000000      ang=           4 mode=fital                                                                                               scalescheme=           1 R=  0.69999999999999996     
 CT10nlo_rand5678                                                                                             124
 Bin information: chid, chiu, md, mu, mu0
   0.0000000000000000       0.50000000000000000        430.00000000000000        468.00000000000000        449.00000000000000     
 9 scales(muf, mur)*(LO(38), NLO(38))
  0.500  0.500
  -0.1082D+01   0.0000D+00  -0.1079D+01   0.0000D+00   0.0000D+00   0.0000D+00  -0.9047D+00   0.0000D+00  -0.1082D+01   0.0000D+00  -0.1079D+01   0.0000D+00
   0.6019D+00   0.0000D+00   0.1030D+00   0.0000D+00   0.1830D+00   0.0000D+00   0.1931D+00   0.0000D+00   0.4292D-01   0.0000D+00   0.0000D+00   0.0000D+00   0.6019D+00   0.0000D+00   0.1030D+00   0.0000D+00   0.1830D+00   0.0000D+00
   0.0000D+00   0.0000D+00   0.0000D+00   0.0000D+00   0.0000D+00   0.0000D+00   0.0000D+00   0.0000D+00
  -0.8016D+00   0.1515D+00  -0.9260D+00   0.9026D-01   0.9207D-01  -0.8976D-01  -0.8310D+00   0.5051D-02  -0.8016D+00   0.1515D+00  -0.9260D+00   0.9026D-01
   0.5401D+00  -0.2220D-01   0.9521D-01  -0.7835D-02   0.1074D+00  -0.5503D-01   0.1820D+00   0.0000D+00   0.4555D-01   0.5207D-02  -0.2596D-02   0.1704D-01   0.5401D+00  -0.2220D-01   0.9521D-01  -0.7835D-02   0.1074D+00  -0.5503D-01
  -0.1846D-02  -0.6984D-02  -0.4076D-02  -0.1009D-01  -0.1846D-02  -0.6984D-02  -0.4076D-02  -0.1009D-01
  0.500  1.000
  -0.9916D+00   0.0000D+00  -0.9887D+00   0.0000D+00   0.0000D+00   0.0000D+00  -0.8289D+00   0.0000D+00  -0.9916D+00   0.0000D+00  -0.9887D+00   0.0000D+00
   0.6019D+00   0.0000D+00   0.1030D+00   0.0000D+00   0.1830D+00   0.0000D+00   0.1931D+00   0.0000D+00   0.4292D-01   0.0000D+00   0.0000D+00   0.0000D+00   0.6019D+00   0.0000D+00   0.1030D+00   0.0000D+00   0.1830D+00   0.0000D+00
   0.0000D+00   0.0000D+00   0.0000D+00   0.0000D+00   0.0000D+00   0.0000D+00   0.0000D+00   0.0000D+00
  -0.8362D+00   0.1272D+00  -0.9402D+00   0.7577D-01   0.7728D-01  -0.7535D-01  -0.8341D+00   0.4241D-02  -0.8362D+00   0.1272D+00  -0.9402D+00   0.7577D-01
   0.5455D+00  -0.2034D-01   0.9590D-01  -0.7178D-02   0.1138D+00  -0.5042D-01   0.1830D+00   0.0000D+00   0.4534D-01   0.4771D-02  -0.2378D-02   0.1561D-01   0.5455D+00  -0.2034D-01   0.9590D-01  -0.7178D-02   0.1138D+00  -0.5042D-01
  -0.1691D-02  -0.6399D-02  -0.3734D-02  -0.9244D-02  -0.1691D-02  -0.6399D-02  -0.3734D-02  -0.9244D-02
  0.500  2.000
  -0.9152D+00   0.0000D+00  -0.9125D+00   0.0000D+00   0.0000D+00   0.0000D+00  -0.7650D+00   0.0000D+00  -0.9152D+00   0.0000D+00  -0.9125D+00   0.0000D+00
   0.6019D+00   0.0000D+00   0.1030D+00   0.0000D+00   0.1830D+00   0.0000D+00   0.1931D+00   0.0000D+00   0.4292D-01   0.0000D+00   0.0000D+00   0.0000D+00   0.6019D+00   0.0000D+00   0.1030D+00   0.0000D+00   0.1830D+00   0.0000D+00
   0.0000D+00   0.0000D+00   0.0000D+00   0.0000D+00   0.0000D+00   0.0000D+00   0.0000D+00   0.0000D+00
  -0.8511D+00   0.1083D+00  -0.9393D+00   0.6454D-01   0.6583D-01  -0.6419D-01  -0.8265D+00   0.3613D-02  -0.8511D+00   0.1083D+00  -0.9393D+00   0.6454D-01
   0.5501D+00  -0.1877D-01   0.9648D-01  -0.6625D-02   0.1192D+00  -0.4653D-01   0.1838D+00   0.0000D+00   0.4516D-01   0.4403D-02  -0.2194D-02   0.1441D-01   0.5501D+00  -0.1877D-01   0.9648D-01  -0.6625D-02   0.1192D+00  -0.4653D-01
  -0.1561D-02  -0.5906D-02  -0.3446D-02  -0.8532D-02  -0.1561D-02  -0.5906D-02  -0.3446D-02  -0.8532D-02
  1.000  0.500
  -0.1018D+01   0.0000D+00  -0.1018D+01   0.0000D+00   0.0000D+00   0.0000D+00  -0.8488D+00   0.0000D+00  -0.1018D+01   0.0000D+00  -0.1018D+01   0.0000D+00
   0.5635D+00   0.0000D+00   0.9672D-01   0.0000D+00   0.1716D+00   0.0000D+00   0.1807D+00   0.0000D+00   0.4016D-01   0.0000D+00   0.0000D+00   0.0000D+00   0.5635D+00   0.0000D+00   0.9672D-01   0.0000D+00   0.1716D+00   0.0000D+00
   0.0000D+00   0.0000D+00   0.0000D+00   0.0000D+00   0.0000D+00   0.0000D+00   0.0000D+00   0.0000D+00
  -0.8205D+00   0.1428D+00  -0.9330D+00   0.8460D-01   0.8614D-01  -0.8429D-01  -0.8324D+00   0.4886D-02  -0.8205D+00   0.1428D+00  -0.9330D+00   0.8460D-01
   0.5349D+00  -0.2081D-01   0.9421D-01  -0.7360D-02   0.1107D+00  -0.5165D-01   0.1813D+00   0.0000D+00   0.4506D-01   0.4873D-02  -0.2432D-02   0.1595D-01   0.5349D+00  -0.2081D-01   0.9421D-01  -0.7360D-02   0.1107D+00  -0.5165D-01
  -0.1740D-02  -0.6610D-02  -0.3843D-02  -0.9443D-02  -0.1740D-02  -0.6610D-02  -0.3843D-02  -0.9443D-02
  1.000  1.000
  -0.9332D+00   0.0000D+00  -0.9330D+00   0.0000D+00   0.0000D+00   0.0000D+00  -0.7777D+00   0.0000D+00  -0.9332D+00   0.0000D+00  -0.9330D+00   0.0000D+00
   0.5635D+00   0.0000D+00   0.9672D-01   0.0000D+00   0.1716D+00   0.0000D+00   0.1807D+00   0.0000D+00   0.4016D-01   0.0000D+00   0.0000D+00   0.0000D+00   0.5635D+00   0.0000D+00   0.9672D-01   0.0000D+00   0.1716D+00   0.0000D+00
   0.0000D+00   0.0000D+00   0.0000D+00   0.0000D+00   0.0000D+00   0.0000D+00   0.0000D+00   0.0000D+00
  -0.8424D+00   0.1199D+00  -0.9369D+00   0.7102D-01   0.7231D-01  -0.7076D-01  -0.8269D+00   0.4102D-02  -0.8424D+00   0.1199D+00  -0.9369D+00   0.7102D-01
   0.5375D+00  -0.1907D-01   0.9445D-01  -0.6744D-02   0.1158D+00  -0.4733D-01   0.1813D+00   0.0000D+00   0.4466D-01   0.4465D-02  -0.2228D-02   0.1461D-01   0.5375D+00  -0.1907D-01   0.9445D-01  -0.6744D-02   0.1158D+00  -0.4733D-01
  -0.1595D-02  -0.6057D-02  -0.3521D-02  -0.8652D-02  -0.1595D-02  -0.6057D-02  -0.3521D-02  -0.8652D-02
  1.000  2.000
  -0.8612D+00   0.0000D+00  -0.8611D+00   0.0000D+00   0.0000D+00   0.0000D+00  -0.7177D+00   0.0000D+00  -0.8612D+00   0.0000D+00  -0.8611D+00   0.0000D+00
   0.5635D+00   0.0000D+00   0.9672D-01   0.0000D+00   0.1716D+00   0.0000D+00   0.1807D+00   0.0000D+00   0.4016D-01   0.0000D+00   0.0000D+00   0.0000D+00   0.5635D+00   0.0000D+00   0.9672D-01   0.0000D+00   0.1716D+00   0.0000D+00
   0.0000D+00   0.0000D+00   0.0000D+00   0.0000D+00   0.0000D+00   0.0000D+00   0.0000D+00   0.0000D+00
  -0.8482D+00   0.1021D+00  -0.9287D+00   0.6049D-01   0.6159D-01  -0.6027D-01  -0.8132D+00   0.3494D-02  -0.8482D+00   0.1021D+00  -0.9287D+00   0.6049D-01
   0.5396D+00  -0.1760D-01   0.9465D-01  -0.6224D-02   0.1202D+00  -0.4368D-01   0.1813D+00   0.0000D+00   0.4433D-01   0.4121D-02  -0.2056D-02   0.1349D-01   0.5396D+00  -0.1760D-01   0.9465D-01  -0.6224D-02   0.1202D+00  -0.4368D-01
  -0.1472D-02  -0.5590D-02  -0.3250D-02  -0.7986D-02  -0.1472D-02  -0.5590D-02  -0.3250D-02  -0.7986D-02
  2.000  0.500
  -0.9578D+00   0.0000D+00  -0.9621D+00   0.0000D+00   0.0000D+00   0.0000D+00  -0.7993D+00   0.0000D+00  -0.9578D+00   0.0000D+00  -0.9621D+00   0.0000D+00
   0.5304D+00   0.0000D+00   0.9112D-01   0.0000D+00   0.1616D+00   0.0000D+00   0.1699D+00   0.0000D+00   0.3775D-01   0.0000D+00   0.0000D+00   0.0000D+00   0.5304D+00   0.0000D+00   0.9112D-01   0.0000D+00   0.1616D+00   0.0000D+00
   0.0000D+00   0.0000D+00   0.0000D+00   0.0000D+00   0.0000D+00   0.0000D+00   0.0000D+00   0.0000D+00
  -0.8306D+00   0.1354D+00  -0.9471D+00   0.7997D-01   0.8256D-01  -0.7935D-01  -0.8365D+00   0.4738D-02  -0.8306D+00   0.1354D+00  -0.9471D+00   0.7997D-01
   0.5360D+00  -0.1960D-01   0.9452D-01  -0.6908D-02   0.1133D+00  -0.4844D-01   0.1805D+00   0.0000D+00   0.4480D-01   0.4579D-02  -0.2194D-02   0.1498D-01   0.5360D+00  -0.1960D-01   0.9452D-01  -0.6908D-02   0.1133D+00  -0.4844D-01
  -0.1649D-02  -0.6151D-02  -0.3632D-02  -0.8902D-02  -0.1649D-02  -0.6151D-02  -0.3632D-02  -0.8902D-02
  2.000  1.000
  -0.8775D+00   0.0000D+00  -0.8815D+00   0.0000D+00   0.0000D+00   0.0000D+00  -0.7323D+00   0.0000D+00  -0.8775D+00   0.0000D+00  -0.8815D+00   0.0000D+00
   0.5304D+00   0.0000D+00   0.9112D-01   0.0000D+00   0.1616D+00   0.0000D+00   0.1699D+00   0.0000D+00   0.3775D-01   0.0000D+00   0.0000D+00   0.0000D+00   0.5304D+00   0.0000D+00   0.9112D-01   0.0000D+00   0.1616D+00   0.0000D+00
   0.0000D+00   0.0000D+00   0.0000D+00   0.0000D+00   0.0000D+00   0.0000D+00   0.0000D+00   0.0000D+00
  -0.8418D+00   0.1136D+00  -0.9403D+00   0.6714D-01   0.6931D-01  -0.6661D-01  -0.8228D+00   0.3978D-02  -0.8418D+00   0.1136D+00  -0.9403D+00   0.6714D-01
   0.5358D+00  -0.1796D-01   0.9427D-01  -0.6330D-02   0.1174D+00  -0.4438D-01   0.1796D+00   0.0000D+00   0.4422D-01   0.4195D-02  -0.2010D-02   0.1373D-01   0.5358D+00  -0.1796D-01   0.9427D-01  -0.6330D-02   0.1174D+00  -0.4438D-01
  -0.1511D-02  -0.5636D-02  -0.3327D-02  -0.8156D-02  -0.1511D-02  -0.5636D-02  -0.3327D-02  -0.8156D-02
  2.000  2.000
  -0.8099D+00   0.0000D+00  -0.8135D+00   0.0000D+00   0.0000D+00   0.0000D+00  -0.6759D+00   0.0000D+00  -0.8099D+00   0.0000D+00  -0.8135D+00   0.0000D+00
   0.5304D+00   0.0000D+00   0.9112D-01   0.0000D+00   0.1616D+00   0.0000D+00   0.1699D+00   0.0000D+00   0.3775D-01   0.0000D+00   0.0000D+00   0.0000D+00   0.5304D+00   0.0000D+00   0.9112D-01   0.0000D+00   0.1616D+00   0.0000D+00
   0.0000D+00   0.0000D+00   0.0000D+00   0.0000D+00   0.0000D+00   0.0000D+00   0.0000D+00   0.0000D+00
  -0.8399D+00   0.9679D-01  -0.9243D+00   0.5719D-01   0.5903D-01  -0.5674D-01  -0.8034D+00   0.3388D-02  -0.8399D+00   0.9679D-01  -0.9243D+00   0.5719D-01
   0.5355D+00  -0.1657D-01   0.9405D-01  -0.5842D-02   0.1208D+00  -0.4096D-01   0.1789D+00   0.0000D+00   0.4374D-01   0.3872D-02  -0.1855D-02   0.1267D-01   0.5355D+00  -0.1657D-01   0.9405D-01  -0.5842D-02   0.1208D+00  -0.4096D-01
  -0.1394D-02  -0.5202D-02  -0.3071D-02  -0.7528D-02  -0.1394D-02  -0.5202D-02  -0.3071D-02  -0.7528D-02
