 LHC=           1 sqrts=   8000.0000000000000      ang=           4 mode=fital                                                                                               scalescheme=           1 R=  0.69999999999999996     
 NNPDF23_nlo_as_0118                                                                                           72
 Bin information: chid, chiu, md, mu, mu0
   0.0000000000000000       0.50000000000000000        84.000000000000000        97.000000000000000        90.500000000000000     
 9 scales(muf, mur)*(LO(38), NLO(38))
  0.500  0.500
  -0.1293D+02   0.0000D+00  -0.2122D+02   0.0000D+00   0.0000D+00   0.0000D+00  -0.2286D+02   0.0000D+00  -0.1293D+02   0.0000D+00  -0.2122D+02   0.0000D+00
   0.3492D+00   0.0000D+00   0.6516D-01   0.0000D+00   0.7386D-01   0.0000D+00   0.1549D+00   0.0000D+00   0.3443D-01   0.0000D+00   0.0000D+00   0.0000D+00   0.3492D+00   0.0000D+00   0.6516D-01   0.0000D+00   0.7386D-01   0.0000D+00
   0.0000D+00   0.0000D+00   0.0000D+00   0.0000D+00   0.0000D+00   0.0000D+00   0.0000D+00   0.0000D+00
  -0.8966D+01   0.3903D+01  -0.1690D+02   0.2358D+01   0.1877D+01  -0.2871D+01  -0.2002D+02  -0.2631D+00  -0.8966D+01   0.3903D+01  -0.1690D+02   0.2358D+01
   0.7118D+00  -0.1153D-01   0.1314D+00  -0.5144D-02   0.1123D+00  -0.4118D-01   0.2832D+00   0.0000D+00   0.7478D-01   0.5286D-02   0.6163D-02   0.1730D-01   0.7118D+00  -0.1153D-01   0.1314D+00  -0.5144D-02   0.1123D+00  -0.4118D-01
  -0.3258D-03  -0.4266D-02  -0.2671D-02  -0.8985D-02  -0.3258D-03  -0.4266D-02  -0.2671D-02  -0.8985D-02
  0.500  1.000
  -0.1158D+02   0.0000D+00  -0.1900D+02   0.0000D+00   0.0000D+00   0.0000D+00  -0.2046D+02   0.0000D+00  -0.1158D+02   0.0000D+00  -0.1900D+02   0.0000D+00
   0.3492D+00   0.0000D+00   0.6516D-01   0.0000D+00   0.7386D-01   0.0000D+00   0.1549D+00   0.0000D+00   0.3443D-01   0.0000D+00   0.0000D+00   0.0000D+00   0.3492D+00   0.0000D+00   0.6516D-01   0.0000D+00   0.7386D-01   0.0000D+00
   0.0000D+00   0.0000D+00   0.0000D+00   0.0000D+00   0.0000D+00   0.0000D+00   0.0000D+00   0.0000D+00
  -0.9574D+01   0.3127D+01  -0.1746D+02   0.1889D+01   0.1503D+01  -0.2300D+01  -0.2026D+02  -0.2108D+00  -0.9574D+01   0.3127D+01  -0.1746D+02   0.1889D+01
   0.6793D+00  -0.1032D-01   0.1254D+00  -0.4605D-02   0.1097D+00  -0.3686D-01   0.2712D+00   0.0000D+00   0.7095D-01   0.4732D-02   0.5574D-02   0.1549D-01   0.6793D+00  -0.1032D-01   0.1254D+00  -0.4605D-02   0.1097D+00  -0.3686D-01
  -0.2916D-03  -0.3819D-02  -0.2391D-02  -0.8043D-02  -0.2916D-03  -0.3819D-02  -0.2391D-02  -0.8043D-02
  0.500  2.000
  -0.1049D+02   0.0000D+00  -0.1721D+02   0.0000D+00   0.0000D+00   0.0000D+00  -0.1854D+02   0.0000D+00  -0.1049D+02   0.0000D+00  -0.1721D+02   0.0000D+00
   0.3492D+00   0.0000D+00   0.6516D-01   0.0000D+00   0.7386D-01   0.0000D+00   0.1549D+00   0.0000D+00   0.3443D-01   0.0000D+00   0.0000D+00   0.0000D+00   0.3492D+00   0.0000D+00   0.6516D-01   0.0000D+00   0.7386D-01   0.0000D+00
   0.0000D+00   0.0000D+00   0.0000D+00   0.0000D+00   0.0000D+00   0.0000D+00   0.0000D+00   0.0000D+00
  -0.9809D+01   0.2566D+01  -0.1753D+02   0.1550D+01   0.1232D+01  -0.1887D+01  -0.2008D+02  -0.1730D+00  -0.9809D+01   0.2566D+01  -0.1753D+02   0.1550D+01
   0.6511D+00  -0.9351D-02   0.1202D+00  -0.4172D-02   0.1070D+00  -0.3340D-01   0.2611D+00   0.0000D+00   0.6777D-01   0.4287D-02   0.5104D-02   0.1403D-01   0.6511D+00  -0.9351D-02   0.1202D+00  -0.4172D-02   0.1070D+00  -0.3340D-01
  -0.2640D-03  -0.3460D-02  -0.2166D-02  -0.7286D-02  -0.2640D-03  -0.3460D-02  -0.2166D-02  -0.7286D-02
  1.000  0.500
  -0.1353D+02   0.0000D+00  -0.2250D+02   0.0000D+00   0.0000D+00   0.0000D+00  -0.2412D+02   0.0000D+00  -0.1353D+02   0.0000D+00  -0.2250D+02   0.0000D+00
   0.3726D+00   0.0000D+00   0.6866D-01   0.0000D+00   0.7710D-01   0.0000D+00   0.1648D+00   0.0000D+00   0.3663D-01   0.0000D+00   0.0000D+00   0.0000D+00   0.3726D+00   0.0000D+00   0.6866D-01   0.0000D+00   0.7710D-01   0.0000D+00
   0.0000D+00   0.0000D+00   0.0000D+00   0.0000D+00   0.0000D+00   0.0000D+00   0.0000D+00   0.0000D+00
  -0.8470D+01   0.4182D+01  -0.1707D+02   0.2483D+01   0.1936D+01  -0.3039D+01  -0.1983D+02  -0.2794D+00  -0.8470D+01   0.4182D+01  -0.1707D+02   0.2483D+01
   0.6885D+00  -0.1188D-01   0.1270D+00  -0.5435D-02   0.1065D+00  -0.4438D-01   0.2760D+00   0.0000D+00   0.7308D-01   0.5566D-02   0.5636D-02   0.1822D-01   0.6885D+00  -0.1188D-01   0.1270D+00  -0.5435D-02   0.1065D+00  -0.4438D-01
  -0.3543D-03  -0.4361D-02  -0.2911D-02  -0.9504D-02  -0.3543D-03  -0.4361D-02  -0.2911D-02  -0.9504D-02
  1.000  1.000
  -0.1211D+02   0.0000D+00  -0.2014D+02   0.0000D+00   0.0000D+00   0.0000D+00  -0.2159D+02   0.0000D+00  -0.1211D+02   0.0000D+00  -0.2014D+02   0.0000D+00
   0.3726D+00   0.0000D+00   0.6866D-01   0.0000D+00   0.7710D-01   0.0000D+00   0.1648D+00   0.0000D+00   0.3663D-01   0.0000D+00   0.0000D+00   0.0000D+00   0.3726D+00   0.0000D+00   0.6866D-01   0.0000D+00   0.7710D-01   0.0000D+00
   0.0000D+00   0.0000D+00   0.0000D+00   0.0000D+00   0.0000D+00   0.0000D+00   0.0000D+00   0.0000D+00
  -0.9262D+01   0.3350D+01  -0.1781D+02   0.1989D+01   0.1550D+01  -0.2435D+01  -0.2032D+02  -0.2239D+00  -0.9262D+01   0.3350D+01  -0.1781D+02   0.1989D+01
   0.6387D+00  -0.1064D-01   0.1180D+00  -0.4865D-02   0.9829D-01  -0.3973D-01   0.2614D+00   0.0000D+00   0.6838D-01   0.4982D-02   0.5119D-02   0.1631D-01   0.6387D+00  -0.1064D-01   0.1180D+00  -0.4865D-02   0.9829D-01  -0.3973D-01
  -0.3170D-03  -0.3904D-02  -0.2606D-02  -0.8508D-02  -0.3170D-03  -0.3904D-02  -0.2606D-02  -0.8508D-02
  1.000  2.000
  -0.1097D+02   0.0000D+00  -0.1825D+02   0.0000D+00   0.0000D+00   0.0000D+00  -0.1956D+02   0.0000D+00  -0.1097D+02   0.0000D+00  -0.1825D+02   0.0000D+00
   0.3726D+00   0.0000D+00   0.6866D-01   0.0000D+00   0.7710D-01   0.0000D+00   0.1648D+00   0.0000D+00   0.3663D-01   0.0000D+00   0.0000D+00   0.0000D+00   0.3726D+00   0.0000D+00   0.6866D-01   0.0000D+00   0.7710D-01   0.0000D+00
   0.0000D+00   0.0000D+00   0.0000D+00   0.0000D+00   0.0000D+00   0.0000D+00   0.0000D+00   0.0000D+00
  -0.9659D+01   0.2749D+01  -0.1803D+02   0.1632D+01   0.1270D+01  -0.1998D+01  -0.2033D+02  -0.1837D+00  -0.9659D+01   0.2749D+01  -0.1803D+02   0.1632D+01
   0.6319D+00  -0.9638D-02   0.1166D+00  -0.4407D-02   0.1015D+00  -0.3599D-01   0.2563D+00   0.0000D+00   0.6654D-01   0.4514D-02   0.4678D-02   0.1477D-01   0.6319D+00  -0.9638D-02   0.1166D+00  -0.4407D-02   0.1015D+00  -0.3599D-01
  -0.2871D-03  -0.3537D-02  -0.2361D-02  -0.7707D-02  -0.2871D-03  -0.3537D-02  -0.2361D-02  -0.7707D-02
  2.000  0.500
  -0.1389D+02   0.0000D+00  -0.2387D+02   0.0000D+00   0.0000D+00   0.0000D+00  -0.2549D+02   0.0000D+00  -0.1389D+02   0.0000D+00  -0.2387D+02   0.0000D+00
   0.3865D+00   0.0000D+00   0.7301D-01   0.0000D+00   0.8093D-01   0.0000D+00   0.1716D+00   0.0000D+00   0.3814D-01   0.0000D+00   0.0000D+00   0.0000D+00   0.3865D+00   0.0000D+00   0.7301D-01   0.0000D+00   0.8093D-01   0.0000D+00
   0.0000D+00   0.0000D+00   0.0000D+00   0.0000D+00   0.0000D+00   0.0000D+00   0.0000D+00   0.0000D+00
  -0.8222D+01   0.4438D+01  -0.1682D+02   0.2631D+01   0.2110D+01  -0.3205D+01  -0.2002D+02  -0.2908D+00  -0.8222D+01   0.4438D+01  -0.1682D+02   0.2631D+01
   0.6469D+00  -0.1244D-01   0.1222D+00  -0.5629D-02   0.1030D+00  -0.4538D-01   0.2668D+00   0.0000D+00   0.7080D-01   0.5911D-02   0.4653D-02   0.1934D-01   0.6469D+00  -0.1244D-01   0.1222D+00  -0.5629D-02   0.1030D+00  -0.4538D-01
  -0.3876D-03  -0.4682D-02  -0.3088D-02  -0.9992D-02  -0.3876D-03  -0.4682D-02  -0.3088D-02  -0.9992D-02
  2.000  1.000
  -0.1243D+02   0.0000D+00  -0.2137D+02   0.0000D+00   0.0000D+00   0.0000D+00  -0.2282D+02   0.0000D+00  -0.1243D+02   0.0000D+00  -0.2137D+02   0.0000D+00
   0.3865D+00   0.0000D+00   0.7301D-01   0.0000D+00   0.8093D-01   0.0000D+00   0.1716D+00   0.0000D+00   0.3814D-01   0.0000D+00   0.0000D+00   0.0000D+00   0.3865D+00   0.0000D+00   0.7301D-01   0.0000D+00   0.8093D-01   0.0000D+00
   0.0000D+00   0.0000D+00   0.0000D+00   0.0000D+00   0.0000D+00   0.0000D+00   0.0000D+00   0.0000D+00
  -0.9173D+01   0.3555D+01  -0.1790D+02   0.2108D+01   0.1690D+01  -0.2568D+01  -0.2076D+02  -0.2330D+00  -0.9173D+01   0.3555D+01  -0.1790D+02   0.2108D+01
   0.6342D+00  -0.1113D-01   0.1196D+00  -0.5038D-02   0.1046D+00  -0.4063D-01   0.2603D+00   0.0000D+00   0.6843D-01   0.5291D-02   0.4294D-02   0.1732D-01   0.6342D+00  -0.1113D-01   0.1196D+00  -0.5038D-02   0.1046D+00  -0.4063D-01
  -0.3469D-03  -0.4191D-02  -0.2764D-02  -0.8944D-02  -0.3469D-03  -0.4191D-02  -0.2764D-02  -0.8944D-02
  2.000  2.000
  -0.1126D+02   0.0000D+00  -0.1936D+02   0.0000D+00   0.0000D+00   0.0000D+00  -0.2067D+02   0.0000D+00  -0.1126D+02   0.0000D+00  -0.1936D+02   0.0000D+00
   0.3865D+00   0.0000D+00   0.7301D-01   0.0000D+00   0.8093D-01   0.0000D+00   0.1716D+00   0.0000D+00   0.3814D-01   0.0000D+00   0.0000D+00   0.0000D+00   0.3865D+00   0.0000D+00   0.7301D-01   0.0000D+00   0.8093D-01   0.0000D+00
   0.0000D+00   0.0000D+00   0.0000D+00   0.0000D+00   0.0000D+00   0.0000D+00   0.0000D+00   0.0000D+00
  -0.9488D+01   0.2918D+01  -0.1814D+02   0.1730D+01   0.1386D+01  -0.2108D+01  -0.2075D+02  -0.1912D+00  -0.9488D+01   0.2918D+01  -0.1814D+02   0.1730D+01
   0.5349D+00  -0.1008D-01   0.1022D+00  -0.4565D-02   0.8109D-01  -0.3681D-01   0.2354D+00   0.0000D+00   0.6040D-01   0.4794D-02   0.3415D-02   0.1569D-01   0.5349D+00  -0.1008D-01   0.1022D+00  -0.4565D-02   0.8109D-01  -0.3681D-01
  -0.3141D-03  -0.3797D-02  -0.2503D-02  -0.8103D-02  -0.3141D-03  -0.3797D-02  -0.2503D-02  -0.8103D-02
