 LHC=           1 sqrts=   8000.0000000000000      ang=           4 mode=fital                                                                                               scalescheme=           1 R=  0.69999999999999996     
 NNPDF23_nlo_as_0118                                                                                           72
 Bin information: chid, chiu, md, mu, mu0
   0.0000000000000000       0.50000000000000000        686.00000000000000        737.00000000000000        711.50000000000000     
 9 scales(muf, mur)*(LO(38), NLO(38))
  0.500  0.500
  -0.4040D+00   0.0000D+00  -0.3313D+00   0.0000D+00   0.0000D+00   0.0000D+00  -0.2204D+00   0.0000D+00  -0.4040D+00   0.0000D+00  -0.3313D+00   0.0000D+00
   0.4863D+00   0.0000D+00   0.7917D-01   0.0000D+00   0.1739D+00   0.0000D+00   0.1201D+00   0.0000D+00   0.2668D-01   0.0000D+00   0.0000D+00   0.0000D+00   0.4863D+00   0.0000D+00   0.7917D-01   0.0000D+00   0.1739D+00   0.0000D+00
   0.0000D+00   0.0000D+00   0.0000D+00   0.0000D+00   0.0000D+00   0.0000D+00   0.0000D+00   0.0000D+00
  -0.3119D+00   0.4289D-01  -0.2873D+00   0.2496D-01   0.2686D-01  -0.2080D-01  -0.1971D+00   0.4700D-02  -0.3119D+00   0.4289D-01  -0.2873D+00   0.2496D-01
   0.3892D+00  -0.2006D-01   0.6555D-01  -0.6413D-02   0.9516D-01  -0.4171D-01   0.1056D+00   0.0000D+00   0.2629D-01   0.3077D-02  -0.3322D-02   0.1007D-01   0.3892D+00  -0.2006D-01   0.6555D-01  -0.6413D-02   0.9516D-01  -0.4171D-01
  -0.1900D-02  -0.5684D-02  -0.2933D-02  -0.6764D-02  -0.1900D-02  -0.5684D-02  -0.2933D-02  -0.6764D-02
  0.500  1.000
  -0.3746D+00   0.0000D+00  -0.3072D+00   0.0000D+00   0.0000D+00   0.0000D+00  -0.2043D+00   0.0000D+00  -0.3746D+00   0.0000D+00  -0.3072D+00   0.0000D+00
   0.4863D+00   0.0000D+00   0.7917D-01   0.0000D+00   0.1739D+00   0.0000D+00   0.1201D+00   0.0000D+00   0.2668D-01   0.0000D+00   0.0000D+00   0.0000D+00   0.4863D+00   0.0000D+00   0.7917D-01   0.0000D+00   0.1739D+00   0.0000D+00
   0.0000D+00   0.0000D+00   0.0000D+00   0.0000D+00   0.0000D+00   0.0000D+00   0.0000D+00   0.0000D+00
  -0.3245D+00   0.3688D-01  -0.2933D+00   0.2146D-01   0.2309D-01  -0.1788D-01  -0.2002D+00   0.4041D-02  -0.3245D+00   0.3688D-01  -0.2933D+00   0.2146D-01
   0.3964D+00  -0.1860D-01   0.6655D-01  -0.5946D-02   0.1009D+00  -0.3867D-01   0.1066D+00   0.0000D+00   0.2632D-01   0.2853D-02  -0.3080D-02   0.9337D-02   0.3964D+00  -0.1860D-01   0.6655D-01  -0.5946D-02   0.1009D+00  -0.3867D-01
  -0.1761D-02  -0.5271D-02  -0.2720D-02  -0.6272D-02  -0.1761D-02  -0.5271D-02  -0.2720D-02  -0.6272D-02
  0.500  2.000
  -0.3492D+00   0.0000D+00  -0.2864D+00   0.0000D+00   0.0000D+00   0.0000D+00  -0.1905D+00   0.0000D+00  -0.3492D+00   0.0000D+00  -0.2864D+00   0.0000D+00
   0.4863D+00   0.0000D+00   0.7917D-01   0.0000D+00   0.1739D+00   0.0000D+00   0.1201D+00   0.0000D+00   0.2668D-01   0.0000D+00   0.0000D+00   0.0000D+00   0.4863D+00   0.0000D+00   0.7917D-01   0.0000D+00   0.1739D+00   0.0000D+00
   0.0000D+00   0.0000D+00   0.0000D+00   0.0000D+00   0.0000D+00   0.0000D+00   0.0000D+00   0.0000D+00
  -0.3310D+00   0.3205D-01  -0.2950D+00   0.1865D-01   0.2007D-01  -0.1554D-01  -0.2007D+00   0.3512D-02  -0.3310D+00   0.3205D-01  -0.2950D+00   0.1865D-01
   0.4025D+00  -0.1734D-01   0.6742D-01  -0.5543D-02   0.1059D+00  -0.3605D-01   0.1076D+00   0.0000D+00   0.2635D-01   0.2660D-02  -0.2872D-02   0.8705D-02   0.4025D+00  -0.1734D-01   0.6742D-01  -0.5543D-02   0.1059D+00  -0.3605D-01
  -0.1642D-02  -0.4914D-02  -0.2535D-02  -0.5847D-02  -0.1642D-02  -0.4914D-02  -0.2535D-02  -0.5847D-02
  1.000  0.500
  -0.3695D+00   0.0000D+00  -0.3034D+00   0.0000D+00   0.0000D+00   0.0000D+00  -0.2010D+00   0.0000D+00  -0.3695D+00   0.0000D+00  -0.3034D+00   0.0000D+00
   0.4454D+00   0.0000D+00   0.7242D-01   0.0000D+00   0.1592D+00   0.0000D+00   0.1092D+00   0.0000D+00   0.2427D-01   0.0000D+00   0.0000D+00   0.0000D+00   0.4454D+00   0.0000D+00   0.7242D-01   0.0000D+00   0.1592D+00   0.0000D+00
   0.0000D+00   0.0000D+00   0.0000D+00   0.0000D+00   0.0000D+00   0.0000D+00   0.0000D+00   0.0000D+00
  -0.3170D+00   0.3917D-01  -0.2898D+00   0.2280D-01   0.2450D-01  -0.1897D-01  -0.1995D+00   0.4348D-02  -0.3170D+00   0.3917D-01  -0.2898D+00   0.2280D-01
   0.3945D+00  -0.1835D-01   0.6626D-01  -0.5867D-02   0.1005D+00  -0.3825D-01   0.1058D+00   0.0000D+00   0.2607D-01   0.2800D-02  -0.2988D-02   0.9162D-02   0.3945D+00  -0.1835D-01   0.6626D-01  -0.5867D-02   0.1005D+00  -0.3825D-01
  -0.1741D-02  -0.5230D-02  -0.2681D-02  -0.6179D-02  -0.1741D-02  -0.5230D-02  -0.2681D-02  -0.6179D-02
  1.000  1.000
  -0.3426D+00   0.0000D+00  -0.2813D+00   0.0000D+00   0.0000D+00   0.0000D+00  -0.1864D+00   0.0000D+00  -0.3426D+00   0.0000D+00  -0.2813D+00   0.0000D+00
   0.4454D+00   0.0000D+00   0.7242D-01   0.0000D+00   0.1592D+00   0.0000D+00   0.1092D+00   0.0000D+00   0.2427D-01   0.0000D+00   0.0000D+00   0.0000D+00   0.4454D+00   0.0000D+00   0.7242D-01   0.0000D+00   0.1592D+00   0.0000D+00
   0.0000D+00   0.0000D+00   0.0000D+00   0.0000D+00   0.0000D+00   0.0000D+00   0.0000D+00   0.0000D+00
  -0.3241D+00   0.3368D-01  -0.2915D+00   0.1960D-01   0.2107D-01  -0.1631D-01  -0.1996D+00   0.3738D-02  -0.3241D+00   0.3368D-01  -0.2915D+00   0.1960D-01
   0.3982D+00  -0.1701D-01   0.6672D-01  -0.5440D-02   0.1048D+00  -0.3547D-01   0.1061D+00   0.0000D+00   0.2594D-01   0.2596D-02  -0.2770D-02   0.8496D-02   0.3982D+00  -0.1701D-01   0.6672D-01  -0.5440D-02   0.1048D+00  -0.3547D-01
  -0.1614D-02  -0.4850D-02  -0.2486D-02  -0.5730D-02  -0.1614D-02  -0.4850D-02  -0.2486D-02  -0.5730D-02
  1.000  2.000
  -0.3194D+00   0.0000D+00  -0.2623D+00   0.0000D+00   0.0000D+00   0.0000D+00  -0.1738D+00   0.0000D+00  -0.3194D+00   0.0000D+00  -0.2623D+00   0.0000D+00
   0.4454D+00   0.0000D+00   0.7242D-01   0.0000D+00   0.1592D+00   0.0000D+00   0.1092D+00   0.0000D+00   0.2427D-01   0.0000D+00   0.0000D+00   0.0000D+00   0.4454D+00   0.0000D+00   0.7242D-01   0.0000D+00   0.1592D+00   0.0000D+00
   0.0000D+00   0.0000D+00   0.0000D+00   0.0000D+00   0.0000D+00   0.0000D+00   0.0000D+00   0.0000D+00
  -0.3265D+00   0.2927D-01  -0.2901D+00   0.1704D-01   0.1831D-01  -0.1417D-01  -0.1978D+00   0.3249D-02  -0.3265D+00   0.2927D-01  -0.2901D+00   0.1704D-01
   0.4015D+00  -0.1586D-01   0.6712D-01  -0.5072D-02   0.1085D+00  -0.3306D-01   0.1063D+00   0.0000D+00   0.2583D-01   0.2420D-02  -0.2583D-02   0.7920D-02   0.4015D+00  -0.1586D-01   0.6712D-01  -0.5072D-02   0.1085D+00  -0.3306D-01
  -0.1505D-02  -0.4521D-02  -0.2318D-02  -0.5342D-02  -0.1505D-02  -0.4521D-02  -0.2318D-02  -0.5342D-02
  2.000  0.500
  -0.3403D+00   0.0000D+00  -0.2793D+00   0.0000D+00   0.0000D+00   0.0000D+00  -0.1845D+00   0.0000D+00  -0.3403D+00   0.0000D+00  -0.2793D+00   0.0000D+00
   0.4089D+00   0.0000D+00   0.6655D-01   0.0000D+00   0.1464D+00   0.0000D+00   0.9983D-01   0.0000D+00   0.2218D-01   0.0000D+00   0.0000D+00   0.0000D+00   0.4089D+00   0.0000D+00   0.6655D-01   0.0000D+00   0.1464D+00   0.0000D+00
   0.0000D+00   0.0000D+00   0.0000D+00   0.0000D+00   0.0000D+00   0.0000D+00   0.0000D+00   0.0000D+00
  -0.3232D+00   0.3603D-01  -0.2932D+00   0.2098D-01   0.2250D-01  -0.1741D-01  -0.2005D+00   0.4046D-02  -0.3232D+00   0.3603D-01  -0.2932D+00   0.2098D-01
   0.3987D+00  -0.1688D-01   0.6688D-01  -0.5389D-02   0.1054D+00  -0.3505D-01   0.1059D+00   0.0000D+00   0.2598D-01   0.2559D-02  -0.2740D-02   0.8376D-02   0.3987D+00  -0.1688D-01   0.6688D-01  -0.5389D-02   0.1054D+00  -0.3505D-01
  -0.1604D-02  -0.4814D-02  -0.2461D-02  -0.5664D-02  -0.1604D-02  -0.4814D-02  -0.2461D-02  -0.5664D-02
  2.000  1.000
  -0.3155D+00   0.0000D+00  -0.2590D+00   0.0000D+00   0.0000D+00   0.0000D+00  -0.1711D+00   0.0000D+00  -0.3155D+00   0.0000D+00  -0.2590D+00   0.0000D+00
   0.4089D+00   0.0000D+00   0.6655D-01   0.0000D+00   0.1464D+00   0.0000D+00   0.9983D-01   0.0000D+00   0.2218D-01   0.0000D+00   0.0000D+00   0.0000D+00   0.4089D+00   0.0000D+00   0.6655D-01   0.0000D+00   0.1464D+00   0.0000D+00
   0.0000D+00   0.0000D+00   0.0000D+00   0.0000D+00   0.0000D+00   0.0000D+00   0.0000D+00   0.0000D+00
  -0.3254D+00   0.3097D-01  -0.2910D+00   0.1803D-01   0.1935D-01  -0.1497D-01  -0.1981D+00   0.3479D-02  -0.3254D+00   0.3097D-01  -0.2910D+00   0.1803D-01
   0.3995D+00  -0.1565D-01   0.6686D-01  -0.4997D-02   0.1084D+00  -0.3250D-01   0.1054D+00   0.0000D+00   0.2570D-01   0.2373D-02  -0.2541D-02   0.7767D-02   0.3995D+00  -0.1565D-01   0.6686D-01  -0.4997D-02   0.1084D+00  -0.3250D-01
  -0.1487D-02  -0.4463D-02  -0.2282D-02  -0.5252D-02  -0.1487D-02  -0.4463D-02  -0.2282D-02  -0.5252D-02
  2.000  2.000
  -0.2941D+00   0.0000D+00  -0.2414D+00   0.0000D+00   0.0000D+00   0.0000D+00  -0.1595D+00   0.0000D+00  -0.2941D+00   0.0000D+00  -0.2414D+00   0.0000D+00
   0.4089D+00   0.0000D+00   0.6655D-01   0.0000D+00   0.1464D+00   0.0000D+00   0.9983D-01   0.0000D+00   0.2218D-01   0.0000D+00   0.0000D+00   0.0000D+00   0.4089D+00   0.0000D+00   0.6655D-01   0.0000D+00   0.1464D+00   0.0000D+00
   0.0000D+00   0.0000D+00   0.0000D+00   0.0000D+00   0.0000D+00   0.0000D+00   0.0000D+00   0.0000D+00
  -0.3240D+00   0.2692D-01  -0.2868D+00   0.1567D-01   0.1681D-01  -0.1301D-01  -0.1945D+00   0.3024D-02  -0.3240D+00   0.2692D-01  -0.2868D+00   0.1567D-01
   0.4002D+00  -0.1459D-01   0.6685D-01  -0.4659D-02   0.1110D+00  -0.3029D-01   0.1051D+00   0.0000D+00   0.2547D-01   0.2212D-02  -0.2369D-02   0.7241D-02   0.4002D+00  -0.1459D-01   0.6685D-01  -0.4659D-02   0.1110D+00  -0.3029D-01
  -0.1386D-02  -0.4161D-02  -0.2127D-02  -0.4896D-02  -0.1386D-02  -0.4161D-02  -0.2127D-02  -0.4896D-02
