 LHC=           1 sqrts=   8000.0000000000000      ang=           4 mode=fital                                                                                               scalescheme=           1 R=  0.69999999999999996     
 CT10nlo_rand5678                                                                                             415
 Bin information: chid, chiu, md, mu, mu0
   0.0000000000000000       0.50000000000000000        49.000000000000000        56.000000000000000        52.500000000000000     
 9 scales(muf, mur)*(LO(38), NLO(38))
  0.500  0.500
  -0.2071D+02   0.0000D+00  -0.3559D+02   0.0000D+00   0.0000D+00   0.0000D+00  -0.4009D+02   0.0000D+00  -0.2071D+02   0.0000D+00  -0.3559D+02   0.0000D+00
   0.1779D+00   0.0000D+00   0.3380D-01   0.0000D+00   0.3541D-01   0.0000D+00   0.7813D-01   0.0000D+00   0.1736D-01   0.0000D+00   0.0000D+00   0.0000D+00   0.1779D+00   0.0000D+00   0.3380D-01   0.0000D+00   0.3541D-01   0.0000D+00
   0.0000D+00   0.0000D+00   0.0000D+00   0.0000D+00   0.0000D+00   0.0000D+00   0.0000D+00   0.0000D+00
  -0.1429D+02   0.7175D+01  -0.2913D+02   0.4557D+01   0.3396D+01  -0.5566D+01  -0.3578D+02  -0.5329D+00  -0.1429D+02   0.7175D+01  -0.2913D+02   0.4557D+01
   0.6172D+00  -0.5858D-02   0.1152D+00  -0.2922D-02   0.1015D+00  -0.2377D-01   0.2402D+00   0.0000D+00   0.6627D-01   0.2796D-02   0.1100D-01   0.9151D-02   0.6172D+00  -0.5858D-02   0.1152D+00  -0.2922D-02   0.1015D+00  -0.2377D-01
  -0.5292D-04  -0.2367D-02  -0.1312D-02  -0.4887D-02  -0.5292D-04  -0.2367D-02  -0.1312D-02  -0.4887D-02
  0.500  1.000
  -0.1833D+02   0.0000D+00  -0.3150D+02   0.0000D+00   0.0000D+00   0.0000D+00  -0.3548D+02   0.0000D+00  -0.1833D+02   0.0000D+00  -0.3150D+02   0.0000D+00
   0.1779D+00   0.0000D+00   0.3380D-01   0.0000D+00   0.3541D-01   0.0000D+00   0.7813D-01   0.0000D+00   0.1736D-01   0.0000D+00   0.0000D+00   0.0000D+00   0.1779D+00   0.0000D+00   0.3380D-01   0.0000D+00   0.3541D-01   0.0000D+00
   0.0000D+00   0.0000D+00   0.0000D+00   0.0000D+00   0.0000D+00   0.0000D+00   0.0000D+00   0.0000D+00
  -0.1532D+02   0.5620D+01  -0.2993D+02   0.3570D+01   0.2657D+01  -0.4360D+01  -0.3604D+02  -0.4175D+00  -0.1532D+02   0.5620D+01  -0.2993D+02   0.3570D+01
   0.5622D+00  -0.5185D-02   0.1051D+00  -0.2587D-02   0.9207D-01  -0.2104D-01   0.2212D+00   0.0000D+00   0.6049D-01   0.2475D-02   0.9797D-02   0.8100D-02   0.5622D+00  -0.5185D-02   0.1051D+00  -0.2587D-02   0.9207D-01  -0.2104D-01
  -0.4677D-04  -0.2095D-02  -0.1161D-02  -0.4326D-02  -0.4677D-04  -0.2095D-02  -0.1161D-02  -0.4326D-02
  0.500  2.000
  -0.1645D+02   0.0000D+00  -0.2827D+02   0.0000D+00   0.0000D+00   0.0000D+00  -0.3184D+02   0.0000D+00  -0.1645D+02   0.0000D+00  -0.2827D+02   0.0000D+00
   0.1779D+00   0.0000D+00   0.3380D-01   0.0000D+00   0.3541D-01   0.0000D+00   0.7813D-01   0.0000D+00   0.1736D-01   0.0000D+00   0.0000D+00   0.0000D+00   0.1779D+00   0.0000D+00   0.3380D-01   0.0000D+00   0.3541D-01   0.0000D+00
   0.0000D+00   0.0000D+00   0.0000D+00   0.0000D+00   0.0000D+00   0.0000D+00   0.0000D+00   0.0000D+00
  -0.1566D+02   0.4526D+01  -0.2980D+02   0.2874D+01   0.2137D+01  -0.3511D+01  -0.3545D+02  -0.3362D+00  -0.1566D+02   0.4526D+01  -0.2980D+02   0.2874D+01
   0.5260D+00  -0.4653D-02   0.9839D-01  -0.2321D-02   0.8695D-01  -0.1888D-01   0.2076D+00   0.0000D+00   0.5636D-01   0.2221D-02   0.8869D-02   0.7269D-02   0.5260D+00  -0.4653D-02   0.9839D-01  -0.2321D-02   0.8695D-01  -0.1888D-01
  -0.4194D-04  -0.1880D-02  -0.1042D-02  -0.3882D-02  -0.4194D-04  -0.1880D-02  -0.1042D-02  -0.3882D-02
  1.000  0.500
  -0.2224D+02   0.0000D+00  -0.3944D+02   0.0000D+00   0.0000D+00   0.0000D+00  -0.4274D+02   0.0000D+00  -0.2224D+02   0.0000D+00  -0.3944D+02   0.0000D+00
   0.1973D+00   0.0000D+00   0.3900D-01   0.0000D+00   0.3940D-01   0.0000D+00   0.9290D-01   0.0000D+00   0.2064D-01   0.0000D+00   0.0000D+00   0.0000D+00   0.1973D+00   0.0000D+00   0.3900D-01   0.0000D+00   0.3940D-01   0.0000D+00
   0.0000D+00   0.0000D+00   0.0000D+00   0.0000D+00   0.0000D+00   0.0000D+00   0.0000D+00   0.0000D+00
  -0.1298D+02   0.8073D+01  -0.2613D+02   0.5010D+01   0.3972D+01  -0.5844D+01  -0.3344D+02  -0.5908D+00  -0.1298D+02   0.8073D+01  -0.2613D+02   0.5010D+01
   0.5619D+00  -0.6612D-02   0.1055D+00  -0.3250D-02   0.8192D-01  -0.2537D-01   0.2302D+00   0.0000D+00   0.6308D-01   0.3386D-02   0.9294D-02   0.1108D-01   0.5619D+00  -0.6612D-02   0.1055D+00  -0.3250D-02   0.8192D-01  -0.2537D-01
  -0.9203D-04  -0.2678D-02  -0.1542D-02  -0.5601D-02  -0.9203D-04  -0.2678D-02  -0.1542D-02  -0.5601D-02
  1.000  1.000
  -0.1969D+02   0.0000D+00  -0.3491D+02   0.0000D+00   0.0000D+00   0.0000D+00  -0.3783D+02   0.0000D+00  -0.1969D+02   0.0000D+00  -0.3491D+02   0.0000D+00
   0.1973D+00   0.0000D+00   0.3900D-01   0.0000D+00   0.3940D-01   0.0000D+00   0.9290D-01   0.0000D+00   0.2064D-01   0.0000D+00   0.0000D+00   0.0000D+00   0.1973D+00   0.0000D+00   0.3900D-01   0.0000D+00   0.3940D-01   0.0000D+00
   0.0000D+00   0.0000D+00   0.0000D+00   0.0000D+00   0.0000D+00   0.0000D+00   0.0000D+00   0.0000D+00
  -0.1474D+02   0.6324D+01  -0.2848D+02   0.3925D+01   0.3107D+01  -0.4578D+01  -0.3484D+02  -0.4628D+00  -0.1474D+02   0.6324D+01  -0.2848D+02   0.3925D+01
   0.5866D+00  -0.5853D-02   0.1092D+00  -0.2877D-02   0.9504D-01  -0.2246D-01   0.2306D+00   0.0000D+00   0.6306D-01   0.2998D-02   0.8761D-02   0.9810D-02   0.5866D+00  -0.5853D-02   0.1092D+00  -0.2877D-02   0.9504D-01  -0.2246D-01
  -0.8138D-04  -0.2371D-02  -0.1365D-02  -0.4958D-02  -0.8138D-04  -0.2371D-02  -0.1365D-02  -0.4958D-02
  1.000  2.000
  -0.1767D+02   0.0000D+00  -0.3133D+02   0.0000D+00   0.0000D+00   0.0000D+00  -0.3395D+02   0.0000D+00  -0.1767D+02   0.0000D+00  -0.3133D+02   0.0000D+00
   0.1973D+00   0.0000D+00   0.3900D-01   0.0000D+00   0.3940D-01   0.0000D+00   0.9290D-01   0.0000D+00   0.2064D-01   0.0000D+00   0.0000D+00   0.0000D+00   0.1973D+00   0.0000D+00   0.3900D-01   0.0000D+00   0.3940D-01   0.0000D+00
   0.0000D+00   0.0000D+00   0.0000D+00   0.0000D+00   0.0000D+00   0.0000D+00   0.0000D+00   0.0000D+00
  -0.1537D+02   0.5093D+01  -0.2919D+02   0.3161D+01   0.2502D+01  -0.3687D+01  -0.3485D+02  -0.3727D+00  -0.1537D+02   0.5093D+01  -0.2919D+02   0.3161D+01
   0.5130D+00  -0.5252D-02   0.9634D-01  -0.2582D-02   0.7988D-01  -0.2016D-01   0.2088D+00   0.0000D+00   0.5638D-01   0.2690D-02   0.7676D-02   0.8804D-02   0.5130D+00  -0.5252D-02   0.9634D-01  -0.2582D-02   0.7988D-01  -0.2016D-01
  -0.7298D-04  -0.2128D-02  -0.1225D-02  -0.4449D-02  -0.7298D-04  -0.2128D-02  -0.1225D-02  -0.4449D-02
  2.000  0.500
  -0.2411D+02   0.0000D+00  -0.4534D+02   0.0000D+00   0.0000D+00   0.0000D+00  -0.4782D+02   0.0000D+00  -0.2411D+02   0.0000D+00  -0.4534D+02   0.0000D+00
   0.2287D+00   0.0000D+00   0.4146D-01   0.0000D+00   0.4139D-01   0.0000D+00   0.9981D-01   0.0000D+00   0.2218D-01   0.0000D+00   0.0000D+00   0.0000D+00   0.2287D+00   0.0000D+00   0.4146D-01   0.0000D+00   0.4139D-01   0.0000D+00
   0.0000D+00   0.0000D+00   0.0000D+00   0.0000D+00   0.0000D+00   0.0000D+00   0.0000D+00   0.0000D+00
  -0.1214D+02   0.9082D+01  -0.2737D+02   0.5409D+01   0.4288D+01  -0.6582D+01  -0.3341D+02  -0.6228D+00  -0.1214D+02   0.9082D+01  -0.2737D+02   0.5409D+01
   0.5613D+00  -0.6903D-02   0.1006D+00  -0.3320D-02   0.7221D-01  -0.2925D-01   0.2206D+00   0.0000D+00   0.6168D-01   0.3824D-02   0.9341D-02   0.1252D-01   0.5613D+00  -0.6903D-02   0.1006D+00  -0.3320D-02   0.7221D-01  -0.2925D-01
  -0.9728D-04  -0.2852D-02  -0.1747D-02  -0.6266D-02  -0.9728D-04  -0.2852D-02  -0.1747D-02  -0.6266D-02
  2.000  1.000
  -0.2134D+02   0.0000D+00  -0.4013D+02   0.0000D+00   0.0000D+00   0.0000D+00  -0.4232D+02   0.0000D+00  -0.2134D+02   0.0000D+00  -0.4013D+02   0.0000D+00
   0.2287D+00   0.0000D+00   0.4146D-01   0.0000D+00   0.4139D-01   0.0000D+00   0.9981D-01   0.0000D+00   0.2218D-01   0.0000D+00   0.0000D+00   0.0000D+00   0.2287D+00   0.0000D+00   0.4146D-01   0.0000D+00   0.4139D-01   0.0000D+00
   0.0000D+00   0.0000D+00   0.0000D+00   0.0000D+00   0.0000D+00   0.0000D+00   0.0000D+00   0.0000D+00
  -0.1414D+02   0.7115D+01  -0.3026D+02   0.4237D+01   0.3365D+01  -0.5156D+01  -0.3550D+02  -0.4880D+00  -0.1414D+02   0.7115D+01  -0.3026D+02   0.4237D+01
   0.4628D+00  -0.6110D-02   0.8341D-01  -0.2939D-02   0.5240D-01  -0.2589D-01   0.1917D+00   0.0000D+00   0.5269D-01   0.3385D-02   0.7486D-02   0.1108D-01   0.4628D+00  -0.6110D-02   0.8341D-01  -0.2939D-02   0.5240D-01  -0.2589D-01
  -0.8602D-04  -0.2524D-02  -0.1546D-02  -0.5546D-02  -0.8602D-04  -0.2524D-02  -0.1546D-02  -0.5546D-02
  2.000  2.000
  -0.1915D+02   0.0000D+00  -0.3601D+02   0.0000D+00   0.0000D+00   0.0000D+00  -0.3798D+02   0.0000D+00  -0.1915D+02   0.0000D+00  -0.3601D+02   0.0000D+00
   0.2287D+00   0.0000D+00   0.4146D-01   0.0000D+00   0.4139D-01   0.0000D+00   0.9981D-01   0.0000D+00   0.2218D-01   0.0000D+00   0.0000D+00   0.0000D+00   0.2287D+00   0.0000D+00   0.4146D-01   0.0000D+00   0.4139D-01   0.0000D+00
   0.0000D+00   0.0000D+00   0.0000D+00   0.0000D+00   0.0000D+00   0.0000D+00   0.0000D+00   0.0000D+00
  -0.1571D+02   0.5729D+01  -0.3221D+02   0.3412D+01   0.2686D+01  -0.4152D+01  -0.3684D+02  -0.3930D+00  -0.1571D+02   0.5729D+01  -0.3221D+02   0.3412D+01
   0.6221D+00  -0.5484D-02   0.1108D+00  -0.2638D-02   0.9999D-01  -0.2324D-01   0.2292D+00   0.0000D+00   0.6344D-01   0.3038D-02   0.9285D-02   0.9941D-02   0.6221D+00  -0.5484D-02   0.1108D+00  -0.2638D-02   0.9999D-01  -0.2324D-01
  -0.7715D-04  -0.2264D-02  -0.1388D-02  -0.4977D-02  -0.7715D-04  -0.2264D-02  -0.1388D-02  -0.4977D-02
