 LHC=           1 sqrts=   8000.0000000000000      ang=           4 mode=fital                                                                                               scalescheme=           1 R=  0.69999999999999996     
 CT10nlo_rand5678                                                                                             126
 Bin information: chid, chiu, md, mu, mu0
   0.0000000000000000       0.50000000000000000        592.00000000000000        638.00000000000000        615.00000000000000     
 9 scales(muf, mur)*(LO(38), NLO(38))
  0.500  0.500
  -0.5713D+00   0.0000D+00  -0.4981D+00   0.0000D+00   0.0000D+00   0.0000D+00  -0.3584D+00   0.0000D+00  -0.5713D+00   0.0000D+00  -0.4981D+00   0.0000D+00
   0.5408D+00   0.0000D+00   0.8972D-01   0.0000D+00   0.1837D+00   0.0000D+00   0.1456D+00   0.0000D+00   0.3236D-01   0.0000D+00   0.0000D+00   0.0000D+00   0.5408D+00   0.0000D+00   0.8972D-01   0.0000D+00   0.1837D+00   0.0000D+00
   0.0000D+00   0.0000D+00   0.0000D+00   0.0000D+00   0.0000D+00   0.0000D+00   0.0000D+00   0.0000D+00
  -0.4346D+00   0.6553D-01  -0.4318D+00   0.3849D-01   0.4083D-01  -0.3419D-01  -0.3276D+00   0.5620D-02  -0.4346D+00   0.6553D-01  -0.4318D+00   0.3849D-01
   0.4473D+00  -0.2140D-01   0.7693D-01  -0.7053D-02   0.1022D+00  -0.4702D-01   0.1304D+00   0.0000D+00   0.3262D-01   0.3771D-02  -0.3312D-02   0.1234D-01   0.4473D+00  -0.2140D-01   0.7693D-01  -0.7053D-02   0.1022D+00  -0.4702D-01
  -0.1959D-02  -0.6227D-02  -0.3365D-02  -0.7941D-02  -0.1959D-02  -0.6227D-02  -0.3365D-02  -0.7941D-02
  0.500  1.000
  -0.5253D+00   0.0000D+00  -0.4579D+00   0.0000D+00   0.0000D+00   0.0000D+00  -0.3295D+00   0.0000D+00  -0.5253D+00   0.0000D+00  -0.4579D+00   0.0000D+00
   0.5408D+00   0.0000D+00   0.8972D-01   0.0000D+00   0.1837D+00   0.0000D+00   0.1456D+00   0.0000D+00   0.3236D-01   0.0000D+00   0.0000D+00   0.0000D+00   0.5408D+00   0.0000D+00   0.8972D-01   0.0000D+00   0.1837D+00   0.0000D+00
   0.0000D+00   0.0000D+00   0.0000D+00   0.0000D+00   0.0000D+00   0.0000D+00   0.0000D+00   0.0000D+00
  -0.4506D+00   0.5539D-01  -0.4376D+00   0.3254D-01   0.3452D-01  -0.2890D-01  -0.3291D+00   0.4751D-02  -0.4506D+00   0.5539D-01  -0.4376D+00   0.3254D-01
   0.4550D+00  -0.1968D-01   0.7799D-01  -0.6485D-02   0.1088D+00  -0.4323D-01   0.1316D+00   0.0000D+00   0.3261D-01   0.3467D-02  -0.3045D-02   0.1135D-01   0.4550D+00  -0.1968D-01   0.7799D-01  -0.6485D-02   0.1088D+00  -0.4323D-01
  -0.1801D-02  -0.5725D-02  -0.3094D-02  -0.7301D-02  -0.1801D-02  -0.5725D-02  -0.3094D-02  -0.7301D-02
  0.500  2.000
  -0.4862D+00   0.0000D+00  -0.4239D+00   0.0000D+00   0.0000D+00   0.0000D+00  -0.3050D+00   0.0000D+00  -0.4862D+00   0.0000D+00  -0.4239D+00   0.0000D+00
   0.5408D+00   0.0000D+00   0.8972D-01   0.0000D+00   0.1837D+00   0.0000D+00   0.1456D+00   0.0000D+00   0.3236D-01   0.0000D+00   0.0000D+00   0.0000D+00   0.5408D+00   0.0000D+00   0.8972D-01   0.0000D+00   0.1837D+00   0.0000D+00
   0.0000D+00   0.0000D+00   0.0000D+00   0.0000D+00   0.0000D+00   0.0000D+00   0.0000D+00   0.0000D+00
  -0.4572D+00   0.4746D-01  -0.4370D+00   0.2788D-01   0.2958D-01  -0.2476D-01  -0.3266D+00   0.4071D-02  -0.4572D+00   0.4746D-01  -0.4370D+00   0.2788D-01
   0.4615D+00  -0.1821D-01   0.7888D-01  -0.6003D-02   0.1144D+00  -0.4002D-01   0.1327D+00   0.0000D+00   0.3259D-01   0.3209D-02  -0.2819D-02   0.1050D-01   0.4615D+00  -0.1821D-01   0.7888D-01  -0.6003D-02   0.1144D+00  -0.4002D-01
  -0.1667D-02  -0.5299D-02  -0.2864D-02  -0.6758D-02  -0.1667D-02  -0.5299D-02  -0.2864D-02  -0.6758D-02
  1.000  0.500
  -0.5278D+00   0.0000D+00  -0.4609D+00   0.0000D+00   0.0000D+00   0.0000D+00  -0.3295D+00   0.0000D+00  -0.5278D+00   0.0000D+00  -0.4609D+00   0.0000D+00
   0.4989D+00   0.0000D+00   0.8240D-01   0.0000D+00   0.1699D+00   0.0000D+00   0.1340D+00   0.0000D+00   0.2977D-01   0.0000D+00   0.0000D+00   0.0000D+00   0.4989D+00   0.0000D+00   0.8240D-01   0.0000D+00   0.1699D+00   0.0000D+00
   0.0000D+00   0.0000D+00   0.0000D+00   0.0000D+00   0.0000D+00   0.0000D+00   0.0000D+00   0.0000D+00
  -0.4446D+00   0.6062D-01  -0.4364D+00   0.3551D-01   0.3784D-01  -0.3141D-01  -0.3269D+00   0.5262D-02  -0.4446D+00   0.6062D-01  -0.4364D+00   0.3551D-01
   0.4507D+00  -0.1979D-01   0.7680D-01  -0.6512D-02   0.1071D+00  -0.4334D-01   0.1306D+00   0.0000D+00   0.3236D-01   0.3467D-02  -0.3115D-02   0.1135D-01   0.4507D+00  -0.1979D-01   0.7680D-01  -0.6512D-02   0.1071D+00  -0.4334D-01
  -0.1815D-02  -0.5762D-02  -0.3107D-02  -0.7338D-02  -0.1815D-02  -0.5762D-02  -0.3107D-02  -0.7338D-02
  1.000  1.000
  -0.4853D+00   0.0000D+00  -0.4238D+00   0.0000D+00   0.0000D+00   0.0000D+00  -0.3030D+00   0.0000D+00  -0.4853D+00   0.0000D+00  -0.4238D+00   0.0000D+00
   0.4989D+00   0.0000D+00   0.8240D-01   0.0000D+00   0.1699D+00   0.0000D+00   0.1340D+00   0.0000D+00   0.2977D-01   0.0000D+00   0.0000D+00   0.0000D+00   0.4989D+00   0.0000D+00   0.8240D-01   0.0000D+00   0.1699D+00   0.0000D+00
   0.0000D+00   0.0000D+00   0.0000D+00   0.0000D+00   0.0000D+00   0.0000D+00   0.0000D+00   0.0000D+00
  -0.4528D+00   0.5125D-01  -0.4360D+00   0.3002D-01   0.3199D-01  -0.2655D-01  -0.3244D+00   0.4448D-02  -0.4528D+00   0.5125D-01  -0.4360D+00   0.3002D-01
   0.4547D+00  -0.1819D-01   0.7727D-01  -0.5987D-02   0.1122D+00  -0.3985D-01   0.1309D+00   0.0000D+00   0.3215D-01   0.3188D-02  -0.2864D-02   0.1043D-01   0.4547D+00  -0.1819D-01   0.7727D-01  -0.5987D-02   0.1122D+00  -0.3985D-01
  -0.1668D-02  -0.5298D-02  -0.2857D-02  -0.6746D-02  -0.1668D-02  -0.5298D-02  -0.2857D-02  -0.6746D-02
  1.000  2.000
  -0.4492D+00   0.0000D+00  -0.3923D+00   0.0000D+00   0.0000D+00   0.0000D+00  -0.2804D+00   0.0000D+00  -0.4492D+00   0.0000D+00  -0.3923D+00   0.0000D+00
   0.4989D+00   0.0000D+00   0.8240D-01   0.0000D+00   0.1699D+00   0.0000D+00   0.1340D+00   0.0000D+00   0.2977D-01   0.0000D+00   0.0000D+00   0.0000D+00   0.4989D+00   0.0000D+00   0.8240D-01   0.0000D+00   0.1699D+00   0.0000D+00
   0.0000D+00   0.0000D+00   0.0000D+00   0.0000D+00   0.0000D+00   0.0000D+00   0.0000D+00   0.0000D+00
  -0.4537D+00   0.4391D-01  -0.4310D+00   0.2572D-01   0.2741D-01  -0.2275D-01  -0.3190D+00   0.3811D-02  -0.4537D+00   0.4391D-01  -0.4310D+00   0.2572D-01
   0.4581D+00  -0.1684D-01   0.7767D-01  -0.5542D-02   0.1165D+00  -0.3688D-01   0.1311D+00   0.0000D+00   0.3198D-01   0.2951D-02  -0.2651D-02   0.9657D-02   0.4581D+00  -0.1684D-01   0.7767D-01  -0.5542D-02   0.1165D+00  -0.3688D-01
  -0.1544D-02  -0.4904D-02  -0.2644D-02  -0.6245D-02  -0.1544D-02  -0.4904D-02  -0.2644D-02  -0.6245D-02
  2.000  0.500
  -0.4904D+00   0.0000D+00  -0.4275D+00   0.0000D+00   0.0000D+00   0.0000D+00  -0.3049D+00   0.0000D+00  -0.4904D+00   0.0000D+00  -0.4275D+00   0.0000D+00
   0.4615D+00   0.0000D+00   0.7634D-01   0.0000D+00   0.1576D+00   0.0000D+00   0.1235D+00   0.0000D+00   0.2744D-01   0.0000D+00   0.0000D+00   0.0000D+00   0.4615D+00   0.0000D+00   0.7634D-01   0.0000D+00   0.1576D+00   0.0000D+00
   0.0000D+00   0.0000D+00   0.0000D+00   0.0000D+00   0.0000D+00   0.0000D+00   0.0000D+00   0.0000D+00
  -0.4523D+00   0.5628D-01  -0.4397D+00   0.3292D-01   0.3488D-01  -0.2905D-01  -0.3287D+00   0.4939D-02  -0.4523D+00   0.5628D-01  -0.4397D+00   0.3292D-01
   0.4536D+00  -0.1836D-01   0.7736D-01  -0.6029D-02   0.1122D+00  -0.4015D-01   0.1310D+00   0.0000D+00   0.3211D-01   0.3195D-02  -0.2886D-02   0.1046D-01   0.4536D+00  -0.1836D-01   0.7736D-01  -0.6029D-02   0.1122D+00  -0.4015D-01
  -0.1689D-02  -0.5312D-02  -0.2879D-02  -0.6749D-02  -0.1689D-02  -0.5312D-02  -0.2879D-02  -0.6749D-02
  2.000  1.000
  -0.4509D+00   0.0000D+00  -0.3930D+00   0.0000D+00   0.0000D+00   0.0000D+00  -0.2803D+00   0.0000D+00  -0.4509D+00   0.0000D+00  -0.3930D+00   0.0000D+00
   0.4615D+00   0.0000D+00   0.7634D-01   0.0000D+00   0.1576D+00   0.0000D+00   0.1235D+00   0.0000D+00   0.2744D-01   0.0000D+00   0.0000D+00   0.0000D+00   0.4615D+00   0.0000D+00   0.7634D-01   0.0000D+00   0.1576D+00   0.0000D+00
   0.0000D+00   0.0000D+00   0.0000D+00   0.0000D+00   0.0000D+00   0.0000D+00   0.0000D+00   0.0000D+00
  -0.4538D+00   0.4757D-01  -0.4339D+00   0.2783D-01   0.2948D-01  -0.2456D-01  -0.3222D+00   0.4175D-02  -0.4538D+00   0.4757D-01  -0.4339D+00   0.2783D-01
   0.4544D+00  -0.1688D-01   0.7729D-01  -0.5543D-02   0.1159D+00  -0.3691D-01   0.1304D+00   0.0000D+00   0.3174D-01   0.2937D-02  -0.2654D-02   0.9613D-02   0.4544D+00  -0.1688D-01   0.7729D-01  -0.5543D-02   0.1159D+00  -0.3691D-01
  -0.1553D-02  -0.4884D-02  -0.2647D-02  -0.6205D-02  -0.1553D-02  -0.4884D-02  -0.2647D-02  -0.6205D-02
  2.000  2.000
  -0.4173D+00   0.0000D+00  -0.3638D+00   0.0000D+00   0.0000D+00   0.0000D+00  -0.2595D+00   0.0000D+00  -0.4173D+00   0.0000D+00  -0.3638D+00   0.0000D+00
   0.4615D+00   0.0000D+00   0.7634D-01   0.0000D+00   0.1576D+00   0.0000D+00   0.1235D+00   0.0000D+00   0.2744D-01   0.0000D+00   0.0000D+00   0.0000D+00   0.4615D+00   0.0000D+00   0.7634D-01   0.0000D+00   0.1576D+00   0.0000D+00
   0.0000D+00   0.0000D+00   0.0000D+00   0.0000D+00   0.0000D+00   0.0000D+00   0.0000D+00   0.0000D+00
  -0.4499D+00   0.4076D-01  -0.4251D+00   0.2384D-01   0.2526D-01  -0.2104D-01  -0.3141D+00   0.3577D-02  -0.4499D+00   0.4076D-01  -0.4251D+00   0.2384D-01
   0.4550D+00  -0.1563D-01   0.7724D-01  -0.5131D-02   0.1190D+00  -0.3417D-01   0.1299D+00   0.0000D+00   0.3143D-01   0.2719D-02  -0.2457D-02   0.8898D-02   0.4550D+00  -0.1563D-01   0.7724D-01  -0.5131D-02   0.1190D+00  -0.3417D-01
  -0.1438D-02  -0.4521D-02  -0.2450D-02  -0.5744D-02  -0.1438D-02  -0.4521D-02  -0.2450D-02  -0.5744D-02
