 LHC=           1 sqrts=   8000.0000000000000      ang=           4 mode=fital                                                                                               scalescheme=           1 R=  0.69999999999999996     
 CT10nlo_rand5678                                                                                             419
 Bin information: chid, chiu, md, mu, mu0
   0.0000000000000000       0.50000000000000000        245.00000000000000        272.00000000000000        258.50000000000000     
 9 scales(muf, mur)*(LO(38), NLO(38))
  0.500  0.500
  -0.2932D+01   0.0000D+00  -0.3680D+01   0.0000D+00   0.0000D+00   0.0000D+00  -0.3556D+01   0.0000D+00  -0.2932D+01   0.0000D+00  -0.3680D+01   0.0000D+00
   0.6153D+00   0.0000D+00   0.1105D+00   0.0000D+00   0.1575D+00   0.0000D+00   0.2397D+00   0.0000D+00   0.5327D-01   0.0000D+00   0.0000D+00   0.0000D+00   0.6153D+00   0.0000D+00   0.1105D+00   0.0000D+00   0.1575D+00   0.0000D+00
   0.0000D+00   0.0000D+00   0.0000D+00   0.0000D+00   0.0000D+00   0.0000D+00   0.0000D+00   0.0000D+00
  -0.2105D+01   0.5644D+00  -0.3096D+01   0.3393D+00   0.3023D+00  -0.3822D+00  -0.3281D+01  -0.1515D-01  -0.2105D+01   0.5644D+00  -0.3096D+01   0.3393D+00
   0.6608D+00  -0.2064D-01   0.1204D+00  -0.8129D-02   0.1111D+00  -0.6133D-01   0.2546D+00   0.0000D+00   0.6485D-01   0.6978D-02  -0.9691D-03   0.2284D-01   0.6608D+00  -0.2064D-01   0.1204D+00  -0.8129D-02   0.1111D+00  -0.6133D-01
  -0.1366D-02  -0.7351D-02  -0.4594D-02  -0.1250D-01  -0.1366D-02  -0.7351D-02  -0.4594D-02  -0.1250D-01
  0.500  1.000
  -0.2668D+01   0.0000D+00  -0.3349D+01   0.0000D+00   0.0000D+00   0.0000D+00  -0.3236D+01   0.0000D+00  -0.2668D+01   0.0000D+00  -0.3349D+01   0.0000D+00
   0.6153D+00   0.0000D+00   0.1105D+00   0.0000D+00   0.1575D+00   0.0000D+00   0.2397D+00   0.0000D+00   0.5327D-01   0.0000D+00   0.0000D+00   0.0000D+00   0.6153D+00   0.0000D+00   0.1105D+00   0.0000D+00   0.1575D+00   0.0000D+00
   0.0000D+00   0.0000D+00   0.0000D+00   0.0000D+00   0.0000D+00   0.0000D+00   0.0000D+00   0.0000D+00
  -0.2215D+01   0.4672D+00  -0.3156D+01   0.2809D+00   0.2502D+00  -0.3164D+00  -0.3289D+01  -0.1254D-01  -0.2215D+01   0.4672D+00  -0.3156D+01   0.2809D+00
   0.6573D+00  -0.1878D-01   0.1196D+00  -0.7397D-02   0.1154D+00  -0.5580D-01   0.2534D+00   0.0000D+00   0.6385D-01   0.6349D-02  -0.8774D-03   0.2078D-01   0.6573D+00  -0.1878D-01   0.1196D+00  -0.7397D-02   0.1154D+00  -0.5580D-01
  -0.1243D-02  -0.6689D-02  -0.4180D-02  -0.1137D-01  -0.1243D-02  -0.6689D-02  -0.4180D-02  -0.1137D-01
  0.500  2.000
  -0.2448D+01   0.0000D+00  -0.3073D+01   0.0000D+00   0.0000D+00   0.0000D+00  -0.2970D+01   0.0000D+00  -0.2448D+01   0.0000D+00  -0.3073D+01   0.0000D+00
   0.6153D+00   0.0000D+00   0.1105D+00   0.0000D+00   0.1575D+00   0.0000D+00   0.2397D+00   0.0000D+00   0.5327D-01   0.0000D+00   0.0000D+00   0.0000D+00   0.6153D+00   0.0000D+00   0.1105D+00   0.0000D+00   0.1575D+00   0.0000D+00
   0.0000D+00   0.0000D+00   0.0000D+00   0.0000D+00   0.0000D+00   0.0000D+00   0.0000D+00   0.0000D+00
  -0.2262D+01   0.3935D+00  -0.3155D+01   0.2365D+00   0.2107D+00  -0.2665D+00  -0.3250D+01  -0.1056D-01  -0.2262D+01   0.3935D+00  -0.3155D+01   0.2365D+00
   0.6543D+00  -0.1723D-01   0.1189D+00  -0.6788D-02   0.1190D+00  -0.5121D-01   0.2524D+00   0.0000D+00   0.6301D-01   0.5827D-02  -0.8018D-03   0.1907D-01   0.6543D+00  -0.1723D-01   0.1189D+00  -0.6788D-02   0.1190D+00  -0.5121D-01
  -0.1141D-02  -0.6138D-02  -0.3836D-02  -0.1044D-01  -0.1141D-02  -0.6138D-02  -0.3836D-02  -0.1044D-01
  1.000  0.500
  -0.2830D+01   0.0000D+00  -0.3576D+01   0.0000D+00   0.0000D+00   0.0000D+00  -0.3469D+01   0.0000D+00  -0.2830D+01   0.0000D+00  -0.3576D+01   0.0000D+00
   0.5947D+00   0.0000D+00   0.1070D+00   0.0000D+00   0.1529D+00   0.0000D+00   0.2321D+00   0.0000D+00   0.5158D-01   0.0000D+00   0.0000D+00   0.0000D+00   0.5947D+00   0.0000D+00   0.1070D+00   0.0000D+00   0.1529D+00   0.0000D+00
   0.0000D+00   0.0000D+00   0.0000D+00   0.0000D+00   0.0000D+00   0.0000D+00   0.0000D+00   0.0000D+00
  -0.2114D+01   0.5515D+00  -0.3109D+01   0.3308D+00   0.2925D+00  -0.3712D+00  -0.3324D+01  -0.1423D-01  -0.2114D+01   0.5515D+00  -0.3109D+01   0.3308D+00
   0.6470D+00  -0.2001D-01   0.1180D+00  -0.7870D-02   0.1114D+00  -0.5897D-01   0.2528D+00   0.0000D+00   0.6331D-01   0.6763D-02  -0.9614D-03   0.2213D-01   0.6470D+00  -0.2001D-01   0.1180D+00  -0.7870D-02   0.1114D+00  -0.5897D-01
  -0.1333D-02  -0.7002D-02  -0.4468D-02  -0.1207D-01  -0.1333D-02  -0.7002D-02  -0.4468D-02  -0.1207D-01
  1.000  1.000
  -0.2575D+01   0.0000D+00  -0.3254D+01   0.0000D+00   0.0000D+00   0.0000D+00  -0.3156D+01   0.0000D+00  -0.2575D+01   0.0000D+00  -0.3254D+01   0.0000D+00
   0.5947D+00   0.0000D+00   0.1070D+00   0.0000D+00   0.1529D+00   0.0000D+00   0.2321D+00   0.0000D+00   0.5158D-01   0.0000D+00   0.0000D+00   0.0000D+00   0.5947D+00   0.0000D+00   0.1070D+00   0.0000D+00   0.1529D+00   0.0000D+00
   0.0000D+00   0.0000D+00   0.0000D+00   0.0000D+00   0.0000D+00   0.0000D+00   0.0000D+00   0.0000D+00
  -0.2206D+01   0.4566D+00  -0.3150D+01   0.2739D+00   0.2421D+00  -0.3073D+00  -0.3310D+01  -0.1178D-01  -0.2206D+01   0.4566D+00  -0.3150D+01   0.2739D+00
   0.6428D+00  -0.1821D-01   0.1171D+00  -0.7161D-02   0.1153D+00  -0.5366D-01   0.2511D+00   0.0000D+00   0.6230D-01   0.6154D-02  -0.8713D-03   0.2014D-01   0.6428D+00  -0.1821D-01   0.1171D+00  -0.7161D-02   0.1153D+00  -0.5366D-01
  -0.1213D-02  -0.6372D-02  -0.4065D-02  -0.1098D-01  -0.1213D-02  -0.6372D-02  -0.4065D-02  -0.1098D-01
  1.000  2.000
  -0.2363D+01   0.0000D+00  -0.2986D+01   0.0000D+00   0.0000D+00   0.0000D+00  -0.2897D+01   0.0000D+00  -0.2363D+01   0.0000D+00  -0.2986D+01   0.0000D+00
   0.5947D+00   0.0000D+00   0.1070D+00   0.0000D+00   0.1529D+00   0.0000D+00   0.2321D+00   0.0000D+00   0.5158D-01   0.0000D+00   0.0000D+00   0.0000D+00   0.5947D+00   0.0000D+00   0.1070D+00   0.0000D+00   0.1529D+00   0.0000D+00
   0.0000D+00   0.0000D+00   0.0000D+00   0.0000D+00   0.0000D+00   0.0000D+00   0.0000D+00   0.0000D+00
  -0.2240D+01   0.3845D+00  -0.3136D+01   0.2306D+00   0.2038D+00  -0.2588D+00  -0.3257D+01  -0.9921D-02  -0.2240D+01   0.3845D+00  -0.3136D+01   0.2306D+00
   0.6393D+00  -0.1671D-01   0.1163D+00  -0.6572D-02   0.1185D+00  -0.4924D-01   0.2496D+00   0.0000D+00   0.6144D-01   0.5647D-02  -0.7970D-03   0.1848D-01   0.6393D+00  -0.1671D-01   0.1163D+00  -0.6572D-02   0.1185D+00  -0.4924D-01
  -0.1113D-02  -0.5847D-02  -0.3731D-02  -0.1008D-01  -0.1113D-02  -0.5847D-02  -0.3731D-02  -0.1008D-01
  2.000  0.500
  -0.2736D+01   0.0000D+00  -0.3465D+01   0.0000D+00   0.0000D+00   0.0000D+00  -0.3348D+01   0.0000D+00  -0.2736D+01   0.0000D+00  -0.3465D+01   0.0000D+00
   0.5751D+00   0.0000D+00   0.1036D+00   0.0000D+00   0.1472D+00   0.0000D+00   0.2254D+00   0.0000D+00   0.5008D-01   0.0000D+00   0.0000D+00   0.0000D+00   0.5751D+00   0.0000D+00   0.1036D+00   0.0000D+00   0.1472D+00   0.0000D+00
   0.0000D+00   0.0000D+00   0.0000D+00   0.0000D+00   0.0000D+00   0.0000D+00   0.0000D+00   0.0000D+00
  -0.2156D+01   0.5322D+00  -0.3148D+01   0.3204D+00   0.3007D+00  -0.3592D+00  -0.3322D+01  -0.1344D-01  -0.2156D+01   0.5322D+00  -0.3148D+01   0.3204D+00
   0.6371D+00  -0.1930D-01   0.1167D+00  -0.7613D-02   0.1097D+00  -0.5708D-01   0.2514D+00   0.0000D+00   0.6302D-01   0.6568D-02  -0.1037D-02   0.2149D-01   0.6371D+00  -0.1930D-01   0.1167D+00  -0.7613D-02   0.1097D+00  -0.5708D-01
  -0.1298D-02  -0.6961D-02  -0.4362D-02  -0.1168D-01  -0.1298D-02  -0.6961D-02  -0.4362D-02  -0.1168D-01
  2.000  1.000
  -0.2489D+01   0.0000D+00  -0.3152D+01   0.0000D+00   0.0000D+00   0.0000D+00  -0.3047D+01   0.0000D+00  -0.2489D+01   0.0000D+00  -0.3152D+01   0.0000D+00
   0.5751D+00   0.0000D+00   0.1036D+00   0.0000D+00   0.1472D+00   0.0000D+00   0.2254D+00   0.0000D+00   0.5008D-01   0.0000D+00   0.0000D+00   0.0000D+00   0.5751D+00   0.0000D+00   0.1036D+00   0.0000D+00   0.1472D+00   0.0000D+00
   0.0000D+00   0.0000D+00   0.0000D+00   0.0000D+00   0.0000D+00   0.0000D+00   0.0000D+00   0.0000D+00
  -0.2226D+01   0.4406D+00  -0.3164D+01   0.2652D+00   0.2489D+00  -0.2973D+00  -0.3290D+01  -0.1113D-01  -0.2226D+01   0.4406D+00  -0.3164D+01   0.2652D+00
   0.6327D+00  -0.1756D-01   0.1157D+00  -0.6927D-02   0.1134D+00  -0.5194D-01   0.2493D+00   0.0000D+00   0.6192D-01   0.5976D-02  -0.9412D-03   0.1956D-01   0.6327D+00  -0.1756D-01   0.1157D+00  -0.6927D-02   0.1134D+00  -0.5194D-01
  -0.1181D-02  -0.6334D-02  -0.3969D-02  -0.1062D-01  -0.1181D-02  -0.6334D-02  -0.3969D-02  -0.1062D-01
  2.000  2.000
  -0.2284D+01   0.0000D+00  -0.2893D+01   0.0000D+00   0.0000D+00   0.0000D+00  -0.2796D+01   0.0000D+00  -0.2284D+01   0.0000D+00  -0.2893D+01   0.0000D+00
   0.5751D+00   0.0000D+00   0.1036D+00   0.0000D+00   0.1472D+00   0.0000D+00   0.2254D+00   0.0000D+00   0.5008D-01   0.0000D+00   0.0000D+00   0.0000D+00   0.5751D+00   0.0000D+00   0.1036D+00   0.0000D+00   0.1472D+00   0.0000D+00
   0.0000D+00   0.0000D+00   0.0000D+00   0.0000D+00   0.0000D+00   0.0000D+00   0.0000D+00   0.0000D+00
  -0.2244D+01   0.3710D+00  -0.3133D+01   0.2234D+00   0.2096D+00  -0.2504D+00  -0.3223D+01  -0.9371D-02  -0.2244D+01   0.3710D+00  -0.3133D+01   0.2234D+00
   0.6283D+00  -0.1612D-01   0.1148D+00  -0.6357D-02   0.1163D+00  -0.4766D-01   0.2474D+00   0.0000D+00   0.6098D-01   0.5484D-02  -0.8614D-03   0.1795D-01   0.6283D+00  -0.1612D-01   0.1148D+00  -0.6357D-02   0.1163D+00  -0.4766D-01
  -0.1083D-02  -0.5813D-02  -0.3642D-02  -0.9749D-02  -0.1083D-02  -0.5813D-02  -0.3642D-02  -0.9749D-02
