 LHC=           1 sqrts=   8000.0000000000000      ang=           4 mode=fital                                                                                               scalescheme=           1 R=  0.69999999999999996     
 CT10nlo_rand5678                                                                                              41
 Bin information: chid, chiu, md, mu, mu0
   0.0000000000000000       0.50000000000000000        114.00000000000000        133.00000000000000        123.50000000000000     
 9 scales(muf, mur)*(LO(38), NLO(38))
  0.500  0.500
  -0.1037D+02   0.0000D+00  -0.1645D+02   0.0000D+00   0.0000D+00   0.0000D+00  -0.1717D+02   0.0000D+00  -0.1037D+02   0.0000D+00  -0.1645D+02   0.0000D+00
   0.5355D+00   0.0000D+00   0.9967D-01   0.0000D+00   0.1145D+00   0.0000D+00   0.2320D+00   0.0000D+00   0.5156D-01   0.0000D+00   0.0000D+00   0.0000D+00   0.5355D+00   0.0000D+00   0.9967D-01   0.0000D+00   0.1145D+00   0.0000D+00
   0.0000D+00   0.0000D+00   0.0000D+00   0.0000D+00   0.0000D+00   0.0000D+00   0.0000D+00   0.0000D+00
  -0.7019D+01   0.2878D+01  -0.1338D+02   0.1714D+01   0.1386D+01  -0.2064D+01  -0.1538D+02  -0.1761D+00  -0.7019D+01   0.2878D+01  -0.1338D+02   0.1714D+01
   0.8359D+00  -0.1688D-01   0.1559D+00  -0.7506D-02   0.1288D+00  -0.6045D-01   0.3368D+00   0.0000D+00   0.8687D-01   0.7570D-02   0.3457D-02   0.2477D-01   0.8359D+00  -0.1688D-01   0.1559D+00  -0.7506D-02   0.1288D+00  -0.6045D-01
  -0.6832D-03  -0.6555D-02  -0.4142D-02  -0.1308D-01  -0.6832D-03  -0.6555D-02  -0.4142D-02  -0.1308D-01
  0.500  1.000
  -0.9327D+01   0.0000D+00  -0.1480D+02   0.0000D+00   0.0000D+00   0.0000D+00  -0.1545D+02   0.0000D+00  -0.9327D+01   0.0000D+00  -0.1480D+02   0.0000D+00
   0.5355D+00   0.0000D+00   0.9967D-01   0.0000D+00   0.1145D+00   0.0000D+00   0.2320D+00   0.0000D+00   0.5156D-01   0.0000D+00   0.0000D+00   0.0000D+00   0.5355D+00   0.0000D+00   0.9967D-01   0.0000D+00   0.1145D+00   0.0000D+00
   0.0000D+00   0.0000D+00   0.0000D+00   0.0000D+00   0.0000D+00   0.0000D+00   0.0000D+00   0.0000D+00
  -0.7518D+01   0.2330D+01  -0.1374D+02   0.1387D+01   0.1121D+01  -0.1671D+01  -0.1549D+02  -0.1426D+00  -0.7518D+01   0.2330D+01  -0.1374D+02   0.1387D+01
   0.8079D+00  -0.1519D-01   0.1507D+00  -0.6754D-02   0.1279D+00  -0.5439D-01   0.3269D+00   0.0000D+00   0.8351D-01   0.6812D-02   0.3144D-02   0.2229D-01   0.8079D+00  -0.1519D-01   0.1507D+00  -0.6754D-02   0.1279D+00  -0.5439D-01
  -0.6146D-03  -0.5898D-02  -0.3727D-02  -0.1177D-01  -0.6146D-03  -0.5898D-02  -0.3727D-02  -0.1177D-01
  0.500  2.000
  -0.8481D+01   0.0000D+00  -0.1346D+02   0.0000D+00   0.0000D+00   0.0000D+00  -0.1405D+02   0.0000D+00  -0.8481D+01   0.0000D+00  -0.1346D+02   0.0000D+00
   0.5355D+00   0.0000D+00   0.9967D-01   0.0000D+00   0.1145D+00   0.0000D+00   0.2320D+00   0.0000D+00   0.5156D-01   0.0000D+00   0.0000D+00   0.0000D+00   0.5355D+00   0.0000D+00   0.9967D-01   0.0000D+00   0.1145D+00   0.0000D+00
   0.0000D+00   0.0000D+00   0.0000D+00   0.0000D+00   0.0000D+00   0.0000D+00   0.0000D+00   0.0000D+00
  -0.7728D+01   0.1927D+01  -0.1376D+02   0.1147D+01   0.9265D+00  -0.1381D+01  -0.1531D+02  -0.1179D+00  -0.7728D+01   0.1927D+01  -0.1376D+02   0.1147D+01
   0.7848D+00  -0.1381D-01   0.1463D+00  -0.6142D-02   0.1271D+00  -0.4947D-01   0.3188D+00   0.0000D+00   0.8075D-01   0.6195D-02   0.2884D-02   0.2027D-01   0.7848D+00  -0.1381D-01   0.1463D+00  -0.6142D-02   0.1271D+00  -0.4947D-01
  -0.5588D-03  -0.5364D-02  -0.3389D-02  -0.1071D-01  -0.5588D-03  -0.5364D-02  -0.3389D-02  -0.1071D-01
  1.000  0.500
  -0.1045D+02   0.0000D+00  -0.1685D+02   0.0000D+00   0.0000D+00   0.0000D+00  -0.1778D+02   0.0000D+00  -0.1045D+02   0.0000D+00  -0.1685D+02   0.0000D+00
   0.5492D+00   0.0000D+00   0.1020D+00   0.0000D+00   0.1160D+00   0.0000D+00   0.2391D+00   0.0000D+00   0.5314D-01   0.0000D+00   0.0000D+00   0.0000D+00   0.5492D+00   0.0000D+00   0.1020D+00   0.0000D+00   0.1160D+00   0.0000D+00
   0.0000D+00   0.0000D+00   0.0000D+00   0.0000D+00   0.0000D+00   0.0000D+00   0.0000D+00   0.0000D+00
  -0.6933D+01   0.2977D+01  -0.1331D+02   0.1765D+01   0.1400D+01  -0.2134D+01  -0.1574D+02  -0.1801D+00  -0.6933D+01   0.2977D+01  -0.1331D+02   0.1765D+01
   0.8059D+00  -0.1694D-01   0.1498D+00  -0.7631D-02   0.1195D+00  -0.6202D-01   0.3285D+00   0.0000D+00   0.8483D-01   0.7767D-02   0.3888D-02   0.2542D-01   0.8059D+00  -0.1694D-01   0.1498D+00  -0.7631D-02   0.1195D+00  -0.6202D-01
  -0.7041D-03  -0.6765D-02  -0.4331D-02  -0.1333D-01  -0.7041D-03  -0.6765D-02  -0.4331D-02  -0.1333D-01
  1.000  1.000
  -0.9404D+01   0.0000D+00  -0.1516D+02   0.0000D+00   0.0000D+00   0.0000D+00  -0.1600D+02   0.0000D+00  -0.9404D+01   0.0000D+00  -0.1516D+02   0.0000D+00
   0.5492D+00   0.0000D+00   0.1020D+00   0.0000D+00   0.1160D+00   0.0000D+00   0.2391D+00   0.0000D+00   0.5314D-01   0.0000D+00   0.0000D+00   0.0000D+00   0.5492D+00   0.0000D+00   0.1020D+00   0.0000D+00   0.1160D+00   0.0000D+00
   0.0000D+00   0.0000D+00   0.0000D+00   0.0000D+00   0.0000D+00   0.0000D+00   0.0000D+00   0.0000D+00
  -0.7467D+01   0.2410D+01  -0.1376D+02   0.1429D+01   0.1133D+01  -0.1727D+01  -0.1589D+02  -0.1458D+00  -0.7467D+01   0.2410D+01  -0.1376D+02   0.1429D+01
   0.7864D+00  -0.1525D-01   0.1461D+00  -0.6867D-02   0.1211D+00  -0.5581D-01   0.3209D+00   0.0000D+00   0.8206D-01   0.6989D-02   0.3525D-02   0.2287D-01   0.7864D+00  -0.1525D-01   0.1461D+00  -0.6867D-02   0.1211D+00  -0.5581D-01
  -0.6334D-03  -0.6087D-02  -0.3897D-02  -0.1200D-01  -0.6334D-03  -0.6087D-02  -0.3897D-02  -0.1200D-01
  1.000  2.000
  -0.8552D+01   0.0000D+00  -0.1379D+02   0.0000D+00   0.0000D+00   0.0000D+00  -0.1455D+02   0.0000D+00  -0.8552D+01   0.0000D+00  -0.1379D+02   0.0000D+00
   0.5492D+00   0.0000D+00   0.1020D+00   0.0000D+00   0.1160D+00   0.0000D+00   0.2391D+00   0.0000D+00   0.5314D-01   0.0000D+00   0.0000D+00   0.0000D+00   0.5492D+00   0.0000D+00   0.1020D+00   0.0000D+00   0.1160D+00   0.0000D+00
   0.0000D+00   0.0000D+00   0.0000D+00   0.0000D+00   0.0000D+00   0.0000D+00   0.0000D+00   0.0000D+00
  -0.7698D+01   0.1993D+01  -0.1384D+02   0.1181D+01   0.9365D+00  -0.1428D+01  -0.1573D+02  -0.1205D+00  -0.7698D+01   0.1993D+01  -0.1384D+02   0.1181D+01
   0.7664D+00  -0.1386D-01   0.1424D+00  -0.6245D-02   0.1210D+00  -0.5075D-01   0.3139D+00   0.0000D+00   0.7957D-01   0.6356D-02   0.3228D-02   0.2080D-01   0.7664D+00  -0.1386D-01   0.1424D+00  -0.6245D-02   0.1210D+00  -0.5075D-01
  -0.5758D-03  -0.5535D-02  -0.3544D-02  -0.1091D-01  -0.5758D-03  -0.5535D-02  -0.3544D-02  -0.1091D-01
  2.000  0.500
  -0.1039D+02   0.0000D+00  -0.1717D+02   0.0000D+00   0.0000D+00   0.0000D+00  -0.1802D+02   0.0000D+00  -0.1039D+02   0.0000D+00  -0.1717D+02   0.0000D+00
   0.5523D+00   0.0000D+00   0.1036D+00   0.0000D+00   0.1165D+00   0.0000D+00   0.2400D+00   0.0000D+00   0.5334D-01   0.0000D+00   0.0000D+00   0.0000D+00   0.5523D+00   0.0000D+00   0.1036D+00   0.0000D+00   0.1165D+00   0.0000D+00
   0.0000D+00   0.0000D+00   0.0000D+00   0.0000D+00   0.0000D+00   0.0000D+00   0.0000D+00   0.0000D+00
  -0.6767D+01   0.3009D+01  -0.1360D+02   0.1792D+01   0.1411D+01  -0.2173D+01  -0.1574D+02  -0.1807D+00  -0.6767D+01   0.3009D+01  -0.1360D+02   0.1792D+01
   0.7869D+00  -0.1703D-01   0.1489D+00  -0.7752D-02   0.1168D+00  -0.6290D-01   0.3200D+00   0.0000D+00   0.8399D-01   0.7809D-02   0.3395D-02   0.2556D-01   0.7869D+00  -0.1703D-01   0.1489D+00  -0.7752D-02   0.1168D+00  -0.6290D-01
  -0.7264D-03  -0.6733D-02  -0.4432D-02  -0.1350D-01  -0.7264D-03  -0.6733D-02  -0.4432D-02  -0.1350D-01
  2.000  1.000
  -0.9348D+01   0.0000D+00  -0.1545D+02   0.0000D+00   0.0000D+00   0.0000D+00  -0.1621D+02   0.0000D+00  -0.9348D+01   0.0000D+00  -0.1545D+02   0.0000D+00
   0.5523D+00   0.0000D+00   0.1036D+00   0.0000D+00   0.1165D+00   0.0000D+00   0.2400D+00   0.0000D+00   0.5334D-01   0.0000D+00   0.0000D+00   0.0000D+00   0.5523D+00   0.0000D+00   0.1036D+00   0.0000D+00   0.1165D+00   0.0000D+00
   0.0000D+00   0.0000D+00   0.0000D+00   0.0000D+00   0.0000D+00   0.0000D+00   0.0000D+00   0.0000D+00
  -0.7269D+01   0.2436D+01  -0.1399D+02   0.1451D+01   0.1142D+01  -0.1759D+01  -0.1588D+02  -0.1463D+00  -0.7269D+01   0.2436D+01  -0.1399D+02   0.1451D+01
   0.7332D+00  -0.1532D-01   0.1394D+00  -0.6976D-02   0.1075D+00  -0.5660D-01   0.3058D+00   0.0000D+00   0.7899D-01   0.7027D-02   0.2973D-02   0.2300D-01   0.7332D+00  -0.1532D-01   0.1394D+00  -0.6976D-02   0.1075D+00  -0.5660D-01
  -0.6534D-03  -0.6058D-02  -0.3988D-02  -0.1215D-01  -0.6534D-03  -0.6058D-02  -0.3988D-02  -0.1215D-01
  2.000  2.000
  -0.8501D+01   0.0000D+00  -0.1405D+02   0.0000D+00   0.0000D+00   0.0000D+00  -0.1474D+02   0.0000D+00  -0.8501D+01   0.0000D+00  -0.1405D+02   0.0000D+00
   0.5523D+00   0.0000D+00   0.1036D+00   0.0000D+00   0.1165D+00   0.0000D+00   0.2400D+00   0.0000D+00   0.5334D-01   0.0000D+00   0.0000D+00   0.0000D+00   0.5523D+00   0.0000D+00   0.1036D+00   0.0000D+00   0.1165D+00   0.0000D+00
   0.0000D+00   0.0000D+00   0.0000D+00   0.0000D+00   0.0000D+00   0.0000D+00   0.0000D+00   0.0000D+00
  -0.7554D+01   0.2014D+01  -0.1411D+02   0.1200D+01   0.9438D+00  -0.1455D+01  -0.1579D+02  -0.1210D+00  -0.7554D+01   0.2014D+01  -0.1411D+02   0.1200D+01
   0.7390D+00  -0.1393D-01   0.1398D+00  -0.6344D-02   0.1149D+00  -0.5147D-01   0.3047D+00   0.0000D+00   0.7815D-01   0.6390D-02   0.2804D-02   0.2091D-01   0.7390D+00  -0.1393D-01   0.1398D+00  -0.6344D-02   0.1149D+00  -0.5147D-01
  -0.5941D-03  -0.5509D-02  -0.3626D-02  -0.1105D-01  -0.5941D-03  -0.5509D-02  -0.3626D-02  -0.1105D-01
