 LHC=           1 sqrts=   8000.0000000000000      ang=           4 mode=fital                                                                                               scalescheme=           1 R=  0.69999999999999996     
 CT10nlo_rand5678                                                                                             446
 Bin information: chid, chiu, md, mu, mu0
   0.0000000000000000       0.50000000000000000        2250.0000000000000        2500.0000000000000        2375.0000000000000     
 9 scales(muf, mur)*(LO(38), NLO(38))
  0.500  0.500
  -0.3754D-03   0.0000D+00  -0.2366D-03   0.0000D+00   0.0000D+00   0.0000D+00  -0.9340D-04   0.0000D+00  -0.3754D-03   0.0000D+00  -0.2366D-03   0.0000D+00
   0.4255D-02   0.0000D+00   0.6226D-03   0.0000D+00   0.1940D-02   0.0000D+00   0.5385D-03   0.0000D+00   0.1197D-03   0.0000D+00   0.0000D+00   0.0000D+00   0.4255D-02   0.0000D+00   0.6226D-03   0.0000D+00   0.1940D-02   0.0000D+00
   0.0000D+00   0.0000D+00   0.0000D+00   0.0000D+00   0.0000D+00   0.0000D+00   0.0000D+00   0.0000D+00
  -0.3532D-03   0.2528D-04  -0.2249D-03   0.1432D-04   0.6261D-05  -0.7615D-05  -0.8448D-04   0.6065D-05  -0.3532D-03   0.2528D-04  -0.2249D-03   0.1432D-04
   0.3371D-02  -0.1933D-03   0.4962D-03  -0.5391D-04   0.1308D-02  -0.3074D-03   0.4651D-03   0.0000D+00   0.1140D-03   0.1192D-04  -0.1874D-04   0.3902D-04   0.3371D-02  -0.1933D-03   0.4962D-03  -0.5391D-04   0.1308D-02  -0.3074D-03
  -0.2143D-04  -0.4827D-04  -0.1913D-04  -0.3831D-04  -0.2143D-04  -0.4827D-04  -0.1913D-04  -0.3831D-04
  0.500  1.000
  -0.3493D-03   0.0000D+00  -0.2201D-03   0.0000D+00   0.0000D+00   0.0000D+00  -0.8691D-04   0.0000D+00  -0.3493D-03   0.0000D+00  -0.2201D-03   0.0000D+00
   0.4255D-02   0.0000D+00   0.6226D-03   0.0000D+00   0.1940D-02   0.0000D+00   0.5385D-03   0.0000D+00   0.1197D-03   0.0000D+00   0.0000D+00   0.0000D+00   0.4255D-02   0.0000D+00   0.6226D-03   0.0000D+00   0.1940D-02   0.0000D+00
   0.0000D+00   0.0000D+00   0.0000D+00   0.0000D+00   0.0000D+00   0.0000D+00   0.0000D+00   0.0000D+00
  -0.3536D-03   0.2189D-04  -0.2249D-03   0.1240D-04   0.5422D-05  -0.6594D-05  -0.8504D-04   0.5252D-05  -0.3536D-03   0.2189D-04  -0.2249D-03   0.1240D-04
   0.3433D-02  -0.1799D-03   0.5050D-03  -0.5017D-04   0.1352D-02  -0.2860D-03   0.4703D-03   0.0000D+00   0.1144D-03   0.1109D-04  -0.1744D-04   0.3631D-04   0.3433D-02  -0.1799D-03   0.5050D-03  -0.5017D-04   0.1352D-02  -0.2860D-03
  -0.1994D-04  -0.4492D-04  -0.1780D-04  -0.3565D-04  -0.1994D-04  -0.4492D-04  -0.1780D-04  -0.3565D-04
  0.500  2.000
  -0.3267D-03   0.0000D+00  -0.2059D-03   0.0000D+00   0.0000D+00   0.0000D+00  -0.8128D-04   0.0000D+00  -0.3267D-03   0.0000D+00  -0.2059D-03   0.0000D+00
   0.4255D-02   0.0000D+00   0.6226D-03   0.0000D+00   0.1940D-02   0.0000D+00   0.5385D-03   0.0000D+00   0.1197D-03   0.0000D+00   0.0000D+00   0.0000D+00   0.4255D-02   0.0000D+00   0.6226D-03   0.0000D+00   0.1940D-02   0.0000D+00
   0.0000D+00   0.0000D+00   0.0000D+00   0.0000D+00   0.0000D+00   0.0000D+00   0.0000D+00   0.0000D+00
  -0.3510D-03   0.1914D-04  -0.2230D-03   0.1085D-04   0.4743D-05  -0.5768D-05  -0.8476D-04   0.4594D-05  -0.3510D-03   0.1914D-04  -0.2230D-03   0.1085D-04
   0.3486D-02  -0.1682D-03   0.5127D-03  -0.4692D-04   0.1390D-02  -0.2675D-03   0.4747D-03   0.0000D+00   0.1148D-03   0.1038D-04  -0.1631D-04   0.3396D-04   0.3486D-02  -0.1682D-03   0.5127D-03  -0.4692D-04   0.1390D-02  -0.2675D-03
  -0.1865D-04  -0.4201D-04  -0.1665D-04  -0.3335D-04  -0.1865D-04  -0.4201D-04  -0.1665D-04  -0.3335D-04
  1.000  0.500
  -0.3043D-03   0.0000D+00  -0.1919D-03   0.0000D+00   0.0000D+00   0.0000D+00  -0.7585D-04   0.0000D+00  -0.3043D-03   0.0000D+00  -0.1919D-03   0.0000D+00
   0.3452D-02   0.0000D+00   0.5053D-03   0.0000D+00   0.1572D-02   0.0000D+00   0.4378D-03   0.0000D+00   0.9728D-04   0.0000D+00   0.0000D+00   0.0000D+00   0.3452D-02   0.0000D+00   0.5053D-03   0.0000D+00   0.1572D-02   0.0000D+00
   0.0000D+00   0.0000D+00   0.0000D+00   0.0000D+00   0.0000D+00   0.0000D+00   0.0000D+00   0.0000D+00
  -0.3497D-03   0.2050D-04  -0.2226D-03   0.1162D-04   0.5058D-05  -0.6185D-05  -0.8448D-04   0.4914D-05  -0.3497D-03   0.2050D-04  -0.2226D-03   0.1162D-04
   0.3456D-02  -0.1566D-03   0.5082D-03  -0.4374D-04   0.1389D-02  -0.2495D-03   0.4684D-03   0.0000D+00   0.1127D-03   0.9693D-05  -0.1501D-04   0.3172D-04   0.3456D-02  -0.1566D-03   0.5082D-03  -0.4374D-04   0.1389D-02  -0.2495D-03
  -0.1738D-04  -0.3909D-04  -0.1552D-04  -0.3113D-04  -0.1738D-04  -0.3909D-04  -0.1552D-04  -0.3113D-04
  1.000  1.000
  -0.2831D-03   0.0000D+00  -0.1786D-03   0.0000D+00   0.0000D+00   0.0000D+00  -0.7059D-04   0.0000D+00  -0.2831D-03   0.0000D+00  -0.1786D-03   0.0000D+00
   0.3452D-02   0.0000D+00   0.5053D-03   0.0000D+00   0.1572D-02   0.0000D+00   0.4378D-03   0.0000D+00   0.9728D-04   0.0000D+00   0.0000D+00   0.0000D+00   0.3452D-02   0.0000D+00   0.5053D-03   0.0000D+00   0.1572D-02   0.0000D+00
   0.0000D+00   0.0000D+00   0.0000D+00   0.0000D+00   0.0000D+00   0.0000D+00   0.0000D+00   0.0000D+00
  -0.3415D-03   0.1776D-04  -0.2171D-03   0.1006D-04   0.4380D-05  -0.5356D-05  -0.8281D-04   0.4256D-05  -0.3415D-03   0.1776D-04  -0.2171D-03   0.1006D-04
   0.3456D-02  -0.1457D-03   0.5080D-03  -0.4070D-04   0.1402D-02  -0.2322D-03   0.4663D-03   0.0000D+00   0.1116D-03   0.9020D-05  -0.1397D-04   0.2952D-04   0.3456D-02  -0.1457D-03   0.5080D-03  -0.4070D-04   0.1402D-02  -0.2322D-03
  -0.1617D-04  -0.3638D-04  -0.1444D-04  -0.2897D-04  -0.1617D-04  -0.3638D-04  -0.1444D-04  -0.2897D-04
  1.000  2.000
  -0.2648D-03   0.0000D+00  -0.1670D-03   0.0000D+00   0.0000D+00   0.0000D+00  -0.6601D-04   0.0000D+00  -0.2648D-03   0.0000D+00  -0.1670D-03   0.0000D+00
   0.3452D-02   0.0000D+00   0.5053D-03   0.0000D+00   0.1572D-02   0.0000D+00   0.4378D-03   0.0000D+00   0.9728D-04   0.0000D+00   0.0000D+00   0.0000D+00   0.3452D-02   0.0000D+00   0.5053D-03   0.0000D+00   0.1572D-02   0.0000D+00
   0.0000D+00   0.0000D+00   0.0000D+00   0.0000D+00   0.0000D+00   0.0000D+00   0.0000D+00   0.0000D+00
  -0.3325D-03   0.1553D-04  -0.2113D-03   0.8801D-05   0.3832D-05  -0.4684D-05  -0.8085D-04   0.3722D-05  -0.3325D-03   0.1553D-04  -0.2113D-03   0.8801D-05
   0.3456D-02  -0.1363D-03   0.5079D-03  -0.3806D-04   0.1413D-02  -0.2172D-03   0.4645D-03   0.0000D+00   0.1107D-03   0.8436D-05  -0.1306D-04   0.2761D-04   0.3456D-02  -0.1363D-03   0.5079D-03  -0.3806D-04   0.1413D-02  -0.2172D-03
  -0.1512D-04  -0.3402D-04  -0.1351D-04  -0.2710D-04  -0.1512D-04  -0.3402D-04  -0.1351D-04  -0.2710D-04
  2.000  0.500
  -0.2500D-03   0.0000D+00  -0.1578D-03   0.0000D+00   0.0000D+00   0.0000D+00  -0.6244D-04   0.0000D+00  -0.2500D-03   0.0000D+00  -0.1578D-03   0.0000D+00
   0.2841D-02   0.0000D+00   0.4158D-03   0.0000D+00   0.1293D-02   0.0000D+00   0.3607D-03   0.0000D+00   0.8016D-04   0.0000D+00   0.0000D+00   0.0000D+00   0.2841D-02   0.0000D+00   0.4158D-03   0.0000D+00   0.1293D-02   0.0000D+00
   0.0000D+00   0.0000D+00   0.0000D+00   0.0000D+00   0.0000D+00   0.0000D+00   0.0000D+00   0.0000D+00
  -0.3407D-03   0.1686D-04  -0.2164D-03   0.9553D-05   0.4126D-05  -0.5085D-05  -0.8269D-04   0.4041D-05  -0.3407D-03   0.1686D-04  -0.2164D-03   0.9553D-05
   0.3444D-02  -0.1288D-03   0.5059D-03  -0.3598D-04   0.1416D-02  -0.2054D-03   0.4615D-03   0.0000D+00   0.1096D-03   0.7987D-05  -0.1228D-04   0.2614D-04   0.3444D-02  -0.1288D-03   0.5059D-03  -0.3598D-04   0.1416D-02  -0.2054D-03
  -0.1429D-04  -0.3216D-04  -0.1277D-04  -0.2560D-04  -0.1429D-04  -0.3216D-04  -0.1277D-04  -0.2560D-04
  2.000  1.000
  -0.2327D-03   0.0000D+00  -0.1468D-03   0.0000D+00   0.0000D+00   0.0000D+00  -0.5810D-04   0.0000D+00  -0.2327D-03   0.0000D+00  -0.1468D-03   0.0000D+00
   0.2841D-02   0.0000D+00   0.4158D-03   0.0000D+00   0.1293D-02   0.0000D+00   0.3607D-03   0.0000D+00   0.8016D-04   0.0000D+00   0.0000D+00   0.0000D+00   0.2841D-02   0.0000D+00   0.4158D-03   0.0000D+00   0.1293D-02   0.0000D+00
   0.0000D+00   0.0000D+00   0.0000D+00   0.0000D+00   0.0000D+00   0.0000D+00   0.0000D+00   0.0000D+00
  -0.3268D-03   0.1460D-04  -0.2074D-03   0.8273D-05   0.3573D-05  -0.4404D-05  -0.7955D-04   0.3499D-05  -0.3268D-03   0.1460D-04  -0.2074D-03   0.8273D-05
   0.3402D-02  -0.1199D-03   0.4996D-03  -0.3348D-04   0.1408D-02  -0.1911D-03   0.4545D-03   0.0000D+00   0.1076D-03   0.7432D-05  -0.1143D-04   0.2432D-04   0.3402D-02  -0.1199D-03   0.4996D-03  -0.3348D-04   0.1408D-02  -0.1911D-03
  -0.1330D-04  -0.2993D-04  -0.1189D-04  -0.2382D-04  -0.1330D-04  -0.2993D-04  -0.1189D-04  -0.2382D-04
  2.000  2.000
  -0.2176D-03   0.0000D+00  -0.1373D-03   0.0000D+00   0.0000D+00   0.0000D+00  -0.5434D-04   0.0000D+00  -0.2176D-03   0.0000D+00  -0.1373D-03   0.0000D+00
   0.2841D-02   0.0000D+00   0.4158D-03   0.0000D+00   0.1293D-02   0.0000D+00   0.3607D-03   0.0000D+00   0.8016D-04   0.0000D+00   0.0000D+00   0.0000D+00   0.2841D-02   0.0000D+00   0.4158D-03   0.0000D+00   0.1293D-02   0.0000D+00
   0.0000D+00   0.0000D+00   0.0000D+00   0.0000D+00   0.0000D+00   0.0000D+00   0.0000D+00   0.0000D+00
  -0.3137D-03   0.1277D-04  -0.1990D-03   0.7236D-05   0.3126D-05  -0.3851D-05  -0.7652D-04   0.3060D-05  -0.3137D-03   0.1277D-04  -0.1990D-03   0.7236D-05
   0.3366D-02  -0.1121D-03   0.4942D-03  -0.3131D-04   0.1400D-02  -0.1787D-03   0.4484D-03   0.0000D+00   0.1058D-03   0.6951D-05  -0.1069D-04   0.2275D-04   0.3366D-02  -0.1121D-03   0.4942D-03  -0.3131D-04   0.1400D-02  -0.1787D-03
  -0.1243D-04  -0.2799D-04  -0.1112D-04  -0.2228D-04  -0.1243D-04  -0.2799D-04  -0.1112D-04  -0.2228D-04
