 LHC=           1 sqrts=   8000.0000000000000      ang=           4 mode=fital                                                                                               scalescheme=           1 R=  0.69999999999999996     
 CT10nlo_rand5678                                                                                             443
 Bin information: chid, chiu, md, mu, mu0
   0.0000000000000000       0.50000000000000000        362.00000000000000        395.00000000000000        378.50000000000000     
 9 scales(muf, mur)*(LO(38), NLO(38))
  0.500  0.500
  -0.1471D+01   0.0000D+00  -0.1559D+01   0.0000D+00   0.0000D+00   0.0000D+00  -0.1395D+01   0.0000D+00  -0.1471D+01   0.0000D+00  -0.1559D+01   0.0000D+00
   0.6095D+00   0.0000D+00   0.1062D+00   0.0000D+00   0.1754D+00   0.0000D+00   0.2129D+00   0.0000D+00   0.4732D-01   0.0000D+00   0.0000D+00   0.0000D+00   0.6095D+00   0.0000D+00   0.1062D+00   0.0000D+00   0.1754D+00   0.0000D+00
   0.0000D+00   0.0000D+00   0.0000D+00   0.0000D+00   0.0000D+00   0.0000D+00   0.0000D+00   0.0000D+00
  -0.1080D+01   0.2245D+00  -0.1328D+01   0.1368D+00   0.1303D+00  -0.1416D+00  -0.1296D+01   0.1558D-02  -0.1080D+01   0.2245D+00  -0.1328D+01   0.1368D+00
   0.5788D+00  -0.2179D-01   0.1030D+00  -0.7955D-02   0.1090D+00  -0.5732D-01   0.2102D+00   0.0000D+00   0.5267D-01   0.5873D-02  -0.1740D-02   0.1922D-01   0.5788D+00  -0.2179D-01   0.1030D+00  -0.7955D-02   0.1090D+00  -0.5732D-01
  -0.1697D-02  -0.7123D-02  -0.4247D-02  -0.1097D-01  -0.1697D-02  -0.7123D-02  -0.4247D-02  -0.1097D-01
  0.500  1.000
  -0.1345D+01   0.0000D+00  -0.1425D+01   0.0000D+00   0.0000D+00   0.0000D+00  -0.1276D+01   0.0000D+00  -0.1345D+01   0.0000D+00  -0.1425D+01   0.0000D+00
   0.6095D+00   0.0000D+00   0.1062D+00   0.0000D+00   0.1754D+00   0.0000D+00   0.2129D+00   0.0000D+00   0.4732D-01   0.0000D+00   0.0000D+00   0.0000D+00   0.6095D+00   0.0000D+00   0.1062D+00   0.0000D+00   0.1754D+00   0.0000D+00
   0.0000D+00   0.0000D+00   0.0000D+00   0.0000D+00   0.0000D+00   0.0000D+00   0.0000D+00   0.0000D+00
  -0.1129D+01   0.1877D+00  -0.1350D+01   0.1143D+00   0.1089D+00  -0.1184D+00  -0.1298D+01   0.1303D-02  -0.1129D+01   0.1877D+00  -0.1350D+01   0.1143D+00
   0.5818D+00  -0.1993D-01   0.1034D+00  -0.7273D-02   0.1148D+00  -0.5241D-01   0.2105D+00   0.0000D+00   0.5223D-01   0.5370D-02  -0.1590D-02   0.1757D-01   0.5818D+00  -0.1993D-01   0.1034D+00  -0.7273D-02   0.1148D+00  -0.5241D-01
  -0.1552D-02  -0.6513D-02  -0.3884D-02  -0.1003D-01  -0.1552D-02  -0.6513D-02  -0.3884D-02  -0.1003D-01
  0.500  2.000
  -0.1240D+01   0.0000D+00  -0.1313D+01   0.0000D+00   0.0000D+00   0.0000D+00  -0.1175D+01   0.0000D+00  -0.1240D+01   0.0000D+00  -0.1313D+01   0.0000D+00
   0.6095D+00   0.0000D+00   0.1062D+00   0.0000D+00   0.1754D+00   0.0000D+00   0.2129D+00   0.0000D+00   0.4732D-01   0.0000D+00   0.0000D+00   0.0000D+00   0.6095D+00   0.0000D+00   0.1062D+00   0.0000D+00   0.1754D+00   0.0000D+00
   0.0000D+00   0.0000D+00   0.0000D+00   0.0000D+00   0.0000D+00   0.0000D+00   0.0000D+00   0.0000D+00
  -0.1150D+01   0.1593D+00  -0.1350D+01   0.9705D-01   0.9242D-01  -0.1005D+00  -0.1284D+01   0.1107D-02  -0.1150D+01   0.1593D+00  -0.1350D+01   0.9705D-01
   0.5842D+00  -0.1836D-01   0.1036D+00  -0.6702D-02   0.1196D+00  -0.4829D-01   0.2108D+00   0.0000D+00   0.5186D-01   0.4948D-02  -0.1464D-02   0.1619D-01   0.5842D+00  -0.1836D-01   0.1036D+00  -0.6702D-02   0.1196D+00  -0.4829D-01
  -0.1430D-02  -0.6001D-02  -0.3578D-02  -0.9241D-02  -0.1430D-02  -0.6001D-02  -0.3578D-02  -0.9241D-02
  1.000  0.500
  -0.1394D+01   0.0000D+00  -0.1487D+01   0.0000D+00   0.0000D+00   0.0000D+00  -0.1329D+01   0.0000D+00  -0.1394D+01   0.0000D+00  -0.1487D+01   0.0000D+00
   0.5786D+00   0.0000D+00   0.1010D+00   0.0000D+00   0.1662D+00   0.0000D+00   0.2020D+00   0.0000D+00   0.4488D-01   0.0000D+00   0.0000D+00   0.0000D+00   0.5786D+00   0.0000D+00   0.1010D+00   0.0000D+00   0.1662D+00   0.0000D+00
   0.0000D+00   0.0000D+00   0.0000D+00   0.0000D+00   0.0000D+00   0.0000D+00   0.0000D+00   0.0000D+00
  -0.1112D+01   0.2141D+00  -0.1350D+01   0.1299D+00   0.1227D+00  -0.1350D+00  -0.1299D+01   0.1635D-02  -0.1112D+01   0.2141D+00  -0.1350D+01   0.1299D+00
   0.5749D+00  -0.2063D-01   0.1025D+00  -0.7548D-02   0.1103D+00  -0.5426D-01   0.2079D+00   0.0000D+00   0.5180D-01   0.5573D-02  -0.2077D-02   0.1824D-01   0.5749D+00  -0.2063D-01   0.1025D+00  -0.7548D-02   0.1103D+00  -0.5426D-01
  -0.1617D-02  -0.6765D-02  -0.4056D-02  -0.1044D-01  -0.1617D-02  -0.6765D-02  -0.4056D-02  -0.1044D-01
  1.000  1.000
  -0.1274D+01   0.0000D+00  -0.1360D+01   0.0000D+00   0.0000D+00   0.0000D+00  -0.1215D+01   0.0000D+00  -0.1274D+01   0.0000D+00  -0.1360D+01   0.0000D+00
   0.5786D+00   0.0000D+00   0.1010D+00   0.0000D+00   0.1662D+00   0.0000D+00   0.2020D+00   0.0000D+00   0.4488D-01   0.0000D+00   0.0000D+00   0.0000D+00   0.5786D+00   0.0000D+00   0.1010D+00   0.0000D+00   0.1662D+00   0.0000D+00
   0.0000D+00   0.0000D+00   0.0000D+00   0.0000D+00   0.0000D+00   0.0000D+00   0.0000D+00   0.0000D+00
  -0.1144D+01   0.1790D+00  -0.1358D+01   0.1086D+00   0.1026D+00  -0.1129D+00  -0.1290D+01   0.1367D-02  -0.1144D+01   0.1790D+00  -0.1358D+01   0.1086D+00
   0.5755D+00  -0.1886D-01   0.1024D+00  -0.6901D-02   0.1151D+00  -0.4961D-01   0.2074D+00   0.0000D+00   0.5123D-01   0.5095D-02  -0.1898D-02   0.1668D-01   0.5755D+00  -0.1886D-01   0.1024D+00  -0.6901D-02   0.1151D+00  -0.4961D-01
  -0.1479D-02  -0.6185D-02  -0.3709D-02  -0.9546D-02  -0.1479D-02  -0.6185D-02  -0.3709D-02  -0.9546D-02
  1.000  2.000
  -0.1174D+01   0.0000D+00  -0.1253D+01   0.0000D+00   0.0000D+00   0.0000D+00  -0.1119D+01   0.0000D+00  -0.1174D+01   0.0000D+00  -0.1253D+01   0.0000D+00
   0.5786D+00   0.0000D+00   0.1010D+00   0.0000D+00   0.1662D+00   0.0000D+00   0.2020D+00   0.0000D+00   0.4488D-01   0.0000D+00   0.0000D+00   0.0000D+00   0.5786D+00   0.0000D+00   0.1010D+00   0.0000D+00   0.1662D+00   0.0000D+00
   0.0000D+00   0.0000D+00   0.0000D+00   0.0000D+00   0.0000D+00   0.0000D+00   0.0000D+00   0.0000D+00
  -0.1153D+01   0.1520D+00  -0.1346D+01   0.9220D-01   0.8708D-01  -0.9581D-01  -0.1268D+01   0.1161D-02  -0.1153D+01   0.1520D+00  -0.1346D+01   0.9220D-01
   0.5760D+00  -0.1738D-01   0.1023D+00  -0.6359D-02   0.1192D+00  -0.4571D-01   0.2071D+00   0.0000D+00   0.5074D-01   0.4695D-02  -0.1748D-02   0.1536D-01   0.5760D+00  -0.1738D-01   0.1023D+00  -0.6359D-02   0.1192D+00  -0.4571D-01
  -0.1363D-02  -0.5699D-02  -0.3417D-02  -0.8796D-02  -0.1363D-02  -0.5699D-02  -0.3417D-02  -0.8796D-02
  2.000  0.500
  -0.1327D+01   0.0000D+00  -0.1418D+01   0.0000D+00   0.0000D+00   0.0000D+00  -0.1265D+01   0.0000D+00  -0.1327D+01   0.0000D+00  -0.1418D+01   0.0000D+00
   0.5507D+00   0.0000D+00   0.9609D-01   0.0000D+00   0.1578D+00   0.0000D+00   0.1914D+00   0.0000D+00   0.4254D-01   0.0000D+00   0.0000D+00   0.0000D+00   0.5507D+00   0.0000D+00   0.9609D-01   0.0000D+00   0.1578D+00   0.0000D+00
   0.0000D+00   0.0000D+00   0.0000D+00   0.0000D+00   0.0000D+00   0.0000D+00   0.0000D+00   0.0000D+00
  -0.1123D+01   0.2046D+00  -0.1368D+01   0.1236D+00   0.1173D+00  -0.1285D+00  -0.1309D+01   0.1722D-02  -0.1123D+01   0.2046D+00  -0.1368D+01   0.1236D+00
   0.5727D+00  -0.1959D-01   0.1017D+00  -0.7176D-02   0.1126D+00  -0.5176D-01   0.2072D+00   0.0000D+00   0.5116D-01   0.5288D-02  -0.1614D-02   0.1731D-01   0.5727D+00  -0.1959D-01   0.1017D+00  -0.7176D-02   0.1126D+00  -0.5176D-01
  -0.1545D-02  -0.6432D-02  -0.3868D-02  -0.9917D-02  -0.1545D-02  -0.6432D-02  -0.3868D-02  -0.9917D-02
  2.000  1.000
  -0.1213D+01   0.0000D+00  -0.1296D+01   0.0000D+00   0.0000D+00   0.0000D+00  -0.1157D+01   0.0000D+00  -0.1213D+01   0.0000D+00  -0.1296D+01   0.0000D+00
   0.5507D+00   0.0000D+00   0.9609D-01   0.0000D+00   0.1578D+00   0.0000D+00   0.1914D+00   0.0000D+00   0.4254D-01   0.0000D+00   0.0000D+00   0.0000D+00   0.5507D+00   0.0000D+00   0.9609D-01   0.0000D+00   0.1578D+00   0.0000D+00
   0.0000D+00   0.0000D+00   0.0000D+00   0.0000D+00   0.0000D+00   0.0000D+00   0.0000D+00   0.0000D+00
  -0.1143D+01   0.1710D+00  -0.1362D+01   0.1034D+00   0.9803D-01  -0.1074D+00  -0.1289D+01   0.1440D-02  -0.1143D+01   0.1710D+00  -0.1362D+01   0.1034D+00
   0.5711D+00  -0.1791D-01   0.1013D+00  -0.6561D-02   0.1166D+00  -0.4733D-01   0.2059D+00   0.0000D+00   0.5045D-01   0.4835D-02  -0.1475D-02   0.1582D-01   0.5711D+00  -0.1791D-01   0.1013D+00  -0.6561D-02   0.1166D+00  -0.4733D-01
  -0.1412D-02  -0.5881D-02  -0.3536D-02  -0.9067D-02  -0.1412D-02  -0.5881D-02  -0.3536D-02  -0.9067D-02
  2.000  2.000
  -0.1118D+01   0.0000D+00  -0.1194D+01   0.0000D+00   0.0000D+00   0.0000D+00  -0.1066D+01   0.0000D+00  -0.1118D+01   0.0000D+00  -0.1194D+01   0.0000D+00
   0.5507D+00   0.0000D+00   0.9609D-01   0.0000D+00   0.1578D+00   0.0000D+00   0.1914D+00   0.0000D+00   0.4254D-01   0.0000D+00   0.0000D+00   0.0000D+00   0.5507D+00   0.0000D+00   0.9609D-01   0.0000D+00   0.1578D+00   0.0000D+00
   0.0000D+00   0.0000D+00   0.0000D+00   0.0000D+00   0.0000D+00   0.0000D+00   0.0000D+00   0.0000D+00
  -0.1143D+01   0.1452D+00  -0.1341D+01   0.8775D-01   0.8321D-01  -0.9118D-01  -0.1259D+01   0.1223D-02  -0.1143D+01   0.1452D+00  -0.1341D+01   0.8775D-01
   0.5696D+00  -0.1651D-01   0.1009D+00  -0.6045D-02   0.1198D+00  -0.4361D-01   0.2048D+00   0.0000D+00   0.4983D-01   0.4455D-02  -0.1358D-02   0.1458D-01   0.5696D+00  -0.1651D-01   0.1009D+00  -0.6045D-02   0.1198D+00  -0.4361D-01
  -0.1301D-02  -0.5418D-02  -0.3258D-02  -0.8354D-02  -0.1301D-02  -0.5418D-02  -0.3258D-02  -0.8354D-02
