 LHC=           1 sqrts=   8000.0000000000000      ang=           4 mode=fital                                                                                               scalescheme=           1 R=  0.69999999999999996     
 CT10nlo_rand5678                                                                                             443
 Bin information: chid, chiu, md, mu, mu0
   0.0000000000000000       0.50000000000000000        1410.0000000000000        1497.0000000000000        1453.5000000000000     
 9 scales(muf, mur)*(LO(38), NLO(38))
  0.500  0.500
  -0.2447D-01   0.0000D+00  -0.1519D-01   0.0000D+00   0.0000D+00   0.0000D+00  -0.7239D-02   0.0000D+00  -0.2447D-01   0.0000D+00  -0.1519D-01   0.0000D+00
   0.1036D+00   0.0000D+00   0.1525D-01   0.0000D+00   0.4663D-01   0.0000D+00   0.1645D-01   0.0000D+00   0.3656D-02   0.0000D+00   0.0000D+00   0.0000D+00   0.1036D+00   0.0000D+00   0.1525D-01   0.0000D+00   0.4663D-01   0.0000D+00
   0.0000D+00   0.0000D+00   0.0000D+00   0.0000D+00   0.0000D+00   0.0000D+00   0.0000D+00   0.0000D+00
  -0.2076D-01   0.1736D-02  -0.1344D-01   0.1033D-02   0.8094D-03  -0.6223D-03  -0.6386D-02   0.3452D-03  -0.2076D-01   0.1736D-02  -0.1344D-01   0.1033D-02
   0.7676D-01  -0.4900D-02   0.1152D-01  -0.1377D-02   0.2781D-01  -0.7894D-02   0.1373D-01   0.0000D+00   0.3402D-02   0.3843D-03  -0.6654D-03   0.1258D-02   0.7676D-01  -0.4900D-02   0.1152D-01  -0.1377D-02   0.2781D-01  -0.7894D-02
  -0.5125D-03  -0.1257D-02  -0.4956D-03  -0.1052D-02  -0.5125D-03  -0.1257D-02  -0.4956D-03  -0.1052D-02
  0.500  1.000
  -0.2268D-01   0.0000D+00  -0.1408D-01   0.0000D+00   0.0000D+00   0.0000D+00  -0.6710D-02   0.0000D+00  -0.2268D-01   0.0000D+00  -0.1408D-01   0.0000D+00
   0.1036D+00   0.0000D+00   0.1525D-01   0.0000D+00   0.4663D-01   0.0000D+00   0.1645D-01   0.0000D+00   0.3656D-02   0.0000D+00   0.0000D+00   0.0000D+00   0.1036D+00   0.0000D+00   0.1525D-01   0.0000D+00   0.4663D-01   0.0000D+00
   0.0000D+00   0.0000D+00   0.0000D+00   0.0000D+00   0.0000D+00   0.0000D+00   0.0000D+00   0.0000D+00
  -0.2110D-01   0.1492D-02  -0.1357D-01   0.8877D-03   0.6956D-03  -0.5347D-03  -0.6452D-02   0.2967D-03  -0.2110D-01   0.1492D-02  -0.1357D-01   0.8877D-03
   0.7873D-01  -0.4542D-02   0.1180D-01  -0.1276D-02   0.2919D-01  -0.7317D-02   0.1393D-01   0.0000D+00   0.3421D-02   0.3562D-03  -0.6169D-03   0.1166D-02   0.7873D-01  -0.4542D-02   0.1180D-01  -0.1276D-02   0.2919D-01  -0.7317D-02
  -0.4750D-03  -0.1165D-02  -0.4594D-03  -0.9752D-03  -0.4750D-03  -0.1165D-02  -0.4594D-03  -0.9752D-03
  0.500  2.000
  -0.2114D-01   0.0000D+00  -0.1313D-01   0.0000D+00   0.0000D+00   0.0000D+00  -0.6254D-02   0.0000D+00  -0.2114D-01   0.0000D+00  -0.1313D-01   0.0000D+00
   0.1036D+00   0.0000D+00   0.1525D-01   0.0000D+00   0.4663D-01   0.0000D+00   0.1645D-01   0.0000D+00   0.3656D-02   0.0000D+00   0.0000D+00   0.0000D+00   0.1036D+00   0.0000D+00   0.1525D-01   0.0000D+00   0.4663D-01   0.0000D+00
   0.0000D+00   0.0000D+00   0.0000D+00   0.0000D+00   0.0000D+00   0.0000D+00   0.0000D+00   0.0000D+00
  -0.2116D-01   0.1296D-02  -0.1355D-01   0.7712D-03   0.6044D-03  -0.4646D-03  -0.6442D-02   0.2577D-03  -0.2116D-01   0.1296D-02  -0.1355D-01   0.7712D-03
   0.8042D-01  -0.4233D-02   0.1203D-01  -0.1190D-02   0.3038D-01  -0.6820D-02   0.1410D-01   0.0000D+00   0.3437D-02   0.3320D-03  -0.5750D-03   0.1087D-02   0.8042D-01  -0.4233D-02   0.1203D-01  -0.1190D-02   0.3038D-01  -0.6820D-02
  -0.4428D-03  -0.1086D-02  -0.4282D-03  -0.9090D-03  -0.4428D-03  -0.1086D-02  -0.4282D-03  -0.9090D-03
  1.000  0.500
  -0.2118D-01   0.0000D+00  -0.1310D-01   0.0000D+00   0.0000D+00   0.0000D+00  -0.6252D-02   0.0000D+00  -0.2118D-01   0.0000D+00  -0.1310D-01   0.0000D+00
   0.8952D-01   0.0000D+00   0.1316D-01   0.0000D+00   0.4040D-01   0.0000D+00   0.1421D-01   0.0000D+00   0.3157D-02   0.0000D+00   0.0000D+00   0.0000D+00   0.8952D-01   0.0000D+00   0.1316D-01   0.0000D+00   0.4040D-01   0.0000D+00
   0.0000D+00   0.0000D+00   0.0000D+00   0.0000D+00   0.0000D+00   0.0000D+00   0.0000D+00   0.0000D+00
  -0.2101D-01   0.1498D-02  -0.1351D-01   0.8930D-03   0.6981D-03  -0.5372D-03  -0.6434D-02   0.2988D-03  -0.2101D-01   0.1498D-02  -0.1351D-01   0.8930D-03
   0.7923D-01  -0.4241D-02   0.1183D-01  -0.1191D-02   0.2993D-01  -0.6835D-02   0.1393D-01   0.0000D+00   0.3393D-02   0.3317D-03  -0.5767D-03   0.1086D-02   0.7923D-01  -0.4241D-02   0.1183D-01  -0.1191D-02   0.2993D-01  -0.6835D-02
  -0.4444D-03  -0.1087D-02  -0.4279D-03  -0.9092D-03  -0.4444D-03  -0.1087D-02  -0.4279D-03  -0.9092D-03
  1.000  1.000
  -0.1963D-01   0.0000D+00  -0.1215D-01   0.0000D+00   0.0000D+00   0.0000D+00  -0.5795D-02   0.0000D+00  -0.1963D-01   0.0000D+00  -0.1215D-01   0.0000D+00
   0.8952D-01   0.0000D+00   0.1316D-01   0.0000D+00   0.4040D-01   0.0000D+00   0.1421D-01   0.0000D+00   0.3157D-02   0.0000D+00   0.0000D+00   0.0000D+00   0.8952D-01   0.0000D+00   0.1316D-01   0.0000D+00   0.4040D-01   0.0000D+00
   0.0000D+00   0.0000D+00   0.0000D+00   0.0000D+00   0.0000D+00   0.0000D+00   0.0000D+00   0.0000D+00
  -0.2087D-01   0.1287D-02  -0.1336D-01   0.7673D-03   0.5999D-03  -0.4616D-03  -0.6361D-02   0.2568D-03  -0.2087D-01   0.1287D-02  -0.1336D-01   0.7673D-03
   0.7999D-01  -0.3932D-02   0.1193D-01  -0.1104D-02   0.3070D-01  -0.6336D-02   0.1395D-01   0.0000D+00   0.3376D-02   0.3075D-03  -0.5347D-03   0.1006D-02   0.7999D-01  -0.3932D-02   0.1193D-01  -0.1104D-02   0.3070D-01  -0.6336D-02
  -0.4120D-03  -0.1008D-02  -0.3966D-03  -0.8428D-03  -0.4120D-03  -0.1008D-02  -0.3966D-03  -0.8428D-03
  1.000  2.000
  -0.1830D-01   0.0000D+00  -0.1132D-01   0.0000D+00   0.0000D+00   0.0000D+00  -0.5401D-02   0.0000D+00  -0.1830D-01   0.0000D+00  -0.1132D-01   0.0000D+00
   0.8952D-01   0.0000D+00   0.1316D-01   0.0000D+00   0.4040D-01   0.0000D+00   0.1421D-01   0.0000D+00   0.3157D-02   0.0000D+00   0.0000D+00   0.0000D+00   0.8952D-01   0.0000D+00   0.1316D-01   0.0000D+00   0.4040D-01   0.0000D+00
   0.0000D+00   0.0000D+00   0.0000D+00   0.0000D+00   0.0000D+00   0.0000D+00   0.0000D+00   0.0000D+00
  -0.2058D-01   0.1118D-02  -0.1312D-01   0.6666D-03   0.5212D-03  -0.4010D-03  -0.6249D-02   0.2231D-03  -0.2058D-01   0.1118D-02  -0.1312D-01   0.6666D-03
   0.8064D-01  -0.3665D-02   0.1202D-01  -0.1029D-02   0.3136D-01  -0.5906D-02   0.1397D-01   0.0000D+00   0.3361D-02   0.2866D-03  -0.4984D-03   0.9379D-03   0.8064D-01  -0.3665D-02   0.1202D-01  -0.1029D-02   0.3136D-01  -0.5906D-02
  -0.3840D-03  -0.9393D-03  -0.3697D-03  -0.7855D-03  -0.3840D-03  -0.9393D-03  -0.3697D-03  -0.7855D-03
  2.000  0.500
  -0.1853D-01   0.0000D+00  -0.1143D-01   0.0000D+00   0.0000D+00   0.0000D+00  -0.5443D-02   0.0000D+00  -0.1853D-01   0.0000D+00  -0.1143D-01   0.0000D+00
   0.7806D-01   0.0000D+00   0.1147D-01   0.0000D+00   0.3532D-01   0.0000D+00   0.1238D-01   0.0000D+00   0.2751D-02   0.0000D+00   0.0000D+00   0.0000D+00   0.7806D-01   0.0000D+00   0.1147D-01   0.0000D+00   0.3532D-01   0.0000D+00
   0.0000D+00   0.0000D+00   0.0000D+00   0.0000D+00   0.0000D+00   0.0000D+00   0.0000D+00   0.0000D+00
  -0.2111D-01   0.1306D-02  -0.1347D-01   0.7804D-03   0.6078D-03  -0.4679D-03  -0.6419D-02   0.2609D-03  -0.2111D-01   0.1306D-02  -0.1347D-01   0.7804D-03
   0.8050D-01  -0.3711D-02   0.1202D-01  -0.1039D-02   0.3126D-01  -0.5945D-02   0.1398D-01   0.0000D+00   0.3366D-02   0.2889D-03  -0.5026D-03   0.9455D-03   0.8050D-01  -0.3711D-02   0.1202D-01  -0.1039D-02   0.3126D-01  -0.5945D-02
  -0.3896D-03  -0.9481D-03  -0.3731D-03  -0.7914D-03  -0.3896D-03  -0.9481D-03  -0.3731D-03  -0.7914D-03
  2.000  1.000
  -0.1718D-01   0.0000D+00  -0.1059D-01   0.0000D+00   0.0000D+00   0.0000D+00  -0.5045D-02   0.0000D+00  -0.1718D-01   0.0000D+00  -0.1059D-01   0.0000D+00
   0.7806D-01   0.0000D+00   0.1147D-01   0.0000D+00   0.3532D-01   0.0000D+00   0.1238D-01   0.0000D+00   0.2751D-02   0.0000D+00   0.0000D+00   0.0000D+00   0.7806D-01   0.0000D+00   0.1147D-01   0.0000D+00   0.3532D-01   0.0000D+00
   0.0000D+00   0.0000D+00   0.0000D+00   0.0000D+00   0.0000D+00   0.0000D+00   0.0000D+00   0.0000D+00
  -0.2061D-01   0.1123D-02  -0.1309D-01   0.6706D-03   0.5223D-03  -0.4020D-03  -0.6241D-02   0.2242D-03  -0.2061D-01   0.1123D-02  -0.1309D-01   0.6706D-03
   0.8033D-01  -0.3440D-02   0.1198D-01  -0.9635D-03   0.3156D-01  -0.5511D-02   0.1386D-01   0.0000D+00   0.3322D-02   0.2678D-03  -0.4659D-03   0.8765D-03   0.8033D-01  -0.3440D-02   0.1198D-01  -0.9635D-03   0.3156D-01  -0.5511D-02
  -0.3611D-03  -0.8788D-03  -0.3458D-03  -0.7336D-03  -0.3611D-03  -0.8788D-03  -0.3458D-03  -0.7336D-03
  2.000  2.000
  -0.1601D-01   0.0000D+00  -0.9872D-02   0.0000D+00   0.0000D+00   0.0000D+00  -0.4703D-02   0.0000D+00  -0.1601D-01   0.0000D+00  -0.9872D-02   0.0000D+00
   0.7806D-01   0.0000D+00   0.1147D-01   0.0000D+00   0.3532D-01   0.0000D+00   0.1238D-01   0.0000D+00   0.2751D-02   0.0000D+00   0.0000D+00   0.0000D+00   0.7806D-01   0.0000D+00   0.1147D-01   0.0000D+00   0.3532D-01   0.0000D+00
   0.0000D+00   0.0000D+00   0.0000D+00   0.0000D+00   0.0000D+00   0.0000D+00   0.0000D+00   0.0000D+00
  -0.2005D-01   0.9753D-03  -0.1270D-01   0.5826D-03   0.4538D-03  -0.3493D-03  -0.6051D-02   0.1948D-03  -0.2005D-01   0.9753D-03  -0.1270D-01   0.5826D-03
   0.8018D-01  -0.3206D-02   0.1195D-01  -0.8981D-03   0.3181D-01  -0.5137D-02   0.1376D-01   0.0000D+00   0.3283D-02   0.2496D-03  -0.4343D-03   0.8170D-03   0.8018D-01  -0.3206D-02   0.1195D-01  -0.8981D-03   0.3181D-01  -0.5137D-02
  -0.3366D-03  -0.8191D-03  -0.3223D-03  -0.6838D-03  -0.3366D-03  -0.8191D-03  -0.3223D-03  -0.6838D-03
