 LHC=           1 sqrts=   8000.0000000000000      ang=           4 mode=fital                                                                                               scalescheme=           1 R=  0.69999999999999996     
 CT10nlo_rand5678                                                                                             162
 Bin information: chid, chiu, md, mu, mu0
   0.0000000000000000       0.50000000000000000        330.00000000000000        362.00000000000000        346.00000000000000     
 9 scales(muf, mur)*(LO(38), NLO(38))
  0.500  0.500
  -0.1787D+01   0.0000D+00  -0.2007D+01   0.0000D+00   0.0000D+00   0.0000D+00  -0.1828D+01   0.0000D+00  -0.1787D+01   0.0000D+00  -0.2007D+01   0.0000D+00
   0.6345D+00   0.0000D+00   0.1116D+00   0.0000D+00   0.1750D+00   0.0000D+00   0.2263D+00   0.0000D+00   0.5029D-01   0.0000D+00   0.0000D+00   0.0000D+00   0.6345D+00   0.0000D+00   0.1116D+00   0.0000D+00   0.1750D+00   0.0000D+00
   0.0000D+00   0.0000D+00   0.0000D+00   0.0000D+00   0.0000D+00   0.0000D+00   0.0000D+00   0.0000D+00
  -0.1295D+01   0.2948D+00  -0.1733D+01   0.1758D+00   0.1686D+00  -0.1880D+00  -0.1690D+01   0.5624D-03  -0.1295D+01   0.2948D+00  -0.1733D+01   0.1758D+00
   0.6163D+00  -0.2200D-01   0.1112D+00  -0.8237D-02   0.1099D+00  -0.6024D-01   0.2267D+00   0.0000D+00   0.5697D-01   0.6321D-02  -0.2005D-02   0.2069D-01   0.6163D+00  -0.2200D-01   0.1112D+00  -0.8237D-02   0.1099D+00  -0.6024D-01
  -0.1677D-02  -0.7347D-02  -0.4533D-02  -0.1178D-01  -0.1677D-02  -0.7347D-02  -0.4533D-02  -0.1178D-01
  0.500  1.000
  -0.1632D+01   0.0000D+00  -0.1833D+01   0.0000D+00   0.0000D+00   0.0000D+00  -0.1669D+01   0.0000D+00  -0.1632D+01   0.0000D+00  -0.1833D+01   0.0000D+00
   0.6345D+00   0.0000D+00   0.1116D+00   0.0000D+00   0.1750D+00   0.0000D+00   0.2263D+00   0.0000D+00   0.5029D-01   0.0000D+00   0.0000D+00   0.0000D+00   0.6345D+00   0.0000D+00   0.1116D+00   0.0000D+00   0.1750D+00   0.0000D+00
   0.0000D+00   0.0000D+00   0.0000D+00   0.0000D+00   0.0000D+00   0.0000D+00   0.0000D+00   0.0000D+00
  -0.1358D+01   0.2459D+00  -0.1758D+01   0.1467D+00   0.1406D+00  -0.1568D+00  -0.1694D+01   0.4696D-03  -0.1358D+01   0.2459D+00  -0.1758D+01   0.1467D+00
   0.6183D+00  -0.2009D-01   0.1113D+00  -0.7523D-02   0.1156D+00  -0.5502D-01   0.2268D+00   0.0000D+00   0.5642D-01   0.5773D-02  -0.1829D-02   0.1889D-01   0.6183D+00  -0.2009D-01   0.1113D+00  -0.7523D-02   0.1156D+00  -0.5502D-01
  -0.1531D-02  -0.6710D-02  -0.4140D-02  -0.1075D-01  -0.1531D-02  -0.6710D-02  -0.4140D-02  -0.1075D-01
  0.500  2.000
  -0.1502D+01   0.0000D+00  -0.1687D+01   0.0000D+00   0.0000D+00   0.0000D+00  -0.1537D+01   0.0000D+00  -0.1502D+01   0.0000D+00  -0.1687D+01   0.0000D+00
   0.6345D+00   0.0000D+00   0.1116D+00   0.0000D+00   0.1750D+00   0.0000D+00   0.2263D+00   0.0000D+00   0.5029D-01   0.0000D+00   0.0000D+00   0.0000D+00   0.6345D+00   0.0000D+00   0.1116D+00   0.0000D+00   0.1750D+00   0.0000D+00
   0.0000D+00   0.0000D+00   0.0000D+00   0.0000D+00   0.0000D+00   0.0000D+00   0.0000D+00   0.0000D+00
  -0.1386D+01   0.2083D+00  -0.1753D+01   0.1243D+00   0.1191D+00  -0.1329D+00  -0.1675D+01   0.3982D-03  -0.1386D+01   0.2083D+00  -0.1753D+01   0.1243D+00
   0.6198D+00  -0.1850D-01   0.1114D+00  -0.6926D-02   0.1204D+00  -0.5065D-01   0.2268D+00   0.0000D+00   0.5595D-01   0.5314D-02  -0.1682D-02   0.1739D-01   0.6198D+00  -0.1850D-01   0.1114D+00  -0.6926D-02   0.1204D+00  -0.5065D-01
  -0.1410D-02  -0.6177D-02  -0.3811D-02  -0.9900D-02  -0.1410D-02  -0.6177D-02  -0.3811D-02  -0.9900D-02
  1.000  0.500
  -0.1699D+01   0.0000D+00  -0.1924D+01   0.0000D+00   0.0000D+00   0.0000D+00  -0.1744D+01   0.0000D+00  -0.1699D+01   0.0000D+00  -0.1924D+01   0.0000D+00
   0.6040D+00   0.0000D+00   0.1065D+00   0.0000D+00   0.1670D+00   0.0000D+00   0.2160D+00   0.0000D+00   0.4800D-01   0.0000D+00   0.0000D+00   0.0000D+00   0.6040D+00   0.0000D+00   0.1065D+00   0.0000D+00   0.1670D+00   0.0000D+00
   0.0000D+00   0.0000D+00   0.0000D+00   0.0000D+00   0.0000D+00   0.0000D+00   0.0000D+00   0.0000D+00
  -0.1315D+01   0.2819D+00  -0.1738D+01   0.1689D+00   0.1635D+00  -0.1793D+00  -0.1694D+01   0.7253D-03  -0.1315D+01   0.2819D+00  -0.1738D+01   0.1689D+00
   0.6074D+00  -0.2097D-01   0.1099D+00  -0.7839D-02   0.1100D+00  -0.5724D-01   0.2236D+00   0.0000D+00   0.5624D-01   0.6037D-02  -0.1996D-02   0.1976D-01   0.6074D+00  -0.2097D-01   0.1099D+00  -0.7839D-02   0.1100D+00  -0.5724D-01
  -0.1607D-02  -0.6993D-02  -0.4350D-02  -0.1124D-01  -0.1607D-02  -0.6993D-02  -0.4350D-02  -0.1124D-01
  1.000  1.000
  -0.1551D+01   0.0000D+00  -0.1758D+01   0.0000D+00   0.0000D+00   0.0000D+00  -0.1593D+01   0.0000D+00  -0.1551D+01   0.0000D+00  -0.1758D+01   0.0000D+00
   0.6040D+00   0.0000D+00   0.1065D+00   0.0000D+00   0.1670D+00   0.0000D+00   0.2160D+00   0.0000D+00   0.4800D-01   0.0000D+00   0.0000D+00   0.0000D+00   0.6040D+00   0.0000D+00   0.1065D+00   0.0000D+00   0.1670D+00   0.0000D+00
   0.0000D+00   0.0000D+00   0.0000D+00   0.0000D+00   0.0000D+00   0.0000D+00   0.0000D+00   0.0000D+00
  -0.1361D+01   0.2351D+00  -0.1749D+01   0.1409D+00   0.1364D+00  -0.1496D+00  -0.1684D+01   0.6055D-03  -0.1361D+01   0.2351D+00  -0.1749D+01   0.1409D+00
   0.6074D+00  -0.1915D-01   0.1097D+00  -0.7159D-02   0.1150D+00  -0.5228D-01   0.2230D+00   0.0000D+00   0.5555D-01   0.5513D-02  -0.1822D-02   0.1804D-01   0.6074D+00  -0.1915D-01   0.1097D+00  -0.7159D-02   0.1150D+00  -0.5228D-01
  -0.1468D-02  -0.6386D-02  -0.3973D-02  -0.1026D-01  -0.1468D-02  -0.6386D-02  -0.3973D-02  -0.1026D-01
  1.000  2.000
  -0.1428D+01   0.0000D+00  -0.1618D+01   0.0000D+00   0.0000D+00   0.0000D+00  -0.1466D+01   0.0000D+00  -0.1428D+01   0.0000D+00  -0.1618D+01   0.0000D+00
   0.6040D+00   0.0000D+00   0.1065D+00   0.0000D+00   0.1670D+00   0.0000D+00   0.2160D+00   0.0000D+00   0.4800D-01   0.0000D+00   0.0000D+00   0.0000D+00   0.6040D+00   0.0000D+00   0.1065D+00   0.0000D+00   0.1670D+00   0.0000D+00
   0.0000D+00   0.0000D+00   0.0000D+00   0.0000D+00   0.0000D+00   0.0000D+00   0.0000D+00   0.0000D+00
  -0.1377D+01   0.1992D+00  -0.1735D+01   0.1194D+00   0.1156D+00  -0.1268D+00  -0.1656D+01   0.5134D-03  -0.1377D+01   0.1992D+00  -0.1735D+01   0.1194D+00
   0.6074D+00  -0.1763D-01   0.1095D+00  -0.6591D-02   0.1192D+00  -0.4812D-01   0.2225D+00   0.0000D+00   0.5497D-01   0.5075D-02  -0.1675D-02   0.1661D-01   0.6074D+00  -0.1763D-01   0.1095D+00  -0.6591D-02   0.1192D+00  -0.4812D-01
  -0.1351D-02  -0.5879D-02  -0.3657D-02  -0.9448D-02  -0.1351D-02  -0.5879D-02  -0.3657D-02  -0.9448D-02
  2.000  0.500
  -0.1619D+01   0.0000D+00  -0.1845D+01   0.0000D+00   0.0000D+00   0.0000D+00  -0.1670D+01   0.0000D+00  -0.1619D+01   0.0000D+00  -0.1845D+01   0.0000D+00
   0.5775D+00   0.0000D+00   0.1019D+00   0.0000D+00   0.1592D+00   0.0000D+00   0.2064D+00   0.0000D+00   0.4588D-01   0.0000D+00   0.0000D+00   0.0000D+00   0.5775D+00   0.0000D+00   0.1019D+00   0.0000D+00   0.1592D+00   0.0000D+00
   0.0000D+00   0.0000D+00   0.0000D+00   0.0000D+00   0.0000D+00   0.0000D+00   0.0000D+00   0.0000D+00
  -0.1337D+01   0.2701D+00  -0.1756D+01   0.1609D+00   0.1533D+00  -0.1717D+00  -0.1714D+01   0.8724D-03  -0.1337D+01   0.2701D+00  -0.1756D+01   0.1609D+00
   0.6049D+00  -0.1999D-01   0.1094D+00  -0.7500D-02   0.1122D+00  -0.5482D-01   0.2236D+00   0.0000D+00   0.5578D-01   0.5766D-02  -0.1846D-02   0.1887D-01   0.6049D+00  -0.1999D-01   0.1094D+00  -0.7500D-02   0.1122D+00  -0.5482D-01
  -0.1538D-02  -0.6722D-02  -0.4170D-02  -0.1072D-01  -0.1538D-02  -0.6722D-02  -0.4170D-02  -0.1072D-01
  2.000  1.000
  -0.1479D+01   0.0000D+00  -0.1685D+01   0.0000D+00   0.0000D+00   0.0000D+00  -0.1525D+01   0.0000D+00  -0.1479D+01   0.0000D+00  -0.1685D+01   0.0000D+00
   0.5775D+00   0.0000D+00   0.1019D+00   0.0000D+00   0.1592D+00   0.0000D+00   0.2064D+00   0.0000D+00   0.4588D-01   0.0000D+00   0.0000D+00   0.0000D+00   0.5775D+00   0.0000D+00   0.1019D+00   0.0000D+00   0.1592D+00   0.0000D+00
   0.0000D+00   0.0000D+00   0.0000D+00   0.0000D+00   0.0000D+00   0.0000D+00   0.0000D+00   0.0000D+00
  -0.1367D+01   0.2253D+00  -0.1751D+01   0.1342D+00   0.1278D+00  -0.1432D+00  -0.1690D+01   0.7282D-03  -0.1367D+01   0.2253D+00  -0.1751D+01   0.1342D+00
   0.6029D+00  -0.1826D-01   0.1088D+00  -0.6849D-02   0.1164D+00  -0.5007D-01   0.2222D+00   0.0000D+00   0.5495D-01   0.5267D-02  -0.1684D-02   0.1724D-01   0.6029D+00  -0.1826D-01   0.1088D+00  -0.6849D-02   0.1164D+00  -0.5007D-01
  -0.1405D-02  -0.6139D-02  -0.3809D-02  -0.9793D-02  -0.1405D-02  -0.6139D-02  -0.3809D-02  -0.9793D-02
  2.000  2.000
  -0.1361D+01   0.0000D+00  -0.1551D+01   0.0000D+00   0.0000D+00   0.0000D+00  -0.1404D+01   0.0000D+00  -0.1361D+01   0.0000D+00  -0.1551D+01   0.0000D+00
   0.5775D+00   0.0000D+00   0.1019D+00   0.0000D+00   0.1592D+00   0.0000D+00   0.2064D+00   0.0000D+00   0.4588D-01   0.0000D+00   0.0000D+00   0.0000D+00   0.5775D+00   0.0000D+00   0.1019D+00   0.0000D+00   0.1592D+00   0.0000D+00
   0.0000D+00   0.0000D+00   0.0000D+00   0.0000D+00   0.0000D+00   0.0000D+00   0.0000D+00   0.0000D+00
  -0.1371D+01   0.1909D+00  -0.1727D+01   0.1137D+00   0.1083D+00  -0.1214D+00  -0.1651D+01   0.6174D-03  -0.1371D+01   0.1909D+00  -0.1727D+01   0.1137D+00
   0.6011D+00  -0.1681D-01   0.1083D+00  -0.6305D-02   0.1198D+00  -0.4609D-01   0.2210D+00   0.0000D+00   0.5424D-01   0.4848D-02  -0.1549D-02   0.1587D-01   0.6011D+00  -0.1681D-01   0.1083D+00  -0.6305D-02   0.1198D+00  -0.4609D-01
  -0.1293D-02  -0.5651D-02  -0.3506D-02  -0.9015D-02  -0.1293D-02  -0.5651D-02  -0.3506D-02  -0.9015D-02
