 LHC=           1 sqrts=   8000.0000000000000      ang=           4 mode=fital                                                                                               scalescheme=           1 R=  0.69999999999999996     
 NNPDF23_nlo_as_0118                                                                                           62
 Bin information: chid, chiu, md, mu, mu0
   0.0000000000000000       0.50000000000000000        430.00000000000000        468.00000000000000        449.00000000000000     
 9 scales(muf, mur)*(LO(38), NLO(38))
  0.500  0.500
  -0.1109D+01   0.0000D+00  -0.1086D+01   0.0000D+00   0.0000D+00   0.0000D+00  -0.8985D+00   0.0000D+00  -0.1109D+01   0.0000D+00  -0.1086D+01   0.0000D+00
   0.6104D+00   0.0000D+00   0.1042D+00   0.0000D+00   0.1871D+00   0.0000D+00   0.1932D+00   0.0000D+00   0.4293D-01   0.0000D+00   0.0000D+00   0.0000D+00   0.6104D+00   0.0000D+00   0.1042D+00   0.0000D+00   0.1871D+00   0.0000D+00
   0.0000D+00   0.0000D+00   0.0000D+00   0.0000D+00   0.0000D+00   0.0000D+00   0.0000D+00   0.0000D+00
  -0.8224D+00   0.1526D+00  -0.9320D+00   0.9095D-01   0.9399D-01  -0.8943D-01  -0.8234D+00   0.5808D-02  -0.8224D+00   0.1526D+00  -0.9320D+00   0.9095D-01
   0.5491D+00  -0.2276D-01   0.9641D-01  -0.7995D-02   0.1100D+00  -0.5595D-01   0.1822D+00   0.0000D+00   0.4544D-01   0.5225D-02  -0.3007D-02   0.1710D-01   0.5491D+00  -0.2276D-01   0.9641D-01  -0.7995D-02   0.1100D+00  -0.5595D-01
  -0.1894D-02  -0.7125D-02  -0.4093D-02  -0.1019D-01  -0.1894D-02  -0.7125D-02  -0.4093D-02  -0.1019D-01
  0.500  1.000
  -0.1024D+01   0.0000D+00  -0.1003D+01   0.0000D+00   0.0000D+00   0.0000D+00  -0.8297D+00   0.0000D+00  -0.1024D+01   0.0000D+00  -0.1003D+01   0.0000D+00
   0.6104D+00   0.0000D+00   0.1042D+00   0.0000D+00   0.1871D+00   0.0000D+00   0.1932D+00   0.0000D+00   0.4293D-01   0.0000D+00   0.0000D+00   0.0000D+00   0.6104D+00   0.0000D+00   0.1042D+00   0.0000D+00   0.1871D+00   0.0000D+00
   0.0000D+00   0.0000D+00   0.0000D+00   0.0000D+00   0.0000D+00   0.0000D+00   0.0000D+00   0.0000D+00
  -0.8634D+00   0.1301D+00  -0.9535D+00   0.7756D-01   0.8015D-01  -0.7626D-01  -0.8334D+00   0.4953D-02  -0.8634D+00   0.1301D+00  -0.9535D+00   0.7756D-01
   0.5540D+00  -0.2102D-01   0.9704D-01  -0.7383D-02   0.1160D+00  -0.5167D-01   0.1831D+00   0.0000D+00   0.4526D-01   0.4825D-02  -0.2777D-02   0.1579D-01   0.5540D+00  -0.2102D-01   0.9704D-01  -0.7383D-02   0.1160D+00  -0.5167D-01
  -0.1749D-02  -0.6580D-02  -0.3779D-02  -0.9408D-02  -0.1749D-02  -0.6580D-02  -0.3779D-02  -0.9408D-02
  0.500  2.000
  -0.9514D+00   0.0000D+00  -0.9314D+00   0.0000D+00   0.0000D+00   0.0000D+00  -0.7708D+00   0.0000D+00  -0.9514D+00   0.0000D+00  -0.9314D+00   0.0000D+00
   0.6104D+00   0.0000D+00   0.1042D+00   0.0000D+00   0.1871D+00   0.0000D+00   0.1932D+00   0.0000D+00   0.4293D-01   0.0000D+00   0.0000D+00   0.0000D+00   0.6104D+00   0.0000D+00   0.1042D+00   0.0000D+00   0.1871D+00   0.0000D+00
   0.0000D+00   0.0000D+00   0.0000D+00   0.0000D+00   0.0000D+00   0.0000D+00   0.0000D+00   0.0000D+00
  -0.8849D+00   0.1123D+00  -0.9597D+00   0.6694D-01   0.6917D-01  -0.6582D-01  -0.8325D+00   0.4275D-02  -0.8849D+00   0.1123D+00  -0.9597D+00   0.6694D-01
   0.5582D+00  -0.1953D-01   0.9757D-01  -0.6859D-02   0.1210D+00  -0.4800D-01   0.1839D+00   0.0000D+00   0.4510D-01   0.4482D-02  -0.2580D-02   0.1467D-01   0.5582D+00  -0.1953D-01   0.9757D-01  -0.6859D-02   0.1210D+00  -0.4800D-01
  -0.1624D-02  -0.6112D-02  -0.3511D-02  -0.8740D-02  -0.1624D-02  -0.6112D-02  -0.3511D-02  -0.8740D-02
  1.000  0.500
  -0.1044D+01   0.0000D+00  -0.1026D+01   0.0000D+00   0.0000D+00   0.0000D+00  -0.8439D+00   0.0000D+00  -0.1044D+01   0.0000D+00  -0.1026D+01   0.0000D+00
   0.5718D+00   0.0000D+00   0.9793D-01   0.0000D+00   0.1756D+00   0.0000D+00   0.1809D+00   0.0000D+00   0.4020D-01   0.0000D+00   0.0000D+00   0.0000D+00   0.5718D+00   0.0000D+00   0.9793D-01   0.0000D+00   0.1756D+00   0.0000D+00
   0.0000D+00   0.0000D+00   0.0000D+00   0.0000D+00   0.0000D+00   0.0000D+00   0.0000D+00   0.0000D+00
  -0.8421D+00   0.1440D+00  -0.9396D+00   0.8534D-01   0.8815D-01  -0.8407D-01  -0.8257D+00   0.5618D-02  -0.8421D+00   0.1440D+00  -0.9396D+00   0.8534D-01
   0.5436D+00  -0.2136D-01   0.9538D-01  -0.7516D-02   0.1133D+00  -0.5256D-01   0.1815D+00   0.0000D+00   0.4495D-01   0.4893D-02  -0.2794D-02   0.1601D-01   0.5436D+00  -0.2136D-01   0.9538D-01  -0.7516D-02   0.1133D+00  -0.5256D-01
  -0.1787D-02  -0.6746D-02  -0.3864D-02  -0.9543D-02  -0.1787D-02  -0.6746D-02  -0.3864D-02  -0.9543D-02
  1.000  1.000
  -0.9643D+00   0.0000D+00  -0.9473D+00   0.0000D+00   0.0000D+00   0.0000D+00  -0.7793D+00   0.0000D+00  -0.9643D+00   0.0000D+00  -0.9473D+00   0.0000D+00
   0.5718D+00   0.0000D+00   0.9793D-01   0.0000D+00   0.1756D+00   0.0000D+00   0.1809D+00   0.0000D+00   0.4020D-01   0.0000D+00   0.0000D+00   0.0000D+00   0.5718D+00   0.0000D+00   0.9793D-01   0.0000D+00   0.1756D+00   0.0000D+00
   0.0000D+00   0.0000D+00   0.0000D+00   0.0000D+00   0.0000D+00   0.0000D+00   0.0000D+00   0.0000D+00
  -0.8707D+00   0.1228D+00  -0.9512D+00   0.7277D-01   0.7517D-01  -0.7169D-01  -0.8274D+00   0.4791D-02  -0.8707D+00   0.1228D+00  -0.9512D+00   0.7277D-01
   0.5459D+00  -0.1972D-01   0.9560D-01  -0.6941D-02   0.1181D+00  -0.4853D-01   0.1815D+00   0.0000D+00   0.4460D-01   0.4518D-02  -0.2580D-02   0.1479D-01   0.5459D+00  -0.1972D-01   0.9560D-01  -0.6941D-02   0.1181D+00  -0.4853D-01
  -0.1650D-02  -0.6229D-02  -0.3568D-02  -0.8812D-02  -0.1650D-02  -0.6229D-02  -0.3568D-02  -0.8812D-02
  1.000  2.000
  -0.8958D+00   0.0000D+00  -0.8800D+00   0.0000D+00   0.0000D+00   0.0000D+00  -0.7240D+00   0.0000D+00  -0.8958D+00   0.0000D+00  -0.8800D+00   0.0000D+00
   0.5718D+00   0.0000D+00   0.9793D-01   0.0000D+00   0.1756D+00   0.0000D+00   0.1809D+00   0.0000D+00   0.4020D-01   0.0000D+00   0.0000D+00   0.0000D+00   0.5718D+00   0.0000D+00   0.9793D-01   0.0000D+00   0.1756D+00   0.0000D+00
   0.0000D+00   0.0000D+00   0.0000D+00   0.0000D+00   0.0000D+00   0.0000D+00   0.0000D+00   0.0000D+00
  -0.8831D+00   0.1060D+00  -0.9503D+00   0.6281D-01   0.6487D-01  -0.6187D-01  -0.8204D+00   0.4135D-02  -0.8831D+00   0.1060D+00  -0.9503D+00   0.6281D-01
   0.5479D+00  -0.1832D-01   0.9579D-01  -0.6448D-02   0.1222D+00  -0.4509D-01   0.1815D+00   0.0000D+00   0.4430D-01   0.4198D-02  -0.2397D-02   0.1374D-01   0.5479D+00  -0.1832D-01   0.9579D-01  -0.6448D-02   0.1222D+00  -0.4509D-01
  -0.1533D-02  -0.5787D-02  -0.3315D-02  -0.8187D-02  -0.1533D-02  -0.5787D-02  -0.3315D-02  -0.8187D-02
  2.000  0.500
  -0.9819D+00   0.0000D+00  -0.9695D+00   0.0000D+00   0.0000D+00   0.0000D+00  -0.7947D+00   0.0000D+00  -0.9819D+00   0.0000D+00  -0.9695D+00   0.0000D+00
   0.5382D+00   0.0000D+00   0.9225D-01   0.0000D+00   0.1653D+00   0.0000D+00   0.1700D+00   0.0000D+00   0.3777D-01   0.0000D+00   0.0000D+00   0.0000D+00   0.5382D+00   0.0000D+00   0.9225D-01   0.0000D+00   0.1653D+00   0.0000D+00
   0.0000D+00   0.0000D+00   0.0000D+00   0.0000D+00   0.0000D+00   0.0000D+00   0.0000D+00   0.0000D+00
  -0.8525D+00   0.1365D+00  -0.9548D+00   0.8067D-01   0.8462D-01  -0.7914D-01  -0.8309D+00   0.5448D-02  -0.8525D+00   0.1365D+00  -0.9548D+00   0.8067D-01
   0.5449D+00  -0.2011D-01   0.9573D-01  -0.7054D-02   0.1160D+00  -0.4928D-01   0.1808D+00   0.0000D+00   0.4473D-01   0.4595D-02  -0.2556D-02   0.1504D-01   0.5449D+00  -0.2011D-01   0.9573D-01  -0.7054D-02   0.1160D+00  -0.4928D-01
  -0.1693D-02  -0.6276D-02  -0.3652D-02  -0.8994D-02  -0.1693D-02  -0.6276D-02  -0.3652D-02  -0.8994D-02
  2.000  1.000
  -0.9067D+00   0.0000D+00  -0.8953D+00   0.0000D+00   0.0000D+00   0.0000D+00  -0.7339D+00   0.0000D+00  -0.9067D+00   0.0000D+00  -0.8953D+00   0.0000D+00
   0.5382D+00   0.0000D+00   0.9225D-01   0.0000D+00   0.1653D+00   0.0000D+00   0.1700D+00   0.0000D+00   0.3777D-01   0.0000D+00   0.0000D+00   0.0000D+00   0.5382D+00   0.0000D+00   0.9225D-01   0.0000D+00   0.1653D+00   0.0000D+00
   0.0000D+00   0.0000D+00   0.0000D+00   0.0000D+00   0.0000D+00   0.0000D+00   0.0000D+00   0.0000D+00
  -0.8703D+00   0.1164D+00  -0.9557D+00   0.6879D-01   0.7215D-01  -0.6749D-01  -0.8246D+00   0.4646D-02  -0.8703D+00   0.1164D+00  -0.9557D+00   0.6879D-01
   0.5442D+00  -0.1857D-01   0.9544D-01  -0.6514D-02   0.1197D+00  -0.4551D-01   0.1800D+00   0.0000D+00   0.4419D-01   0.4243D-02  -0.2357D-02   0.1389D-01   0.5442D+00  -0.1857D-01   0.9544D-01  -0.6514D-02   0.1197D+00  -0.4551D-01
  -0.1563D-02  -0.5796D-02  -0.3372D-02  -0.8305D-02  -0.1563D-02  -0.5796D-02  -0.3372D-02  -0.8305D-02
  2.000  2.000
  -0.8424D+00   0.0000D+00  -0.8317D+00   0.0000D+00   0.0000D+00   0.0000D+00  -0.6818D+00   0.0000D+00  -0.8424D+00   0.0000D+00  -0.8317D+00   0.0000D+00
   0.5382D+00   0.0000D+00   0.9225D-01   0.0000D+00   0.1653D+00   0.0000D+00   0.1700D+00   0.0000D+00   0.3777D-01   0.0000D+00   0.0000D+00   0.0000D+00   0.5382D+00   0.0000D+00   0.9225D-01   0.0000D+00   0.1653D+00   0.0000D+00
   0.0000D+00   0.0000D+00   0.0000D+00   0.0000D+00   0.0000D+00   0.0000D+00   0.0000D+00   0.0000D+00
  -0.8748D+00   0.1005D+00  -0.9470D+00   0.5937D-01   0.6226D-01  -0.5824D-01  -0.8118D+00   0.4009D-02  -0.8748D+00   0.1005D+00  -0.9470D+00   0.5937D-01
   0.5439D+00  -0.1725D-01   0.9524D-01  -0.6051D-02   0.1230D+00  -0.4228D-01   0.1793D+00   0.0000D+00   0.4374D-01   0.3942D-02  -0.2190D-02   0.1290D-01   0.5439D+00  -0.1725D-01   0.9524D-01  -0.6051D-02   0.1230D+00  -0.4228D-01
  -0.1452D-02  -0.5384D-02  -0.3133D-02  -0.7716D-02  -0.1452D-02  -0.5384D-02  -0.3133D-02  -0.7716D-02
