 LHC=           1 sqrts=   8000.0000000000000      ang=           4 mode=fital                                                                                               scalescheme=           1 R=  0.69999999999999996     
 MSTW2008nlo68cl_rand1235                                                                                       2
 Bin information: chid, chiu, md, mu, mu0
   0.0000000000000000       0.50000000000000000        133.00000000000000        153.00000000000000        143.00000000000000     
 9 scales(muf, mur)*(LO(38), NLO(38))
  0.500  0.500
  -0.7944D+01   0.0000D+00  -0.1201D+02   0.0000D+00   0.0000D+00   0.0000D+00  -0.1253D+02   0.0000D+00  -0.7944D+01   0.0000D+00  -0.1201D+02   0.0000D+00
   0.5350D+00   0.0000D+00   0.9955D-01   0.0000D+00   0.1197D+00   0.0000D+00   0.2330D+00   0.0000D+00   0.5179D-01   0.0000D+00   0.0000D+00   0.0000D+00   0.5350D+00   0.0000D+00   0.9955D-01   0.0000D+00   0.1197D+00   0.0000D+00
   0.0000D+00   0.0000D+00   0.0000D+00   0.0000D+00   0.0000D+00   0.0000D+00   0.0000D+00   0.0000D+00
  -0.5418D+01   0.2080D+01  -0.9787D+01   0.1257D+01   0.9696D+00  -0.1498D+01  -0.1122D+02  -0.1233D+00  -0.5418D+01   0.2080D+01  -0.9787D+01   0.1257D+01
   0.7757D+00  -0.1734D-01   0.1435D+00  -0.7573D-02   0.1213D+00  -0.6023D-01   0.3186D+00   0.0000D+00   0.8179D-01   0.7613D-02   0.2444D-02   0.2492D-01   0.7757D+00  -0.1734D-01   0.1435D+00  -0.7573D-02   0.1213D+00  -0.6023D-01
  -0.7643D-03  -0.6791D-02  -0.4173D-02  -0.1301D-01  -0.7643D-03  -0.6791D-02  -0.4173D-02  -0.1301D-01
  0.500  1.000
  -0.7152D+01   0.0000D+00  -0.1081D+02   0.0000D+00   0.0000D+00   0.0000D+00  -0.1128D+02   0.0000D+00  -0.7152D+01   0.0000D+00  -0.1081D+02   0.0000D+00
   0.5350D+00   0.0000D+00   0.9955D-01   0.0000D+00   0.1197D+00   0.0000D+00   0.2330D+00   0.0000D+00   0.5179D-01   0.0000D+00   0.0000D+00   0.0000D+00   0.5350D+00   0.0000D+00   0.9955D-01   0.0000D+00   0.1197D+00   0.0000D+00
   0.0000D+00   0.0000D+00   0.0000D+00   0.0000D+00   0.0000D+00   0.0000D+00   0.0000D+00   0.0000D+00
  -0.5792D+01   0.1686D+01  -0.1005D+02   0.1019D+01   0.7856D+00  -0.1214D+01  -0.1130D+02  -0.9992D-01  -0.5792D+01   0.1686D+01  -0.1005D+02   0.1019D+01
   0.7534D+00  -0.1561D-01   0.1394D+00  -0.6819D-02   0.1216D+00  -0.5423D-01   0.3106D+00   0.0000D+00   0.7894D-01   0.6855D-02   0.2226D-02   0.2243D-01   0.7534D+00  -0.1561D-01   0.1394D+00  -0.6819D-02   0.1216D+00  -0.5423D-01
  -0.6880D-03  -0.6115D-02  -0.3757D-02  -0.1171D-01  -0.6880D-03  -0.6115D-02  -0.3757D-02  -0.1171D-01
  0.500  2.000
  -0.6506D+01   0.0000D+00  -0.9834D+01   0.0000D+00   0.0000D+00   0.0000D+00  -0.1026D+02   0.0000D+00  -0.6506D+01   0.0000D+00  -0.9834D+01   0.0000D+00
   0.5350D+00   0.0000D+00   0.9955D-01   0.0000D+00   0.1197D+00   0.0000D+00   0.2330D+00   0.0000D+00   0.5179D-01   0.0000D+00   0.0000D+00   0.0000D+00   0.5350D+00   0.0000D+00   0.9955D-01   0.0000D+00   0.1197D+00   0.0000D+00
   0.0000D+00   0.0000D+00   0.0000D+00   0.0000D+00   0.0000D+00   0.0000D+00   0.0000D+00   0.0000D+00
  -0.5949D+01   0.1395D+01  -0.1006D+02   0.8432D+00   0.6500D+00  -0.1005D+01  -0.1117D+02  -0.8269D-01  -0.5949D+01   0.1395D+01  -0.1006D+02   0.8432D+00
   0.7349D+00  -0.1420D-01   0.1361D+00  -0.6204D-02   0.1217D+00  -0.4933D-01   0.3040D+00   0.0000D+00   0.7659D-01   0.6236D-02   0.2044D-02   0.2041D-01   0.7349D+00  -0.1420D-01   0.1361D+00  -0.6204D-02   0.1217D+00  -0.4933D-01
  -0.6258D-03  -0.5563D-02  -0.3418D-02  -0.1066D-01  -0.6258D-03  -0.5563D-02  -0.3418D-02  -0.1066D-01
  1.000  0.500
  -0.7950D+01   0.0000D+00  -0.1223D+02   0.0000D+00   0.0000D+00   0.0000D+00  -0.1271D+02   0.0000D+00  -0.7950D+01   0.0000D+00  -0.1223D+02   0.0000D+00
   0.5429D+00   0.0000D+00   0.1004D+00   0.0000D+00   0.1195D+00   0.0000D+00   0.2338D+00   0.0000D+00   0.5194D-01   0.0000D+00   0.0000D+00   0.0000D+00   0.5429D+00   0.0000D+00   0.1004D+00   0.0000D+00   0.1195D+00   0.0000D+00
   0.0000D+00   0.0000D+00   0.0000D+00   0.0000D+00   0.0000D+00   0.0000D+00   0.0000D+00   0.0000D+00
  -0.5356D+01   0.2129D+01  -0.9727D+01   0.1278D+01   0.9983D+00  -0.1516D+01  -0.1113D+02  -0.1240D+00  -0.5356D+01   0.2129D+01  -0.9727D+01   0.1278D+01
   0.7523D+00  -0.1742D-01   0.1382D+00  -0.7628D-02   0.1123D+00  -0.6133D-01   0.3098D+00   0.0000D+00   0.7940D-01   0.7556D-02   0.2766D-02   0.2473D-01   0.7523D+00  -0.1742D-01   0.1382D+00  -0.7628D-02   0.1123D+00  -0.6133D-01
  -0.7962D-03  -0.6603D-02  -0.4280D-02  -0.1307D-01  -0.7962D-03  -0.6603D-02  -0.4280D-02  -0.1307D-01
  1.000  1.000
  -0.7158D+01   0.0000D+00  -0.1101D+02   0.0000D+00   0.0000D+00   0.0000D+00  -0.1144D+02   0.0000D+00  -0.7158D+01   0.0000D+00  -0.1101D+02   0.0000D+00
   0.5429D+00   0.0000D+00   0.1004D+00   0.0000D+00   0.1195D+00   0.0000D+00   0.2338D+00   0.0000D+00   0.5194D-01   0.0000D+00   0.0000D+00   0.0000D+00   0.5429D+00   0.0000D+00   0.1004D+00   0.0000D+00   0.1195D+00   0.0000D+00
   0.0000D+00   0.0000D+00   0.0000D+00   0.0000D+00   0.0000D+00   0.0000D+00   0.0000D+00   0.0000D+00
  -0.5743D+01   0.1726D+01  -0.1004D+02   0.1036D+01   0.8088D+00  -0.1229D+01  -0.1126D+02  -0.1005D+00  -0.5743D+01   0.1726D+01  -0.1004D+02   0.1036D+01
   0.7345D+00  -0.1568D-01   0.1349D+00  -0.6868D-02   0.1138D+00  -0.5522D-01   0.3029D+00   0.0000D+00   0.7688D-01   0.6803D-02   0.2513D-02   0.2226D-01   0.7345D+00  -0.1568D-01   0.1349D+00  -0.6868D-02   0.1138D+00  -0.5522D-01
  -0.7167D-03  -0.5945D-02  -0.3853D-02  -0.1177D-01  -0.7167D-03  -0.5945D-02  -0.3853D-02  -0.1177D-01
  1.000  2.000
  -0.6511D+01   0.0000D+00  -0.1002D+02   0.0000D+00   0.0000D+00   0.0000D+00  -0.1041D+02   0.0000D+00  -0.6511D+01   0.0000D+00  -0.1002D+02   0.0000D+00
   0.5429D+00   0.0000D+00   0.1004D+00   0.0000D+00   0.1195D+00   0.0000D+00   0.2338D+00   0.0000D+00   0.5194D-01   0.0000D+00   0.0000D+00   0.0000D+00   0.5429D+00   0.0000D+00   0.1004D+00   0.0000D+00   0.1195D+00   0.0000D+00
   0.0000D+00   0.0000D+00   0.0000D+00   0.0000D+00   0.0000D+00   0.0000D+00   0.0000D+00   0.0000D+00
  -0.5909D+01   0.1428D+01  -0.1009D+02   0.8574D+00   0.6690D+00  -0.1017D+01  -0.1117D+02  -0.8319D-01  -0.5909D+01   0.1428D+01  -0.1009D+02   0.8574D+00
   0.7185D+00  -0.1427D-01   0.1320D+00  -0.6249D-02   0.1147D+00  -0.5024D-01   0.2971D+00   0.0000D+00   0.7473D-01   0.6189D-02   0.2304D-02   0.2026D-01   0.7185D+00  -0.1427D-01   0.1320D+00  -0.6249D-02   0.1147D+00  -0.5024D-01
  -0.6519D-03  -0.5409D-02  -0.3505D-02  -0.1071D-01  -0.6519D-03  -0.5409D-02  -0.3505D-02  -0.1071D-01
  2.000  0.500
  -0.7900D+01   0.0000D+00  -0.1231D+02   0.0000D+00   0.0000D+00   0.0000D+00  -0.1290D+02   0.0000D+00  -0.7900D+01   0.0000D+00  -0.1231D+02   0.0000D+00
   0.5482D+00   0.0000D+00   0.1015D+00   0.0000D+00   0.1194D+00   0.0000D+00   0.2380D+00   0.0000D+00   0.5289D-01   0.0000D+00   0.0000D+00   0.0000D+00   0.5482D+00   0.0000D+00   0.1015D+00   0.0000D+00   0.1194D+00   0.0000D+00
   0.0000D+00   0.0000D+00   0.0000D+00   0.0000D+00   0.0000D+00   0.0000D+00   0.0000D+00   0.0000D+00
  -0.5335D+01   0.2139D+01  -0.9798D+01   0.1278D+01   0.9868D+00  -0.1536D+01  -0.1151D+02  -0.1240D+00  -0.5335D+01   0.2139D+01  -0.9798D+01   0.1278D+01
   0.7447D+00  -0.1733D-01   0.1379D+00  -0.7690D-02   0.1115D+00  -0.6178D-01   0.3071D+00   0.0000D+00   0.7889D-01   0.7694D-02   0.2453D-02   0.2518D-01   0.7447D+00  -0.1733D-01   0.1379D+00  -0.7690D-02   0.1115D+00  -0.6178D-01
  -0.8071D-03  -0.6646D-02  -0.4358D-02  -0.1317D-01  -0.8071D-03  -0.6646D-02  -0.4358D-02  -0.1317D-01
  2.000  1.000
  -0.7112D+01   0.0000D+00  -0.1109D+02   0.0000D+00   0.0000D+00   0.0000D+00  -0.1162D+02   0.0000D+00  -0.7112D+01   0.0000D+00  -0.1109D+02   0.0000D+00
   0.5482D+00   0.0000D+00   0.1015D+00   0.0000D+00   0.1194D+00   0.0000D+00   0.2380D+00   0.0000D+00   0.5289D-01   0.0000D+00   0.0000D+00   0.0000D+00   0.5482D+00   0.0000D+00   0.1015D+00   0.0000D+00   0.1194D+00   0.0000D+00
   0.0000D+00   0.0000D+00   0.0000D+00   0.0000D+00   0.0000D+00   0.0000D+00   0.0000D+00   0.0000D+00
  -0.5693D+01   0.1734D+01  -0.1009D+02   0.1036D+01   0.7992D+00  -0.1245D+01  -0.1159D+02  -0.1005D+00  -0.5693D+01   0.1734D+01  -0.1009D+02   0.1036D+01
   0.7112D+00  -0.1560D-01   0.1319D+00  -0.6923D-02   0.1077D+00  -0.5563D-01   0.2972D+00   0.0000D+00   0.7542D-01   0.6927D-02   0.2172D-02   0.2267D-01   0.7112D+00  -0.1560D-01   0.1319D+00  -0.6923D-02   0.1077D+00  -0.5563D-01
  -0.7265D-03  -0.5984D-02  -0.3924D-02  -0.1186D-01  -0.7265D-03  -0.5984D-02  -0.3924D-02  -0.1186D-01
  2.000  2.000
  -0.6470D+01   0.0000D+00  -0.1009D+02   0.0000D+00   0.0000D+00   0.0000D+00  -0.1057D+02   0.0000D+00  -0.6470D+01   0.0000D+00  -0.1009D+02   0.0000D+00
   0.5482D+00   0.0000D+00   0.1015D+00   0.0000D+00   0.1194D+00   0.0000D+00   0.2380D+00   0.0000D+00   0.5289D-01   0.0000D+00   0.0000D+00   0.0000D+00   0.5482D+00   0.0000D+00   0.1015D+00   0.0000D+00   0.1194D+00   0.0000D+00
   0.0000D+00   0.0000D+00   0.0000D+00   0.0000D+00   0.0000D+00   0.0000D+00   0.0000D+00   0.0000D+00
  -0.5871D+01   0.1435D+01  -0.1015D+02   0.8571D+00   0.6612D+00  -0.1030D+01  -0.1147D+02  -0.8320D-01  -0.5871D+01   0.1435D+01  -0.1015D+02   0.8571D+00
   0.7057D+00  -0.1420D-01   0.1308D+00  -0.6299D-02   0.1116D+00  -0.5061D-01   0.2940D+00   0.0000D+00   0.7401D-01   0.6302D-02   0.2022D-02   0.2062D-01   0.7057D+00  -0.1420D-01   0.1308D+00  -0.6299D-02   0.1116D+00  -0.5061D-01
  -0.6608D-03  -0.5444D-02  -0.3569D-02  -0.1079D-01  -0.6608D-03  -0.5444D-02  -0.3569D-02  -0.1079D-01
