 LHC=           1 sqrts=   8000.0000000000000      ang=           4 mode=fital                                                                                               scalescheme=           1 R=  0.69999999999999996     
 CT10nlo_rand5678                                                                                             100
 Bin information: chid, chiu, md, mu, mu0
   0.0000000000000000       0.50000000000000000        49.000000000000000        56.000000000000000        52.500000000000000     
 9 scales(muf, mur)*(LO(38), NLO(38))
  0.500  0.500
  -0.2125D+02   0.0000D+00  -0.3700D+02   0.0000D+00   0.0000D+00   0.0000D+00  -0.4169D+02   0.0000D+00  -0.2125D+02   0.0000D+00  -0.3700D+02   0.0000D+00
   0.1845D+00   0.0000D+00   0.3513D-01   0.0000D+00   0.3638D-01   0.0000D+00   0.8120D-01   0.0000D+00   0.1804D-01   0.0000D+00   0.0000D+00   0.0000D+00   0.1845D+00   0.0000D+00   0.3513D-01   0.0000D+00   0.3638D-01   0.0000D+00
   0.0000D+00   0.0000D+00   0.0000D+00   0.0000D+00   0.0000D+00   0.0000D+00   0.0000D+00   0.0000D+00
  -0.1444D+02   0.7465D+01  -0.3041D+02   0.4729D+01   0.3518D+01  -0.5788D+01  -0.3730D+02  -0.5531D+00  -0.1444D+02   0.7465D+01  -0.3041D+02   0.4729D+01
   0.6288D+00  -0.6020D-02   0.1184D+00  -0.3021D-02   0.1032D+00  -0.2465D-01   0.2424D+00   0.0000D+00   0.6722D-01   0.2902D-02   0.1024D-01   0.9498D-02   0.6288D+00  -0.6020D-02   0.1184D+00  -0.3021D-02   0.1032D+00  -0.2465D-01
  -0.5380D-04  -0.2440D-02  -0.1372D-02  -0.5073D-02  -0.5380D-04  -0.2440D-02  -0.1372D-02  -0.5073D-02
  0.500  1.000
  -0.1881D+02   0.0000D+00  -0.3275D+02   0.0000D+00   0.0000D+00   0.0000D+00  -0.3690D+02   0.0000D+00  -0.1881D+02   0.0000D+00  -0.3275D+02   0.0000D+00
   0.1845D+00   0.0000D+00   0.3513D-01   0.0000D+00   0.3638D-01   0.0000D+00   0.8120D-01   0.0000D+00   0.1804D-01   0.0000D+00   0.0000D+00   0.0000D+00   0.1845D+00   0.0000D+00   0.3513D-01   0.0000D+00   0.3638D-01   0.0000D+00
   0.0000D+00   0.0000D+00   0.0000D+00   0.0000D+00   0.0000D+00   0.0000D+00   0.0000D+00   0.0000D+00
  -0.1555D+02   0.5848D+01  -0.3121D+02   0.3704D+01   0.2753D+01  -0.4534D+01  -0.3754D+02  -0.4333D+00  -0.1555D+02   0.5848D+01  -0.3121D+02   0.3704D+01
   0.5732D+00  -0.5329D-02   0.1081D+00  -0.2674D-02   0.9369D-01  -0.2182D-01   0.2235D+00   0.0000D+00   0.6142D-01   0.2569D-02   0.9131D-02   0.8407D-02   0.5732D+00  -0.5329D-02   0.1081D+00  -0.2674D-02   0.9369D-01  -0.2182D-01
  -0.4756D-04  -0.2160D-02  -0.1215D-02  -0.4490D-02  -0.4756D-04  -0.2160D-02  -0.1215D-02  -0.4490D-02
  0.500  2.000
  -0.1688D+02   0.0000D+00  -0.2939D+02   0.0000D+00   0.0000D+00   0.0000D+00  -0.3311D+02   0.0000D+00  -0.1688D+02   0.0000D+00  -0.2939D+02   0.0000D+00
   0.1845D+00   0.0000D+00   0.3513D-01   0.0000D+00   0.3638D-01   0.0000D+00   0.8120D-01   0.0000D+00   0.1804D-01   0.0000D+00   0.0000D+00   0.0000D+00   0.1845D+00   0.0000D+00   0.3513D-01   0.0000D+00   0.3638D-01   0.0000D+00
   0.0000D+00   0.0000D+00   0.0000D+00   0.0000D+00   0.0000D+00   0.0000D+00   0.0000D+00   0.0000D+00
  -0.1593D+02   0.4709D+01  -0.3106D+02   0.2983D+01   0.2214D+01  -0.3651D+01  -0.3692D+02  -0.3489D+00  -0.1593D+02   0.4709D+01  -0.3106D+02   0.2983D+01
   0.5366D+00  -0.4782D-02   0.1012D+00  -0.2400D-02   0.8851D-01  -0.1958D-01   0.2099D+00   0.0000D+00   0.5727D-01   0.2305D-02   0.8267D-02   0.7545D-02   0.5366D+00  -0.4782D-02   0.1012D+00  -0.2400D-02   0.8851D-01  -0.1958D-01
  -0.4264D-04  -0.1939D-02  -0.1090D-02  -0.4030D-02  -0.4264D-04  -0.1939D-02  -0.1090D-02  -0.4030D-02
  1.000  0.500
  -0.2282D+02   0.0000D+00  -0.4102D+02   0.0000D+00   0.0000D+00   0.0000D+00  -0.4443D+02   0.0000D+00  -0.2282D+02   0.0000D+00  -0.4102D+02   0.0000D+00
   0.2046D+00   0.0000D+00   0.4049D-01   0.0000D+00   0.4048D-01   0.0000D+00   0.9651D-01   0.0000D+00   0.2145D-01   0.0000D+00   0.0000D+00   0.0000D+00   0.2046D+00   0.0000D+00   0.4049D-01   0.0000D+00   0.4048D-01   0.0000D+00
   0.0000D+00   0.0000D+00   0.0000D+00   0.0000D+00   0.0000D+00   0.0000D+00   0.0000D+00   0.0000D+00
  -0.1309D+02   0.8399D+01  -0.2726D+02   0.5198D+01   0.4110D+01  -0.6074D+01  -0.3485D+02  -0.6132D+00  -0.1309D+02   0.8399D+01  -0.2726D+02   0.5198D+01
   0.5729D+00  -0.6794D-02   0.1085D+00  -0.3362D-02   0.8330D-01  -0.2631D-01   0.2333D+00   0.0000D+00   0.6421D-01   0.3517D-02   0.8731D-02   0.1151D-01   0.5729D+00  -0.6794D-02   0.1085D+00  -0.3362D-02   0.8330D-01  -0.2631D-01
  -0.9441D-04  -0.2766D-02  -0.1613D-02  -0.5815D-02  -0.9441D-04  -0.2766D-02  -0.1613D-02  -0.5815D-02
  1.000  1.000
  -0.2020D+02   0.0000D+00  -0.3631D+02   0.0000D+00   0.0000D+00   0.0000D+00  -0.3933D+02   0.0000D+00  -0.2020D+02   0.0000D+00  -0.3631D+02   0.0000D+00
   0.2046D+00   0.0000D+00   0.4049D-01   0.0000D+00   0.4048D-01   0.0000D+00   0.9651D-01   0.0000D+00   0.2145D-01   0.0000D+00   0.0000D+00   0.0000D+00   0.2046D+00   0.0000D+00   0.4049D-01   0.0000D+00   0.4048D-01   0.0000D+00
   0.0000D+00   0.0000D+00   0.0000D+00   0.0000D+00   0.0000D+00   0.0000D+00   0.0000D+00   0.0000D+00
  -0.1494D+02   0.6580D+01  -0.2969D+02   0.4072D+01   0.3215D+01  -0.4758D+01  -0.3629D+02  -0.4804D+00  -0.1494D+02   0.6580D+01  -0.2969D+02   0.4072D+01
   0.5975D+00  -0.6013D-02   0.1122D+00  -0.2975D-02   0.9645D-01  -0.2329D-01   0.2331D+00   0.0000D+00   0.6406D-01   0.3113D-02   0.8152D-02   0.1019D-01   0.5975D+00  -0.6013D-02   0.1122D+00  -0.2975D-02   0.9645D-01  -0.2329D-01
  -0.8349D-04  -0.2449D-02  -0.1427D-02  -0.5147D-02  -0.8349D-04  -0.2449D-02  -0.1427D-02  -0.5147D-02
  1.000  2.000
  -0.1813D+02   0.0000D+00  -0.3258D+02   0.0000D+00   0.0000D+00   0.0000D+00  -0.3529D+02   0.0000D+00  -0.1813D+02   0.0000D+00  -0.3258D+02   0.0000D+00
   0.2046D+00   0.0000D+00   0.4049D-01   0.0000D+00   0.4048D-01   0.0000D+00   0.9651D-01   0.0000D+00   0.2145D-01   0.0000D+00   0.0000D+00   0.0000D+00   0.2046D+00   0.0000D+00   0.4049D-01   0.0000D+00   0.4048D-01   0.0000D+00
   0.0000D+00   0.0000D+00   0.0000D+00   0.0000D+00   0.0000D+00   0.0000D+00   0.0000D+00   0.0000D+00
  -0.1562D+02   0.5298D+01  -0.3041D+02   0.3280D+01   0.2588D+01  -0.3831D+01  -0.3628D+02  -0.3868D+00  -0.1562D+02   0.5298D+01  -0.3041D+02   0.3280D+01
   0.5234D+00  -0.5396D-02   0.9911D-01  -0.2670D-02   0.8123D-01  -0.2090D-01   0.2117D+00   0.0000D+00   0.5742D-01   0.2794D-02   0.7187D-02   0.9143D-02   0.5234D+00  -0.5396D-02   0.9911D-01  -0.2670D-02   0.8123D-01  -0.2090D-01
  -0.7487D-04  -0.2198D-02  -0.1281D-02  -0.4619D-02  -0.7487D-04  -0.2198D-02  -0.1281D-02  -0.4619D-02
  2.000  0.500
  -0.2477D+02   0.0000D+00  -0.4713D+02   0.0000D+00   0.0000D+00   0.0000D+00  -0.4968D+02   0.0000D+00  -0.2477D+02   0.0000D+00  -0.4713D+02   0.0000D+00
   0.2370D+00   0.0000D+00   0.4299D-01   0.0000D+00   0.4255D-01   0.0000D+00   0.1036D+00   0.0000D+00   0.2302D-01   0.0000D+00   0.0000D+00   0.0000D+00   0.2370D+00   0.0000D+00   0.4299D-01   0.0000D+00   0.4255D-01   0.0000D+00
   0.0000D+00   0.0000D+00   0.0000D+00   0.0000D+00   0.0000D+00   0.0000D+00   0.0000D+00   0.0000D+00
  -0.1223D+02   0.9439D+01  -0.2854D+02   0.5613D+01   0.4429D+01  -0.6838D+01  -0.3478D+02  -0.6466D+00  -0.1223D+02   0.9439D+01  -0.2854D+02   0.5613D+01
   0.5729D+00  -0.7096D-02   0.1033D+00  -0.3433D-02   0.7347D-01  -0.3031D-01   0.2234D+00   0.0000D+00   0.6278D-01   0.3974D-02   0.8681D-02   0.1301D-01   0.5729D+00  -0.7096D-02   0.1033D+00  -0.3433D-02   0.7347D-01  -0.3031D-01
  -0.1006D-03  -0.2955D-02  -0.1825D-02  -0.6512D-02  -0.1006D-03  -0.2955D-02  -0.1825D-02  -0.6512D-02
  2.000  1.000
  -0.2192D+02   0.0000D+00  -0.4172D+02   0.0000D+00   0.0000D+00   0.0000D+00  -0.4398D+02   0.0000D+00  -0.2192D+02   0.0000D+00  -0.4172D+02   0.0000D+00
   0.2370D+00   0.0000D+00   0.4299D-01   0.0000D+00   0.4255D-01   0.0000D+00   0.1036D+00   0.0000D+00   0.2302D-01   0.0000D+00   0.0000D+00   0.0000D+00   0.2370D+00   0.0000D+00   0.4299D-01   0.0000D+00   0.4255D-01   0.0000D+00
   0.0000D+00   0.0000D+00   0.0000D+00   0.0000D+00   0.0000D+00   0.0000D+00   0.0000D+00   0.0000D+00
  -0.1435D+02   0.7394D+01  -0.3154D+02   0.4397D+01   0.3475D+01  -0.5356D+01  -0.3694D+02  -0.5065D+00  -0.1435D+02   0.7394D+01  -0.3154D+02   0.4397D+01
   0.4737D+00  -0.6281D-02   0.8581D-01  -0.3039D-02   0.5355D-01  -0.2683D-01   0.1952D+00   0.0000D+00   0.5384D-01   0.3517D-02   0.7010D-02   0.1151D-01   0.4737D+00  -0.6281D-02   0.8581D-01  -0.3039D-02   0.5355D-01  -0.2683D-01
  -0.8897D-04  -0.2615D-02  -0.1616D-02  -0.5763D-02  -0.8897D-04  -0.2615D-02  -0.1616D-02  -0.5763D-02
  2.000  2.000
  -0.1967D+02   0.0000D+00  -0.3744D+02   0.0000D+00   0.0000D+00   0.0000D+00  -0.3946D+02   0.0000D+00  -0.1967D+02   0.0000D+00  -0.3744D+02   0.0000D+00
   0.2370D+00   0.0000D+00   0.4299D-01   0.0000D+00   0.4255D-01   0.0000D+00   0.1036D+00   0.0000D+00   0.2302D-01   0.0000D+00   0.0000D+00   0.0000D+00   0.2370D+00   0.0000D+00   0.4299D-01   0.0000D+00   0.4255D-01   0.0000D+00
   0.0000D+00   0.0000D+00   0.0000D+00   0.0000D+00   0.0000D+00   0.0000D+00   0.0000D+00   0.0000D+00
  -0.1599D+02   0.5955D+01  -0.3354D+02   0.3541D+01   0.2776D+01  -0.4313D+01  -0.3830D+02  -0.4079D+00  -0.1599D+02   0.5955D+01  -0.3354D+02   0.3541D+01
   0.6337D+00  -0.5637D-02   0.1136D+00  -0.2727D-02   0.1014D+00  -0.2408D-01   0.2311D+00   0.0000D+00   0.6434D-01   0.3156D-02   0.8534D-02   0.1033D-01   0.6337D+00  -0.5637D-02   0.1136D+00  -0.2727D-02   0.1014D+00  -0.2408D-01
  -0.7979D-04  -0.2346D-02  -0.1450D-02  -0.5172D-02  -0.7979D-04  -0.2346D-02  -0.1450D-02  -0.5172D-02
