 LHC=           1 sqrts=   8000.0000000000000      ang=           4 mode=fital                                                                                               scalescheme=           1 R=  0.69999999999999996     
 CT10nlo_rand5678                                                                                             100
 Bin information: chid, chiu, md, mu, mu0
   0.0000000000000000       0.50000000000000000        153.00000000000000        174.00000000000000        163.50000000000000     
 9 scales(muf, mur)*(LO(38), NLO(38))
  0.500  0.500
  -0.6163D+01   0.0000D+00  -0.9174D+01   0.0000D+00   0.0000D+00   0.0000D+00  -0.9430D+01   0.0000D+00  -0.6163D+01   0.0000D+00  -0.9174D+01   0.0000D+00
   0.5585D+00   0.0000D+00   0.1026D+00   0.0000D+00   0.1273D+00   0.0000D+00   0.2380D+00   0.0000D+00   0.5289D-01   0.0000D+00   0.0000D+00   0.0000D+00   0.5585D+00   0.0000D+00   0.1026D+00   0.0000D+00   0.1273D+00   0.0000D+00
   0.0000D+00   0.0000D+00   0.0000D+00   0.0000D+00   0.0000D+00   0.0000D+00   0.0000D+00   0.0000D+00
  -0.4215D+01   0.1532D+01  -0.7624D+01   0.9138D+00   0.7473D+00  -0.1081D+01  -0.8555D+01  -0.8256D-01  -0.4215D+01   0.1532D+01  -0.7624D+01   0.9138D+00
   0.7515D+00  -0.1782D-01   0.1384D+00  -0.7628D-02   0.1177D+00  -0.6022D-01   0.3035D+00   0.0000D+00   0.7798D-01   0.7389D-02   0.1435D-02   0.2418D-01   0.7515D+00  -0.1782D-01   0.1384D+00  -0.7628D-02   0.1177D+00  -0.6022D-01
  -0.8789D-03  -0.6657D-02  -0.4259D-02  -0.1272D-01  -0.8789D-03  -0.6657D-02  -0.4259D-02  -0.1272D-01
  0.500  1.000
  -0.5573D+01   0.0000D+00  -0.8296D+01   0.0000D+00   0.0000D+00   0.0000D+00  -0.8527D+01   0.0000D+00  -0.5573D+01   0.0000D+00  -0.8296D+01   0.0000D+00
   0.5585D+00   0.0000D+00   0.1026D+00   0.0000D+00   0.1273D+00   0.0000D+00   0.2380D+00   0.0000D+00   0.5289D-01   0.0000D+00   0.0000D+00   0.0000D+00   0.5585D+00   0.0000D+00   0.1026D+00   0.0000D+00   0.1273D+00   0.0000D+00
   0.0000D+00   0.0000D+00   0.0000D+00   0.0000D+00   0.0000D+00   0.0000D+00   0.0000D+00   0.0000D+00
  -0.4496D+01   0.1253D+01  -0.7795D+01   0.7471D+00   0.6107D+00  -0.8841D+00  -0.8600D+01  -0.6750D-01  -0.4496D+01   0.1253D+01  -0.7795D+01   0.7471D+00
   0.7343D+00  -0.1612D-01   0.1352D+00  -0.6897D-02   0.1190D+00  -0.5445D-01   0.2976D+00   0.0000D+00   0.7568D-01   0.6681D-02   0.1314D-02   0.2187D-01   0.7343D+00  -0.1612D-01   0.1352D+00  -0.6897D-02   0.1190D+00  -0.5445D-01
  -0.7946D-03  -0.6019D-02  -0.3851D-02  -0.1150D-01  -0.7946D-03  -0.6019D-02  -0.3851D-02  -0.1150D-01
  0.500  2.000
  -0.5086D+01   0.0000D+00  -0.7571D+01   0.0000D+00   0.0000D+00   0.0000D+00  -0.7782D+01   0.0000D+00  -0.5086D+01   0.0000D+00  -0.7571D+01   0.0000D+00
   0.5585D+00   0.0000D+00   0.1026D+00   0.0000D+00   0.1273D+00   0.0000D+00   0.2380D+00   0.0000D+00   0.5289D-01   0.0000D+00   0.0000D+00   0.0000D+00   0.5585D+00   0.0000D+00   0.1026D+00   0.0000D+00   0.1273D+00   0.0000D+00
   0.0000D+00   0.0000D+00   0.0000D+00   0.0000D+00   0.0000D+00   0.0000D+00   0.0000D+00   0.0000D+00
  -0.4619D+01   0.1044D+01  -0.7793D+01   0.6222D+00   0.5085D+00  -0.7364D+00  -0.8499D+01  -0.5621D-01  -0.4619D+01   0.1044D+01  -0.7793D+01   0.6222D+00
   0.7199D+00  -0.1471D-01   0.1326D+00  -0.6295D-02   0.1199D+00  -0.4970D-01   0.2927D+00   0.0000D+00   0.7377D-01   0.6098D-02   0.1212D-02   0.1996D-01   0.7199D+00  -0.1471D-01   0.1326D+00  -0.6295D-02   0.1199D+00  -0.4970D-01
  -0.7251D-03  -0.5493D-02  -0.3514D-02  -0.1050D-01  -0.7251D-03  -0.5493D-02  -0.3514D-02  -0.1050D-01
  1.000  0.500
  -0.6156D+01   0.0000D+00  -0.9257D+01   0.0000D+00   0.0000D+00   0.0000D+00  -0.9539D+01   0.0000D+00  -0.6156D+01   0.0000D+00  -0.9257D+01   0.0000D+00
   0.5579D+00   0.0000D+00   0.1033D+00   0.0000D+00   0.1261D+00   0.0000D+00   0.2382D+00   0.0000D+00   0.5294D-01   0.0000D+00   0.0000D+00   0.0000D+00   0.5579D+00   0.0000D+00   0.1033D+00   0.0000D+00   0.1261D+00   0.0000D+00
   0.0000D+00   0.0000D+00   0.0000D+00   0.0000D+00   0.0000D+00   0.0000D+00   0.0000D+00   0.0000D+00
  -0.4198D+01   0.1542D+01  -0.7587D+01   0.9243D+00   0.7281D+00  -0.1093D+01  -0.8623D+01  -0.8161D-01  -0.4198D+01   0.1542D+01  -0.7587D+01   0.9243D+00
   0.7249D+00  -0.1768D-01   0.1350D+00  -0.7624D-02   0.1124D+00  -0.6000D-01   0.2973D+00   0.0000D+00   0.7596D-01   0.7426D-02   0.1399D-02   0.2430D-01   0.7249D+00  -0.1768D-01   0.1350D+00  -0.7624D-02   0.1124D+00  -0.6000D-01
  -0.8886D-03  -0.6779D-02  -0.4323D-02  -0.1290D-01  -0.8886D-03  -0.6779D-02  -0.4323D-02  -0.1290D-01
  1.000  1.000
  -0.5566D+01   0.0000D+00  -0.8370D+01   0.0000D+00   0.0000D+00   0.0000D+00  -0.8625D+01   0.0000D+00  -0.5566D+01   0.0000D+00  -0.8370D+01   0.0000D+00
   0.5579D+00   0.0000D+00   0.1033D+00   0.0000D+00   0.1261D+00   0.0000D+00   0.2382D+00   0.0000D+00   0.5294D-01   0.0000D+00   0.0000D+00   0.0000D+00   0.5579D+00   0.0000D+00   0.1033D+00   0.0000D+00   0.1261D+00   0.0000D+00
   0.0000D+00   0.0000D+00   0.0000D+00   0.0000D+00   0.0000D+00   0.0000D+00   0.0000D+00   0.0000D+00
  -0.4481D+01   0.1261D+01  -0.7779D+01   0.7557D+00   0.5950D+00  -0.8934D+00  -0.8673D+01  -0.6672D-01  -0.4481D+01   0.1261D+01  -0.7779D+01   0.7557D+00
   0.7101D+00  -0.1599D-01   0.1322D+00  -0.6894D-02   0.1140D+00  -0.5425D-01   0.2920D+00   0.0000D+00   0.7385D-01   0.6715D-02   0.1281D-02   0.2198D-01   0.7101D+00  -0.1599D-01   0.1322D+00  -0.6894D-02   0.1140D+00  -0.5425D-01
  -0.8034D-03  -0.6130D-02  -0.3909D-02  -0.1167D-01  -0.8034D-03  -0.6130D-02  -0.3909D-02  -0.1167D-01
  1.000  2.000
  -0.5080D+01   0.0000D+00  -0.7638D+01   0.0000D+00   0.0000D+00   0.0000D+00  -0.7871D+01   0.0000D+00  -0.5080D+01   0.0000D+00  -0.7638D+01   0.0000D+00
   0.5579D+00   0.0000D+00   0.1033D+00   0.0000D+00   0.1261D+00   0.0000D+00   0.2382D+00   0.0000D+00   0.5294D-01   0.0000D+00   0.0000D+00   0.0000D+00   0.5579D+00   0.0000D+00   0.1033D+00   0.0000D+00   0.1261D+00   0.0000D+00
   0.0000D+00   0.0000D+00   0.0000D+00   0.0000D+00   0.0000D+00   0.0000D+00   0.0000D+00   0.0000D+00
  -0.4604D+01   0.1050D+01  -0.7790D+01   0.6294D+00   0.4954D+00  -0.7441D+00  -0.8576D+01  -0.5557D-01  -0.4604D+01   0.1050D+01  -0.7790D+01   0.6294D+00
   0.6978D+00  -0.1459D-01   0.1298D+00  -0.6291D-02   0.1153D+00  -0.4951D-01   0.2876D+00   0.0000D+00   0.7210D-01   0.6128D-02   0.1182D-02   0.2006D-01   0.6978D+00  -0.1459D-01   0.1298D+00  -0.6291D-02   0.1153D+00  -0.4951D-01
  -0.7331D-03  -0.5594D-02  -0.3567D-02  -0.1065D-01  -0.7331D-03  -0.5594D-02  -0.3567D-02  -0.1065D-01
  2.000  0.500
  -0.6076D+01   0.0000D+00  -0.9262D+01   0.0000D+00   0.0000D+00   0.0000D+00  -0.9505D+01   0.0000D+00  -0.6076D+01   0.0000D+00  -0.9262D+01   0.0000D+00
   0.5589D+00   0.0000D+00   0.1027D+00   0.0000D+00   0.1240D+00   0.0000D+00   0.2359D+00   0.0000D+00   0.5241D-01   0.0000D+00   0.0000D+00   0.0000D+00   0.5589D+00   0.0000D+00   0.1027D+00   0.0000D+00   0.1240D+00   0.0000D+00
   0.0000D+00   0.0000D+00   0.0000D+00   0.0000D+00   0.0000D+00   0.0000D+00   0.0000D+00   0.0000D+00
  -0.4201D+01   0.1543D+01  -0.7740D+01   0.9239D+00   0.7547D+00  -0.1091D+01  -0.8671D+01  -0.8058D-01  -0.4201D+01   0.1543D+01  -0.7740D+01   0.9239D+00
   0.6828D+00  -0.1742D-01   0.1276D+00  -0.7549D-02   0.1001D+00  -0.6000D-01   0.2839D+00   0.0000D+00   0.7224D-01   0.7376D-02   0.1060D-02   0.2414D-01   0.6828D+00  -0.1742D-01   0.1276D+00  -0.7549D-02   0.1001D+00  -0.6000D-01
  -0.8905D-03  -0.6651D-02  -0.4368D-02  -0.1275D-01  -0.8905D-03  -0.6651D-02  -0.4368D-02  -0.1275D-01
  2.000  1.000
  -0.5494D+01   0.0000D+00  -0.8375D+01   0.0000D+00   0.0000D+00   0.0000D+00  -0.8595D+01   0.0000D+00  -0.5494D+01   0.0000D+00  -0.8375D+01   0.0000D+00
   0.5589D+00   0.0000D+00   0.1027D+00   0.0000D+00   0.1240D+00   0.0000D+00   0.2359D+00   0.0000D+00   0.5241D-01   0.0000D+00   0.0000D+00   0.0000D+00   0.5589D+00   0.0000D+00   0.1027D+00   0.0000D+00   0.1240D+00   0.0000D+00
   0.0000D+00   0.0000D+00   0.0000D+00   0.0000D+00   0.0000D+00   0.0000D+00   0.0000D+00   0.0000D+00
  -0.4502D+01   0.1261D+01  -0.7939D+01   0.7554D+00   0.6171D+00  -0.8923D+00  -0.8733D+01  -0.6588D-01  -0.4502D+01   0.1261D+01  -0.7939D+01   0.7554D+00
   0.6993D+00  -0.1575D-01   0.1299D+00  -0.6826D-02   0.1102D+00  -0.5426D-01   0.2854D+00   0.0000D+00   0.7214D-01   0.6670D-02   0.1069D-02   0.2183D-01   0.6993D+00  -0.1575D-01   0.1299D+00  -0.6826D-02   0.1102D+00  -0.5426D-01
  -0.8052D-03  -0.6014D-02  -0.3950D-02  -0.1153D-01  -0.8052D-03  -0.6014D-02  -0.3950D-02  -0.1153D-01
  2.000  2.000
  -0.5014D+01   0.0000D+00  -0.7643D+01   0.0000D+00   0.0000D+00   0.0000D+00  -0.7844D+01   0.0000D+00  -0.5014D+01   0.0000D+00  -0.7643D+01   0.0000D+00
   0.5589D+00   0.0000D+00   0.1027D+00   0.0000D+00   0.1240D+00   0.0000D+00   0.2359D+00   0.0000D+00   0.5241D-01   0.0000D+00   0.0000D+00   0.0000D+00   0.5589D+00   0.0000D+00   0.1027D+00   0.0000D+00   0.1240D+00   0.0000D+00
   0.0000D+00   0.0000D+00   0.0000D+00   0.0000D+00   0.0000D+00   0.0000D+00   0.0000D+00   0.0000D+00
  -0.4611D+01   0.1051D+01  -0.7925D+01   0.6292D+00   0.5138D+00  -0.7431D+00  -0.8620D+01  -0.5487D-01  -0.4611D+01   0.1051D+01  -0.7925D+01   0.6292D+00
   0.6881D+00  -0.1438D-01   0.1277D+00  -0.6230D-02   0.1117D+00  -0.4952D-01   0.2813D+00   0.0000D+00   0.7050D-01   0.6088D-02   0.9864D-03   0.1992D-01   0.6881D+00  -0.1438D-01   0.1277D+00  -0.6230D-02   0.1117D+00  -0.4952D-01
  -0.7348D-03  -0.5489D-02  -0.3605D-02  -0.1052D-01  -0.7348D-03  -0.5489D-02  -0.3605D-02  -0.1052D-01
