 LHC=           1 sqrts=   8000.0000000000000      ang=           4 mode=fital                                                                                               scalescheme=           1 R=  0.69999999999999996     
 NNPDF23_nlo_as_0118                                                                                           19
 Bin information: chid, chiu, md, mu, mu0
   0.0000000000000000       0.50000000000000000        133.00000000000000        153.00000000000000        143.00000000000000     
 9 scales(muf, mur)*(LO(38), NLO(38))
  0.500  0.500
  -0.7714D+01   0.0000D+00  -0.1157D+02   0.0000D+00   0.0000D+00   0.0000D+00  -0.1199D+02   0.0000D+00  -0.7714D+01   0.0000D+00  -0.1157D+02   0.0000D+00
   0.5220D+00   0.0000D+00   0.9698D-01   0.0000D+00   0.1178D+00   0.0000D+00   0.2251D+00   0.0000D+00   0.5002D-01   0.0000D+00   0.0000D+00   0.0000D+00   0.5220D+00   0.0000D+00   0.9698D-01   0.0000D+00   0.1178D+00   0.0000D+00
   0.0000D+00   0.0000D+00   0.0000D+00   0.0000D+00   0.0000D+00   0.0000D+00   0.0000D+00   0.0000D+00
  -0.5293D+01   0.1964D+01  -0.9439D+01   0.1185D+01   0.9382D+00  -0.1406D+01  -0.1069D+02  -0.1109D+00  -0.5293D+01   0.1964D+01  -0.9439D+01   0.1185D+01
   0.7617D+00  -0.1675D-01   0.1410D+00  -0.7269D-02   0.1213D+00  -0.5765D-01   0.3082D+00   0.0000D+00   0.7915D-01   0.7216D-02   0.1789D-02   0.2362D-01   0.7617D+00  -0.1675D-01   0.1410D+00  -0.7269D-02   0.1213D+00  -0.5765D-01
  -0.7509D-03  -0.6505D-02  -0.3991D-02  -0.1238D-01  -0.7509D-03  -0.6505D-02  -0.3991D-02  -0.1238D-01
  0.500  1.000
  -0.6958D+01   0.0000D+00  -0.1043D+02   0.0000D+00   0.0000D+00   0.0000D+00  -0.1081D+02   0.0000D+00  -0.6958D+01   0.0000D+00  -0.1043D+02   0.0000D+00
   0.5220D+00   0.0000D+00   0.9698D-01   0.0000D+00   0.1178D+00   0.0000D+00   0.2251D+00   0.0000D+00   0.5002D-01   0.0000D+00   0.0000D+00   0.0000D+00   0.5220D+00   0.0000D+00   0.9698D-01   0.0000D+00   0.1178D+00   0.0000D+00
   0.0000D+00   0.0000D+00   0.0000D+00   0.0000D+00   0.0000D+00   0.0000D+00   0.0000D+00   0.0000D+00
  -0.5648D+01   0.1598D+01  -0.9690D+01   0.9641D+00   0.7631D+00  -0.1144D+01  -0.1078D+02  -0.9025D-01  -0.5648D+01   0.1598D+01  -0.9690D+01   0.9641D+00
   0.7405D+00  -0.1511D-01   0.1371D+00  -0.6557D-02   0.1215D+00  -0.5200D-01   0.3008D+00   0.0000D+00   0.7649D-01   0.6510D-02   0.1646D-02   0.2131D-01   0.7405D+00  -0.1511D-01   0.1371D+00  -0.6557D-02   0.1215D+00  -0.5200D-01
  -0.6773D-03  -0.5868D-02  -0.3600D-02  -0.1117D-01  -0.6773D-03  -0.5868D-02  -0.3600D-02  -0.1117D-01
  0.500  2.000
  -0.6379D+01   0.0000D+00  -0.9566D+01   0.0000D+00   0.0000D+00   0.0000D+00  -0.9914D+01   0.0000D+00  -0.6379D+01   0.0000D+00  -0.9566D+01   0.0000D+00
   0.5220D+00   0.0000D+00   0.9698D-01   0.0000D+00   0.1178D+00   0.0000D+00   0.2251D+00   0.0000D+00   0.5002D-01   0.0000D+00   0.0000D+00   0.0000D+00   0.5220D+00   0.0000D+00   0.9698D-01   0.0000D+00   0.1178D+00   0.0000D+00
   0.0000D+00   0.0000D+00   0.0000D+00   0.0000D+00   0.0000D+00   0.0000D+00   0.0000D+00   0.0000D+00
  -0.5830D+01   0.1343D+01  -0.9769D+01   0.8102D+00   0.6410D+00  -0.9616D+00  -0.1074D+02  -0.7583D-01  -0.5830D+01   0.1343D+01  -0.9769D+01   0.8102D+00
   0.7237D+00  -0.1385D-01   0.1340D+00  -0.6011D-02   0.1215D+00  -0.4767D-01   0.2949D+00   0.0000D+00   0.7440D-01   0.5968D-02   0.1528D-02   0.1953D-01   0.7237D+00  -0.1385D-01   0.1340D+00  -0.6011D-02   0.1215D+00  -0.4767D-01
  -0.6207D-03  -0.5380D-02  -0.3300D-02  -0.1024D-01  -0.6207D-03  -0.5380D-02  -0.3300D-02  -0.1024D-01
  1.000  0.500
  -0.7740D+01   0.0000D+00  -0.1182D+02   0.0000D+00   0.0000D+00   0.0000D+00  -0.1221D+02   0.0000D+00  -0.7740D+01   0.0000D+00  -0.1182D+02   0.0000D+00
   0.5318D+00   0.0000D+00   0.9824D-01   0.0000D+00   0.1180D+00   0.0000D+00   0.2268D+00   0.0000D+00   0.5039D-01   0.0000D+00   0.0000D+00   0.0000D+00   0.5318D+00   0.0000D+00   0.9824D-01   0.0000D+00   0.1180D+00   0.0000D+00
   0.0000D+00   0.0000D+00   0.0000D+00   0.0000D+00   0.0000D+00   0.0000D+00   0.0000D+00   0.0000D+00
  -0.5236D+01   0.2017D+01  -0.9383D+01   0.1209D+01   0.9660D+00  -0.1430D+01  -0.1061D+02  -0.1123D+00  -0.5236D+01   0.2017D+01  -0.9383D+01   0.1209D+01
   0.7435D+00  -0.1687D-01   0.1365D+00  -0.7347D-02   0.1135D+00  -0.5892D-01   0.3008D+00   0.0000D+00   0.7718D-01   0.7192D-02   0.2162D-02   0.2354D-01   0.7435D+00  -0.1687D-01   0.1365D+00  -0.7347D-02   0.1135D+00  -0.5892D-01
  -0.7826D-03  -0.6350D-02  -0.4109D-02  -0.1250D-01  -0.7826D-03  -0.6350D-02  -0.4109D-02  -0.1250D-01
  1.000  1.000
  -0.6982D+01   0.0000D+00  -0.1066D+02   0.0000D+00   0.0000D+00   0.0000D+00  -0.1102D+02   0.0000D+00  -0.6982D+01   0.0000D+00  -0.1066D+02   0.0000D+00
   0.5318D+00   0.0000D+00   0.9824D-01   0.0000D+00   0.1180D+00   0.0000D+00   0.2268D+00   0.0000D+00   0.5039D-01   0.0000D+00   0.0000D+00   0.0000D+00   0.5318D+00   0.0000D+00   0.9824D-01   0.0000D+00   0.1180D+00   0.0000D+00
   0.0000D+00   0.0000D+00   0.0000D+00   0.0000D+00   0.0000D+00   0.0000D+00   0.0000D+00   0.0000D+00
  -0.5603D+01   0.1642D+01  -0.9686D+01   0.9838D+00   0.7855D+00  -0.1163D+01  -0.1075D+02  -0.9138D-01  -0.5603D+01   0.1642D+01  -0.9686D+01   0.9838D+00
   0.7221D+00  -0.1521D-01   0.1327D+00  -0.6628D-02   0.1136D+00  -0.5315D-01   0.2937D+00   0.0000D+00   0.7458D-01   0.6488D-02   0.1990D-02   0.2123D-01   0.7221D+00  -0.1521D-01   0.1327D+00  -0.6628D-02   0.1136D+00  -0.5315D-01
  -0.7058D-03  -0.5728D-02  -0.3706D-02  -0.1127D-01  -0.7058D-03  -0.5728D-02  -0.3706D-02  -0.1127D-01
  1.000  2.000
  -0.6400D+01   0.0000D+00  -0.9775D+01   0.0000D+00   0.0000D+00   0.0000D+00  -0.1010D+02   0.0000D+00  -0.6400D+01   0.0000D+00  -0.9775D+01   0.0000D+00
   0.5318D+00   0.0000D+00   0.9824D-01   0.0000D+00   0.1180D+00   0.0000D+00   0.2268D+00   0.0000D+00   0.5039D-01   0.0000D+00   0.0000D+00   0.0000D+00   0.5318D+00   0.0000D+00   0.9824D-01   0.0000D+00   0.1180D+00   0.0000D+00
   0.0000D+00   0.0000D+00   0.0000D+00   0.0000D+00   0.0000D+00   0.0000D+00   0.0000D+00   0.0000D+00
  -0.5796D+01   0.1379D+01  -0.9801D+01   0.8267D+00   0.6597D+00  -0.9775D+00  -0.1075D+02  -0.7679D-01  -0.5796D+01   0.1379D+01  -0.9801D+01   0.8267D+00
   0.7079D+00  -0.1395D-01   0.1301D+00  -0.6076D-02   0.1143D+00  -0.4873D-01   0.2886D+00   0.0000D+00   0.7270D-01   0.5948D-02   0.1841D-02   0.1947D-01   0.7079D+00  -0.1395D-01   0.1301D+00  -0.6076D-02   0.1143D+00  -0.4873D-01
  -0.6469D-03  -0.5252D-02  -0.3397D-02  -0.1033D-01  -0.6469D-03  -0.5252D-02  -0.3397D-02  -0.1033D-01
  2.000  0.500
  -0.7709D+01   0.0000D+00  -0.1194D+02   0.0000D+00   0.0000D+00   0.0000D+00  -0.1244D+02   0.0000D+00  -0.7709D+01   0.0000D+00  -0.1194D+02   0.0000D+00
   0.5387D+00   0.0000D+00   0.9959D-01   0.0000D+00   0.1181D+00   0.0000D+00   0.2319D+00   0.0000D+00   0.5154D-01   0.0000D+00   0.0000D+00   0.0000D+00   0.5387D+00   0.0000D+00   0.9959D-01   0.0000D+00   0.1181D+00   0.0000D+00
   0.0000D+00   0.0000D+00   0.0000D+00   0.0000D+00   0.0000D+00   0.0000D+00   0.0000D+00   0.0000D+00
  -0.5204D+01   0.2034D+01  -0.9460D+01   0.1213D+01   0.9589D+00  -0.1453D+01  -0.1100D+02  -0.1129D+00  -0.5204D+01   0.2034D+01  -0.9460D+01   0.1213D+01
   0.7218D+00  -0.1682D-01   0.1339D+00  -0.7430D-02   0.1079D+00  -0.5955D-01   0.2958D+00   0.0000D+00   0.7592D-01   0.7355D-02   0.1912D-02   0.2407D-01   0.7218D+00  -0.1682D-01   0.1339D+00  -0.7430D-02   0.1079D+00  -0.5955D-01
  -0.7945D-03  -0.6411D-02  -0.4199D-02  -0.1264D-01  -0.7945D-03  -0.6411D-02  -0.4199D-02  -0.1264D-01
  2.000  1.000
  -0.6954D+01   0.0000D+00  -0.1077D+02   0.0000D+00   0.0000D+00   0.0000D+00  -0.1122D+02   0.0000D+00  -0.6954D+01   0.0000D+00  -0.1077D+02   0.0000D+00
   0.5387D+00   0.0000D+00   0.9959D-01   0.0000D+00   0.1181D+00   0.0000D+00   0.2319D+00   0.0000D+00   0.5154D-01   0.0000D+00   0.0000D+00   0.0000D+00   0.5387D+00   0.0000D+00   0.9959D-01   0.0000D+00   0.1181D+00   0.0000D+00
   0.0000D+00   0.0000D+00   0.0000D+00   0.0000D+00   0.0000D+00   0.0000D+00   0.0000D+00   0.0000D+00
  -0.5596D+01   0.1655D+01  -0.9795D+01   0.9868D+00   0.7799D+00  -0.1182D+01  -0.1113D+02  -0.9186D-01  -0.5596D+01   0.1655D+01  -0.9795D+01   0.9868D+00
   0.7217D+00  -0.1518D-01   0.1336D+00  -0.6703D-02   0.1143D+00  -0.5372D-01   0.2935D+00   0.0000D+00   0.7470D-01   0.6635D-02   0.1780D-02   0.2171D-01   0.7217D+00  -0.1518D-01   0.1336D+00  -0.6703D-02   0.1143D+00  -0.5372D-01
  -0.7166D-03  -0.5784D-02  -0.3788D-02  -0.1140D-01  -0.7166D-03  -0.5784D-02  -0.3788D-02  -0.1140D-01
  2.000  2.000
  -0.6375D+01   0.0000D+00  -0.9877D+01   0.0000D+00   0.0000D+00   0.0000D+00  -0.1029D+02   0.0000D+00  -0.6375D+01   0.0000D+00  -0.9877D+01   0.0000D+00
   0.5387D+00   0.0000D+00   0.9959D-01   0.0000D+00   0.1181D+00   0.0000D+00   0.2319D+00   0.0000D+00   0.5154D-01   0.0000D+00   0.0000D+00   0.0000D+00   0.5387D+00   0.0000D+00   0.9959D-01   0.0000D+00   0.1181D+00   0.0000D+00
   0.0000D+00   0.0000D+00   0.0000D+00   0.0000D+00   0.0000D+00   0.0000D+00   0.0000D+00   0.0000D+00
  -0.5767D+01   0.1390D+01  -0.9890D+01   0.8292D+00   0.6548D+00  -0.9934D+00  -0.1108D+02  -0.7719D-01  -0.5767D+01   0.1390D+01  -0.9890D+01   0.8292D+00
   0.6931D+00  -0.1391D-01   0.1285D+00  -0.6145D-02   0.1104D+00  -0.4925D-01   0.2856D+00   0.0000D+00   0.7196D-01   0.6083D-02   0.1622D-02   0.1991D-01   0.6931D+00  -0.1391D-01   0.1285D+00  -0.6145D-02   0.1104D+00  -0.4925D-01
  -0.6567D-03  -0.5302D-02  -0.3472D-02  -0.1045D-01  -0.6567D-03  -0.5302D-02  -0.3472D-02  -0.1045D-01
