 LHC=           1 sqrts=   8000.0000000000000      ang=           4 mode=fital                                                                                               scalescheme=           1 R=  0.69999999999999996     
 CT10nlo_rand5678                                                                                             182
 Bin information: chid, chiu, md, mu, mu0
   0.0000000000000000       0.50000000000000000        790.00000000000000        846.00000000000000        818.00000000000000     
 9 scales(muf, mur)*(LO(38), NLO(38))
  0.500  0.500
  -0.2707D+00   0.0000D+00  -0.2088D+00   0.0000D+00   0.0000D+00   0.0000D+00  -0.1334D+00   0.0000D+00  -0.2707D+00   0.0000D+00  -0.2088D+00   0.0000D+00
   0.4162D+00   0.0000D+00   0.6631D-01   0.0000D+00   0.1571D+00   0.0000D+00   0.9637D-01   0.0000D+00   0.2141D-01   0.0000D+00   0.0000D+00   0.0000D+00   0.4162D+00   0.0000D+00   0.6631D-01   0.0000D+00   0.1571D+00   0.0000D+00
   0.0000D+00   0.0000D+00   0.0000D+00   0.0000D+00   0.0000D+00   0.0000D+00   0.0000D+00   0.0000D+00
  -0.2142D+00   0.2616D-01  -0.1815D+00   0.1540D-01   0.1587D-01  -0.1227D-01  -0.1205D+00   0.3187D-02  -0.2142D+00   0.2616D-01  -0.1815D+00   0.1540D-01
   0.3250D+00  -0.1765D-01   0.5346D-01  -0.5459D-02   0.8783D-01  -0.3458D-01   0.8333D-01   0.0000D+00   0.2091D-01   0.2408D-02  -0.2578D-02   0.7879D-02   0.3250D+00  -0.1765D-01   0.5346D-01  -0.5459D-02   0.8783D-01  -0.3458D-01
  -0.1706D-02  -0.4892D-02  -0.2404D-02  -0.5437D-02  -0.1706D-02  -0.4892D-02  -0.2404D-02  -0.5437D-02
  0.500  1.000
  -0.2496D+00   0.0000D+00  -0.1925D+00   0.0000D+00   0.0000D+00   0.0000D+00  -0.1230D+00   0.0000D+00  -0.2496D+00   0.0000D+00  -0.1925D+00   0.0000D+00
   0.4162D+00   0.0000D+00   0.6631D-01   0.0000D+00   0.1571D+00   0.0000D+00   0.9637D-01   0.0000D+00   0.2141D-01   0.0000D+00   0.0000D+00   0.0000D+00   0.4162D+00   0.0000D+00   0.6631D-01   0.0000D+00   0.1571D+00   0.0000D+00
   0.0000D+00   0.0000D+00   0.0000D+00   0.0000D+00   0.0000D+00   0.0000D+00   0.0000D+00   0.0000D+00
  -0.2204D+00   0.2224D-01  -0.1838D+00   0.1309D-01   0.1349D-01  -0.1043D-01  -0.1213D+00   0.2710D-02  -0.2204D+00   0.2224D-01  -0.1838D+00   0.1309D-01
   0.3322D+00  -0.1627D-01   0.5447D-01  -0.5034D-02   0.9325D-01  -0.3189D-01   0.8436D-01   0.0000D+00   0.2095D-01   0.2220D-02  -0.2377D-02   0.7265D-02   0.3322D+00  -0.1627D-01   0.5447D-01  -0.5034D-02   0.9325D-01  -0.3189D-01
  -0.1573D-02  -0.4511D-02  -0.2217D-02  -0.5013D-02  -0.1573D-02  -0.4511D-02  -0.2217D-02  -0.5013D-02
  0.500  2.000
  -0.2316D+00   0.0000D+00  -0.1787D+00   0.0000D+00   0.0000D+00   0.0000D+00  -0.1142D+00   0.0000D+00  -0.2316D+00   0.0000D+00  -0.1787D+00   0.0000D+00
   0.4162D+00   0.0000D+00   0.6631D-01   0.0000D+00   0.1571D+00   0.0000D+00   0.9637D-01   0.0000D+00   0.2141D-01   0.0000D+00   0.0000D+00   0.0000D+00   0.4162D+00   0.0000D+00   0.6631D-01   0.0000D+00   0.1571D+00   0.0000D+00
   0.0000D+00   0.0000D+00   0.0000D+00   0.0000D+00   0.0000D+00   0.0000D+00   0.0000D+00   0.0000D+00
  -0.2227D+00   0.1915D-01  -0.1836D+00   0.1127D-01   0.1162D-01  -0.8983D-02  -0.1207D+00   0.2333D-02  -0.2227D+00   0.1915D-01  -0.1836D+00   0.1127D-01
   0.3383D+00  -0.1510D-01   0.5533D-01  -0.4671D-02   0.9787D-01  -0.2959D-01   0.8523D-01   0.0000D+00   0.2099D-01   0.2060D-02  -0.2206D-02   0.6741D-02   0.3383D+00  -0.1510D-01   0.5533D-01  -0.4671D-02   0.9787D-01  -0.2959D-01
  -0.1460D-02  -0.4186D-02  -0.2057D-02  -0.4652D-02  -0.1460D-02  -0.4186D-02  -0.2057D-02  -0.4652D-02
  1.000  0.500
  -0.2459D+00   0.0000D+00  -0.1891D+00   0.0000D+00   0.0000D+00   0.0000D+00  -0.1208D+00   0.0000D+00  -0.2459D+00   0.0000D+00  -0.1891D+00   0.0000D+00
   0.3772D+00   0.0000D+00   0.6002D-01   0.0000D+00   0.1427D+00   0.0000D+00   0.8713D-01   0.0000D+00   0.1936D-01   0.0000D+00   0.0000D+00   0.0000D+00   0.3772D+00   0.0000D+00   0.6002D-01   0.0000D+00   0.1427D+00   0.0000D+00
   0.0000D+00   0.0000D+00   0.0000D+00   0.0000D+00   0.0000D+00   0.0000D+00   0.0000D+00   0.0000D+00
  -0.2174D+00   0.2376D-01  -0.1824D+00   0.1397D-01   0.1434D-01  -0.1111D-01  -0.1209D+00   0.2904D-02  -0.2174D+00   0.2376D-01  -0.1824D+00   0.1397D-01
   0.3306D+00  -0.1604D-01   0.5419D-01  -0.4947D-02   0.9324D-01  -0.3127D-01   0.8388D-01   0.0000D+00   0.2075D-01   0.2177D-02  -0.2305D-02   0.7124D-02   0.3306D+00  -0.1604D-01   0.5419D-01  -0.4947D-02   0.9324D-01  -0.3127D-01
  -0.1552D-02  -0.4422D-02  -0.2180D-02  -0.4920D-02  -0.1552D-02  -0.4422D-02  -0.2180D-02  -0.4920D-02
  1.000  1.000
  -0.2268D+00   0.0000D+00  -0.1744D+00   0.0000D+00   0.0000D+00   0.0000D+00  -0.1114D+00   0.0000D+00  -0.2268D+00   0.0000D+00  -0.1744D+00   0.0000D+00
   0.3772D+00   0.0000D+00   0.6002D-01   0.0000D+00   0.1427D+00   0.0000D+00   0.8713D-01   0.0000D+00   0.1936D-01   0.0000D+00   0.0000D+00   0.0000D+00   0.3772D+00   0.0000D+00   0.6002D-01   0.0000D+00   0.1427D+00   0.0000D+00
   0.0000D+00   0.0000D+00   0.0000D+00   0.0000D+00   0.0000D+00   0.0000D+00   0.0000D+00   0.0000D+00
  -0.2196D+00   0.2020D-01  -0.1818D+00   0.1188D-01   0.1219D-01  -0.9444D-02  -0.1199D+00   0.2469D-02  -0.2196D+00   0.2020D-01  -0.1818D+00   0.1188D-01
   0.3343D+00  -0.1479D-01   0.5465D-01  -0.4562D-02   0.9711D-01  -0.2883D-01   0.8415D-01   0.0000D+00   0.2065D-01   0.2007D-02  -0.2126D-02   0.6569D-02   0.3343D+00  -0.1479D-01   0.5465D-01  -0.4562D-02   0.9711D-01  -0.2883D-01
  -0.1431D-02  -0.4078D-02  -0.2010D-02  -0.4537D-02  -0.1431D-02  -0.4078D-02  -0.2010D-02  -0.4537D-02
  1.000  2.000
  -0.2104D+00   0.0000D+00  -0.1618D+00   0.0000D+00   0.0000D+00   0.0000D+00  -0.1034D+00   0.0000D+00  -0.2104D+00   0.0000D+00  -0.1618D+00   0.0000D+00
   0.3772D+00   0.0000D+00   0.6002D-01   0.0000D+00   0.1427D+00   0.0000D+00   0.8713D-01   0.0000D+00   0.1936D-01   0.0000D+00   0.0000D+00   0.0000D+00   0.3772D+00   0.0000D+00   0.6002D-01   0.0000D+00   0.1427D+00   0.0000D+00
   0.0000D+00   0.0000D+00   0.0000D+00   0.0000D+00   0.0000D+00   0.0000D+00   0.0000D+00   0.0000D+00
  -0.2190D+00   0.1740D-01  -0.1795D+00   0.1023D-01   0.1050D-01  -0.8131D-02  -0.1179D+00   0.2126D-02  -0.2190D+00   0.1740D-01  -0.1795D+00   0.1023D-01
   0.3374D+00  -0.1372D-01   0.5505D-01  -0.4233D-02   0.1004D+00  -0.2676D-01   0.8437D-01   0.0000D+00   0.2056D-01   0.1863D-02  -0.1972D-02   0.6096D-02   0.3374D+00  -0.1372D-01   0.5505D-01  -0.4233D-02   0.1004D+00  -0.2676D-01
  -0.1328D-02  -0.3784D-02  -0.1865D-02  -0.4210D-02  -0.1328D-02  -0.3784D-02  -0.1865D-02  -0.4210D-02
  2.000  0.500
  -0.2246D+00   0.0000D+00  -0.1728D+00   0.0000D+00   0.0000D+00   0.0000D+00  -0.1099D+00   0.0000D+00  -0.2246D+00   0.0000D+00  -0.1728D+00   0.0000D+00
   0.3433D+00   0.0000D+00   0.5466D-01   0.0000D+00   0.1301D+00   0.0000D+00   0.7915D-01   0.0000D+00   0.1759D-01   0.0000D+00   0.0000D+00   0.0000D+00   0.3433D+00   0.0000D+00   0.5466D-01   0.0000D+00   0.1301D+00   0.0000D+00
   0.0000D+00   0.0000D+00   0.0000D+00   0.0000D+00   0.0000D+00   0.0000D+00   0.0000D+00   0.0000D+00
  -0.2203D+00   0.2166D-01  -0.1841D+00   0.1273D-01   0.1295D-01  -0.1011D-01  -0.1213D+00   0.2664D-02  -0.2203D+00   0.2166D-01  -0.1841D+00   0.1273D-01
   0.3341D+00  -0.1462D-01   0.5494D-01  -0.4519D-02   0.9735D-01  -0.2846D-01   0.8415D-01   0.0000D+00   0.2066D-01   0.1978D-02  -0.2113D-02   0.6473D-02   0.3341D+00  -0.1462D-01   0.5494D-01  -0.4519D-02   0.9735D-01  -0.2846D-01
  -0.1420D-02  -0.4042D-02  -0.1989D-02  -0.4468D-02  -0.1420D-02  -0.4042D-02  -0.1989D-02  -0.4468D-02
  2.000  1.000
  -0.2071D+00   0.0000D+00  -0.1593D+00   0.0000D+00   0.0000D+00   0.0000D+00  -0.1014D+00   0.0000D+00  -0.2071D+00   0.0000D+00  -0.1593D+00   0.0000D+00
   0.3433D+00   0.0000D+00   0.5466D-01   0.0000D+00   0.1301D+00   0.0000D+00   0.7915D-01   0.0000D+00   0.1759D-01   0.0000D+00   0.0000D+00   0.0000D+00   0.3433D+00   0.0000D+00   0.5466D-01   0.0000D+00   0.1301D+00   0.0000D+00
   0.0000D+00   0.0000D+00   0.0000D+00   0.0000D+00   0.0000D+00   0.0000D+00   0.0000D+00   0.0000D+00
  -0.2191D+00   0.1841D-01  -0.1810D+00   0.1082D-01   0.1101D-01  -0.8598D-02  -0.1186D+00   0.2265D-02  -0.2191D+00   0.1841D-01  -0.1810D+00   0.1082D-01
   0.3349D+00  -0.1348D-01   0.5493D-01  -0.4167D-02   0.9992D-01  -0.2624D-01   0.8377D-01   0.0000D+00   0.2042D-01   0.1824D-02  -0.1949D-02   0.5969D-02   0.3349D+00  -0.1348D-01   0.5493D-01  -0.4167D-02   0.9992D-01  -0.2624D-01
  -0.1309D-02  -0.3727D-02  -0.1834D-02  -0.4120D-02  -0.1309D-02  -0.3727D-02  -0.1834D-02  -0.4120D-02
  2.000  2.000
  -0.1922D+00   0.0000D+00  -0.1479D+00   0.0000D+00   0.0000D+00   0.0000D+00  -0.9406D-01   0.0000D+00  -0.1922D+00   0.0000D+00  -0.1479D+00   0.0000D+00
   0.3433D+00   0.0000D+00   0.5466D-01   0.0000D+00   0.1301D+00   0.0000D+00   0.7915D-01   0.0000D+00   0.1759D-01   0.0000D+00   0.0000D+00   0.0000D+00   0.3433D+00   0.0000D+00   0.5466D-01   0.0000D+00   0.1301D+00   0.0000D+00
   0.0000D+00   0.0000D+00   0.0000D+00   0.0000D+00   0.0000D+00   0.0000D+00   0.0000D+00   0.0000D+00
  -0.2159D+00   0.1585D-01  -0.1768D+00   0.9319D-02   0.9478D-02  -0.7403D-02  -0.1155D+00   0.1950D-02  -0.2159D+00   0.1585D-01  -0.1768D+00   0.9319D-02
   0.3356D+00  -0.1251D-01   0.5492D-01  -0.3866D-02   0.1021D+00  -0.2435D-01   0.8345D-01   0.0000D+00   0.2022D-01   0.1692D-02  -0.1808D-02   0.5538D-02   0.3356D+00  -0.1251D-01   0.5492D-01  -0.3866D-02   0.1021D+00  -0.2435D-01
  -0.1215D-02  -0.3458D-02  -0.1702D-02  -0.3823D-02  -0.1215D-02  -0.3458D-02  -0.1702D-02  -0.3823D-02
