 LHC=           1 sqrts=   8000.0000000000000      ang=           4 mode=fital                                                                                               scalescheme=           1 R=  0.69999999999999996     
 MSTW2008nlo68cl_rand1235                                                                                      60
 Bin information: chid, chiu, md, mu, mu0
   0.0000000000000000       0.50000000000000000        1101.0000000000000        1172.0000000000000        1136.5000000000000     
 9 scales(muf, mur)*(LO(38), NLO(38))
  0.500  0.500
  -0.8345D-01   0.0000D+00  -0.5785D-01   0.0000D+00   0.0000D+00   0.0000D+00  -0.3004D-01   0.0000D+00  -0.8345D-01   0.0000D+00  -0.5785D-01   0.0000D+00
   0.2278D+00   0.0000D+00   0.3491D-01   0.0000D+00   0.9393D-01   0.0000D+00   0.4095D-01   0.0000D+00   0.9101D-02   0.0000D+00   0.0000D+00   0.0000D+00   0.2278D+00   0.0000D+00   0.3491D-01   0.0000D+00   0.9393D-01   0.0000D+00
   0.0000D+00   0.0000D+00   0.0000D+00   0.0000D+00   0.0000D+00   0.0000D+00   0.0000D+00   0.0000D+00
  -0.6805D-01   0.6940D-02  -0.5056D-01   0.4004D-02   0.3741D-02  -0.2695D-02  -0.2642D-01   0.1238D-02  -0.6805D-01   0.6940D-02  -0.5056D-01   0.4004D-02
   0.1700D+00  -0.1030D-01   0.2680D-01  -0.3032D-02   0.5265D-01  -0.1831D-01   0.3435D-01   0.0000D+00   0.8525D-02   0.9976D-03  -0.1662D-02   0.3265D-02   0.1700D+00  -0.1030D-01   0.2680D-01  -0.3032D-02   0.5265D-01  -0.1831D-01
  -0.1052D-02  -0.2711D-02  -0.1189D-02  -0.2589D-02  -0.1052D-02  -0.2711D-02  -0.1189D-02  -0.2589D-02
  0.500  1.000
  -0.7710D-01   0.0000D+00  -0.5345D-01   0.0000D+00   0.0000D+00   0.0000D+00  -0.2776D-01   0.0000D+00  -0.7710D-01   0.0000D+00  -0.5345D-01   0.0000D+00
   0.2278D+00   0.0000D+00   0.3491D-01   0.0000D+00   0.9393D-01   0.0000D+00   0.4095D-01   0.0000D+00   0.9101D-02   0.0000D+00   0.0000D+00   0.0000D+00   0.2278D+00   0.0000D+00   0.3491D-01   0.0000D+00   0.9393D-01   0.0000D+00
   0.0000D+00   0.0000D+00   0.0000D+00   0.0000D+00   0.0000D+00   0.0000D+00   0.0000D+00   0.0000D+00
  -0.6963D-01   0.5925D-02  -0.5116D-01   0.3418D-02   0.3194D-02  -0.2300D-02  -0.2671D-01   0.1057D-02  -0.6963D-01   0.5925D-02  -0.5116D-01   0.3418D-02
   0.1745D+00  -0.9514D-02   0.2742D-01  -0.2802D-02   0.5580D-01  -0.1692D-01   0.3486D-01   0.0000D+00   0.8570D-02   0.9218D-03  -0.1536D-02   0.3017D-02   0.1745D+00  -0.9514D-02   0.2742D-01  -0.2802D-02   0.5580D-01  -0.1692D-01
  -0.9720D-03  -0.2505D-02  -0.1098D-02  -0.2392D-02  -0.9720D-03  -0.2505D-02  -0.1098D-02  -0.2392D-02
  0.500  2.000
  -0.7166D-01   0.0000D+00  -0.4968D-01   0.0000D+00   0.0000D+00   0.0000D+00  -0.2580D-01   0.0000D+00  -0.7166D-01   0.0000D+00  -0.4968D-01   0.0000D+00
   0.2278D+00   0.0000D+00   0.3491D-01   0.0000D+00   0.9393D-01   0.0000D+00   0.4095D-01   0.0000D+00   0.9101D-02   0.0000D+00   0.0000D+00   0.0000D+00   0.2278D+00   0.0000D+00   0.3491D-01   0.0000D+00   0.9393D-01   0.0000D+00
   0.0000D+00   0.0000D+00   0.0000D+00   0.0000D+00   0.0000D+00   0.0000D+00   0.0000D+00   0.0000D+00
  -0.7011D-01   0.5118D-02  -0.5110D-01   0.2953D-02   0.2760D-02  -0.1987D-02  -0.2666D-01   0.9131D-03  -0.7011D-01   0.5118D-02  -0.5110D-01   0.2953D-02
   0.1782D+00  -0.8843D-02   0.2795D-01  -0.2604D-02   0.5850D-01  -0.1572D-01   0.3529D-01   0.0000D+00   0.8608D-02   0.8568D-03  -0.1428D-02   0.2804D-02   0.1782D+00  -0.8843D-02   0.2795D-01  -0.2604D-02   0.5850D-01  -0.1572D-01
  -0.9035D-03  -0.2329D-02  -0.1021D-02  -0.2224D-02  -0.9035D-03  -0.2329D-02  -0.1021D-02  -0.2224D-02
  1.000  0.500
  -0.7375D-01   0.0000D+00  -0.5106D-01   0.0000D+00   0.0000D+00   0.0000D+00  -0.2644D-01   0.0000D+00  -0.7375D-01   0.0000D+00  -0.5106D-01   0.0000D+00
   0.2006D+00   0.0000D+00   0.3071D-01   0.0000D+00   0.8307D-01   0.0000D+00   0.3599D-01   0.0000D+00   0.7998D-02   0.0000D+00   0.0000D+00   0.0000D+00   0.2006D+00   0.0000D+00   0.3071D-01   0.0000D+00   0.8307D-01   0.0000D+00
   0.0000D+00   0.0000D+00   0.0000D+00   0.0000D+00   0.0000D+00   0.0000D+00   0.0000D+00   0.0000D+00
  -0.6923D-01   0.6118D-02  -0.5097D-01   0.3532D-02   0.3322D-02  -0.2371D-02  -0.2659D-01   0.1095D-02  -0.6923D-01   0.6118D-02  -0.5097D-01   0.3532D-02
   0.1747D+00  -0.9105D-02   0.2738D-01  -0.2678D-02   0.5672D-01  -0.1612D-01   0.3473D-01   0.0000D+00   0.8506D-02   0.8766D-03  -0.1436D-02   0.2869D-02   0.1747D+00  -0.9105D-02   0.2738D-01  -0.2678D-02   0.5672D-01  -0.1612D-01
  -0.9298D-03  -0.2392D-02  -0.1045D-02  -0.2276D-02  -0.9298D-03  -0.2392D-02  -0.1045D-02  -0.2276D-02
  1.000  1.000
  -0.6814D-01   0.0000D+00  -0.4718D-01   0.0000D+00   0.0000D+00   0.0000D+00  -0.2443D-01   0.0000D+00  -0.6814D-01   0.0000D+00  -0.4718D-01   0.0000D+00
   0.2006D+00   0.0000D+00   0.3071D-01   0.0000D+00   0.8307D-01   0.0000D+00   0.3599D-01   0.0000D+00   0.7998D-02   0.0000D+00   0.0000D+00   0.0000D+00   0.2006D+00   0.0000D+00   0.3071D-01   0.0000D+00   0.8307D-01   0.0000D+00
   0.0000D+00   0.0000D+00   0.0000D+00   0.0000D+00   0.0000D+00   0.0000D+00   0.0000D+00   0.0000D+00
  -0.6930D-01   0.5222D-02  -0.5057D-01   0.3016D-02   0.2836D-02  -0.2024D-02  -0.2635D-01   0.9345D-03  -0.6930D-01   0.5222D-02  -0.5057D-01   0.3016D-02
   0.1767D+00  -0.8412D-02   0.2763D-01  -0.2474D-02   0.5874D-01  -0.1489D-01   0.3483D-01   0.0000D+00   0.8469D-02   0.8099D-03  -0.1327D-02   0.2651D-02   0.1767D+00  -0.8412D-02   0.2763D-01  -0.2474D-02   0.5874D-01  -0.1489D-01
  -0.8591D-03  -0.2210D-02  -0.9653D-03  -0.2103D-02  -0.8591D-03  -0.2210D-02  -0.9653D-03  -0.2103D-02
  1.000  2.000
  -0.6334D-01   0.0000D+00  -0.4385D-01   0.0000D+00   0.0000D+00   0.0000D+00  -0.2270D-01   0.0000D+00  -0.6334D-01   0.0000D+00  -0.4385D-01   0.0000D+00
   0.2006D+00   0.0000D+00   0.3071D-01   0.0000D+00   0.8307D-01   0.0000D+00   0.3599D-01   0.0000D+00   0.7998D-02   0.0000D+00   0.0000D+00   0.0000D+00   0.2006D+00   0.0000D+00   0.3071D-01   0.0000D+00   0.8307D-01   0.0000D+00
   0.0000D+00   0.0000D+00   0.0000D+00   0.0000D+00   0.0000D+00   0.0000D+00   0.0000D+00   0.0000D+00
  -0.6867D-01   0.4512D-02  -0.4978D-01   0.2605D-02   0.2450D-02  -0.1749D-02  -0.2592D-01   0.8074D-03  -0.6867D-01   0.4512D-02  -0.4978D-01   0.2605D-02
   0.1784D+00  -0.7819D-02   0.2785D-01  -0.2300D-02   0.6046D-01  -0.1384D-01   0.3492D-01   0.0000D+00   0.8436D-02   0.7528D-03  -0.1234D-02   0.2464D-02   0.1784D+00  -0.7819D-02   0.2785D-01  -0.2300D-02   0.6046D-01  -0.1384D-01
  -0.7985D-03  -0.2054D-02  -0.8972D-03  -0.1955D-02  -0.7985D-03  -0.2054D-02  -0.8972D-03  -0.1955D-02
  2.000  0.500
  -0.6570D-01   0.0000D+00  -0.4536D-01   0.0000D+00   0.0000D+00   0.0000D+00  -0.2344D-01   0.0000D+00  -0.6570D-01   0.0000D+00  -0.4536D-01   0.0000D+00
   0.1783D+00   0.0000D+00   0.2724D-01   0.0000D+00   0.7398D-01   0.0000D+00   0.3188D-01   0.0000D+00   0.7085D-02   0.0000D+00   0.0000D+00   0.0000D+00   0.1783D+00   0.0000D+00   0.2724D-01   0.0000D+00   0.7398D-01   0.0000D+00
   0.0000D+00   0.0000D+00   0.0000D+00   0.0000D+00   0.0000D+00   0.0000D+00   0.0000D+00   0.0000D+00
  -0.6992D-01   0.5441D-02  -0.5111D-01   0.3142D-02   0.2922D-02  -0.2102D-02  -0.2672D-01   0.9765D-03  -0.6992D-01   0.5441D-02  -0.5111D-01   0.3142D-02
   0.1774D+00  -0.8111D-02   0.2781D-01  -0.2381D-02   0.5996D-01  -0.1432D-01   0.3499D-01   0.0000D+00   0.8467D-02   0.7767D-03  -0.1273D-02   0.2542D-02   0.1774D+00  -0.8111D-02   0.2781D-01  -0.2381D-02   0.5996D-01  -0.1432D-01
  -0.8305D-03  -0.2124D-02  -0.9276D-03  -0.2019D-02  -0.8305D-03  -0.2124D-02  -0.9276D-03  -0.2019D-02
  2.000  1.000
  -0.6070D-01   0.0000D+00  -0.4191D-01   0.0000D+00   0.0000D+00   0.0000D+00  -0.2165D-01   0.0000D+00  -0.6070D-01   0.0000D+00  -0.4191D-01   0.0000D+00
   0.1783D+00   0.0000D+00   0.2724D-01   0.0000D+00   0.7398D-01   0.0000D+00   0.3188D-01   0.0000D+00   0.7085D-02   0.0000D+00   0.0000D+00   0.0000D+00   0.1783D+00   0.0000D+00   0.2724D-01   0.0000D+00   0.7398D-01   0.0000D+00
   0.0000D+00   0.0000D+00   0.0000D+00   0.0000D+00   0.0000D+00   0.0000D+00   0.0000D+00   0.0000D+00
  -0.6877D-01   0.4645D-02  -0.4991D-01   0.2682D-02   0.2495D-02  -0.1795D-02  -0.2605D-01   0.8336D-03  -0.6877D-01   0.4645D-02  -0.4991D-01   0.2682D-02
   0.1775D+00  -0.7494D-02   0.2777D-01  -0.2200D-02   0.6103D-01  -0.1323D-01   0.3476D-01   0.0000D+00   0.8363D-02   0.7177D-03  -0.1176D-02   0.2349D-02   0.1775D+00  -0.7494D-02   0.2777D-01  -0.2200D-02   0.6103D-01  -0.1323D-01
  -0.7673D-03  -0.1963D-02  -0.8570D-03  -0.1866D-02  -0.7673D-03  -0.1963D-02  -0.8570D-03  -0.1866D-02
  2.000  2.000
  -0.5642D-01   0.0000D+00  -0.3895D-01   0.0000D+00   0.0000D+00   0.0000D+00  -0.2013D-01   0.0000D+00  -0.5642D-01   0.0000D+00  -0.3895D-01   0.0000D+00
   0.1783D+00   0.0000D+00   0.2724D-01   0.0000D+00   0.7398D-01   0.0000D+00   0.3188D-01   0.0000D+00   0.7085D-02   0.0000D+00   0.0000D+00   0.0000D+00   0.1783D+00   0.0000D+00   0.2724D-01   0.0000D+00   0.7398D-01   0.0000D+00
   0.0000D+00   0.0000D+00   0.0000D+00   0.0000D+00   0.0000D+00   0.0000D+00   0.0000D+00   0.0000D+00
  -0.6725D-01   0.4013D-02  -0.4853D-01   0.2317D-02   0.2155D-02  -0.1551D-02  -0.2530D-01   0.7202D-03  -0.6725D-01   0.4013D-02  -0.4853D-01   0.2317D-02
   0.1776D+00  -0.6966D-02   0.2773D-01  -0.2045D-02   0.6195D-01  -0.1230D-01   0.3456D-01   0.0000D+00   0.8274D-02   0.6671D-03  -0.1093D-02   0.2183D-02   0.1776D+00  -0.6966D-02   0.2773D-01  -0.2045D-02   0.6195D-01  -0.1230D-01
  -0.7132D-03  -0.1824D-02  -0.7966D-03  -0.1734D-02  -0.7132D-03  -0.1824D-02  -0.7966D-03  -0.1734D-02
