 LHC=           1 sqrts=   8000.0000000000000      ang=           4 mode=fital                                                                                               scalescheme=           1 R=  0.69999999999999996     
 CT10nlo_rand5678                                                                                             181
 Bin information: chid, chiu, md, mu, mu0
   0.0000000000000000       0.50000000000000000        905.00000000000000        967.00000000000000        936.00000000000000     
 9 scales(muf, mur)*(LO(38), NLO(38))
  0.500  0.500
  -0.1770D+00   0.0000D+00  -0.1325D+00   0.0000D+00   0.0000D+00   0.0000D+00  -0.7544D-01   0.0000D+00  -0.1770D+00   0.0000D+00  -0.1325D+00   0.0000D+00
   0.3455D+00   0.0000D+00   0.5440D-01   0.0000D+00   0.1350D+00   0.0000D+00   0.6931D-01   0.0000D+00   0.1540D-01   0.0000D+00   0.0000D+00   0.0000D+00   0.3455D+00   0.0000D+00   0.5440D-01   0.0000D+00   0.1350D+00   0.0000D+00
   0.0000D+00   0.0000D+00   0.0000D+00   0.0000D+00   0.0000D+00   0.0000D+00   0.0000D+00   0.0000D+00
  -0.1410D+00   0.1618D-01  -0.1154D+00   0.9288D-02   0.9390D-02  -0.6827D-02  -0.6703D-01   0.2501D-02  -0.1410D+00   0.1618D-01  -0.1154D+00   0.9288D-02
   0.2639D+00  -0.1492D-01   0.4317D-01  -0.4532D-02   0.7457D-01  -0.2816D-01   0.5910D-01   0.0000D+00   0.1472D-01   0.1703D-02  -0.2521D-02   0.5574D-02   0.2639D+00  -0.1492D-01   0.4317D-01  -0.4532D-02   0.7457D-01  -0.2816D-01
  -0.1486D-02  -0.4042D-02  -0.1893D-02  -0.4172D-02  -0.1486D-02  -0.4042D-02  -0.1893D-02  -0.4172D-02
  0.500  1.000
  -0.1635D+00   0.0000D+00  -0.1224D+00   0.0000D+00   0.0000D+00   0.0000D+00  -0.6966D-01   0.0000D+00  -0.1635D+00   0.0000D+00  -0.1224D+00   0.0000D+00
   0.3455D+00   0.0000D+00   0.5440D-01   0.0000D+00   0.1350D+00   0.0000D+00   0.6931D-01   0.0000D+00   0.1540D-01   0.0000D+00   0.0000D+00   0.0000D+00   0.3455D+00   0.0000D+00   0.5440D-01   0.0000D+00   0.1350D+00   0.0000D+00
   0.0000D+00   0.0000D+00   0.0000D+00   0.0000D+00   0.0000D+00   0.0000D+00   0.0000D+00   0.0000D+00
  -0.1449D+00   0.1379D-01  -0.1169D+00   0.7918D-02   0.8006D-02  -0.5820D-02  -0.6766D-01   0.2132D-02  -0.1449D+00   0.1379D-01  -0.1169D+00   0.7918D-02
   0.2702D+00  -0.1378D-01   0.4404D-01  -0.4184D-02   0.7922D-01  -0.2600D-01   0.5989D-01   0.0000D+00   0.1478D-01   0.1573D-02  -0.2328D-02   0.5147D-02   0.2702D+00  -0.1378D-01   0.4404D-01  -0.4184D-02   0.7922D-01  -0.2600D-01
  -0.1372D-02  -0.3732D-02  -0.1747D-02  -0.3852D-02  -0.1372D-02  -0.3732D-02  -0.1747D-02  -0.3852D-02
  0.500  2.000
  -0.1518D+00   0.0000D+00  -0.1137D+00   0.0000D+00   0.0000D+00   0.0000D+00  -0.6470D-01   0.0000D+00  -0.1518D+00   0.0000D+00  -0.1137D+00   0.0000D+00
   0.3455D+00   0.0000D+00   0.5440D-01   0.0000D+00   0.1350D+00   0.0000D+00   0.6931D-01   0.0000D+00   0.1540D-01   0.0000D+00   0.0000D+00   0.0000D+00   0.3455D+00   0.0000D+00   0.5440D-01   0.0000D+00   0.1350D+00   0.0000D+00
   0.0000D+00   0.0000D+00   0.0000D+00   0.0000D+00   0.0000D+00   0.0000D+00   0.0000D+00   0.0000D+00
  -0.1463D+00   0.1190D-01  -0.1168D+00   0.6832D-02   0.6909D-02  -0.5022D-02  -0.6744D-01   0.1840D-02  -0.1463D+00   0.1190D-01  -0.1168D+00   0.6832D-02
   0.2756D+00  -0.1280D-01   0.4479D-01  -0.3887D-02   0.8320D-01  -0.2415D-01   0.6057D-01   0.0000D+00   0.1482D-01   0.1461D-02  -0.2163D-02   0.4781D-02   0.2756D+00  -0.1280D-01   0.4479D-01  -0.3887D-02   0.8320D-01  -0.2415D-01
  -0.1275D-02  -0.3467D-02  -0.1623D-02  -0.3578D-02  -0.1275D-02  -0.3467D-02  -0.1623D-02  -0.3578D-02
  1.000  0.500
  -0.1595D+00   0.0000D+00  -0.1192D+00   0.0000D+00   0.0000D+00   0.0000D+00  -0.6764D-01   0.0000D+00  -0.1595D+00   0.0000D+00  -0.1192D+00   0.0000D+00
   0.3106D+00   0.0000D+00   0.4877D-01   0.0000D+00   0.1215D+00   0.0000D+00   0.6218D-01   0.0000D+00   0.1382D-01   0.0000D+00   0.0000D+00   0.0000D+00   0.3106D+00   0.0000D+00   0.4877D-01   0.0000D+00   0.1215D+00   0.0000D+00
   0.0000D+00   0.0000D+00   0.0000D+00   0.0000D+00   0.0000D+00   0.0000D+00   0.0000D+00   0.0000D+00
  -0.1436D+00   0.1453D-01  -0.1168D+00   0.8345D-02   0.8452D-02  -0.6122D-02  -0.6723D-01   0.2255D-02  -0.1436D+00   0.1453D-01  -0.1168D+00   0.8345D-02
   0.2701D+00  -0.1345D-01   0.4369D-01  -0.4075D-02   0.7960D-01  -0.2530D-01   0.5966D-01   0.0000D+00   0.1472D-01   0.1528D-02  -0.2269D-02   0.5000D-02   0.2701D+00  -0.1345D-01   0.4369D-01  -0.4075D-02   0.7960D-01  -0.2530D-01
  -0.1341D-02  -0.3610D-02  -0.1704D-02  -0.3751D-02  -0.1341D-02  -0.3610D-02  -0.1704D-02  -0.3751D-02
  1.000  1.000
  -0.1473D+00   0.0000D+00  -0.1101D+00   0.0000D+00   0.0000D+00   0.0000D+00  -0.6245D-01   0.0000D+00  -0.1473D+00   0.0000D+00  -0.1101D+00   0.0000D+00
   0.3106D+00   0.0000D+00   0.4877D-01   0.0000D+00   0.1215D+00   0.0000D+00   0.6218D-01   0.0000D+00   0.1382D-01   0.0000D+00   0.0000D+00   0.0000D+00   0.3106D+00   0.0000D+00   0.4877D-01   0.0000D+00   0.1215D+00   0.0000D+00
   0.0000D+00   0.0000D+00   0.0000D+00   0.0000D+00   0.0000D+00   0.0000D+00   0.0000D+00   0.0000D+00
  -0.1447D+00   0.1239D-01  -0.1162D+00   0.7114D-02   0.7206D-02  -0.5219D-02  -0.6674D-01   0.1922D-02  -0.1447D+00   0.1239D-01  -0.1162D+00   0.7114D-02
   0.2733D+00  -0.1242D-01   0.4409D-01  -0.3763D-02   0.8283D-01  -0.2336D-01   0.5987D-01   0.0000D+00   0.1465D-01   0.1410D-02  -0.2095D-02   0.4616D-02   0.2733D+00  -0.1242D-01   0.4409D-01  -0.3763D-02   0.8283D-01  -0.2336D-01
  -0.1238D-02  -0.3333D-02  -0.1574D-02  -0.3463D-02  -0.1238D-02  -0.3333D-02  -0.1574D-02  -0.3463D-02
  1.000  2.000
  -0.1368D+00   0.0000D+00  -0.1023D+00   0.0000D+00   0.0000D+00   0.0000D+00  -0.5801D-01   0.0000D+00  -0.1368D+00   0.0000D+00  -0.1023D+00   0.0000D+00
   0.3106D+00   0.0000D+00   0.4877D-01   0.0000D+00   0.1215D+00   0.0000D+00   0.6218D-01   0.0000D+00   0.1382D-01   0.0000D+00   0.0000D+00   0.0000D+00   0.3106D+00   0.0000D+00   0.4877D-01   0.0000D+00   0.1215D+00   0.0000D+00
   0.0000D+00   0.0000D+00   0.0000D+00   0.0000D+00   0.0000D+00   0.0000D+00   0.0000D+00   0.0000D+00
  -0.1440D+00   0.1069D-01  -0.1146D+00   0.6139D-02   0.6218D-02  -0.4504D-02  -0.6571D-01   0.1659D-02  -0.1440D+00   0.1069D-01  -0.1146D+00   0.6139D-02
   0.2760D+00  -0.1153D-01   0.4443D-01  -0.3495D-02   0.8560D-01  -0.2170D-01   0.6004D-01   0.0000D+00   0.1459D-01   0.1310D-02  -0.1946D-02   0.4288D-02   0.2760D+00  -0.1153D-01   0.4443D-01  -0.3495D-02   0.8560D-01  -0.2170D-01
  -0.1150D-02  -0.3097D-02  -0.1462D-02  -0.3217D-02  -0.1150D-02  -0.3097D-02  -0.1462D-02  -0.3217D-02
  2.000  0.500
  -0.1445D+00   0.0000D+00  -0.1079D+00   0.0000D+00   0.0000D+00   0.0000D+00  -0.6110D-01   0.0000D+00  -0.1445D+00   0.0000D+00  -0.1079D+00   0.0000D+00
   0.2807D+00   0.0000D+00   0.4408D-01   0.0000D+00   0.1101D+00   0.0000D+00   0.5605D-01   0.0000D+00   0.1246D-01   0.0000D+00   0.0000D+00   0.0000D+00   0.2807D+00   0.0000D+00   0.4408D-01   0.0000D+00   0.1101D+00   0.0000D+00
   0.0000D+00   0.0000D+00   0.0000D+00   0.0000D+00   0.0000D+00   0.0000D+00   0.0000D+00   0.0000D+00
  -0.1456D+00   0.1314D-01  -0.1174D+00   0.7544D-02   0.7620D-02  -0.5529D-02  -0.6766D-01   0.2052D-02  -0.1456D+00   0.1314D-01  -0.1174D+00   0.7544D-02
   0.2740D+00  -0.1218D-01   0.4428D-01  -0.3686D-02   0.8422D-01  -0.2286D-01   0.6011D-01   0.0000D+00   0.1463D-01   0.1378D-02  -0.2008D-02   0.4509D-02   0.2740D+00  -0.1218D-01   0.4428D-01  -0.3686D-02   0.8422D-01  -0.2286D-01
  -0.1216D-02  -0.3265D-02  -0.1538D-02  -0.3380D-02  -0.1216D-02  -0.3265D-02  -0.1538D-02  -0.3380D-02
  2.000  1.000
  -0.1334D+00   0.0000D+00  -0.9962D-01   0.0000D+00   0.0000D+00   0.0000D+00  -0.5642D-01   0.0000D+00  -0.1334D+00   0.0000D+00  -0.9962D-01   0.0000D+00
   0.2807D+00   0.0000D+00   0.4408D-01   0.0000D+00   0.1101D+00   0.0000D+00   0.5605D-01   0.0000D+00   0.1246D-01   0.0000D+00   0.0000D+00   0.0000D+00   0.2807D+00   0.0000D+00   0.4408D-01   0.0000D+00   0.1101D+00   0.0000D+00
   0.0000D+00   0.0000D+00   0.0000D+00   0.0000D+00   0.0000D+00   0.0000D+00   0.0000D+00   0.0000D+00
  -0.1443D+00   0.1120D-01  -0.1151D+00   0.6431D-02   0.6496D-02  -0.4713D-02  -0.6620D-01   0.1749D-02  -0.1443D+00   0.1120D-01  -0.1151D+00   0.6431D-02
   0.2745D+00  -0.1125D-01   0.4427D-01  -0.3403D-02   0.8622D-01  -0.2111D-01   0.5981D-01   0.0000D+00   0.1446D-01   0.1272D-02  -0.1854D-02   0.4163D-02   0.2745D+00  -0.1125D-01   0.4427D-01  -0.3403D-02   0.8622D-01  -0.2111D-01
  -0.1122D-02  -0.3015D-02  -0.1420D-02  -0.3121D-02  -0.1122D-02  -0.3015D-02  -0.1420D-02  -0.3121D-02
  2.000  2.000
  -0.1239D+00   0.0000D+00  -0.9254D-01   0.0000D+00   0.0000D+00   0.0000D+00  -0.5241D-01   0.0000D+00  -0.1239D+00   0.0000D+00  -0.9254D-01   0.0000D+00
   0.2807D+00   0.0000D+00   0.4408D-01   0.0000D+00   0.1101D+00   0.0000D+00   0.5605D-01   0.0000D+00   0.1246D-01   0.0000D+00   0.0000D+00   0.0000D+00   0.2807D+00   0.0000D+00   0.4408D-01   0.0000D+00   0.1101D+00   0.0000D+00
   0.0000D+00   0.0000D+00   0.0000D+00   0.0000D+00   0.0000D+00   0.0000D+00   0.0000D+00   0.0000D+00
  -0.1418D+00   0.9667D-02  -0.1123D+00   0.5549D-02   0.5606D-02  -0.4067D-02  -0.6446D-01   0.1509D-02  -0.1418D+00   0.9667D-02  -0.1123D+00   0.5549D-02
   0.2750D+00  -0.1045D-01   0.4426D-01  -0.3161D-02   0.8793D-01  -0.1961D-01   0.5955D-01   0.0000D+00   0.1432D-01   0.1182D-02  -0.1723D-02   0.3868D-02   0.2750D+00  -0.1045D-01   0.4426D-01  -0.3161D-02   0.8793D-01  -0.1961D-01
  -0.1043D-02  -0.2800D-02  -0.1319D-02  -0.2899D-02  -0.1043D-02  -0.2800D-02  -0.1319D-02  -0.2899D-02
