 LHC=           1 sqrts=   8000.0000000000000      ang=           4 mode=fital                                                                                               scalescheme=           1 R=  0.69999999999999996     
 CT10nlo_rand5678                                                                                             102
 Bin information: chid, chiu, md, mu, mu0
   0.0000000000000000       0.50000000000000000        1588.0000000000000        1784.0000000000000        1686.0000000000000     
 9 scales(muf, mur)*(LO(38), NLO(38))
  0.500  0.500
  -0.1898D-01   0.0000D+00  -0.1106D-01   0.0000D+00   0.0000D+00   0.0000D+00  -0.4646D-02   0.0000D+00  -0.1898D-01   0.0000D+00  -0.1106D-01   0.0000D+00
   0.1012D+00   0.0000D+00   0.1444D-01   0.0000D+00   0.4831D-01   0.0000D+00   0.1315D-01   0.0000D+00   0.2922D-02   0.0000D+00   0.0000D+00   0.0000D+00   0.1012D+00   0.0000D+00   0.1444D-01   0.0000D+00   0.4831D-01   0.0000D+00
   0.0000D+00   0.0000D+00   0.0000D+00   0.0000D+00   0.0000D+00   0.0000D+00   0.0000D+00   0.0000D+00
  -0.1653D-01   0.1231D-02  -0.9909D-02   0.7342D-03   0.4901D-03  -0.3931D-03  -0.4053D-02   0.2799D-03  -0.1653D-01   0.1231D-02  -0.9909D-02   0.7342D-03
   0.7488D-01  -0.4994D-02   0.1082D-01  -0.1360D-02   0.2989D-01  -0.7542D-02   0.1095D-01   0.0000D+00   0.2698D-02   0.3021D-03  -0.6753D-03   0.9887D-03   0.7488D-01  -0.4994D-02   0.1082D-01  -0.1360D-02   0.2989D-01  -0.7542D-02
  -0.5395D-03  -0.1246D-02  -0.4574D-03  -0.9352D-03  -0.5395D-03  -0.1246D-02  -0.4574D-03  -0.9352D-03
  0.500  1.000
  -0.1762D-01   0.0000D+00  -0.1026D-01   0.0000D+00   0.0000D+00   0.0000D+00  -0.4311D-02   0.0000D+00  -0.1762D-01   0.0000D+00  -0.1026D-01   0.0000D+00
   0.1012D+00   0.0000D+00   0.1444D-01   0.0000D+00   0.4831D-01   0.0000D+00   0.1315D-01   0.0000D+00   0.2922D-02   0.0000D+00   0.0000D+00   0.0000D+00   0.1012D+00   0.0000D+00   0.1444D-01   0.0000D+00   0.4831D-01   0.0000D+00
   0.0000D+00   0.0000D+00   0.0000D+00   0.0000D+00   0.0000D+00   0.0000D+00   0.0000D+00   0.0000D+00
  -0.1673D-01   0.1060D-02  -0.9988D-02   0.6324D-03   0.4222D-03  -0.3385D-03  -0.4101D-02   0.2411D-03  -0.1673D-01   0.1060D-02  -0.9988D-02   0.6324D-03
   0.7678D-01  -0.4635D-02   0.1108D-01  -0.1262D-02   0.3122D-01  -0.7000D-02   0.1111D-01   0.0000D+00   0.2715D-02   0.2804D-03  -0.6267D-03   0.9176D-03   0.7678D-01  -0.4635D-02   0.1108D-01  -0.1262D-02   0.3122D-01  -0.7000D-02
  -0.5007D-03  -0.1156D-02  -0.4245D-03  -0.8680D-03  -0.5007D-03  -0.1156D-02  -0.4245D-03  -0.8680D-03
  0.500  2.000
  -0.1644D-01   0.0000D+00  -0.9575D-02   0.0000D+00   0.0000D+00   0.0000D+00  -0.4023D-02   0.0000D+00  -0.1644D-01   0.0000D+00  -0.9575D-02   0.0000D+00
   0.1012D+00   0.0000D+00   0.1444D-01   0.0000D+00   0.4831D-01   0.0000D+00   0.1315D-01   0.0000D+00   0.2922D-02   0.0000D+00   0.0000D+00   0.0000D+00   0.1012D+00   0.0000D+00   0.1444D-01   0.0000D+00   0.4831D-01   0.0000D+00
   0.0000D+00   0.0000D+00   0.0000D+00   0.0000D+00   0.0000D+00   0.0000D+00   0.0000D+00   0.0000D+00
  -0.1674D-01   0.9232D-03  -0.9958D-02   0.5505D-03   0.3676D-03  -0.2947D-03  -0.4101D-02   0.2099D-03  -0.1674D-01   0.9232D-03  -0.9958D-02   0.5505D-03
   0.7842D-01  -0.4325D-02   0.1131D-01  -0.1178D-02   0.3236D-01  -0.6531D-02   0.1124D-01   0.0000D+00   0.2729D-02   0.2616D-03  -0.5848D-03   0.8561D-03   0.7842D-01  -0.4325D-02   0.1131D-01  -0.1178D-02   0.3236D-01  -0.6531D-02
  -0.4671D-03  -0.1079D-02  -0.3961D-03  -0.8099D-03  -0.4671D-03  -0.1079D-02  -0.3961D-03  -0.8099D-03
  1.000  0.500
  -0.1622D-01   0.0000D+00  -0.9399D-02   0.0000D+00   0.0000D+00   0.0000D+00  -0.3940D-02   0.0000D+00  -0.1622D-01   0.0000D+00  -0.9399D-02   0.0000D+00
   0.8612D-01   0.0000D+00   0.1227D-01   0.0000D+00   0.4124D-01   0.0000D+00   0.1114D-01   0.0000D+00   0.2476D-02   0.0000D+00   0.0000D+00   0.0000D+00   0.8612D-01   0.0000D+00   0.1227D-01   0.0000D+00   0.4124D-01   0.0000D+00
   0.0000D+00   0.0000D+00   0.0000D+00   0.0000D+00   0.0000D+00   0.0000D+00   0.0000D+00   0.0000D+00
  -0.1667D-01   0.1046D-02  -0.9939D-02   0.6254D-03   0.4114D-03  -0.3331D-03  -0.4082D-02   0.2383D-03  -0.1667D-01   0.1046D-02  -0.9939D-02   0.6254D-03
   0.7757D-01  -0.4262D-02   0.1117D-01  -0.1159D-02   0.3204D-01  -0.6421D-02   0.1111D-01   0.0000D+00   0.2692D-02   0.2559D-03  -0.5757D-03   0.8377D-03   0.7757D-01  -0.4262D-02   0.1117D-01  -0.1159D-02   0.3204D-01  -0.6421D-02
  -0.4614D-03  -0.1063D-02  -0.3882D-03  -0.7938D-03  -0.4614D-03  -0.1063D-02  -0.3882D-03  -0.7938D-03
  1.000  1.000
  -0.1506D-01   0.0000D+00  -0.8723D-02   0.0000D+00   0.0000D+00   0.0000D+00  -0.3657D-02   0.0000D+00  -0.1506D-01   0.0000D+00  -0.8723D-02   0.0000D+00
   0.8612D-01   0.0000D+00   0.1227D-01   0.0000D+00   0.4124D-01   0.0000D+00   0.1114D-01   0.0000D+00   0.2476D-02   0.0000D+00   0.0000D+00   0.0000D+00   0.8612D-01   0.0000D+00   0.1227D-01   0.0000D+00   0.4124D-01   0.0000D+00
   0.0000D+00   0.0000D+00   0.0000D+00   0.0000D+00   0.0000D+00   0.0000D+00   0.0000D+00   0.0000D+00
  -0.1649D-01   0.9009D-03  -0.9796D-02   0.5386D-03   0.3544D-03  -0.2869D-03  -0.4034D-02   0.2052D-03  -0.1649D-01   0.9009D-03  -0.9796D-02   0.5386D-03
   0.7819D-01  -0.3956D-02   0.1125D-01  -0.1076D-02   0.3270D-01  -0.5960D-02   0.1111D-01   0.0000D+00   0.2677D-02   0.2375D-03  -0.5343D-03   0.7774D-03   0.7819D-01  -0.3956D-02   0.1125D-01  -0.1076D-02   0.3270D-01  -0.5960D-02
  -0.4282D-03  -0.9864D-03  -0.3603D-03  -0.7367D-03  -0.4282D-03  -0.9864D-03  -0.3603D-03  -0.7367D-03
  1.000  2.000
  -0.1405D-01   0.0000D+00  -0.8139D-02   0.0000D+00   0.0000D+00   0.0000D+00  -0.3412D-02   0.0000D+00  -0.1405D-01   0.0000D+00  -0.8139D-02   0.0000D+00
   0.8612D-01   0.0000D+00   0.1227D-01   0.0000D+00   0.4124D-01   0.0000D+00   0.1114D-01   0.0000D+00   0.2476D-02   0.0000D+00   0.0000D+00   0.0000D+00   0.8612D-01   0.0000D+00   0.1227D-01   0.0000D+00   0.4124D-01   0.0000D+00
   0.0000D+00   0.0000D+00   0.0000D+00   0.0000D+00   0.0000D+00   0.0000D+00   0.0000D+00   0.0000D+00
  -0.1621D-01   0.7843D-03  -0.9602D-02   0.4689D-03   0.3086D-03  -0.2498D-03  -0.3962D-02   0.1787D-03  -0.1621D-01   0.7843D-03  -0.9602D-02   0.4689D-03
   0.7873D-01  -0.3691D-02   0.1132D-01  -0.1004D-02   0.3328D-01  -0.5561D-02   0.1111D-01   0.0000D+00   0.2663D-02   0.2216D-03  -0.4986D-03   0.7254D-03   0.7873D-01  -0.3691D-02   0.1132D-01  -0.1004D-02   0.3328D-01  -0.5561D-02
  -0.3995D-03  -0.9204D-03  -0.3362D-03  -0.6873D-03  -0.3995D-03  -0.9204D-03  -0.3362D-03  -0.6873D-03
  2.000  0.500
  -0.1399D-01   0.0000D+00  -0.8080D-02   0.0000D+00   0.0000D+00   0.0000D+00  -0.3376D-02   0.0000D+00  -0.1399D-01   0.0000D+00  -0.8080D-02   0.0000D+00
   0.7405D-01   0.0000D+00   0.1053D-01   0.0000D+00   0.3556D-01   0.0000D+00   0.9543D-02   0.0000D+00   0.2121D-02   0.0000D+00   0.0000D+00   0.0000D+00   0.7405D-01   0.0000D+00   0.1053D-01   0.0000D+00   0.3556D-01   0.0000D+00
   0.0000D+00   0.0000D+00   0.0000D+00   0.0000D+00   0.0000D+00   0.0000D+00   0.0000D+00   0.0000D+00
  -0.1662D-01   0.8986D-03  -0.9868D-02   0.5380D-03   0.3542D-03  -0.2857D-03  -0.4055D-02   0.2050D-03  -0.1662D-01   0.8986D-03  -0.9868D-02   0.5380D-03
   0.7876D-01  -0.3678D-02   0.1131D-01  -0.9985D-03   0.3336D-01  -0.5518D-02   0.1111D-01   0.0000D+00   0.2659D-02   0.2192D-03  -0.4937D-03   0.7175D-03   0.7876D-01  -0.3678D-02   0.1131D-01  -0.9985D-03   0.3336D-01  -0.5518D-02
  -0.3980D-03  -0.9162D-03  -0.3333D-03  -0.6802D-03  -0.3980D-03  -0.9162D-03  -0.3333D-03  -0.6802D-03
  2.000  1.000
  -0.1298D-01   0.0000D+00  -0.7499D-02   0.0000D+00   0.0000D+00   0.0000D+00  -0.3133D-02   0.0000D+00  -0.1298D-01   0.0000D+00  -0.7499D-02   0.0000D+00
   0.7405D-01   0.0000D+00   0.1053D-01   0.0000D+00   0.3556D-01   0.0000D+00   0.9543D-02   0.0000D+00   0.2121D-02   0.0000D+00   0.0000D+00   0.0000D+00   0.7405D-01   0.0000D+00   0.1053D-01   0.0000D+00   0.3556D-01   0.0000D+00
   0.0000D+00   0.0000D+00   0.0000D+00   0.0000D+00   0.0000D+00   0.0000D+00   0.0000D+00   0.0000D+00
  -0.1616D-01   0.7740D-03  -0.9561D-02   0.4634D-03   0.3051D-03  -0.2461D-03  -0.3936D-02   0.1765D-03  -0.1616D-01   0.7740D-03  -0.9561D-02   0.4634D-03
   0.7843D-01  -0.3413D-02   0.1126D-01  -0.9267D-03   0.3352D-01  -0.5121D-02   0.1100D-01   0.0000D+00   0.2620D-02   0.2035D-03  -0.4582D-03   0.6659D-03   0.7843D-01  -0.3413D-02   0.1126D-01  -0.9267D-03   0.3352D-01  -0.5121D-02
  -0.3694D-03  -0.8504D-03  -0.3094D-03  -0.6313D-03  -0.3694D-03  -0.8504D-03  -0.3094D-03  -0.6313D-03
  2.000  2.000
  -0.1212D-01   0.0000D+00  -0.6996D-02   0.0000D+00   0.0000D+00   0.0000D+00  -0.2923D-02   0.0000D+00  -0.1212D-01   0.0000D+00  -0.6996D-02   0.0000D+00
   0.7405D-01   0.0000D+00   0.1053D-01   0.0000D+00   0.3556D-01   0.0000D+00   0.9543D-02   0.0000D+00   0.2121D-02   0.0000D+00   0.0000D+00   0.0000D+00   0.7405D-01   0.0000D+00   0.1053D-01   0.0000D+00   0.3556D-01   0.0000D+00
   0.0000D+00   0.0000D+00   0.0000D+00   0.0000D+00   0.0000D+00   0.0000D+00   0.0000D+00   0.0000D+00
  -0.1566D-01   0.6738D-03  -0.9247D-02   0.4034D-03   0.2656D-03  -0.2142D-03  -0.3812D-02   0.1537D-03  -0.1566D-01   0.6738D-03  -0.9247D-02   0.4034D-03
   0.7814D-01  -0.3185D-02   0.1121D-01  -0.8647D-03   0.3366D-01  -0.4778D-02   0.1090D-01   0.0000D+00   0.2587D-02   0.1898D-03  -0.4275D-03   0.6213D-03   0.7814D-01  -0.3185D-02   0.1121D-01  -0.8647D-03   0.3366D-01  -0.4778D-02
  -0.3447D-03  -0.7934D-03  -0.2886D-03  -0.5890D-03  -0.3447D-03  -0.7934D-03  -0.2886D-03  -0.5890D-03
