 LHC=           1 sqrts=   8000.0000000000000      ang=           4 mode=fital                                                                                               scalescheme=           1 R=  0.69999999999999996     
 CT10nlo_rand5678                                                                                             151
 Bin information: chid, chiu, md, mu, mu0
   0.0000000000000000       0.50000000000000000        245.00000000000000        272.00000000000000        258.50000000000000     
 9 scales(muf, mur)*(LO(38), NLO(38))
  0.500  0.500
  -0.2817D+01   0.0000D+00  -0.3585D+01   0.0000D+00   0.0000D+00   0.0000D+00  -0.3446D+01   0.0000D+00  -0.2817D+01   0.0000D+00  -0.3585D+01   0.0000D+00
   0.5914D+00   0.0000D+00   0.1063D+00   0.0000D+00   0.1507D+00   0.0000D+00   0.2294D+00   0.0000D+00   0.5097D-01   0.0000D+00   0.0000D+00   0.0000D+00   0.5914D+00   0.0000D+00   0.1063D+00   0.0000D+00   0.1507D+00   0.0000D+00
   0.0000D+00   0.0000D+00   0.0000D+00   0.0000D+00   0.0000D+00   0.0000D+00   0.0000D+00   0.0000D+00
  -0.2015D+01   0.5492D+00  -0.3017D+01   0.3285D+00   0.2924D+00  -0.3704D+00  -0.3178D+01  -0.1357D-01  -0.2015D+01   0.5492D+00  -0.3017D+01   0.3285D+00
   0.6422D+00  -0.1975D-01   0.1174D+00  -0.7801D-02   0.1069D+00  -0.5895D-01   0.2475D+00   0.0000D+00   0.6317D-01   0.6677D-02  -0.6382D-03   0.2185D-01   0.6422D+00  -0.1975D-01   0.1174D+00  -0.7801D-02   0.1069D+00  -0.5895D-01
  -0.1312D-02  -0.7034D-02  -0.4434D-02  -0.1199D-01  -0.1312D-02  -0.7034D-02  -0.4434D-02  -0.1199D-01
  0.500  1.000
  -0.2563D+01   0.0000D+00  -0.3262D+01   0.0000D+00   0.0000D+00   0.0000D+00  -0.3135D+01   0.0000D+00  -0.2563D+01   0.0000D+00  -0.3262D+01   0.0000D+00
   0.5914D+00   0.0000D+00   0.1063D+00   0.0000D+00   0.1507D+00   0.0000D+00   0.2294D+00   0.0000D+00   0.5097D-01   0.0000D+00   0.0000D+00   0.0000D+00   0.5914D+00   0.0000D+00   0.1063D+00   0.0000D+00   0.1507D+00   0.0000D+00
   0.0000D+00   0.0000D+00   0.0000D+00   0.0000D+00   0.0000D+00   0.0000D+00   0.0000D+00   0.0000D+00
  -0.2121D+01   0.4547D+00  -0.3075D+01   0.2720D+00   0.2420D+00  -0.3066D+00  -0.3186D+01  -0.1123D-01  -0.2121D+01   0.4547D+00  -0.3075D+01   0.2720D+00
   0.6382D+00  -0.1797D-01   0.1165D+00  -0.7098D-02   0.1110D+00  -0.5364D-01   0.2460D+00   0.0000D+00   0.6212D-01   0.6075D-02  -0.5750D-03   0.1988D-01   0.6382D+00  -0.1797D-01   0.1165D+00  -0.7098D-02   0.1110D+00  -0.5364D-01
  -0.1194D-02  -0.6400D-02  -0.4034D-02  -0.1091D-01  -0.1194D-02  -0.6400D-02  -0.4034D-02  -0.1091D-01
  0.500  2.000
  -0.2352D+01   0.0000D+00  -0.2994D+01   0.0000D+00   0.0000D+00   0.0000D+00  -0.2877D+01   0.0000D+00  -0.2352D+01   0.0000D+00  -0.2994D+01   0.0000D+00
   0.5914D+00   0.0000D+00   0.1063D+00   0.0000D+00   0.1507D+00   0.0000D+00   0.2294D+00   0.0000D+00   0.5097D-01   0.0000D+00   0.0000D+00   0.0000D+00   0.5914D+00   0.0000D+00   0.1063D+00   0.0000D+00   0.1507D+00   0.0000D+00
   0.0000D+00   0.0000D+00   0.0000D+00   0.0000D+00   0.0000D+00   0.0000D+00   0.0000D+00   0.0000D+00
  -0.2168D+01   0.3829D+00  -0.3074D+01   0.2290D+00   0.2038D+00  -0.2582D+00  -0.3149D+01  -0.9459D-02  -0.2168D+01   0.3829D+00  -0.3074D+01   0.2290D+00
   0.6348D+00  -0.1649D-01   0.1157D+00  -0.6514D-02   0.1144D+00  -0.4922D-01   0.2448D+00   0.0000D+00   0.6123D-01   0.5575D-02  -0.5234D-03   0.1825D-01   0.6348D+00  -0.1649D-01   0.1157D+00  -0.6514D-02   0.1144D+00  -0.4922D-01
  -0.1095D-02  -0.5874D-02  -0.3702D-02  -0.1001D-01  -0.1095D-02  -0.5874D-02  -0.3702D-02  -0.1001D-01
  1.000  0.500
  -0.2724D+01   0.0000D+00  -0.3492D+01   0.0000D+00   0.0000D+00   0.0000D+00  -0.3372D+01   0.0000D+00  -0.2724D+01   0.0000D+00  -0.3492D+01   0.0000D+00
   0.5733D+00   0.0000D+00   0.1032D+00   0.0000D+00   0.1467D+00   0.0000D+00   0.2230D+00   0.0000D+00   0.4955D-01   0.0000D+00   0.0000D+00   0.0000D+00   0.5733D+00   0.0000D+00   0.1032D+00   0.0000D+00   0.1467D+00   0.0000D+00
   0.0000D+00   0.0000D+00   0.0000D+00   0.0000D+00   0.0000D+00   0.0000D+00   0.0000D+00   0.0000D+00
  -0.2022D+01   0.5381D+00  -0.3030D+01   0.3212D+00   0.2842D+00  -0.3609D+00  -0.3222D+01  -0.1293D-01  -0.2022D+01   0.5381D+00  -0.3030D+01   0.3212D+00
   0.6285D+00  -0.1919D-01   0.1150D+00  -0.7574D-02   0.1070D+00  -0.5687D-01   0.2456D+00   0.0000D+00   0.6167D-01   0.6497D-02  -0.6553D-03   0.2126D-01   0.6285D+00  -0.1919D-01   0.1150D+00  -0.7574D-02   0.1070D+00  -0.5687D-01
  -0.1283D-02  -0.6722D-02  -0.4324D-02  -0.1162D-01  -0.1283D-02  -0.6722D-02  -0.4324D-02  -0.1162D-01
  1.000  1.000
  -0.2479D+01   0.0000D+00  -0.3177D+01   0.0000D+00   0.0000D+00   0.0000D+00  -0.3068D+01   0.0000D+00  -0.2479D+01   0.0000D+00  -0.3177D+01   0.0000D+00
   0.5733D+00   0.0000D+00   0.1032D+00   0.0000D+00   0.1467D+00   0.0000D+00   0.2230D+00   0.0000D+00   0.4955D-01   0.0000D+00   0.0000D+00   0.0000D+00   0.5733D+00   0.0000D+00   0.1032D+00   0.0000D+00   0.1467D+00   0.0000D+00
   0.0000D+00   0.0000D+00   0.0000D+00   0.0000D+00   0.0000D+00   0.0000D+00   0.0000D+00   0.0000D+00
  -0.2113D+01   0.4455D+00  -0.3071D+01   0.2659D+00   0.2352D+00  -0.2988D+00  -0.3210D+01  -0.1070D-01  -0.2113D+01   0.4455D+00  -0.3071D+01   0.2659D+00
   0.6240D+00  -0.1746D-01   0.1140D+00  -0.6892D-02   0.1107D+00  -0.5174D-01   0.2437D+00   0.0000D+00   0.6062D-01   0.5912D-02  -0.5916D-03   0.1935D-01   0.6240D+00  -0.1746D-01   0.1140D+00  -0.6892D-02   0.1107D+00  -0.5174D-01
  -0.1167D-02  -0.6117D-02  -0.3934D-02  -0.1058D-01  -0.1167D-02  -0.6117D-02  -0.3934D-02  -0.1058D-01
  1.000  2.000
  -0.2275D+01   0.0000D+00  -0.2916D+01   0.0000D+00   0.0000D+00   0.0000D+00  -0.2816D+01   0.0000D+00  -0.2275D+01   0.0000D+00  -0.2916D+01   0.0000D+00
   0.5733D+00   0.0000D+00   0.1032D+00   0.0000D+00   0.1467D+00   0.0000D+00   0.2230D+00   0.0000D+00   0.4955D-01   0.0000D+00   0.0000D+00   0.0000D+00   0.5733D+00   0.0000D+00   0.1032D+00   0.0000D+00   0.1467D+00   0.0000D+00
   0.0000D+00   0.0000D+00   0.0000D+00   0.0000D+00   0.0000D+00   0.0000D+00   0.0000D+00   0.0000D+00
  -0.2148D+01   0.3751D+00  -0.3058D+01   0.2239D+00   0.1981D+00  -0.2516D+00  -0.3160D+01  -0.9012D-02  -0.2148D+01   0.3751D+00  -0.3058D+01   0.2239D+00
   0.6203D+00  -0.1603D-01   0.1132D+00  -0.6325D-02   0.1138D+00  -0.4749D-01   0.2421D+00   0.0000D+00   0.5974D-01   0.5426D-02  -0.5393D-03   0.1776D-01   0.6203D+00  -0.1603D-01   0.1132D+00  -0.6325D-02   0.1138D+00  -0.4749D-01
  -0.1071D-02  -0.5613D-02  -0.3610D-02  -0.9707D-02  -0.1071D-02  -0.5613D-02  -0.3610D-02  -0.9707D-02
  2.000  0.500
  -0.2638D+01   0.0000D+00  -0.3390D+01   0.0000D+00   0.0000D+00   0.0000D+00  -0.3264D+01   0.0000D+00  -0.2638D+01   0.0000D+00  -0.3390D+01   0.0000D+00
   0.5558D+00   0.0000D+00   0.1003D+00   0.0000D+00   0.1415D+00   0.0000D+00   0.2172D+00   0.0000D+00   0.4826D-01   0.0000D+00   0.0000D+00   0.0000D+00   0.5558D+00   0.0000D+00   0.1003D+00   0.0000D+00   0.1415D+00   0.0000D+00
   0.0000D+00   0.0000D+00   0.0000D+00   0.0000D+00   0.0000D+00   0.0000D+00   0.0000D+00   0.0000D+00
  -0.2063D+01   0.5203D+00  -0.3067D+01   0.3119D+00   0.2917D+00  -0.3501D+00  -0.3220D+01  -0.1236D-01  -0.2063D+01   0.5203D+00  -0.3067D+01   0.3119D+00
   0.6186D+00  -0.1856D-01   0.1137D+00  -0.7345D-02   0.1052D+00  -0.5519D-01   0.2439D+00   0.0000D+00   0.6134D-01   0.6330D-02  -0.7183D-03   0.2072D-01   0.6186D+00  -0.1856D-01   0.1137D+00  -0.7345D-02   0.1052D+00  -0.5519D-01
  -0.1250D-02  -0.6698D-02  -0.4232D-02  -0.1127D-01  -0.1250D-02  -0.6698D-02  -0.4232D-02  -0.1127D-01
  2.000  1.000
  -0.2401D+01   0.0000D+00  -0.3084D+01   0.0000D+00   0.0000D+00   0.0000D+00  -0.2970D+01   0.0000D+00  -0.2401D+01   0.0000D+00  -0.3084D+01   0.0000D+00
   0.5558D+00   0.0000D+00   0.1003D+00   0.0000D+00   0.1415D+00   0.0000D+00   0.2172D+00   0.0000D+00   0.4826D-01   0.0000D+00   0.0000D+00   0.0000D+00   0.5558D+00   0.0000D+00   0.1003D+00   0.0000D+00   0.1415D+00   0.0000D+00
   0.0000D+00   0.0000D+00   0.0000D+00   0.0000D+00   0.0000D+00   0.0000D+00   0.0000D+00   0.0000D+00
  -0.2133D+01   0.4308D+00  -0.3085D+01   0.2582D+00   0.2415D+00  -0.2898D+00  -0.3191D+01  -0.1023D-01  -0.2133D+01   0.4308D+00  -0.3085D+01   0.2582D+00
   0.6141D+00  -0.1688D-01   0.1127D+00  -0.6684D-02   0.1088D+00  -0.5022D-01   0.2417D+00   0.0000D+00   0.6023D-01   0.5759D-02  -0.6477D-03   0.1885D-01   0.6141D+00  -0.1688D-01   0.1127D+00  -0.6684D-02   0.1088D+00  -0.5022D-01
  -0.1137D-02  -0.6095D-02  -0.3850D-02  -0.1026D-01  -0.1137D-02  -0.6095D-02  -0.3850D-02  -0.1026D-01
  2.000  2.000
  -0.2203D+01   0.0000D+00  -0.2830D+01   0.0000D+00   0.0000D+00   0.0000D+00  -0.2726D+01   0.0000D+00  -0.2203D+01   0.0000D+00  -0.2830D+01   0.0000D+00
   0.5558D+00   0.0000D+00   0.1003D+00   0.0000D+00   0.1415D+00   0.0000D+00   0.2172D+00   0.0000D+00   0.4826D-01   0.0000D+00   0.0000D+00   0.0000D+00   0.5558D+00   0.0000D+00   0.1003D+00   0.0000D+00   0.1415D+00   0.0000D+00
   0.0000D+00   0.0000D+00   0.0000D+00   0.0000D+00   0.0000D+00   0.0000D+00   0.0000D+00   0.0000D+00
  -0.2153D+01   0.3628D+00  -0.3056D+01   0.2174D+00   0.2033D+00  -0.2441D+00  -0.3129D+01  -0.8616D-02  -0.2153D+01   0.3628D+00  -0.3056D+01   0.2174D+00
   0.6096D+00  -0.1550D-01   0.1118D+00  -0.6134D-02   0.1116D+00  -0.4608D-01   0.2398D+00   0.0000D+00   0.5928D-01   0.5285D-02  -0.5912D-03   0.1730D-01   0.6096D+00  -0.1550D-01   0.1118D+00  -0.6134D-02   0.1116D+00  -0.4608D-01
  -0.1044D-02  -0.5593D-02  -0.3533D-02  -0.9415D-02  -0.1044D-02  -0.5593D-02  -0.3533D-02  -0.9415D-02
