 LHC=           1 sqrts=   8000.0000000000000      ang=           4 mode=fital                                                                                               scalescheme=           1 R=  0.69999999999999996     
 CT10nlo_rand5678                                                                                             151
 Bin information: chid, chiu, md, mu, mu0
   0.0000000000000000       0.50000000000000000        1588.0000000000000        1784.0000000000000        1686.0000000000000     
 9 scales(muf, mur)*(LO(38), NLO(38))
  0.500  0.500
  -0.1805D-01   0.0000D+00  -0.1194D-01   0.0000D+00   0.0000D+00   0.0000D+00  -0.5254D-02   0.0000D+00  -0.1805D-01   0.0000D+00  -0.1194D-01   0.0000D+00
   0.1055D+00   0.0000D+00   0.1577D-01   0.0000D+00   0.4611D-01   0.0000D+00   0.1535D-01   0.0000D+00   0.3410D-02   0.0000D+00   0.0000D+00   0.0000D+00   0.1055D+00   0.0000D+00   0.1577D-01   0.0000D+00   0.4611D-01   0.0000D+00
   0.0000D+00   0.0000D+00   0.0000D+00   0.0000D+00   0.0000D+00   0.0000D+00   0.0000D+00   0.0000D+00
  -0.1553D-01   0.1334D-02  -0.1074D-01   0.7571D-03   0.5463D-03  -0.4445D-03  -0.4628D-02   0.2899D-03  -0.1553D-01   0.1334D-02  -0.1074D-01   0.7571D-03
   0.7886D-01  -0.4767D-02   0.1206D-01  -0.1360D-02   0.2751D-01  -0.7946D-02   0.1278D-01   0.0000D+00   0.3170D-02   0.3526D-03  -0.6590D-03   0.1154D-02   0.7886D-01  -0.4767D-02   0.1206D-01  -0.1360D-02   0.2751D-01  -0.7946D-02
  -0.5130D-03  -0.1213D-02  -0.5043D-03  -0.1041D-02  -0.5130D-03  -0.1213D-02  -0.5043D-03  -0.1041D-02
  0.500  1.000
  -0.1675D-01   0.0000D+00  -0.1108D-01   0.0000D+00   0.0000D+00   0.0000D+00  -0.4876D-02   0.0000D+00  -0.1675D-01   0.0000D+00  -0.1108D-01   0.0000D+00
   0.1055D+00   0.0000D+00   0.1577D-01   0.0000D+00   0.4611D-01   0.0000D+00   0.1535D-01   0.0000D+00   0.3410D-02   0.0000D+00   0.0000D+00   0.0000D+00   0.1055D+00   0.0000D+00   0.1577D-01   0.0000D+00   0.4611D-01   0.0000D+00
   0.0000D+00   0.0000D+00   0.0000D+00   0.0000D+00   0.0000D+00   0.0000D+00   0.0000D+00   0.0000D+00
  -0.1575D-01   0.1149D-02  -0.1082D-01   0.6521D-03   0.4706D-03  -0.3829D-03  -0.4677D-02   0.2497D-03  -0.1575D-01   0.1149D-02  -0.1082D-01   0.6521D-03
   0.8078D-01  -0.4424D-02   0.1232D-01  -0.1263D-02   0.2885D-01  -0.7375D-02   0.1297D-01   0.0000D+00   0.3187D-02   0.3272D-03  -0.6117D-03   0.1071D-02   0.8078D-01  -0.4424D-02   0.1232D-01  -0.1263D-02   0.2885D-01  -0.7375D-02
  -0.4761D-03  -0.1125D-02  -0.4681D-03  -0.9658D-03  -0.4761D-03  -0.1125D-02  -0.4681D-03  -0.9658D-03
  0.500  2.000
  -0.1563D-01   0.0000D+00  -0.1034D-01   0.0000D+00   0.0000D+00   0.0000D+00  -0.4549D-02   0.0000D+00  -0.1563D-01   0.0000D+00  -0.1034D-01   0.0000D+00
   0.1055D+00   0.0000D+00   0.1577D-01   0.0000D+00   0.4611D-01   0.0000D+00   0.1535D-01   0.0000D+00   0.3410D-02   0.0000D+00   0.0000D+00   0.0000D+00   0.1055D+00   0.0000D+00   0.1577D-01   0.0000D+00   0.4611D-01   0.0000D+00
   0.0000D+00   0.0000D+00   0.0000D+00   0.0000D+00   0.0000D+00   0.0000D+00   0.0000D+00   0.0000D+00
  -0.1577D-01   0.1000D-02  -0.1078D-01   0.5677D-03   0.4097D-03  -0.3333D-03  -0.4672D-02   0.2174D-03  -0.1577D-01   0.1000D-02  -0.1078D-01   0.5677D-03
   0.8245D-01  -0.4128D-02   0.1256D-01  -0.1178D-02   0.3001D-01  -0.6881D-02   0.1313D-01   0.0000D+00   0.3202D-02   0.3053D-03  -0.5708D-03   0.9992D-03   0.8245D-01  -0.4128D-02   0.1256D-01  -0.1178D-02   0.3001D-01  -0.6881D-02
  -0.4442D-03  -0.1050D-02  -0.4367D-03  -0.9011D-03  -0.4442D-03  -0.1050D-02  -0.4367D-03  -0.9011D-03
  1.000  0.500
  -0.1540D-01   0.0000D+00  -0.1019D-01   0.0000D+00   0.0000D+00   0.0000D+00  -0.4480D-02   0.0000D+00  -0.1540D-01   0.0000D+00  -0.1019D-01   0.0000D+00
   0.9004D-01   0.0000D+00   0.1346D-01   0.0000D+00   0.3932D-01   0.0000D+00   0.1307D-01   0.0000D+00   0.2905D-02   0.0000D+00   0.0000D+00   0.0000D+00   0.9004D-01   0.0000D+00   0.1346D-01   0.0000D+00   0.3932D-01   0.0000D+00
   0.0000D+00   0.0000D+00   0.0000D+00   0.0000D+00   0.0000D+00   0.0000D+00   0.0000D+00   0.0000D+00
  -0.1569D-01   0.1138D-02  -0.1077D-01   0.6462D-03   0.4623D-03  -0.3787D-03  -0.4661D-02   0.2478D-03  -0.1569D-01   0.1138D-02  -0.1077D-01   0.6462D-03
   0.8157D-01  -0.4064D-02   0.1241D-01  -0.1161D-02   0.2969D-01  -0.6785D-02   0.1298D-01   0.0000D+00   0.3164D-02   0.3004D-03  -0.5628D-03   0.9830D-03   0.8157D-01  -0.4064D-02   0.1241D-01  -0.1161D-02   0.2969D-01  -0.6785D-02
  -0.4382D-03  -0.1034D-02  -0.4302D-03  -0.8875D-03  -0.4382D-03  -0.1034D-02  -0.4302D-03  -0.8875D-03
  1.000  1.000
  -0.1430D-01   0.0000D+00  -0.9461D-02   0.0000D+00   0.0000D+00   0.0000D+00  -0.4158D-02   0.0000D+00  -0.1430D-01   0.0000D+00  -0.9461D-02   0.0000D+00
   0.9004D-01   0.0000D+00   0.1346D-01   0.0000D+00   0.3932D-01   0.0000D+00   0.1307D-01   0.0000D+00   0.2905D-02   0.0000D+00   0.0000D+00   0.0000D+00   0.9004D-01   0.0000D+00   0.1346D-01   0.0000D+00   0.3932D-01   0.0000D+00
   0.0000D+00   0.0000D+00   0.0000D+00   0.0000D+00   0.0000D+00   0.0000D+00   0.0000D+00   0.0000D+00
  -0.1554D-01   0.9805D-03  -0.1062D-01   0.5566D-03   0.3982D-03  -0.3262D-03  -0.4603D-02   0.2134D-03  -0.1554D-01   0.9805D-03  -0.1062D-01   0.5566D-03
   0.8219D-01  -0.3772D-02   0.1249D-01  -0.1077D-02   0.3039D-01  -0.6297D-02   0.1299D-01   0.0000D+00   0.3145D-02   0.2788D-03  -0.5223D-03   0.9123D-03   0.8219D-01  -0.3772D-02   0.1249D-01  -0.1077D-02   0.3039D-01  -0.6297D-02
  -0.4067D-03  -0.9595D-03  -0.3992D-03  -0.8236D-03  -0.4067D-03  -0.9595D-03  -0.3992D-03  -0.8236D-03
  1.000  2.000
  -0.1334D-01   0.0000D+00  -0.8827D-02   0.0000D+00   0.0000D+00   0.0000D+00  -0.3879D-02   0.0000D+00  -0.1334D-01   0.0000D+00  -0.8827D-02   0.0000D+00
   0.9004D-01   0.0000D+00   0.1346D-01   0.0000D+00   0.3932D-01   0.0000D+00   0.1307D-01   0.0000D+00   0.2905D-02   0.0000D+00   0.0000D+00   0.0000D+00   0.9004D-01   0.0000D+00   0.1346D-01   0.0000D+00   0.3932D-01   0.0000D+00
   0.0000D+00   0.0000D+00   0.0000D+00   0.0000D+00   0.0000D+00   0.0000D+00   0.0000D+00   0.0000D+00
  -0.1528D-01   0.8536D-03  -0.1041D-01   0.4845D-03   0.3467D-03  -0.2840D-03  -0.4519D-02   0.1858D-03  -0.1528D-01   0.8536D-03  -0.1041D-01   0.4845D-03
   0.8272D-01  -0.3519D-02   0.1255D-01  -0.1005D-02   0.3099D-01  -0.5876D-02   0.1299D-01   0.0000D+00   0.3129D-02   0.2601D-03  -0.4874D-03   0.8512D-03   0.8272D-01  -0.3519D-02   0.1255D-01  -0.1005D-02   0.3099D-01  -0.5876D-02
  -0.3794D-03  -0.8953D-03  -0.3725D-03  -0.7685D-03  -0.3794D-03  -0.8953D-03  -0.3725D-03  -0.7685D-03
  2.000  0.500
  -0.1327D-01   0.0000D+00  -0.8800D-02   0.0000D+00   0.0000D+00   0.0000D+00  -0.3857D-02   0.0000D+00  -0.1327D-01   0.0000D+00  -0.8800D-02   0.0000D+00
   0.7761D-01   0.0000D+00   0.1160D-01   0.0000D+00   0.3387D-01   0.0000D+00   0.1126D-01   0.0000D+00   0.2501D-02   0.0000D+00   0.0000D+00   0.0000D+00   0.7761D-01   0.0000D+00   0.1160D-01   0.0000D+00   0.3387D-01   0.0000D+00
   0.0000D+00   0.0000D+00   0.0000D+00   0.0000D+00   0.0000D+00   0.0000D+00   0.0000D+00   0.0000D+00
  -0.1566D-01   0.9821D-03  -0.1071D-01   0.5568D-03   0.3988D-03  -0.3264D-03  -0.4633D-02   0.2140D-03  -0.1566D-01   0.9821D-03  -0.1071D-01   0.5568D-03
   0.8277D-01  -0.3502D-02   0.1255D-01  -0.1000D-02   0.3106D-01  -0.5847D-02   0.1300D-01   0.0000D+00   0.3128D-02   0.2586D-03  -0.4828D-03   0.8462D-03   0.8277D-01  -0.3502D-02   0.1255D-01  -0.1000D-02   0.3106D-01  -0.5847D-02
  -0.3776D-03  -0.8907D-03  -0.3710D-03  -0.7639D-03  -0.3776D-03  -0.8907D-03  -0.3710D-03  -0.7639D-03
  2.000  1.000
  -0.1231D-01   0.0000D+00  -0.8167D-02   0.0000D+00   0.0000D+00   0.0000D+00  -0.3580D-02   0.0000D+00  -0.1231D-01   0.0000D+00  -0.8167D-02   0.0000D+00
   0.7761D-01   0.0000D+00   0.1160D-01   0.0000D+00   0.3387D-01   0.0000D+00   0.1126D-01   0.0000D+00   0.2501D-02   0.0000D+00   0.0000D+00   0.0000D+00   0.7761D-01   0.0000D+00   0.1160D-01   0.0000D+00   0.3387D-01   0.0000D+00
   0.0000D+00   0.0000D+00   0.0000D+00   0.0000D+00   0.0000D+00   0.0000D+00   0.0000D+00   0.0000D+00
  -0.1523D-01   0.8459D-03  -0.1038D-01   0.4796D-03   0.3435D-03  -0.2812D-03  -0.4497D-02   0.1843D-03  -0.1523D-01   0.8459D-03  -0.1038D-01   0.4796D-03
   0.8241D-01  -0.3251D-02   0.1248D-01  -0.9284D-03   0.3126D-01  -0.5426D-02   0.1288D-01   0.0000D+00   0.3083D-02   0.2400D-03  -0.4481D-03   0.7854D-03   0.8241D-01  -0.3251D-02   0.1248D-01  -0.9284D-03   0.3126D-01  -0.5426D-02
  -0.3505D-03  -0.8266D-03  -0.3443D-03  -0.7090D-03  -0.3505D-03  -0.8266D-03  -0.3443D-03  -0.7090D-03
  2.000  2.000
  -0.1149D-01   0.0000D+00  -0.7620D-02   0.0000D+00   0.0000D+00   0.0000D+00  -0.3340D-02   0.0000D+00  -0.1149D-01   0.0000D+00  -0.7620D-02   0.0000D+00
   0.7761D-01   0.0000D+00   0.1160D-01   0.0000D+00   0.3387D-01   0.0000D+00   0.1126D-01   0.0000D+00   0.2501D-02   0.0000D+00   0.0000D+00   0.0000D+00   0.7761D-01   0.0000D+00   0.1160D-01   0.0000D+00   0.3387D-01   0.0000D+00
   0.0000D+00   0.0000D+00   0.0000D+00   0.0000D+00   0.0000D+00   0.0000D+00   0.0000D+00   0.0000D+00
  -0.1477D-01   0.7364D-03  -0.1004D-01   0.4175D-03   0.2991D-03  -0.2448D-03  -0.4356D-02   0.1604D-03  -0.1477D-01   0.7364D-03  -0.1004D-01   0.4175D-03
   0.8209D-01  -0.3033D-02   0.1242D-01  -0.8662D-03   0.3144D-01  -0.5063D-02   0.1277D-01   0.0000D+00   0.3044D-02   0.2239D-03  -0.4181D-03   0.7328D-03   0.8209D-01  -0.3033D-02   0.1242D-01  -0.8662D-03   0.3144D-01  -0.5063D-02
  -0.3270D-03  -0.7713D-03  -0.3212D-03  -0.6615D-03  -0.3270D-03  -0.7713D-03  -0.3212D-03  -0.6615D-03
