 LHC=           1 sqrts=   8000.0000000000000      ang=           4 mode=fital                                                                                               scalescheme=           1 R=  0.69999999999999996     
 CT10nlo_rand5678                                                                                              66
 Bin information: chid, chiu, md, mu, mu0
   0.0000000000000000       0.50000000000000000        220.00000000000000        245.00000000000000        232.50000000000000     
 9 scales(muf, mur)*(LO(38), NLO(38))
  0.500  0.500
  -0.3396D+01   0.0000D+00  -0.4545D+01   0.0000D+00   0.0000D+00   0.0000D+00  -0.4519D+01   0.0000D+00  -0.3396D+01   0.0000D+00  -0.4545D+01   0.0000D+00
   0.5995D+00   0.0000D+00   0.1088D+00   0.0000D+00   0.1452D+00   0.0000D+00   0.2388D+00   0.0000D+00   0.5306D-01   0.0000D+00   0.0000D+00   0.0000D+00   0.5995D+00   0.0000D+00   0.1088D+00   0.0000D+00   0.1452D+00   0.0000D+00
   0.0000D+00   0.0000D+00   0.0000D+00   0.0000D+00   0.0000D+00   0.0000D+00   0.0000D+00   0.0000D+00
  -0.2366D+01   0.7165D+00  -0.3823D+01   0.4262D+00   0.3707D+00  -0.4915D+00  -0.4142D+01  -0.2509D-01  -0.2366D+01   0.7165D+00  -0.3823D+01   0.4262D+00
   0.6774D+00  -0.1925D-01   0.1247D+00  -0.7827D-02   0.1060D+00  -0.6067D-01   0.2667D+00   0.0000D+00   0.6747D-01   0.7041D-02  -0.1405D-03   0.2304D-01   0.6774D+00  -0.1925D-01   0.1247D+00  -0.7827D-02   0.1060D+00  -0.6067D-01
  -0.1200D-02  -0.6908D-02  -0.4490D-02  -0.1259D-01  -0.1200D-02  -0.6908D-02  -0.4490D-02  -0.1259D-01
  0.500  1.000
  -0.3086D+01   0.0000D+00  -0.4129D+01   0.0000D+00   0.0000D+00   0.0000D+00  -0.4107D+01   0.0000D+00  -0.3086D+01   0.0000D+00  -0.4129D+01   0.0000D+00
   0.5995D+00   0.0000D+00   0.1088D+00   0.0000D+00   0.1452D+00   0.0000D+00   0.2388D+00   0.0000D+00   0.5306D-01   0.0000D+00   0.0000D+00   0.0000D+00   0.5995D+00   0.0000D+00   0.1088D+00   0.0000D+00   0.1452D+00   0.0000D+00
   0.0000D+00   0.0000D+00   0.0000D+00   0.0000D+00   0.0000D+00   0.0000D+00   0.0000D+00   0.0000D+00
  -0.2508D+01   0.5916D+00  -0.3898D+01   0.3519D+00   0.3060D+00  -0.4058D+00  -0.4156D+01  -0.2072D-01  -0.2508D+01   0.5916D+00  -0.3898D+01   0.3519D+00
   0.6710D+00  -0.1749D-01   0.1234D+00  -0.7113D-02   0.1097D+00  -0.5513D-01   0.2644D+00   0.0000D+00   0.6621D-01   0.6398D-02  -0.1202D-03   0.2094D-01   0.6710D+00  -0.1749D-01   0.1234D+00  -0.7113D-02   0.1097D+00  -0.5513D-01
  -0.1090D-02  -0.6277D-02  -0.4080D-02  -0.1144D-01  -0.1090D-02  -0.6277D-02  -0.4080D-02  -0.1144D-01
  0.500  2.000
  -0.2829D+01   0.0000D+00  -0.3785D+01   0.0000D+00   0.0000D+00   0.0000D+00  -0.3764D+01   0.0000D+00  -0.2829D+01   0.0000D+00  -0.3785D+01   0.0000D+00
   0.5995D+00   0.0000D+00   0.1088D+00   0.0000D+00   0.1452D+00   0.0000D+00   0.2388D+00   0.0000D+00   0.5306D-01   0.0000D+00   0.0000D+00   0.0000D+00   0.5995D+00   0.0000D+00   0.1088D+00   0.0000D+00   0.1452D+00   0.0000D+00
   0.0000D+00   0.0000D+00   0.0000D+00   0.0000D+00   0.0000D+00   0.0000D+00   0.0000D+00   0.0000D+00
  -0.2571D+01   0.4970D+00  -0.3895D+01   0.2957D+00   0.2570D+00  -0.3410D+00  -0.4109D+01  -0.1741D-01  -0.2571D+01   0.4970D+00  -0.3895D+01   0.2957D+00
   0.6655D+00  -0.1603D-01   0.1222D+00  -0.6520D-02   0.1128D+00  -0.5053D-01   0.2624D+00   0.0000D+00   0.6516D-01   0.5865D-02  -0.1043D-03   0.1919D-01   0.6655D+00  -0.1603D-01   0.1222D+00  -0.6520D-02   0.1128D+00  -0.5053D-01
  -0.9992D-03  -0.5754D-02  -0.3739D-02  -0.1048D-01  -0.9992D-03  -0.5754D-02  -0.3739D-02  -0.1048D-01
  1.000  0.500
  -0.3286D+01   0.0000D+00  -0.4467D+01   0.0000D+00   0.0000D+00   0.0000D+00  -0.4405D+01   0.0000D+00  -0.3286D+01   0.0000D+00  -0.4467D+01   0.0000D+00
   0.5871D+00   0.0000D+00   0.1068D+00   0.0000D+00   0.1419D+00   0.0000D+00   0.2334D+00   0.0000D+00   0.5188D-01   0.0000D+00   0.0000D+00   0.0000D+00   0.5871D+00   0.0000D+00   0.1068D+00   0.0000D+00   0.1419D+00   0.0000D+00
   0.0000D+00   0.0000D+00   0.0000D+00   0.0000D+00   0.0000D+00   0.0000D+00   0.0000D+00   0.0000D+00
  -0.2395D+01   0.7012D+00  -0.3862D+01   0.4178D+00   0.3550D+00  -0.4782D+00  -0.4139D+01  -0.2469D-01  -0.2395D+01   0.7012D+00  -0.3862D+01   0.4178D+00
   0.6628D+00  -0.1891D-01   0.1231D+00  -0.7709D-02   0.1051D+00  -0.5939D-01   0.2627D+00   0.0000D+00   0.6637D-01   0.6900D-02  -0.1715D-03   0.2258D-01   0.6628D+00  -0.1891D-01   0.1231D+00  -0.7709D-02   0.1051D+00  -0.5939D-01
  -0.1178D-02  -0.6681D-02  -0.4441D-02  -0.1230D-01  -0.1178D-02  -0.6681D-02  -0.4441D-02  -0.1230D-01
  1.000  1.000
  -0.2986D+01   0.0000D+00  -0.4059D+01   0.0000D+00   0.0000D+00   0.0000D+00  -0.4002D+01   0.0000D+00  -0.2986D+01   0.0000D+00  -0.4059D+01   0.0000D+00
   0.5871D+00   0.0000D+00   0.1068D+00   0.0000D+00   0.1419D+00   0.0000D+00   0.2334D+00   0.0000D+00   0.5188D-01   0.0000D+00   0.0000D+00   0.0000D+00   0.5871D+00   0.0000D+00   0.1068D+00   0.0000D+00   0.1419D+00   0.0000D+00
   0.0000D+00   0.0000D+00   0.0000D+00   0.0000D+00   0.0000D+00   0.0000D+00   0.0000D+00   0.0000D+00
  -0.2513D+01   0.5789D+00  -0.3917D+01   0.3450D+00   0.2930D+00  -0.3948D+00  -0.4136D+01  -0.2038D-01  -0.2513D+01   0.5789D+00  -0.3917D+01   0.3450D+00
   0.6565D+00  -0.1718D-01   0.1218D+00  -0.7005D-02   0.1087D+00  -0.5397D-01   0.2602D+00   0.0000D+00   0.6510D-01   0.6270D-02  -0.1495D-03   0.2052D-01   0.6565D+00  -0.1718D-01   0.1218D+00  -0.7005D-02   0.1087D+00  -0.5397D-01
  -0.1070D-02  -0.6071D-02  -0.4035D-02  -0.1118D-01  -0.1070D-02  -0.6071D-02  -0.4035D-02  -0.1118D-01
  1.000  2.000
  -0.2737D+01   0.0000D+00  -0.3720D+01   0.0000D+00   0.0000D+00   0.0000D+00  -0.3669D+01   0.0000D+00  -0.2737D+01   0.0000D+00  -0.3720D+01   0.0000D+00
   0.5871D+00   0.0000D+00   0.1068D+00   0.0000D+00   0.1419D+00   0.0000D+00   0.2334D+00   0.0000D+00   0.5188D-01   0.0000D+00   0.0000D+00   0.0000D+00   0.5871D+00   0.0000D+00   0.1068D+00   0.0000D+00   0.1419D+00   0.0000D+00
   0.0000D+00   0.0000D+00   0.0000D+00   0.0000D+00   0.0000D+00   0.0000D+00   0.0000D+00   0.0000D+00
  -0.2560D+01   0.4864D+00  -0.3901D+01   0.2898D+00   0.2461D+00  -0.3317D+00  -0.4076D+01  -0.1713D-01  -0.2560D+01   0.4864D+00  -0.3901D+01   0.2898D+00
   0.6512D+00  -0.1575D-01   0.1206D+00  -0.6421D-02   0.1116D+00  -0.4947D-01   0.2581D+00   0.0000D+00   0.6404D-01   0.5747D-02  -0.1321D-03   0.1881D-01   0.6512D+00  -0.1575D-01   0.1206D+00  -0.6421D-02   0.1116D+00  -0.4947D-01
  -0.9808D-03  -0.5565D-02  -0.3699D-02  -0.1025D-01  -0.9808D-03  -0.5565D-02  -0.3699D-02  -0.1025D-01
  2.000  0.500
  -0.3210D+01   0.0000D+00  -0.4354D+01   0.0000D+00   0.0000D+00   0.0000D+00  -0.4310D+01   0.0000D+00  -0.3210D+01   0.0000D+00  -0.4354D+01   0.0000D+00
   0.5721D+00   0.0000D+00   0.1042D+00   0.0000D+00   0.1376D+00   0.0000D+00   0.2282D+00   0.0000D+00   0.5070D-01   0.0000D+00   0.0000D+00   0.0000D+00   0.5721D+00   0.0000D+00   0.1042D+00   0.0000D+00   0.1376D+00   0.0000D+00
   0.0000D+00   0.0000D+00   0.0000D+00   0.0000D+00   0.0000D+00   0.0000D+00   0.0000D+00   0.0000D+00
  -0.2423D+01   0.6854D+00  -0.3894D+01   0.4081D+00   0.3643D+00  -0.4679D+00  -0.4190D+01  -0.2370D-01  -0.2423D+01   0.6854D+00  -0.3894D+01   0.4081D+00
   0.6494D+00  -0.1827D-01   0.1197D+00  -0.7482D-02   0.1031D+00  -0.5740D-01   0.2592D+00   0.0000D+00   0.6547D-01   0.6740D-02  -0.1815D-03   0.2206D-01   0.6494D+00  -0.1827D-01   0.1197D+00  -0.7482D-02   0.1031D+00  -0.5740D-01
  -0.1156D-02  -0.6585D-02  -0.4365D-02  -0.1203D-01  -0.1156D-02  -0.6585D-02  -0.4365D-02  -0.1203D-01
  2.000  1.000
  -0.2917D+01   0.0000D+00  -0.3956D+01   0.0000D+00   0.0000D+00   0.0000D+00  -0.3916D+01   0.0000D+00  -0.2917D+01   0.0000D+00  -0.3956D+01   0.0000D+00
   0.5721D+00   0.0000D+00   0.1042D+00   0.0000D+00   0.1376D+00   0.0000D+00   0.2282D+00   0.0000D+00   0.5070D-01   0.0000D+00   0.0000D+00   0.0000D+00   0.5721D+00   0.0000D+00   0.1042D+00   0.0000D+00   0.1376D+00   0.0000D+00
   0.0000D+00   0.0000D+00   0.0000D+00   0.0000D+00   0.0000D+00   0.0000D+00   0.0000D+00   0.0000D+00
  -0.2528D+01   0.5659D+00  -0.3929D+01   0.3370D+00   0.3008D+00  -0.3863D+00  -0.4165D+01  -0.1957D-01  -0.2528D+01   0.5659D+00  -0.3929D+01   0.3370D+00
   0.6472D+00  -0.1660D-01   0.1191D+00  -0.6799D-02   0.1077D+00  -0.5216D-01   0.2574D+00   0.0000D+00   0.6445D-01   0.6125D-02  -0.1518D-03   0.2005D-01   0.6472D+00  -0.1660D-01   0.1191D+00  -0.6799D-02   0.1077D+00  -0.5216D-01
  -0.1050D-02  -0.5984D-02  -0.3966D-02  -0.1093D-01  -0.1050D-02  -0.5984D-02  -0.3966D-02  -0.1093D-01
  2.000  2.000
  -0.2673D+01   0.0000D+00  -0.3626D+01   0.0000D+00   0.0000D+00   0.0000D+00  -0.3589D+01   0.0000D+00  -0.2673D+01   0.0000D+00  -0.3626D+01   0.0000D+00
   0.5721D+00   0.0000D+00   0.1042D+00   0.0000D+00   0.1376D+00   0.0000D+00   0.2282D+00   0.0000D+00   0.5070D-01   0.0000D+00   0.0000D+00   0.0000D+00   0.5721D+00   0.0000D+00   0.1042D+00   0.0000D+00   0.1376D+00   0.0000D+00
   0.0000D+00   0.0000D+00   0.0000D+00   0.0000D+00   0.0000D+00   0.0000D+00   0.0000D+00   0.0000D+00
  -0.2563D+01   0.4754D+00  -0.3896D+01   0.2831D+00   0.2526D+00  -0.3245D+00  -0.4088D+01  -0.1644D-01  -0.2563D+01   0.4754D+00  -0.3896D+01   0.2831D+00
   0.6414D+00  -0.1522D-01   0.1180D+00  -0.6232D-02   0.1103D+00  -0.4781D-01   0.2551D+00   0.0000D+00   0.6335D-01   0.5614D-02  -0.1342D-03   0.1837D-01   0.6414D+00  -0.1522D-01   0.1180D+00  -0.6232D-02   0.1103D+00  -0.4781D-01
  -0.9625D-03  -0.5485D-02  -0.3635D-02  -0.1002D-01  -0.9625D-03  -0.5485D-02  -0.3635D-02  -0.1002D-01
