 LHC=           1 sqrts=   8000.0000000000000      ang=           4 mode=fital                                                                                               scalescheme=           1 R=  0.69999999999999996     
 MSTW2008nlo68cl_rand1235                                                                                      90
 Bin information: chid, chiu, md, mu, mu0
   0.0000000000000000       0.50000000000000000        2500.0000000000000        2750.0000000000000        2625.0000000000000     
 9 scales(muf, mur)*(LO(38), NLO(38))
  0.500  0.500
  -0.6840D-04   0.0000D+00  -0.2960D-04   0.0000D+00   0.0000D+00   0.0000D+00  -0.1172D-04   0.0000D+00  -0.6840D-04   0.0000D+00  -0.2960D-04   0.0000D+00
   0.7429D-03   0.0000D+00   0.9359D-04   0.0000D+00   0.4291D-03   0.0000D+00   0.7930D-04   0.0000D+00   0.1762D-04   0.0000D+00   0.0000D+00   0.0000D+00   0.7429D-03   0.0000D+00   0.9359D-04   0.0000D+00   0.4291D-03   0.0000D+00
   0.0000D+00   0.0000D+00   0.0000D+00   0.0000D+00   0.0000D+00   0.0000D+00   0.0000D+00   0.0000D+00
  -0.6760D-04   0.3169D-05  -0.2879D-04   0.2187D-05   0.5630D-06  -0.9574D-06  -0.1089D-04   0.7599D-06  -0.6760D-04   0.3169D-05  -0.2879D-04   0.2187D-05
   0.5977D-03  -0.4284D-04   0.7356D-04  -0.1062D-04   0.3212D-03  -0.5216D-04   0.7060D-04   0.0000D+00   0.1715D-04   0.1760D-05  -0.2749D-05   0.5760D-05   0.5977D-03  -0.4284D-04   0.7356D-04  -0.1062D-04   0.3212D-03  -0.5216D-04
  -0.4783D-05  -0.1036D-04  -0.2901D-05  -0.5733D-05  -0.4783D-05  -0.1036D-04  -0.2901D-05  -0.5733D-05
  0.500  1.000
  -0.6365D-04   0.0000D+00  -0.2754D-04   0.0000D+00   0.0000D+00   0.0000D+00  -0.1090D-04   0.0000D+00  -0.6365D-04   0.0000D+00  -0.2754D-04   0.0000D+00
   0.7429D-03   0.0000D+00   0.9359D-04   0.0000D+00   0.4291D-03   0.0000D+00   0.7930D-04   0.0000D+00   0.1762D-04   0.0000D+00   0.0000D+00   0.0000D+00   0.7429D-03   0.0000D+00   0.9359D-04   0.0000D+00   0.4291D-03   0.0000D+00
   0.0000D+00   0.0000D+00   0.0000D+00   0.0000D+00   0.0000D+00   0.0000D+00   0.0000D+00   0.0000D+00
  -0.6724D-04   0.2743D-05  -0.2870D-04   0.1893D-05   0.4875D-06  -0.8288D-06  -0.1092D-04   0.6579D-06  -0.6724D-04   0.2743D-05  -0.2870D-04   0.1893D-05
   0.6078D-03  -0.3986D-04   0.7496D-04  -0.9883D-05   0.3287D-03  -0.4853D-04   0.7121D-04   0.0000D+00   0.1719D-04   0.1638D-05  -0.2558D-05   0.5360D-05   0.6078D-03  -0.3986D-04   0.7496D-04  -0.9883D-05   0.3287D-03  -0.4853D-04
  -0.4450D-05  -0.9635D-05  -0.2699D-05  -0.5335D-05  -0.4450D-05  -0.9635D-05  -0.2699D-05  -0.5335D-05
  0.500  2.000
  -0.5952D-04   0.0000D+00  -0.2575D-04   0.0000D+00   0.0000D+00   0.0000D+00  -0.1020D-04   0.0000D+00  -0.5952D-04   0.0000D+00  -0.2575D-04   0.0000D+00
   0.7429D-03   0.0000D+00   0.9359D-04   0.0000D+00   0.4291D-03   0.0000D+00   0.7930D-04   0.0000D+00   0.1762D-04   0.0000D+00   0.0000D+00   0.0000D+00   0.7429D-03   0.0000D+00   0.9359D-04   0.0000D+00   0.4291D-03   0.0000D+00
   0.0000D+00   0.0000D+00   0.0000D+00   0.0000D+00   0.0000D+00   0.0000D+00   0.0000D+00   0.0000D+00
  -0.6641D-04   0.2399D-05  -0.2839D-04   0.1655D-05   0.4263D-06  -0.7247D-06  -0.1085D-04   0.5752D-06  -0.6641D-04   0.2399D-05  -0.2839D-04   0.1655D-05
   0.6166D-03  -0.3727D-04   0.7617D-04  -0.9242D-05   0.3353D-03  -0.4538D-04   0.7173D-04   0.0000D+00   0.1722D-04   0.1531D-05  -0.2392D-05   0.5012D-05   0.6166D-03  -0.3727D-04   0.7617D-04  -0.9242D-05   0.3353D-03  -0.4538D-04
  -0.4161D-05  -0.9010D-05  -0.2524D-05  -0.4988D-05  -0.4161D-05  -0.9010D-05  -0.2524D-05  -0.4988D-05
  1.000  0.500
  -0.5431D-04   0.0000D+00  -0.2343D-04   0.0000D+00   0.0000D+00   0.0000D+00  -0.9280D-05   0.0000D+00  -0.5431D-04   0.0000D+00  -0.2343D-04   0.0000D+00
   0.5885D-03   0.0000D+00   0.7402D-04   0.0000D+00   0.3405D-03   0.0000D+00   0.6282D-04   0.0000D+00   0.1396D-04   0.0000D+00   0.0000D+00   0.0000D+00   0.5885D-03   0.0000D+00   0.7402D-04   0.0000D+00   0.3405D-03   0.0000D+00
   0.0000D+00   0.0000D+00   0.0000D+00   0.0000D+00   0.0000D+00   0.0000D+00   0.0000D+00   0.0000D+00
  -0.6624D-04   0.2509D-05  -0.2828D-04   0.1734D-05   0.4349D-06  -0.7580D-06  -0.1079D-04   0.6010D-06  -0.6624D-04   0.2509D-05  -0.2828D-04   0.1734D-05
   0.6108D-03  -0.3400D-04   0.7553D-04  -0.8422D-05   0.3336D-03  -0.4130D-04   0.7064D-04   0.0000D+00   0.1687D-04   0.1394D-05  -0.2144D-05   0.4562D-05   0.6108D-03  -0.3400D-04   0.7553D-04  -0.8422D-05   0.3336D-03  -0.4130D-04
  -0.3798D-05  -0.8227D-05  -0.2297D-05  -0.4543D-05  -0.3798D-05  -0.8227D-05  -0.2297D-05  -0.4543D-05
  1.000  1.000
  -0.5053D-04   0.0000D+00  -0.2180D-04   0.0000D+00   0.0000D+00   0.0000D+00  -0.8635D-05   0.0000D+00  -0.5053D-04   0.0000D+00  -0.2180D-04   0.0000D+00
   0.5885D-03   0.0000D+00   0.7402D-04   0.0000D+00   0.3405D-03   0.0000D+00   0.6282D-04   0.0000D+00   0.1396D-04   0.0000D+00   0.0000D+00   0.0000D+00   0.5885D-03   0.0000D+00   0.7402D-04   0.0000D+00   0.3405D-03   0.0000D+00
   0.0000D+00   0.0000D+00   0.0000D+00   0.0000D+00   0.0000D+00   0.0000D+00   0.0000D+00   0.0000D+00
  -0.6427D-04   0.2172D-05  -0.2747D-04   0.1501D-05   0.3766D-06  -0.6562D-06  -0.1053D-04   0.5202D-06  -0.6427D-04   0.2172D-05  -0.2747D-04   0.1501D-05
   0.6093D-03  -0.3164D-04   0.7543D-04  -0.7836D-05   0.3341D-03  -0.3843D-04   0.7010D-04   0.0000D+00   0.1666D-04   0.1297D-05  -0.1995D-05   0.4245D-05   0.6093D-03  -0.3164D-04   0.7543D-04  -0.7836D-05   0.3341D-03  -0.3843D-04
  -0.3534D-05  -0.7655D-05  -0.2137D-05  -0.4227D-05  -0.3534D-05  -0.7655D-05  -0.2137D-05  -0.4227D-05
  1.000  2.000
  -0.4725D-04   0.0000D+00  -0.2039D-04   0.0000D+00   0.0000D+00   0.0000D+00  -0.8074D-05   0.0000D+00  -0.4725D-04   0.0000D+00  -0.2039D-04   0.0000D+00
   0.5885D-03   0.0000D+00   0.7402D-04   0.0000D+00   0.3405D-03   0.0000D+00   0.6282D-04   0.0000D+00   0.1396D-04   0.0000D+00   0.0000D+00   0.0000D+00   0.5885D-03   0.0000D+00   0.7402D-04   0.0000D+00   0.3405D-03   0.0000D+00
   0.0000D+00   0.0000D+00   0.0000D+00   0.0000D+00   0.0000D+00   0.0000D+00   0.0000D+00   0.0000D+00
  -0.6224D-04   0.1899D-05  -0.2663D-04   0.1312D-05   0.3293D-06  -0.5738D-06  -0.1024D-04   0.4549D-06  -0.6224D-04   0.1899D-05  -0.2663D-04   0.1312D-05
   0.6080D-03  -0.2958D-04   0.7534D-04  -0.7327D-05   0.3346D-03  -0.3594D-04   0.6963D-04   0.0000D+00   0.1649D-04   0.1213D-05  -0.1866D-05   0.3969D-05   0.6080D-03  -0.2958D-04   0.7534D-04  -0.7327D-05   0.3346D-03  -0.3594D-04
  -0.3305D-05  -0.7158D-05  -0.1999D-05  -0.3953D-05  -0.3305D-05  -0.7158D-05  -0.1999D-05  -0.3953D-05
  2.000  0.500
  -0.4379D-04   0.0000D+00  -0.1883D-04   0.0000D+00   0.0000D+00   0.0000D+00  -0.7461D-05   0.0000D+00  -0.4379D-04   0.0000D+00  -0.1883D-04   0.0000D+00
   0.4731D-03   0.0000D+00   0.5946D-04   0.0000D+00   0.2743D-03   0.0000D+00   0.5049D-04   0.0000D+00   0.1122D-04   0.0000D+00   0.0000D+00   0.0000D+00   0.4731D-03   0.0000D+00   0.5946D-04   0.0000D+00   0.2743D-03   0.0000D+00
   0.0000D+00   0.0000D+00   0.0000D+00   0.0000D+00   0.0000D+00   0.0000D+00   0.0000D+00   0.0000D+00
  -0.6363D-04   0.2017D-05  -0.2718D-04   0.1395D-05   0.3438D-06  -0.6095D-06  -0.1043D-04   0.4829D-06  -0.6363D-04   0.2017D-05  -0.2718D-04   0.1395D-05
   0.6024D-03  -0.2739D-04   0.7471D-04  -0.6778D-05   0.3330D-03  -0.3320D-04   0.6867D-04   0.0000D+00   0.1621D-04   0.1121D-05  -0.1714D-05   0.3667D-05   0.6024D-03  -0.2739D-04   0.7471D-04  -0.6778D-05   0.3330D-03  -0.3320D-04
  -0.3063D-05  -0.6634D-05  -0.1848D-05  -0.3648D-05  -0.3063D-05  -0.6634D-05  -0.1848D-05  -0.3648D-05
  2.000  1.000
  -0.4074D-04   0.0000D+00  -0.1752D-04   0.0000D+00   0.0000D+00   0.0000D+00  -0.6942D-05   0.0000D+00  -0.4074D-04   0.0000D+00  -0.1752D-04   0.0000D+00
   0.4731D-03   0.0000D+00   0.5946D-04   0.0000D+00   0.2743D-03   0.0000D+00   0.5049D-04   0.0000D+00   0.1122D-04   0.0000D+00   0.0000D+00   0.0000D+00   0.4731D-03   0.0000D+00   0.5946D-04   0.0000D+00   0.2743D-03   0.0000D+00
   0.0000D+00   0.0000D+00   0.0000D+00   0.0000D+00   0.0000D+00   0.0000D+00   0.0000D+00   0.0000D+00
  -0.6067D-04   0.1746D-05  -0.2593D-04   0.1208D-05   0.2976D-06  -0.5276D-06  -0.9981D-05   0.4180D-06  -0.6067D-04   0.1746D-05  -0.2593D-04   0.1208D-05
   0.5934D-03  -0.2548D-04   0.7365D-04  -0.6306D-05   0.3289D-03  -0.3089D-04   0.6741D-04   0.0000D+00   0.1586D-04   0.1043D-05  -0.1595D-05   0.3412D-05   0.5934D-03  -0.2548D-04   0.7365D-04  -0.6306D-05   0.3289D-03  -0.3089D-04
  -0.2850D-05  -0.6172D-05  -0.1719D-05  -0.3395D-05  -0.2850D-05  -0.6172D-05  -0.1719D-05  -0.3395D-05
  2.000  2.000
  -0.3810D-04   0.0000D+00  -0.1639D-04   0.0000D+00   0.0000D+00   0.0000D+00  -0.6491D-05   0.0000D+00  -0.3810D-04   0.0000D+00  -0.1639D-04   0.0000D+00
   0.4731D-03   0.0000D+00   0.5946D-04   0.0000D+00   0.2743D-03   0.0000D+00   0.5049D-04   0.0000D+00   0.1122D-04   0.0000D+00   0.0000D+00   0.0000D+00   0.4731D-03   0.0000D+00   0.5946D-04   0.0000D+00   0.2743D-03   0.0000D+00
   0.0000D+00   0.0000D+00   0.0000D+00   0.0000D+00   0.0000D+00   0.0000D+00   0.0000D+00   0.0000D+00
  -0.5792D-04   0.1527D-05  -0.2477D-04   0.1056D-05   0.2603D-06  -0.4614D-06  -0.9558D-05   0.3655D-06  -0.5792D-04   0.1527D-05  -0.2477D-04   0.1056D-05
   0.5857D-03  -0.2383D-04   0.7273D-04  -0.5897D-05   0.3254D-03  -0.2889D-04   0.6631D-04   0.0000D+00   0.1556D-04   0.9749D-06  -0.1491D-05   0.3191D-05   0.5857D-03  -0.2383D-04   0.7273D-04  -0.5897D-05   0.3254D-03  -0.2889D-04
  -0.2665D-05  -0.5772D-05  -0.1608D-05  -0.3174D-05  -0.2665D-05  -0.5772D-05  -0.1608D-05  -0.3174D-05
