 LHC=           1 sqrts=   8000.0000000000000      ang=           4 mode=fital                                                                                               scalescheme=           1 R=  0.69999999999999996     
 MSTW2008nlo68cl_rand1235                                                                                      79
 Bin information: chid, chiu, md, mu, mu0
   0.0000000000000000       0.50000000000000000        133.00000000000000        153.00000000000000        143.00000000000000     
 9 scales(muf, mur)*(LO(38), NLO(38))
  0.500  0.500
  -0.8253D+01   0.0000D+00  -0.1241D+02   0.0000D+00   0.0000D+00   0.0000D+00  -0.1298D+02   0.0000D+00  -0.8253D+01   0.0000D+00  -0.1241D+02   0.0000D+00
   0.5549D+00   0.0000D+00   0.1032D+00   0.0000D+00   0.1244D+00   0.0000D+00   0.2422D+00   0.0000D+00   0.5382D-01   0.0000D+00   0.0000D+00   0.0000D+00   0.5549D+00   0.0000D+00   0.1032D+00   0.0000D+00   0.1244D+00   0.0000D+00
   0.0000D+00   0.0000D+00   0.0000D+00   0.0000D+00   0.0000D+00   0.0000D+00   0.0000D+00   0.0000D+00
  -0.5668D+01   0.2151D+01  -0.1016D+02   0.1302D+01   0.9958D+00  -0.1551D+01  -0.1169D+02  -0.1297D+00  -0.5668D+01   0.2151D+01  -0.1016D+02   0.1302D+01
   0.8026D+00  -0.1803D-01   0.1483D+00  -0.7861D-02   0.1262D+00  -0.6245D-01   0.3306D+00   0.0000D+00   0.8486D-01   0.7913D-02   0.2684D-02   0.2590D-01   0.8026D+00  -0.1803D-01   0.1483D+00  -0.7861D-02   0.1262D+00  -0.6245D-01
  -0.7919D-03  -0.7060D-02  -0.4320D-02  -0.1350D-01  -0.7919D-03  -0.7060D-02  -0.4320D-02  -0.1350D-01
  0.500  1.000
  -0.7430D+01   0.0000D+00  -0.1117D+02   0.0000D+00   0.0000D+00   0.0000D+00  -0.1168D+02   0.0000D+00  -0.7430D+01   0.0000D+00  -0.1117D+02   0.0000D+00
   0.5549D+00   0.0000D+00   0.1032D+00   0.0000D+00   0.1244D+00   0.0000D+00   0.2422D+00   0.0000D+00   0.5382D-01   0.0000D+00   0.0000D+00   0.0000D+00   0.5549D+00   0.0000D+00   0.1032D+00   0.0000D+00   0.1244D+00   0.0000D+00
   0.0000D+00   0.0000D+00   0.0000D+00   0.0000D+00   0.0000D+00   0.0000D+00   0.0000D+00   0.0000D+00
  -0.6049D+01   0.1743D+01  -0.1042D+02   0.1055D+01   0.8068D+00  -0.1258D+01  -0.1176D+02  -0.1052D+00  -0.6049D+01   0.1743D+01  -0.1042D+02   0.1055D+01
   0.7797D+00  -0.1623D-01   0.1441D+00  -0.7077D-02   0.1264D+00  -0.5623D-01   0.3223D+00   0.0000D+00   0.8191D-01   0.7124D-02   0.2443D-02   0.2332D-01   0.7797D+00  -0.1623D-01   0.1441D+00  -0.7077D-02   0.1264D+00  -0.5623D-01
  -0.7128D-03  -0.6357D-02  -0.3890D-02  -0.1216D-01  -0.7128D-03  -0.6357D-02  -0.3890D-02  -0.1216D-01
  0.500  2.000
  -0.6760D+01   0.0000D+00  -0.1016D+02   0.0000D+00   0.0000D+00   0.0000D+00  -0.1063D+02   0.0000D+00  -0.6760D+01   0.0000D+00  -0.1016D+02   0.0000D+00
   0.5549D+00   0.0000D+00   0.1032D+00   0.0000D+00   0.1244D+00   0.0000D+00   0.2422D+00   0.0000D+00   0.5382D-01   0.0000D+00   0.0000D+00   0.0000D+00   0.5549D+00   0.0000D+00   0.1032D+00   0.0000D+00   0.1244D+00   0.0000D+00
   0.0000D+00   0.0000D+00   0.0000D+00   0.0000D+00   0.0000D+00   0.0000D+00   0.0000D+00   0.0000D+00
  -0.6206D+01   0.1443D+01  -0.1043D+02   0.8734D+00   0.6675D+00  -0.1041D+01  -0.1162D+02  -0.8703D-01  -0.6206D+01   0.1443D+01  -0.1043D+02   0.8734D+00
   0.7607D+00  -0.1477D-01   0.1407D+00  -0.6439D-02   0.1266D+00  -0.5116D-01   0.3155D+00   0.0000D+00   0.7948D-01   0.6481D-02   0.2243D-02   0.2121D-01   0.7607D+00  -0.1477D-01   0.1407D+00  -0.6439D-02   0.1266D+00  -0.5116D-01
  -0.6484D-03  -0.5783D-02  -0.3538D-02  -0.1106D-01  -0.6484D-03  -0.5783D-02  -0.3538D-02  -0.1106D-01
  1.000  0.500
  -0.8247D+01   0.0000D+00  -0.1261D+02   0.0000D+00   0.0000D+00   0.0000D+00  -0.1314D+02   0.0000D+00  -0.8247D+01   0.0000D+00  -0.1261D+02   0.0000D+00
   0.5620D+00   0.0000D+00   0.1039D+00   0.0000D+00   0.1241D+00   0.0000D+00   0.2424D+00   0.0000D+00   0.5386D-01   0.0000D+00   0.0000D+00   0.0000D+00   0.5620D+00   0.0000D+00   0.1039D+00   0.0000D+00   0.1241D+00   0.0000D+00
   0.0000D+00   0.0000D+00   0.0000D+00   0.0000D+00   0.0000D+00   0.0000D+00   0.0000D+00   0.0000D+00
  -0.5611D+01   0.2196D+01  -0.1010D+02   0.1321D+01   0.1024D+01  -0.1567D+01  -0.1160D+02  -0.1302D+00  -0.5611D+01   0.2196D+01  -0.1010D+02   0.1321D+01
   0.7788D+00  -0.1808D-01   0.1429D+00  -0.7903D-02   0.1170D+00  -0.6348D-01   0.3216D+00   0.0000D+00   0.8239D-01   0.7835D-02   0.3004D-02   0.2564D-01   0.7788D+00  -0.1808D-01   0.1429D+00  -0.7903D-02   0.1170D+00  -0.6348D-01
  -0.8243D-03  -0.6852D-02  -0.4421D-02  -0.1354D-01  -0.8243D-03  -0.6852D-02  -0.4421D-02  -0.1354D-01
  1.000  1.000
  -0.7425D+01   0.0000D+00  -0.1135D+02   0.0000D+00   0.0000D+00   0.0000D+00  -0.1183D+02   0.0000D+00  -0.7425D+01   0.0000D+00  -0.1135D+02   0.0000D+00
   0.5620D+00   0.0000D+00   0.1039D+00   0.0000D+00   0.1241D+00   0.0000D+00   0.2424D+00   0.0000D+00   0.5386D-01   0.0000D+00   0.0000D+00   0.0000D+00   0.5620D+00   0.0000D+00   0.1039D+00   0.0000D+00   0.1241D+00   0.0000D+00
   0.0000D+00   0.0000D+00   0.0000D+00   0.0000D+00   0.0000D+00   0.0000D+00   0.0000D+00   0.0000D+00
  -0.6003D+01   0.1780D+01  -0.1041D+02   0.1071D+01   0.8293D+00  -0.1271D+01  -0.1172D+02  -0.1055D+00  -0.6003D+01   0.1780D+01  -0.1041D+02   0.1071D+01
   0.7603D+00  -0.1628D-01   0.1395D+00  -0.7116D-02   0.1186D+00  -0.5715D-01   0.3144D+00   0.0000D+00   0.7977D-01   0.7055D-02   0.2727D-02   0.2309D-01   0.7603D+00  -0.1628D-01   0.1395D+00  -0.7116D-02   0.1186D+00  -0.5715D-01
  -0.7420D-03  -0.6169D-02  -0.3981D-02  -0.1219D-01  -0.7420D-03  -0.6169D-02  -0.3981D-02  -0.1219D-01
  1.000  2.000
  -0.6755D+01   0.0000D+00  -0.1033D+02   0.0000D+00   0.0000D+00   0.0000D+00  -0.1076D+02   0.0000D+00  -0.6755D+01   0.0000D+00  -0.1033D+02   0.0000D+00
   0.5620D+00   0.0000D+00   0.1039D+00   0.0000D+00   0.1241D+00   0.0000D+00   0.2424D+00   0.0000D+00   0.5386D-01   0.0000D+00   0.0000D+00   0.0000D+00   0.5620D+00   0.0000D+00   0.1039D+00   0.0000D+00   0.1241D+00   0.0000D+00
   0.0000D+00   0.0000D+00   0.0000D+00   0.0000D+00   0.0000D+00   0.0000D+00   0.0000D+00   0.0000D+00
  -0.6167D+01   0.1473D+01  -0.1045D+02   0.8863D+00   0.6860D+00  -0.1051D+01  -0.1161D+02  -0.8734D-01  -0.6167D+01   0.1473D+01  -0.1045D+02   0.8863D+00
   0.7437D+00  -0.1481D-01   0.1365D+00  -0.6474D-02   0.1194D+00  -0.5200D-01   0.3083D+00   0.0000D+00   0.7755D-01   0.6418D-02   0.2499D-02   0.2100D-01   0.7437D+00  -0.1481D-01   0.1365D+00  -0.6474D-02   0.1194D+00  -0.5200D-01
  -0.6749D-03  -0.5613D-02  -0.3621D-02  -0.1109D-01  -0.6749D-03  -0.5613D-02  -0.3621D-02  -0.1109D-01
  2.000  0.500
  -0.8185D+01   0.0000D+00  -0.1268D+02   0.0000D+00   0.0000D+00   0.0000D+00  -0.1331D+02   0.0000D+00  -0.8185D+01   0.0000D+00  -0.1268D+02   0.0000D+00
   0.5665D+00   0.0000D+00   0.1048D+00   0.0000D+00   0.1238D+00   0.0000D+00   0.2464D+00   0.0000D+00   0.5475D-01   0.0000D+00   0.0000D+00   0.0000D+00   0.5665D+00   0.0000D+00   0.1048D+00   0.0000D+00   0.1238D+00   0.0000D+00
   0.0000D+00   0.0000D+00   0.0000D+00   0.0000D+00   0.0000D+00   0.0000D+00   0.0000D+00   0.0000D+00
  -0.5597D+01   0.2203D+01  -0.1017D+02   0.1319D+01   0.1010D+01  -0.1585D+01  -0.1200D+02  -0.1300D+00  -0.5597D+01   0.2203D+01  -0.1017D+02   0.1319D+01
   0.7717D+00  -0.1797D-01   0.1427D+00  -0.7954D-02   0.1165D+00  -0.6383D-01   0.3190D+00   0.0000D+00   0.8191D-01   0.7965D-02   0.2646D-02   0.2607D-01   0.7717D+00  -0.1797D-01   0.1427D+00  -0.7954D-02   0.1165D+00  -0.6383D-01
  -0.8347D-03  -0.6886D-02  -0.4495D-02  -0.1362D-01  -0.8347D-03  -0.6886D-02  -0.4495D-02  -0.1362D-01
  2.000  1.000
  -0.7369D+01   0.0000D+00  -0.1141D+02   0.0000D+00   0.0000D+00   0.0000D+00  -0.1198D+02   0.0000D+00  -0.7369D+01   0.0000D+00  -0.1141D+02   0.0000D+00
   0.5665D+00   0.0000D+00   0.1048D+00   0.0000D+00   0.1238D+00   0.0000D+00   0.2464D+00   0.0000D+00   0.5475D-01   0.0000D+00   0.0000D+00   0.0000D+00   0.5665D+00   0.0000D+00   0.1048D+00   0.0000D+00   0.1238D+00   0.0000D+00
   0.0000D+00   0.0000D+00   0.0000D+00   0.0000D+00   0.0000D+00   0.0000D+00   0.0000D+00   0.0000D+00
  -0.5954D+01   0.1785D+01  -0.1046D+02   0.1069D+01   0.8183D+00  -0.1284D+01  -0.1205D+02  -0.1053D+00  -0.5954D+01   0.1785D+01  -0.1046D+02   0.1069D+01
   0.7368D+00  -0.1618D-01   0.1365D+00  -0.7161D-02   0.1124D+00  -0.5747D-01   0.3087D+00   0.0000D+00   0.7829D-01   0.7171D-02   0.2348D-02   0.2347D-01   0.7368D+00  -0.1618D-01   0.1365D+00  -0.7161D-02   0.1124D+00  -0.5747D-01
  -0.7514D-03  -0.6200D-02  -0.4047D-02  -0.1226D-01  -0.7514D-03  -0.6200D-02  -0.4047D-02  -0.1226D-01
  2.000  2.000
  -0.6703D+01   0.0000D+00  -0.1038D+02   0.0000D+00   0.0000D+00   0.0000D+00  -0.1090D+02   0.0000D+00  -0.6703D+01   0.0000D+00  -0.1038D+02   0.0000D+00
   0.5665D+00   0.0000D+00   0.1048D+00   0.0000D+00   0.1238D+00   0.0000D+00   0.2464D+00   0.0000D+00   0.5475D-01   0.0000D+00   0.0000D+00   0.0000D+00   0.5665D+00   0.0000D+00   0.1048D+00   0.0000D+00   0.1238D+00   0.0000D+00
   0.0000D+00   0.0000D+00   0.0000D+00   0.0000D+00   0.0000D+00   0.0000D+00   0.0000D+00   0.0000D+00
  -0.6129D+01   0.1478D+01  -0.1051D+02   0.8845D+00   0.6770D+00  -0.1063D+01  -0.1191D+02  -0.8718D-01  -0.6129D+01   0.1478D+01  -0.1051D+02   0.8845D+00
   0.7309D+00  -0.1472D-01   0.1352D+00  -0.6515D-02   0.1164D+00  -0.5228D-01   0.3053D+00   0.0000D+00   0.7681D-01   0.6524D-02   0.2181D-02   0.2135D-01   0.7309D+00  -0.1472D-01   0.1352D+00  -0.6515D-02   0.1164D+00  -0.5228D-01
  -0.6835D-03  -0.5640D-02  -0.3681D-02  -0.1115D-01  -0.6835D-03  -0.5640D-02  -0.3681D-02  -0.1115D-01
