 LHC=           1 sqrts=   8000.0000000000000      ang=           4 mode=fital                                                                                               scalescheme=           1 R=  0.69999999999999996     
 CT10nlo_rand5678                                                                                             125
 Bin information: chid, chiu, md, mu, mu0
   0.0000000000000000       0.50000000000000000        49.000000000000000        56.000000000000000        52.500000000000000     
 9 scales(muf, mur)*(LO(38), NLO(38))
  0.500  0.500
  -0.2105D+02   0.0000D+00  -0.3799D+02   0.0000D+00   0.0000D+00   0.0000D+00  -0.4263D+02   0.0000D+00  -0.2105D+02   0.0000D+00  -0.3799D+02   0.0000D+00
   0.1864D+00   0.0000D+00   0.3561D-01   0.0000D+00   0.3603D-01   0.0000D+00   0.8181D-01   0.0000D+00   0.1818D-01   0.0000D+00   0.0000D+00   0.0000D+00   0.1864D+00   0.0000D+00   0.3561D-01   0.0000D+00   0.3603D-01   0.0000D+00
   0.0000D+00   0.0000D+00   0.0000D+00   0.0000D+00   0.0000D+00   0.0000D+00   0.0000D+00   0.0000D+00
  -0.1384D+02   0.7656D+01  -0.3089D+02   0.4815D+01   0.3646D+01  -0.5912D+01  -0.3772D+02  -0.5523D+00  -0.1384D+02   0.7656D+01  -0.3089D+02   0.4815D+01
   0.6206D+00  -0.5968D-02   0.1171D+00  -0.3037D-02   0.1001D+00  -0.2494D-01   0.2425D+00   0.0000D+00   0.6717D-01   0.2932D-02   0.1079D-01   0.9595D-02   0.6206D+00  -0.5968D-02   0.1171D+00  -0.3037D-02   0.1001D+00  -0.2494D-01
  -0.6222D-04  -0.2431D-02  -0.1430D-02  -0.5143D-02  -0.6222D-04  -0.2431D-02  -0.1430D-02  -0.5143D-02
  0.500  1.000
  -0.1863D+02   0.0000D+00  -0.3362D+02   0.0000D+00   0.0000D+00   0.0000D+00  -0.3773D+02   0.0000D+00  -0.1863D+02   0.0000D+00  -0.3362D+02   0.0000D+00
   0.1864D+00   0.0000D+00   0.3561D-01   0.0000D+00   0.3603D-01   0.0000D+00   0.8181D-01   0.0000D+00   0.1818D-01   0.0000D+00   0.0000D+00   0.0000D+00   0.1864D+00   0.0000D+00   0.3561D-01   0.0000D+00   0.3603D-01   0.0000D+00
   0.0000D+00   0.0000D+00   0.0000D+00   0.0000D+00   0.0000D+00   0.0000D+00   0.0000D+00   0.0000D+00
  -0.1504D+02   0.5997D+01  -0.3178D+02   0.3772D+01   0.2853D+01  -0.4631D+01  -0.3806D+02  -0.4327D+00  -0.1504D+02   0.5997D+01  -0.3178D+02   0.3772D+01
   0.5661D+00  -0.5283D-02   0.1071D+00  -0.2688D-02   0.9080D-01  -0.2207D-01   0.2236D+00   0.0000D+00   0.6137D-01   0.2595D-02   0.9600D-02   0.8493D-02   0.5661D+00  -0.5283D-02   0.1071D+00  -0.2688D-02   0.9080D-01  -0.2207D-01
  -0.5501D-04  -0.2152D-02  -0.1265D-02  -0.4552D-02  -0.5501D-04  -0.2152D-02  -0.1265D-02  -0.4552D-02
  0.500  2.000
  -0.1672D+02   0.0000D+00  -0.3017D+02   0.0000D+00   0.0000D+00   0.0000D+00  -0.3386D+02   0.0000D+00  -0.1672D+02   0.0000D+00  -0.3017D+02   0.0000D+00
   0.1864D+00   0.0000D+00   0.3561D-01   0.0000D+00   0.3603D-01   0.0000D+00   0.8181D-01   0.0000D+00   0.1818D-01   0.0000D+00   0.0000D+00   0.0000D+00   0.1864D+00   0.0000D+00   0.3561D-01   0.0000D+00   0.3603D-01   0.0000D+00
   0.0000D+00   0.0000D+00   0.0000D+00   0.0000D+00   0.0000D+00   0.0000D+00   0.0000D+00   0.0000D+00
  -0.1549D+02   0.4829D+01  -0.3168D+02   0.3038D+01   0.2295D+01  -0.3729D+01  -0.3748D+02  -0.3484D+00  -0.1549D+02   0.4829D+01  -0.3168D+02   0.3038D+01
   0.5303D+00  -0.4741D-02   0.1003D+00  -0.2412D-02   0.8586D-01  -0.1981D-01   0.2101D+00   0.0000D+00   0.5723D-01   0.2329D-02   0.8691D-02   0.7622D-02   0.5303D+00  -0.4741D-02   0.1003D+00  -0.2412D-02   0.8586D-01  -0.1981D-01
  -0.4932D-04  -0.1931D-02  -0.1135D-02  -0.4085D-02  -0.4932D-04  -0.1931D-02  -0.1135D-02  -0.4085D-02
  1.000  0.500
  -0.2266D+02   0.0000D+00  -0.4182D+02   0.0000D+00   0.0000D+00   0.0000D+00  -0.4514D+02   0.0000D+00  -0.2266D+02   0.0000D+00  -0.4182D+02   0.0000D+00
   0.2059D+00   0.0000D+00   0.4086D-01   0.0000D+00   0.4013D-01   0.0000D+00   0.9699D-01   0.0000D+00   0.2155D-01   0.0000D+00   0.0000D+00   0.0000D+00   0.2059D+00   0.0000D+00   0.4086D-01   0.0000D+00   0.4013D-01   0.0000D+00
   0.0000D+00   0.0000D+00   0.0000D+00   0.0000D+00   0.0000D+00   0.0000D+00   0.0000D+00   0.0000D+00
  -0.1262D+02   0.8556D+01  -0.2782D+02   0.5269D+01   0.4214D+01  -0.6172D+01  -0.3527D+02  -0.6103D+00  -0.1262D+02   0.8556D+01  -0.2782D+02   0.5269D+01
   0.5647D+00  -0.6737D-02   0.1072D+00  -0.3369D-02   0.8027D-01  -0.2650D-01   0.2323D+00   0.0000D+00   0.6384D-01   0.3536D-02   0.9079D-02   0.1157D-01   0.5647D+00  -0.6737D-02   0.1072D+00  -0.3369D-02   0.8027D-01  -0.2650D-01
  -0.1016D-03  -0.2762D-02  -0.1663D-02  -0.5856D-02  -0.1016D-03  -0.2762D-02  -0.1663D-02  -0.5856D-02
  1.000  1.000
  -0.2005D+02   0.0000D+00  -0.3701D+02   0.0000D+00   0.0000D+00   0.0000D+00  -0.3995D+02   0.0000D+00  -0.2005D+02   0.0000D+00  -0.3701D+02   0.0000D+00
   0.2059D+00   0.0000D+00   0.4086D-01   0.0000D+00   0.4013D-01   0.0000D+00   0.9699D-01   0.0000D+00   0.2155D-01   0.0000D+00   0.0000D+00   0.0000D+00   0.2059D+00   0.0000D+00   0.4086D-01   0.0000D+00   0.4013D-01   0.0000D+00
   0.0000D+00   0.0000D+00   0.0000D+00   0.0000D+00   0.0000D+00   0.0000D+00   0.0000D+00   0.0000D+00
  -0.1453D+02   0.6703D+01  -0.3028D+02   0.4128D+01   0.3296D+01  -0.4835D+01  -0.3676D+02  -0.4781D+00  -0.1453D+02   0.6703D+01  -0.3028D+02   0.4128D+01
   0.5894D+00  -0.5963D-02   0.1109D+00  -0.2982D-02   0.9381D-01  -0.2346D-01   0.2329D+00   0.0000D+00   0.6389D-01   0.3130D-02   0.8612D-02   0.1024D-01   0.5894D+00  -0.5963D-02   0.1109D+00  -0.2982D-02   0.9381D-01  -0.2346D-01
  -0.8985D-04  -0.2445D-02  -0.1472D-02  -0.5183D-02  -0.8985D-04  -0.2445D-02  -0.1472D-02  -0.5183D-02
  1.000  2.000
  -0.1800D+02   0.0000D+00  -0.3321D+02   0.0000D+00   0.0000D+00   0.0000D+00  -0.3585D+02   0.0000D+00  -0.1800D+02   0.0000D+00  -0.3321D+02   0.0000D+00
   0.2059D+00   0.0000D+00   0.4086D-01   0.0000D+00   0.4013D-01   0.0000D+00   0.9699D-01   0.0000D+00   0.2155D-01   0.0000D+00   0.0000D+00   0.0000D+00   0.2059D+00   0.0000D+00   0.4086D-01   0.0000D+00   0.4013D-01   0.0000D+00
   0.0000D+00   0.0000D+00   0.0000D+00   0.0000D+00   0.0000D+00   0.0000D+00   0.0000D+00   0.0000D+00
  -0.1527D+02   0.5397D+01  -0.3102D+02   0.3324D+01   0.2654D+01  -0.3893D+01  -0.3678D+02  -0.3850D+00  -0.1527D+02   0.5397D+01  -0.3102D+02   0.3324D+01
   0.5167D+00  -0.5351D-02   0.9806D-01  -0.2676D-02   0.7875D-01  -0.2105D-01   0.2113D+00   0.0000D+00   0.5719D-01   0.2809D-02   0.7515D-02   0.9193D-02   0.5167D+00  -0.5351D-02   0.9806D-01  -0.2676D-02   0.7875D-01  -0.2105D-01
  -0.8058D-04  -0.2195D-02  -0.1321D-02  -0.4651D-02  -0.8058D-04  -0.2195D-02  -0.1321D-02  -0.4651D-02
  2.000  0.500
  -0.2451D+02   0.0000D+00  -0.4780D+02   0.0000D+00   0.0000D+00   0.0000D+00  -0.5019D+02   0.0000D+00  -0.2451D+02   0.0000D+00  -0.4780D+02   0.0000D+00
   0.2377D+00   0.0000D+00   0.4326D-01   0.0000D+00   0.4209D-01   0.0000D+00   0.1038D+00   0.0000D+00   0.2307D-01   0.0000D+00   0.0000D+00   0.0000D+00   0.2377D+00   0.0000D+00   0.4326D-01   0.0000D+00   0.4209D-01   0.0000D+00
   0.0000D+00   0.0000D+00   0.0000D+00   0.0000D+00   0.0000D+00   0.0000D+00   0.0000D+00   0.0000D+00
  -0.1180D+02   0.9565D+01  -0.2926D+02   0.5656D+01   0.4515D+01  -0.6912D+01  -0.3536D+02  -0.6417D+00  -0.1180D+02   0.9565D+01  -0.2926D+02   0.5656D+01
   0.5646D+00  -0.7027D-02   0.1021D+00  -0.3430D-02   0.7060D-01  -0.3041D-01   0.2221D+00   0.0000D+00   0.6240D-01   0.3986D-02   0.9050D-02   0.1304D-01   0.5646D+00  -0.7027D-02   0.1021D+00  -0.3430D-02   0.7060D-01  -0.3041D-01
  -0.1074D-03  -0.2952D-02  -0.1867D-02  -0.6538D-02  -0.1074D-03  -0.2952D-02  -0.1867D-02  -0.6538D-02
  2.000  1.000
  -0.2170D+02   0.0000D+00  -0.4231D+02   0.0000D+00   0.0000D+00   0.0000D+00  -0.4442D+02   0.0000D+00  -0.2170D+02   0.0000D+00  -0.4231D+02   0.0000D+00
   0.2377D+00   0.0000D+00   0.4326D-01   0.0000D+00   0.4209D-01   0.0000D+00   0.1038D+00   0.0000D+00   0.2307D-01   0.0000D+00   0.0000D+00   0.0000D+00   0.2377D+00   0.0000D+00   0.4326D-01   0.0000D+00   0.4209D-01   0.0000D+00
   0.0000D+00   0.0000D+00   0.0000D+00   0.0000D+00   0.0000D+00   0.0000D+00   0.0000D+00   0.0000D+00
  -0.1396D+02   0.7493D+01  -0.3224D+02   0.4431D+01   0.3543D+01  -0.5414D+01  -0.3749D+02  -0.5027D+00  -0.1396D+02   0.7493D+01  -0.3224D+02   0.4431D+01
   0.4676D+00  -0.6220D-02   0.8512D-01  -0.3036D-02   0.5097D-01  -0.2692D-01   0.1936D+00   0.0000D+00   0.5341D-01   0.3528D-02   0.7200D-02   0.1154D-01   0.4676D+00  -0.6220D-02   0.8512D-01  -0.3036D-02   0.5097D-01  -0.2692D-01
  -0.9499D-04  -0.2612D-02  -0.1652D-02  -0.5786D-02  -0.9499D-04  -0.2612D-02  -0.1652D-02  -0.5786D-02
  2.000  2.000
  -0.1947D+02   0.0000D+00  -0.3796D+02   0.0000D+00   0.0000D+00   0.0000D+00  -0.3987D+02   0.0000D+00  -0.1947D+02   0.0000D+00  -0.3796D+02   0.0000D+00
   0.2377D+00   0.0000D+00   0.4326D-01   0.0000D+00   0.4209D-01   0.0000D+00   0.1038D+00   0.0000D+00   0.2307D-01   0.0000D+00   0.0000D+00   0.0000D+00   0.2377D+00   0.0000D+00   0.4326D-01   0.0000D+00   0.4209D-01   0.0000D+00
   0.0000D+00   0.0000D+00   0.0000D+00   0.0000D+00   0.0000D+00   0.0000D+00   0.0000D+00   0.0000D+00
  -0.1562D+02   0.6034D+01  -0.3419D+02   0.3568D+01   0.2830D+01  -0.4360D+01  -0.3883D+02  -0.4049D+00  -0.1562D+02   0.6034D+01  -0.3419D+02   0.3568D+01
   0.6247D+00  -0.5582D-02   0.1122D+00  -0.2725D-02   0.9897D-01  -0.2416D-01   0.2311D+00   0.0000D+00   0.6420D-01   0.3166D-02   0.9100D-02   0.1036D-01   0.6247D+00  -0.5582D-02   0.1122D+00  -0.2725D-02   0.9897D-01  -0.2416D-01
  -0.8519D-04  -0.2344D-02  -0.1483D-02  -0.5192D-02  -0.8519D-04  -0.2344D-02  -0.1483D-02  -0.5192D-02
