 LHC=           1 sqrts=   8000.0000000000000      ang=           4 mode=fital                                                                                               scalescheme=           1 R=  0.69999999999999996     
 CT10nlo_rand5678                                                                                             125
 Bin information: chid, chiu, md, mu, mu0
   0.0000000000000000       0.50000000000000000        1497.0000000000000        1588.0000000000000        1542.5000000000000     
 9 scales(muf, mur)*(LO(38), NLO(38))
  0.500  0.500
  -0.1684D-01   0.0000D+00  -0.1066D-01   0.0000D+00   0.0000D+00   0.0000D+00  -0.5054D-02   0.0000D+00  -0.1684D-01   0.0000D+00  -0.1066D-01   0.0000D+00
   0.8156D-01   0.0000D+00   0.1207D-01   0.0000D+00   0.3630D-01   0.0000D+00   0.1287D-01   0.0000D+00   0.2859D-02   0.0000D+00   0.0000D+00   0.0000D+00   0.8156D-01   0.0000D+00   0.1207D-01   0.0000D+00   0.3630D-01   0.0000D+00
   0.0000D+00   0.0000D+00   0.0000D+00   0.0000D+00   0.0000D+00   0.0000D+00   0.0000D+00   0.0000D+00
  -0.1437D-01   0.1209D-02  -0.9483D-02   0.7117D-03   0.5468D-03  -0.4315D-03  -0.4469D-02   0.2419D-03  -0.1437D-01   0.1209D-02  -0.9483D-02   0.7117D-03
   0.6064D-01  -0.3788D-02   0.9171D-02  -0.1071D-02   0.2168D-01  -0.6192D-02   0.1073D-01   0.0000D+00   0.2663D-02   0.2981D-03  -0.5079D-03   0.9755D-03   0.6064D-01  -0.3788D-02   0.9171D-02  -0.1071D-02   0.2168D-01  -0.6192D-02
  -0.3986D-03  -0.9698D-03  -0.3896D-03  -0.8256D-03  -0.3986D-03  -0.9698D-03  -0.3896D-03  -0.8256D-03
  0.500  1.000
  -0.1562D-01   0.0000D+00  -0.9886D-02   0.0000D+00   0.0000D+00   0.0000D+00  -0.4688D-02   0.0000D+00  -0.1562D-01   0.0000D+00  -0.9886D-02   0.0000D+00
   0.8156D-01   0.0000D+00   0.1207D-01   0.0000D+00   0.3630D-01   0.0000D+00   0.1287D-01   0.0000D+00   0.2859D-02   0.0000D+00   0.0000D+00   0.0000D+00   0.8156D-01   0.0000D+00   0.1207D-01   0.0000D+00   0.3630D-01   0.0000D+00
   0.0000D+00   0.0000D+00   0.0000D+00   0.0000D+00   0.0000D+00   0.0000D+00   0.0000D+00   0.0000D+00
  -0.1459D-01   0.1040D-02  -0.9569D-02   0.6122D-03   0.4704D-03  -0.3712D-03  -0.4513D-02   0.2081D-03  -0.1459D-01   0.1040D-02  -0.9569D-02   0.6122D-03
   0.6216D-01  -0.3513D-02   0.9383D-02  -0.9929D-03   0.2274D-01  -0.5743D-02   0.1089D-01   0.0000D+00   0.2677D-02   0.2764D-03  -0.4710D-03   0.9047D-03   0.6216D-01  -0.3513D-02   0.9383D-02  -0.9929D-03   0.2274D-01  -0.5743D-02
  -0.3697D-03  -0.8994D-03  -0.3613D-03  -0.7657D-03  -0.3697D-03  -0.8994D-03  -0.3613D-03  -0.7657D-03
  0.500  2.000
  -0.1457D-01   0.0000D+00  -0.9219D-02   0.0000D+00   0.0000D+00   0.0000D+00  -0.4371D-02   0.0000D+00  -0.1457D-01   0.0000D+00  -0.9219D-02   0.0000D+00
   0.8156D-01   0.0000D+00   0.1207D-01   0.0000D+00   0.3630D-01   0.0000D+00   0.1287D-01   0.0000D+00   0.2859D-02   0.0000D+00   0.0000D+00   0.0000D+00   0.8156D-01   0.0000D+00   0.1207D-01   0.0000D+00   0.3630D-01   0.0000D+00
   0.0000D+00   0.0000D+00   0.0000D+00   0.0000D+00   0.0000D+00   0.0000D+00   0.0000D+00   0.0000D+00
  -0.1462D-01   0.9044D-03  -0.9547D-02   0.5323D-03   0.4091D-03  -0.3227D-03  -0.4506D-02   0.1809D-03  -0.1462D-01   0.9044D-03  -0.9547D-02   0.5323D-03
   0.6348D-01  -0.3276D-02   0.9565D-02  -0.9259D-03   0.2366D-01  -0.5355D-02   0.1102D-01   0.0000D+00   0.2690D-02   0.2578D-03  -0.4393D-03   0.8436D-03   0.6348D-01  -0.3276D-02   0.9565D-02  -0.9259D-03   0.2366D-01  -0.5355D-02
  -0.3448D-03  -0.8387D-03  -0.3369D-03  -0.7140D-03  -0.3448D-03  -0.8387D-03  -0.3369D-03  -0.7140D-03
  1.000  0.500
  -0.1451D-01   0.0000D+00  -0.9181D-02   0.0000D+00   0.0000D+00   0.0000D+00  -0.4357D-02   0.0000D+00  -0.1451D-01   0.0000D+00  -0.9181D-02   0.0000D+00
   0.7027D-01   0.0000D+00   0.1039D-01   0.0000D+00   0.3133D-01   0.0000D+00   0.1108D-01   0.0000D+00   0.2462D-02   0.0000D+00   0.0000D+00   0.0000D+00   0.7027D-01   0.0000D+00   0.1039D-01   0.0000D+00   0.3133D-01   0.0000D+00
   0.0000D+00   0.0000D+00   0.0000D+00   0.0000D+00   0.0000D+00   0.0000D+00   0.0000D+00   0.0000D+00
  -0.1453D-01   0.1041D-02  -0.9528D-02   0.6136D-03   0.4706D-03  -0.3719D-03  -0.4495D-02   0.2083D-03  -0.1453D-01   0.1041D-02  -0.9528D-02   0.6136D-03
   0.6266D-01  -0.3268D-02   0.9430D-02  -0.9230D-03   0.2332D-01  -0.5332D-02   0.1085D-01   0.0000D+00   0.2658D-02   0.2570D-03  -0.4287D-03   0.8410D-03   0.6266D-01  -0.3268D-02   0.9430D-02  -0.9230D-03   0.2332D-01  -0.5332D-02
  -0.3437D-03  -0.8359D-03  -0.3357D-03  -0.7112D-03  -0.3437D-03  -0.8359D-03  -0.3357D-03  -0.7112D-03
  1.000  1.000
  -0.1346D-01   0.0000D+00  -0.8515D-02   0.0000D+00   0.0000D+00   0.0000D+00  -0.4040D-02   0.0000D+00  -0.1346D-01   0.0000D+00  -0.8515D-02   0.0000D+00
   0.7027D-01   0.0000D+00   0.1039D-01   0.0000D+00   0.3133D-01   0.0000D+00   0.1108D-01   0.0000D+00   0.2462D-02   0.0000D+00   0.0000D+00   0.0000D+00   0.7027D-01   0.0000D+00   0.1039D-01   0.0000D+00   0.3133D-01   0.0000D+00
   0.0000D+00   0.0000D+00   0.0000D+00   0.0000D+00   0.0000D+00   0.0000D+00   0.0000D+00   0.0000D+00
  -0.1442D-01   0.8955D-03  -0.9412D-02   0.5278D-03   0.4048D-03  -0.3199D-03  -0.4444D-02   0.1792D-03  -0.1442D-01   0.8955D-03  -0.9412D-02   0.5278D-03
   0.6322D-01  -0.3031D-02   0.9501D-02  -0.8560D-03   0.2390D-01  -0.4945D-02   0.1087D-01   0.0000D+00   0.2644D-02   0.2383D-03  -0.3976D-03   0.7800D-03   0.6322D-01  -0.3031D-02   0.9501D-02  -0.8560D-03   0.2390D-01  -0.4945D-02
  -0.3188D-03  -0.7753D-03  -0.3114D-03  -0.6596D-03  -0.3188D-03  -0.7753D-03  -0.3114D-03  -0.6596D-03
  1.000  2.000
  -0.1255D-01   0.0000D+00  -0.7940D-02   0.0000D+00   0.0000D+00   0.0000D+00  -0.3768D-02   0.0000D+00  -0.1255D-01   0.0000D+00  -0.7940D-02   0.0000D+00
   0.7027D-01   0.0000D+00   0.1039D-01   0.0000D+00   0.3133D-01   0.0000D+00   0.1108D-01   0.0000D+00   0.2462D-02   0.0000D+00   0.0000D+00   0.0000D+00   0.7027D-01   0.0000D+00   0.1039D-01   0.0000D+00   0.3133D-01   0.0000D+00
   0.0000D+00   0.0000D+00   0.0000D+00   0.0000D+00   0.0000D+00   0.0000D+00   0.0000D+00   0.0000D+00
  -0.1420D-01   0.7787D-03  -0.9240D-02   0.4589D-03   0.3520D-03  -0.2782D-03  -0.4365D-02   0.1558D-03  -0.1420D-01   0.7787D-03  -0.9240D-02   0.4589D-03
   0.6370D-01  -0.2826D-02   0.9562D-02  -0.7982D-03   0.2440D-01  -0.4612D-02   0.1088D-01   0.0000D+00   0.2632D-02   0.2222D-03  -0.3708D-03   0.7273D-03   0.6370D-01  -0.2826D-02   0.9562D-02  -0.7982D-03   0.2440D-01  -0.4612D-02
  -0.2973D-03  -0.7229D-03  -0.2903D-03  -0.6151D-03  -0.2973D-03  -0.7229D-03  -0.2903D-03  -0.6151D-03
  2.000  0.500
  -0.1263D-01   0.0000D+00  -0.7987D-02   0.0000D+00   0.0000D+00   0.0000D+00  -0.3790D-02   0.0000D+00  -0.1263D-01   0.0000D+00  -0.7987D-02   0.0000D+00
   0.6118D-01   0.0000D+00   0.9043D-02   0.0000D+00   0.2726D-01   0.0000D+00   0.9649D-02   0.0000D+00   0.2144D-02   0.0000D+00   0.0000D+00   0.0000D+00   0.6118D-01   0.0000D+00   0.9043D-02   0.0000D+00   0.2726D-01   0.0000D+00
   0.0000D+00   0.0000D+00   0.0000D+00   0.0000D+00   0.0000D+00   0.0000D+00   0.0000D+00   0.0000D+00
  -0.1454D-01   0.9056D-03  -0.9499D-02   0.5343D-03   0.4077D-03  -0.3236D-03  -0.4486D-02   0.1814D-03  -0.1454D-01   0.9056D-03  -0.9499D-02   0.5343D-03
   0.6371D-01  -0.2845D-02   0.9567D-02  -0.8034D-03   0.2446D-01  -0.4638D-02   0.1090D-01   0.0000D+00   0.2635D-02   0.2237D-03  -0.3670D-03   0.7321D-03   0.6371D-01  -0.2845D-02   0.9567D-02  -0.8034D-03   0.2446D-01  -0.4638D-02
  -0.2992D-03  -0.7280D-03  -0.2921D-03  -0.6185D-03  -0.2992D-03  -0.7280D-03  -0.2921D-03  -0.6185D-03
  2.000  1.000
  -0.1172D-01   0.0000D+00  -0.7407D-02   0.0000D+00   0.0000D+00   0.0000D+00  -0.3515D-02   0.0000D+00  -0.1172D-01   0.0000D+00  -0.7407D-02   0.0000D+00
   0.6118D-01   0.0000D+00   0.9043D-02   0.0000D+00   0.2726D-01   0.0000D+00   0.9649D-02   0.0000D+00   0.2144D-02   0.0000D+00   0.0000D+00   0.0000D+00   0.6118D-01   0.0000D+00   0.9043D-02   0.0000D+00   0.2726D-01   0.0000D+00
   0.0000D+00   0.0000D+00   0.0000D+00   0.0000D+00   0.0000D+00   0.0000D+00   0.0000D+00   0.0000D+00
  -0.1418D-01   0.7790D-03  -0.9229D-02   0.4596D-03   0.3507D-03  -0.2784D-03  -0.4360D-02   0.1560D-03  -0.1418D-01   0.7790D-03  -0.9229D-02   0.4596D-03
   0.6353D-01  -0.2639D-02   0.9530D-02  -0.7451D-03   0.2467D-01  -0.4302D-02   0.1081D-01   0.0000D+00   0.2599D-02   0.2075D-03  -0.3404D-03   0.6790D-03   0.6353D-01  -0.2639D-02   0.9530D-02  -0.7451D-03   0.2467D-01  -0.4302D-02
  -0.2775D-03  -0.6752D-03  -0.2709D-03  -0.5736D-03  -0.2775D-03  -0.6752D-03  -0.2709D-03  -0.5736D-03
  2.000  2.000
  -0.1092D-01   0.0000D+00  -0.6907D-02   0.0000D+00   0.0000D+00   0.0000D+00  -0.3278D-02   0.0000D+00  -0.1092D-01   0.0000D+00  -0.6907D-02   0.0000D+00
   0.6118D-01   0.0000D+00   0.9043D-02   0.0000D+00   0.2726D-01   0.0000D+00   0.9649D-02   0.0000D+00   0.2144D-02   0.0000D+00   0.0000D+00   0.0000D+00   0.6118D-01   0.0000D+00   0.9043D-02   0.0000D+00   0.2726D-01   0.0000D+00
   0.0000D+00   0.0000D+00   0.0000D+00   0.0000D+00   0.0000D+00   0.0000D+00   0.0000D+00   0.0000D+00
  -0.1378D-01   0.6773D-03  -0.8944D-02   0.3996D-03   0.3050D-03  -0.2421D-03  -0.4228D-02   0.1356D-03  -0.1378D-01   0.6773D-03  -0.8944D-02   0.3996D-03
   0.6338D-01  -0.2461D-02   0.9497D-02  -0.6949D-03   0.2484D-01  -0.4011D-02   0.1074D-01   0.0000D+00   0.2569D-02   0.1935D-03  -0.3174D-03   0.6331D-03   0.6338D-01  -0.2461D-02   0.9497D-02  -0.6949D-03   0.2484D-01  -0.4011D-02
  -0.2588D-03  -0.6296D-03  -0.2526D-03  -0.5349D-03  -0.2588D-03  -0.6296D-03  -0.2526D-03  -0.5349D-03
