 LHC=           1 sqrts=   8000.0000000000000      ang=           4 mode=fital                                                                                               scalescheme=           1 R=  0.69999999999999996     
 CT10nlo_rand5678                                                                                              37
 Bin information: chid, chiu, md, mu, mu0
   0.0000000000000000       0.50000000000000000        967.00000000000000        1032.0000000000000        999.50000000000000     
 9 scales(muf, mur)*(LO(38), NLO(38))
  0.500  0.500
  -0.1381D+00   0.0000D+00  -0.9967D-01   0.0000D+00   0.0000D+00   0.0000D+00  -0.5703D-01   0.0000D+00  -0.1381D+00   0.0000D+00  -0.9967D-01   0.0000D+00
   0.3039D+00   0.0000D+00   0.4736D-01   0.0000D+00   0.1211D+00   0.0000D+00   0.6167D-01   0.0000D+00   0.1370D-01   0.0000D+00   0.0000D+00   0.0000D+00   0.3039D+00   0.0000D+00   0.4736D-01   0.0000D+00   0.1211D+00   0.0000D+00
   0.0000D+00   0.0000D+00   0.0000D+00   0.0000D+00   0.0000D+00   0.0000D+00   0.0000D+00   0.0000D+00
  -0.1112D+00   0.1210D-01  -0.8709D-01   0.7060D-02   0.6956D-02  -0.5122D-02  -0.5106D-01   0.1852D-02  -0.1112D+00   0.1210D-01  -0.8709D-01   0.7060D-02
   0.2312D+00  -0.1328D-01   0.3720D-01  -0.3984D-02   0.6775D-01  -0.2452D-01   0.5242D-01   0.0000D+00   0.1307D-01   0.1502D-02  -0.2025D-02   0.4917D-02   0.2312D+00  -0.1328D-01   0.3720D-01  -0.3984D-02   0.6775D-01  -0.2452D-01
  -0.1330D-02  -0.3568D-02  -0.1647D-02  -0.3644D-02  -0.1330D-02  -0.3568D-02  -0.1647D-02  -0.3644D-02
  0.500  1.000
  -0.1276D+00   0.0000D+00  -0.9208D-01   0.0000D+00   0.0000D+00   0.0000D+00  -0.5269D-01   0.0000D+00  -0.1276D+00   0.0000D+00  -0.9208D-01   0.0000D+00
   0.3039D+00   0.0000D+00   0.4736D-01   0.0000D+00   0.1211D+00   0.0000D+00   0.6167D-01   0.0000D+00   0.1370D-01   0.0000D+00   0.0000D+00   0.0000D+00   0.3039D+00   0.0000D+00   0.4736D-01   0.0000D+00   0.1211D+00   0.0000D+00
   0.0000D+00   0.0000D+00   0.0000D+00   0.0000D+00   0.0000D+00   0.0000D+00   0.0000D+00   0.0000D+00
  -0.1141D+00   0.1033D-01  -0.8813D-01   0.6026D-02   0.5938D-02  -0.4372D-02  -0.5148D-01   0.1581D-02  -0.1141D+00   0.1033D-01  -0.8813D-01   0.6026D-02
   0.2368D+00  -0.1227D-01   0.3798D-01  -0.3680D-02   0.7183D-01  -0.2265D-01   0.5313D-01   0.0000D+00   0.1312D-01   0.1388D-02  -0.1871D-02   0.4543D-02   0.2368D+00  -0.1227D-01   0.3798D-01  -0.3680D-02   0.7183D-01  -0.2265D-01
  -0.1228D-02  -0.3297D-02  -0.1522D-02  -0.3366D-02  -0.1228D-02  -0.3297D-02  -0.1522D-02  -0.3366D-02
  0.500  2.000
  -0.1186D+00   0.0000D+00  -0.8558D-01   0.0000D+00   0.0000D+00   0.0000D+00  -0.4897D-01   0.0000D+00  -0.1186D+00   0.0000D+00  -0.8558D-01   0.0000D+00
   0.3039D+00   0.0000D+00   0.4736D-01   0.0000D+00   0.1211D+00   0.0000D+00   0.6167D-01   0.0000D+00   0.1370D-01   0.0000D+00   0.0000D+00   0.0000D+00   0.3039D+00   0.0000D+00   0.4736D-01   0.0000D+00   0.1211D+00   0.0000D+00
   0.0000D+00   0.0000D+00   0.0000D+00   0.0000D+00   0.0000D+00   0.0000D+00   0.0000D+00   0.0000D+00
  -0.1150D+00   0.8920D-02  -0.8802D-01   0.5205D-02   0.5129D-02  -0.3776D-02  -0.5127D-01   0.1366D-02  -0.1150D+00   0.8920D-02  -0.8802D-01   0.5205D-02
   0.2416D+00  -0.1140D-01   0.3864D-01  -0.3421D-02   0.7531D-01  -0.2105D-01   0.5374D-01   0.0000D+00   0.1316D-01   0.1290D-02  -0.1739D-02   0.4222D-02   0.2416D+00  -0.1140D-01   0.3864D-01  -0.3421D-02   0.7531D-01  -0.2105D-01
  -0.1142D-02  -0.3064D-02  -0.1414D-02  -0.3129D-02  -0.1142D-02  -0.3064D-02  -0.1414D-02  -0.3129D-02
  1.000  0.500
  -0.1236D+00   0.0000D+00  -0.8912D-01   0.0000D+00   0.0000D+00   0.0000D+00  -0.5090D-01   0.0000D+00  -0.1236D+00   0.0000D+00  -0.8912D-01   0.0000D+00
   0.2718D+00   0.0000D+00   0.4236D-01   0.0000D+00   0.1083D+00   0.0000D+00   0.5493D-01   0.0000D+00   0.1221D-01   0.0000D+00   0.0000D+00   0.0000D+00   0.2718D+00   0.0000D+00   0.4236D-01   0.0000D+00   0.1083D+00   0.0000D+00
   0.0000D+00   0.0000D+00   0.0000D+00   0.0000D+00   0.0000D+00   0.0000D+00   0.0000D+00   0.0000D+00
  -0.1130D+00   0.1082D-01  -0.8770D-01   0.6296D-02   0.6145D-02  -0.4570D-02  -0.5113D-01   0.1664D-02  -0.1130D+00   0.1082D-01  -0.8770D-01   0.6296D-02
   0.2369D+00  -0.1191D-01   0.3797D-01  -0.3576D-02   0.7261D-01  -0.2194D-01   0.5294D-01   0.0000D+00   0.1301D-01   0.1340D-02  -0.1807D-02   0.4384D-02   0.2369D+00  -0.1191D-01   0.3797D-01  -0.3576D-02   0.7261D-01  -0.2194D-01
  -0.1192D-02  -0.3188D-02  -0.1472D-02  -0.3247D-02  -0.1192D-02  -0.3188D-02  -0.1472D-02  -0.3247D-02
  1.000  1.000
  -0.1142D+00   0.0000D+00  -0.8233D-01   0.0000D+00   0.0000D+00   0.0000D+00  -0.4703D-01   0.0000D+00  -0.1142D+00   0.0000D+00  -0.8233D-01   0.0000D+00
   0.2718D+00   0.0000D+00   0.4236D-01   0.0000D+00   0.1083D+00   0.0000D+00   0.5493D-01   0.0000D+00   0.1221D-01   0.0000D+00   0.0000D+00   0.0000D+00   0.2718D+00   0.0000D+00   0.4236D-01   0.0000D+00   0.1083D+00   0.0000D+00
   0.0000D+00   0.0000D+00   0.0000D+00   0.0000D+00   0.0000D+00   0.0000D+00   0.0000D+00   0.0000D+00
  -0.1136D+00   0.9233D-02  -0.8719D-01   0.5374D-02   0.5245D-02  -0.3900D-02  -0.5068D-01   0.1420D-02  -0.1136D+00   0.9233D-02  -0.8719D-01   0.5374D-02
   0.2396D+00  -0.1100D-01   0.3831D-01  -0.3304D-02   0.7534D-01  -0.2027D-01   0.5310D-01   0.0000D+00   0.1295D-01   0.1238D-02  -0.1670D-02   0.4051D-02   0.2396D+00  -0.1100D-01   0.3831D-01  -0.3304D-02   0.7534D-01  -0.2027D-01
  -0.1102D-02  -0.2946D-02  -0.1360D-02  -0.3000D-02  -0.1102D-02  -0.2946D-02  -0.1360D-02  -0.3000D-02
  1.000  2.000
  -0.1061D+00   0.0000D+00  -0.7652D-01   0.0000D+00   0.0000D+00   0.0000D+00  -0.4371D-01   0.0000D+00  -0.1061D+00   0.0000D+00  -0.7652D-01   0.0000D+00
   0.2718D+00   0.0000D+00   0.4236D-01   0.0000D+00   0.1083D+00   0.0000D+00   0.5493D-01   0.0000D+00   0.1221D-01   0.0000D+00   0.0000D+00   0.0000D+00   0.2718D+00   0.0000D+00   0.4236D-01   0.0000D+00   0.1083D+00   0.0000D+00
   0.0000D+00   0.0000D+00   0.0000D+00   0.0000D+00   0.0000D+00   0.0000D+00   0.0000D+00   0.0000D+00
  -0.1129D+00   0.7975D-02  -0.8596D-01   0.4642D-02   0.4531D-02  -0.3369D-02  -0.4986D-01   0.1227D-02  -0.1129D+00   0.7975D-02  -0.8596D-01   0.4642D-02
   0.2419D+00  -0.1023D-01   0.3860D-01  -0.3071D-02   0.7767D-01  -0.1884D-01   0.5323D-01   0.0000D+00   0.1290D-01   0.1150D-02  -0.1552D-02   0.3765D-02   0.2419D+00  -0.1023D-01   0.3860D-01  -0.3071D-02   0.7767D-01  -0.1884D-01
  -0.1024D-02  -0.2738D-02  -0.1264D-02  -0.2788D-02  -0.1024D-02  -0.2738D-02  -0.1264D-02  -0.2788D-02
  2.000  0.500
  -0.1115D+00   0.0000D+00  -0.8027D-01   0.0000D+00   0.0000D+00   0.0000D+00  -0.4572D-01   0.0000D+00  -0.1115D+00   0.0000D+00  -0.8027D-01   0.0000D+00
   0.2452D+00   0.0000D+00   0.3819D-01   0.0000D+00   0.9778D-01   0.0000D+00   0.4930D-01   0.0000D+00   0.1095D-01   0.0000D+00   0.0000D+00   0.0000D+00   0.2452D+00   0.0000D+00   0.3819D-01   0.0000D+00   0.9778D-01   0.0000D+00
   0.0000D+00   0.0000D+00   0.0000D+00   0.0000D+00   0.0000D+00   0.0000D+00   0.0000D+00   0.0000D+00
  -0.1147D+00   0.9732D-02  -0.8795D-01   0.5661D-02   0.5472D-02  -0.4107D-02  -0.5134D-01   0.1504D-02  -0.1147D+00   0.9732D-02  -0.8795D-01   0.5661D-02
   0.2411D+00  -0.1073D-01   0.3854D-01  -0.3222D-02   0.7625D-01  -0.1982D-01   0.5321D-01   0.0000D+00   0.1293D-01   0.1202D-02  -0.1623D-02   0.3934D-02   0.2411D+00  -0.1073D-01   0.3854D-01  -0.3222D-02   0.7625D-01  -0.1982D-01
  -0.1076D-02  -0.2877D-02  -0.1325D-02  -0.2926D-02  -0.1076D-02  -0.2877D-02  -0.1325D-02  -0.2926D-02
  2.000  1.000
  -0.1030D+00   0.0000D+00  -0.7416D-01   0.0000D+00   0.0000D+00   0.0000D+00  -0.4224D-01   0.0000D+00  -0.1030D+00   0.0000D+00  -0.7416D-01   0.0000D+00
   0.2452D+00   0.0000D+00   0.3819D-01   0.0000D+00   0.9778D-01   0.0000D+00   0.4930D-01   0.0000D+00   0.1095D-01   0.0000D+00   0.0000D+00   0.0000D+00   0.2452D+00   0.0000D+00   0.3819D-01   0.0000D+00   0.9778D-01   0.0000D+00
   0.0000D+00   0.0000D+00   0.0000D+00   0.0000D+00   0.0000D+00   0.0000D+00   0.0000D+00   0.0000D+00
  -0.1134D+00   0.8307D-02  -0.8618D-01   0.4832D-02   0.4671D-02  -0.3505D-02  -0.5015D-01   0.1284D-02  -0.1134D+00   0.8307D-02  -0.8618D-01   0.4832D-02
   0.2414D+00  -0.9910D-02   0.3852D-01  -0.2976D-02   0.7790D-01  -0.1831D-01   0.5292D-01   0.0000D+00   0.1278D-01   0.1111D-02  -0.1500D-02   0.3635D-02   0.2414D+00  -0.9910D-02   0.3852D-01  -0.2976D-02   0.7790D-01  -0.1831D-01
  -0.9941D-03  -0.2658D-02  -0.1224D-02  -0.2703D-02  -0.9941D-03  -0.2658D-02  -0.1224D-02  -0.2703D-02
  2.000  2.000
  -0.9576D-01   0.0000D+00  -0.6892D-01   0.0000D+00   0.0000D+00   0.0000D+00  -0.3926D-01   0.0000D+00  -0.9576D-01   0.0000D+00  -0.6892D-01   0.0000D+00
   0.2452D+00   0.0000D+00   0.3819D-01   0.0000D+00   0.9778D-01   0.0000D+00   0.4930D-01   0.0000D+00   0.1095D-01   0.0000D+00   0.0000D+00   0.0000D+00   0.2452D+00   0.0000D+00   0.3819D-01   0.0000D+00   0.9778D-01   0.0000D+00
   0.0000D+00   0.0000D+00   0.0000D+00   0.0000D+00   0.0000D+00   0.0000D+00   0.0000D+00   0.0000D+00
  -0.1112D+00   0.7176D-02  -0.8403D-01   0.4174D-02   0.4035D-02  -0.3028D-02  -0.4878D-01   0.1109D-02  -0.1112D+00   0.7176D-02  -0.8403D-01   0.4174D-02
   0.2417D+00  -0.9211D-02   0.3850D-01  -0.2766D-02   0.7931D-01  -0.1702D-01   0.5267D-01   0.0000D+00   0.1266D-01   0.1032D-02  -0.1394D-02   0.3378D-02   0.2417D+00  -0.9211D-02   0.3850D-01  -0.2766D-02   0.7931D-01  -0.1702D-01
  -0.9239D-03  -0.2471D-02  -0.1138D-02  -0.2512D-02  -0.9239D-03  -0.2471D-02  -0.1138D-02  -0.2512D-02
