 LHC=           1 sqrts=   8000.0000000000000      ang=           4 mode=fital                                                                                               scalescheme=           1 R=  0.69999999999999996     
 MSTW2008nlo68cl_rand1235                                                                                      39
 Bin information: chid, chiu, md, mu, mu0
   0.0000000000000000       0.50000000000000000        2500.0000000000000        2750.0000000000000        2625.0000000000000     
 9 scales(muf, mur)*(LO(38), NLO(38))
  0.500  0.500
  -0.6533D-04   0.0000D+00  -0.2872D-04   0.0000D+00   0.0000D+00   0.0000D+00  -0.1123D-04   0.0000D+00  -0.6533D-04   0.0000D+00  -0.2872D-04   0.0000D+00
   0.7143D-03   0.0000D+00   0.9050D-04   0.0000D+00   0.4095D-03   0.0000D+00   0.7531D-04   0.0000D+00   0.1674D-04   0.0000D+00   0.0000D+00   0.0000D+00   0.7143D-03   0.0000D+00   0.9050D-04   0.0000D+00   0.4095D-03   0.0000D+00
   0.0000D+00   0.0000D+00   0.0000D+00   0.0000D+00   0.0000D+00   0.0000D+00   0.0000D+00   0.0000D+00
  -0.6457D-04   0.3072D-05  -0.2796D-04   0.2097D-05   0.5252D-06  -0.9178D-06  -0.1043D-04   0.7440D-06  -0.6457D-04   0.3072D-05  -0.2796D-04   0.2097D-05
   0.5752D-03  -0.4089D-04   0.7128D-04  -0.1017D-04   0.3062D-03  -0.5021D-04   0.6700D-04   0.0000D+00   0.1628D-04   0.1671D-05  -0.2659D-05   0.5470D-05   0.5752D-03  -0.4089D-04   0.7128D-04  -0.1017D-04   0.3062D-03  -0.5021D-04
  -0.4568D-05  -0.9881D-05  -0.2798D-05  -0.5518D-05  -0.4568D-05  -0.9881D-05  -0.2798D-05  -0.5518D-05
  0.500  1.000
  -0.6079D-04   0.0000D+00  -0.2672D-04   0.0000D+00   0.0000D+00   0.0000D+00  -0.1045D-04   0.0000D+00  -0.6079D-04   0.0000D+00  -0.2672D-04   0.0000D+00
   0.7143D-03   0.0000D+00   0.9050D-04   0.0000D+00   0.4095D-03   0.0000D+00   0.7531D-04   0.0000D+00   0.1674D-04   0.0000D+00   0.0000D+00   0.0000D+00   0.7143D-03   0.0000D+00   0.9050D-04   0.0000D+00   0.4095D-03   0.0000D+00
   0.0000D+00   0.0000D+00   0.0000D+00   0.0000D+00   0.0000D+00   0.0000D+00   0.0000D+00   0.0000D+00
  -0.6423D-04   0.2660D-05  -0.2786D-04   0.1815D-05   0.4547D-06  -0.7945D-06  -0.1046D-04   0.6441D-06  -0.6423D-04   0.2660D-05  -0.2786D-04   0.1815D-05
   0.5849D-03  -0.3805D-04   0.7262D-04  -0.9466D-05   0.3134D-03  -0.4671D-04   0.6758D-04   0.0000D+00   0.1631D-04   0.1555D-05  -0.2474D-05   0.5090D-05   0.5849D-03  -0.3805D-04   0.7262D-04  -0.9466D-05   0.3134D-03  -0.4671D-04
  -0.4250D-05  -0.9194D-05  -0.2603D-05  -0.5134D-05  -0.4250D-05  -0.9194D-05  -0.2603D-05  -0.5134D-05
  0.500  2.000
  -0.5684D-04   0.0000D+00  -0.2499D-04   0.0000D+00   0.0000D+00   0.0000D+00  -0.9774D-05   0.0000D+00  -0.5684D-04   0.0000D+00  -0.2499D-04   0.0000D+00
   0.7143D-03   0.0000D+00   0.9050D-04   0.0000D+00   0.4095D-03   0.0000D+00   0.7531D-04   0.0000D+00   0.1674D-04   0.0000D+00   0.0000D+00   0.0000D+00   0.7143D-03   0.0000D+00   0.9050D-04   0.0000D+00   0.4095D-03   0.0000D+00
   0.0000D+00   0.0000D+00   0.0000D+00   0.0000D+00   0.0000D+00   0.0000D+00   0.0000D+00   0.0000D+00
  -0.6343D-04   0.2325D-05  -0.2756D-04   0.1587D-05   0.3976D-06  -0.6947D-06  -0.1039D-04   0.5632D-06  -0.6343D-04   0.2325D-05  -0.2756D-04   0.1587D-05
   0.5933D-03  -0.3558D-04   0.7378D-04  -0.8852D-05   0.3196D-03  -0.4368D-04   0.6809D-04   0.0000D+00   0.1634D-04   0.1454D-05  -0.2314D-05   0.4759D-05   0.5933D-03  -0.3558D-04   0.7378D-04  -0.8852D-05   0.3196D-03  -0.4368D-04
  -0.3975D-05  -0.8597D-05  -0.2434D-05  -0.4801D-05  -0.3975D-05  -0.8597D-05  -0.2434D-05  -0.4801D-05
  1.000  0.500
  -0.5186D-04   0.0000D+00  -0.2273D-04   0.0000D+00   0.0000D+00   0.0000D+00  -0.8895D-05   0.0000D+00  -0.5186D-04   0.0000D+00  -0.2273D-04   0.0000D+00
   0.5657D-03   0.0000D+00   0.7156D-04   0.0000D+00   0.3249D-03   0.0000D+00   0.5966D-04   0.0000D+00   0.1326D-04   0.0000D+00   0.0000D+00   0.0000D+00   0.5657D-03   0.0000D+00   0.7156D-04   0.0000D+00   0.3249D-03   0.0000D+00
   0.0000D+00   0.0000D+00   0.0000D+00   0.0000D+00   0.0000D+00   0.0000D+00   0.0000D+00   0.0000D+00
  -0.6327D-04   0.2432D-05  -0.2746D-04   0.1662D-05   0.4053D-06  -0.7265D-06  -0.1034D-04   0.5882D-06  -0.6327D-04   0.2432D-05  -0.2746D-04   0.1662D-05
   0.5877D-03  -0.3244D-04   0.7315D-04  -0.8064D-05   0.3181D-03  -0.3975D-04   0.6704D-04   0.0000D+00   0.1601D-04   0.1324D-05  -0.2074D-05   0.4332D-05   0.5877D-03  -0.3244D-04   0.7315D-04  -0.8064D-05   0.3181D-03  -0.3975D-04
  -0.3627D-05  -0.7848D-05  -0.2215D-05  -0.4372D-05  -0.3627D-05  -0.7848D-05  -0.2215D-05  -0.4372D-05
  1.000  1.000
  -0.4825D-04   0.0000D+00  -0.2115D-04   0.0000D+00   0.0000D+00   0.0000D+00  -0.8276D-05   0.0000D+00  -0.4825D-04   0.0000D+00  -0.2115D-04   0.0000D+00
   0.5657D-03   0.0000D+00   0.7156D-04   0.0000D+00   0.3249D-03   0.0000D+00   0.5966D-04   0.0000D+00   0.1326D-04   0.0000D+00   0.0000D+00   0.0000D+00   0.5657D-03   0.0000D+00   0.7156D-04   0.0000D+00   0.3249D-03   0.0000D+00
   0.0000D+00   0.0000D+00   0.0000D+00   0.0000D+00   0.0000D+00   0.0000D+00   0.0000D+00   0.0000D+00
  -0.6138D-04   0.2105D-05  -0.2667D-04   0.1439D-05   0.3509D-06  -0.6290D-06  -0.1008D-04   0.5092D-06  -0.6138D-04   0.2105D-05  -0.2667D-04   0.1439D-05
   0.5862D-03  -0.3019D-04   0.7304D-04  -0.7503D-05   0.3186D-03  -0.3699D-04   0.6653D-04   0.0000D+00   0.1582D-04   0.1232D-05  -0.1930D-05   0.4031D-05   0.5862D-03  -0.3019D-04   0.7304D-04  -0.7503D-05   0.3186D-03  -0.3699D-04
  -0.3374D-05  -0.7302D-05  -0.2061D-05  -0.4068D-05  -0.3374D-05  -0.7302D-05  -0.2061D-05  -0.4068D-05
  1.000  2.000
  -0.4512D-04   0.0000D+00  -0.1978D-04   0.0000D+00   0.0000D+00   0.0000D+00  -0.7739D-05   0.0000D+00  -0.4512D-04   0.0000D+00  -0.1978D-04   0.0000D+00
   0.5657D-03   0.0000D+00   0.7156D-04   0.0000D+00   0.3249D-03   0.0000D+00   0.5966D-04   0.0000D+00   0.1326D-04   0.0000D+00   0.0000D+00   0.0000D+00   0.5657D-03   0.0000D+00   0.7156D-04   0.0000D+00   0.3249D-03   0.0000D+00
   0.0000D+00   0.0000D+00   0.0000D+00   0.0000D+00   0.0000D+00   0.0000D+00   0.0000D+00   0.0000D+00
  -0.5944D-04   0.1841D-05  -0.2585D-04   0.1258D-05   0.3069D-06  -0.5499D-06  -0.9807D-05   0.4452D-06  -0.5944D-04   0.1841D-05  -0.2585D-04   0.1258D-05
   0.5849D-03  -0.2823D-04   0.7295D-04  -0.7016D-05   0.3190D-03  -0.3459D-04   0.6608D-04   0.0000D+00   0.1565D-04   0.1152D-05  -0.1805D-05   0.3769D-05   0.5849D-03  -0.2823D-04   0.7295D-04  -0.7016D-05   0.3190D-03  -0.3459D-04
  -0.3155D-05  -0.6828D-05  -0.1927D-05  -0.3804D-05  -0.3155D-05  -0.6828D-05  -0.1927D-05  -0.3804D-05
  2.000  0.500
  -0.4180D-04   0.0000D+00  -0.1826D-04   0.0000D+00   0.0000D+00   0.0000D+00  -0.7151D-05   0.0000D+00  -0.4180D-04   0.0000D+00  -0.1826D-04   0.0000D+00
   0.4548D-03   0.0000D+00   0.5748D-04   0.0000D+00   0.2616D-03   0.0000D+00   0.4798D-04   0.0000D+00   0.1066D-04   0.0000D+00   0.0000D+00   0.0000D+00   0.4548D-03   0.0000D+00   0.5748D-04   0.0000D+00   0.2616D-03   0.0000D+00
   0.0000D+00   0.0000D+00   0.0000D+00   0.0000D+00   0.0000D+00   0.0000D+00   0.0000D+00   0.0000D+00
  -0.6077D-04   0.1954D-05  -0.2638D-04   0.1337D-05   0.3204D-06  -0.5842D-06  -0.9993D-05   0.4724D-06  -0.6077D-04   0.1954D-05  -0.2638D-04   0.1337D-05
   0.5796D-03  -0.2613D-04   0.7234D-04  -0.6489D-05   0.3175D-03  -0.3195D-04   0.6522D-04   0.0000D+00   0.1539D-04   0.1065D-05  -0.1657D-05   0.3485D-05   0.5796D-03  -0.2613D-04   0.7234D-04  -0.6489D-05   0.3175D-03  -0.3195D-04
  -0.2924D-05  -0.6327D-05  -0.1782D-05  -0.3511D-05  -0.2924D-05  -0.6327D-05  -0.1782D-05  -0.3511D-05
  2.000  1.000
  -0.3889D-04   0.0000D+00  -0.1699D-04   0.0000D+00   0.0000D+00   0.0000D+00  -0.6654D-05   0.0000D+00  -0.3889D-04   0.0000D+00  -0.1699D-04   0.0000D+00
   0.4548D-03   0.0000D+00   0.5748D-04   0.0000D+00   0.2616D-03   0.0000D+00   0.4798D-04   0.0000D+00   0.1066D-04   0.0000D+00   0.0000D+00   0.0000D+00   0.4548D-03   0.0000D+00   0.5748D-04   0.0000D+00   0.2616D-03   0.0000D+00
   0.0000D+00   0.0000D+00   0.0000D+00   0.0000D+00   0.0000D+00   0.0000D+00   0.0000D+00   0.0000D+00
  -0.5793D-04   0.1692D-05  -0.2517D-04   0.1158D-05   0.2774D-06  -0.5057D-06  -0.9563D-05   0.4090D-06  -0.5793D-04   0.1692D-05  -0.2517D-04   0.1158D-05
   0.5709D-03  -0.2431D-04   0.7131D-04  -0.6038D-05   0.3137D-03  -0.2972D-04   0.6402D-04   0.0000D+00   0.1506D-04   0.9907D-06  -0.1542D-05   0.3242D-05   0.5709D-03  -0.2431D-04   0.7131D-04  -0.6038D-05   0.3137D-03  -0.2972D-04
  -0.2720D-05  -0.5887D-05  -0.1658D-05  -0.3267D-05  -0.2720D-05  -0.5887D-05  -0.1658D-05  -0.3267D-05
  2.000  2.000
  -0.3637D-04   0.0000D+00  -0.1589D-04   0.0000D+00   0.0000D+00   0.0000D+00  -0.6222D-05   0.0000D+00  -0.3637D-04   0.0000D+00  -0.1589D-04   0.0000D+00
   0.4548D-03   0.0000D+00   0.5748D-04   0.0000D+00   0.2616D-03   0.0000D+00   0.4798D-04   0.0000D+00   0.1066D-04   0.0000D+00   0.0000D+00   0.0000D+00   0.4548D-03   0.0000D+00   0.5748D-04   0.0000D+00   0.2616D-03   0.0000D+00
   0.0000D+00   0.0000D+00   0.0000D+00   0.0000D+00   0.0000D+00   0.0000D+00   0.0000D+00   0.0000D+00
  -0.5531D-04   0.1479D-05  -0.2404D-04   0.1012D-05   0.2426D-06  -0.4422D-06  -0.9158D-05   0.3576D-06  -0.5531D-04   0.1479D-05  -0.2404D-04   0.1012D-05
   0.5634D-03  -0.2273D-04   0.7041D-04  -0.5646D-05   0.3103D-03  -0.2780D-04   0.6298D-04   0.0000D+00   0.1478D-04   0.9264D-06  -0.1442D-05   0.3032D-05   0.5634D-03  -0.2273D-04   0.7041D-04  -0.5646D-05   0.3103D-03  -0.2780D-04
  -0.2544D-05  -0.5505D-05  -0.1550D-05  -0.3055D-05  -0.2544D-05  -0.5505D-05  -0.1550D-05  -0.3055D-05
