 LHC=           1 sqrts=   8000.0000000000000      ang=           4 mode=fital                                                                                               scalescheme=           1 R=  0.69999999999999996     
 NNPDF23_nlo_as_0118                                                                                           98
 Bin information: chid, chiu, md, mu, mu0
   0.0000000000000000       0.50000000000000000        64.000000000000000        74.000000000000000        69.000000000000000     
 9 scales(muf, mur)*(LO(38), NLO(38))
  0.500  0.500
  -0.1736D+02   0.0000D+00  -0.2909D+02   0.0000D+00   0.0000D+00   0.0000D+00  -0.3200D+02   0.0000D+00  -0.1736D+02   0.0000D+00  -0.2909D+02   0.0000D+00
   0.2711D+00   0.0000D+00   0.4969D-01   0.0000D+00   0.5450D-01   0.0000D+00   0.1217D+00   0.0000D+00   0.2704D-01   0.0000D+00   0.0000D+00   0.0000D+00   0.2711D+00   0.0000D+00   0.4969D-01   0.0000D+00   0.5450D-01   0.0000D+00
   0.0000D+00   0.0000D+00   0.0000D+00   0.0000D+00   0.0000D+00   0.0000D+00   0.0000D+00   0.0000D+00
  -0.1197D+02   0.5579D+01  -0.2339D+02   0.3421D+01   0.2578D+01  -0.4282D+01  -0.2840D+02  -0.4016D+00  -0.1197D+02   0.5579D+01  -0.2339D+02   0.3421D+01
   0.7041D+00  -0.8779D-02   0.1281D+00  -0.4071D-02   0.1137D+00  -0.3346D-01   0.2747D+00   0.0000D+00   0.7371D-01   0.4307D-02   0.8048D-02   0.1410D-01   0.7041D+00  -0.8779D-02   0.1281D+00  -0.4071D-02   0.1137D+00  -0.3346D-01
  -0.1759D-03  -0.3669D-02  -0.1989D-02  -0.7282D-02  -0.1759D-03  -0.3669D-02  -0.1989D-02  -0.7282D-02
  0.500  1.000
  -0.1546D+02   0.0000D+00  -0.2590D+02   0.0000D+00   0.0000D+00   0.0000D+00  -0.2849D+02   0.0000D+00  -0.1546D+02   0.0000D+00  -0.2590D+02   0.0000D+00
   0.2711D+00   0.0000D+00   0.4969D-01   0.0000D+00   0.5450D-01   0.0000D+00   0.1217D+00   0.0000D+00   0.2704D-01   0.0000D+00   0.0000D+00   0.0000D+00   0.2711D+00   0.0000D+00   0.4969D-01   0.0000D+00   0.5450D-01   0.0000D+00
   0.0000D+00   0.0000D+00   0.0000D+00   0.0000D+00   0.0000D+00   0.0000D+00   0.0000D+00   0.0000D+00
  -0.1282D+02   0.4423D+01  -0.2412D+02   0.2712D+01   0.2042D+01  -0.3394D+01  -0.2865D+02  -0.3183D+00  -0.1282D+02   0.4423D+01  -0.2412D+02   0.2712D+01
   0.6559D+00  -0.7817D-02   0.1194D+00  -0.3625D-02   0.1066D+00  -0.2979D-01   0.2584D+00   0.0000D+00   0.6868D-01   0.3835D-02   0.7251D-02   0.1255D-01   0.6559D+00  -0.7817D-02   0.1194D+00  -0.3625D-02   0.1066D+00  -0.2979D-01
  -0.1565D-03  -0.3267D-02  -0.1771D-02  -0.6484D-02  -0.1565D-03  -0.3267D-02  -0.1771D-02  -0.6484D-02
  0.500  2.000
  -0.1393D+02   0.0000D+00  -0.2335D+02   0.0000D+00   0.0000D+00   0.0000D+00  -0.2569D+02   0.0000D+00  -0.1393D+02   0.0000D+00  -0.2335D+02   0.0000D+00
   0.2711D+00   0.0000D+00   0.4969D-01   0.0000D+00   0.5450D-01   0.0000D+00   0.1217D+00   0.0000D+00   0.2704D-01   0.0000D+00   0.0000D+00   0.0000D+00   0.2711D+00   0.0000D+00   0.4969D-01   0.0000D+00   0.5450D-01   0.0000D+00
   0.0000D+00   0.0000D+00   0.0000D+00   0.0000D+00   0.0000D+00   0.0000D+00   0.0000D+00   0.0000D+00
  -0.1312D+02   0.3595D+01  -0.2413D+02   0.2204D+01   0.1658D+01  -0.2759D+01  -0.2827D+02  -0.2587D+00  -0.1312D+02   0.3595D+01  -0.2413D+02   0.2204D+01
   0.6219D+00  -0.7048D-02   0.1132D+00  -0.3268D-02   0.1023D+00  -0.2686D-01   0.2461D+00   0.0000D+00   0.6492D-01   0.3458D-02   0.6611D-02   0.1132D-01   0.6219D+00  -0.7048D-02   0.1132D+00  -0.3268D-02   0.1023D+00  -0.2686D-01
  -0.1411D-03  -0.2945D-02  -0.1596D-02  -0.5846D-02  -0.1411D-03  -0.2945D-02  -0.1596D-02  -0.5846D-02
  1.000  0.500
  -0.1829D+02   0.0000D+00  -0.3219D+02   0.0000D+00   0.0000D+00   0.0000D+00  -0.3510D+02   0.0000D+00  -0.1829D+02   0.0000D+00  -0.3219D+02   0.0000D+00
   0.2880D+00   0.0000D+00   0.5463D-01   0.0000D+00   0.5786D-01   0.0000D+00   0.1337D+00   0.0000D+00   0.2972D-01   0.0000D+00   0.0000D+00   0.0000D+00   0.2880D+00   0.0000D+00   0.5463D-01   0.0000D+00   0.5786D-01   0.0000D+00
   0.0000D+00   0.0000D+00   0.0000D+00   0.0000D+00   0.0000D+00   0.0000D+00   0.0000D+00   0.0000D+00
  -0.1094D+02   0.6268D+01  -0.2252D+02   0.3795D+01   0.2907D+01  -0.4635D+01  -0.2756D+02  -0.4514D+00  -0.1094D+02   0.6268D+01  -0.2252D+02   0.3795D+01
   0.6657D+00  -0.9562D-02   0.1229D+00  -0.4395D-02   0.1040D+00  -0.3485D-01   0.2667D+00   0.0000D+00   0.7185D-01   0.4796D-02   0.8040D-02   0.1570D-01   0.6657D+00  -0.9562D-02   0.1229D+00  -0.4395D-02   0.1040D+00  -0.3485D-01
  -0.1987D-03  -0.3742D-02  -0.2261D-02  -0.8111D-02  -0.1987D-03  -0.3742D-02  -0.2261D-02  -0.8111D-02
  1.000  1.000
  -0.1629D+02   0.0000D+00  -0.2866D+02   0.0000D+00   0.0000D+00   0.0000D+00  -0.3125D+02   0.0000D+00  -0.1629D+02   0.0000D+00  -0.2866D+02   0.0000D+00
   0.2880D+00   0.0000D+00   0.5463D-01   0.0000D+00   0.5786D-01   0.0000D+00   0.1337D+00   0.0000D+00   0.2972D-01   0.0000D+00   0.0000D+00   0.0000D+00   0.2880D+00   0.0000D+00   0.5463D-01   0.0000D+00   0.5786D-01   0.0000D+00
   0.0000D+00   0.0000D+00   0.0000D+00   0.0000D+00   0.0000D+00   0.0000D+00   0.0000D+00   0.0000D+00
  -0.1222D+02   0.4969D+01  -0.2406D+02   0.3009D+01   0.2302D+01  -0.3674D+01  -0.2862D+02  -0.3579D+00  -0.1222D+02   0.4969D+01  -0.2406D+02   0.3009D+01
   0.6547D+00  -0.8514D-02   0.1205D+00  -0.3913D-02   0.1077D+00  -0.3103D-01   0.2591D+00   0.0000D+00   0.6930D-01   0.4271D-02   0.7409D-02   0.1398D-01   0.6547D+00  -0.8514D-02   0.1205D+00  -0.3913D-02   0.1077D+00  -0.3103D-01
  -0.1768D-03  -0.3332D-02  -0.2013D-02  -0.7222D-02  -0.1768D-03  -0.3332D-02  -0.2013D-02  -0.7222D-02
  1.000  2.000
  -0.1468D+02   0.0000D+00  -0.2584D+02   0.0000D+00   0.0000D+00   0.0000D+00  -0.2818D+02   0.0000D+00  -0.1468D+02   0.0000D+00  -0.2584D+02   0.0000D+00
   0.2880D+00   0.0000D+00   0.5463D-01   0.0000D+00   0.5786D-01   0.0000D+00   0.1337D+00   0.0000D+00   0.2972D-01   0.0000D+00   0.0000D+00   0.0000D+00   0.2880D+00   0.0000D+00   0.5463D-01   0.0000D+00   0.5786D-01   0.0000D+00
   0.0000D+00   0.0000D+00   0.0000D+00   0.0000D+00   0.0000D+00   0.0000D+00   0.0000D+00   0.0000D+00
  -0.1275D+02   0.4038D+01  -0.2453D+02   0.2445D+01   0.1870D+01  -0.2986D+01  -0.2869D+02  -0.2908D+00  -0.1275D+02   0.4038D+01  -0.2453D+02   0.2445D+01
   0.5959D+00  -0.7676D-02   0.1103D+00  -0.3528D-02   0.9580D-01  -0.2798D-01   0.2422D+00   0.0000D+00   0.6402D-01   0.3850D-02   0.6592D-02   0.1260D-01   0.5959D+00  -0.7676D-02   0.1103D+00  -0.3528D-02   0.9580D-01  -0.2798D-01
  -0.1594D-03  -0.3004D-02  -0.1815D-02  -0.6511D-02  -0.1594D-03  -0.3004D-02  -0.1815D-02  -0.6511D-02
  2.000  0.500
  -0.1933D+02   0.0000D+00  -0.3526D+02   0.0000D+00   0.0000D+00   0.0000D+00  -0.3702D+02   0.0000D+00  -0.1933D+02   0.0000D+00  -0.3526D+02   0.0000D+00
   0.3118D+00   0.0000D+00   0.5986D-01   0.0000D+00   0.6079D-01   0.0000D+00   0.1441D+00   0.0000D+00   0.3201D-01   0.0000D+00   0.0000D+00   0.0000D+00   0.3118D+00   0.0000D+00   0.5986D-01   0.0000D+00   0.6079D-01   0.0000D+00
   0.0000D+00   0.0000D+00   0.0000D+00   0.0000D+00   0.0000D+00   0.0000D+00   0.0000D+00   0.0000D+00
  -0.1037D+02   0.6668D+01  -0.2313D+02   0.4018D+01   0.3356D+01  -0.4981D+01  -0.2712D+02  -0.4597D+00  -0.1037D+02   0.6668D+01  -0.2313D+02   0.4018D+01
   0.6405D+00  -0.9850D-02   0.1209D+00  -0.4750D-02   0.9737D-01  -0.3883D-01   0.2635D+00   0.0000D+00   0.6978D-01   0.5153D-02   0.7612D-02   0.1686D-01   0.6405D+00  -0.9850D-02   0.1209D+00  -0.4750D-02   0.9737D-01  -0.3883D-01
  -0.2270D-03  -0.4283D-02  -0.2490D-02  -0.8664D-02  -0.2270D-03  -0.4283D-02  -0.2490D-02  -0.8664D-02
  2.000  1.000
  -0.1721D+02   0.0000D+00  -0.3140D+02   0.0000D+00   0.0000D+00   0.0000D+00  -0.3296D+02   0.0000D+00  -0.1721D+02   0.0000D+00  -0.3140D+02   0.0000D+00
   0.3118D+00   0.0000D+00   0.5986D-01   0.0000D+00   0.6079D-01   0.0000D+00   0.1441D+00   0.0000D+00   0.3201D-01   0.0000D+00   0.0000D+00   0.0000D+00   0.3118D+00   0.0000D+00   0.5986D-01   0.0000D+00   0.6079D-01   0.0000D+00
   0.0000D+00   0.0000D+00   0.0000D+00   0.0000D+00   0.0000D+00   0.0000D+00   0.0000D+00   0.0000D+00
  -0.1192D+02   0.5286D+01  -0.2509D+02   0.3185D+01   0.2657D+01  -0.3948D+01  -0.2859D+02  -0.3644D+00  -0.1192D+02   0.5286D+01  -0.2509D+02   0.3185D+01
   0.6055D+00  -0.8770D-02   0.1144D+00  -0.4229D-02   0.9344D-01  -0.3458D-01   0.2509D+00   0.0000D+00   0.6578D-01   0.4588D-02   0.6823D-02   0.1502D-01   0.6055D+00  -0.8770D-02   0.1144D+00  -0.4229D-02   0.9344D-01  -0.3458D-01
  -0.2020D-03  -0.3814D-02  -0.2217D-02  -0.7714D-02  -0.2020D-03  -0.3814D-02  -0.2217D-02  -0.7714D-02
  2.000  2.000
  -0.1552D+02   0.0000D+00  -0.2831D+02   0.0000D+00   0.0000D+00   0.0000D+00  -0.2971D+02   0.0000D+00  -0.1552D+02   0.0000D+00  -0.2831D+02   0.0000D+00
   0.3118D+00   0.0000D+00   0.5986D-01   0.0000D+00   0.6079D-01   0.0000D+00   0.1441D+00   0.0000D+00   0.3201D-01   0.0000D+00   0.0000D+00   0.0000D+00   0.3118D+00   0.0000D+00   0.5986D-01   0.0000D+00   0.6079D-01   0.0000D+00
   0.0000D+00   0.0000D+00   0.0000D+00   0.0000D+00   0.0000D+00   0.0000D+00   0.0000D+00   0.0000D+00
  -0.1287D+02   0.4296D+01  -0.2608D+02   0.2589D+01   0.2153D+01  -0.3209D+01  -0.2917D+02  -0.2962D+00  -0.1287D+02   0.4296D+01  -0.2608D+02   0.2589D+01
   0.6609D+00  -0.7907D-02   0.1238D+00  -0.3813D-02   0.1134D+00  -0.3118D-01   0.2616D+00   0.0000D+00   0.6871D-01   0.4137D-02   0.6981D-02   0.1354D-01   0.6609D+00  -0.7907D-02   0.1238D+00  -0.3813D-02   0.1134D+00  -0.3118D-01
  -0.1820D-03  -0.3439D-02  -0.1999D-02  -0.6955D-02  -0.1820D-03  -0.3439D-02  -0.1999D-02  -0.6955D-02
