 LHC=           1 sqrts=   8000.0000000000000      ang=           4 mode=fital                                                                                               scalescheme=           1 R=  0.69999999999999996     
 NNPDF23_nlo_as_0118                                                                                           98
 Bin information: chid, chiu, md, mu, mu0
   0.0000000000000000       0.50000000000000000        114.00000000000000        133.00000000000000        123.50000000000000     
 9 scales(muf, mur)*(LO(38), NLO(38))
  0.500  0.500
  -0.1022D+02   0.0000D+00  -0.1554D+02   0.0000D+00   0.0000D+00   0.0000D+00  -0.1628D+02   0.0000D+00  -0.1022D+02   0.0000D+00  -0.1554D+02   0.0000D+00
   0.5156D+00   0.0000D+00   0.9558D-01   0.0000D+00   0.1129D+00   0.0000D+00   0.2229D+00   0.0000D+00   0.4954D-01   0.0000D+00   0.0000D+00   0.0000D+00   0.5156D+00   0.0000D+00   0.9558D-01   0.0000D+00   0.1129D+00   0.0000D+00
   0.0000D+00   0.0000D+00   0.0000D+00   0.0000D+00   0.0000D+00   0.0000D+00   0.0000D+00   0.0000D+00
  -0.7011D+01   0.2718D+01  -0.1245D+02   0.1633D+01   0.1304D+01  -0.1956D+01  -0.1442D+02  -0.1706D+00  -0.7011D+01   0.2718D+01  -0.1245D+02   0.1633D+01
   0.8271D+00  -0.1663D-01   0.1527D+00  -0.7277D-02   0.1323D+00  -0.5814D-01   0.3314D+00   0.0000D+00   0.8500D-01   0.7272D-02   0.3415D-02   0.2380D-01   0.8271D+00  -0.1663D-01   0.1527D+00  -0.7277D-02   0.1323D+00  -0.5814D-01
  -0.6599D-03  -0.6390D-02  -0.3887D-02  -0.1255D-01  -0.6599D-03  -0.6390D-02  -0.3887D-02  -0.1255D-01
  0.500  1.000
  -0.9194D+01   0.0000D+00  -0.1398D+02   0.0000D+00   0.0000D+00   0.0000D+00  -0.1465D+02   0.0000D+00  -0.9194D+01   0.0000D+00  -0.1398D+02   0.0000D+00
   0.5156D+00   0.0000D+00   0.9558D-01   0.0000D+00   0.1129D+00   0.0000D+00   0.2229D+00   0.0000D+00   0.4954D-01   0.0000D+00   0.0000D+00   0.0000D+00   0.5156D+00   0.0000D+00   0.9558D-01   0.0000D+00   0.1129D+00   0.0000D+00
   0.0000D+00   0.0000D+00   0.0000D+00   0.0000D+00   0.0000D+00   0.0000D+00   0.0000D+00   0.0000D+00
  -0.7488D+01   0.2201D+01  -0.1284D+02   0.1322D+01   0.1056D+01  -0.1584D+01  -0.1456D+02  -0.1382D+00  -0.7488D+01   0.2201D+01  -0.1284D+02   0.1322D+01
   0.7984D+00  -0.1497D-01   0.1474D+00  -0.6549D-02   0.1309D+00  -0.5232D-01   0.3214D+00   0.0000D+00   0.8167D-01   0.6545D-02   0.3121D-02   0.2142D-01   0.7984D+00  -0.1497D-01   0.1474D+00  -0.6549D-02   0.1309D+00  -0.5232D-01
  -0.5937D-03  -0.5751D-02  -0.3498D-02  -0.1130D-01  -0.5937D-03  -0.5751D-02  -0.3498D-02  -0.1130D-01
  0.500  2.000
  -0.8397D+01   0.0000D+00  -0.1277D+02   0.0000D+00   0.0000D+00   0.0000D+00  -0.1338D+02   0.0000D+00  -0.8397D+01   0.0000D+00  -0.1277D+02   0.0000D+00
   0.5156D+00   0.0000D+00   0.9558D-01   0.0000D+00   0.1129D+00   0.0000D+00   0.2229D+00   0.0000D+00   0.4954D-01   0.0000D+00   0.0000D+00   0.0000D+00   0.5156D+00   0.0000D+00   0.9558D-01   0.0000D+00   0.1129D+00   0.0000D+00
   0.0000D+00   0.0000D+00   0.0000D+00   0.0000D+00   0.0000D+00   0.0000D+00   0.0000D+00   0.0000D+00
  -0.7716D+01   0.1836D+01  -0.1294D+02   0.1103D+01   0.8797D+00  -0.1321D+01  -0.1449D+02  -0.1152D+00  -0.7716D+01   0.1836D+01  -0.1294D+02   0.1103D+01
   0.7758D+00  -0.1367D-01   0.1433D+00  -0.5982D-02   0.1298D+00  -0.4779D-01   0.3134D+00   0.0000D+00   0.7906D-01   0.5978D-02   0.2883D-02   0.1956D-01   0.7758D+00  -0.1367D-01   0.1433D+00  -0.5982D-02   0.1298D+00  -0.4779D-01
  -0.5421D-03  -0.5253D-02  -0.3195D-02  -0.1032D-01  -0.5421D-03  -0.5253D-02  -0.3195D-02  -0.1032D-01
  1.000  0.500
  -0.1034D+02   0.0000D+00  -0.1606D+02   0.0000D+00   0.0000D+00   0.0000D+00  -0.1701D+02   0.0000D+00  -0.1034D+02   0.0000D+00  -0.1606D+02   0.0000D+00
   0.5328D+00   0.0000D+00   0.9863D-01   0.0000D+00   0.1149D+00   0.0000D+00   0.2316D+00   0.0000D+00   0.5148D-01   0.0000D+00   0.0000D+00   0.0000D+00   0.5328D+00   0.0000D+00   0.9863D-01   0.0000D+00   0.1149D+00   0.0000D+00
   0.0000D+00   0.0000D+00   0.0000D+00   0.0000D+00   0.0000D+00   0.0000D+00   0.0000D+00   0.0000D+00
  -0.6918D+01   0.2839D+01  -0.1240D+02   0.1696D+01   0.1332D+01  -0.2040D+01  -0.1478D+02  -0.1759D+00  -0.6918D+01   0.2839D+01  -0.1240D+02   0.1696D+01
   0.8041D+00  -0.1677D-01   0.1479D+00  -0.7450D-02   0.1253D+00  -0.6009D-01   0.3241D+00   0.0000D+00   0.8339D-01   0.7524D-02   0.3843D-02   0.2462D-01   0.8041D+00  -0.1677D-01   0.1479D+00  -0.7450D-02   0.1253D+00  -0.6009D-01
  -0.6838D-03  -0.6632D-02  -0.4112D-02  -0.1290D-01  -0.6838D-03  -0.6632D-02  -0.4112D-02  -0.1290D-01
  1.000  1.000
  -0.9309D+01   0.0000D+00  -0.1446D+02   0.0000D+00   0.0000D+00   0.0000D+00  -0.1530D+02   0.0000D+00  -0.9309D+01   0.0000D+00  -0.1446D+02   0.0000D+00
   0.5328D+00   0.0000D+00   0.9863D-01   0.0000D+00   0.1149D+00   0.0000D+00   0.2316D+00   0.0000D+00   0.5148D-01   0.0000D+00   0.0000D+00   0.0000D+00   0.5328D+00   0.0000D+00   0.9863D-01   0.0000D+00   0.1149D+00   0.0000D+00
   0.0000D+00   0.0000D+00   0.0000D+00   0.0000D+00   0.0000D+00   0.0000D+00   0.0000D+00   0.0000D+00
  -0.7437D+01   0.2299D+01  -0.1289D+02   0.1373D+01   0.1078D+01  -0.1652D+01  -0.1498D+02  -0.1424D+00  -0.7437D+01   0.2299D+01  -0.1289D+02   0.1373D+01
   0.7824D+00  -0.1509D-01   0.1438D+00  -0.6705D-02   0.1257D+00  -0.5408D-01   0.3161D+00   0.0000D+00   0.8057D-01   0.6771D-02   0.3498D-02   0.2216D-01   0.7824D+00  -0.1509D-01   0.1438D+00  -0.6705D-02   0.1257D+00  -0.5408D-01
  -0.6153D-03  -0.5968D-02  -0.3701D-02  -0.1161D-01  -0.6153D-03  -0.5968D-02  -0.3701D-02  -0.1161D-01
  1.000  2.000
  -0.8502D+01   0.0000D+00  -0.1320D+02   0.0000D+00   0.0000D+00   0.0000D+00  -0.1398D+02   0.0000D+00  -0.8502D+01   0.0000D+00  -0.1320D+02   0.0000D+00
   0.5328D+00   0.0000D+00   0.9863D-01   0.0000D+00   0.1149D+00   0.0000D+00   0.2316D+00   0.0000D+00   0.5148D-01   0.0000D+00   0.0000D+00   0.0000D+00   0.5328D+00   0.0000D+00   0.9863D-01   0.0000D+00   0.1149D+00   0.0000D+00
   0.0000D+00   0.0000D+00   0.0000D+00   0.0000D+00   0.0000D+00   0.0000D+00   0.0000D+00   0.0000D+00
  -0.7688D+01   0.1918D+01  -0.1306D+02   0.1145D+01   0.8982D+00  -0.1378D+01  -0.1494D+02  -0.1188D+00  -0.7688D+01   0.1918D+01  -0.1306D+02   0.1145D+01
   0.7580D+00  -0.1379D-01   0.1395D+00  -0.6124D-02   0.1237D+00  -0.4939D-01   0.3086D+00   0.0000D+00   0.7796D-01   0.6184D-02   0.3227D-02   0.2024D-01   0.7580D+00  -0.1379D-01   0.1395D+00  -0.6124D-02   0.1237D+00  -0.4939D-01
  -0.5617D-03  -0.5451D-02  -0.3379D-02  -0.1060D-01  -0.5617D-03  -0.5451D-02  -0.3379D-02  -0.1060D-01
  2.000  0.500
  -0.1032D+02   0.0000D+00  -0.1650D+02   0.0000D+00   0.0000D+00   0.0000D+00  -0.1736D+02   0.0000D+00  -0.1032D+02   0.0000D+00  -0.1650D+02   0.0000D+00
   0.5389D+00   0.0000D+00   0.1008D+00   0.0000D+00   0.1158D+00   0.0000D+00   0.2340D+00   0.0000D+00   0.5199D-01   0.0000D+00   0.0000D+00   0.0000D+00   0.5389D+00   0.0000D+00   0.1008D+00   0.0000D+00   0.1158D+00   0.0000D+00
   0.0000D+00   0.0000D+00   0.0000D+00   0.0000D+00   0.0000D+00   0.0000D+00   0.0000D+00   0.0000D+00
  -0.6731D+01   0.2891D+01  -0.1269D+02   0.1733D+01   0.1356D+01  -0.2094D+01  -0.1480D+02  -0.1775D+00  -0.6731D+01   0.2891D+01  -0.1269D+02   0.1733D+01
   0.7754D+00  -0.1692D-01   0.1452D+00  -0.7608D-02   0.1191D+00  -0.6128D-01   0.3136D+00   0.0000D+00   0.8200D-01   0.7610D-02   0.3356D-02   0.2491D-01   0.7754D+00  -0.1692D-01   0.1452D+00  -0.7608D-02   0.1191D+00  -0.6128D-01
  -0.7090D-03  -0.6624D-02  -0.4244D-02  -0.1313D-01  -0.7090D-03  -0.6624D-02  -0.4244D-02  -0.1313D-01
  2.000  1.000
  -0.9286D+01   0.0000D+00  -0.1484D+02   0.0000D+00   0.0000D+00   0.0000D+00  -0.1562D+02   0.0000D+00  -0.9286D+01   0.0000D+00  -0.1484D+02   0.0000D+00
   0.5389D+00   0.0000D+00   0.1008D+00   0.0000D+00   0.1158D+00   0.0000D+00   0.2340D+00   0.0000D+00   0.5199D-01   0.0000D+00   0.0000D+00   0.0000D+00   0.5389D+00   0.0000D+00   0.1008D+00   0.0000D+00   0.1158D+00   0.0000D+00
   0.0000D+00   0.0000D+00   0.0000D+00   0.0000D+00   0.0000D+00   0.0000D+00   0.0000D+00   0.0000D+00
  -0.7293D+01   0.2341D+01  -0.1321D+02   0.1404D+01   0.1098D+01  -0.1695D+01  -0.1507D+02  -0.1438D+00  -0.7293D+01   0.2341D+01  -0.1321D+02   0.1404D+01
   0.7648D+00  -0.1523D-01   0.1430D+00  -0.6847D-02   0.1225D+00  -0.5515D-01   0.3086D+00   0.0000D+00   0.7988D-01   0.6849D-02   0.3094D-02   0.2241D-01   0.7648D+00  -0.1523D-01   0.1430D+00  -0.6847D-02   0.1225D+00  -0.5515D-01
  -0.6379D-03  -0.5962D-02  -0.3819D-02  -0.1182D-01  -0.6379D-03  -0.5962D-02  -0.3819D-02  -0.1182D-01
  2.000  2.000
  -0.8481D+01   0.0000D+00  -0.1356D+02   0.0000D+00   0.0000D+00   0.0000D+00  -0.1427D+02   0.0000D+00  -0.8481D+01   0.0000D+00  -0.1356D+02   0.0000D+00
   0.5389D+00   0.0000D+00   0.1008D+00   0.0000D+00   0.1158D+00   0.0000D+00   0.2340D+00   0.0000D+00   0.5199D-01   0.0000D+00   0.0000D+00   0.0000D+00   0.5389D+00   0.0000D+00   0.1008D+00   0.0000D+00   0.1158D+00   0.0000D+00
   0.0000D+00   0.0000D+00   0.0000D+00   0.0000D+00   0.0000D+00   0.0000D+00   0.0000D+00   0.0000D+00
  -0.7586D+01   0.1953D+01  -0.1341D+02   0.1171D+01   0.9149D+00  -0.1414D+01  -0.1508D+02  -0.1199D+00  -0.7586D+01   0.1953D+01  -0.1341D+02   0.1171D+01
   0.7605D+00  -0.1391D-01   0.1419D+00  -0.6254D-02   0.1263D+00  -0.5037D-01   0.3055D+00   0.0000D+00   0.7848D-01   0.6255D-02   0.2890D-02   0.2047D-01   0.7605D+00  -0.1391D-01   0.1419D+00  -0.6254D-02   0.1263D+00  -0.5037D-01
  -0.5823D-03  -0.5445D-02  -0.3487D-02  -0.1080D-01  -0.5823D-03  -0.5445D-02  -0.3487D-02  -0.1080D-01
