 LHC=           1 sqrts=   8000.0000000000000      ang=           4 mode=fital                                                                                               scalescheme=           1 R=  0.69999999999999996     
 NNPDF23_nlo_as_0118                                                                                           98
 Bin information: chid, chiu, md, mu, mu0
   0.0000000000000000       0.50000000000000000        430.00000000000000        468.00000000000000        449.00000000000000     
 9 scales(muf, mur)*(LO(38), NLO(38))
  0.500  0.500
  -0.1115D+01   0.0000D+00  -0.1069D+01   0.0000D+00   0.0000D+00   0.0000D+00  -0.8855D+00   0.0000D+00  -0.1115D+01   0.0000D+00  -0.1069D+01   0.0000D+00
   0.6049D+00   0.0000D+00   0.1028D+00   0.0000D+00   0.1879D+00   0.0000D+00   0.1908D+00   0.0000D+00   0.4241D-01   0.0000D+00   0.0000D+00   0.0000D+00   0.6049D+00   0.0000D+00   0.1028D+00   0.0000D+00   0.1879D+00   0.0000D+00
   0.0000D+00   0.0000D+00   0.0000D+00   0.0000D+00   0.0000D+00   0.0000D+00   0.0000D+00   0.0000D+00
  -0.8329D+00   0.1503D+00  -0.9168D+00   0.9008D-01   0.9311D-01  -0.8813D-01  -0.8113D+00   0.5683D-02  -0.8329D+00   0.1503D+00  -0.9168D+00   0.9008D-01
   0.5457D+00  -0.2286D-01   0.9520D-01  -0.7962D-02   0.1120D+00  -0.5539D-01   0.1812D+00   0.0000D+00   0.4503D-01   0.5161D-02  -0.3021D-02   0.1689D-01   0.5457D+00  -0.2286D-01   0.9520D-01  -0.7962D-02   0.1120D+00  -0.5539D-01
  -0.1901D-02  -0.7126D-02  -0.4026D-02  -0.1006D-01  -0.1901D-02  -0.7126D-02  -0.4026D-02  -0.1006D-01
  0.500  1.000
  -0.1029D+01   0.0000D+00  -0.9873D+00   0.0000D+00   0.0000D+00   0.0000D+00  -0.8177D+00   0.0000D+00  -0.1029D+01   0.0000D+00  -0.9873D+00   0.0000D+00
   0.6049D+00   0.0000D+00   0.1028D+00   0.0000D+00   0.1879D+00   0.0000D+00   0.1908D+00   0.0000D+00   0.4241D-01   0.0000D+00   0.0000D+00   0.0000D+00   0.6049D+00   0.0000D+00   0.1028D+00   0.0000D+00   0.1879D+00   0.0000D+00
   0.0000D+00   0.0000D+00   0.0000D+00   0.0000D+00   0.0000D+00   0.0000D+00   0.0000D+00   0.0000D+00
  -0.8732D+00   0.1282D+00  -0.9381D+00   0.7682D-01   0.7940D-01  -0.7515D-01  -0.8212D+00   0.4846D-02  -0.8732D+00   0.1282D+00  -0.9381D+00   0.7682D-01
   0.5504D+00  -0.2111D-01   0.9581D-01  -0.7353D-02   0.1179D+00  -0.5115D-01   0.1820D+00   0.0000D+00   0.4484D-01   0.4766D-02  -0.2790D-02   0.1560D-01   0.5504D+00  -0.2111D-01   0.9581D-01  -0.7353D-02   0.1179D+00  -0.5115D-01
  -0.1756D-02  -0.6580D-02  -0.3717D-02  -0.9288D-02  -0.1756D-02  -0.6580D-02  -0.3717D-02  -0.9288D-02
  0.500  2.000
  -0.9563D+00   0.0000D+00  -0.9172D+00   0.0000D+00   0.0000D+00   0.0000D+00  -0.7596D+00   0.0000D+00  -0.9563D+00   0.0000D+00  -0.9172D+00   0.0000D+00
   0.6049D+00   0.0000D+00   0.1028D+00   0.0000D+00   0.1879D+00   0.0000D+00   0.1908D+00   0.0000D+00   0.4241D-01   0.0000D+00   0.0000D+00   0.0000D+00   0.6049D+00   0.0000D+00   0.1028D+00   0.0000D+00   0.1879D+00   0.0000D+00
   0.0000D+00   0.0000D+00   0.0000D+00   0.0000D+00   0.0000D+00   0.0000D+00   0.0000D+00   0.0000D+00
  -0.8941D+00   0.1106D+00  -0.9444D+00   0.6630D-01   0.6852D-01  -0.6486D-01  -0.8203D+00   0.4183D-02  -0.8941D+00   0.1106D+00  -0.9444D+00   0.6630D-01
   0.5544D+00  -0.1961D-01   0.9634D-01  -0.6831D-02   0.1229D+00  -0.4751D-01   0.1826D+00   0.0000D+00   0.4467D-01   0.4428D-02  -0.2591D-02   0.1449D-01   0.5544D+00  -0.1961D-01   0.9634D-01  -0.6831D-02   0.1229D+00  -0.4751D-01
  -0.1631D-02  -0.6113D-02  -0.3453D-02  -0.8629D-02  -0.1631D-02  -0.6113D-02  -0.3453D-02  -0.8629D-02
  1.000  0.500
  -0.1049D+01   0.0000D+00  -0.1010D+01   0.0000D+00   0.0000D+00   0.0000D+00  -0.8314D+00   0.0000D+00  -0.1049D+01   0.0000D+00  -0.1010D+01   0.0000D+00
   0.5666D+00   0.0000D+00   0.9663D-01   0.0000D+00   0.1763D+00   0.0000D+00   0.1787D+00   0.0000D+00   0.3971D-01   0.0000D+00   0.0000D+00   0.0000D+00   0.5666D+00   0.0000D+00   0.9663D-01   0.0000D+00   0.1763D+00   0.0000D+00
   0.0000D+00   0.0000D+00   0.0000D+00   0.0000D+00   0.0000D+00   0.0000D+00   0.0000D+00   0.0000D+00
  -0.8523D+00   0.1418D+00  -0.9245D+00   0.8450D-01   0.8758D-01  -0.8283D-01  -0.8136D+00   0.5479D-02  -0.8523D+00   0.1418D+00  -0.9245D+00   0.8450D-01
   0.5401D+00  -0.2145D-01   0.9421D-01  -0.7485D-02   0.1153D+00  -0.5202D-01   0.1804D+00   0.0000D+00   0.4455D-01   0.4834D-02  -0.2818D-02   0.1582D-01   0.5401D+00  -0.2145D-01   0.9421D-01  -0.7485D-02   0.1153D+00  -0.5202D-01
  -0.1793D-02  -0.6744D-02  -0.3799D-02  -0.9420D-02  -0.1793D-02  -0.6744D-02  -0.3799D-02  -0.9420D-02
  1.000  1.000
  -0.9691D+00   0.0000D+00  -0.9326D+00   0.0000D+00   0.0000D+00   0.0000D+00  -0.7678D+00   0.0000D+00  -0.9691D+00   0.0000D+00  -0.9326D+00   0.0000D+00
   0.5666D+00   0.0000D+00   0.9663D-01   0.0000D+00   0.1763D+00   0.0000D+00   0.1787D+00   0.0000D+00   0.3971D-01   0.0000D+00   0.0000D+00   0.0000D+00   0.5666D+00   0.0000D+00   0.9663D-01   0.0000D+00   0.1763D+00   0.0000D+00
   0.0000D+00   0.0000D+00   0.0000D+00   0.0000D+00   0.0000D+00   0.0000D+00   0.0000D+00   0.0000D+00
  -0.8802D+00   0.1209D+00  -0.9360D+00   0.7206D-01   0.7468D-01  -0.7063D-01  -0.8153D+00   0.4673D-02  -0.8802D+00   0.1209D+00  -0.9360D+00   0.7206D-01
   0.5423D+00  -0.1981D-01   0.9443D-01  -0.6912D-02   0.1200D+00  -0.4804D-01   0.1803D+00   0.0000D+00   0.4419D-01   0.4464D-02  -0.2602D-02   0.1461D-01   0.5423D+00  -0.1981D-01   0.9443D-01  -0.6912D-02   0.1200D+00  -0.4804D-01
  -0.1656D-02  -0.6228D-02  -0.3509D-02  -0.8699D-02  -0.1656D-02  -0.6228D-02  -0.3509D-02  -0.8699D-02
  1.000  2.000
  -0.9003D+00   0.0000D+00  -0.8664D+00   0.0000D+00   0.0000D+00   0.0000D+00  -0.7133D+00   0.0000D+00  -0.9003D+00   0.0000D+00  -0.8664D+00   0.0000D+00
   0.5666D+00   0.0000D+00   0.9663D-01   0.0000D+00   0.1763D+00   0.0000D+00   0.1787D+00   0.0000D+00   0.3971D-01   0.0000D+00   0.0000D+00   0.0000D+00   0.5666D+00   0.0000D+00   0.9663D-01   0.0000D+00   0.1763D+00   0.0000D+00
   0.0000D+00   0.0000D+00   0.0000D+00   0.0000D+00   0.0000D+00   0.0000D+00   0.0000D+00   0.0000D+00
  -0.8919D+00   0.1044D+00  -0.9351D+00   0.6219D-01   0.6445D-01  -0.6096D-01  -0.8084D+00   0.4033D-02  -0.8919D+00   0.1044D+00  -0.9351D+00   0.6219D-01
   0.5442D+00  -0.1840D-01   0.9461D-01  -0.6422D-02   0.1240D+00  -0.4463D-01   0.1802D+00   0.0000D+00   0.4388D-01   0.4147D-02  -0.2418D-02   0.1357D-01   0.5442D+00  -0.1840D-01   0.9461D-01  -0.6422D-02   0.1240D+00  -0.4463D-01
  -0.1538D-02  -0.5786D-02  -0.3259D-02  -0.8081D-02  -0.1538D-02  -0.5786D-02  -0.3259D-02  -0.8081D-02
  2.000  0.500
  -0.9868D+00   0.0000D+00  -0.9543D+00   0.0000D+00   0.0000D+00   0.0000D+00  -0.7831D+00   0.0000D+00  -0.9868D+00   0.0000D+00  -0.9543D+00   0.0000D+00
   0.5333D+00   0.0000D+00   0.9104D-01   0.0000D+00   0.1660D+00   0.0000D+00   0.1680D+00   0.0000D+00   0.3733D-01   0.0000D+00   0.0000D+00   0.0000D+00   0.5333D+00   0.0000D+00   0.9104D-01   0.0000D+00   0.1660D+00   0.0000D+00
   0.0000D+00   0.0000D+00   0.0000D+00   0.0000D+00   0.0000D+00   0.0000D+00   0.0000D+00   0.0000D+00
  -0.8622D+00   0.1345D+00  -0.9390D+00   0.7989D-01   0.8348D-01  -0.7798D-01  -0.8177D+00   0.5295D-02  -0.8622D+00   0.1345D+00  -0.9390D+00   0.7989D-01
   0.5412D+00  -0.2020D-01   0.9456D-01  -0.7025D-02   0.1179D+00  -0.4879D-01   0.1795D+00   0.0000D+00   0.4431D-01   0.4542D-02  -0.2545D-02   0.1486D-01   0.5412D+00  -0.2020D-01   0.9456D-01  -0.7025D-02   0.1179D+00  -0.4879D-01
  -0.1698D-02  -0.6275D-02  -0.3591D-02  -0.8882D-02  -0.1698D-02  -0.6275D-02  -0.3591D-02  -0.8882D-02
  2.000  1.000
  -0.9112D+00   0.0000D+00  -0.8812D+00   0.0000D+00   0.0000D+00   0.0000D+00  -0.7231D+00   0.0000D+00  -0.9112D+00   0.0000D+00  -0.8812D+00   0.0000D+00
   0.5333D+00   0.0000D+00   0.9104D-01   0.0000D+00   0.1660D+00   0.0000D+00   0.1680D+00   0.0000D+00   0.3733D-01   0.0000D+00   0.0000D+00   0.0000D+00   0.5333D+00   0.0000D+00   0.9104D-01   0.0000D+00   0.1660D+00   0.0000D+00
   0.0000D+00   0.0000D+00   0.0000D+00   0.0000D+00   0.0000D+00   0.0000D+00   0.0000D+00   0.0000D+00
  -0.8792D+00   0.1147D+00  -0.9400D+00   0.6812D-01   0.7118D-01  -0.6650D-01  -0.8116D+00   0.4516D-02  -0.8792D+00   0.1147D+00  -0.9400D+00   0.6812D-01
   0.5404D+00  -0.1865D-01   0.9426D-01  -0.6487D-02   0.1215D+00  -0.4505D-01   0.1786D+00   0.0000D+00   0.4377D-01   0.4194D-02  -0.2349D-02   0.1373D-01   0.5404D+00  -0.1865D-01   0.9426D-01  -0.6487D-02   0.1215D+00  -0.4505D-01
  -0.1568D-02  -0.5795D-02  -0.3316D-02  -0.8202D-02  -0.1568D-02  -0.5795D-02  -0.3316D-02  -0.8202D-02
  2.000  2.000
  -0.8465D+00   0.0000D+00  -0.8187D+00   0.0000D+00   0.0000D+00   0.0000D+00  -0.6718D+00   0.0000D+00  -0.8465D+00   0.0000D+00  -0.8187D+00   0.0000D+00
   0.5333D+00   0.0000D+00   0.9104D-01   0.0000D+00   0.1660D+00   0.0000D+00   0.1680D+00   0.0000D+00   0.3733D-01   0.0000D+00   0.0000D+00   0.0000D+00   0.5333D+00   0.0000D+00   0.9104D-01   0.0000D+00   0.1660D+00   0.0000D+00
   0.0000D+00   0.0000D+00   0.0000D+00   0.0000D+00   0.0000D+00   0.0000D+00   0.0000D+00   0.0000D+00
  -0.8831D+00   0.9897D-01  -0.9315D+00   0.5879D-01   0.6143D-01  -0.5739D-01  -0.7991D+00   0.3897D-02  -0.8831D+00   0.9897D-01  -0.9315D+00   0.5879D-01
   0.5400D+00  -0.1733D-01   0.9406D-01  -0.6027D-02   0.1247D+00  -0.4185D-01   0.1779D+00   0.0000D+00   0.4332D-01   0.3896D-02  -0.2182D-02   0.1275D-01   0.5400D+00  -0.1733D-01   0.9406D-01  -0.6027D-02   0.1247D+00  -0.4185D-01
  -0.1457D-02  -0.5383D-02  -0.3081D-02  -0.7620D-02  -0.1457D-02  -0.5383D-02  -0.3081D-02  -0.7620D-02
