 LHC=           1 sqrts=   8000.0000000000000      ang=           4 mode=fital                                                                                               scalescheme=           1 R=  0.69999999999999996     
 CT10nlo_rand5678                                                                                             219
 Bin information: chid, chiu, md, mu, mu0
   0.0000000000000000       0.50000000000000000        1172.0000000000000        1248.0000000000000        1210.0000000000000     
 9 scales(muf, mur)*(LO(38), NLO(38))
  0.500  0.500
  -0.6477D-01   0.0000D+00  -0.4585D-01   0.0000D+00   0.0000D+00   0.0000D+00  -0.2287D-01   0.0000D+00  -0.6477D-01   0.0000D+00  -0.4585D-01   0.0000D+00
   0.2031D+00   0.0000D+00   0.3119D-01   0.0000D+00   0.8395D-01   0.0000D+00   0.3451D-01   0.0000D+00   0.7669D-02   0.0000D+00   0.0000D+00   0.0000D+00   0.2031D+00   0.0000D+00   0.3119D-01   0.0000D+00   0.8395D-01   0.0000D+00
   0.0000D+00   0.0000D+00   0.0000D+00   0.0000D+00   0.0000D+00   0.0000D+00   0.0000D+00   0.0000D+00
  -0.5295D-01   0.5360D-02  -0.4034D-01   0.3050D-02   0.2805D-02  -0.2008D-02  -0.2012D-01   0.1007D-02  -0.5295D-01   0.5360D-02  -0.4034D-01   0.3050D-02
   0.1513D+00  -0.9002D-02   0.2397D-01  -0.2651D-02   0.4712D-01  -0.1597D-01   0.2883D-01   0.0000D+00   0.7181D-02   0.8230D-03  -0.1480D-02   0.2693D-02   0.1513D+00  -0.9002D-02   0.2397D-01  -0.2651D-02   0.4712D-01  -0.1597D-01
  -0.9312D-03  -0.2341D-02  -0.1040D-02  -0.2218D-02  -0.9312D-03  -0.2341D-02  -0.1040D-02  -0.2218D-02
  0.500  1.000
  -0.5995D-01   0.0000D+00  -0.4243D-01   0.0000D+00   0.0000D+00   0.0000D+00  -0.2117D-01   0.0000D+00  -0.5995D-01   0.0000D+00  -0.4243D-01   0.0000D+00
   0.2031D+00   0.0000D+00   0.3119D-01   0.0000D+00   0.8395D-01   0.0000D+00   0.3451D-01   0.0000D+00   0.7669D-02   0.0000D+00   0.0000D+00   0.0000D+00   0.2031D+00   0.0000D+00   0.3119D-01   0.0000D+00   0.8395D-01   0.0000D+00
   0.0000D+00   0.0000D+00   0.0000D+00   0.0000D+00   0.0000D+00   0.0000D+00   0.0000D+00   0.0000D+00
  -0.5415D-01   0.4591D-02  -0.4077D-01   0.2612D-02   0.2403D-02  -0.1720D-02  -0.2034D-01   0.8628D-03  -0.5415D-01   0.4591D-02  -0.4077D-01   0.2612D-02
   0.1552D+00  -0.8331D-02   0.2452D-01  -0.2453D-02   0.4987D-01  -0.1478D-01   0.2925D-01   0.0000D+00   0.7218D-02   0.7617D-03  -0.1370D-02   0.2493D-02   0.1552D+00  -0.8331D-02   0.2452D-01  -0.2453D-02   0.4987D-01  -0.1478D-01
  -0.8618D-03  -0.2167D-02  -0.9624D-03  -0.2053D-02  -0.8618D-03  -0.2167D-02  -0.9624D-03  -0.2053D-02
  0.500  2.000
  -0.5580D-01   0.0000D+00  -0.3949D-01   0.0000D+00   0.0000D+00   0.0000D+00  -0.1970D-01   0.0000D+00  -0.5580D-01   0.0000D+00  -0.3949D-01   0.0000D+00
   0.2031D+00   0.0000D+00   0.3119D-01   0.0000D+00   0.8395D-01   0.0000D+00   0.3451D-01   0.0000D+00   0.7669D-02   0.0000D+00   0.0000D+00   0.0000D+00   0.2031D+00   0.0000D+00   0.3119D-01   0.0000D+00   0.8395D-01   0.0000D+00
   0.0000D+00   0.0000D+00   0.0000D+00   0.0000D+00   0.0000D+00   0.0000D+00   0.0000D+00   0.0000D+00
  -0.5452D-01   0.3978D-02  -0.4071D-01   0.2263D-02   0.2082D-02  -0.1490D-02  -0.2031D-01   0.7475D-03  -0.5452D-01   0.3978D-02  -0.4071D-01   0.2263D-02
   0.1585D+00  -0.7755D-02   0.2498D-01  -0.2283D-02   0.5224D-01  -0.1376D-01   0.2962D-01   0.0000D+00   0.7250D-02   0.7090D-03  -0.1275D-02   0.2320D-02   0.1585D+00  -0.7755D-02   0.2498D-01  -0.2283D-02   0.5224D-01  -0.1376D-01
  -0.8022D-03  -0.2017D-02  -0.8958D-03  -0.1911D-02  -0.8022D-03  -0.2017D-02  -0.8958D-03  -0.1911D-02
  1.000  0.500
  -0.5720D-01   0.0000D+00  -0.4044D-01   0.0000D+00   0.0000D+00   0.0000D+00  -0.2012D-01   0.0000D+00  -0.5720D-01   0.0000D+00  -0.4044D-01   0.0000D+00
   0.1792D+00   0.0000D+00   0.2750D-01   0.0000D+00   0.7403D-01   0.0000D+00   0.3036D-01   0.0000D+00   0.6748D-02   0.0000D+00   0.0000D+00   0.0000D+00   0.1792D+00   0.0000D+00   0.2750D-01   0.0000D+00   0.7403D-01   0.0000D+00
   0.0000D+00   0.0000D+00   0.0000D+00   0.0000D+00   0.0000D+00   0.0000D+00   0.0000D+00   0.0000D+00
  -0.5398D-01   0.4726D-02  -0.4065D-01   0.2690D-02   0.2452D-02  -0.1766D-02  -0.2027D-01   0.8891D-03  -0.5398D-01   0.4726D-02  -0.4065D-01   0.2690D-02
   0.1558D+00  -0.7943D-02   0.2464D-01  -0.2337D-02   0.5079D-01  -0.1408D-01   0.2922D-01   0.0000D+00   0.7185D-02   0.7239D-03  -0.1279D-02   0.2369D-02   0.1558D+00  -0.7943D-02   0.2464D-01  -0.2337D-02   0.5079D-01  -0.1408D-01
  -0.8233D-03  -0.2060D-02  -0.9170D-03  -0.1954D-02  -0.8233D-03  -0.2060D-02  -0.9170D-03  -0.1954D-02
  1.000  1.000
  -0.5294D-01   0.0000D+00  -0.3743D-01   0.0000D+00   0.0000D+00   0.0000D+00  -0.1862D-01   0.0000D+00  -0.5294D-01   0.0000D+00  -0.3743D-01   0.0000D+00
   0.1792D+00   0.0000D+00   0.2750D-01   0.0000D+00   0.7403D-01   0.0000D+00   0.3036D-01   0.0000D+00   0.6748D-02   0.0000D+00   0.0000D+00   0.0000D+00   0.1792D+00   0.0000D+00   0.2750D-01   0.0000D+00   0.7403D-01   0.0000D+00
   0.0000D+00   0.0000D+00   0.0000D+00   0.0000D+00   0.0000D+00   0.0000D+00   0.0000D+00   0.0000D+00
  -0.5399D-01   0.4048D-02  -0.4031D-01   0.2304D-02   0.2100D-02  -0.1513D-02  -0.2009D-01   0.7616D-03  -0.5399D-01   0.4048D-02  -0.4031D-01   0.2304D-02
   0.1576D+00  -0.7351D-02   0.2486D-01  -0.2163D-02   0.5253D-01  -0.1303D-01   0.2931D-01   0.0000D+00   0.7153D-02   0.6700D-03  -0.1184D-02   0.2193D-02   0.1576D+00  -0.7351D-02   0.2486D-01  -0.2163D-02   0.5253D-01  -0.1303D-01
  -0.7619D-03  -0.1906D-02  -0.8486D-03  -0.1808D-02  -0.7619D-03  -0.1906D-02  -0.8486D-03  -0.1808D-02
  1.000  2.000
  -0.4927D-01   0.0000D+00  -0.3484D-01   0.0000D+00   0.0000D+00   0.0000D+00  -0.1733D-01   0.0000D+00  -0.4927D-01   0.0000D+00  -0.3484D-01   0.0000D+00
   0.1792D+00   0.0000D+00   0.2750D-01   0.0000D+00   0.7403D-01   0.0000D+00   0.3036D-01   0.0000D+00   0.6748D-02   0.0000D+00   0.0000D+00   0.0000D+00   0.1792D+00   0.0000D+00   0.2750D-01   0.0000D+00   0.7403D-01   0.0000D+00
   0.0000D+00   0.0000D+00   0.0000D+00   0.0000D+00   0.0000D+00   0.0000D+00   0.0000D+00   0.0000D+00
  -0.5350D-01   0.3507D-02  -0.3967D-01   0.1996D-02   0.1820D-02  -0.1311D-02  -0.1977D-01   0.6598D-03  -0.5350D-01   0.3507D-02  -0.3967D-01   0.1996D-02
   0.1591D+00  -0.6842D-02   0.2505D-01  -0.2014D-02   0.5402D-01  -0.1213D-01   0.2939D-01   0.0000D+00   0.7125D-02   0.6236D-03  -0.1102D-02   0.2041D-02   0.1591D+00  -0.6842D-02   0.2505D-01  -0.2014D-02   0.5402D-01  -0.1213D-01
  -0.7092D-03  -0.1774D-02  -0.7899D-03  -0.1683D-02  -0.7092D-03  -0.1774D-02  -0.7899D-03  -0.1683D-02
  2.000  0.500
  -0.5085D-01   0.0000D+00  -0.3593D-01   0.0000D+00   0.0000D+00   0.0000D+00  -0.1786D-01   0.0000D+00  -0.5085D-01   0.0000D+00  -0.3593D-01   0.0000D+00
   0.1591D+00   0.0000D+00   0.2441D-01   0.0000D+00   0.6587D-01   0.0000D+00   0.2695D-01   0.0000D+00   0.5990D-02   0.0000D+00   0.0000D+00   0.0000D+00   0.1591D+00   0.0000D+00   0.2441D-01   0.0000D+00   0.6587D-01   0.0000D+00
   0.0000D+00   0.0000D+00   0.0000D+00   0.0000D+00   0.0000D+00   0.0000D+00   0.0000D+00   0.0000D+00
  -0.5448D-01   0.4209D-02  -0.4072D-01   0.2388D-02   0.2137D-02  -0.1568D-02  -0.2026D-01   0.7909D-03  -0.5448D-01   0.4209D-02  -0.4072D-01   0.2388D-02
   0.1589D+00  -0.7068D-02   0.2500D-01  -0.2077D-02   0.5367D-01  -0.1251D-01   0.2937D-01   0.0000D+00   0.7153D-02   0.6427D-03  -0.1121D-02   0.2103D-02   0.1589D+00  -0.7068D-02   0.2500D-01  -0.2077D-02   0.5367D-01  -0.1251D-01
  -0.7321D-03  -0.1837D-02  -0.8129D-03  -0.1735D-02  -0.7321D-03  -0.1837D-02  -0.8129D-03  -0.1735D-02
  2.000  1.000
  -0.4706D-01   0.0000D+00  -0.3326D-01   0.0000D+00   0.0000D+00   0.0000D+00  -0.1653D-01   0.0000D+00  -0.4706D-01   0.0000D+00  -0.3326D-01   0.0000D+00
   0.1591D+00   0.0000D+00   0.2441D-01   0.0000D+00   0.6587D-01   0.0000D+00   0.2695D-01   0.0000D+00   0.5990D-02   0.0000D+00   0.0000D+00   0.0000D+00   0.1591D+00   0.0000D+00   0.2441D-01   0.0000D+00   0.6587D-01   0.0000D+00
   0.0000D+00   0.0000D+00   0.0000D+00   0.0000D+00   0.0000D+00   0.0000D+00   0.0000D+00   0.0000D+00
  -0.5356D-01   0.3605D-02  -0.3975D-01   0.2045D-02   0.1830D-02  -0.1343D-02  -0.1978D-01   0.6774D-03  -0.5356D-01   0.3605D-02  -0.3975D-01   0.2045D-02
   0.1589D+00  -0.6541D-02   0.2496D-01  -0.1922D-02   0.5459D-01  -0.1157D-01   0.2919D-01   0.0000D+00   0.7067D-02   0.5948D-03  -0.1038D-02   0.1947D-02   0.1589D+00  -0.6541D-02   0.2496D-01  -0.1922D-02   0.5459D-01  -0.1157D-01
  -0.6775D-03  -0.1700D-02  -0.7523D-03  -0.1606D-02  -0.6775D-03  -0.1700D-02  -0.7523D-03  -0.1606D-02
  2.000  2.000
  -0.4380D-01   0.0000D+00  -0.3095D-01   0.0000D+00   0.0000D+00   0.0000D+00  -0.1538D-01   0.0000D+00  -0.4380D-01   0.0000D+00  -0.3095D-01   0.0000D+00
   0.1591D+00   0.0000D+00   0.2441D-01   0.0000D+00   0.6587D-01   0.0000D+00   0.2695D-01   0.0000D+00   0.5990D-02   0.0000D+00   0.0000D+00   0.0000D+00   0.1591D+00   0.0000D+00   0.2441D-01   0.0000D+00   0.6587D-01   0.0000D+00
   0.0000D+00   0.0000D+00   0.0000D+00   0.0000D+00   0.0000D+00   0.0000D+00   0.0000D+00   0.0000D+00
  -0.5238D-01   0.3123D-02  -0.3866D-01   0.1772D-02   0.1586D-02  -0.1164D-02  -0.1923D-01   0.5869D-03  -0.5238D-01   0.3123D-02  -0.3866D-01   0.1772D-02
   0.1589D+00  -0.6089D-02   0.2492D-01  -0.1789D-02   0.5538D-01  -0.1077D-01   0.2904D-01   0.0000D+00   0.6993D-02   0.5536D-03  -0.9661D-03   0.1812D-02   0.1589D+00  -0.6089D-02   0.2492D-01  -0.1789D-02   0.5538D-01  -0.1077D-01
  -0.6307D-03  -0.1582D-02  -0.7003D-03  -0.1495D-02  -0.6307D-03  -0.1582D-02  -0.7003D-03  -0.1495D-02
