 LHC=           1 sqrts=   8000.0000000000000      ang=           4 mode=fital                                                                                               scalescheme=           1 R=  0.69999999999999996     
 CT10nlo_rand5678                                                                                             259
 Bin information: chid, chiu, md, mu, mu0
   0.0000000000000000       0.50000000000000000        905.00000000000000        967.00000000000000        936.00000000000000     
 9 scales(muf, mur)*(LO(38), NLO(38))
  0.500  0.500
  -0.1775D+00   0.0000D+00  -0.1342D+00   0.0000D+00   0.0000D+00   0.0000D+00  -0.7520D-01   0.0000D+00  -0.1775D+00   0.0000D+00  -0.1342D+00   0.0000D+00
   0.3464D+00   0.0000D+00   0.5461D-01   0.0000D+00   0.1350D+00   0.0000D+00   0.6805D-01   0.0000D+00   0.1512D-01   0.0000D+00   0.0000D+00   0.0000D+00   0.3464D+00   0.0000D+00   0.5461D-01   0.0000D+00   0.1350D+00   0.0000D+00
   0.0000D+00   0.0000D+00   0.0000D+00   0.0000D+00   0.0000D+00   0.0000D+00   0.0000D+00   0.0000D+00
  -0.1411D+00   0.1636D-01  -0.1168D+00   0.9313D-02   0.9469D-02  -0.6805D-02  -0.6644D-01   0.2599D-02  -0.1411D+00   0.1636D-01  -0.1168D+00   0.9313D-02
   0.2641D+00  -0.1493D-01   0.4328D-01  -0.4540D-02   0.7417D-01  -0.2825D-01   0.5788D-01   0.0000D+00   0.1442D-01   0.1672D-02  -0.2607D-02   0.5473D-02   0.2641D+00  -0.1493D-01   0.4328D-01  -0.4540D-02   0.7417D-01  -0.2825D-01
  -0.1492D-02  -0.4032D-02  -0.1897D-02  -0.4157D-02  -0.1492D-02  -0.4032D-02  -0.1897D-02  -0.4157D-02
  0.500  1.000
  -0.1639D+00   0.0000D+00  -0.1239D+00   0.0000D+00   0.0000D+00   0.0000D+00  -0.6943D-01   0.0000D+00  -0.1639D+00   0.0000D+00  -0.1239D+00   0.0000D+00
   0.3464D+00   0.0000D+00   0.5461D-01   0.0000D+00   0.1350D+00   0.0000D+00   0.6805D-01   0.0000D+00   0.1512D-01   0.0000D+00   0.0000D+00   0.0000D+00   0.3464D+00   0.0000D+00   0.5461D-01   0.0000D+00   0.1350D+00   0.0000D+00
   0.0000D+00   0.0000D+00   0.0000D+00   0.0000D+00   0.0000D+00   0.0000D+00   0.0000D+00   0.0000D+00
  -0.1450D+00   0.1394D-01  -0.1183D+00   0.7940D-02   0.8072D-02  -0.5801D-02  -0.6712D-01   0.2216D-02  -0.1450D+00   0.1394D-01  -0.1183D+00   0.7940D-02
   0.2705D+00  -0.1378D-01   0.4416D-01  -0.4191D-02   0.7885D-01  -0.2608D-01   0.5867D-01   0.0000D+00   0.1448D-01   0.1544D-02  -0.2407D-02   0.5054D-02   0.2705D+00  -0.1378D-01   0.4416D-01  -0.4191D-02   0.7885D-01  -0.2608D-01
  -0.1378D-02  -0.3723D-02  -0.1752D-02  -0.3838D-02  -0.1378D-02  -0.3723D-02  -0.1752D-02  -0.3838D-02
  0.500  2.000
  -0.1522D+00   0.0000D+00  -0.1151D+00   0.0000D+00   0.0000D+00   0.0000D+00  -0.6450D-01   0.0000D+00  -0.1522D+00   0.0000D+00  -0.1151D+00   0.0000D+00
   0.3464D+00   0.0000D+00   0.5461D-01   0.0000D+00   0.1350D+00   0.0000D+00   0.6805D-01   0.0000D+00   0.1512D-01   0.0000D+00   0.0000D+00   0.0000D+00   0.3464D+00   0.0000D+00   0.5461D-01   0.0000D+00   0.1350D+00   0.0000D+00
   0.0000D+00   0.0000D+00   0.0000D+00   0.0000D+00   0.0000D+00   0.0000D+00   0.0000D+00   0.0000D+00
  -0.1464D+00   0.1203D-01  -0.1182D+00   0.6851D-02   0.6966D-02  -0.5006D-02  -0.6694D-01   0.1912D-02  -0.1464D+00   0.1203D-01  -0.1182D+00   0.6851D-02
   0.2759D+00  -0.1280D-01   0.4491D-01  -0.3894D-02   0.8286D-01  -0.2423D-01   0.5934D-01   0.0000D+00   0.1452D-01   0.1434D-02  -0.2236D-02   0.4694D-02   0.2759D+00  -0.1280D-01   0.4491D-01  -0.3894D-02   0.8286D-01  -0.2423D-01
  -0.1280D-02  -0.3458D-02  -0.1627D-02  -0.3565D-02  -0.1280D-02  -0.3458D-02  -0.1627D-02  -0.3565D-02
  1.000  0.500
  -0.1600D+00   0.0000D+00  -0.1207D+00   0.0000D+00   0.0000D+00   0.0000D+00  -0.6738D-01   0.0000D+00  -0.1600D+00   0.0000D+00  -0.1207D+00   0.0000D+00
   0.3115D+00   0.0000D+00   0.4896D-01   0.0000D+00   0.1216D+00   0.0000D+00   0.6106D-01   0.0000D+00   0.1357D-01   0.0000D+00   0.0000D+00   0.0000D+00   0.3115D+00   0.0000D+00   0.4896D-01   0.0000D+00   0.1216D+00   0.0000D+00
   0.0000D+00   0.0000D+00   0.0000D+00   0.0000D+00   0.0000D+00   0.0000D+00   0.0000D+00   0.0000D+00
  -0.1438D+00   0.1468D-01  -0.1182D+00   0.8366D-02   0.8532D-02  -0.6099D-02  -0.6668D-01   0.2343D-02  -0.1438D+00   0.1468D-01  -0.1182D+00   0.8366D-02
   0.2704D+00  -0.1345D-01   0.4380D-01  -0.4083D-02   0.7926D-01  -0.2538D-01   0.5844D-01   0.0000D+00   0.1442D-01   0.1500D-02  -0.2344D-02   0.4910D-02   0.2704D+00  -0.1345D-01   0.4380D-01  -0.4083D-02   0.7926D-01  -0.2538D-01
  -0.1347D-02  -0.3603D-02  -0.1708D-02  -0.3737D-02  -0.1347D-02  -0.3603D-02  -0.1708D-02  -0.3737D-02
  1.000  1.000
  -0.1477D+00   0.0000D+00  -0.1114D+00   0.0000D+00   0.0000D+00   0.0000D+00  -0.6221D-01   0.0000D+00  -0.1477D+00   0.0000D+00  -0.1114D+00   0.0000D+00
   0.3115D+00   0.0000D+00   0.4896D-01   0.0000D+00   0.1216D+00   0.0000D+00   0.6106D-01   0.0000D+00   0.1357D-01   0.0000D+00   0.0000D+00   0.0000D+00   0.3115D+00   0.0000D+00   0.4896D-01   0.0000D+00   0.1216D+00   0.0000D+00
   0.0000D+00   0.0000D+00   0.0000D+00   0.0000D+00   0.0000D+00   0.0000D+00   0.0000D+00   0.0000D+00
  -0.1448D+00   0.1252D-01  -0.1176D+00   0.7132D-02   0.7274D-02  -0.5199D-02  -0.6623D-01   0.1997D-02  -0.1448D+00   0.1252D-01  -0.1176D+00   0.7132D-02
   0.2736D+00  -0.1242D-01   0.4421D-01  -0.3770D-02   0.8252D-01  -0.2344D-01   0.5865D-01   0.0000D+00   0.1435D-01   0.1385D-02  -0.2165D-02   0.4533D-02   0.2736D+00  -0.1242D-01   0.4421D-01  -0.3770D-02   0.8252D-01  -0.2344D-01
  -0.1243D-02  -0.3326D-02  -0.1577D-02  -0.3451D-02  -0.1243D-02  -0.3326D-02  -0.1577D-02  -0.3451D-02
  1.000  2.000
  -0.1372D+00   0.0000D+00  -0.1035D+00   0.0000D+00   0.0000D+00   0.0000D+00  -0.5779D-01   0.0000D+00  -0.1372D+00   0.0000D+00  -0.1035D+00   0.0000D+00
   0.3115D+00   0.0000D+00   0.4896D-01   0.0000D+00   0.1216D+00   0.0000D+00   0.6106D-01   0.0000D+00   0.1357D-01   0.0000D+00   0.0000D+00   0.0000D+00   0.3115D+00   0.0000D+00   0.4896D-01   0.0000D+00   0.1216D+00   0.0000D+00
   0.0000D+00   0.0000D+00   0.0000D+00   0.0000D+00   0.0000D+00   0.0000D+00   0.0000D+00   0.0000D+00
  -0.1442D+00   0.1080D-01  -0.1160D+00   0.6154D-02   0.6277D-02  -0.4486D-02  -0.6524D-01   0.1723D-02  -0.1442D+00   0.1080D-01  -0.1160D+00   0.6154D-02
   0.2763D+00  -0.1154D-01   0.4455D-01  -0.3502D-02   0.8531D-01  -0.2177D-01   0.5883D-01   0.0000D+00   0.1430D-01   0.1287D-02  -0.2011D-02   0.4211D-02   0.2763D+00  -0.1154D-01   0.4455D-01  -0.3502D-02   0.8531D-01  -0.2177D-01
  -0.1155D-02  -0.3090D-02  -0.1465D-02  -0.3206D-02  -0.1155D-02  -0.3090D-02  -0.1465D-02  -0.3206D-02
  2.000  0.500
  -0.1449D+00   0.0000D+00  -0.1092D+00   0.0000D+00   0.0000D+00   0.0000D+00  -0.6083D-01   0.0000D+00  -0.1449D+00   0.0000D+00  -0.1092D+00   0.0000D+00
   0.2815D+00   0.0000D+00   0.4425D-01   0.0000D+00   0.1102D+00   0.0000D+00   0.5504D-01   0.0000D+00   0.1223D-01   0.0000D+00   0.0000D+00   0.0000D+00   0.2815D+00   0.0000D+00   0.4425D-01   0.0000D+00   0.1102D+00   0.0000D+00
   0.0000D+00   0.0000D+00   0.0000D+00   0.0000D+00   0.0000D+00   0.0000D+00   0.0000D+00   0.0000D+00
  -0.1458D+00   0.1327D-01  -0.1188D+00   0.7560D-02   0.7686D-02  -0.5504D-02  -0.6716D-01   0.2131D-02  -0.1458D+00   0.1327D-01  -0.1188D+00   0.7560D-02
   0.2743D+00  -0.1219D-01   0.4440D-01  -0.3694D-02   0.8393D-01  -0.2293D-01   0.5890D-01   0.0000D+00   0.1433D-01   0.1353D-02  -0.2074D-02   0.4428D-02   0.2743D+00  -0.1219D-01   0.4440D-01  -0.3694D-02   0.8393D-01  -0.2293D-01
  -0.1221D-02  -0.3259D-02  -0.1541D-02  -0.3367D-02  -0.1221D-02  -0.3259D-02  -0.1541D-02  -0.3367D-02
  2.000  1.000
  -0.1338D+00   0.0000D+00  -0.1008D+00   0.0000D+00   0.0000D+00   0.0000D+00  -0.5616D-01   0.0000D+00  -0.1338D+00   0.0000D+00  -0.1008D+00   0.0000D+00
   0.2815D+00   0.0000D+00   0.4425D-01   0.0000D+00   0.1102D+00   0.0000D+00   0.5504D-01   0.0000D+00   0.1223D-01   0.0000D+00   0.0000D+00   0.0000D+00   0.2815D+00   0.0000D+00   0.4425D-01   0.0000D+00   0.1102D+00   0.0000D+00
   0.0000D+00   0.0000D+00   0.0000D+00   0.0000D+00   0.0000D+00   0.0000D+00   0.0000D+00   0.0000D+00
  -0.1445D+00   0.1132D-01  -0.1165D+00   0.6445D-02   0.6553D-02  -0.4692D-02  -0.6572D-01   0.1817D-02  -0.1445D+00   0.1132D-01  -0.1165D+00   0.6445D-02
   0.2749D+00  -0.1126D-01   0.4439D-01  -0.3410D-02   0.8596D-01  -0.2117D-01   0.5862D-01   0.0000D+00   0.1417D-01   0.1249D-02  -0.1915D-02   0.4089D-02   0.2749D+00  -0.1126D-01   0.4439D-01  -0.3410D-02   0.8596D-01  -0.2117D-01
  -0.1127D-02  -0.3009D-02  -0.1423D-02  -0.3109D-02  -0.1127D-02  -0.3009D-02  -0.1423D-02  -0.3109D-02
  2.000  2.000
  -0.1243D+00   0.0000D+00  -0.9362D-01   0.0000D+00   0.0000D+00   0.0000D+00  -0.5217D-01   0.0000D+00  -0.1243D+00   0.0000D+00  -0.9362D-01   0.0000D+00
   0.2815D+00   0.0000D+00   0.4425D-01   0.0000D+00   0.1102D+00   0.0000D+00   0.5504D-01   0.0000D+00   0.1223D-01   0.0000D+00   0.0000D+00   0.0000D+00   0.2815D+00   0.0000D+00   0.4425D-01   0.0000D+00   0.1102D+00   0.0000D+00
   0.0000D+00   0.0000D+00   0.0000D+00   0.0000D+00   0.0000D+00   0.0000D+00   0.0000D+00   0.0000D+00
  -0.1421D+00   0.9765D-02  -0.1136D+00   0.5562D-02   0.5655D-02  -0.4049D-02  -0.6402D-01   0.1568D-02  -0.1421D+00   0.9765D-02  -0.1136D+00   0.5562D-02
   0.2754D+00  -0.1046D-01   0.4439D-01  -0.3168D-02   0.8769D-01  -0.1967D-01   0.5837D-01   0.0000D+00   0.1404D-01   0.1161D-02  -0.1779D-02   0.3798D-02   0.2754D+00  -0.1046D-01   0.4439D-01  -0.3168D-02   0.8769D-01  -0.1967D-01
  -0.1047D-02  -0.2795D-02  -0.1322D-02  -0.2888D-02  -0.1047D-02  -0.2795D-02  -0.1322D-02  -0.2888D-02
