 LHC=           1 sqrts=   8000.0000000000000      ang=           4 mode=fital                                                                                               scalescheme=           1 R=  0.69999999999999996     
 MSTW2008nlo68cl_rand1235                                                                                      74
 Bin information: chid, chiu, md, mu, mu0
   0.0000000000000000       0.50000000000000000        1172.0000000000000        1248.0000000000000        1210.0000000000000     
 9 scales(muf, mur)*(LO(38), NLO(38))
  0.500  0.500
  -0.6165D-01   0.0000D+00  -0.4222D-01   0.0000D+00   0.0000D+00   0.0000D+00  -0.2111D-01   0.0000D+00  -0.6165D-01   0.0000D+00  -0.4222D-01   0.0000D+00
   0.1894D+00   0.0000D+00   0.2893D-01   0.0000D+00   0.7920D-01   0.0000D+00   0.3287D-01   0.0000D+00   0.7304D-02   0.0000D+00   0.0000D+00   0.0000D+00   0.1894D+00   0.0000D+00   0.2893D-01   0.0000D+00   0.7920D-01   0.0000D+00
   0.0000D+00   0.0000D+00   0.0000D+00   0.0000D+00   0.0000D+00   0.0000D+00   0.0000D+00   0.0000D+00
  -0.5060D-01   0.5007D-02  -0.3708D-01   0.2889D-02   0.2644D-02  -0.1879D-02  -0.1861D-01   0.9387D-03  -0.5060D-01   0.5007D-02  -0.3708D-01   0.2889D-02
   0.1405D+00  -0.8613D-02   0.2203D-01  -0.2520D-02   0.4450D-01  -0.1509D-01   0.2746D-01   0.0000D+00   0.6803D-02   0.7949D-03  -0.1359D-02   0.2602D-02   0.1405D+00  -0.8613D-02   0.2203D-01  -0.2520D-02   0.4450D-01  -0.1509D-01
  -0.8863D-03  -0.2242D-02  -0.9739D-03  -0.2104D-02  -0.8863D-03  -0.2242D-02  -0.9739D-03  -0.2104D-02
  0.500  1.000
  -0.5700D-01   0.0000D+00  -0.3903D-01   0.0000D+00   0.0000D+00   0.0000D+00  -0.1951D-01   0.0000D+00  -0.5700D-01   0.0000D+00  -0.3903D-01   0.0000D+00
   0.1894D+00   0.0000D+00   0.2893D-01   0.0000D+00   0.7920D-01   0.0000D+00   0.3287D-01   0.0000D+00   0.7304D-02   0.0000D+00   0.0000D+00   0.0000D+00   0.1894D+00   0.0000D+00   0.2893D-01   0.0000D+00   0.7920D-01   0.0000D+00
   0.0000D+00   0.0000D+00   0.0000D+00   0.0000D+00   0.0000D+00   0.0000D+00   0.0000D+00   0.0000D+00
  -0.5172D-01   0.4280D-02  -0.3749D-01   0.2469D-02   0.2260D-02  -0.1606D-02  -0.1880D-01   0.8023D-03  -0.5172D-01   0.4280D-02  -0.3749D-01   0.2469D-02
   0.1443D+00  -0.7963D-02   0.2255D-01  -0.2329D-02   0.4713D-01  -0.1395D-01   0.2787D-01   0.0000D+00   0.6842D-02   0.7349D-03  -0.1256D-02   0.2405D-02   0.1443D+00  -0.7963D-02   0.2255D-01  -0.2329D-02   0.4713D-01  -0.1395D-01
  -0.8193D-03  -0.2073D-02  -0.9003D-03  -0.1945D-02  -0.8193D-03  -0.2073D-02  -0.9003D-03  -0.1945D-02
  0.500  2.000
  -0.5301D-01   0.0000D+00  -0.3630D-01   0.0000D+00   0.0000D+00   0.0000D+00  -0.1815D-01   0.0000D+00  -0.5301D-01   0.0000D+00  -0.3630D-01   0.0000D+00
   0.1894D+00   0.0000D+00   0.2893D-01   0.0000D+00   0.7920D-01   0.0000D+00   0.3287D-01   0.0000D+00   0.7304D-02   0.0000D+00   0.0000D+00   0.0000D+00   0.1894D+00   0.0000D+00   0.2893D-01   0.0000D+00   0.7920D-01   0.0000D+00
   0.0000D+00   0.0000D+00   0.0000D+00   0.0000D+00   0.0000D+00   0.0000D+00   0.0000D+00   0.0000D+00
  -0.5204D-01   0.3701D-02  -0.3743D-01   0.2136D-02   0.1955D-02  -0.1389D-02  -0.1877D-01   0.6938D-03  -0.5204D-01   0.3701D-02  -0.3743D-01   0.2136D-02
   0.1474D+00  -0.7405D-02   0.2300D-01  -0.2166D-02   0.4938D-01  -0.1297D-01   0.2823D-01   0.0000D+00   0.6875D-02   0.6834D-03  -0.1168D-02   0.2237D-02   0.1474D+00  -0.7405D-02   0.2300D-01  -0.2166D-02   0.4938D-01  -0.1297D-01
  -0.7619D-03  -0.1928D-02  -0.8372D-03  -0.1809D-02  -0.7619D-03  -0.1928D-02  -0.8372D-03  -0.1809D-02
  1.000  0.500
  -0.5424D-01   0.0000D+00  -0.3703D-01   0.0000D+00   0.0000D+00   0.0000D+00  -0.1843D-01   0.0000D+00  -0.5424D-01   0.0000D+00  -0.3703D-01   0.0000D+00
   0.1662D+00   0.0000D+00   0.2536D-01   0.0000D+00   0.6958D-01   0.0000D+00   0.2870D-01   0.0000D+00   0.6377D-02   0.0000D+00   0.0000D+00   0.0000D+00   0.1662D+00   0.0000D+00   0.2536D-01   0.0000D+00   0.6958D-01   0.0000D+00
   0.0000D+00   0.0000D+00   0.0000D+00   0.0000D+00   0.0000D+00   0.0000D+00   0.0000D+00   0.0000D+00
  -0.5156D-01   0.4389D-02  -0.3738D-01   0.2534D-02   0.2297D-02  -0.1641D-02  -0.1873D-01   0.8256D-03  -0.5156D-01   0.4389D-02  -0.3738D-01   0.2534D-02
   0.1449D+00  -0.7571D-02   0.2269D-01  -0.2212D-02   0.4806D-01  -0.1323D-01   0.2785D-01   0.0000D+00   0.6807D-02   0.6939D-03  -0.1175D-02   0.2271D-02   0.1449D+00  -0.7571D-02   0.2269D-01  -0.2212D-02   0.4806D-01  -0.1323D-01
  -0.7806D-03  -0.1964D-02  -0.8530D-03  -0.1841D-02  -0.7806D-03  -0.1964D-02  -0.8530D-03  -0.1841D-02
  1.000  1.000
  -0.5015D-01   0.0000D+00  -0.3423D-01   0.0000D+00   0.0000D+00   0.0000D+00  -0.1704D-01   0.0000D+00  -0.5015D-01   0.0000D+00  -0.3423D-01   0.0000D+00
   0.1662D+00   0.0000D+00   0.2536D-01   0.0000D+00   0.6958D-01   0.0000D+00   0.2870D-01   0.0000D+00   0.6377D-02   0.0000D+00   0.0000D+00   0.0000D+00   0.1662D+00   0.0000D+00   0.2536D-01   0.0000D+00   0.6958D-01   0.0000D+00
   0.0000D+00   0.0000D+00   0.0000D+00   0.0000D+00   0.0000D+00   0.0000D+00   0.0000D+00   0.0000D+00
  -0.5152D-01   0.3751D-02  -0.3703D-01   0.2166D-02   0.1963D-02  -0.1402D-02  -0.1854D-01   0.7056D-03  -0.5152D-01   0.3751D-02  -0.3703D-01   0.2166D-02
   0.1465D+00  -0.6999D-02   0.2289D-01  -0.2045D-02   0.4970D-01  -0.1223D-01   0.2792D-01   0.0000D+00   0.6775D-02   0.6415D-03  -0.1086D-02   0.2099D-02   0.1465D+00  -0.6999D-02   0.2289D-01  -0.2045D-02   0.4970D-01  -0.1223D-01
  -0.7217D-03  -0.1816D-02  -0.7886D-03  -0.1702D-02  -0.7217D-03  -0.1816D-02  -0.7886D-03  -0.1702D-02
  1.000  2.000
  -0.4663D-01   0.0000D+00  -0.3183D-01   0.0000D+00   0.0000D+00   0.0000D+00  -0.1585D-01   0.0000D+00  -0.4663D-01   0.0000D+00  -0.3183D-01   0.0000D+00
   0.1662D+00   0.0000D+00   0.2536D-01   0.0000D+00   0.6958D-01   0.0000D+00   0.2870D-01   0.0000D+00   0.6377D-02   0.0000D+00   0.0000D+00   0.0000D+00   0.1662D+00   0.0000D+00   0.2536D-01   0.0000D+00   0.6958D-01   0.0000D+00
   0.0000D+00   0.0000D+00   0.0000D+00   0.0000D+00   0.0000D+00   0.0000D+00   0.0000D+00   0.0000D+00
  -0.5099D-01   0.3244D-02  -0.3642D-01   0.1873D-02   0.1698D-02  -0.1213D-02  -0.1822D-01   0.6102D-03  -0.5099D-01   0.3244D-02  -0.3642D-01   0.1873D-02
   0.1479D+00  -0.6509D-02   0.2307D-01  -0.1902D-02   0.5109D-01  -0.1137D-01   0.2797D-01   0.0000D+00   0.6748D-02   0.5966D-03  -0.1010D-02   0.1952D-02   0.1479D+00  -0.6509D-02   0.2307D-01  -0.1902D-02   0.5109D-01  -0.1137D-01
  -0.6711D-03  -0.1689D-02  -0.7334D-03  -0.1583D-02  -0.6711D-03  -0.1689D-02  -0.7334D-03  -0.1583D-02
  2.000  0.500
  -0.4806D-01   0.0000D+00  -0.3274D-01   0.0000D+00   0.0000D+00   0.0000D+00  -0.1625D-01   0.0000D+00  -0.4806D-01   0.0000D+00  -0.3274D-01   0.0000D+00
   0.1469D+00   0.0000D+00   0.2239D-01   0.0000D+00   0.6171D-01   0.0000D+00   0.2531D-01   0.0000D+00   0.5623D-02   0.0000D+00   0.0000D+00   0.0000D+00   0.1469D+00   0.0000D+00   0.2239D-01   0.0000D+00   0.6171D-01   0.0000D+00
   0.0000D+00   0.0000D+00   0.0000D+00   0.0000D+00   0.0000D+00   0.0000D+00   0.0000D+00   0.0000D+00
  -0.5201D-01   0.3888D-02  -0.3743D-01   0.2239D-02   0.1994D-02  -0.1447D-02  -0.1871D-01   0.7321D-03  -0.5201D-01   0.3888D-02  -0.3743D-01   0.2239D-02
   0.1478D+00  -0.6714D-02   0.2303D-01  -0.1957D-02   0.5084D-01  -0.1169D-01   0.2799D-01   0.0000D+00   0.6774D-02   0.6119D-03  -0.1026D-02   0.2002D-02   0.1478D+00  -0.6714D-02   0.2303D-01  -0.1957D-02   0.5084D-01  -0.1169D-01
  -0.6919D-03  -0.1745D-02  -0.7523D-03  -0.1626D-02  -0.6919D-03  -0.1745D-02  -0.7523D-03  -0.1626D-02
  2.000  1.000
  -0.4443D-01   0.0000D+00  -0.3026D-01   0.0000D+00   0.0000D+00   0.0000D+00  -0.1502D-01   0.0000D+00  -0.4443D-01   0.0000D+00  -0.3026D-01   0.0000D+00
   0.1469D+00   0.0000D+00   0.2239D-01   0.0000D+00   0.6171D-01   0.0000D+00   0.2531D-01   0.0000D+00   0.5623D-02   0.0000D+00   0.0000D+00   0.0000D+00   0.1469D+00   0.0000D+00   0.2239D-01   0.0000D+00   0.6171D-01   0.0000D+00
   0.0000D+00   0.0000D+00   0.0000D+00   0.0000D+00   0.0000D+00   0.0000D+00   0.0000D+00   0.0000D+00
  -0.5105D-01   0.3323D-02  -0.3648D-01   0.1914D-02   0.1704D-02  -0.1237D-02  -0.1822D-01   0.6257D-03  -0.5105D-01   0.3323D-02  -0.3648D-01   0.1914D-02
   0.1478D+00  -0.6207D-02   0.2299D-01  -0.1809D-02   0.5166D-01  -0.1081D-01   0.2779D-01   0.0000D+00   0.6688D-02   0.5657D-03  -0.9489D-03   0.1851D-02   0.1478D+00  -0.6207D-02   0.2299D-01  -0.1809D-02   0.5166D-01  -0.1081D-01
  -0.6397D-03  -0.1614D-02  -0.6955D-03  -0.1503D-02  -0.6397D-03  -0.1614D-02  -0.6955D-03  -0.1503D-02
  2.000  2.000
  -0.4132D-01   0.0000D+00  -0.2814D-01   0.0000D+00   0.0000D+00   0.0000D+00  -0.1397D-01   0.0000D+00  -0.4132D-01   0.0000D+00  -0.2814D-01   0.0000D+00
   0.1469D+00   0.0000D+00   0.2239D-01   0.0000D+00   0.6171D-01   0.0000D+00   0.2531D-01   0.0000D+00   0.5623D-02   0.0000D+00   0.0000D+00   0.0000D+00   0.1469D+00   0.0000D+00   0.2239D-01   0.0000D+00   0.6171D-01   0.0000D+00
   0.0000D+00   0.0000D+00   0.0000D+00   0.0000D+00   0.0000D+00   0.0000D+00   0.0000D+00   0.0000D+00
  -0.4985D-01   0.2873D-02  -0.3543D-01   0.1655D-02   0.1474D-02  -0.1070D-02  -0.1768D-01   0.5411D-03  -0.4985D-01   0.2873D-02  -0.3543D-01   0.1655D-02
   0.1477D+00  -0.5773D-02   0.2295D-01  -0.1683D-02   0.5237D-01  -0.1005D-01   0.2762D-01   0.0000D+00   0.6614D-02   0.5260D-03  -0.8825D-03   0.1722D-02   0.1477D+00  -0.5773D-02   0.2295D-01  -0.1683D-02   0.5237D-01  -0.1005D-01
  -0.5949D-03  -0.1500D-02  -0.6468D-03  -0.1398D-02  -0.5949D-03  -0.1500D-02  -0.6468D-03  -0.1398D-02
