 LHC=           1 sqrts=   8000.0000000000000      ang=           4 mode=fital                                                                                               scalescheme=           1 R=  0.69999999999999996     
 CT10nlo_rand5678                                                                                             196
 Bin information: chid, chiu, md, mu, mu0
   0.0000000000000000       0.50000000000000000        2116.0000000000000        2250.0000000000000        2183.0000000000000     
 9 scales(muf, mur)*(LO(38), NLO(38))
  0.500  0.500
  -0.8453D-03   0.0000D+00  -0.4111D-03   0.0000D+00   0.0000D+00   0.0000D+00  -0.1734D-03   0.0000D+00  -0.8453D-03   0.0000D+00  -0.4111D-03   0.0000D+00
   0.6969D-02   0.0000D+00   0.9263D-03   0.0000D+00   0.3735D-02   0.0000D+00   0.8459D-03   0.0000D+00   0.1880D-03   0.0000D+00   0.0000D+00   0.0000D+00   0.6969D-02   0.0000D+00   0.9263D-03   0.0000D+00   0.3735D-02   0.0000D+00
   0.0000D+00   0.0000D+00   0.0000D+00   0.0000D+00   0.0000D+00   0.0000D+00   0.0000D+00   0.0000D+00
  -0.7817D-03   0.4445D-04  -0.3797D-03   0.2904D-04   0.1391D-04  -0.1425D-04  -0.1552D-03   0.1007D-04  -0.7817D-03   0.4445D-04  -0.3797D-03   0.2904D-04
   0.5314D-02  -0.3752D-03   0.7011D-03  -0.9639D-04   0.2556D-02  -0.4974D-03   0.7200D-03   0.0000D+00   0.1766D-03   0.1888D-04  -0.3544D-04   0.6179D-04   0.5314D-02  -0.3752D-03   0.7011D-03  -0.9639D-04   0.2556D-02  -0.4974D-03
  -0.4057D-04  -0.9212D-04  -0.2858D-04  -0.5831D-04  -0.4057D-04  -0.9212D-04  -0.2858D-04  -0.5831D-04
  0.500  1.000
  -0.7861D-03   0.0000D+00  -0.3823D-03   0.0000D+00   0.0000D+00   0.0000D+00  -0.1612D-03   0.0000D+00  -0.7861D-03   0.0000D+00  -0.3823D-03   0.0000D+00
   0.6969D-02   0.0000D+00   0.9263D-03   0.0000D+00   0.3735D-02   0.0000D+00   0.8459D-03   0.0000D+00   0.1880D-03   0.0000D+00   0.0000D+00   0.0000D+00   0.6969D-02   0.0000D+00   0.9263D-03   0.0000D+00   0.3735D-02   0.0000D+00
   0.0000D+00   0.0000D+00   0.0000D+00   0.0000D+00   0.0000D+00   0.0000D+00   0.0000D+00   0.0000D+00
  -0.7845D-03   0.3845D-04  -0.3811D-03   0.2512D-04   0.1203D-04  -0.1233D-04  -0.1564D-03   0.8714D-05  -0.7845D-03   0.3845D-04  -0.3811D-03   0.2512D-04
   0.5430D-02  -0.3489D-03   0.7169D-03  -0.8965D-04   0.2638D-02  -0.4626D-03   0.7289D-03   0.0000D+00   0.1774D-03   0.1756D-04  -0.3296D-04   0.5747D-04   0.5430D-02  -0.3489D-03   0.7169D-03  -0.8965D-04   0.2638D-02  -0.4626D-03
  -0.3773D-04  -0.8567D-04  -0.2658D-04  -0.5423D-04  -0.3773D-04  -0.8567D-04  -0.2658D-04  -0.5423D-04
  0.500  2.000
  -0.7348D-03   0.0000D+00  -0.3574D-03   0.0000D+00   0.0000D+00   0.0000D+00  -0.1507D-03   0.0000D+00  -0.7348D-03   0.0000D+00  -0.3574D-03   0.0000D+00
   0.6969D-02   0.0000D+00   0.9263D-03   0.0000D+00   0.3735D-02   0.0000D+00   0.8459D-03   0.0000D+00   0.1880D-03   0.0000D+00   0.0000D+00   0.0000D+00   0.6969D-02   0.0000D+00   0.9263D-03   0.0000D+00   0.3735D-02   0.0000D+00
   0.0000D+00   0.0000D+00   0.0000D+00   0.0000D+00   0.0000D+00   0.0000D+00   0.0000D+00   0.0000D+00
  -0.7799D-03   0.3360D-04  -0.3789D-03   0.2195D-04   0.1052D-04  -0.1077D-04  -0.1561D-03   0.7614D-05  -0.7799D-03   0.3360D-04  -0.3789D-03   0.2195D-04
   0.5531D-02  -0.3261D-03   0.7306D-03  -0.8380D-04   0.2710D-02  -0.4324D-03   0.7365D-03   0.0000D+00   0.1781D-03   0.1641D-04  -0.3082D-04   0.5372D-04   0.5531D-02  -0.3261D-03   0.7306D-03  -0.8380D-04   0.2710D-02  -0.4324D-03
  -0.3527D-04  -0.8008D-04  -0.2485D-04  -0.5070D-04  -0.3527D-04  -0.8008D-04  -0.2485D-04  -0.5070D-04
  1.000  0.500
  -0.6981D-03   0.0000D+00  -0.3379D-03   0.0000D+00   0.0000D+00   0.0000D+00  -0.1425D-03   0.0000D+00  -0.6981D-03   0.0000D+00  -0.3379D-03   0.0000D+00
   0.5737D-02   0.0000D+00   0.7608D-03   0.0000D+00   0.3083D-02   0.0000D+00   0.6949D-03   0.0000D+00   0.1544D-03   0.0000D+00   0.0000D+00   0.0000D+00   0.5737D-02   0.0000D+00   0.7608D-03   0.0000D+00   0.3083D-02   0.0000D+00
   0.0000D+00   0.0000D+00   0.0000D+00   0.0000D+00   0.0000D+00   0.0000D+00   0.0000D+00   0.0000D+00
  -0.7799D-03   0.3653D-04  -0.3783D-03   0.2394D-04   0.1132D-04  -0.1171D-04  -0.1555D-03   0.8273D-05  -0.7799D-03   0.3653D-04  -0.3783D-03   0.2394D-04
   0.5487D-02  -0.3097D-03   0.7239D-03  -0.7948D-04   0.2696D-02  -0.4094D-03   0.7270D-03   0.0000D+00   0.1752D-03   0.1551D-04  -0.2851D-04   0.5076D-04   0.5487D-02  -0.3097D-03   0.7239D-03  -0.7948D-04   0.2696D-02  -0.4094D-03
  -0.3354D-04  -0.7604D-04  -0.2349D-04  -0.4791D-04  -0.3354D-04  -0.7604D-04  -0.2349D-04  -0.4791D-04
  1.000  1.000
  -0.6493D-03   0.0000D+00  -0.3143D-03   0.0000D+00   0.0000D+00   0.0000D+00  -0.1325D-03   0.0000D+00  -0.6493D-03   0.0000D+00  -0.3143D-03   0.0000D+00
   0.5737D-02   0.0000D+00   0.7608D-03   0.0000D+00   0.3083D-02   0.0000D+00   0.6949D-03   0.0000D+00   0.1544D-03   0.0000D+00   0.0000D+00   0.0000D+00   0.5737D-02   0.0000D+00   0.7608D-03   0.0000D+00   0.3083D-02   0.0000D+00
   0.0000D+00   0.0000D+00   0.0000D+00   0.0000D+00   0.0000D+00   0.0000D+00   0.0000D+00   0.0000D+00
  -0.7641D-03   0.3160D-04  -0.3705D-03   0.2071D-04   0.9796D-05  -0.1013D-04  -0.1528D-03   0.7156D-05  -0.7641D-03   0.3160D-04  -0.3705D-03   0.2071D-04
   0.5505D-02  -0.2880D-03   0.7266D-03  -0.7392D-04   0.2723D-02  -0.3808D-03   0.7248D-03   0.0000D+00   0.1737D-03   0.1443D-04  -0.2652D-04   0.4721D-04   0.5505D-02  -0.2880D-03   0.7266D-03  -0.7392D-04   0.2723D-02  -0.3808D-03
  -0.3120D-04  -0.7072D-04  -0.2185D-04  -0.4456D-04  -0.3120D-04  -0.7072D-04  -0.2185D-04  -0.4456D-04
  1.000  2.000
  -0.6069D-03   0.0000D+00  -0.2938D-03   0.0000D+00   0.0000D+00   0.0000D+00  -0.1238D-03   0.0000D+00  -0.6069D-03   0.0000D+00  -0.2938D-03   0.0000D+00
   0.5737D-02   0.0000D+00   0.7608D-03   0.0000D+00   0.3083D-02   0.0000D+00   0.6949D-03   0.0000D+00   0.1544D-03   0.0000D+00   0.0000D+00   0.0000D+00   0.5737D-02   0.0000D+00   0.7608D-03   0.0000D+00   0.3083D-02   0.0000D+00
   0.0000D+00   0.0000D+00   0.0000D+00   0.0000D+00   0.0000D+00   0.0000D+00   0.0000D+00   0.0000D+00
  -0.7457D-03   0.2761D-04  -0.3615D-03   0.1809D-04   0.8560D-05  -0.8849D-05  -0.1494D-03   0.6252D-05  -0.7457D-03   0.2761D-04  -0.3615D-03   0.1809D-04
   0.5520D-02  -0.2692D-03   0.7288D-03  -0.6910D-04   0.2747D-02  -0.3559D-03   0.7229D-03   0.0000D+00   0.1725D-03   0.1348D-04  -0.2479D-04   0.4413D-04   0.5520D-02  -0.2692D-03   0.7288D-03  -0.6910D-04   0.2747D-02  -0.3559D-03
  -0.2916D-04  -0.6610D-04  -0.2042D-04  -0.4166D-04  -0.2916D-04  -0.6610D-04  -0.2042D-04  -0.4166D-04
  2.000  0.500
  -0.5839D-03   0.0000D+00  -0.2811D-03   0.0000D+00   0.0000D+00   0.0000D+00  -0.1185D-03   0.0000D+00  -0.5839D-03   0.0000D+00  -0.2811D-03   0.0000D+00
   0.4783D-02   0.0000D+00   0.6330D-03   0.0000D+00   0.2578D-02   0.0000D+00   0.5782D-03   0.0000D+00   0.1285D-03   0.0000D+00   0.0000D+00   0.0000D+00   0.4783D-02   0.0000D+00   0.6330D-03   0.0000D+00   0.2578D-02   0.0000D+00
   0.0000D+00   0.0000D+00   0.0000D+00   0.0000D+00   0.0000D+00   0.0000D+00   0.0000D+00   0.0000D+00
  -0.7647D-03   0.3040D-04  -0.3703D-03   0.1999D-04   0.9375D-05  -0.9740D-05  -0.1529D-03   0.6884D-05  -0.7647D-03   0.3040D-04  -0.3703D-03   0.1999D-04
   0.5509D-02  -0.2589D-03   0.7274D-03  -0.6635D-04   0.2758D-02  -0.3411D-03   0.7191D-03   0.0000D+00   0.1712D-03   0.1290D-04  -0.2351D-04   0.4223D-04   0.5509D-02  -0.2589D-03   0.7274D-03  -0.6635D-04   0.2758D-02  -0.3411D-03
  -0.2806D-04  -0.6368D-04  -0.1955D-04  -0.3987D-04  -0.2806D-04  -0.6368D-04  -0.1955D-04  -0.3987D-04
  2.000  1.000
  -0.5431D-03   0.0000D+00  -0.2615D-03   0.0000D+00   0.0000D+00   0.0000D+00  -0.1102D-03   0.0000D+00  -0.5431D-03   0.0000D+00  -0.2615D-03   0.0000D+00
   0.4783D-02   0.0000D+00   0.6330D-03   0.0000D+00   0.2578D-02   0.0000D+00   0.5782D-03   0.0000D+00   0.1285D-03   0.0000D+00   0.0000D+00   0.0000D+00   0.4783D-02   0.0000D+00   0.6330D-03   0.0000D+00   0.2578D-02   0.0000D+00
   0.0000D+00   0.0000D+00   0.0000D+00   0.0000D+00   0.0000D+00   0.0000D+00   0.0000D+00   0.0000D+00
  -0.7363D-03   0.2629D-04  -0.3563D-03   0.1729D-04   0.8110D-05  -0.8425D-05  -0.1475D-03   0.5954D-05  -0.7363D-03   0.2629D-04  -0.3563D-03   0.1729D-04
   0.5459D-02  -0.2408D-03   0.7208D-03  -0.6171D-04   0.2746D-02  -0.3173D-03   0.7093D-03   0.0000D+00   0.1682D-03   0.1200D-04  -0.2187D-04   0.3928D-04   0.5459D-02  -0.2408D-03   0.7208D-03  -0.6171D-04   0.2746D-02  -0.3173D-03
  -0.2609D-04  -0.5923D-04  -0.1819D-04  -0.3708D-04  -0.2609D-04  -0.5923D-04  -0.1819D-04  -0.3708D-04
  2.000  2.000
  -0.5077D-03   0.0000D+00  -0.2444D-03   0.0000D+00   0.0000D+00   0.0000D+00  -0.1030D-03   0.0000D+00  -0.5077D-03   0.0000D+00  -0.2444D-03   0.0000D+00
   0.4783D-02   0.0000D+00   0.6330D-03   0.0000D+00   0.2578D-02   0.0000D+00   0.5782D-03   0.0000D+00   0.1285D-03   0.0000D+00   0.0000D+00   0.0000D+00   0.4783D-02   0.0000D+00   0.6330D-03   0.0000D+00   0.2578D-02   0.0000D+00
   0.0000D+00   0.0000D+00   0.0000D+00   0.0000D+00   0.0000D+00   0.0000D+00   0.0000D+00   0.0000D+00
  -0.7086D-03   0.2297D-04  -0.3428D-03   0.1511D-04   0.7087D-05  -0.7361D-05  -0.1421D-03   0.5203D-05  -0.7086D-03   0.2297D-04  -0.3428D-03   0.1511D-04
   0.5415D-02  -0.2251D-03   0.7151D-03  -0.5769D-04   0.2735D-02  -0.2966D-03   0.7008D-03   0.0000D+00   0.1656D-03   0.1122D-04  -0.2044D-04   0.3671D-04   0.5415D-02  -0.2251D-03   0.7151D-03  -0.5769D-04   0.2735D-02  -0.2966D-03
  -0.2439D-04  -0.5536D-04  -0.1700D-04  -0.3466D-04  -0.2439D-04  -0.5536D-04  -0.1700D-04  -0.3466D-04
