 LHC=           1 sqrts=   8000.0000000000000      ang=           4 mode=fital                                                                                               scalescheme=           1 R=  0.69999999999999996     
 CT10nlo_rand5678                                                                                             339
 Bin information: chid, chiu, md, mu, mu0
   0.0000000000000000       0.50000000000000000        174.00000000000000        196.00000000000000        185.00000000000000     
 9 scales(muf, mur)*(LO(38), NLO(38))
  0.500  0.500
  -0.4974D+01   0.0000D+00  -0.6901D+01   0.0000D+00   0.0000D+00   0.0000D+00  -0.7057D+01   0.0000D+00  -0.4974D+01   0.0000D+00  -0.6901D+01   0.0000D+00
   0.5559D+00   0.0000D+00   0.1015D+00   0.0000D+00   0.1304D+00   0.0000D+00   0.2318D+00   0.0000D+00   0.5151D-01   0.0000D+00   0.0000D+00   0.0000D+00   0.5559D+00   0.0000D+00   0.1015D+00   0.0000D+00   0.1304D+00   0.0000D+00
   0.0000D+00   0.0000D+00   0.0000D+00   0.0000D+00   0.0000D+00   0.0000D+00   0.0000D+00   0.0000D+00
  -0.3540D+01   0.1132D+01  -0.5730D+01   0.6787D+00   0.6033D+00  -0.7951D+00  -0.6476D+01  -0.5546D-01  -0.3540D+01   0.1132D+01  -0.5730D+01   0.6787D+00
   0.6978D+00  -0.1793D-01   0.1288D+00  -0.7491D-02   0.1119D+00  -0.5815D-01   0.2807D+00   0.0000D+00   0.7212D-01   0.7079D-02   0.1284D-02   0.2317D-01   0.6978D+00  -0.1793D-01   0.1288D+00  -0.7491D-02   0.1119D+00  -0.5815D-01
  -0.9717D-03  -0.6808D-02  -0.4205D-02  -0.1238D-01  -0.9717D-03  -0.6808D-02  -0.4205D-02  -0.1238D-01
  0.500  1.000
  -0.4505D+01   0.0000D+00  -0.6250D+01   0.0000D+00   0.0000D+00   0.0000D+00  -0.6392D+01   0.0000D+00  -0.4505D+01   0.0000D+00  -0.6250D+01   0.0000D+00
   0.5559D+00   0.0000D+00   0.1015D+00   0.0000D+00   0.1304D+00   0.0000D+00   0.2318D+00   0.0000D+00   0.5151D-01   0.0000D+00   0.0000D+00   0.0000D+00   0.5559D+00   0.0000D+00   0.1015D+00   0.0000D+00   0.1304D+00   0.0000D+00
   0.0000D+00   0.0000D+00   0.0000D+00   0.0000D+00   0.0000D+00   0.0000D+00   0.0000D+00   0.0000D+00
  -0.3739D+01   0.9286D+00  -0.5858D+01   0.5568D+00   0.4948D+00  -0.6523D+00  -0.6496D+01  -0.4550D-01  -0.3739D+01   0.9286D+00  -0.5858D+01   0.5568D+00
   0.6855D+00  -0.1624D-01   0.1264D+00  -0.6786D-02   0.1139D+00  -0.5267D-01   0.2764D+00   0.0000D+00   0.7026D-01   0.6413D-02   0.1176D-02   0.2099D-01   0.6855D+00  -0.1624D-01   0.1264D+00  -0.6786D-02   0.1139D+00  -0.5267D-01
  -0.8801D-03  -0.6167D-02  -0.3809D-02  -0.1122D-01  -0.8801D-03  -0.6167D-02  -0.3809D-02  -0.1122D-01
  0.500  2.000
  -0.4118D+01   0.0000D+00  -0.5713D+01   0.0000D+00   0.0000D+00   0.0000D+00  -0.5842D+01   0.0000D+00  -0.4118D+01   0.0000D+00  -0.5713D+01   0.0000D+00
   0.5559D+00   0.0000D+00   0.1015D+00   0.0000D+00   0.1304D+00   0.0000D+00   0.2318D+00   0.0000D+00   0.5151D-01   0.0000D+00   0.0000D+00   0.0000D+00   0.5559D+00   0.0000D+00   0.1015D+00   0.0000D+00   0.1304D+00   0.0000D+00
   0.0000D+00   0.0000D+00   0.0000D+00   0.0000D+00   0.0000D+00   0.0000D+00   0.0000D+00   0.0000D+00
  -0.3820D+01   0.7759D+00  -0.5860D+01   0.4652D+00   0.4133D+00  -0.5450D+00  -0.6414D+01  -0.3802D-01  -0.3820D+01   0.7759D+00  -0.5860D+01   0.4652D+00
   0.6752D+00  -0.1485D-01   0.1244D+00  -0.6203D-02   0.1155D+00  -0.4815D-01   0.2728D+00   0.0000D+00   0.6872D-01   0.5862D-02   0.1085D-02   0.1918D-01   0.6752D+00  -0.1485D-01   0.1244D+00  -0.6203D-02   0.1155D+00  -0.4815D-01
  -0.8044D-03  -0.5637D-02  -0.3482D-02  -0.1025D-01  -0.8044D-03  -0.5637D-02  -0.3482D-02  -0.1025D-01
  1.000  0.500
  -0.4872D+01   0.0000D+00  -0.6847D+01   0.0000D+00   0.0000D+00   0.0000D+00  -0.7081D+01   0.0000D+00  -0.4872D+01   0.0000D+00  -0.6847D+01   0.0000D+00
   0.5505D+00   0.0000D+00   0.1014D+00   0.0000D+00   0.1280D+00   0.0000D+00   0.2294D+00   0.0000D+00   0.5098D-01   0.0000D+00   0.0000D+00   0.0000D+00   0.5505D+00   0.0000D+00   0.1014D+00   0.0000D+00   0.1280D+00   0.0000D+00
   0.0000D+00   0.0000D+00   0.0000D+00   0.0000D+00   0.0000D+00   0.0000D+00   0.0000D+00   0.0000D+00
  -0.3493D+01   0.1123D+01  -0.5774D+01   0.6767D+00   0.5719D+00  -0.7953D+00  -0.6515D+01  -0.5472D-01  -0.3493D+01   0.1123D+01  -0.5774D+01   0.6767D+00
   0.6773D+00  -0.1760D-01   0.1256D+00  -0.7427D-02   0.1066D+00  -0.5814D-01   0.2734D+00   0.0000D+00   0.6961D-01   0.7019D-02   0.1316D-02   0.2297D-01   0.6773D+00  -0.1760D-01   0.1256D+00  -0.7427D-02   0.1066D+00  -0.5814D-01
  -0.9648D-03  -0.6775D-02  -0.4207D-02  -0.1236D-01  -0.9648D-03  -0.6775D-02  -0.4207D-02  -0.1236D-01
  1.000  1.000
  -0.4413D+01   0.0000D+00  -0.6202D+01   0.0000D+00   0.0000D+00   0.0000D+00  -0.6414D+01   0.0000D+00  -0.4413D+01   0.0000D+00  -0.6202D+01   0.0000D+00
   0.5505D+00   0.0000D+00   0.1014D+00   0.0000D+00   0.1280D+00   0.0000D+00   0.2294D+00   0.0000D+00   0.5098D-01   0.0000D+00   0.0000D+00   0.0000D+00   0.5505D+00   0.0000D+00   0.1014D+00   0.0000D+00   0.1280D+00   0.0000D+00
   0.0000D+00   0.0000D+00   0.0000D+00   0.0000D+00   0.0000D+00   0.0000D+00   0.0000D+00   0.0000D+00
  -0.3683D+01   0.9209D+00  -0.5886D+01   0.5552D+00   0.4691D+00  -0.6524D+00  -0.6532D+01  -0.4489D-01  -0.3683D+01   0.9209D+00  -0.5886D+01   0.5552D+00
   0.6664D+00  -0.1594D-01   0.1235D+00  -0.6727D-02   0.1088D+00  -0.5266D-01   0.2696D+00   0.0000D+00   0.6794D-01   0.6358D-02   0.1203D-02   0.2081D-01   0.6664D+00  -0.1594D-01   0.1235D+00  -0.6727D-02   0.1088D+00  -0.5266D-01
  -0.8739D-03  -0.6137D-02  -0.3810D-02  -0.1119D-01  -0.8739D-03  -0.6137D-02  -0.3810D-02  -0.1119D-01
  1.000  2.000
  -0.4034D+01   0.0000D+00  -0.5669D+01   0.0000D+00   0.0000D+00   0.0000D+00  -0.5862D+01   0.0000D+00  -0.4034D+01   0.0000D+00  -0.5669D+01   0.0000D+00
   0.5505D+00   0.0000D+00   0.1014D+00   0.0000D+00   0.1280D+00   0.0000D+00   0.2294D+00   0.0000D+00   0.5098D-01   0.0000D+00   0.0000D+00   0.0000D+00   0.5505D+00   0.0000D+00   0.1014D+00   0.0000D+00   0.1280D+00   0.0000D+00
   0.0000D+00   0.0000D+00   0.0000D+00   0.0000D+00   0.0000D+00   0.0000D+00   0.0000D+00   0.0000D+00
  -0.3759D+01   0.7695D+00  -0.5875D+01   0.4638D+00   0.3918D+00  -0.5451D+00  -0.6448D+01  -0.3750D-01  -0.3759D+01   0.7695D+00  -0.5875D+01   0.4638D+00
   0.6570D+00  -0.1457D-01   0.1217D+00  -0.6149D-02   0.1106D+00  -0.4814D-01   0.2663D+00   0.0000D+00   0.6654D-01   0.5812D-02   0.1109D-02   0.1902D-01   0.6570D+00  -0.1457D-01   0.1217D+00  -0.6149D-02   0.1106D+00  -0.4814D-01
  -0.7987D-03  -0.5610D-02  -0.3483D-02  -0.1023D-01  -0.7987D-03  -0.5610D-02  -0.3483D-02  -0.1023D-01
  2.000  0.500
  -0.4776D+01   0.0000D+00  -0.6792D+01   0.0000D+00   0.0000D+00   0.0000D+00  -0.6973D+01   0.0000D+00  -0.4776D+01   0.0000D+00  -0.6792D+01   0.0000D+00
   0.5438D+00   0.0000D+00   0.9991D-01   0.0000D+00   0.1258D+00   0.0000D+00   0.2265D+00   0.0000D+00   0.5033D-01   0.0000D+00   0.0000D+00   0.0000D+00   0.5438D+00   0.0000D+00   0.9991D-01   0.0000D+00   0.1258D+00   0.0000D+00
   0.0000D+00   0.0000D+00   0.0000D+00   0.0000D+00   0.0000D+00   0.0000D+00   0.0000D+00   0.0000D+00
  -0.3539D+01   0.1110D+01  -0.5872D+01   0.6701D+00   0.5574D+00  -0.7844D+00  -0.6592D+01  -0.5409D-01  -0.3539D+01   0.1110D+01  -0.5872D+01   0.6701D+00
   0.6724D+00  -0.1730D-01   0.1241D+00  -0.7291D-02   0.1066D+00  -0.5750D-01   0.2714D+00   0.0000D+00   0.6905D-01   0.6921D-02   0.9209D-03   0.2265D-01   0.6724D+00  -0.1730D-01   0.1241D+00  -0.7291D-02   0.1066D+00  -0.5750D-01
  -0.9612D-03  -0.6659D-02  -0.4184D-02  -0.1217D-01  -0.9612D-03  -0.6659D-02  -0.4184D-02  -0.1217D-01
  2.000  1.000
  -0.4326D+01   0.0000D+00  -0.6152D+01   0.0000D+00   0.0000D+00   0.0000D+00  -0.6316D+01   0.0000D+00  -0.4326D+01   0.0000D+00  -0.6152D+01   0.0000D+00
   0.5438D+00   0.0000D+00   0.9991D-01   0.0000D+00   0.1258D+00   0.0000D+00   0.2265D+00   0.0000D+00   0.5033D-01   0.0000D+00   0.0000D+00   0.0000D+00   0.5438D+00   0.0000D+00   0.9991D-01   0.0000D+00   0.1258D+00   0.0000D+00
   0.0000D+00   0.0000D+00   0.0000D+00   0.0000D+00   0.0000D+00   0.0000D+00   0.0000D+00   0.0000D+00
  -0.3698D+01   0.9110D+00  -0.5950D+01   0.5497D+00   0.4571D+00  -0.6435D+00  -0.6572D+01  -0.4438D-01  -0.3698D+01   0.9110D+00  -0.5950D+01   0.5497D+00
   0.6556D+00  -0.1567D-01   0.1210D+00  -0.6604D-02   0.1070D+00  -0.5209D-01   0.2663D+00   0.0000D+00   0.6702D-01   0.6269D-02   0.8351D-03   0.2052D-01   0.6556D+00  -0.1567D-01   0.1210D+00  -0.6604D-02   0.1070D+00  -0.5209D-01
  -0.8706D-03  -0.6032D-02  -0.3790D-02  -0.1103D-01  -0.8706D-03  -0.6032D-02  -0.3790D-02  -0.1103D-01
  2.000  2.000
  -0.3954D+01   0.0000D+00  -0.5623D+01   0.0000D+00   0.0000D+00   0.0000D+00  -0.5774D+01   0.0000D+00  -0.3954D+01   0.0000D+00  -0.5623D+01   0.0000D+00
   0.5438D+00   0.0000D+00   0.9991D-01   0.0000D+00   0.1258D+00   0.0000D+00   0.2265D+00   0.0000D+00   0.5033D-01   0.0000D+00   0.0000D+00   0.0000D+00   0.5438D+00   0.0000D+00   0.9991D-01   0.0000D+00   0.1258D+00   0.0000D+00
   0.0000D+00   0.0000D+00   0.0000D+00   0.0000D+00   0.0000D+00   0.0000D+00   0.0000D+00   0.0000D+00
  -0.3759D+01   0.7611D+00  -0.5923D+01   0.4593D+00   0.3818D+00  -0.5377D+00  -0.6467D+01  -0.3708D-01  -0.3759D+01   0.7611D+00  -0.5923D+01   0.4593D+00
   0.6477D+00  -0.1432D-01   0.1195D+00  -0.6037D-02   0.1091D+00  -0.4761D-01   0.2633D+00   0.0000D+00   0.6570D-01   0.5731D-02   0.7733D-03   0.1876D-01   0.6477D+00  -0.1432D-01   0.1195D+00  -0.6037D-02   0.1091D+00  -0.4761D-01
  -0.7957D-03  -0.5514D-02  -0.3464D-02  -0.1008D-01  -0.7957D-03  -0.5514D-02  -0.3464D-02  -0.1008D-01
