 LHC=           1 sqrts=   8000.0000000000000      ang=           4 mode=fital                                                                                               scalescheme=           1 R=  0.69999999999999996     
 CT10nlo_rand5678                                                                                              62
 Bin information: chid, chiu, md, mu, mu0
   0.0000000000000000       0.50000000000000000        153.00000000000000        174.00000000000000        163.50000000000000     
 9 scales(muf, mur)*(LO(38), NLO(38))
  0.500  0.500
  -0.6021D+01   0.0000D+00  -0.9032D+01   0.0000D+00   0.0000D+00   0.0000D+00  -0.9316D+01   0.0000D+00  -0.6021D+01   0.0000D+00  -0.9032D+01   0.0000D+00
   0.5507D+00   0.0000D+00   0.1013D+00   0.0000D+00   0.1247D+00   0.0000D+00   0.2360D+00   0.0000D+00   0.5245D-01   0.0000D+00   0.0000D+00   0.0000D+00   0.5507D+00   0.0000D+00   0.1013D+00   0.0000D+00   0.1247D+00   0.0000D+00
   0.0000D+00   0.0000D+00   0.0000D+00   0.0000D+00   0.0000D+00   0.0000D+00   0.0000D+00   0.0000D+00
  -0.4119D+01   0.1510D+01  -0.7532D+01   0.9004D+00   0.7268D+00  -0.1068D+01  -0.8500D+01  -0.8363D-01  -0.4119D+01   0.1510D+01  -0.7532D+01   0.9004D+00
   0.7372D+00  -0.1746D-01   0.1358D+00  -0.7507D-02   0.1135D+00  -0.5940D-01   0.3010D+00   0.0000D+00   0.7727D-01   0.7328D-02   0.1996D-02   0.2398D-01   0.7372D+00  -0.1746D-01   0.1358D+00  -0.7507D-02   0.1135D+00  -0.5940D-01
  -0.8551D-03  -0.6556D-02  -0.4212D-02  -0.1259D-01  -0.8551D-03  -0.6556D-02  -0.4212D-02  -0.1259D-01
  0.500  1.000
  -0.5444D+01   0.0000D+00  -0.8167D+01   0.0000D+00   0.0000D+00   0.0000D+00  -0.8424D+01   0.0000D+00  -0.5444D+01   0.0000D+00  -0.8167D+01   0.0000D+00
   0.5507D+00   0.0000D+00   0.1013D+00   0.0000D+00   0.1247D+00   0.0000D+00   0.2360D+00   0.0000D+00   0.5245D-01   0.0000D+00   0.0000D+00   0.0000D+00   0.5507D+00   0.0000D+00   0.1013D+00   0.0000D+00   0.1247D+00   0.0000D+00
   0.0000D+00   0.0000D+00   0.0000D+00   0.0000D+00   0.0000D+00   0.0000D+00   0.0000D+00   0.0000D+00
  -0.4393D+01   0.1234D+01  -0.7696D+01   0.7361D+00   0.5940D+00  -0.8735D+00  -0.8536D+01  -0.6837D-01  -0.4393D+01   0.1234D+01  -0.7696D+01   0.7361D+00
   0.7206D+00  -0.1579D-01   0.1328D+00  -0.6788D-02   0.1148D+00  -0.5371D-01   0.2952D+00   0.0000D+00   0.7500D-01   0.6626D-02   0.1823D-02   0.2169D-01   0.7206D+00  -0.1579D-01   0.1328D+00  -0.6788D-02   0.1148D+00  -0.5371D-01
  -0.7732D-03  -0.5928D-02  -0.3808D-02  -0.1138D-01  -0.7732D-03  -0.5928D-02  -0.3808D-02  -0.1138D-01
  0.500  2.000
  -0.4969D+01   0.0000D+00  -0.7453D+01   0.0000D+00   0.0000D+00   0.0000D+00  -0.7688D+01   0.0000D+00  -0.4969D+01   0.0000D+00  -0.7453D+01   0.0000D+00
   0.5507D+00   0.0000D+00   0.1013D+00   0.0000D+00   0.1247D+00   0.0000D+00   0.2360D+00   0.0000D+00   0.5245D-01   0.0000D+00   0.0000D+00   0.0000D+00   0.5507D+00   0.0000D+00   0.1013D+00   0.0000D+00   0.1247D+00   0.0000D+00
   0.0000D+00   0.0000D+00   0.0000D+00   0.0000D+00   0.0000D+00   0.0000D+00   0.0000D+00   0.0000D+00
  -0.4512D+01   0.1028D+01  -0.7690D+01   0.6131D+00   0.4945D+00  -0.7275D+00  -0.8430D+01  -0.5695D-01  -0.4512D+01   0.1028D+01  -0.7690D+01   0.6131D+00
   0.7067D+00  -0.1441D-01   0.1302D+00  -0.6195D-02   0.1159D+00  -0.4902D-01   0.2903D+00   0.0000D+00   0.7311D-01   0.6048D-02   0.1677D-02   0.1979D-01   0.7067D+00  -0.1441D-01   0.1302D+00  -0.6195D-02   0.1159D+00  -0.4902D-01
  -0.7055D-03  -0.5410D-02  -0.3475D-02  -0.1039D-01  -0.7055D-03  -0.5410D-02  -0.3475D-02  -0.1039D-01
  1.000  0.500
  -0.6000D+01   0.0000D+00  -0.9083D+01   0.0000D+00   0.0000D+00   0.0000D+00  -0.9393D+01   0.0000D+00  -0.6000D+01   0.0000D+00  -0.9083D+01   0.0000D+00
   0.5485D+00   0.0000D+00   0.1017D+00   0.0000D+00   0.1233D+00   0.0000D+00   0.2355D+00   0.0000D+00   0.5233D-01   0.0000D+00   0.0000D+00   0.0000D+00   0.5485D+00   0.0000D+00   0.1017D+00   0.0000D+00   0.1233D+00   0.0000D+00
   0.0000D+00   0.0000D+00   0.0000D+00   0.0000D+00   0.0000D+00   0.0000D+00   0.0000D+00   0.0000D+00
  -0.4109D+01   0.1514D+01  -0.7498D+01   0.9079D+00   0.7064D+00  -0.1076D+01  -0.8567D+01  -0.8243D-01  -0.4109D+01   0.1514D+01  -0.7498D+01   0.9079D+00
   0.7114D+00  -0.1728D-01   0.1325D+00  -0.7482D-02   0.1085D+00  -0.5900D-01   0.2948D+00   0.0000D+00   0.7521D-01   0.7340D-02   0.1876D-02   0.2402D-01   0.7114D+00  -0.1728D-01   0.1325D+00  -0.7482D-02   0.1085D+00  -0.5900D-01
  -0.8622D-03  -0.6655D-02  -0.4259D-02  -0.1272D-01  -0.8622D-03  -0.6655D-02  -0.4259D-02  -0.1272D-01
  1.000  1.000
  -0.5425D+01   0.0000D+00  -0.8213D+01   0.0000D+00   0.0000D+00   0.0000D+00  -0.8493D+01   0.0000D+00  -0.5425D+01   0.0000D+00  -0.8213D+01   0.0000D+00
   0.5485D+00   0.0000D+00   0.1017D+00   0.0000D+00   0.1233D+00   0.0000D+00   0.2355D+00   0.0000D+00   0.5233D-01   0.0000D+00   0.0000D+00   0.0000D+00   0.5485D+00   0.0000D+00   0.1017D+00   0.0000D+00   0.1233D+00   0.0000D+00
   0.0000D+00   0.0000D+00   0.0000D+00   0.0000D+00   0.0000D+00   0.0000D+00   0.0000D+00   0.0000D+00
  -0.4381D+01   0.1238D+01  -0.7677D+01   0.7422D+00   0.5773D+00  -0.8797D+00  -0.8603D+01  -0.6739D-01  -0.4381D+01   0.1238D+01  -0.7677D+01   0.7422D+00
   0.6969D+00  -0.1563D-01   0.1298D+00  -0.6765D-02   0.1102D+00  -0.5335D-01   0.2895D+00   0.0000D+00   0.7311D-01   0.6637D-02   0.1713D-02   0.2172D-01   0.6969D+00  -0.1563D-01   0.1298D+00  -0.6765D-02   0.1102D+00  -0.5335D-01
  -0.7795D-03  -0.6017D-02  -0.3851D-02  -0.1151D-01  -0.7795D-03  -0.6017D-02  -0.3851D-02  -0.1151D-01
  1.000  2.000
  -0.4951D+01   0.0000D+00  -0.7495D+01   0.0000D+00   0.0000D+00   0.0000D+00  -0.7751D+01   0.0000D+00  -0.4951D+01   0.0000D+00  -0.7495D+01   0.0000D+00
   0.5485D+00   0.0000D+00   0.1017D+00   0.0000D+00   0.1233D+00   0.0000D+00   0.2355D+00   0.0000D+00   0.5233D-01   0.0000D+00   0.0000D+00   0.0000D+00   0.5485D+00   0.0000D+00   0.1017D+00   0.0000D+00   0.1233D+00   0.0000D+00
   0.0000D+00   0.0000D+00   0.0000D+00   0.0000D+00   0.0000D+00   0.0000D+00   0.0000D+00   0.0000D+00
  -0.4499D+01   0.1031D+01  -0.7681D+01   0.6182D+00   0.4806D+00  -0.7327D+00  -0.8496D+01  -0.5612D-01  -0.4499D+01   0.1031D+01  -0.7681D+01   0.6182D+00
   0.6849D+00  -0.1426D-01   0.1275D+00  -0.6174D-02   0.1116D+00  -0.4869D-01   0.2850D+00   0.0000D+00   0.7138D-01   0.6057D-02   0.1577D-02   0.1982D-01   0.6849D+00  -0.1426D-01   0.1275D+00  -0.6174D-02   0.1116D+00  -0.4869D-01
  -0.7114D-03  -0.5492D-02  -0.3515D-02  -0.1050D-01  -0.7114D-03  -0.5492D-02  -0.3515D-02  -0.1050D-01
  2.000  0.500
  -0.5911D+01   0.0000D+00  -0.9063D+01   0.0000D+00   0.0000D+00   0.0000D+00  -0.9334D+01   0.0000D+00  -0.5911D+01   0.0000D+00  -0.9063D+01   0.0000D+00
   0.5481D+00   0.0000D+00   0.1008D+00   0.0000D+00   0.1210D+00   0.0000D+00   0.2326D+00   0.0000D+00   0.5169D-01   0.0000D+00   0.0000D+00   0.0000D+00   0.5481D+00   0.0000D+00   0.1008D+00   0.0000D+00   0.1210D+00   0.0000D+00
   0.0000D+00   0.0000D+00   0.0000D+00   0.0000D+00   0.0000D+00   0.0000D+00   0.0000D+00   0.0000D+00
  -0.4117D+01   0.1510D+01  -0.7650D+01   0.9052D+00   0.7303D+00  -0.1072D+01  -0.8611D+01  -0.8117D-01  -0.4117D+01   0.1510D+01  -0.7650D+01   0.9052D+00
   0.6706D+00  -0.1699D-01   0.1253D+00  -0.7392D-02   0.9701D-01  -0.5886D-01   0.2814D+00   0.0000D+00   0.7150D-01   0.7273D-02   0.1461D-02   0.2380D-01   0.6706D+00  -0.1699D-01   0.1253D+00  -0.7392D-02   0.9701D-01  -0.5886D-01
  -0.8620D-03  -0.6515D-02  -0.4291D-02  -0.1254D-01  -0.8620D-03  -0.6515D-02  -0.4291D-02  -0.1254D-01
  2.000  1.000
  -0.5345D+01   0.0000D+00  -0.8195D+01   0.0000D+00   0.0000D+00   0.0000D+00  -0.8440D+01   0.0000D+00  -0.5345D+01   0.0000D+00  -0.8195D+01   0.0000D+00
   0.5481D+00   0.0000D+00   0.1008D+00   0.0000D+00   0.1210D+00   0.0000D+00   0.2326D+00   0.0000D+00   0.5169D-01   0.0000D+00   0.0000D+00   0.0000D+00   0.5481D+00   0.0000D+00   0.1008D+00   0.0000D+00   0.1210D+00   0.0000D+00
   0.0000D+00   0.0000D+00   0.0000D+00   0.0000D+00   0.0000D+00   0.0000D+00   0.0000D+00   0.0000D+00
  -0.4403D+01   0.1235D+01  -0.7830D+01   0.7401D+00   0.5970D+00  -0.8762D+00  -0.8654D+01  -0.6637D-01  -0.4403D+01   0.1235D+01  -0.7830D+01   0.7401D+00
   0.6864D+00  -0.1537D-01   0.1275D+00  -0.6684D-02   0.1068D+00  -0.5322D-01   0.2829D+00   0.0000D+00   0.7142D-01   0.6577D-02   0.1479D-02   0.2152D-01   0.6864D+00  -0.1537D-01   0.1275D+00  -0.6684D-02   0.1068D+00  -0.5322D-01
  -0.7794D-03  -0.5891D-02  -0.3880D-02  -0.1134D-01  -0.7794D-03  -0.5891D-02  -0.3880D-02  -0.1134D-01
  2.000  2.000
  -0.4878D+01   0.0000D+00  -0.7479D+01   0.0000D+00   0.0000D+00   0.0000D+00  -0.7703D+01   0.0000D+00  -0.4878D+01   0.0000D+00  -0.7479D+01   0.0000D+00
   0.5481D+00   0.0000D+00   0.1008D+00   0.0000D+00   0.1210D+00   0.0000D+00   0.2326D+00   0.0000D+00   0.5169D-01   0.0000D+00   0.0000D+00   0.0000D+00   0.5481D+00   0.0000D+00   0.1008D+00   0.0000D+00   0.1210D+00   0.0000D+00
   0.0000D+00   0.0000D+00   0.0000D+00   0.0000D+00   0.0000D+00   0.0000D+00   0.0000D+00   0.0000D+00
  -0.4505D+01   0.1029D+01  -0.7806D+01   0.6164D+00   0.4970D+00  -0.7298D+00  -0.8531D+01  -0.5527D-01  -0.4505D+01   0.1029D+01  -0.7806D+01   0.6164D+00
   0.6753D+00  -0.1403D-01   0.1254D+00  -0.6100D-02   0.1083D+00  -0.4857D-01   0.2788D+00   0.0000D+00   0.6977D-01   0.6002D-02   0.1362D-02   0.1964D-01   0.6753D+00  -0.1403D-01   0.1254D+00  -0.6100D-02   0.1083D+00  -0.4857D-01
  -0.7113D-03  -0.5377D-02  -0.3541D-02  -0.1035D-01  -0.7113D-03  -0.5377D-02  -0.3541D-02  -0.1035D-01
