 LHC=           1 sqrts=   8000.0000000000000      ang=           4 mode=fital                                                                                               scalescheme=           1 R=  0.69999999999999996     
 CT10nlo_rand5678                                                                                              62
 Bin information: chid, chiu, md, mu, mu0
   0.0000000000000000       0.50000000000000000        300.00000000000000        330.00000000000000        315.00000000000000     
 9 scales(muf, mur)*(LO(38), NLO(38))
  0.500  0.500
  -0.1991D+01   0.0000D+00  -0.2360D+01   0.0000D+00   0.0000D+00   0.0000D+00  -0.2235D+01   0.0000D+00  -0.1991D+01   0.0000D+00  -0.2360D+01   0.0000D+00
   0.6084D+00   0.0000D+00   0.1083D+00   0.0000D+00   0.1622D+00   0.0000D+00   0.2282D+00   0.0000D+00   0.5072D-01   0.0000D+00   0.0000D+00   0.0000D+00   0.6084D+00   0.0000D+00   0.1083D+00   0.0000D+00   0.1622D+00   0.0000D+00
   0.0000D+00   0.0000D+00   0.0000D+00   0.0000D+00   0.0000D+00   0.0000D+00   0.0000D+00   0.0000D+00
  -0.1440D+01   0.3522D+00  -0.2017D+01   0.2115D+00   0.1964D+00  -0.2329D+00  -0.2078D+01  -0.4743D-02  -0.1440D+01   0.3522D+00  -0.2017D+01   0.2115D+00
   0.6136D+00  -0.2063D-01   0.1116D+00  -0.7933D-02   0.1050D+00  -0.5877D-01   0.2344D+00   0.0000D+00   0.5889D-01   0.6455D-02  -0.1520D-02   0.2112D-01   0.6136D+00  -0.2063D-01   0.1116D+00  -0.7933D-02   0.1050D+00  -0.5877D-01
  -0.1497D-02  -0.7153D-02  -0.4438D-02  -0.1179D-01  -0.1497D-02  -0.7153D-02  -0.4438D-02  -0.1179D-01
  0.500  1.000
  -0.1816D+01   0.0000D+00  -0.2153D+01   0.0000D+00   0.0000D+00   0.0000D+00  -0.2039D+01   0.0000D+00  -0.1816D+01   0.0000D+00  -0.2153D+01   0.0000D+00
   0.6084D+00   0.0000D+00   0.1083D+00   0.0000D+00   0.1622D+00   0.0000D+00   0.2282D+00   0.0000D+00   0.5072D-01   0.0000D+00   0.0000D+00   0.0000D+00   0.6084D+00   0.0000D+00   0.1083D+00   0.0000D+00   0.1622D+00   0.0000D+00
   0.0000D+00   0.0000D+00   0.0000D+00   0.0000D+00   0.0000D+00   0.0000D+00   0.0000D+00   0.0000D+00
  -0.1512D+01   0.2931D+00  -0.2049D+01   0.1760D+00   0.1634D+00  -0.1938D+00  -0.2081D+01  -0.3946D-02  -0.1512D+01   0.2931D+00  -0.2049D+01   0.1760D+00
   0.6136D+00  -0.1882D-01   0.1114D+00  -0.7236D-02   0.1102D+00  -0.5361D-01   0.2340D+00   0.0000D+00   0.5820D-01   0.5888D-02  -0.1384D-02   0.1927D-01   0.6136D+00  -0.1882D-01   0.1114D+00  -0.7236D-02   0.1102D+00  -0.5361D-01
  -0.1366D-02  -0.6525D-02  -0.4048D-02  -0.1076D-01  -0.1366D-02  -0.6525D-02  -0.4048D-02  -0.1076D-01
  0.500  2.000
  -0.1670D+01   0.0000D+00  -0.1980D+01   0.0000D+00   0.0000D+00   0.0000D+00  -0.1875D+01   0.0000D+00  -0.1670D+01   0.0000D+00  -0.1980D+01   0.0000D+00
   0.6084D+00   0.0000D+00   0.1083D+00   0.0000D+00   0.1622D+00   0.0000D+00   0.2282D+00   0.0000D+00   0.5072D-01   0.0000D+00   0.0000D+00   0.0000D+00   0.6084D+00   0.0000D+00   0.1083D+00   0.0000D+00   0.1622D+00   0.0000D+00
   0.0000D+00   0.0000D+00   0.0000D+00   0.0000D+00   0.0000D+00   0.0000D+00   0.0000D+00   0.0000D+00
  -0.1543D+01   0.2479D+00  -0.2046D+01   0.1489D+00   0.1381D+00  -0.1639D+00  -0.2056D+01  -0.3337D-02  -0.1543D+01   0.2479D+00  -0.2046D+01   0.1489D+00
   0.6135D+00  -0.1731D-01   0.1112D+00  -0.6655D-02   0.1144D+00  -0.4930D-01   0.2336D+00   0.0000D+00   0.5762D-01   0.5415D-02  -0.1271D-02   0.1772D-01   0.6135D+00  -0.1731D-01   0.1112D+00  -0.6655D-02   0.1144D+00  -0.4930D-01
  -0.1256D-02  -0.6001D-02  -0.3723D-02  -0.9893D-02  -0.1256D-02  -0.6001D-02  -0.3723D-02  -0.9893D-02
  1.000  0.500
  -0.1914D+01   0.0000D+00  -0.2260D+01   0.0000D+00   0.0000D+00   0.0000D+00  -0.2143D+01   0.0000D+00  -0.1914D+01   0.0000D+00  -0.2260D+01   0.0000D+00
   0.5827D+00   0.0000D+00   0.1036D+00   0.0000D+00   0.1554D+00   0.0000D+00   0.2191D+00   0.0000D+00   0.4870D-01   0.0000D+00   0.0000D+00   0.0000D+00   0.5827D+00   0.0000D+00   0.1036D+00   0.0000D+00   0.1554D+00   0.0000D+00
   0.0000D+00   0.0000D+00   0.0000D+00   0.0000D+00   0.0000D+00   0.0000D+00   0.0000D+00   0.0000D+00
  -0.1462D+01   0.3386D+00  -0.2019D+01   0.2037D+00   0.1846D+00  -0.2232D+00  -0.2086D+01  -0.4266D-02  -0.1462D+01   0.3386D+00  -0.2019D+01   0.2037D+00
   0.6056D+00  -0.1979D-01   0.1096D+00  -0.7575D-02   0.1047D+00  -0.5631D-01   0.2313D+00   0.0000D+00   0.5788D-01   0.6194D-02  -0.9018D-03   0.2027D-01   0.6056D+00  -0.1979D-01   0.1096D+00  -0.7575D-02   0.1047D+00  -0.5631D-01
  -0.1439D-02  -0.6764D-02  -0.4282D-02  -0.1131D-01  -0.1439D-02  -0.6764D-02  -0.4282D-02  -0.1131D-01
  1.000  1.000
  -0.1746D+01   0.0000D+00  -0.2062D+01   0.0000D+00   0.0000D+00   0.0000D+00  -0.1955D+01   0.0000D+00  -0.1746D+01   0.0000D+00  -0.2062D+01   0.0000D+00
   0.5827D+00   0.0000D+00   0.1036D+00   0.0000D+00   0.1554D+00   0.0000D+00   0.2191D+00   0.0000D+00   0.4870D-01   0.0000D+00   0.0000D+00   0.0000D+00   0.5827D+00   0.0000D+00   0.1036D+00   0.0000D+00   0.1554D+00   0.0000D+00
   0.0000D+00   0.0000D+00   0.0000D+00   0.0000D+00   0.0000D+00   0.0000D+00   0.0000D+00   0.0000D+00
  -0.1517D+01   0.2818D+00  -0.2036D+01   0.1695D+00   0.1536D+00  -0.1857D+00  -0.2072D+01  -0.3549D-02  -0.1517D+01   0.2818D+00  -0.2036D+01   0.1695D+00
   0.6040D+00  -0.1805D-01   0.1092D+00  -0.6910D-02   0.1092D+00  -0.5137D-01   0.2303D+00   0.0000D+00   0.5710D-01   0.5650D-02  -0.8198D-03   0.1849D-01   0.6040D+00  -0.1805D-01   0.1092D+00  -0.6910D-02   0.1092D+00  -0.5137D-01
  -0.1312D-02  -0.6170D-02  -0.3906D-02  -0.1031D-01  -0.1312D-02  -0.6170D-02  -0.3906D-02  -0.1031D-01
  1.000  2.000
  -0.1606D+01   0.0000D+00  -0.1896D+01   0.0000D+00   0.0000D+00   0.0000D+00  -0.1798D+01   0.0000D+00  -0.1606D+01   0.0000D+00  -0.1896D+01   0.0000D+00
   0.5827D+00   0.0000D+00   0.1036D+00   0.0000D+00   0.1554D+00   0.0000D+00   0.2191D+00   0.0000D+00   0.4870D-01   0.0000D+00   0.0000D+00   0.0000D+00   0.5827D+00   0.0000D+00   0.1036D+00   0.0000D+00   0.1554D+00   0.0000D+00
   0.0000D+00   0.0000D+00   0.0000D+00   0.0000D+00   0.0000D+00   0.0000D+00   0.0000D+00   0.0000D+00
  -0.1537D+01   0.2383D+00  -0.2021D+01   0.1433D+00   0.1299D+00  -0.1571D+00  -0.2037D+01  -0.3001D-02  -0.1537D+01   0.2383D+00  -0.2021D+01   0.1433D+00
   0.6026D+00  -0.1660D-01   0.1088D+00  -0.6355D-02   0.1130D+00  -0.4724D-01   0.2295D+00   0.0000D+00   0.5645D-01   0.5196D-02  -0.7518D-03   0.1701D-01   0.6026D+00  -0.1660D-01   0.1088D+00  -0.6355D-02   0.1130D+00  -0.4724D-01
  -0.1207D-02  -0.5674D-02  -0.3592D-02  -0.9486D-02  -0.1207D-02  -0.5674D-02  -0.3592D-02  -0.9486D-02
  2.000  0.500
  -0.1826D+01   0.0000D+00  -0.2175D+01   0.0000D+00   0.0000D+00   0.0000D+00  -0.2051D+01   0.0000D+00  -0.1826D+01   0.0000D+00  -0.2175D+01   0.0000D+00
   0.5574D+00   0.0000D+00   0.9942D-01   0.0000D+00   0.1491D+00   0.0000D+00   0.2099D+00   0.0000D+00   0.4664D-01   0.0000D+00   0.0000D+00   0.0000D+00   0.5574D+00   0.0000D+00   0.9942D-01   0.0000D+00   0.1491D+00   0.0000D+00
   0.0000D+00   0.0000D+00   0.0000D+00   0.0000D+00   0.0000D+00   0.0000D+00   0.0000D+00   0.0000D+00
  -0.1466D+01   0.3255D+00  -0.2046D+01   0.1950D+00   0.1840D+00  -0.2136D+00  -0.2107D+01  -0.3799D-02  -0.1466D+01   0.3255D+00  -0.2046D+01   0.1950D+00
   0.5978D+00  -0.1898D-01   0.1086D+00  -0.7264D-02   0.1071D+00  -0.5393D-01   0.2304D+00   0.0000D+00   0.5733D-01   0.5938D-02  -0.8706D-03   0.1943D-01   0.5978D+00  -0.1898D-01   0.1086D+00  -0.7264D-02   0.1071D+00  -0.5393D-01
  -0.1390D-02  -0.6407D-02  -0.4123D-02  -0.1082D-01  -0.1390D-02  -0.6407D-02  -0.4123D-02  -0.1082D-01
  2.000  1.000
  -0.1666D+01   0.0000D+00  -0.1984D+01   0.0000D+00   0.0000D+00   0.0000D+00  -0.1871D+01   0.0000D+00  -0.1666D+01   0.0000D+00  -0.1984D+01   0.0000D+00
   0.5574D+00   0.0000D+00   0.9942D-01   0.0000D+00   0.1491D+00   0.0000D+00   0.2099D+00   0.0000D+00   0.4664D-01   0.0000D+00   0.0000D+00   0.0000D+00   0.5574D+00   0.0000D+00   0.9942D-01   0.0000D+00   0.1491D+00   0.0000D+00
   0.0000D+00   0.0000D+00   0.0000D+00   0.0000D+00   0.0000D+00   0.0000D+00   0.0000D+00   0.0000D+00
  -0.1507D+01   0.2708D+00  -0.2044D+01   0.1622D+00   0.1531D+00  -0.1777D+00  -0.2076D+01  -0.3160D-02  -0.1507D+01   0.2708D+00  -0.2044D+01   0.1622D+00
   0.5943D+00  -0.1732D-01   0.1078D+00  -0.6626D-02   0.1108D+00  -0.4920D-01   0.2287D+00   0.0000D+00   0.5640D-01   0.5417D-02  -0.7918D-03   0.1773D-01   0.5943D+00  -0.1732D-01   0.1078D+00  -0.6626D-02   0.1108D+00  -0.4920D-01
  -0.1268D-02  -0.5845D-02  -0.3761D-02  -0.9867D-02  -0.1268D-02  -0.5845D-02  -0.3761D-02  -0.9867D-02
  2.000  2.000
  -0.1532D+01   0.0000D+00  -0.1825D+01   0.0000D+00   0.0000D+00   0.0000D+00  -0.1721D+01   0.0000D+00  -0.1532D+01   0.0000D+00  -0.1825D+01   0.0000D+00
   0.5574D+00   0.0000D+00   0.9942D-01   0.0000D+00   0.1491D+00   0.0000D+00   0.2099D+00   0.0000D+00   0.4664D-01   0.0000D+00   0.0000D+00   0.0000D+00   0.5574D+00   0.0000D+00   0.9942D-01   0.0000D+00   0.1491D+00   0.0000D+00
   0.0000D+00   0.0000D+00   0.0000D+00   0.0000D+00   0.0000D+00   0.0000D+00   0.0000D+00   0.0000D+00
  -0.1516D+01   0.2291D+00  -0.2017D+01   0.1372D+00   0.1294D+00  -0.1503D+00  -0.2028D+01  -0.2672D-02  -0.1516D+01   0.2291D+00  -0.2017D+01   0.1372D+00
   0.5917D+00  -0.1593D-01   0.1072D+00  -0.6094D-02   0.1140D+00  -0.4524D-01   0.2273D+00   0.0000D+00   0.5565D-01   0.4981D-02  -0.7263D-03   0.1630D-01   0.5917D+00  -0.1593D-01   0.1072D+00  -0.6094D-02   0.1140D+00  -0.4524D-01
  -0.1166D-02  -0.5375D-02  -0.3459D-02  -0.9075D-02  -0.1166D-02  -0.5375D-02  -0.3459D-02  -0.9075D-02
