 LHC=           1 sqrts=   8000.0000000000000      ang=           4 mode=fital                                                                                               scalescheme=           1 R=  0.69999999999999996     
 CT10nlo_rand5678                                                                                              62
 Bin information: chid, chiu, md, mu, mu0
   0.0000000000000000       0.50000000000000000        967.00000000000000        1032.0000000000000        999.50000000000000     
 9 scales(muf, mur)*(LO(38), NLO(38))
  0.500  0.500
  -0.1338D+00   0.0000D+00  -0.1006D+00   0.0000D+00   0.0000D+00   0.0000D+00  -0.5786D-01   0.0000D+00  -0.1338D+00   0.0000D+00  -0.1006D+00   0.0000D+00
   0.3017D+00   0.0000D+00   0.4751D-01   0.0000D+00   0.1172D+00   0.0000D+00   0.6194D-01   0.0000D+00   0.1376D-01   0.0000D+00   0.0000D+00   0.0000D+00   0.3017D+00   0.0000D+00   0.4751D-01   0.0000D+00   0.1172D+00   0.0000D+00
   0.0000D+00   0.0000D+00   0.0000D+00   0.0000D+00   0.0000D+00   0.0000D+00   0.0000D+00   0.0000D+00
  -0.1071D+00   0.1222D-01  -0.8803D-01   0.7028D-02   0.6957D-02  -0.5196D-02  -0.5181D-01   0.1854D-02  -0.1071D+00   0.1222D-01  -0.8803D-01   0.7028D-02
   0.2297D+00  -0.1286D-01   0.3746D-01  -0.3912D-02   0.6454D-01  -0.2440D-01   0.5250D-01   0.0000D+00   0.1315D-01   0.1509D-02  -0.1958D-02   0.4938D-02   0.2297D+00  -0.1286D-01   0.3746D-01  -0.3912D-02   0.6454D-01  -0.2440D-01
  -0.1289D-02  -0.3475D-02  -0.1660D-02  -0.3656D-02  -0.1289D-02  -0.3475D-02  -0.1660D-02  -0.3656D-02
  0.500  1.000
  -0.1236D+00   0.0000D+00  -0.9296D-01   0.0000D+00   0.0000D+00   0.0000D+00  -0.5346D-01   0.0000D+00  -0.1236D+00   0.0000D+00  -0.9296D-01   0.0000D+00
   0.3017D+00   0.0000D+00   0.4751D-01   0.0000D+00   0.1172D+00   0.0000D+00   0.6194D-01   0.0000D+00   0.1376D-01   0.0000D+00   0.0000D+00   0.0000D+00   0.3017D+00   0.0000D+00   0.4751D-01   0.0000D+00   0.1172D+00   0.0000D+00
   0.0000D+00   0.0000D+00   0.0000D+00   0.0000D+00   0.0000D+00   0.0000D+00   0.0000D+00   0.0000D+00
  -0.1099D+00   0.1043D-01  -0.8907D-01   0.5999D-02   0.5938D-02  -0.4435D-02  -0.5223D-01   0.1583D-02  -0.1099D+00   0.1043D-01  -0.8907D-01   0.5999D-02
   0.2352D+00  -0.1188D-01   0.3823D-01  -0.3614D-02   0.6856D-01  -0.2254D-01   0.5323D-01   0.0000D+00   0.1319D-01   0.1394D-02  -0.1809D-02   0.4563D-02   0.2352D+00  -0.1188D-01   0.3823D-01  -0.3614D-02   0.6856D-01  -0.2254D-01
  -0.1191D-02  -0.3210D-02  -0.1534D-02  -0.3378D-02  -0.1191D-02  -0.3210D-02  -0.1534D-02  -0.3378D-02
  0.500  2.000
  -0.1149D+00   0.0000D+00  -0.8639D-01   0.0000D+00   0.0000D+00   0.0000D+00  -0.4968D-01   0.0000D+00  -0.1149D+00   0.0000D+00  -0.8639D-01   0.0000D+00
   0.3017D+00   0.0000D+00   0.4751D-01   0.0000D+00   0.1172D+00   0.0000D+00   0.6194D-01   0.0000D+00   0.1376D-01   0.0000D+00   0.0000D+00   0.0000D+00   0.3017D+00   0.0000D+00   0.4751D-01   0.0000D+00   0.1172D+00   0.0000D+00
   0.0000D+00   0.0000D+00   0.0000D+00   0.0000D+00   0.0000D+00   0.0000D+00   0.0000D+00   0.0000D+00
  -0.1109D+00   0.9009D-02  -0.8895D-01   0.5182D-02   0.5130D-02  -0.3831D-02  -0.5203D-01   0.1367D-02  -0.1109D+00   0.9009D-02  -0.8895D-01   0.5182D-02
   0.2399D+00  -0.1104D-01   0.3889D-01  -0.3359D-02   0.7201D-01  -0.2095D-01   0.5385D-01   0.0000D+00   0.1324D-01   0.1296D-02  -0.1681D-02   0.4240D-02   0.2399D+00  -0.1104D-01   0.3889D-01  -0.3359D-02   0.7201D-01  -0.2095D-01
  -0.1107D-02  -0.2984D-02  -0.1426D-02  -0.3139D-02  -0.1107D-02  -0.2984D-02  -0.1426D-02  -0.3139D-02
  1.000  0.500
  -0.1197D+00   0.0000D+00  -0.8993D-01   0.0000D+00   0.0000D+00   0.0000D+00  -0.5163D-01   0.0000D+00  -0.1197D+00   0.0000D+00  -0.8993D-01   0.0000D+00
   0.2698D+00   0.0000D+00   0.4249D-01   0.0000D+00   0.1048D+00   0.0000D+00   0.5517D-01   0.0000D+00   0.1226D-01   0.0000D+00   0.0000D+00   0.0000D+00   0.2698D+00   0.0000D+00   0.4249D-01   0.0000D+00   0.1048D+00   0.0000D+00
   0.0000D+00   0.0000D+00   0.0000D+00   0.0000D+00   0.0000D+00   0.0000D+00   0.0000D+00   0.0000D+00
  -0.1089D+00   0.1092D-01  -0.8865D-01   0.6265D-02   0.6146D-02  -0.4635D-02  -0.5189D-01   0.1665D-02  -0.1089D+00   0.1092D-01  -0.8865D-01   0.6265D-02
   0.2353D+00  -0.1153D-01   0.3822D-01  -0.3510D-02   0.6936D-01  -0.2183D-01   0.5305D-01   0.0000D+00   0.1308D-01   0.1346D-02  -0.1744D-02   0.4404D-02   0.2353D+00  -0.1153D-01   0.3822D-01  -0.3510D-02   0.6936D-01  -0.2183D-01
  -0.1156D-02  -0.3103D-02  -0.1483D-02  -0.3258D-02  -0.1156D-02  -0.3103D-02  -0.1483D-02  -0.3258D-02
  1.000  1.000
  -0.1106D+00   0.0000D+00  -0.8309D-01   0.0000D+00   0.0000D+00   0.0000D+00  -0.4770D-01   0.0000D+00  -0.1106D+00   0.0000D+00  -0.8309D-01   0.0000D+00
   0.2698D+00   0.0000D+00   0.4249D-01   0.0000D+00   0.1048D+00   0.0000D+00   0.5517D-01   0.0000D+00   0.1226D-01   0.0000D+00   0.0000D+00   0.0000D+00   0.2698D+00   0.0000D+00   0.4249D-01   0.0000D+00   0.1048D+00   0.0000D+00
   0.0000D+00   0.0000D+00   0.0000D+00   0.0000D+00   0.0000D+00   0.0000D+00   0.0000D+00   0.0000D+00
  -0.1095D+00   0.9322D-02  -0.8812D-01   0.5348D-02   0.5246D-02  -0.3956D-02  -0.5144D-01   0.1421D-02  -0.1095D+00   0.9322D-02  -0.8812D-01   0.5348D-02
   0.2379D+00  -0.1065D-01   0.3855D-01  -0.3243D-02   0.7207D-01  -0.2017D-01   0.5322D-01   0.0000D+00   0.1302D-01   0.1243D-02  -0.1611D-02   0.4068D-02   0.2379D+00  -0.1065D-01   0.3855D-01  -0.3243D-02   0.7207D-01  -0.2017D-01
  -0.1068D-02  -0.2867D-02  -0.1370D-02  -0.3010D-02  -0.1068D-02  -0.2867D-02  -0.1370D-02  -0.3010D-02
  1.000  2.000
  -0.1028D+00   0.0000D+00  -0.7722D-01   0.0000D+00   0.0000D+00   0.0000D+00  -0.4433D-01   0.0000D+00  -0.1028D+00   0.0000D+00  -0.7722D-01   0.0000D+00
   0.2698D+00   0.0000D+00   0.4249D-01   0.0000D+00   0.1048D+00   0.0000D+00   0.5517D-01   0.0000D+00   0.1226D-01   0.0000D+00   0.0000D+00   0.0000D+00   0.2698D+00   0.0000D+00   0.4249D-01   0.0000D+00   0.1048D+00   0.0000D+00
   0.0000D+00   0.0000D+00   0.0000D+00   0.0000D+00   0.0000D+00   0.0000D+00   0.0000D+00   0.0000D+00
  -0.1089D+00   0.8052D-02  -0.8685D-01   0.4620D-02   0.4532D-02  -0.3418D-02  -0.5060D-01   0.1228D-02  -0.1089D+00   0.8052D-02  -0.8685D-01   0.4620D-02
   0.2402D+00  -0.9897D-02   0.3884D-01  -0.3014D-02   0.7439D-01  -0.1874D-01   0.5336D-01   0.0000D+00   0.1297D-01   0.1155D-02  -0.1498D-02   0.3781D-02   0.2402D+00  -0.9897D-02   0.3884D-01  -0.3014D-02   0.7439D-01  -0.1874D-01
  -0.9923D-03  -0.2665D-02  -0.1274D-02  -0.2798D-02  -0.9923D-03  -0.2665D-02  -0.1274D-02  -0.2798D-02
  2.000  0.500
  -0.1079D+00   0.0000D+00  -0.8098D-01   0.0000D+00   0.0000D+00   0.0000D+00  -0.4637D-01   0.0000D+00  -0.1079D+00   0.0000D+00  -0.8098D-01   0.0000D+00
   0.2432D+00   0.0000D+00   0.3828D-01   0.0000D+00   0.9459D-01   0.0000D+00   0.4951D-01   0.0000D+00   0.1100D-01   0.0000D+00   0.0000D+00   0.0000D+00   0.2432D+00   0.0000D+00   0.3828D-01   0.0000D+00   0.9459D-01   0.0000D+00
   0.0000D+00   0.0000D+00   0.0000D+00   0.0000D+00   0.0000D+00   0.0000D+00   0.0000D+00   0.0000D+00
  -0.1107D+00   0.9823D-02  -0.8890D-01   0.5632D-02   0.5469D-02  -0.4165D-02  -0.5211D-01   0.1504D-02  -0.1107D+00   0.9823D-02  -0.8890D-01   0.5632D-02
   0.2394D+00  -0.1038D-01   0.3878D-01  -0.3161D-02   0.7296D-01  -0.1971D-01   0.5332D-01   0.0000D+00   0.1301D-01   0.1207D-02  -0.1568D-02   0.3951D-02   0.2394D+00  -0.1038D-01   0.3878D-01  -0.3161D-02   0.7296D-01  -0.1971D-01
  -0.1042D-02  -0.2800D-02  -0.1336D-02  -0.2935D-02  -0.1042D-02  -0.2800D-02  -0.1336D-02  -0.2935D-02
  2.000  1.000
  -0.9971D-01   0.0000D+00  -0.7481D-01   0.0000D+00   0.0000D+00   0.0000D+00  -0.4284D-01   0.0000D+00  -0.9971D-01   0.0000D+00  -0.7481D-01   0.0000D+00
   0.2432D+00   0.0000D+00   0.3828D-01   0.0000D+00   0.9459D-01   0.0000D+00   0.4951D-01   0.0000D+00   0.1100D-01   0.0000D+00   0.0000D+00   0.0000D+00   0.2432D+00   0.0000D+00   0.3828D-01   0.0000D+00   0.9459D-01   0.0000D+00
   0.0000D+00   0.0000D+00   0.0000D+00   0.0000D+00   0.0000D+00   0.0000D+00   0.0000D+00   0.0000D+00
  -0.1094D+00   0.8384D-02  -0.8709D-01   0.4807D-02   0.4668D-02  -0.3555D-02  -0.5089D-01   0.1284D-02  -0.1094D+00   0.8384D-02  -0.8709D-01   0.4807D-02
   0.2397D+00  -0.9587D-02   0.3875D-01  -0.2921D-02   0.7462D-01  -0.1821D-01   0.5304D-01   0.0000D+00   0.1285D-01   0.1115D-02  -0.1449D-02   0.3651D-02   0.2397D+00  -0.9587D-02   0.3875D-01  -0.2921D-02   0.7462D-01  -0.1821D-01
  -0.9630D-03  -0.2586D-02  -0.1234D-02  -0.2712D-02  -0.9630D-03  -0.2586D-02  -0.1234D-02  -0.2712D-02
  2.000  2.000
  -0.9267D-01   0.0000D+00  -0.6953D-01   0.0000D+00   0.0000D+00   0.0000D+00  -0.3982D-01   0.0000D+00  -0.9267D-01   0.0000D+00  -0.6953D-01   0.0000D+00
   0.2432D+00   0.0000D+00   0.3828D-01   0.0000D+00   0.9459D-01   0.0000D+00   0.4951D-01   0.0000D+00   0.1100D-01   0.0000D+00   0.0000D+00   0.0000D+00   0.2432D+00   0.0000D+00   0.3828D-01   0.0000D+00   0.9459D-01   0.0000D+00
   0.0000D+00   0.0000D+00   0.0000D+00   0.0000D+00   0.0000D+00   0.0000D+00   0.0000D+00   0.0000D+00
  -0.1074D+00   0.7242D-02  -0.8490D-01   0.4152D-02   0.4033D-02  -0.3071D-02  -0.4950D-01   0.1109D-02  -0.1074D+00   0.7242D-02  -0.8490D-01   0.4152D-02
   0.2400D+00  -0.8910D-02   0.3872D-01  -0.2714D-02   0.7604D-01  -0.1692D-01   0.5279D-01   0.0000D+00   0.1272D-01   0.1037D-02  -0.1347D-02   0.3393D-02   0.2400D+00  -0.8910D-02   0.3872D-01  -0.2714D-02   0.7604D-01  -0.1692D-01
  -0.8951D-03  -0.2404D-02  -0.1147D-02  -0.2520D-02  -0.8951D-03  -0.2404D-02  -0.1147D-02  -0.2520D-02
