 LHC=           1 sqrts=   8000.0000000000000      ang=           4 mode=fital                                                                                               scalescheme=           1 R=  0.69999999999999996     
 CT10nlo_rand5678                                                                                             186
 Bin information: chid, chiu, md, mu, mu0
   0.0000000000000000       0.50000000000000000        97.000000000000000        114.00000000000000        105.50000000000000     
 9 scales(muf, mur)*(LO(38), NLO(38))
  0.500  0.500
  -0.1270D+02   0.0000D+00  -0.2105D+02   0.0000D+00   0.0000D+00   0.0000D+00  -0.2247D+02   0.0000D+00  -0.1270D+02   0.0000D+00  -0.2105D+02   0.0000D+00
   0.4818D+00   0.0000D+00   0.9049D-01   0.0000D+00   0.1020D+00   0.0000D+00   0.2156D+00   0.0000D+00   0.4792D-01   0.0000D+00   0.0000D+00   0.0000D+00   0.4818D+00   0.0000D+00   0.9049D-01   0.0000D+00   0.1020D+00   0.0000D+00
   0.0000D+00   0.0000D+00   0.0000D+00   0.0000D+00   0.0000D+00   0.0000D+00   0.0000D+00   0.0000D+00
  -0.8481D+01   0.3779D+01  -0.1723D+02   0.2252D+01   0.1673D+01  -0.2752D+01  -0.1996D+02  -0.2488D+00  -0.8481D+01   0.3779D+01  -0.1723D+02   0.2252D+01
   0.8473D+00  -0.1522D-01   0.1585D+00  -0.6930D-02   0.1314D+00  -0.5639D-01   0.3462D+00   0.0000D+00   0.9000D-01   0.7174D-02   0.5578D-02   0.2348D-01   0.8473D+00  -0.1522D-01   0.1585D+00  -0.6930D-02   0.1314D+00  -0.5639D-01
  -0.5235D-03  -0.5985D-02  -0.3749D-02  -0.1231D-01  -0.5235D-03  -0.5985D-02  -0.3749D-02  -0.1231D-01
  0.500  1.000
  -0.1140D+02   0.0000D+00  -0.1889D+02   0.0000D+00   0.0000D+00   0.0000D+00  -0.2016D+02   0.0000D+00  -0.1140D+02   0.0000D+00  -0.1889D+02   0.0000D+00
   0.4818D+00   0.0000D+00   0.9049D-01   0.0000D+00   0.1020D+00   0.0000D+00   0.2156D+00   0.0000D+00   0.4792D-01   0.0000D+00   0.0000D+00   0.0000D+00   0.4818D+00   0.0000D+00   0.9049D-01   0.0000D+00   0.1020D+00   0.0000D+00
   0.0000D+00   0.0000D+00   0.0000D+00   0.0000D+00   0.0000D+00   0.0000D+00   0.0000D+00   0.0000D+00
  -0.9127D+01   0.3043D+01  -0.1768D+02   0.1813D+01   0.1347D+01  -0.2217D+01  -0.2014D+02  -0.2004D+00  -0.9127D+01   0.3043D+01  -0.1768D+02   0.1813D+01
   0.8124D+00  -0.1366D-01   0.1520D+00  -0.6219D-02   0.1290D+00  -0.5060D-01   0.3336D+00   0.0000D+00   0.8591D-01   0.6438D-02   0.5049D-02   0.2107D-01   0.8124D+00  -0.1366D-01   0.1520D+00  -0.6219D-02   0.1290D+00  -0.5060D-01
  -0.4696D-03  -0.5371D-02  -0.3364D-02  -0.1105D-01  -0.4696D-03  -0.5371D-02  -0.3364D-02  -0.1105D-01
  0.500  2.000
  -0.1034D+02   0.0000D+00  -0.1714D+02   0.0000D+00   0.0000D+00   0.0000D+00  -0.1830D+02   0.0000D+00  -0.1034D+02   0.0000D+00  -0.1714D+02   0.0000D+00
   0.4818D+00   0.0000D+00   0.9049D-01   0.0000D+00   0.1020D+00   0.0000D+00   0.2156D+00   0.0000D+00   0.4792D-01   0.0000D+00   0.0000D+00   0.0000D+00   0.4818D+00   0.0000D+00   0.9049D-01   0.0000D+00   0.1020D+00   0.0000D+00
   0.0000D+00   0.0000D+00   0.0000D+00   0.0000D+00   0.0000D+00   0.0000D+00   0.0000D+00   0.0000D+00
  -0.9399D+01   0.2506D+01  -0.1768D+02   0.1493D+01   0.1108D+01  -0.1825D+01  -0.1991D+02  -0.1650D+00  -0.9399D+01   0.2506D+01  -0.1768D+02   0.1493D+01
   0.7838D+00  -0.1240D-01   0.1467D+00  -0.5644D-02   0.1269D+00  -0.4592D-01   0.3233D+00   0.0000D+00   0.8256D-01   0.5842D-02   0.4615D-02   0.1912D-01   0.7838D+00  -0.1240D-01   0.1467D+00  -0.5644D-02   0.1269D+00  -0.4592D-01
  -0.4260D-03  -0.4874D-02  -0.3053D-02  -0.1002D-01  -0.4260D-03  -0.4874D-02  -0.3053D-02  -0.1002D-01
  1.000  0.500
  -0.1297D+02   0.0000D+00  -0.2168D+02   0.0000D+00   0.0000D+00   0.0000D+00  -0.2338D+02   0.0000D+00  -0.1297D+02   0.0000D+00  -0.2168D+02   0.0000D+00
   0.5016D+00   0.0000D+00   0.9385D-01   0.0000D+00   0.1040D+00   0.0000D+00   0.2210D+00   0.0000D+00   0.4912D-01   0.0000D+00   0.0000D+00   0.0000D+00   0.5016D+00   0.0000D+00   0.9385D-01   0.0000D+00   0.1040D+00   0.0000D+00
   0.0000D+00   0.0000D+00   0.0000D+00   0.0000D+00   0.0000D+00   0.0000D+00   0.0000D+00   0.0000D+00
  -0.8335D+01   0.3934D+01  -0.1665D+02   0.2341D+01   0.1882D+01  -0.2876D+01  -0.2009D+02  -0.2603D+00  -0.8335D+01   0.3934D+01  -0.1665D+02   0.2341D+01
   0.8240D+00  -0.1563D-01   0.1528D+00  -0.7120D-02   0.1231D+00  -0.5798D-01   0.3333D+00   0.0000D+00   0.8695D-01   0.7411D-02   0.5897D-02   0.2425D-01   0.8240D+00  -0.1563D-01   0.1528D+00  -0.7120D-02   0.1231D+00  -0.5798D-01
  -0.5550D-03  -0.6278D-02  -0.3970D-02  -0.1267D-01  -0.5550D-03  -0.6278D-02  -0.3970D-02  -0.1267D-01
  1.000  1.000
  -0.1164D+02   0.0000D+00  -0.1945D+02   0.0000D+00   0.0000D+00   0.0000D+00  -0.2098D+02   0.0000D+00  -0.1164D+02   0.0000D+00  -0.1945D+02   0.0000D+00
   0.5016D+00   0.0000D+00   0.9385D-01   0.0000D+00   0.1040D+00   0.0000D+00   0.2210D+00   0.0000D+00   0.4912D-01   0.0000D+00   0.0000D+00   0.0000D+00   0.5016D+00   0.0000D+00   0.9385D-01   0.0000D+00   0.1040D+00   0.0000D+00
   0.0000D+00   0.0000D+00   0.0000D+00   0.0000D+00   0.0000D+00   0.0000D+00   0.0000D+00   0.0000D+00
  -0.9051D+01   0.3168D+01  -0.1732D+02   0.1885D+01   0.1515D+01  -0.2316D+01  -0.2040D+02  -0.2096D+00  -0.9051D+01   0.3168D+01  -0.1732D+02   0.1885D+01
   0.7883D+00  -0.1403D-01   0.1464D+00  -0.6390D-02   0.1201D+00  -0.5203D-01   0.3216D+00   0.0000D+00   0.8297D-01   0.6651D-02   0.5342D-02   0.2177D-01   0.7883D+00  -0.1403D-01   0.1464D+00  -0.6390D-02   0.1201D+00  -0.5203D-01
  -0.4979D-03  -0.5634D-02  -0.3562D-02  -0.1137D-01  -0.4979D-03  -0.5634D-02  -0.3562D-02  -0.1137D-01
  1.000  2.000
  -0.1056D+02   0.0000D+00  -0.1765D+02   0.0000D+00   0.0000D+00   0.0000D+00  -0.1904D+02   0.0000D+00  -0.1056D+02   0.0000D+00  -0.1765D+02   0.0000D+00
   0.5016D+00   0.0000D+00   0.9385D-01   0.0000D+00   0.1040D+00   0.0000D+00   0.2210D+00   0.0000D+00   0.4912D-01   0.0000D+00   0.0000D+00   0.0000D+00   0.5016D+00   0.0000D+00   0.9385D-01   0.0000D+00   0.1040D+00   0.0000D+00
   0.0000D+00   0.0000D+00   0.0000D+00   0.0000D+00   0.0000D+00   0.0000D+00   0.0000D+00   0.0000D+00
  -0.9375D+01   0.2608D+01  -0.1748D+02   0.1552D+01   0.1247D+01  -0.1907D+01  -0.2026D+02  -0.1726D+00  -0.9375D+01   0.2608D+01  -0.1748D+02   0.1552D+01
   0.7637D+00  -0.1273D-01   0.1418D+00  -0.5798D-02   0.1191D+00  -0.4722D-01   0.3129D+00   0.0000D+00   0.8001D-01   0.6036D-02   0.4877D-02   0.1975D-01   0.7637D+00  -0.1273D-01   0.1418D+00  -0.5798D-02   0.1191D+00  -0.4722D-01
  -0.4517D-03  -0.5113D-02  -0.3232D-02  -0.1032D-01  -0.4517D-03  -0.5113D-02  -0.3232D-02  -0.1032D-01
  2.000  0.500
  -0.1330D+02   0.0000D+00  -0.2241D+02   0.0000D+00   0.0000D+00   0.0000D+00  -0.2387D+02   0.0000D+00  -0.1330D+02   0.0000D+00  -0.2241D+02   0.0000D+00
   0.5193D+00   0.0000D+00   0.9708D-01   0.0000D+00   0.1059D+00   0.0000D+00   0.2307D+00   0.0000D+00   0.5126D-01   0.0000D+00   0.0000D+00   0.0000D+00   0.5193D+00   0.0000D+00   0.9708D-01   0.0000D+00   0.1059D+00   0.0000D+00
   0.0000D+00   0.0000D+00   0.0000D+00   0.0000D+00   0.0000D+00   0.0000D+00   0.0000D+00   0.0000D+00
  -0.8231D+01   0.4037D+01  -0.1681D+02   0.2411D+01   0.2001D+01  -0.2934D+01  -0.2032D+02  -0.2627D+00  -0.8231D+01   0.4037D+01  -0.1681D+02   0.2411D+01
   0.7730D+00  -0.1597D-01   0.1439D+00  -0.7310D-02   0.1088D+00  -0.6101D-01   0.3221D+00   0.0000D+00   0.8353D-01   0.7669D-02   0.5188D-02   0.2510D-01   0.7730D+00  -0.1597D-01   0.1439D+00  -0.7310D-02   0.1088D+00  -0.6101D-01
  -0.5865D-03  -0.6509D-02  -0.4151D-02  -0.1323D-01  -0.5865D-03  -0.6509D-02  -0.4151D-02  -0.1323D-01
  2.000  1.000
  -0.1194D+02   0.0000D+00  -0.2011D+02   0.0000D+00   0.0000D+00   0.0000D+00  -0.2142D+02   0.0000D+00  -0.1194D+02   0.0000D+00  -0.2011D+02   0.0000D+00
   0.5193D+00   0.0000D+00   0.9708D-01   0.0000D+00   0.1059D+00   0.0000D+00   0.2307D+00   0.0000D+00   0.5126D-01   0.0000D+00   0.0000D+00   0.0000D+00   0.5193D+00   0.0000D+00   0.9708D-01   0.0000D+00   0.1059D+00   0.0000D+00
   0.0000D+00   0.0000D+00   0.0000D+00   0.0000D+00   0.0000D+00   0.0000D+00   0.0000D+00   0.0000D+00
  -0.9114D+01   0.3251D+01  -0.1767D+02   0.1942D+01   0.1609D+01  -0.2363D+01  -0.2075D+02  -0.2115D+00  -0.9114D+01   0.3251D+01  -0.1767D+02   0.1942D+01
   0.7995D+00  -0.1433D-01   0.1478D+00  -0.6561D-02   0.1233D+00  -0.5476D-01   0.3246D+00   0.0000D+00   0.8366D-01   0.6883D-02   0.5026D-02   0.2253D-01   0.7995D+00  -0.1433D-01   0.1478D+00  -0.6561D-02   0.1233D+00  -0.5476D-01
  -0.5262D-03  -0.5841D-02  -0.3725D-02  -0.1187D-01  -0.5262D-03  -0.5841D-02  -0.3725D-02  -0.1187D-01
  2.000  2.000
  -0.1083D+02   0.0000D+00  -0.1825D+02   0.0000D+00   0.0000D+00   0.0000D+00  -0.1944D+02   0.0000D+00  -0.1083D+02   0.0000D+00  -0.1825D+02   0.0000D+00
   0.5193D+00   0.0000D+00   0.9708D-01   0.0000D+00   0.1059D+00   0.0000D+00   0.2307D+00   0.0000D+00   0.5126D-01   0.0000D+00   0.0000D+00   0.0000D+00   0.5193D+00   0.0000D+00   0.9708D-01   0.0000D+00   0.1059D+00   0.0000D+00
   0.0000D+00   0.0000D+00   0.0000D+00   0.0000D+00   0.0000D+00   0.0000D+00   0.0000D+00   0.0000D+00
  -0.9444D+01   0.2677D+01  -0.1784D+02   0.1599D+01   0.1324D+01  -0.1945D+01  -0.2059D+02  -0.1742D+00  -0.9444D+01   0.2677D+01  -0.1784D+02   0.1599D+01
   0.7531D+00  -0.1301D-01   0.1398D+00  -0.5953D-02   0.1158D+00  -0.4969D-01   0.3115D+00   0.0000D+00   0.7938D-01   0.6246D-02   0.4448D-02   0.2044D-01   0.7531D+00  -0.1301D-01   0.1398D+00  -0.5953D-02   0.1158D+00  -0.4969D-01
  -0.4774D-03  -0.5301D-02  -0.3380D-02  -0.1078D-01  -0.4774D-03  -0.5301D-02  -0.3380D-02  -0.1078D-01
