 LHC=           1 sqrts=   8000.0000000000000      ang=           4 mode=fital                                                                                               scalescheme=           1 R=  0.69999999999999996     
 NNPDF23_nlo_as_0118                                                                                           11
 Bin information: chid, chiu, md, mu, mu0
   0.0000000000000000       0.50000000000000000        97.000000000000000        114.00000000000000        105.50000000000000     
 9 scales(muf, mur)*(LO(38), NLO(38))
  0.500  0.500
  -0.1242D+02   0.0000D+00  -0.1996D+02   0.0000D+00   0.0000D+00   0.0000D+00  -0.2129D+02   0.0000D+00  -0.1242D+02   0.0000D+00  -0.1996D+02   0.0000D+00
   0.4619D+00   0.0000D+00   0.8646D-01   0.0000D+00   0.9960D-01   0.0000D+00   0.2056D+00   0.0000D+00   0.4568D-01   0.0000D+00   0.0000D+00   0.0000D+00   0.4619D+00   0.0000D+00   0.8646D-01   0.0000D+00   0.9960D-01   0.0000D+00
   0.0000D+00   0.0000D+00   0.0000D+00   0.0000D+00   0.0000D+00   0.0000D+00   0.0000D+00   0.0000D+00
  -0.8352D+01   0.3582D+01  -0.1618D+02   0.2143D+01   0.1604D+01  -0.2608D+01  -0.1872D+02  -0.2347D+00  -0.8352D+01   0.3582D+01  -0.1618D+02   0.2143D+01
   0.8295D+00  -0.1486D-01   0.1544D+00  -0.6679D-02   0.1318D+00  -0.5402D-01   0.3367D+00   0.0000D+00   0.8726D-01   0.6838D-02   0.5170D-02   0.2238D-01   0.8295D+00  -0.1486D-01   0.1544D+00  -0.6679D-02   0.1318D+00  -0.5402D-01
  -0.5050D-03  -0.5781D-02  -0.3519D-02  -0.1175D-01  -0.5050D-03  -0.5781D-02  -0.3519D-02  -0.1175D-01
  0.500  1.000
  -0.1115D+02   0.0000D+00  -0.1791D+02   0.0000D+00   0.0000D+00   0.0000D+00  -0.1911D+02   0.0000D+00  -0.1115D+02   0.0000D+00  -0.1791D+02   0.0000D+00
   0.4619D+00   0.0000D+00   0.8646D-01   0.0000D+00   0.9960D-01   0.0000D+00   0.2056D+00   0.0000D+00   0.4568D-01   0.0000D+00   0.0000D+00   0.0000D+00   0.4619D+00   0.0000D+00   0.8646D-01   0.0000D+00   0.9960D-01   0.0000D+00
   0.0000D+00   0.0000D+00   0.0000D+00   0.0000D+00   0.0000D+00   0.0000D+00   0.0000D+00   0.0000D+00
  -0.8976D+01   0.2885D+01  -0.1664D+02   0.1726D+01   0.1291D+01  -0.2101D+01  -0.1893D+02  -0.1890D+00  -0.8976D+01   0.2885D+01  -0.1664D+02   0.1726D+01
   0.7956D+00  -0.1334D-01   0.1481D+00  -0.5995D-02   0.1294D+00  -0.4849D-01   0.3244D+00   0.0000D+00   0.8331D-01   0.6138D-02   0.4696D-02   0.2009D-01   0.7956D+00  -0.1334D-01   0.1481D+00  -0.5995D-02   0.1294D+00  -0.4849D-01
  -0.4531D-03  -0.5188D-02  -0.3158D-02  -0.1054D-01  -0.4531D-03  -0.5188D-02  -0.3158D-02  -0.1054D-01
  0.500  2.000
  -0.1014D+02   0.0000D+00  -0.1629D+02   0.0000D+00   0.0000D+00   0.0000D+00  -0.1738D+02   0.0000D+00  -0.1014D+02   0.0000D+00  -0.1629D+02   0.0000D+00
   0.4619D+00   0.0000D+00   0.8646D-01   0.0000D+00   0.9960D-01   0.0000D+00   0.2056D+00   0.0000D+00   0.4568D-01   0.0000D+00   0.0000D+00   0.0000D+00   0.4619D+00   0.0000D+00   0.8646D-01   0.0000D+00   0.9960D-01   0.0000D+00
   0.0000D+00   0.0000D+00   0.0000D+00   0.0000D+00   0.0000D+00   0.0000D+00   0.0000D+00   0.0000D+00
  -0.9257D+01   0.2386D+01  -0.1671D+02   0.1428D+01   0.1067D+01  -0.1737D+01  -0.1880D+02  -0.1563D+00  -0.9257D+01   0.2386D+01  -0.1671D+02   0.1428D+01
   0.7680D+00  -0.1213D-01   0.1430D+00  -0.5452D-02   0.1273D+00  -0.4410D-01   0.3145D+00   0.0000D+00   0.8013D-01   0.5583D-02   0.4317D-02   0.1827D-01   0.7680D+00  -0.1213D-01   0.1430D+00  -0.5452D-02   0.1273D+00  -0.4410D-01
  -0.4118D-03  -0.4719D-02  -0.2872D-02  -0.9590D-02  -0.4118D-03  -0.4719D-02  -0.2872D-02  -0.9590D-02
  1.000  0.500
  -0.1273D+02   0.0000D+00  -0.2072D+02   0.0000D+00   0.0000D+00   0.0000D+00  -0.2233D+02   0.0000D+00  -0.1273D+02   0.0000D+00  -0.2072D+02   0.0000D+00
   0.4841D+00   0.0000D+00   0.9030D-01   0.0000D+00   0.1019D+00   0.0000D+00   0.2122D+00   0.0000D+00   0.4716D-01   0.0000D+00   0.0000D+00   0.0000D+00   0.4841D+00   0.0000D+00   0.9030D-01   0.0000D+00   0.1019D+00   0.0000D+00
   0.0000D+00   0.0000D+00   0.0000D+00   0.0000D+00   0.0000D+00   0.0000D+00   0.0000D+00   0.0000D+00
  -0.8181D+01   0.3760D+01  -0.1561D+02   0.2246D+01   0.1819D+01  -0.2747D+01  -0.1885D+02  -0.2474D+00  -0.8181D+01   0.3760D+01  -0.1561D+02   0.2246D+01
   0.8003D+00  -0.1531D-01   0.1479D+00  -0.6902D-02   0.1213D+00  -0.5590D-01   0.3232D+00   0.0000D+00   0.8401D-01   0.7115D-02   0.5550D-02   0.2329D-01   0.8003D+00  -0.1531D-01   0.1479D+00  -0.6902D-02   0.1213D+00  -0.5590D-01
  -0.5383D-03  -0.6096D-02  -0.3763D-02  -0.1217D-01  -0.5383D-03  -0.6096D-02  -0.3763D-02  -0.1217D-01
  1.000  1.000
  -0.1142D+02   0.0000D+00  -0.1860D+02   0.0000D+00   0.0000D+00   0.0000D+00  -0.2004D+02   0.0000D+00  -0.1142D+02   0.0000D+00  -0.1860D+02   0.0000D+00
   0.4841D+00   0.0000D+00   0.9030D-01   0.0000D+00   0.1019D+00   0.0000D+00   0.2122D+00   0.0000D+00   0.4716D-01   0.0000D+00   0.0000D+00   0.0000D+00   0.4841D+00   0.0000D+00   0.9030D-01   0.0000D+00   0.1019D+00   0.0000D+00
   0.0000D+00   0.0000D+00   0.0000D+00   0.0000D+00   0.0000D+00   0.0000D+00   0.0000D+00   0.0000D+00
  -0.8890D+01   0.3029D+01  -0.1632D+02   0.1809D+01   0.1464D+01  -0.2213D+01  -0.1922D+02  -0.1993D+00  -0.8890D+01   0.3029D+01  -0.1632D+02   0.1809D+01
   0.7695D+00  -0.1375D-01   0.1423D+00  -0.6195D-02   0.1196D+00  -0.5018D-01   0.3124D+00   0.0000D+00   0.8041D-01   0.6386D-02   0.5035D-02   0.2090D-01   0.7695D+00  -0.1375D-01   0.1423D+00  -0.6195D-02   0.1196D+00  -0.5018D-01
  -0.4830D-03  -0.5472D-02  -0.3378D-02  -0.1093D-01  -0.4830D-03  -0.5472D-02  -0.3378D-02  -0.1093D-01
  1.000  2.000
  -0.1039D+02   0.0000D+00  -0.1691D+02   0.0000D+00   0.0000D+00   0.0000D+00  -0.1823D+02   0.0000D+00  -0.1039D+02   0.0000D+00  -0.1691D+02   0.0000D+00
   0.4841D+00   0.0000D+00   0.9030D-01   0.0000D+00   0.1019D+00   0.0000D+00   0.2122D+00   0.0000D+00   0.4716D-01   0.0000D+00   0.0000D+00   0.0000D+00   0.4841D+00   0.0000D+00   0.9030D-01   0.0000D+00   0.1019D+00   0.0000D+00
   0.0000D+00   0.0000D+00   0.0000D+00   0.0000D+00   0.0000D+00   0.0000D+00   0.0000D+00   0.0000D+00
  -0.9233D+01   0.2505D+01  -0.1656D+02   0.1496D+01   0.1210D+01  -0.1830D+01  -0.1919D+02  -0.1648D+00  -0.9233D+01   0.2505D+01  -0.1656D+02   0.1496D+01
   0.7489D+00  -0.1250D-01   0.1385D+00  -0.5634D-02   0.1194D+00  -0.4564D-01   0.3048D+00   0.0000D+00   0.7779D-01   0.5808D-02   0.4624D-02   0.1901D-01   0.7489D+00  -0.1250D-01   0.1385D+00  -0.5634D-02   0.1194D+00  -0.4564D-01
  -0.4391D-03  -0.4977D-02  -0.3071D-02  -0.9939D-02  -0.4391D-03  -0.4977D-02  -0.3071D-02  -0.9939D-02
  2.000  0.500
  -0.1310D+02   0.0000D+00  -0.2156D+02   0.0000D+00   0.0000D+00   0.0000D+00  -0.2294D+02   0.0000D+00  -0.1310D+02   0.0000D+00  -0.2156D+02   0.0000D+00
   0.5038D+00   0.0000D+00   0.9394D-01   0.0000D+00   0.1042D+00   0.0000D+00   0.2228D+00   0.0000D+00   0.4951D-01   0.0000D+00   0.0000D+00   0.0000D+00   0.5038D+00   0.0000D+00   0.9394D-01   0.0000D+00   0.1042D+00   0.0000D+00
   0.0000D+00   0.0000D+00   0.0000D+00   0.0000D+00   0.0000D+00   0.0000D+00   0.0000D+00   0.0000D+00
  -0.8133D+01   0.3884D+01  -0.1584D+02   0.2326D+01   0.1943D+01  -0.2820D+01  -0.1916D+02  -0.2511D+00  -0.8133D+01   0.3884D+01  -0.1584D+02   0.2326D+01
   0.7898D+00  -0.1570D-01   0.1457D+00  -0.7118D-02   0.1183D+00  -0.5915D-01   0.3208D+00   0.0000D+00   0.8327D-01   0.7406D-02   0.5099D-02   0.2424D-01   0.7898D+00  -0.1570D-01   0.1457D+00  -0.7118D-02   0.1183D+00  -0.5915D-01
  -0.5714D-03  -0.6352D-02  -0.3966D-02  -0.1279D-01  -0.5714D-03  -0.6352D-02  -0.3966D-02  -0.1279D-01
  2.000  1.000
  -0.1176D+02   0.0000D+00  -0.1935D+02   0.0000D+00   0.0000D+00   0.0000D+00  -0.2059D+02   0.0000D+00  -0.1176D+02   0.0000D+00  -0.1935D+02   0.0000D+00
   0.5038D+00   0.0000D+00   0.9394D-01   0.0000D+00   0.1042D+00   0.0000D+00   0.2228D+00   0.0000D+00   0.4951D-01   0.0000D+00   0.0000D+00   0.0000D+00   0.5038D+00   0.0000D+00   0.9394D-01   0.0000D+00   0.1042D+00   0.0000D+00
   0.0000D+00   0.0000D+00   0.0000D+00   0.0000D+00   0.0000D+00   0.0000D+00   0.0000D+00   0.0000D+00
  -0.8908D+01   0.3128D+01  -0.1664D+02   0.1874D+01   0.1564D+01  -0.2271D+01  -0.1956D+02  -0.2023D+00  -0.8908D+01   0.3128D+01  -0.1664D+02   0.1874D+01
   0.7568D+00  -0.1409D-01   0.1399D+00  -0.6389D-02   0.1157D+00  -0.5309D-01   0.3102D+00   0.0000D+00   0.7963D-01   0.6647D-02   0.4580D-02   0.2176D-01   0.7568D+00  -0.1409D-01   0.1399D+00  -0.6389D-02   0.1157D+00  -0.5309D-01
  -0.5127D-03  -0.5702D-02  -0.3559D-02  -0.1148D-01  -0.5127D-03  -0.5702D-02  -0.3559D-02  -0.1148D-01
  2.000  2.000
  -0.1069D+02   0.0000D+00  -0.1760D+02   0.0000D+00   0.0000D+00   0.0000D+00  -0.1872D+02   0.0000D+00  -0.1069D+02   0.0000D+00  -0.1760D+02   0.0000D+00
   0.5038D+00   0.0000D+00   0.9394D-01   0.0000D+00   0.1042D+00   0.0000D+00   0.2228D+00   0.0000D+00   0.4951D-01   0.0000D+00   0.0000D+00   0.0000D+00   0.5038D+00   0.0000D+00   0.9394D-01   0.0000D+00   0.1042D+00   0.0000D+00
   0.0000D+00   0.0000D+00   0.0000D+00   0.0000D+00   0.0000D+00   0.0000D+00   0.0000D+00   0.0000D+00
  -0.9291D+01   0.2587D+01  -0.1694D+02   0.1550D+01   0.1292D+01  -0.1878D+01  -0.1956D+02  -0.1673D+00  -0.9291D+01   0.2587D+01  -0.1694D+02   0.1550D+01
   0.7300D+00  -0.1281D-01   0.1351D+00  -0.5811D-02   0.1134D+00  -0.4829D-01   0.3016D+00   0.0000D+00   0.7669D-01   0.6046D-02   0.4154D-02   0.1979D-01   0.7300D+00  -0.1281D-01   0.1351D+00  -0.5811D-02   0.1134D+00  -0.4829D-01
  -0.4660D-03  -0.5186D-02  -0.3236D-02  -0.1044D-01  -0.4660D-03  -0.5186D-02  -0.3236D-02  -0.1044D-01
