 LHC=           1 sqrts=   8000.0000000000000      ang=           4 mode=fital                                                                                               scalescheme=           1 R=  0.69999999999999996     
 NNPDF23_nlo_as_0118                                                                                           11
 Bin information: chid, chiu, md, mu, mu0
   0.0000000000000000       0.50000000000000000        468.00000000000000        507.00000000000000        487.50000000000000     
 9 scales(muf, mur)*(LO(38), NLO(38))
  0.500  0.500
  -0.9128D+00   0.0000D+00  -0.8730D+00   0.0000D+00   0.0000D+00   0.0000D+00  -0.6990D+00   0.0000D+00  -0.9128D+00   0.0000D+00  -0.8730D+00   0.0000D+00
   0.5796D+00   0.0000D+00   0.9841D-01   0.0000D+00   0.1820D+00   0.0000D+00   0.1790D+00   0.0000D+00   0.3978D-01   0.0000D+00   0.0000D+00   0.0000D+00   0.5796D+00   0.0000D+00   0.9841D-01   0.0000D+00   0.1820D+00   0.0000D+00
   0.0000D+00   0.0000D+00   0.0000D+00   0.0000D+00   0.0000D+00   0.0000D+00   0.0000D+00   0.0000D+00
  -0.6816D+00   0.1206D+00  -0.7527D+00   0.7152D-01   0.7290D-01  -0.6891D-01  -0.6428D+00   0.5598D-02  -0.6816D+00   0.1206D+00  -0.7527D+00   0.7152D-01
   0.5101D+00  -0.2194D-01   0.8889D-01  -0.7604D-02   0.1054D+00  -0.5265D-01   0.1676D+00   0.0000D+00   0.4160D-01   0.4794D-02  -0.2858D-02   0.1569D-01   0.5101D+00  -0.2194D-01   0.8889D-01  -0.7604D-02   0.1054D+00  -0.5265D-01
  -0.1868D-02  -0.6732D-02  -0.3847D-02  -0.9438D-02  -0.1868D-02  -0.6732D-02  -0.3847D-02  -0.9438D-02
  0.500  1.000
  -0.8435D+00   0.0000D+00  -0.8067D+00   0.0000D+00   0.0000D+00   0.0000D+00  -0.6460D+00   0.0000D+00  -0.8435D+00   0.0000D+00  -0.8067D+00   0.0000D+00
   0.5796D+00   0.0000D+00   0.9841D-01   0.0000D+00   0.1820D+00   0.0000D+00   0.1790D+00   0.0000D+00   0.3978D-01   0.0000D+00   0.0000D+00   0.0000D+00   0.5796D+00   0.0000D+00   0.9841D-01   0.0000D+00   0.1820D+00   0.0000D+00
   0.0000D+00   0.0000D+00   0.0000D+00   0.0000D+00   0.0000D+00   0.0000D+00   0.0000D+00   0.0000D+00
  -0.7144D+00   0.1030D+00  -0.7694D+00   0.6108D-01   0.6226D-01  -0.5885D-01  -0.6503D+00   0.4781D-02  -0.7144D+00   0.1030D+00  -0.7694D+00   0.6108D-01
   0.5155D+00  -0.2027D-01   0.8963D-01  -0.7027D-02   0.1113D+00  -0.4866D-01   0.1685D+00   0.0000D+00   0.4148D-01   0.4430D-02  -0.2641D-02   0.1450D-01   0.5155D+00  -0.2027D-01   0.8963D-01  -0.7027D-02   0.1113D+00  -0.4866D-01
  -0.1726D-02  -0.6221D-02  -0.3555D-02  -0.8722D-02  -0.1726D-02  -0.6221D-02  -0.3555D-02  -0.8722D-02
  0.500  2.000
  -0.7841D+00   0.0000D+00  -0.7499D+00   0.0000D+00   0.0000D+00   0.0000D+00  -0.6005D+00   0.0000D+00  -0.7841D+00   0.0000D+00  -0.7499D+00   0.0000D+00
   0.5796D+00   0.0000D+00   0.9841D-01   0.0000D+00   0.1820D+00   0.0000D+00   0.1790D+00   0.0000D+00   0.3978D-01   0.0000D+00   0.0000D+00   0.0000D+00   0.5796D+00   0.0000D+00   0.9841D-01   0.0000D+00   0.1820D+00   0.0000D+00
   0.0000D+00   0.0000D+00   0.0000D+00   0.0000D+00   0.0000D+00   0.0000D+00   0.0000D+00   0.0000D+00
  -0.7315D+00   0.8898D-01  -0.7741D+00   0.5278D-01   0.5380D-01  -0.5086D-01  -0.6494D+00   0.4132D-02  -0.7315D+00   0.8898D-01  -0.7741D+00   0.5278D-01
   0.5202D+00  -0.1885D-01   0.9027D-01  -0.6532D-02   0.1163D+00  -0.4523D-01   0.1693D+00   0.0000D+00   0.4136D-01   0.4118D-02  -0.2455D-02   0.1348D-01   0.5202D+00  -0.1885D-01   0.9027D-01  -0.6532D-02   0.1163D+00  -0.4523D-01
  -0.1605D-02  -0.5783D-02  -0.3304D-02  -0.8108D-02  -0.1605D-02  -0.5783D-02  -0.3304D-02  -0.8108D-02
  1.000  0.500
  -0.8545D+00   0.0000D+00  -0.8156D+00   0.0000D+00   0.0000D+00   0.0000D+00  -0.6539D+00   0.0000D+00  -0.8545D+00   0.0000D+00  -0.8156D+00   0.0000D+00
   0.5436D+00   0.0000D+00   0.9205D-01   0.0000D+00   0.1703D+00   0.0000D+00   0.1672D+00   0.0000D+00   0.3716D-01   0.0000D+00   0.0000D+00   0.0000D+00   0.5436D+00   0.0000D+00   0.9205D-01   0.0000D+00   0.1703D+00   0.0000D+00
   0.0000D+00   0.0000D+00   0.0000D+00   0.0000D+00   0.0000D+00   0.0000D+00   0.0000D+00   0.0000D+00
  -0.6926D+00   0.1129D+00  -0.7553D+00   0.6705D-01   0.6937D-01  -0.6445D-01  -0.6439D+00   0.5364D-02  -0.6926D+00   0.1129D+00  -0.7553D+00   0.6705D-01
   0.5104D+00  -0.2052D-01   0.8857D-01  -0.7103D-02   0.1086D+00  -0.4918D-01   0.1662D+00   0.0000D+00   0.4118D-01   0.4474D-02  -0.2642D-02   0.1464D-01   0.5104D+00  -0.2052D-01   0.8857D-01  -0.7103D-02   0.1086D+00  -0.4918D-01
  -0.1757D-02  -0.6323D-02  -0.3608D-02  -0.8838D-02  -0.1757D-02  -0.6323D-02  -0.3608D-02  -0.8838D-02
  1.000  1.000
  -0.7897D+00   0.0000D+00  -0.7537D+00   0.0000D+00   0.0000D+00   0.0000D+00  -0.6043D+00   0.0000D+00  -0.7897D+00   0.0000D+00  -0.7537D+00   0.0000D+00
   0.5436D+00   0.0000D+00   0.9205D-01   0.0000D+00   0.1703D+00   0.0000D+00   0.1672D+00   0.0000D+00   0.3716D-01   0.0000D+00   0.0000D+00   0.0000D+00   0.5436D+00   0.0000D+00   0.9205D-01   0.0000D+00   0.1703D+00   0.0000D+00
   0.0000D+00   0.0000D+00   0.0000D+00   0.0000D+00   0.0000D+00   0.0000D+00   0.0000D+00   0.0000D+00
  -0.7154D+00   0.9643D-01  -0.7633D+00   0.5726D-01   0.5924D-01  -0.5504D-01  -0.6447D+00   0.4581D-02  -0.7154D+00   0.9643D-01  -0.7633D+00   0.5726D-01
   0.5131D+00  -0.1897D-01   0.8886D-01  -0.6564D-02   0.1134D+00  -0.4545D-01   0.1663D+00   0.0000D+00   0.4088D-01   0.4135D-02  -0.2441D-02   0.1353D-01   0.5131D+00  -0.1897D-01   0.8886D-01  -0.6564D-02   0.1134D+00  -0.4545D-01
  -0.1624D-02  -0.5843D-02  -0.3334D-02  -0.8168D-02  -0.1624D-02  -0.5843D-02  -0.3334D-02  -0.8168D-02
  1.000  2.000
  -0.7341D+00   0.0000D+00  -0.7007D+00   0.0000D+00   0.0000D+00   0.0000D+00  -0.5618D+00   0.0000D+00  -0.7341D+00   0.0000D+00  -0.7007D+00   0.0000D+00
   0.5436D+00   0.0000D+00   0.9205D-01   0.0000D+00   0.1703D+00   0.0000D+00   0.1672D+00   0.0000D+00   0.3716D-01   0.0000D+00   0.0000D+00   0.0000D+00   0.5436D+00   0.0000D+00   0.9205D-01   0.0000D+00   0.1703D+00   0.0000D+00
   0.0000D+00   0.0000D+00   0.0000D+00   0.0000D+00   0.0000D+00   0.0000D+00   0.0000D+00   0.0000D+00
  -0.7251D+00   0.8333D-01  -0.7616D+00   0.4948D-01   0.5119D-01  -0.4757D-01  -0.6389D+00   0.3959D-02  -0.7251D+00   0.8333D-01  -0.7616D+00   0.4948D-01
   0.5153D+00  -0.1763D-01   0.8910D-01  -0.6102D-02   0.1174D+00  -0.4225D-01   0.1664D+00   0.0000D+00   0.4063D-01   0.3844D-02  -0.2269D-02   0.1258D-01   0.5153D+00  -0.1763D-01   0.8910D-01  -0.6102D-02   0.1174D+00  -0.4225D-01
  -0.1510D-02  -0.5432D-02  -0.3099D-02  -0.7593D-02  -0.1510D-02  -0.5432D-02  -0.3099D-02  -0.7593D-02
  2.000  0.500
  -0.8018D+00   0.0000D+00  -0.7668D+00   0.0000D+00   0.0000D+00   0.0000D+00  -0.6125D+00   0.0000D+00  -0.8018D+00   0.0000D+00  -0.7668D+00   0.0000D+00
   0.5106D+00   0.0000D+00   0.8643D-01   0.0000D+00   0.1596D+00   0.0000D+00   0.1562D+00   0.0000D+00   0.3471D-01   0.0000D+00   0.0000D+00   0.0000D+00   0.5106D+00   0.0000D+00   0.8643D-01   0.0000D+00   0.1596D+00   0.0000D+00
   0.0000D+00   0.0000D+00   0.0000D+00   0.0000D+00   0.0000D+00   0.0000D+00   0.0000D+00   0.0000D+00
  -0.7066D+00   0.1063D+00  -0.7617D+00   0.6306D-01   0.6450D-01  -0.6046D-01  -0.6472D+00   0.5177D-02  -0.7066D+00   0.1063D+00  -0.7617D+00   0.6306D-01
   0.5124D+00  -0.1924D-01   0.8894D-01  -0.6672D-02   0.1121D+00  -0.4616D-01   0.1663D+00   0.0000D+00   0.4090D-01   0.4180D-02  -0.2694D-02   0.1368D-01   0.5124D+00  -0.1924D-01   0.8894D-01  -0.6672D-02   0.1121D+00  -0.4616D-01
  -0.1658D-02  -0.5953D-02  -0.3395D-02  -0.8297D-02  -0.1658D-02  -0.5953D-02  -0.3395D-02  -0.8297D-02
  2.000  1.000
  -0.7410D+00   0.0000D+00  -0.7086D+00   0.0000D+00   0.0000D+00   0.0000D+00  -0.5660D+00   0.0000D+00  -0.7410D+00   0.0000D+00  -0.7086D+00   0.0000D+00
   0.5106D+00   0.0000D+00   0.8643D-01   0.0000D+00   0.1596D+00   0.0000D+00   0.1562D+00   0.0000D+00   0.3471D-01   0.0000D+00   0.0000D+00   0.0000D+00   0.5106D+00   0.0000D+00   0.8643D-01   0.0000D+00   0.1596D+00   0.0000D+00
   0.0000D+00   0.0000D+00   0.0000D+00   0.0000D+00   0.0000D+00   0.0000D+00   0.0000D+00   0.0000D+00
  -0.7195D+00   0.9076D-01  -0.7615D+00   0.5385D-01   0.5507D-01  -0.5163D-01  -0.6415D+00   0.4421D-02  -0.7195D+00   0.9076D-01  -0.7615D+00   0.5385D-01
   0.5121D+00  -0.1778D-01   0.8873D-01  -0.6165D-02   0.1156D+00  -0.4266D-01   0.1655D+00   0.0000D+00   0.4043D-01   0.3863D-02  -0.2488D-02   0.1264D-01   0.5121D+00  -0.1778D-01   0.8873D-01  -0.6165D-02   0.1156D+00  -0.4266D-01
  -0.1532D-02  -0.5502D-02  -0.3137D-02  -0.7667D-02  -0.1532D-02  -0.5502D-02  -0.3137D-02  -0.7667D-02
  2.000  2.000
  -0.6888D+00   0.0000D+00  -0.6588D+00   0.0000D+00   0.0000D+00   0.0000D+00  -0.5262D+00   0.0000D+00  -0.6888D+00   0.0000D+00  -0.6588D+00   0.0000D+00
   0.5106D+00   0.0000D+00   0.8643D-01   0.0000D+00   0.1596D+00   0.0000D+00   0.1562D+00   0.0000D+00   0.3471D-01   0.0000D+00   0.0000D+00   0.0000D+00   0.5106D+00   0.0000D+00   0.8643D-01   0.0000D+00   0.1596D+00   0.0000D+00
   0.0000D+00   0.0000D+00   0.0000D+00   0.0000D+00   0.0000D+00   0.0000D+00   0.0000D+00   0.0000D+00
  -0.7221D+00   0.7843D-01  -0.7540D+00   0.4654D-01   0.4759D-01  -0.4462D-01  -0.6310D+00   0.3821D-02  -0.7221D+00   0.7843D-01  -0.7540D+00   0.4654D-01
   0.5121D+00  -0.1653D-01   0.8859D-01  -0.5731D-02   0.1188D+00  -0.3966D-01   0.1649D+00   0.0000D+00   0.4003D-01   0.3591D-02  -0.2313D-02   0.1175D-01   0.5121D+00  -0.1653D-01   0.8859D-01  -0.5731D-02   0.1188D+00  -0.3966D-01
  -0.1424D-02  -0.5115D-02  -0.2916D-02  -0.7128D-02  -0.1424D-02  -0.5115D-02  -0.2916D-02  -0.7128D-02
