 LHC=           1 sqrts=   8000.0000000000000      ang=           4 mode=fital                                                                                               scalescheme=           1 R=  0.69999999999999996     
 NNPDF23_nlo_as_0118                                                                                           11
 Bin information: chid, chiu, md, mu, mu0
   0.0000000000000000       0.50000000000000000        686.00000000000000        737.00000000000000        711.50000000000000     
 9 scales(muf, mur)*(LO(38), NLO(38))
  0.500  0.500
  -0.3996D+00   0.0000D+00  -0.3276D+00   0.0000D+00   0.0000D+00   0.0000D+00  -0.2179D+00   0.0000D+00  -0.3996D+00   0.0000D+00  -0.3276D+00   0.0000D+00
   0.4820D+00   0.0000D+00   0.7850D-01   0.0000D+00   0.1722D+00   0.0000D+00   0.1193D+00   0.0000D+00   0.2651D-01   0.0000D+00   0.0000D+00   0.0000D+00   0.4820D+00   0.0000D+00   0.7850D-01   0.0000D+00   0.1722D+00   0.0000D+00
   0.0000D+00   0.0000D+00   0.0000D+00   0.0000D+00   0.0000D+00   0.0000D+00   0.0000D+00   0.0000D+00
  -0.3087D+00   0.4241D-01  -0.2842D+00   0.2468D-01   0.2658D-01  -0.2057D-01  -0.1951D+00   0.4643D-02  -0.3087D+00   0.4241D-01  -0.2842D+00   0.2468D-01
   0.3861D+00  -0.1987D-01   0.6501D-01  -0.6354D-02   0.9444D-01  -0.4134D-01   0.1049D+00   0.0000D+00   0.2610D-01   0.3057D-02  -0.3321D-02   0.1000D-01   0.3861D+00  -0.1987D-01   0.6501D-01  -0.6354D-02   0.9444D-01  -0.4134D-01
  -0.1877D-02  -0.5630D-02  -0.2905D-02  -0.6713D-02  -0.1877D-02  -0.5630D-02  -0.2905D-02  -0.6713D-02
  0.500  1.000
  -0.3706D+00   0.0000D+00  -0.3038D+00   0.0000D+00   0.0000D+00   0.0000D+00  -0.2020D+00   0.0000D+00  -0.3706D+00   0.0000D+00  -0.3038D+00   0.0000D+00
   0.4820D+00   0.0000D+00   0.7850D-01   0.0000D+00   0.1722D+00   0.0000D+00   0.1193D+00   0.0000D+00   0.2651D-01   0.0000D+00   0.0000D+00   0.0000D+00   0.4820D+00   0.0000D+00   0.7850D-01   0.0000D+00   0.1722D+00   0.0000D+00
   0.0000D+00   0.0000D+00   0.0000D+00   0.0000D+00   0.0000D+00   0.0000D+00   0.0000D+00   0.0000D+00
  -0.3211D+00   0.3646D-01  -0.2901D+00   0.2122D-01   0.2286D-01  -0.1768D-01  -0.1981D+00   0.3992D-02  -0.3211D+00   0.3646D-01  -0.2901D+00   0.2122D-01
   0.3932D+00  -0.1842D-01   0.6600D-01  -0.5891D-02   0.1001D+00  -0.3834D-01   0.1059D+00   0.0000D+00   0.2614D-01   0.2834D-02  -0.3079D-02   0.9276D-02   0.3932D+00  -0.1842D-01   0.6600D-01  -0.5891D-02   0.1001D+00  -0.3834D-01
  -0.1740D-02  -0.5221D-02  -0.2693D-02  -0.6224D-02  -0.1740D-02  -0.5221D-02  -0.2693D-02  -0.6224D-02
  0.500  2.000
  -0.3455D+00   0.0000D+00  -0.2832D+00   0.0000D+00   0.0000D+00   0.0000D+00  -0.1883D+00   0.0000D+00  -0.3455D+00   0.0000D+00  -0.2832D+00   0.0000D+00
   0.4820D+00   0.0000D+00   0.7850D-01   0.0000D+00   0.1722D+00   0.0000D+00   0.1193D+00   0.0000D+00   0.2651D-01   0.0000D+00   0.0000D+00   0.0000D+00   0.4820D+00   0.0000D+00   0.7850D-01   0.0000D+00   0.1722D+00   0.0000D+00
   0.0000D+00   0.0000D+00   0.0000D+00   0.0000D+00   0.0000D+00   0.0000D+00   0.0000D+00   0.0000D+00
  -0.3275D+00   0.3169D-01  -0.2918D+00   0.1845D-01   0.1987D-01  -0.1537D-01  -0.1986D+00   0.3470D-02  -0.3275D+00   0.3169D-01  -0.2918D+00   0.1845D-01
   0.3992D+00  -0.1718D-01   0.6686D-01  -0.5492D-02   0.1050D+00  -0.3574D-01   0.1069D+00   0.0000D+00   0.2616D-01   0.2642D-02  -0.2871D-02   0.8648D-02   0.3992D+00  -0.1718D-01   0.6686D-01  -0.5492D-02   0.1050D+00  -0.3574D-01
  -0.1622D-02  -0.4867D-02  -0.2511D-02  -0.5803D-02  -0.1622D-02  -0.4867D-02  -0.2511D-02  -0.5803D-02
  1.000  0.500
  -0.3658D+00   0.0000D+00  -0.3001D+00   0.0000D+00   0.0000D+00   0.0000D+00  -0.1988D+00   0.0000D+00  -0.3658D+00   0.0000D+00  -0.3001D+00   0.0000D+00
   0.4415D+00   0.0000D+00   0.7181D-01   0.0000D+00   0.1577D+00   0.0000D+00   0.1085D+00   0.0000D+00   0.2410D-01   0.0000D+00   0.0000D+00   0.0000D+00   0.4415D+00   0.0000D+00   0.7181D-01   0.0000D+00   0.1577D+00   0.0000D+00
   0.0000D+00   0.0000D+00   0.0000D+00   0.0000D+00   0.0000D+00   0.0000D+00   0.0000D+00   0.0000D+00
  -0.3138D+00   0.3874D-01  -0.2867D+00   0.2255D-01   0.2427D-01  -0.1875D-01  -0.1974D+00   0.4298D-02  -0.3138D+00   0.3874D-01  -0.2867D+00   0.2255D-01
   0.3912D+00  -0.1817D-01   0.6571D-01  -0.5814D-02   0.9969D-01  -0.3792D-01   0.1051D+00   0.0000D+00   0.2588D-01   0.2781D-02  -0.2985D-02   0.9100D-02   0.3912D+00  -0.1817D-01   0.6571D-01  -0.5814D-02   0.9969D-01  -0.3792D-01
  -0.1721D-02  -0.5185D-02  -0.2656D-02  -0.6131D-02  -0.1721D-02  -0.5185D-02  -0.2656D-02  -0.6131D-02
  1.000  1.000
  -0.3392D+00   0.0000D+00  -0.2782D+00   0.0000D+00   0.0000D+00   0.0000D+00  -0.1843D+00   0.0000D+00  -0.3392D+00   0.0000D+00  -0.2782D+00   0.0000D+00
   0.4415D+00   0.0000D+00   0.7181D-01   0.0000D+00   0.1577D+00   0.0000D+00   0.1085D+00   0.0000D+00   0.2410D-01   0.0000D+00   0.0000D+00   0.0000D+00   0.4415D+00   0.0000D+00   0.7181D-01   0.0000D+00   0.1577D+00   0.0000D+00
   0.0000D+00   0.0000D+00   0.0000D+00   0.0000D+00   0.0000D+00   0.0000D+00   0.0000D+00   0.0000D+00
  -0.3208D+00   0.3331D-01  -0.2884D+00   0.1939D-01   0.2087D-01  -0.1612D-01  -0.1975D+00   0.3695D-02  -0.3208D+00   0.3331D-01  -0.2884D+00   0.1939D-01
   0.3950D+00  -0.1685D-01   0.6617D-01  -0.5391D-02   0.1039D+00  -0.3516D-01   0.1054D+00   0.0000D+00   0.2576D-01   0.2578D-02  -0.2767D-02   0.8438D-02   0.3950D+00  -0.1685D-01   0.6617D-01  -0.5391D-02   0.1039D+00  -0.3516D-01
  -0.1596D-02  -0.4808D-02  -0.2463D-02  -0.5685D-02  -0.1596D-02  -0.4808D-02  -0.2463D-02  -0.5685D-02
  1.000  2.000
  -0.3162D+00   0.0000D+00  -0.2594D+00   0.0000D+00   0.0000D+00   0.0000D+00  -0.1718D+00   0.0000D+00  -0.3162D+00   0.0000D+00  -0.2594D+00   0.0000D+00
   0.4415D+00   0.0000D+00   0.7181D-01   0.0000D+00   0.1577D+00   0.0000D+00   0.1085D+00   0.0000D+00   0.2410D-01   0.0000D+00   0.0000D+00   0.0000D+00   0.4415D+00   0.0000D+00   0.7181D-01   0.0000D+00   0.1577D+00   0.0000D+00
   0.0000D+00   0.0000D+00   0.0000D+00   0.0000D+00   0.0000D+00   0.0000D+00   0.0000D+00   0.0000D+00
  -0.3231D+00   0.2895D-01  -0.2870D+00   0.1685D-01   0.1814D-01  -0.1401D-01  -0.1957D+00   0.3212D-02  -0.3231D+00   0.2895D-01  -0.2870D+00   0.1685D-01
   0.3982D+00  -0.1571D-01   0.6656D-01  -0.5026D-02   0.1076D+00  -0.3278D-01   0.1056D+00   0.0000D+00   0.2565D-01   0.2404D-02  -0.2580D-02   0.7867D-02   0.3982D+00  -0.1571D-01   0.6656D-01  -0.5026D-02   0.1076D+00  -0.3278D-01
  -0.1488D-02  -0.4482D-02  -0.2296D-02  -0.5300D-02  -0.1488D-02  -0.4482D-02  -0.2296D-02  -0.5300D-02
  2.000  0.500
  -0.3370D+00   0.0000D+00  -0.2763D+00   0.0000D+00   0.0000D+00   0.0000D+00  -0.1825D+00   0.0000D+00  -0.3370D+00   0.0000D+00  -0.2763D+00   0.0000D+00
   0.4055D+00   0.0000D+00   0.6600D-01   0.0000D+00   0.1450D+00   0.0000D+00   0.9913D-01   0.0000D+00   0.2203D-01   0.0000D+00   0.0000D+00   0.0000D+00   0.4055D+00   0.0000D+00   0.6600D-01   0.0000D+00   0.1450D+00   0.0000D+00
   0.0000D+00   0.0000D+00   0.0000D+00   0.0000D+00   0.0000D+00   0.0000D+00   0.0000D+00   0.0000D+00
  -0.3199D+00   0.3564D-01  -0.2899D+00   0.2076D-01   0.2229D-01  -0.1722D-01  -0.1983D+00   0.4004D-02  -0.3199D+00   0.3564D-01  -0.2899D+00   0.2076D-01
   0.3954D+00  -0.1673D-01   0.6633D-01  -0.5342D-02   0.1045D+00  -0.3475D-01   0.1051D+00   0.0000D+00   0.2579D-01   0.2541D-02  -0.2735D-02   0.8317D-02   0.3954D+00  -0.1673D-01   0.6633D-01  -0.5342D-02   0.1045D+00  -0.3475D-01
  -0.1587D-02  -0.4775D-02  -0.2438D-02  -0.5620D-02  -0.1587D-02  -0.4775D-02  -0.2438D-02  -0.5620D-02
  2.000  1.000
  -0.3125D+00   0.0000D+00  -0.2562D+00   0.0000D+00   0.0000D+00   0.0000D+00  -0.1692D+00   0.0000D+00  -0.3125D+00   0.0000D+00  -0.2562D+00   0.0000D+00
   0.4055D+00   0.0000D+00   0.6600D-01   0.0000D+00   0.1450D+00   0.0000D+00   0.9913D-01   0.0000D+00   0.2203D-01   0.0000D+00   0.0000D+00   0.0000D+00   0.4055D+00   0.0000D+00   0.6600D-01   0.0000D+00   0.1450D+00   0.0000D+00
   0.0000D+00   0.0000D+00   0.0000D+00   0.0000D+00   0.0000D+00   0.0000D+00   0.0000D+00   0.0000D+00
  -0.3220D+00   0.3064D-01  -0.2878D+00   0.1785D-01   0.1916D-01  -0.1480D-01  -0.1960D+00   0.3442D-02  -0.3220D+00   0.3064D-01  -0.2878D+00   0.1785D-01
   0.3962D+00  -0.1551D-01   0.6632D-01  -0.4954D-02   0.1075D+00  -0.3222D-01   0.1047D+00   0.0000D+00   0.2552D-01   0.2356D-02  -0.2536D-02   0.7712D-02   0.3962D+00  -0.1551D-01   0.6632D-01  -0.4954D-02   0.1075D+00  -0.3222D-01
  -0.1471D-02  -0.4428D-02  -0.2261D-02  -0.5211D-02  -0.1471D-02  -0.4428D-02  -0.2261D-02  -0.5211D-02
  2.000  2.000
  -0.2913D+00   0.0000D+00  -0.2388D+00   0.0000D+00   0.0000D+00   0.0000D+00  -0.1577D+00   0.0000D+00  -0.2913D+00   0.0000D+00  -0.2388D+00   0.0000D+00
   0.4055D+00   0.0000D+00   0.6600D-01   0.0000D+00   0.1450D+00   0.0000D+00   0.9913D-01   0.0000D+00   0.2203D-01   0.0000D+00   0.0000D+00   0.0000D+00   0.4055D+00   0.0000D+00   0.6600D-01   0.0000D+00   0.1450D+00   0.0000D+00
   0.0000D+00   0.0000D+00   0.0000D+00   0.0000D+00   0.0000D+00   0.0000D+00   0.0000D+00   0.0000D+00
  -0.3207D+00   0.2663D-01  -0.2836D+00   0.1551D-01   0.1666D-01  -0.1286D-01  -0.1924D+00   0.2992D-02  -0.3207D+00   0.2663D-01  -0.2836D+00   0.1551D-01
   0.3969D+00  -0.1446D-01   0.6630D-01  -0.4618D-02   0.1101D+00  -0.3004D-01   0.1044D+00   0.0000D+00   0.2528D-01   0.2197D-02  -0.2365D-02   0.7190D-02   0.3969D+00  -0.1446D-01   0.6630D-01  -0.4618D-02   0.1101D+00  -0.3004D-01
  -0.1372D-02  -0.4128D-02  -0.2107D-02  -0.4858D-02  -0.1372D-02  -0.4128D-02  -0.2107D-02  -0.4858D-02
