 LHC=           1 sqrts=   8000.0000000000000      ang=           4 mode=fital                                                                                               scalescheme=           1 R=  0.69999999999999996     
 MSTW2008nlo68cl_rand1235                                                                                      23
 Bin information: chid, chiu, md, mu, mu0
   0.0000000000000000       0.50000000000000000        2750.0000000000000        3000.0000000000000        2875.0000000000000     
 9 scales(muf, mur)*(LO(38), NLO(38))
  0.500  0.500
  -0.7416D-05   0.0000D+00  -0.3025D-05   0.0000D+00   0.0000D+00   0.0000D+00  -0.1170D-05   0.0000D+00  -0.7416D-05   0.0000D+00  -0.3025D-05   0.0000D+00
   0.9359D-04   0.0000D+00   0.1145D-04   0.0000D+00   0.5608D-04   0.0000D+00   0.9426D-05   0.0000D+00   0.2095D-05   0.0000D+00   0.0000D+00   0.0000D+00   0.9359D-04   0.0000D+00   0.1145D-04   0.0000D+00   0.5608D-04   0.0000D+00
   0.0000D+00   0.0000D+00   0.0000D+00   0.0000D+00   0.0000D+00   0.0000D+00   0.0000D+00   0.0000D+00
  -0.7664D-05   0.3204D-06  -0.3060D-05   0.2277D-06   0.2986D-07  -0.9472D-07  -0.1124D-05   0.7817D-07  -0.7664D-05   0.3204D-06  -0.3060D-05   0.2277D-06
   0.7865D-04  -0.5545D-05   0.9333D-05  -0.1352D-05   0.4461D-04  -0.6472D-05   0.8675D-05   0.0000D+00   0.2102D-05   0.2071D-06  -0.2690D-06   0.6779D-06   0.7865D-04  -0.5545D-05   0.9333D-05  -0.1352D-05   0.4461D-04  -0.6472D-05
  -0.6242D-06  -0.1338D-05  -0.3521D-06  -0.6899D-06  -0.6242D-06  -0.1338D-05  -0.3521D-06  -0.6899D-06
  0.500  1.000
  -0.6905D-05   0.0000D+00  -0.2816D-05   0.0000D+00   0.0000D+00   0.0000D+00  -0.1090D-05   0.0000D+00  -0.6905D-05   0.0000D+00  -0.2816D-05   0.0000D+00
   0.9359D-04   0.0000D+00   0.1145D-04   0.0000D+00   0.5608D-04   0.0000D+00   0.9426D-05   0.0000D+00   0.2095D-05   0.0000D+00   0.0000D+00   0.0000D+00   0.9359D-04   0.0000D+00   0.1145D-04   0.0000D+00   0.5608D-04   0.0000D+00
   0.0000D+00   0.0000D+00   0.0000D+00   0.0000D+00   0.0000D+00   0.0000D+00   0.0000D+00   0.0000D+00
  -0.7581D-05   0.2777D-06  -0.3035D-05   0.1974D-06   0.2589D-07  -0.8212D-07  -0.1122D-05   0.6777D-07  -0.7581D-05   0.2777D-06  -0.3035D-05   0.1974D-06
   0.7968D-04  -0.5163D-05   0.9479D-05  -0.1258D-05   0.4541D-04  -0.6026D-05   0.8727D-05   0.0000D+00   0.2102D-05   0.1929D-06  -0.2504D-06   0.6312D-06   0.7968D-04  -0.5163D-05   0.9479D-05  -0.1258D-05   0.4541D-04  -0.6026D-05
  -0.5812D-06  -0.1245D-05  -0.3278D-06  -0.6424D-06  -0.5812D-06  -0.1245D-05  -0.3278D-06  -0.6424D-06
  0.500  2.000
  -0.6460D-05   0.0000D+00  -0.2635D-05   0.0000D+00   0.0000D+00   0.0000D+00  -0.1020D-05   0.0000D+00  -0.6460D-05   0.0000D+00  -0.2635D-05   0.0000D+00
   0.9359D-04   0.0000D+00   0.1145D-04   0.0000D+00   0.5608D-04   0.0000D+00   0.9426D-05   0.0000D+00   0.2095D-05   0.0000D+00   0.0000D+00   0.0000D+00   0.9359D-04   0.0000D+00   0.1145D-04   0.0000D+00   0.5608D-04   0.0000D+00
   0.0000D+00   0.0000D+00   0.0000D+00   0.0000D+00   0.0000D+00   0.0000D+00   0.0000D+00   0.0000D+00
  -0.7456D-05   0.2431D-06  -0.2991D-05   0.1728D-06   0.2267D-07  -0.7189D-07  -0.1112D-05   0.5932D-07  -0.7456D-05   0.2431D-06  -0.2991D-05   0.1728D-06
   0.8058D-04  -0.4831D-05   0.9606D-05  -0.1177D-05   0.4609D-04  -0.5639D-05   0.8773D-05   0.0000D+00   0.2101D-05   0.1805D-06  -0.2343D-06   0.5906D-06   0.8058D-04  -0.4831D-05   0.9606D-05  -0.1177D-05   0.4609D-04  -0.5639D-05
  -0.5438D-06  -0.1165D-05  -0.3067D-06  -0.6010D-06  -0.5438D-06  -0.1165D-05  -0.3067D-06  -0.6010D-06
  1.000  0.500
  -0.5754D-05   0.0000D+00  -0.2343D-05   0.0000D+00   0.0000D+00   0.0000D+00  -0.9087D-06   0.0000D+00  -0.5754D-05   0.0000D+00  -0.2343D-05   0.0000D+00
   0.7252D-04   0.0000D+00   0.8866D-05   0.0000D+00   0.4349D-04   0.0000D+00   0.7329D-05   0.0000D+00   0.1629D-05   0.0000D+00   0.0000D+00   0.0000D+00   0.7252D-04   0.0000D+00   0.8866D-05   0.0000D+00   0.4349D-04   0.0000D+00
   0.0000D+00   0.0000D+00   0.0000D+00   0.0000D+00   0.0000D+00   0.0000D+00   0.0000D+00   0.0000D+00
  -0.7414D-05   0.2480D-06  -0.2972D-05   0.1766D-06   0.2258D-07  -0.7354D-07  -0.1104D-05   0.6043D-07  -0.7414D-05   0.2480D-06  -0.2972D-05   0.1766D-06
   0.7961D-04  -0.4301D-05   0.9510D-05  -0.1048D-05   0.4571D-04  -0.5013D-05   0.8613D-05   0.0000D+00   0.2050D-05   0.1611D-06  -0.2007D-06   0.5272D-06   0.7961D-04  -0.4301D-05   0.9510D-05  -0.1048D-05   0.4571D-04  -0.5013D-05
  -0.4843D-06  -0.1037D-05  -0.2730D-06  -0.5355D-06  -0.4843D-06  -0.1037D-05  -0.2730D-06  -0.5355D-06
  1.000  1.000
  -0.5358D-05   0.0000D+00  -0.2181D-05   0.0000D+00   0.0000D+00   0.0000D+00  -0.8461D-06   0.0000D+00  -0.5358D-05   0.0000D+00  -0.2181D-05   0.0000D+00
   0.7252D-04   0.0000D+00   0.8866D-05   0.0000D+00   0.4349D-04   0.0000D+00   0.7329D-05   0.0000D+00   0.1629D-05   0.0000D+00   0.0000D+00   0.0000D+00   0.7252D-04   0.0000D+00   0.8866D-05   0.0000D+00   0.4349D-04   0.0000D+00
   0.0000D+00   0.0000D+00   0.0000D+00   0.0000D+00   0.0000D+00   0.0000D+00   0.0000D+00   0.0000D+00
  -0.7154D-05   0.2150D-06  -0.2873D-05   0.1531D-06   0.1958D-07  -0.6375D-07  -0.1072D-05   0.5239D-07  -0.7154D-05   0.2150D-06  -0.2873D-05   0.1531D-06
   0.7912D-04  -0.4005D-05   0.9466D-05  -0.9755D-06   0.4555D-04  -0.4668D-05   0.8524D-05   0.0000D+00   0.2021D-05   0.1500D-06  -0.1869D-06   0.4908D-06   0.7912D-04  -0.4005D-05   0.9466D-05  -0.9755D-06   0.4555D-04  -0.4668D-05
  -0.4510D-06  -0.9652D-06  -0.2542D-06  -0.4986D-06  -0.4510D-06  -0.9652D-06  -0.2542D-06  -0.4986D-06
  1.000  2.000
  -0.5013D-05   0.0000D+00  -0.2041D-05   0.0000D+00   0.0000D+00   0.0000D+00  -0.7916D-06   0.0000D+00  -0.5013D-05   0.0000D+00  -0.2041D-05   0.0000D+00
   0.7252D-04   0.0000D+00   0.8866D-05   0.0000D+00   0.4349D-04   0.0000D+00   0.7329D-05   0.0000D+00   0.1629D-05   0.0000D+00   0.0000D+00   0.0000D+00   0.7252D-04   0.0000D+00   0.8866D-05   0.0000D+00   0.4349D-04   0.0000D+00
   0.0000D+00   0.0000D+00   0.0000D+00   0.0000D+00   0.0000D+00   0.0000D+00   0.0000D+00   0.0000D+00
  -0.6899D-05   0.1882D-06  -0.2774D-05   0.1341D-06   0.1714D-07  -0.5581D-07  -0.1039D-05   0.4586D-07  -0.6899D-05   0.1882D-06  -0.2774D-05   0.1341D-06
   0.7870D-04  -0.3747D-05   0.9427D-05  -0.9127D-06   0.4542D-04  -0.4367D-05   0.8448D-05   0.0000D+00   0.1995D-05   0.1403D-06  -0.1749D-06   0.4593D-06   0.7870D-04  -0.3747D-05   0.9427D-05  -0.9127D-06   0.4542D-04  -0.4367D-05
  -0.4219D-06  -0.9031D-06  -0.2379D-06  -0.4665D-06  -0.4219D-06  -0.9031D-06  -0.2379D-06  -0.4665D-06
  2.000  0.500
  -0.4539D-05   0.0000D+00  -0.1845D-05   0.0000D+00   0.0000D+00   0.0000D+00  -0.7177D-06   0.0000D+00  -0.4539D-05   0.0000D+00  -0.1845D-05   0.0000D+00
   0.5715D-04   0.0000D+00   0.6985D-05   0.0000D+00   0.3427D-04   0.0000D+00   0.5798D-05   0.0000D+00   0.1288D-05   0.0000D+00   0.0000D+00   0.0000D+00   0.5715D-04   0.0000D+00   0.6985D-05   0.0000D+00   0.3427D-04   0.0000D+00
   0.0000D+00   0.0000D+00   0.0000D+00   0.0000D+00   0.0000D+00   0.0000D+00   0.0000D+00   0.0000D+00
  -0.7015D-05   0.1954D-06  -0.2818D-05   0.1393D-06   0.1838D-07  -0.5808D-07  -0.1057D-05   0.4751D-07  -0.7015D-05   0.1954D-06  -0.2818D-05   0.1393D-06
   0.7746D-04  -0.3389D-05   0.9299D-05  -0.8260D-06   0.4482D-04  -0.3952D-05   0.8295D-05   0.0000D+00   0.1951D-05   0.1274D-06  -0.1556D-06   0.4170D-06   0.7746D-04  -0.3389D-05   0.9299D-05  -0.8260D-06   0.4482D-04  -0.3952D-05
  -0.3820D-06  -0.8165D-06  -0.2153D-06  -0.4221D-06  -0.3820D-06  -0.8165D-06  -0.2153D-06  -0.4221D-06
  2.000  1.000
  -0.4227D-05   0.0000D+00  -0.1718D-05   0.0000D+00   0.0000D+00   0.0000D+00  -0.6682D-06   0.0000D+00  -0.4227D-05   0.0000D+00  -0.1718D-05   0.0000D+00
   0.5715D-04   0.0000D+00   0.6985D-05   0.0000D+00   0.3427D-04   0.0000D+00   0.5798D-05   0.0000D+00   0.1288D-05   0.0000D+00   0.0000D+00   0.0000D+00   0.5715D-04   0.0000D+00   0.6985D-05   0.0000D+00   0.3427D-04   0.0000D+00
   0.0000D+00   0.0000D+00   0.0000D+00   0.0000D+00   0.0000D+00   0.0000D+00   0.0000D+00   0.0000D+00
  -0.6655D-05   0.1694D-06  -0.2676D-05   0.1208D-06   0.1594D-07  -0.5035D-07  -0.1007D-05   0.4119D-07  -0.6655D-05   0.1694D-06  -0.2676D-05   0.1208D-06
   0.7606D-04  -0.3156D-05   0.9140D-05  -0.7691D-06   0.4409D-04  -0.3680D-05   0.8123D-05   0.0000D+00   0.1906D-05   0.1186D-06  -0.1449D-06   0.3882D-06   0.7606D-04  -0.3156D-05   0.9140D-05  -0.7691D-06   0.4409D-04  -0.3680D-05
  -0.3557D-06  -0.7602D-06  -0.2005D-06  -0.3931D-06  -0.3557D-06  -0.7602D-06  -0.2005D-06  -0.3931D-06
  2.000  2.000
  -0.3955D-05   0.0000D+00  -0.1608D-05   0.0000D+00   0.0000D+00   0.0000D+00  -0.6252D-06   0.0000D+00  -0.3955D-05   0.0000D+00  -0.1608D-05   0.0000D+00
   0.5715D-04   0.0000D+00   0.6985D-05   0.0000D+00   0.3427D-04   0.0000D+00   0.5798D-05   0.0000D+00   0.1288D-05   0.0000D+00   0.0000D+00   0.0000D+00   0.5715D-04   0.0000D+00   0.6985D-05   0.0000D+00   0.3427D-04   0.0000D+00
   0.0000D+00   0.0000D+00   0.0000D+00   0.0000D+00   0.0000D+00   0.0000D+00   0.0000D+00   0.0000D+00
  -0.6328D-05   0.1483D-06  -0.2547D-05   0.1057D-06   0.1396D-07  -0.4408D-07  -0.9607D-06   0.3606D-07  -0.6328D-05   0.1483D-06  -0.2547D-05   0.1057D-06
   0.7485D-04  -0.2953D-05   0.9001D-05  -0.7196D-06   0.4346D-04  -0.3443D-05   0.7973D-05   0.0000D+00   0.1866D-05   0.1110D-06  -0.1355D-06   0.3632D-06   0.7485D-04  -0.2953D-05   0.9001D-05  -0.7196D-06   0.4346D-04  -0.3443D-05
  -0.3328D-06  -0.7113D-06  -0.1876D-06  -0.3678D-06  -0.3328D-06  -0.7113D-06  -0.1876D-06  -0.3678D-06
