 LHC=           1 sqrts=   8000.0000000000000      ang=           4 mode=fital                                                                                               scalescheme=           1 R=  0.69999999999999996     
 CT10nlo_rand5678                                                                                             290
 Bin information: chid, chiu, md, mu, mu0
   0.0000000000000000       0.50000000000000000        395.00000000000000        430.00000000000000        412.50000000000000     
 9 scales(muf, mur)*(LO(38), NLO(38))
  0.500  0.500
  -0.1251D+01   0.0000D+00  -0.1256D+01   0.0000D+00   0.0000D+00   0.0000D+00  -0.1082D+01   0.0000D+00  -0.1251D+01   0.0000D+00  -0.1256D+01   0.0000D+00
   0.5941D+00   0.0000D+00   0.1024D+00   0.0000D+00   0.1784D+00   0.0000D+00   0.1982D+00   0.0000D+00   0.4404D-01   0.0000D+00   0.0000D+00   0.0000D+00   0.5941D+00   0.0000D+00   0.1024D+00   0.0000D+00   0.1784D+00   0.0000D+00
   0.0000D+00   0.0000D+00   0.0000D+00   0.0000D+00   0.0000D+00   0.0000D+00   0.0000D+00   0.0000D+00
  -0.9268D+00   0.1785D+00  -0.1076D+01   0.1077D+00   0.1071D+00  -0.1087D+00  -0.1001D+01   0.3725D-02  -0.9268D+00   0.1785D+00  -0.1076D+01   0.1077D+00
   0.5493D+00  -0.2188D-01   0.9695D-01  -0.7756D-02   0.1085D+00  -0.5478D-01   0.1921D+00   0.0000D+00   0.4792D-01   0.5403D-02  -0.2294D-02   0.1768D-01   0.5493D+00  -0.2188D-01   0.9695D-01  -0.7756D-02   0.1085D+00  -0.5478D-01
  -0.1756D-02  -0.6908D-02  -0.4037D-02  -0.1031D-01  -0.1756D-02  -0.6908D-02  -0.4037D-02  -0.1031D-01
  0.500  1.000
  -0.1145D+01   0.0000D+00  -0.1149D+01   0.0000D+00   0.0000D+00   0.0000D+00  -0.9903D+00   0.0000D+00  -0.1145D+01   0.0000D+00  -0.1149D+01   0.0000D+00
   0.5941D+00   0.0000D+00   0.1024D+00   0.0000D+00   0.1784D+00   0.0000D+00   0.1982D+00   0.0000D+00   0.4404D-01   0.0000D+00   0.0000D+00   0.0000D+00   0.5941D+00   0.0000D+00   0.1024D+00   0.0000D+00   0.1784D+00   0.0000D+00
   0.0000D+00   0.0000D+00   0.0000D+00   0.0000D+00   0.0000D+00   0.0000D+00   0.0000D+00   0.0000D+00
  -0.9670D+00   0.1496D+00  -0.1093D+01   0.9023D-01   0.8971D-01  -0.9103D-01  -0.1003D+01   0.3121D-02  -0.9670D+00   0.1496D+00  -0.1093D+01   0.9023D-01
   0.5533D+00  -0.2003D-01   0.9745D-01  -0.7099D-02   0.1145D+00  -0.5014D-01   0.1927D+00   0.0000D+00   0.4761D-01   0.4946D-02  -0.2099D-02   0.1619D-01   0.5533D+00  -0.2003D-01   0.9745D-01  -0.7099D-02   0.1145D+00  -0.5014D-01
  -0.1608D-02  -0.6323D-02  -0.3695D-02  -0.9440D-02  -0.1608D-02  -0.6323D-02  -0.3695D-02  -0.9440D-02
  0.500  2.000
  -0.1056D+01   0.0000D+00  -0.1060D+01   0.0000D+00   0.0000D+00   0.0000D+00  -0.9132D+00   0.0000D+00  -0.1056D+01   0.0000D+00  -0.1060D+01   0.0000D+00
   0.5941D+00   0.0000D+00   0.1024D+00   0.0000D+00   0.1784D+00   0.0000D+00   0.1982D+00   0.0000D+00   0.4404D-01   0.0000D+00   0.0000D+00   0.0000D+00   0.5941D+00   0.0000D+00   0.1024D+00   0.0000D+00   0.1784D+00   0.0000D+00
   0.0000D+00   0.0000D+00   0.0000D+00   0.0000D+00   0.0000D+00   0.0000D+00   0.0000D+00   0.0000D+00
  -0.9841D+00   0.1272D+00  -0.1092D+01   0.7673D-01   0.7628D-01  -0.7741D-01  -0.9931D+00   0.2655D-02  -0.9841D+00   0.1272D+00  -0.1092D+01   0.7673D-01
   0.5567D+00  -0.1847D-01   0.9787D-01  -0.6547D-02   0.1195D+00  -0.4624D-01   0.1932D+00   0.0000D+00   0.4735D-01   0.4561D-02  -0.1935D-02   0.1493D-01   0.5567D+00  -0.1847D-01   0.9787D-01  -0.6547D-02   0.1195D+00  -0.4624D-01
  -0.1482D-02  -0.5831D-02  -0.3407D-02  -0.8705D-02  -0.1482D-02  -0.5831D-02  -0.3407D-02  -0.8705D-02
  1.000  0.500
  -0.1181D+01   0.0000D+00  -0.1191D+01   0.0000D+00   0.0000D+00   0.0000D+00  -0.1024D+01   0.0000D+00  -0.1181D+01   0.0000D+00  -0.1191D+01   0.0000D+00
   0.5603D+00   0.0000D+00   0.9645D-01   0.0000D+00   0.1679D+00   0.0000D+00   0.1874D+00   0.0000D+00   0.4165D-01   0.0000D+00   0.0000D+00   0.0000D+00   0.5603D+00   0.0000D+00   0.9645D-01   0.0000D+00   0.1679D+00   0.0000D+00
   0.0000D+00   0.0000D+00   0.0000D+00   0.0000D+00   0.0000D+00   0.0000D+00   0.0000D+00   0.0000D+00
  -0.9477D+00   0.1692D+00  -0.1082D+01   0.1018D+00   0.1012D+00  -0.1029D+00  -0.1006D+01   0.3684D-02  -0.9477D+00   0.1692D+00  -0.1082D+01   0.1018D+00
   0.5448D+00  -0.2059D-01   0.9601D-01  -0.7324D-02   0.1099D+00  -0.5198D-01   0.1909D+00   0.0000D+00   0.4725D-01   0.5108D-02  -0.2423D-02   0.1672D-01   0.5448D+00  -0.2059D-01   0.9601D-01  -0.7324D-02   0.1099D+00  -0.5198D-01
  -0.1665D-02  -0.6641D-02  -0.3834D-02  -0.9734D-02  -0.1665D-02  -0.6641D-02  -0.3834D-02  -0.9734D-02
  1.000  1.000
  -0.1081D+01   0.0000D+00  -0.1091D+01   0.0000D+00   0.0000D+00   0.0000D+00  -0.9376D+00   0.0000D+00  -0.1081D+01   0.0000D+00  -0.1091D+01   0.0000D+00
   0.5603D+00   0.0000D+00   0.9645D-01   0.0000D+00   0.1679D+00   0.0000D+00   0.1874D+00   0.0000D+00   0.4165D-01   0.0000D+00   0.0000D+00   0.0000D+00   0.5603D+00   0.0000D+00   0.9645D-01   0.0000D+00   0.1679D+00   0.0000D+00
   0.0000D+00   0.0000D+00   0.0000D+00   0.0000D+00   0.0000D+00   0.0000D+00   0.0000D+00   0.0000D+00
  -0.9739D+00   0.1417D+00  -0.1088D+01   0.8528D-01   0.8477D-01  -0.8618D-01  -0.9990D+00   0.3087D-02  -0.9739D+00   0.1417D+00  -0.1088D+01   0.8528D-01
   0.5463D+00  -0.1885D-01   0.9609D-01  -0.6704D-02   0.1149D+00  -0.4757D-01   0.1907D+00   0.0000D+00   0.4679D-01   0.4676D-02  -0.2217D-02   0.1530D-01   0.5463D+00  -0.1885D-01   0.9609D-01  -0.6704D-02   0.1149D+00  -0.4757D-01
  -0.1524D-02  -0.6079D-02  -0.3509D-02  -0.8910D-02  -0.1524D-02  -0.6079D-02  -0.3509D-02  -0.8910D-02
  1.000  2.000
  -0.9970D+00   0.0000D+00  -0.1006D+01   0.0000D+00   0.0000D+00   0.0000D+00  -0.8646D+00   0.0000D+00  -0.9970D+00   0.0000D+00  -0.1006D+01   0.0000D+00
   0.5603D+00   0.0000D+00   0.9645D-01   0.0000D+00   0.1679D+00   0.0000D+00   0.1874D+00   0.0000D+00   0.4165D-01   0.0000D+00   0.0000D+00   0.0000D+00   0.5603D+00   0.0000D+00   0.9645D-01   0.0000D+00   0.1679D+00   0.0000D+00
   0.0000D+00   0.0000D+00   0.0000D+00   0.0000D+00   0.0000D+00   0.0000D+00   0.0000D+00   0.0000D+00
  -0.9809D+00   0.1205D+00  -0.1080D+01   0.7252D-01   0.7208D-01  -0.7328D-01  -0.9819D+00   0.2625D-02  -0.9809D+00   0.1205D+00  -0.1080D+01   0.7252D-01
   0.5476D+00  -0.1738D-01   0.9615D-01  -0.6182D-02   0.1191D+00  -0.4387D-01   0.1905D+00   0.0000D+00   0.4641D-01   0.4312D-02  -0.2044D-02   0.1411D-01   0.5476D+00  -0.1738D-01   0.9615D-01  -0.6182D-02   0.1191D+00  -0.4387D-01
  -0.1405D-02  -0.5606D-02  -0.3236D-02  -0.8217D-02  -0.1405D-02  -0.5606D-02  -0.3236D-02  -0.8217D-02
  2.000  0.500
  -0.1118D+01   0.0000D+00  -0.1133D+01   0.0000D+00   0.0000D+00   0.0000D+00  -0.9719D+00   0.0000D+00  -0.1118D+01   0.0000D+00  -0.1133D+01   0.0000D+00
   0.5304D+00   0.0000D+00   0.9161D-01   0.0000D+00   0.1586D+00   0.0000D+00   0.1767D+00   0.0000D+00   0.3927D-01   0.0000D+00   0.0000D+00   0.0000D+00   0.5304D+00   0.0000D+00   0.9161D-01   0.0000D+00   0.1586D+00   0.0000D+00
   0.0000D+00   0.0000D+00   0.0000D+00   0.0000D+00   0.0000D+00   0.0000D+00   0.0000D+00   0.0000D+00
  -0.9646D+00   0.1605D+00  -0.1099D+01   0.9643D-01   0.9650D-01  -0.9758D-01  -0.1020D+01   0.3606D-02  -0.9646D+00   0.1605D+00  -0.1099D+01   0.9643D-01
   0.5449D+00  -0.1945D-01   0.9596D-01  -0.6915D-02   0.1120D+00  -0.4880D-01   0.1907D+00   0.0000D+00   0.4693D-01   0.4818D-02  -0.2110D-02   0.1577D-01   0.5449D+00  -0.1945D-01   0.9596D-01  -0.6915D-02   0.1120D+00  -0.4880D-01
  -0.1578D-02  -0.6277D-02  -0.3650D-02  -0.9206D-02  -0.1578D-02  -0.6277D-02  -0.3650D-02  -0.9206D-02
  2.000  1.000
  -0.1023D+01   0.0000D+00  -0.1037D+01   0.0000D+00   0.0000D+00   0.0000D+00  -0.8896D+00   0.0000D+00  -0.1023D+01   0.0000D+00  -0.1037D+01   0.0000D+00
   0.5304D+00   0.0000D+00   0.9161D-01   0.0000D+00   0.1586D+00   0.0000D+00   0.1767D+00   0.0000D+00   0.3927D-01   0.0000D+00   0.0000D+00   0.0000D+00   0.5304D+00   0.0000D+00   0.9161D-01   0.0000D+00   0.1586D+00   0.0000D+00
   0.0000D+00   0.0000D+00   0.0000D+00   0.0000D+00   0.0000D+00   0.0000D+00   0.0000D+00   0.0000D+00
  -0.9785D+00   0.1345D+00  -0.1094D+01   0.8079D-01   0.8084D-01  -0.8175D-01  -0.1002D+01   0.3021D-02  -0.9785D+00   0.1345D+00  -0.1094D+01   0.8079D-01
   0.5439D+00  -0.1780D-01   0.9563D-01  -0.6330D-02   0.1160D+00  -0.4467D-01   0.1896D+00   0.0000D+00   0.4630D-01   0.4410D-02  -0.1930D-02   0.1443D-01   0.5439D+00  -0.1780D-01   0.9563D-01  -0.6330D-02   0.1160D+00  -0.4467D-01
  -0.1445D-02  -0.5745D-02  -0.3341D-02  -0.8426D-02  -0.1445D-02  -0.5745D-02  -0.3341D-02  -0.8426D-02
  2.000  2.000
  -0.9438D+00   0.0000D+00  -0.9566D+00   0.0000D+00   0.0000D+00   0.0000D+00  -0.8204D+00   0.0000D+00  -0.9438D+00   0.0000D+00  -0.9566D+00   0.0000D+00
   0.5304D+00   0.0000D+00   0.9161D-01   0.0000D+00   0.1586D+00   0.0000D+00   0.1767D+00   0.0000D+00   0.3927D-01   0.0000D+00   0.0000D+00   0.0000D+00   0.5304D+00   0.0000D+00   0.9161D-01   0.0000D+00   0.1586D+00   0.0000D+00
   0.0000D+00   0.0000D+00   0.0000D+00   0.0000D+00   0.0000D+00   0.0000D+00   0.0000D+00   0.0000D+00
  -0.9767D+00   0.1144D+00  -0.1077D+01   0.6870D-01   0.6874D-01  -0.6952D-01  -0.9780D+00   0.2570D-02  -0.9767D+00   0.1144D+00  -0.1077D+01   0.6870D-01
   0.5430D+00  -0.1642D-01   0.9534D-01  -0.5837D-02   0.1193D+00  -0.4119D-01   0.1886D+00   0.0000D+00   0.4576D-01   0.4067D-02  -0.1780D-02   0.1331D-01   0.5430D+00  -0.1642D-01   0.9534D-01  -0.5837D-02   0.1193D+00  -0.4119D-01
  -0.1332D-02  -0.5298D-02  -0.3080D-02  -0.7771D-02  -0.1332D-02  -0.5298D-02  -0.3080D-02  -0.7771D-02
