 LHC=           1 sqrts=   8000.0000000000000      ang=           4 mode=fital                                                                                               scalescheme=           1 R=  0.69999999999999996     
 CT10nlo_rand5678                                                                                             175
 Bin information: chid, chiu, md, mu, mu0
   0.0000000000000000       0.50000000000000000        2500.0000000000000        2750.0000000000000        2625.0000000000000     
 9 scales(muf, mur)*(LO(38), NLO(38))
  0.500  0.500
  -0.5913D-04   0.0000D+00  -0.4008D-04   0.0000D+00   0.0000D+00   0.0000D+00  -0.1408D-04   0.0000D+00  -0.5913D-04   0.0000D+00  -0.4008D-04   0.0000D+00
   0.8550D-03   0.0000D+00   0.1275D-03   0.0000D+00   0.3751D-03   0.0000D+00   0.9400D-04   0.0000D+00   0.2089D-04   0.0000D+00   0.0000D+00   0.0000D+00   0.8550D-03   0.0000D+00   0.1275D-03   0.0000D+00   0.3751D-03   0.0000D+00
   0.0000D+00   0.0000D+00   0.0000D+00   0.0000D+00   0.0000D+00   0.0000D+00   0.0000D+00   0.0000D+00
  -0.5752D-04   0.4204D-05  -0.3926D-04   0.2248D-05   0.6867D-06  -0.1136D-05  -0.1292D-04   0.1104D-05  -0.5752D-04   0.4204D-05  -0.3926D-04   0.2248D-05
   0.6992D-03  -0.3697D-04   0.1049D-03  -0.1053D-04   0.2616D-03  -0.6138D-04   0.8324D-04   0.0000D+00   0.2021D-04   0.2059D-05  -0.3552D-05   0.6740D-05   0.6992D-03  -0.3697D-04   0.1049D-03  -0.1053D-04   0.2616D-03  -0.6138D-04
  -0.4141D-05  -0.9132D-05  -0.3774D-05  -0.7451D-05  -0.4141D-05  -0.9132D-05  -0.3774D-05  -0.7451D-05
  0.500  1.000
  -0.5507D-04   0.0000D+00  -0.3733D-04   0.0000D+00   0.0000D+00   0.0000D+00  -0.1311D-04   0.0000D+00  -0.5507D-04   0.0000D+00  -0.3733D-04   0.0000D+00
   0.8550D-03   0.0000D+00   0.1275D-03   0.0000D+00   0.3751D-03   0.0000D+00   0.9400D-04   0.0000D+00   0.2089D-04   0.0000D+00   0.0000D+00   0.0000D+00   0.8550D-03   0.0000D+00   0.1275D-03   0.0000D+00   0.3751D-03   0.0000D+00
   0.0000D+00   0.0000D+00   0.0000D+00   0.0000D+00   0.0000D+00   0.0000D+00   0.0000D+00   0.0000D+00
  -0.5734D-04   0.3646D-05  -0.3910D-04   0.1949D-05   0.5957D-06  -0.9848D-06  -0.1298D-04   0.9576D-06  -0.5734D-04   0.3646D-05  -0.3910D-04   0.1949D-05
   0.7100D-03  -0.3443D-04   0.1065D-03  -0.9807D-05   0.2694D-03  -0.5716D-04   0.8398D-04   0.0000D+00   0.2026D-04   0.1918D-05  -0.3308D-05   0.6277D-05   0.7100D-03  -0.3443D-04   0.1065D-03  -0.9807D-05   0.2694D-03  -0.5716D-04
  -0.3856D-05  -0.8504D-05  -0.3515D-05  -0.6939D-05  -0.3856D-05  -0.8504D-05  -0.3515D-05  -0.6939D-05
  0.500  2.000
  -0.5153D-04   0.0000D+00  -0.3493D-04   0.0000D+00   0.0000D+00   0.0000D+00  -0.1227D-04   0.0000D+00  -0.5153D-04   0.0000D+00  -0.3493D-04   0.0000D+00
   0.8550D-03   0.0000D+00   0.1275D-03   0.0000D+00   0.3751D-03   0.0000D+00   0.9400D-04   0.0000D+00   0.2089D-04   0.0000D+00   0.0000D+00   0.0000D+00   0.8550D-03   0.0000D+00   0.1275D-03   0.0000D+00   0.3751D-03   0.0000D+00
   0.0000D+00   0.0000D+00   0.0000D+00   0.0000D+00   0.0000D+00   0.0000D+00   0.0000D+00   0.0000D+00
  -0.5674D-04   0.3193D-05  -0.3866D-04   0.1707D-05   0.5218D-06  -0.8625D-06  -0.1292D-04   0.8387D-06  -0.5674D-04   0.3193D-05  -0.3866D-04   0.1707D-05
   0.7193D-03  -0.3222D-04   0.1078D-03  -0.9178D-05   0.2762D-03  -0.5350D-04   0.8463D-04   0.0000D+00   0.2030D-04   0.1795D-05  -0.3096D-05   0.5874D-05   0.7193D-03  -0.3222D-04   0.1078D-03  -0.9178D-05   0.2762D-03  -0.5350D-04
  -0.3609D-05  -0.7959D-05  -0.3289D-05  -0.6494D-05  -0.3609D-05  -0.7959D-05  -0.3289D-05  -0.6494D-05
  1.000  0.500
  -0.4704D-04   0.0000D+00  -0.3199D-04   0.0000D+00   0.0000D+00   0.0000D+00  -0.1122D-04   0.0000D+00  -0.4704D-04   0.0000D+00  -0.3199D-04   0.0000D+00
   0.6812D-03   0.0000D+00   0.1017D-03   0.0000D+00   0.2982D-03   0.0000D+00   0.7490D-04   0.0000D+00   0.1664D-04   0.0000D+00   0.0000D+00   0.0000D+00   0.6812D-03   0.0000D+00   0.1017D-03   0.0000D+00   0.2982D-03   0.0000D+00
   0.0000D+00   0.0000D+00   0.0000D+00   0.0000D+00   0.0000D+00   0.0000D+00   0.0000D+00   0.0000D+00
  -0.5651D-04   0.3355D-05  -0.3853D-04   0.1790D-05   0.5324D-06  -0.9043D-06  -0.1283D-04   0.8819D-06  -0.5651D-04   0.3355D-05  -0.3853D-04   0.1790D-05
   0.7116D-03  -0.2940D-04   0.1066D-03  -0.8382D-05   0.2758D-03  -0.4892D-04   0.8328D-04   0.0000D+00   0.1988D-04   0.1640D-05  -0.2799D-05   0.5369D-05   0.7116D-03  -0.2940D-04   0.1066D-03  -0.8382D-05   0.2758D-03  -0.4892D-04
  -0.3295D-05  -0.7270D-05  -0.3011D-05  -0.5948D-05  -0.3295D-05  -0.7270D-05  -0.3011D-05  -0.5948D-05
  1.000  1.000
  -0.4380D-04   0.0000D+00  -0.2980D-04   0.0000D+00   0.0000D+00   0.0000D+00  -0.1045D-04   0.0000D+00  -0.4380D-04   0.0000D+00  -0.2980D-04   0.0000D+00
   0.6812D-03   0.0000D+00   0.1017D-03   0.0000D+00   0.2982D-03   0.0000D+00   0.7490D-04   0.0000D+00   0.1664D-04   0.0000D+00   0.0000D+00   0.0000D+00   0.6812D-03   0.0000D+00   0.1017D-03   0.0000D+00   0.2982D-03   0.0000D+00
   0.0000D+00   0.0000D+00   0.0000D+00   0.0000D+00   0.0000D+00   0.0000D+00   0.0000D+00   0.0000D+00
  -0.5494D-04   0.2910D-05  -0.3745D-04   0.1553D-05   0.4619D-06  -0.7843D-06  -0.1254D-04   0.7649D-06  -0.5494D-04   0.2910D-05  -0.3745D-04   0.1553D-05
   0.7096D-03  -0.2738D-04   0.1063D-03  -0.7806D-05   0.2774D-03  -0.4556D-04   0.8271D-04   0.0000D+00   0.1966D-04   0.1528D-05  -0.2607D-05   0.5000D-05   0.7096D-03  -0.2738D-04   0.1063D-03  -0.7806D-05   0.2774D-03  -0.4556D-04
  -0.3068D-05  -0.6771D-05  -0.2804D-05  -0.5539D-05  -0.3068D-05  -0.6771D-05  -0.2804D-05  -0.5539D-05
  1.000  2.000
  -0.4099D-04   0.0000D+00  -0.2788D-04   0.0000D+00   0.0000D+00   0.0000D+00  -0.9776D-05   0.0000D+00  -0.4099D-04   0.0000D+00  -0.2788D-04   0.0000D+00
   0.6812D-03   0.0000D+00   0.1017D-03   0.0000D+00   0.2982D-03   0.0000D+00   0.7490D-04   0.0000D+00   0.1664D-04   0.0000D+00   0.0000D+00   0.0000D+00   0.6812D-03   0.0000D+00   0.1017D-03   0.0000D+00   0.2982D-03   0.0000D+00
   0.0000D+00   0.0000D+00   0.0000D+00   0.0000D+00   0.0000D+00   0.0000D+00   0.0000D+00   0.0000D+00
  -0.5330D-04   0.2549D-05  -0.3633D-04   0.1360D-05   0.4046D-06  -0.6869D-06  -0.1222D-04   0.6699D-06  -0.5330D-04   0.2549D-05  -0.3633D-04   0.1360D-05
   0.7078D-03  -0.2562D-04   0.1060D-03  -0.7305D-05   0.2787D-03  -0.4264D-04   0.8221D-04   0.0000D+00   0.1946D-04   0.1430D-05  -0.2440D-05   0.4679D-05   0.7078D-03  -0.2562D-04   0.1060D-03  -0.7305D-05   0.2787D-03  -0.4264D-04
  -0.2871D-05  -0.6337D-05  -0.2624D-05  -0.5184D-05  -0.2871D-05  -0.6337D-05  -0.2624D-05  -0.5184D-05
  2.000  0.500
  -0.3799D-04   0.0000D+00  -0.2591D-04   0.0000D+00   0.0000D+00   0.0000D+00  -0.9068D-05   0.0000D+00  -0.3799D-04   0.0000D+00  -0.2591D-04   0.0000D+00
   0.5507D-03   0.0000D+00   0.8232D-04   0.0000D+00   0.2406D-03   0.0000D+00   0.6056D-04   0.0000D+00   0.1346D-04   0.0000D+00   0.0000D+00   0.0000D+00   0.5507D-03   0.0000D+00   0.8232D-04   0.0000D+00   0.2406D-03   0.0000D+00
   0.0000D+00   0.0000D+00   0.0000D+00   0.0000D+00   0.0000D+00   0.0000D+00   0.0000D+00   0.0000D+00
  -0.5441D-04   0.2718D-05  -0.3709D-04   0.1446D-05   0.4209D-06  -0.7312D-06  -0.1244D-04   0.7150D-06  -0.5441D-04   0.2718D-05  -0.3709D-04   0.1446D-05
   0.7013D-03  -0.2372D-04   0.1050D-03  -0.6771D-05   0.2782D-03  -0.3956D-04   0.8113D-04   0.0000D+00   0.1915D-04   0.1327D-05  -0.2257D-05   0.4341D-05   0.7013D-03  -0.2372D-04   0.1050D-03  -0.6771D-05   0.2782D-03  -0.3956D-04
  -0.2661D-05  -0.5874D-05  -0.2439D-05  -0.4812D-05  -0.2661D-05  -0.5874D-05  -0.2439D-05  -0.4812D-05
  2.000  1.000
  -0.3538D-04   0.0000D+00  -0.2413D-04   0.0000D+00   0.0000D+00   0.0000D+00  -0.8445D-05   0.0000D+00  -0.3538D-04   0.0000D+00  -0.2413D-04   0.0000D+00
   0.5507D-03   0.0000D+00   0.8232D-04   0.0000D+00   0.2406D-03   0.0000D+00   0.6056D-04   0.0000D+00   0.1346D-04   0.0000D+00   0.0000D+00   0.0000D+00   0.5507D-03   0.0000D+00   0.8232D-04   0.0000D+00   0.2406D-03   0.0000D+00
   0.0000D+00   0.0000D+00   0.0000D+00   0.0000D+00   0.0000D+00   0.0000D+00   0.0000D+00   0.0000D+00
  -0.5198D-04   0.2357D-05  -0.3543D-04   0.1254D-05   0.3651D-06  -0.6342D-06  -0.1193D-04   0.6201D-06  -0.5198D-04   0.2357D-05  -0.3543D-04   0.1254D-05
   0.6909D-03  -0.2209D-04   0.1035D-03  -0.6306D-05   0.2756D-03  -0.3684D-04   0.7972D-04   0.0000D+00   0.1876D-04   0.1235D-05  -0.2102D-05   0.4043D-05   0.6909D-03  -0.2209D-04   0.1035D-03  -0.6306D-05   0.2756D-03  -0.3684D-04
  -0.2478D-05  -0.5471D-05  -0.2272D-05  -0.4482D-05  -0.2478D-05  -0.5471D-05  -0.2272D-05  -0.4482D-05
  2.000  2.000
  -0.3311D-04   0.0000D+00  -0.2258D-04   0.0000D+00   0.0000D+00   0.0000D+00  -0.7903D-05   0.0000D+00  -0.3311D-04   0.0000D+00  -0.2258D-04   0.0000D+00
   0.5507D-03   0.0000D+00   0.8232D-04   0.0000D+00   0.2406D-03   0.0000D+00   0.6056D-04   0.0000D+00   0.1346D-04   0.0000D+00   0.0000D+00   0.0000D+00   0.5507D-03   0.0000D+00   0.8232D-04   0.0000D+00   0.2406D-03   0.0000D+00
   0.0000D+00   0.0000D+00   0.0000D+00   0.0000D+00   0.0000D+00   0.0000D+00   0.0000D+00   0.0000D+00
  -0.4971D-04   0.2064D-05  -0.3389D-04   0.1099D-05   0.3198D-06  -0.5554D-06  -0.1145D-04   0.5431D-06  -0.4971D-04   0.2064D-05  -0.3389D-04   0.1099D-05
   0.6820D-03  -0.2067D-04   0.1021D-03  -0.5901D-05   0.2734D-03  -0.3448D-04   0.7849D-04   0.0000D+00   0.1842D-04   0.1156D-05  -0.1967D-05   0.3784D-05   0.6820D-03  -0.2067D-04   0.1021D-03  -0.5901D-05   0.2734D-03  -0.3448D-04
  -0.2319D-05  -0.5120D-05  -0.2126D-05  -0.4194D-05  -0.2319D-05  -0.5120D-05  -0.2126D-05  -0.4194D-05
