 LHC=           1 sqrts=   8000.0000000000000      ang=           4 mode=fital                                                                                               scalescheme=           1 R=  0.69999999999999996     
 CT10nlo_rand5678                                                                                             268
 Bin information: chid, chiu, md, mu, mu0
   0.0000000000000000       0.50000000000000000        1497.0000000000000        1588.0000000000000        1542.5000000000000     
 9 scales(muf, mur)*(LO(38), NLO(38))
  0.500  0.500
  -0.1619D-01   0.0000D+00  -0.1046D-01   0.0000D+00   0.0000D+00   0.0000D+00  -0.4846D-02   0.0000D+00  -0.1619D-01   0.0000D+00  -0.1046D-01   0.0000D+00
   0.7923D-01   0.0000D+00   0.1179D-01   0.0000D+00   0.3487D-01   0.0000D+00   0.1224D-01   0.0000D+00   0.2720D-02   0.0000D+00   0.0000D+00   0.0000D+00   0.7923D-01   0.0000D+00   0.1179D-01   0.0000D+00   0.3487D-01   0.0000D+00
   0.0000D+00   0.0000D+00   0.0000D+00   0.0000D+00   0.0000D+00   0.0000D+00   0.0000D+00   0.0000D+00
  -0.1380D-01   0.1185D-02  -0.9314D-02   0.6870D-03   0.5206D-03  -0.4137D-03  -0.4259D-02   0.2434D-03  -0.1380D-01   0.1185D-02  -0.9314D-02   0.6870D-03
   0.5888D-01  -0.3639D-02   0.8963D-02  -0.1035D-02   0.2070D-01  -0.6022D-02   0.1018D-01   0.0000D+00   0.2528D-02   0.2836D-03  -0.4981D-03   0.9282D-03   0.5888D-01  -0.3639D-02   0.8963D-02  -0.1035D-02   0.2070D-01  -0.6022D-02
  -0.3838D-03  -0.9307D-03  -0.3787D-03  -0.8002D-03  -0.3838D-03  -0.9307D-03  -0.3787D-03  -0.8002D-03
  0.500  1.000
  -0.1502D-01   0.0000D+00  -0.9703D-02   0.0000D+00   0.0000D+00   0.0000D+00  -0.4494D-02   0.0000D+00  -0.1502D-01   0.0000D+00  -0.9703D-02   0.0000D+00
   0.7923D-01   0.0000D+00   0.1179D-01   0.0000D+00   0.3487D-01   0.0000D+00   0.1224D-01   0.0000D+00   0.2720D-02   0.0000D+00   0.0000D+00   0.0000D+00   0.7923D-01   0.0000D+00   0.1179D-01   0.0000D+00   0.3487D-01   0.0000D+00
   0.0000D+00   0.0000D+00   0.0000D+00   0.0000D+00   0.0000D+00   0.0000D+00   0.0000D+00   0.0000D+00
  -0.1402D-01   0.1019D-02  -0.9397D-02   0.5909D-03   0.4478D-03  -0.3558D-03  -0.4305D-02   0.2094D-03  -0.1402D-01   0.1019D-02  -0.9397D-02   0.5909D-03
   0.6037D-01  -0.3375D-02   0.9169D-02  -0.9596D-03   0.2173D-01  -0.5585D-02   0.1033D-01   0.0000D+00   0.2542D-02   0.2630D-03  -0.4620D-03   0.8609D-03   0.6037D-01  -0.3375D-02   0.9169D-02  -0.9596D-03   0.2173D-01  -0.5585D-02
  -0.3560D-03  -0.8632D-03  -0.3512D-03  -0.7421D-03  -0.3560D-03  -0.8632D-03  -0.3512D-03  -0.7421D-03
  0.500  2.000
  -0.1400D-01   0.0000D+00  -0.9048D-02   0.0000D+00   0.0000D+00   0.0000D+00  -0.4191D-02   0.0000D+00  -0.1400D-01   0.0000D+00  -0.9048D-02   0.0000D+00
   0.7923D-01   0.0000D+00   0.1179D-01   0.0000D+00   0.3487D-01   0.0000D+00   0.1224D-01   0.0000D+00   0.2720D-02   0.0000D+00   0.0000D+00   0.0000D+00   0.7923D-01   0.0000D+00   0.1179D-01   0.0000D+00   0.3487D-01   0.0000D+00
   0.0000D+00   0.0000D+00   0.0000D+00   0.0000D+00   0.0000D+00   0.0000D+00   0.0000D+00   0.0000D+00
  -0.1405D-01   0.8859D-03  -0.9375D-02   0.5138D-03   0.3894D-03  -0.3094D-03  -0.4301D-02   0.1821D-03  -0.1405D-01   0.8859D-03  -0.9375D-02   0.5138D-03
   0.6165D-01  -0.3147D-02   0.9347D-02  -0.8948D-03   0.2262D-01  -0.5208D-02   0.1046D-01   0.0000D+00   0.2554D-02   0.2453D-03  -0.4308D-03   0.8028D-03   0.6165D-01  -0.3147D-02   0.9347D-02  -0.8948D-03   0.2262D-01  -0.5208D-02
  -0.3319D-03  -0.8049D-03  -0.3275D-03  -0.6920D-03  -0.3319D-03  -0.8049D-03  -0.3275D-03  -0.6920D-03
  1.000  0.500
  -0.1392D-01   0.0000D+00  -0.8995D-02   0.0000D+00   0.0000D+00   0.0000D+00  -0.4173D-02   0.0000D+00  -0.1392D-01   0.0000D+00  -0.8995D-02   0.0000D+00
   0.6815D-01   0.0000D+00   0.1013D-01   0.0000D+00   0.3004D-01   0.0000D+00   0.1054D-01   0.0000D+00   0.2341D-02   0.0000D+00   0.0000D+00   0.0000D+00   0.6815D-01   0.0000D+00   0.1013D-01   0.0000D+00   0.3004D-01   0.0000D+00
   0.0000D+00   0.0000D+00   0.0000D+00   0.0000D+00   0.0000D+00   0.0000D+00   0.0000D+00   0.0000D+00
  -0.1396D-01   0.1018D-02  -0.9360D-02   0.5914D-03   0.4468D-03  -0.3562D-03  -0.4290D-02   0.2091D-03  -0.1396D-01   0.1018D-02  -0.9360D-02   0.5914D-03
   0.6086D-01  -0.3134D-02   0.9222D-02  -0.8905D-03   0.2230D-01  -0.5178D-02   0.1030D-01   0.0000D+00   0.2524D-02   0.2443D-03  -0.4199D-03   0.7997D-03   0.6086D-01  -0.3134D-02   0.9222D-02  -0.8905D-03   0.2230D-01  -0.5178D-02
  -0.3303D-03  -0.8005D-03  -0.3259D-03  -0.6884D-03  -0.3303D-03  -0.8005D-03  -0.3259D-03  -0.6884D-03
  1.000  1.000
  -0.1291D-01   0.0000D+00  -0.8342D-02   0.0000D+00   0.0000D+00   0.0000D+00  -0.3870D-02   0.0000D+00  -0.1291D-01   0.0000D+00  -0.8342D-02   0.0000D+00
   0.6815D-01   0.0000D+00   0.1013D-01   0.0000D+00   0.3004D-01   0.0000D+00   0.1054D-01   0.0000D+00   0.2341D-02   0.0000D+00   0.0000D+00   0.0000D+00   0.6815D-01   0.0000D+00   0.1013D-01   0.0000D+00   0.3004D-01   0.0000D+00
   0.0000D+00   0.0000D+00   0.0000D+00   0.0000D+00   0.0000D+00   0.0000D+00   0.0000D+00   0.0000D+00
  -0.1385D-01   0.8758D-03  -0.9243D-02   0.5087D-03   0.3844D-03  -0.3064D-03  -0.4243D-02   0.1799D-03  -0.1385D-01   0.8758D-03  -0.9243D-02   0.5087D-03
   0.6140D-01  -0.2907D-02   0.9289D-02  -0.8259D-03   0.2287D-01  -0.4802D-02   0.1032D-01   0.0000D+00   0.2511D-02   0.2266D-03  -0.3895D-03   0.7416D-03   0.6140D-01  -0.2907D-02   0.9289D-02  -0.8259D-03   0.2287D-01  -0.4802D-02
  -0.3064D-03  -0.7425D-03  -0.3023D-03  -0.6384D-03  -0.3064D-03  -0.7425D-03  -0.3023D-03  -0.6384D-03
  1.000  2.000
  -0.1204D-01   0.0000D+00  -0.7779D-02   0.0000D+00   0.0000D+00   0.0000D+00  -0.3609D-02   0.0000D+00  -0.1204D-01   0.0000D+00  -0.7779D-02   0.0000D+00
   0.6815D-01   0.0000D+00   0.1013D-01   0.0000D+00   0.3004D-01   0.0000D+00   0.1054D-01   0.0000D+00   0.2341D-02   0.0000D+00   0.0000D+00   0.0000D+00   0.6815D-01   0.0000D+00   0.1013D-01   0.0000D+00   0.3004D-01   0.0000D+00
   0.0000D+00   0.0000D+00   0.0000D+00   0.0000D+00   0.0000D+00   0.0000D+00   0.0000D+00   0.0000D+00
  -0.1365D-01   0.7615D-03  -0.9072D-02   0.4423D-03   0.3342D-03  -0.2664D-03  -0.4170D-02   0.1564D-03  -0.1365D-01   0.7615D-03  -0.9072D-02   0.4423D-03
   0.6186D-01  -0.2710D-02   0.9346D-02  -0.7701D-03   0.2335D-01  -0.4478D-02   0.1034D-01   0.0000D+00   0.2500D-02   0.2113D-03  -0.3632D-03   0.6916D-03   0.6186D-01  -0.2710D-02   0.9346D-02  -0.7701D-03   0.2335D-01  -0.4478D-02
  -0.2857D-03  -0.6923D-03  -0.2819D-03  -0.5953D-03  -0.2857D-03  -0.6923D-03  -0.2819D-03  -0.5953D-03
  2.000  0.500
  -0.1210D-01   0.0000D+00  -0.7812D-02   0.0000D+00   0.0000D+00   0.0000D+00  -0.3626D-02   0.0000D+00  -0.1210D-01   0.0000D+00  -0.7812D-02   0.0000D+00
   0.5924D-01   0.0000D+00   0.8805D-02   0.0000D+00   0.2610D-01   0.0000D+00   0.9166D-02   0.0000D+00   0.2037D-02   0.0000D+00   0.0000D+00   0.0000D+00   0.5924D-01   0.0000D+00   0.8805D-02   0.0000D+00   0.2610D-01   0.0000D+00
   0.0000D+00   0.0000D+00   0.0000D+00   0.0000D+00   0.0000D+00   0.0000D+00   0.0000D+00   0.0000D+00
  -0.1397D-01   0.8843D-03  -0.9329D-02   0.5142D-03   0.3871D-03  -0.3096D-03  -0.4286D-02   0.1817D-03  -0.1397D-01   0.8843D-03  -0.9329D-02   0.5142D-03
   0.6189D-01  -0.2724D-02   0.9351D-02  -0.7739D-03   0.2342D-01  -0.4497D-02   0.1036D-01   0.0000D+00   0.2503D-02   0.2125D-03  -0.3593D-03   0.6954D-03   0.6189D-01  -0.2724D-02   0.9351D-02  -0.7739D-03   0.2342D-01  -0.4497D-02
  -0.2871D-03  -0.6961D-03  -0.2831D-03  -0.5976D-03  -0.2871D-03  -0.6961D-03  -0.2831D-03  -0.5976D-03
  2.000  1.000
  -0.1122D-01   0.0000D+00  -0.7245D-02   0.0000D+00   0.0000D+00   0.0000D+00  -0.3363D-02   0.0000D+00  -0.1122D-01   0.0000D+00  -0.7245D-02   0.0000D+00
   0.5924D-01   0.0000D+00   0.8805D-02   0.0000D+00   0.2610D-01   0.0000D+00   0.9166D-02   0.0000D+00   0.2037D-02   0.0000D+00   0.0000D+00   0.0000D+00   0.5924D-01   0.0000D+00   0.8805D-02   0.0000D+00   0.2610D-01   0.0000D+00
   0.0000D+00   0.0000D+00   0.0000D+00   0.0000D+00   0.0000D+00   0.0000D+00   0.0000D+00   0.0000D+00
  -0.1362D-01   0.7606D-03  -0.9059D-02   0.4423D-03   0.3330D-03  -0.2663D-03  -0.4167D-02   0.1562D-03  -0.1362D-01   0.7606D-03  -0.9059D-02   0.4423D-03
   0.6170D-01  -0.2526D-02   0.9313D-02  -0.7177D-03   0.2361D-01  -0.4171D-02   0.1027D-01   0.0000D+00   0.2469D-02   0.1971D-03  -0.3333D-03   0.6450D-03   0.6170D-01  -0.2526D-02   0.9313D-02  -0.7177D-03   0.2361D-01  -0.4171D-02
  -0.2662D-03  -0.6456D-03  -0.2626D-03  -0.5543D-03  -0.2662D-03  -0.6456D-03  -0.2626D-03  -0.5543D-03
  2.000  2.000
  -0.1047D-01   0.0000D+00  -0.6756D-02   0.0000D+00   0.0000D+00   0.0000D+00  -0.3136D-02   0.0000D+00  -0.1047D-01   0.0000D+00  -0.6756D-02   0.0000D+00
   0.5924D-01   0.0000D+00   0.8805D-02   0.0000D+00   0.2610D-01   0.0000D+00   0.9166D-02   0.0000D+00   0.2037D-02   0.0000D+00   0.0000D+00   0.0000D+00   0.5924D-01   0.0000D+00   0.8805D-02   0.0000D+00   0.2610D-01   0.0000D+00
   0.0000D+00   0.0000D+00   0.0000D+00   0.0000D+00   0.0000D+00   0.0000D+00   0.0000D+00   0.0000D+00
  -0.1324D-01   0.6614D-03  -0.8776D-02   0.3846D-03   0.2896D-03  -0.2316D-03  -0.4040D-02   0.1359D-03  -0.1324D-01   0.6614D-03  -0.8776D-02   0.3846D-03
   0.6154D-01  -0.2356D-02   0.9279D-02  -0.6693D-03   0.2378D-01  -0.3890D-02   0.1020D-01   0.0000D+00   0.2440D-02   0.1838D-03  -0.3108D-03   0.6014D-03   0.6154D-01  -0.2356D-02   0.9279D-02  -0.6693D-03   0.2378D-01  -0.3890D-02
  -0.2483D-03  -0.6020D-03  -0.2449D-03  -0.5168D-03  -0.2483D-03  -0.6020D-03  -0.2449D-03  -0.5168D-03
