 LHC=           1 sqrts=   8000.0000000000000      ang=           4 mode=fital                                                                                               scalescheme=           1 R=  0.69999999999999996     
 CT10nlo_rand5678                                                                                             373
 Bin information: chid, chiu, md, mu, mu0
   0.0000000000000000       0.50000000000000000        967.00000000000000        1032.0000000000000        999.50000000000000     
 9 scales(muf, mur)*(LO(38), NLO(38))
  0.500  0.500
  -0.1350D+00   0.0000D+00  -0.9874D-01   0.0000D+00   0.0000D+00   0.0000D+00  -0.5529D-01   0.0000D+00  -0.1350D+00   0.0000D+00  -0.9874D-01   0.0000D+00
   0.2964D+00   0.0000D+00   0.4622D-01   0.0000D+00   0.1179D+00   0.0000D+00   0.5824D-01   0.0000D+00   0.1294D-01   0.0000D+00   0.0000D+00   0.0000D+00   0.2964D+00   0.0000D+00   0.4622D-01   0.0000D+00   0.1179D+00   0.0000D+00
   0.0000D+00   0.0000D+00   0.0000D+00   0.0000D+00   0.0000D+00   0.0000D+00   0.0000D+00   0.0000D+00
  -0.1085D+00   0.1196D-01  -0.8630D-01   0.6902D-02   0.6833D-02  -0.4965D-02  -0.4922D-01   0.1901D-02  -0.1085D+00   0.1196D-01  -0.8630D-01   0.6902D-02
   0.2246D+00  -0.1293D-01   0.3626D-01  -0.3882D-02   0.6547D-01  -0.2392D-01   0.4926D-01   0.0000D+00   0.1231D-01   0.1419D-02  -0.2073D-02   0.4644D-02   0.2246D+00  -0.1293D-01   0.3626D-01  -0.3882D-02   0.6547D-01  -0.2392D-01
  -0.1302D-02  -0.3458D-02  -0.1605D-02  -0.3516D-02  -0.1302D-02  -0.3458D-02  -0.1605D-02  -0.3516D-02
  0.500  1.000
  -0.1247D+00   0.0000D+00  -0.9122D-01   0.0000D+00   0.0000D+00   0.0000D+00  -0.5108D-01   0.0000D+00  -0.1247D+00   0.0000D+00  -0.9122D-01   0.0000D+00
   0.2964D+00   0.0000D+00   0.4622D-01   0.0000D+00   0.1179D+00   0.0000D+00   0.5824D-01   0.0000D+00   0.1294D-01   0.0000D+00   0.0000D+00   0.0000D+00   0.2964D+00   0.0000D+00   0.4622D-01   0.0000D+00   0.1179D+00   0.0000D+00
   0.0000D+00   0.0000D+00   0.0000D+00   0.0000D+00   0.0000D+00   0.0000D+00   0.0000D+00   0.0000D+00
  -0.1113D+00   0.1021D-01  -0.8733D-01   0.5891D-02   0.5833D-02  -0.4238D-02  -0.4966D-01   0.1623D-02  -0.1113D+00   0.1021D-01  -0.8733D-01   0.5891D-02
   0.2302D+00  -0.1195D-01   0.3702D-01  -0.3587D-02   0.6948D-01  -0.2210D-01   0.4995D-01   0.0000D+00   0.1236D-01   0.1311D-02  -0.1915D-02   0.4290D-02   0.2302D+00  -0.1195D-01   0.3702D-01  -0.3587D-02   0.6948D-01  -0.2210D-01
  -0.1203D-02  -0.3195D-02  -0.1483D-02  -0.3248D-02  -0.1203D-02  -0.3195D-02  -0.1483D-02  -0.3248D-02
  0.500  2.000
  -0.1159D+00   0.0000D+00  -0.8478D-01   0.0000D+00   0.0000D+00   0.0000D+00  -0.4748D-01   0.0000D+00  -0.1159D+00   0.0000D+00  -0.8478D-01   0.0000D+00
   0.2964D+00   0.0000D+00   0.4622D-01   0.0000D+00   0.1179D+00   0.0000D+00   0.5824D-01   0.0000D+00   0.1294D-01   0.0000D+00   0.0000D+00   0.0000D+00   0.2964D+00   0.0000D+00   0.4622D-01   0.0000D+00   0.1179D+00   0.0000D+00
   0.0000D+00   0.0000D+00   0.0000D+00   0.0000D+00   0.0000D+00   0.0000D+00   0.0000D+00   0.0000D+00
  -0.1123D+00   0.8819D-02  -0.8722D-01   0.5089D-02   0.5039D-02  -0.3661D-02  -0.4950D-01   0.1402D-02  -0.1123D+00   0.8819D-02  -0.8722D-01   0.5089D-02
   0.2349D+00  -0.1110D-01   0.3768D-01  -0.3334D-02   0.7291D-01  -0.2054D-01   0.5054D-01   0.0000D+00   0.1240D-01   0.1218D-02  -0.1780D-02   0.3987D-02   0.2349D+00  -0.1110D-01   0.3768D-01  -0.3334D-02   0.7291D-01  -0.2054D-01
  -0.1118D-02  -0.2969D-02  -0.1378D-02  -0.3019D-02  -0.1118D-02  -0.2969D-02  -0.1378D-02  -0.3019D-02
  1.000  0.500
  -0.1208D+00   0.0000D+00  -0.8821D-01   0.0000D+00   0.0000D+00   0.0000D+00  -0.4930D-01   0.0000D+00  -0.1208D+00   0.0000D+00  -0.8821D-01   0.0000D+00
   0.2649D+00   0.0000D+00   0.4131D-01   0.0000D+00   0.1054D+00   0.0000D+00   0.5181D-01   0.0000D+00   0.1151D-01   0.0000D+00   0.0000D+00   0.0000D+00   0.2649D+00   0.0000D+00   0.4131D-01   0.0000D+00   0.1054D+00   0.0000D+00
   0.0000D+00   0.0000D+00   0.0000D+00   0.0000D+00   0.0000D+00   0.0000D+00   0.0000D+00   0.0000D+00
  -0.1103D+00   0.1068D-01  -0.8691D-01   0.6150D-02   0.6024D-02  -0.4426D-02  -0.4932D-01   0.1706D-02  -0.1103D+00   0.1068D-01  -0.8691D-01   0.6150D-02
   0.2303D+00  -0.1159D-01   0.3702D-01  -0.3482D-02   0.7027D-01  -0.2138D-01   0.4979D-01   0.0000D+00   0.1225D-01   0.1264D-02  -0.1848D-02   0.4136D-02   0.2303D+00  -0.1159D-01   0.3702D-01  -0.3482D-02   0.7027D-01  -0.2138D-01
  -0.1167D-02  -0.3088D-02  -0.1433D-02  -0.3130D-02  -0.1167D-02  -0.3088D-02  -0.1433D-02  -0.3130D-02
  1.000  1.000
  -0.1116D+00   0.0000D+00  -0.8149D-01   0.0000D+00   0.0000D+00   0.0000D+00  -0.4554D-01   0.0000D+00  -0.1116D+00   0.0000D+00  -0.8149D-01   0.0000D+00
   0.2649D+00   0.0000D+00   0.4131D-01   0.0000D+00   0.1054D+00   0.0000D+00   0.5181D-01   0.0000D+00   0.1151D-01   0.0000D+00   0.0000D+00   0.0000D+00   0.2649D+00   0.0000D+00   0.4131D-01   0.0000D+00   0.1054D+00   0.0000D+00
   0.0000D+00   0.0000D+00   0.0000D+00   0.0000D+00   0.0000D+00   0.0000D+00   0.0000D+00   0.0000D+00
  -0.1109D+00   0.9120D-02  -0.8639D-01   0.5249D-02   0.5142D-02  -0.3778D-02  -0.4892D-01   0.1456D-02  -0.1109D+00   0.9120D-02  -0.8639D-01   0.5249D-02
   0.2329D+00  -0.1071D-01   0.3735D-01  -0.3217D-02   0.7295D-01  -0.1976D-01   0.4995D-01   0.0000D+00   0.1220D-01   0.1167D-02  -0.1707D-02   0.3821D-02   0.2329D+00  -0.1071D-01   0.3735D-01  -0.3217D-02   0.7295D-01  -0.1976D-01
  -0.1078D-02  -0.2853D-02  -0.1324D-02  -0.2892D-02  -0.1078D-02  -0.2853D-02  -0.1324D-02  -0.2892D-02
  1.000  2.000
  -0.1037D+00   0.0000D+00  -0.7574D-01   0.0000D+00   0.0000D+00   0.0000D+00  -0.4233D-01   0.0000D+00  -0.1037D+00   0.0000D+00  -0.7574D-01   0.0000D+00
   0.2649D+00   0.0000D+00   0.4131D-01   0.0000D+00   0.1054D+00   0.0000D+00   0.5181D-01   0.0000D+00   0.1151D-01   0.0000D+00   0.0000D+00   0.0000D+00   0.2649D+00   0.0000D+00   0.4131D-01   0.0000D+00   0.1054D+00   0.0000D+00
   0.0000D+00   0.0000D+00   0.0000D+00   0.0000D+00   0.0000D+00   0.0000D+00   0.0000D+00   0.0000D+00
  -0.1102D+00   0.7878D-02  -0.8516D-01   0.4534D-02   0.4442D-02  -0.3263D-02  -0.4814D-01   0.1258D-02  -0.1102D+00   0.7878D-02  -0.8516D-01   0.4534D-02
   0.2352D+00  -0.9950D-02   0.3764D-01  -0.2990D-02   0.7525D-01  -0.1836D-01   0.5009D-01   0.0000D+00   0.1215D-01   0.1085D-02  -0.1587D-02   0.3551D-02   0.2352D+00  -0.9950D-02   0.3764D-01  -0.2990D-02   0.7525D-01  -0.1836D-01
  -0.1002D-02  -0.2651D-02  -0.1230D-02  -0.2688D-02  -0.1002D-02  -0.2651D-02  -0.1230D-02  -0.2688D-02
  2.000  0.500
  -0.1089D+00   0.0000D+00  -0.7939D-01   0.0000D+00   0.0000D+00   0.0000D+00  -0.4424D-01   0.0000D+00  -0.1089D+00   0.0000D+00  -0.7939D-01   0.0000D+00
   0.2387D+00   0.0000D+00   0.3720D-01   0.0000D+00   0.9507D-01   0.0000D+00   0.4645D-01   0.0000D+00   0.1032D-01   0.0000D+00   0.0000D+00   0.0000D+00   0.2387D+00   0.0000D+00   0.3720D-01   0.0000D+00   0.9507D-01   0.0000D+00
   0.0000D+00   0.0000D+00   0.0000D+00   0.0000D+00   0.0000D+00   0.0000D+00   0.0000D+00   0.0000D+00
  -0.1120D+00   0.9606D-02  -0.8716D-01   0.5526D-02   0.5358D-02  -0.3974D-02  -0.4954D-01   0.1541D-02  -0.1120D+00   0.9606D-02  -0.8716D-01   0.5526D-02
   0.2344D+00  -0.1043D-01   0.3758D-01  -0.3135D-02   0.7386D-01  -0.1930D-01   0.5006D-01   0.0000D+00   0.1218D-01   0.1133D-02  -0.1659D-02   0.3707D-02   0.2344D+00  -0.1043D-01   0.3758D-01  -0.3135D-02   0.7386D-01  -0.1930D-01
  -0.1053D-02  -0.2785D-02  -0.1289D-02  -0.2818D-02  -0.1053D-02  -0.2785D-02  -0.1289D-02  -0.2818D-02
  2.000  1.000
  -0.1006D+00   0.0000D+00  -0.7334D-01   0.0000D+00   0.0000D+00   0.0000D+00  -0.4088D-01   0.0000D+00  -0.1006D+00   0.0000D+00  -0.7334D-01   0.0000D+00
   0.2387D+00   0.0000D+00   0.3720D-01   0.0000D+00   0.9507D-01   0.0000D+00   0.4645D-01   0.0000D+00   0.1032D-01   0.0000D+00   0.0000D+00   0.0000D+00   0.2387D+00   0.0000D+00   0.3720D-01   0.0000D+00   0.9507D-01   0.0000D+00
   0.0000D+00   0.0000D+00   0.0000D+00   0.0000D+00   0.0000D+00   0.0000D+00   0.0000D+00   0.0000D+00
  -0.1107D+00   0.8199D-02  -0.8538D-01   0.4716D-02   0.4573D-02  -0.3392D-02  -0.4841D-01   0.1315D-02  -0.1107D+00   0.8199D-02  -0.8538D-01   0.4716D-02
   0.2348D+00  -0.9636D-02   0.3756D-01  -0.2896D-02   0.7548D-01  -0.1783D-01   0.4979D-01   0.0000D+00   0.1204D-01   0.1047D-02  -0.1533D-02   0.3425D-02   0.2348D+00  -0.9636D-02   0.3756D-01  -0.2896D-02   0.7548D-01  -0.1783D-01
  -0.9726D-03  -0.2573D-02  -0.1191D-02  -0.2603D-02  -0.9726D-03  -0.2573D-02  -0.1191D-02  -0.2603D-02
  2.000  2.000
  -0.9349D-01   0.0000D+00  -0.6817D-01   0.0000D+00   0.0000D+00   0.0000D+00  -0.3799D-01   0.0000D+00  -0.9349D-01   0.0000D+00  -0.6817D-01   0.0000D+00
   0.2387D+00   0.0000D+00   0.3720D-01   0.0000D+00   0.9507D-01   0.0000D+00   0.4645D-01   0.0000D+00   0.1032D-01   0.0000D+00   0.0000D+00   0.0000D+00   0.2387D+00   0.0000D+00   0.3720D-01   0.0000D+00   0.9507D-01   0.0000D+00
   0.0000D+00   0.0000D+00   0.0000D+00   0.0000D+00   0.0000D+00   0.0000D+00   0.0000D+00   0.0000D+00
  -0.1086D+00   0.7083D-02  -0.8323D-01   0.4074D-02   0.3951D-02  -0.2930D-02  -0.4710D-01   0.1136D-02  -0.1086D+00   0.7083D-02  -0.8323D-01   0.4074D-02
   0.2351D+00  -0.8956D-02   0.3754D-01  -0.2692D-02   0.7688D-01  -0.1657D-01   0.4956D-01   0.0000D+00   0.1192D-01   0.9727D-03  -0.1425D-02   0.3183D-02   0.2351D+00  -0.8956D-02   0.3754D-01  -0.2692D-02   0.7688D-01  -0.1657D-01
  -0.9040D-03  -0.2391D-02  -0.1107D-02  -0.2419D-02  -0.9040D-03  -0.2391D-02  -0.1107D-02  -0.2419D-02
