 LHC=           1 sqrts=   8000.0000000000000      ang=           4 mode=fital                                                                                               scalescheme=           1 R=  0.69999999999999996     
 MSTW2008nlo68cl_rand1235                                                                                      19
 Bin information: chid, chiu, md, mu, mu0
   0.0000000000000000       0.50000000000000000        468.00000000000000        507.00000000000000        487.50000000000000     
 9 scales(muf, mur)*(LO(38), NLO(38))
  0.500  0.500
  -0.9363D+00   0.0000D+00  -0.9265D+00   0.0000D+00   0.0000D+00   0.0000D+00  -0.7622D+00   0.0000D+00  -0.9363D+00   0.0000D+00  -0.9265D+00   0.0000D+00
   0.6069D+00   0.0000D+00   0.1038D+00   0.0000D+00   0.1856D+00   0.0000D+00   0.1944D+00   0.0000D+00   0.4321D-01   0.0000D+00   0.0000D+00   0.0000D+00   0.6069D+00   0.0000D+00   0.1038D+00   0.0000D+00   0.1856D+00   0.0000D+00
   0.0000D+00   0.0000D+00   0.0000D+00   0.0000D+00   0.0000D+00   0.0000D+00   0.0000D+00   0.0000D+00
  -0.6934D+00   0.1299D+00  -0.7992D+00   0.7711D-01   0.7651D-01  -0.7602D-01  -0.7070D+00   0.4773D-02  -0.6934D+00   0.1299D+00  -0.7992D+00   0.7711D-01
   0.5334D+00  -0.2264D-01   0.9371D-01  -0.7976D-02   0.1053D+00  -0.5588D-01   0.1818D+00   0.0000D+00   0.4539D-01   0.5268D-02  -0.2288D-02   0.1724D-01   0.5334D+00  -0.2264D-01   0.9371D-01  -0.7976D-02   0.1053D+00  -0.5588D-01
  -0.1909D-02  -0.7066D-02  -0.4150D-02  -0.1021D-01  -0.1909D-02  -0.7066D-02  -0.4150D-02  -0.1021D-01
  0.500  1.000
  -0.8575D+00   0.0000D+00  -0.8485D+00   0.0000D+00   0.0000D+00   0.0000D+00  -0.6980D+00   0.0000D+00  -0.8575D+00   0.0000D+00  -0.8485D+00   0.0000D+00
   0.6069D+00   0.0000D+00   0.1038D+00   0.0000D+00   0.1856D+00   0.0000D+00   0.1944D+00   0.0000D+00   0.4321D-01   0.0000D+00   0.0000D+00   0.0000D+00   0.6069D+00   0.0000D+00   0.1038D+00   0.0000D+00   0.1856D+00   0.0000D+00
   0.0000D+00   0.0000D+00   0.0000D+00   0.0000D+00   0.0000D+00   0.0000D+00   0.0000D+00   0.0000D+00
  -0.7234D+00   0.1090D+00  -0.8107D+00   0.6468D-01   0.6417D-01  -0.6376D-01  -0.7085D+00   0.4004D-02  -0.7234D+00   0.1090D+00  -0.8107D+00   0.6468D-01
   0.5398D+00  -0.2073D-01   0.9460D-01  -0.7304D-02   0.1122D+00  -0.5117D-01   0.1829D+00   0.0000D+00   0.4522D-01   0.4825D-02  -0.2095D-02   0.1579D-01   0.5398D+00  -0.2073D-01   0.9460D-01  -0.7304D-02   0.1122D+00  -0.5117D-01
  -0.1748D-02  -0.6471D-02  -0.3801D-02  -0.9346D-02  -0.1748D-02  -0.6471D-02  -0.3801D-02  -0.9346D-02
  0.500  2.000
  -0.7911D+00   0.0000D+00  -0.7828D+00   0.0000D+00   0.0000D+00   0.0000D+00  -0.6440D+00   0.0000D+00  -0.7911D+00   0.0000D+00  -0.7828D+00   0.0000D+00
   0.6069D+00   0.0000D+00   0.1038D+00   0.0000D+00   0.1856D+00   0.0000D+00   0.1944D+00   0.0000D+00   0.4321D-01   0.0000D+00   0.0000D+00   0.0000D+00   0.6069D+00   0.0000D+00   0.1038D+00   0.0000D+00   0.1856D+00   0.0000D+00
   0.0000D+00   0.0000D+00   0.0000D+00   0.0000D+00   0.0000D+00   0.0000D+00   0.0000D+00   0.0000D+00
  -0.7363D+00   0.9274D-01  -0.8093D+00   0.5505D-01   0.5462D-01  -0.5427D-01  -0.7011D+00   0.3408D-02  -0.7363D+00   0.9274D-01  -0.8093D+00   0.5505D-01
   0.5451D+00  -0.1913D-01   0.9534D-01  -0.6739D-02   0.1179D+00  -0.4721D-01   0.1838D+00   0.0000D+00   0.4507D-01   0.4451D-02  -0.1932D-02   0.1457D-01   0.5451D+00  -0.1913D-01   0.9534D-01  -0.6739D-02   0.1179D+00  -0.4721D-01
  -0.1613D-02  -0.5970D-02  -0.3506D-02  -0.8623D-02  -0.1613D-02  -0.5970D-02  -0.3506D-02  -0.8623D-02
  1.000  0.500
  -0.8751D+00   0.0000D+00  -0.8633D+00   0.0000D+00   0.0000D+00   0.0000D+00  -0.7110D+00   0.0000D+00  -0.8751D+00   0.0000D+00  -0.8633D+00   0.0000D+00
   0.5677D+00   0.0000D+00   0.9687D-01   0.0000D+00   0.1734D+00   0.0000D+00   0.1811D+00   0.0000D+00   0.4024D-01   0.0000D+00   0.0000D+00   0.0000D+00   0.5677D+00   0.0000D+00   0.9687D-01   0.0000D+00   0.1734D+00   0.0000D+00
   0.0000D+00   0.0000D+00   0.0000D+00   0.0000D+00   0.0000D+00   0.0000D+00   0.0000D+00   0.0000D+00
  -0.7050D+00   0.1213D+00  -0.8012D+00   0.7212D-01   0.7249D-01  -0.7089D-01  -0.7067D+00   0.4597D-02  -0.7050D+00   0.1213D+00  -0.8012D+00   0.7212D-01
   0.5335D+00  -0.2114D-01   0.9331D-01  -0.7433D-02   0.1089D+00  -0.5206D-01   0.1801D+00   0.0000D+00   0.4485D-01   0.4902D-02  -0.2082D-02   0.1604D-01   0.5335D+00  -0.2114D-01   0.9331D-01  -0.7433D-02   0.1089D+00  -0.5206D-01
  -0.1793D-02  -0.6620D-02  -0.3881D-02  -0.9529D-02  -0.1793D-02  -0.6620D-02  -0.3881D-02  -0.9529D-02
  1.000  1.000
  -0.8014D+00   0.0000D+00  -0.7906D+00   0.0000D+00   0.0000D+00   0.0000D+00  -0.6511D+00   0.0000D+00  -0.8014D+00   0.0000D+00  -0.7906D+00   0.0000D+00
   0.5677D+00   0.0000D+00   0.9687D-01   0.0000D+00   0.1734D+00   0.0000D+00   0.1811D+00   0.0000D+00   0.4024D-01   0.0000D+00   0.0000D+00   0.0000D+00   0.5677D+00   0.0000D+00   0.9687D-01   0.0000D+00   0.1734D+00   0.0000D+00
   0.0000D+00   0.0000D+00   0.0000D+00   0.0000D+00   0.0000D+00   0.0000D+00   0.0000D+00   0.0000D+00
  -0.7239D+00   0.1018D+00  -0.8028D+00   0.6049D-01   0.6080D-01  -0.5946D-01  -0.7005D+00   0.3856D-02  -0.7239D+00   0.1018D+00  -0.8028D+00   0.6049D-01
   0.5366D+00  -0.1936D-01   0.9364D-01  -0.6807D-02   0.1143D+00  -0.4768D-01   0.1802D+00   0.0000D+00   0.4447D-01   0.4489D-02  -0.1906D-02   0.1469D-01   0.5366D+00  -0.1936D-01   0.9364D-01  -0.6807D-02   0.1143D+00  -0.4768D-01
  -0.1642D-02  -0.6063D-02  -0.3554D-02  -0.8727D-02  -0.1642D-02  -0.6063D-02  -0.3554D-02  -0.8727D-02
  1.000  2.000
  -0.7394D+00   0.0000D+00  -0.7294D+00   0.0000D+00   0.0000D+00   0.0000D+00  -0.6007D+00   0.0000D+00  -0.7394D+00   0.0000D+00  -0.7294D+00   0.0000D+00
   0.5677D+00   0.0000D+00   0.9687D-01   0.0000D+00   0.1734D+00   0.0000D+00   0.1811D+00   0.0000D+00   0.4024D-01   0.0000D+00   0.0000D+00   0.0000D+00   0.5677D+00   0.0000D+00   0.9687D-01   0.0000D+00   0.1734D+00   0.0000D+00
   0.0000D+00   0.0000D+00   0.0000D+00   0.0000D+00   0.0000D+00   0.0000D+00   0.0000D+00   0.0000D+00
  -0.7288D+00   0.8662D-01  -0.7945D+00   0.5148D-01   0.5175D-01  -0.5061D-01  -0.6877D+00   0.3282D-02  -0.7288D+00   0.8662D-01  -0.7945D+00   0.5148D-01
   0.5391D+00  -0.1786D-01   0.9392D-01  -0.6281D-02   0.1190D+00  -0.4399D-01   0.1803D+00   0.0000D+00   0.4416D-01   0.4142D-02  -0.1758D-02   0.1356D-01   0.5391D+00  -0.1786D-01   0.9392D-01  -0.6281D-02   0.1190D+00  -0.4399D-01
  -0.1515D-02  -0.5594D-02  -0.3279D-02  -0.8051D-02  -0.1515D-02  -0.5594D-02  -0.3279D-02  -0.8051D-02
  2.000  0.500
  -0.8203D+00   0.0000D+00  -0.8103D+00   0.0000D+00   0.0000D+00   0.0000D+00  -0.6647D+00   0.0000D+00  -0.8203D+00   0.0000D+00  -0.8103D+00   0.0000D+00
   0.5324D+00   0.0000D+00   0.9079D-01   0.0000D+00   0.1623D+00   0.0000D+00   0.1688D+00   0.0000D+00   0.3751D-01   0.0000D+00   0.0000D+00   0.0000D+00   0.5324D+00   0.0000D+00   0.9079D-01   0.0000D+00   0.1623D+00   0.0000D+00
   0.0000D+00   0.0000D+00   0.0000D+00   0.0000D+00   0.0000D+00   0.0000D+00   0.0000D+00   0.0000D+00
  -0.7199D+00   0.1140D+00  -0.8074D+00   0.6772D-01   0.6735D-01  -0.6638D-01  -0.7092D+00   0.4464D-02  -0.7199D+00   0.1140D+00  -0.8074D+00   0.6772D-01
   0.5353D+00  -0.1980D-01   0.9365D-01  -0.6971D-02   0.1125D+00  -0.4878D-01   0.1801D+00   0.0000D+00   0.4450D-01   0.4570D-02  -0.2211D-02   0.1496D-01   0.5353D+00  -0.1980D-01   0.9365D-01  -0.6971D-02   0.1125D+00  -0.4878D-01
  -0.1690D-02  -0.6223D-02  -0.3645D-02  -0.8927D-02  -0.1690D-02  -0.6223D-02  -0.3645D-02  -0.8927D-02
  2.000  1.000
  -0.7512D+00   0.0000D+00  -0.7421D+00   0.0000D+00   0.0000D+00   0.0000D+00  -0.6088D+00   0.0000D+00  -0.7512D+00   0.0000D+00  -0.7421D+00   0.0000D+00
   0.5324D+00   0.0000D+00   0.9079D-01   0.0000D+00   0.1623D+00   0.0000D+00   0.1688D+00   0.0000D+00   0.3751D-01   0.0000D+00   0.0000D+00   0.0000D+00   0.5324D+00   0.0000D+00   0.9079D-01   0.0000D+00   0.1623D+00   0.0000D+00
   0.0000D+00   0.0000D+00   0.0000D+00   0.0000D+00   0.0000D+00   0.0000D+00   0.0000D+00   0.0000D+00
  -0.7281D+00   0.9562D-01  -0.8000D+00   0.5680D-01   0.5649D-01  -0.5567D-01  -0.6955D+00   0.3744D-02  -0.7281D+00   0.9562D-01  -0.8000D+00   0.5680D-01
   0.5352D+00  -0.1813D-01   0.9343D-01  -0.6385D-02   0.1168D+00  -0.4468D-01   0.1792D+00   0.0000D+00   0.4393D-01   0.4186D-02  -0.2024D-02   0.1370D-01   0.5352D+00  -0.1813D-01   0.9343D-01  -0.6385D-02   0.1168D+00  -0.4468D-01
  -0.1548D-02  -0.5699D-02  -0.3338D-02  -0.8176D-02  -0.1548D-02  -0.5699D-02  -0.3338D-02  -0.8176D-02
  2.000  2.000
  -0.6931D+00   0.0000D+00  -0.6846D+00   0.0000D+00   0.0000D+00   0.0000D+00  -0.5617D+00   0.0000D+00  -0.6931D+00   0.0000D+00  -0.6846D+00   0.0000D+00
   0.5324D+00   0.0000D+00   0.9079D-01   0.0000D+00   0.1623D+00   0.0000D+00   0.1688D+00   0.0000D+00   0.3751D-01   0.0000D+00   0.0000D+00   0.0000D+00   0.5324D+00   0.0000D+00   0.9079D-01   0.0000D+00   0.1623D+00   0.0000D+00
   0.0000D+00   0.0000D+00   0.0000D+00   0.0000D+00   0.0000D+00   0.0000D+00   0.0000D+00   0.0000D+00
  -0.7253D+00   0.8139D-01  -0.7853D+00   0.4835D-01   0.4808D-01  -0.4739D-01  -0.6776D+00   0.3187D-02  -0.7253D+00   0.8139D-01  -0.7853D+00   0.4835D-01
   0.5352D+00  -0.1673D-01   0.9325D-01  -0.5890D-02   0.1203D+00  -0.4122D-01   0.1784D+00   0.0000D+00   0.4344D-01   0.3862D-02  -0.1867D-02   0.1264D-01   0.5352D+00  -0.1673D-01   0.9325D-01  -0.5890D-02   0.1203D+00  -0.4122D-01
  -0.1428D-02  -0.5258D-02  -0.3080D-02  -0.7543D-02  -0.1428D-02  -0.5258D-02  -0.3080D-02  -0.7543D-02
