 LHC=           1 sqrts=   8000.0000000000000      ang=           4 mode=fital                                                                                               scalescheme=           1 R=  0.69999999999999996     
 CT10nlo_rand5678                                                                                             239
 Bin information: chid, chiu, md, mu, mu0
   0.0000000000000000       0.50000000000000000        592.00000000000000        638.00000000000000        615.00000000000000     
 9 scales(muf, mur)*(LO(38), NLO(38))
  0.500  0.500
  -0.5648D+00   0.0000D+00  -0.4819D+00   0.0000D+00   0.0000D+00   0.0000D+00  -0.3483D+00   0.0000D+00  -0.5648D+00   0.0000D+00  -0.4819D+00   0.0000D+00
   0.5314D+00   0.0000D+00   0.8787D-01   0.0000D+00   0.1821D+00   0.0000D+00   0.1440D+00   0.0000D+00   0.3200D-01   0.0000D+00   0.0000D+00   0.0000D+00   0.5314D+00   0.0000D+00   0.8787D-01   0.0000D+00   0.1821D+00   0.0000D+00
   0.0000D+00   0.0000D+00   0.0000D+00   0.0000D+00   0.0000D+00   0.0000D+00   0.0000D+00   0.0000D+00
  -0.4324D+00   0.6343D-01  -0.4176D+00   0.3757D-01   0.3968D-01  -0.3323D-01  -0.3192D+00   0.5344D-02  -0.4324D+00   0.6343D-01  -0.4176D+00   0.3757D-01
   0.4407D+00  -0.2122D-01   0.7525D-01  -0.6955D-02   0.1028D+00  -0.4616D-01   0.1295D+00   0.0000D+00   0.3228D-01   0.3729D-02  -0.3178D-02   0.1220D-01   0.4407D+00  -0.2122D-01   0.7525D-01  -0.6955D-02   0.1028D+00  -0.4616D-01
  -0.1934D-02  -0.6170D-02  -0.3284D-02  -0.7807D-02  -0.1934D-02  -0.6170D-02  -0.3284D-02  -0.7807D-02
  0.500  1.000
  -0.5193D+00   0.0000D+00  -0.4430D+00   0.0000D+00   0.0000D+00   0.0000D+00  -0.3202D+00   0.0000D+00  -0.5193D+00   0.0000D+00  -0.4430D+00   0.0000D+00
   0.5314D+00   0.0000D+00   0.8787D-01   0.0000D+00   0.1821D+00   0.0000D+00   0.1440D+00   0.0000D+00   0.3200D-01   0.0000D+00   0.0000D+00   0.0000D+00   0.5314D+00   0.0000D+00   0.8787D-01   0.0000D+00   0.1821D+00   0.0000D+00
   0.0000D+00   0.0000D+00   0.0000D+00   0.0000D+00   0.0000D+00   0.0000D+00   0.0000D+00   0.0000D+00
  -0.4478D+00   0.5362D-01  -0.4232D+00   0.3176D-01   0.3354D-01  -0.2809D-01  -0.3206D+00   0.4517D-02  -0.4478D+00   0.5362D-01  -0.4232D+00   0.3176D-01
   0.4481D+00  -0.1951D-01   0.7628D-01  -0.6395D-02   0.1092D+00  -0.4244D-01   0.1307D+00   0.0000D+00   0.3227D-01   0.3428D-02  -0.2922D-02   0.1122D-01   0.4481D+00  -0.1951D-01   0.7628D-01  -0.6395D-02   0.1092D+00  -0.4244D-01
  -0.1778D-02  -0.5673D-02  -0.3019D-02  -0.7178D-02  -0.1778D-02  -0.5673D-02  -0.3019D-02  -0.7178D-02
  0.500  2.000
  -0.4806D+00   0.0000D+00  -0.4101D+00   0.0000D+00   0.0000D+00   0.0000D+00  -0.2964D+00   0.0000D+00  -0.4806D+00   0.0000D+00  -0.4101D+00   0.0000D+00
   0.5314D+00   0.0000D+00   0.8787D-01   0.0000D+00   0.1821D+00   0.0000D+00   0.1440D+00   0.0000D+00   0.3200D-01   0.0000D+00   0.0000D+00   0.0000D+00   0.5314D+00   0.0000D+00   0.8787D-01   0.0000D+00   0.1821D+00   0.0000D+00
   0.0000D+00   0.0000D+00   0.0000D+00   0.0000D+00   0.0000D+00   0.0000D+00   0.0000D+00   0.0000D+00
  -0.4541D+00   0.4594D-01  -0.4226D+00   0.2721D-01   0.2874D-01  -0.2407D-01  -0.3181D+00   0.3870D-02  -0.4541D+00   0.4594D-01  -0.4226D+00   0.2721D-01
   0.4544D+00  -0.1806D-01   0.7716D-01  -0.5919D-02   0.1147D+00  -0.3929D-01   0.1317D+00   0.0000D+00   0.3225D-01   0.3173D-02  -0.2704D-02   0.1039D-01   0.4544D+00  -0.1806D-01   0.7716D-01  -0.5919D-02   0.1147D+00  -0.3929D-01
  -0.1646D-02  -0.5251D-02  -0.2795D-02  -0.6644D-02  -0.1646D-02  -0.5251D-02  -0.2795D-02  -0.6644D-02
  1.000  0.500
  -0.5221D+00   0.0000D+00  -0.4460D+00   0.0000D+00   0.0000D+00   0.0000D+00  -0.3203D+00   0.0000D+00  -0.5221D+00   0.0000D+00  -0.4460D+00   0.0000D+00
   0.4903D+00   0.0000D+00   0.8072D-01   0.0000D+00   0.1686D+00   0.0000D+00   0.1325D+00   0.0000D+00   0.2945D-01   0.0000D+00   0.0000D+00   0.0000D+00   0.4903D+00   0.0000D+00   0.8072D-01   0.0000D+00   0.1686D+00   0.0000D+00
   0.0000D+00   0.0000D+00   0.0000D+00   0.0000D+00   0.0000D+00   0.0000D+00   0.0000D+00   0.0000D+00
  -0.4421D+00   0.5869D-01  -0.4219D+00   0.3468D-01   0.3676D-01  -0.3053D-01  -0.3185D+00   0.5001D-02  -0.4421D+00   0.5869D-01  -0.4219D+00   0.3468D-01
   0.4439D+00  -0.1963D-01   0.7512D-01  -0.6424D-02   0.1075D+00  -0.4256D-01   0.1297D+00   0.0000D+00   0.3202D-01   0.3430D-02  -0.2985D-02   0.1122D-01   0.4439D+00  -0.1963D-01   0.7512D-01  -0.6424D-02   0.1075D+00  -0.4256D-01
  -0.1792D-02  -0.5713D-02  -0.3033D-02  -0.7216D-02  -0.1792D-02  -0.5713D-02  -0.3033D-02  -0.7216D-02
  1.000  1.000
  -0.4800D+00   0.0000D+00  -0.4100D+00   0.0000D+00   0.0000D+00   0.0000D+00  -0.2945D+00   0.0000D+00  -0.4800D+00   0.0000D+00  -0.4100D+00   0.0000D+00
   0.4903D+00   0.0000D+00   0.8072D-01   0.0000D+00   0.1686D+00   0.0000D+00   0.1325D+00   0.0000D+00   0.2945D-01   0.0000D+00   0.0000D+00   0.0000D+00   0.4903D+00   0.0000D+00   0.8072D-01   0.0000D+00   0.1686D+00   0.0000D+00
   0.0000D+00   0.0000D+00   0.0000D+00   0.0000D+00   0.0000D+00   0.0000D+00   0.0000D+00   0.0000D+00
  -0.4498D+00   0.4961D-01  -0.4216D+00   0.2931D-01   0.3107D-01  -0.2581D-01  -0.3159D+00   0.4228D-02  -0.4498D+00   0.4961D-01  -0.4216D+00   0.2931D-01
   0.4477D+00  -0.1805D-01   0.7559D-01  -0.5906D-02   0.1124D+00  -0.3913D-01   0.1299D+00   0.0000D+00   0.3182D-01   0.3153D-02  -0.2745D-02   0.1032D-01   0.4477D+00  -0.1805D-01   0.7559D-01  -0.5906D-02   0.1124D+00  -0.3913D-01
  -0.1648D-02  -0.5253D-02  -0.2789D-02  -0.6634D-02  -0.1648D-02  -0.5253D-02  -0.2789D-02  -0.6634D-02
  1.000  2.000
  -0.4443D+00   0.0000D+00  -0.3795D+00   0.0000D+00   0.0000D+00   0.0000D+00  -0.2726D+00   0.0000D+00  -0.4443D+00   0.0000D+00  -0.3795D+00   0.0000D+00
   0.4903D+00   0.0000D+00   0.8072D-01   0.0000D+00   0.1686D+00   0.0000D+00   0.1325D+00   0.0000D+00   0.2945D-01   0.0000D+00   0.0000D+00   0.0000D+00   0.4903D+00   0.0000D+00   0.8072D-01   0.0000D+00   0.1686D+00   0.0000D+00
   0.0000D+00   0.0000D+00   0.0000D+00   0.0000D+00   0.0000D+00   0.0000D+00   0.0000D+00   0.0000D+00
  -0.4504D+00   0.4250D-01  -0.4168D+00   0.2511D-01   0.2662D-01  -0.2211D-01  -0.3106D+00   0.3622D-02  -0.4504D+00   0.4250D-01  -0.4168D+00   0.2511D-01
   0.4510D+00  -0.1671D-01   0.7598D-01  -0.5467D-02   0.1167D+00  -0.3622D-01   0.1301D+00   0.0000D+00   0.3165D-01   0.2919D-02  -0.2541D-02   0.9552D-02   0.4510D+00  -0.1671D-01   0.7598D-01  -0.5467D-02   0.1167D+00  -0.3622D-01
  -0.1525D-02  -0.4862D-02  -0.2581D-02  -0.6141D-02  -0.1525D-02  -0.4862D-02  -0.2581D-02  -0.6141D-02
  2.000  0.500
  -0.4853D+00   0.0000D+00  -0.4136D+00   0.0000D+00   0.0000D+00   0.0000D+00  -0.2965D+00   0.0000D+00  -0.4853D+00   0.0000D+00  -0.4136D+00   0.0000D+00
   0.4537D+00   0.0000D+00   0.7480D-01   0.0000D+00   0.1564D+00   0.0000D+00   0.1222D+00   0.0000D+00   0.2715D-01   0.0000D+00   0.0000D+00   0.0000D+00   0.4537D+00   0.0000D+00   0.7480D-01   0.0000D+00   0.1564D+00   0.0000D+00
   0.0000D+00   0.0000D+00   0.0000D+00   0.0000D+00   0.0000D+00   0.0000D+00   0.0000D+00   0.0000D+00
  -0.4495D+00   0.5448D-01  -0.4250D+00   0.3216D-01   0.3387D-01  -0.2825D-01  -0.3200D+00   0.4692D-02  -0.4495D+00   0.5448D-01  -0.4250D+00   0.3216D-01
   0.4466D+00  -0.1823D-01   0.7567D-01  -0.5950D-02   0.1125D+00  -0.3943D-01   0.1300D+00   0.0000D+00   0.3178D-01   0.3162D-02  -0.2775D-02   0.1035D-01   0.4466D+00  -0.1823D-01   0.7567D-01  -0.5950D-02   0.1125D+00  -0.3943D-01
  -0.1669D-02  -0.5270D-02  -0.2811D-02  -0.6639D-02  -0.1669D-02  -0.5270D-02  -0.2811D-02  -0.6639D-02
  2.000  1.000
  -0.4462D+00   0.0000D+00  -0.3803D+00   0.0000D+00   0.0000D+00   0.0000D+00  -0.2726D+00   0.0000D+00  -0.4462D+00   0.0000D+00  -0.3803D+00   0.0000D+00
   0.4537D+00   0.0000D+00   0.7480D-01   0.0000D+00   0.1564D+00   0.0000D+00   0.1222D+00   0.0000D+00   0.2715D-01   0.0000D+00   0.0000D+00   0.0000D+00   0.4537D+00   0.0000D+00   0.7480D-01   0.0000D+00   0.1564D+00   0.0000D+00
   0.0000D+00   0.0000D+00   0.0000D+00   0.0000D+00   0.0000D+00   0.0000D+00   0.0000D+00   0.0000D+00
  -0.4507D+00   0.4606D-01  -0.4196D+00   0.2718D-01   0.2864D-01  -0.2388D-01  -0.3137D+00   0.3967D-02  -0.4507D+00   0.4606D-01  -0.4196D+00   0.2718D-01
   0.4473D+00  -0.1676D-01   0.7562D-01  -0.5471D-02   0.1161D+00  -0.3626D-01   0.1294D+00   0.0000D+00   0.3141D-01   0.2907D-02  -0.2552D-02   0.9514D-02   0.4473D+00  -0.1676D-01   0.7562D-01  -0.5471D-02   0.1161D+00  -0.3626D-01
  -0.1535D-02  -0.4845D-02  -0.2585D-02  -0.6104D-02  -0.1535D-02  -0.4845D-02  -0.2585D-02  -0.6104D-02
  2.000  2.000
  -0.4130D+00   0.0000D+00  -0.3520D+00   0.0000D+00   0.0000D+00   0.0000D+00  -0.2523D+00   0.0000D+00  -0.4130D+00   0.0000D+00  -0.3520D+00   0.0000D+00
   0.4537D+00   0.0000D+00   0.7480D-01   0.0000D+00   0.1564D+00   0.0000D+00   0.1222D+00   0.0000D+00   0.2715D-01   0.0000D+00   0.0000D+00   0.0000D+00   0.4537D+00   0.0000D+00   0.7480D-01   0.0000D+00   0.1564D+00   0.0000D+00
   0.0000D+00   0.0000D+00   0.0000D+00   0.0000D+00   0.0000D+00   0.0000D+00   0.0000D+00   0.0000D+00
  -0.4466D+00   0.3946D-01  -0.4110D+00   0.2329D-01   0.2453D-01  -0.2046D-01  -0.3057D+00   0.3399D-02  -0.4466D+00   0.3946D-01  -0.4110D+00   0.2329D-01
   0.4479D+00  -0.1551D-01   0.7557D-01  -0.5064D-02   0.1191D+00  -0.3356D-01   0.1289D+00   0.0000D+00   0.3110D-01   0.2691D-02  -0.2362D-02   0.8806D-02   0.4479D+00  -0.1551D-01   0.7557D-01  -0.5064D-02   0.1191D+00  -0.3356D-01
  -0.1421D-02  -0.4485D-02  -0.2392D-02  -0.5650D-02  -0.1421D-02  -0.4485D-02  -0.2392D-02  -0.5650D-02
