 LHC=           1 sqrts=   8000.0000000000000      ang=           4 mode=fital                                                                                               scalescheme=           1 R=  0.69999999999999996     
 CT10nlo_rand5678                                                                                             198
 Bin information: chid, chiu, md, mu, mu0
   0.0000000000000000       0.50000000000000000        395.00000000000000        430.00000000000000        412.50000000000000     
 9 scales(muf, mur)*(LO(38), NLO(38))
  0.500  0.500
  -0.1256D+01   0.0000D+00  -0.1303D+01   0.0000D+00   0.0000D+00   0.0000D+00  -0.1144D+01   0.0000D+00  -0.1256D+01   0.0000D+00  -0.1303D+01   0.0000D+00
   0.6073D+00   0.0000D+00   0.1052D+00   0.0000D+00   0.1792D+00   0.0000D+00   0.2070D+00   0.0000D+00   0.4601D-01   0.0000D+00   0.0000D+00   0.0000D+00   0.6073D+00   0.0000D+00   0.1052D+00   0.0000D+00   0.1792D+00   0.0000D+00
   0.0000D+00   0.0000D+00   0.0000D+00   0.0000D+00   0.0000D+00   0.0000D+00   0.0000D+00   0.0000D+00
  -0.9332D+00   0.1857D+00  -0.1121D+01   0.1119D+00   0.1094D+00  -0.1149D+00  -0.1069D+01   0.2557D-02  -0.9332D+00   0.1857D+00  -0.1121D+01   0.1119D+00
   0.5594D+00  -0.2198D-01   0.9910D-01  -0.7878D-02   0.1090D+00  -0.5607D-01   0.1996D+00   0.0000D+00   0.5017D-01   0.5645D-02  -0.1538D-02   0.1848D-01   0.5594D+00  -0.2198D-01   0.9910D-01  -0.7878D-02   0.1090D+00  -0.5607D-01
  -0.1763D-02  -0.7018D-02  -0.4221D-02  -0.1068D-01  -0.1763D-02  -0.7018D-02  -0.4221D-02  -0.1068D-01
  0.500  1.000
  -0.1150D+01   0.0000D+00  -0.1192D+01   0.0000D+00   0.0000D+00   0.0000D+00  -0.1047D+01   0.0000D+00  -0.1150D+01   0.0000D+00  -0.1192D+01   0.0000D+00
   0.6073D+00   0.0000D+00   0.1052D+00   0.0000D+00   0.1792D+00   0.0000D+00   0.2070D+00   0.0000D+00   0.4601D-01   0.0000D+00   0.0000D+00   0.0000D+00   0.6073D+00   0.0000D+00   0.1052D+00   0.0000D+00   0.1792D+00   0.0000D+00
   0.0000D+00   0.0000D+00   0.0000D+00   0.0000D+00   0.0000D+00   0.0000D+00   0.0000D+00   0.0000D+00
  -0.9732D+00   0.1556D+00  -0.1138D+01   0.9375D-01   0.9163D-01  -0.9623D-01  -0.1070D+01   0.2142D-02  -0.9732D+00   0.1556D+00  -0.1138D+01   0.9375D-01
   0.5637D+00  -0.2012D-01   0.9966D-01  -0.7211D-02   0.1151D+00  -0.5132D-01   0.2003D+00   0.0000D+00   0.4984D-01   0.5167D-02  -0.1407D-02   0.1691D-01   0.5637D+00  -0.2012D-01   0.9966D-01  -0.7211D-02   0.1151D+00  -0.5132D-01
  -0.1613D-02  -0.6424D-02  -0.3863D-02  -0.9772D-02  -0.1613D-02  -0.6424D-02  -0.3863D-02  -0.9772D-02
  0.500  2.000
  -0.1060D+01   0.0000D+00  -0.1100D+01   0.0000D+00   0.0000D+00   0.0000D+00  -0.9654D+00   0.0000D+00  -0.1060D+01   0.0000D+00  -0.1100D+01   0.0000D+00
   0.6073D+00   0.0000D+00   0.1052D+00   0.0000D+00   0.1792D+00   0.0000D+00   0.2070D+00   0.0000D+00   0.4601D-01   0.0000D+00   0.0000D+00   0.0000D+00   0.6073D+00   0.0000D+00   0.1052D+00   0.0000D+00   0.1792D+00   0.0000D+00
   0.0000D+00   0.0000D+00   0.0000D+00   0.0000D+00   0.0000D+00   0.0000D+00   0.0000D+00   0.0000D+00
  -0.9900D+00   0.1323D+00  -0.1136D+01   0.7973D-01   0.7792D-01  -0.8184D-01  -0.1057D+01   0.1822D-02  -0.9900D+00   0.1323D+00  -0.1136D+01   0.7973D-01
   0.5673D+00  -0.1855D-01   0.1001D+00  -0.6650D-02   0.1201D+00  -0.4733D-01   0.2009D+00   0.0000D+00   0.4955D-01   0.4765D-02  -0.1296D-02   0.1560D-01   0.5673D+00  -0.1855D-01   0.1001D+00  -0.6650D-02   0.1201D+00  -0.4733D-01
  -0.1488D-02  -0.5924D-02  -0.3563D-02  -0.9012D-02  -0.1488D-02  -0.5924D-02  -0.3563D-02  -0.9012D-02
  1.000  0.500
  -0.1186D+01   0.0000D+00  -0.1230D+01   0.0000D+00   0.0000D+00   0.0000D+00  -0.1078D+01   0.0000D+00  -0.1186D+01   0.0000D+00  -0.1230D+01   0.0000D+00
   0.5714D+00   0.0000D+00   0.9876D-01   0.0000D+00   0.1687D+00   0.0000D+00   0.1951D+00   0.0000D+00   0.4336D-01   0.0000D+00   0.0000D+00   0.0000D+00   0.5714D+00   0.0000D+00   0.9876D-01   0.0000D+00   0.1687D+00   0.0000D+00
   0.0000D+00   0.0000D+00   0.0000D+00   0.0000D+00   0.0000D+00   0.0000D+00   0.0000D+00   0.0000D+00
  -0.9545D+00   0.1751D+00  -0.1128D+01   0.1054D+00   0.1030D+00  -0.1082D+00  -0.1073D+01   0.2581D-02  -0.9545D+00   0.1751D+00  -0.1128D+01   0.1054D+00
   0.5551D+00  -0.2069D-01   0.9815D-01  -0.7428D-02   0.1106D+00  -0.5305D-01   0.1985D+00   0.0000D+00   0.4942D-01   0.5318D-02  -0.1765D-02   0.1740D-01   0.5551D+00  -0.2069D-01   0.9815D-01  -0.7428D-02   0.1106D+00  -0.5305D-01
  -0.1672D-02  -0.6739D-02  -0.3991D-02  -0.1004D-01  -0.1672D-02  -0.6739D-02  -0.3991D-02  -0.1004D-01
  1.000  1.000
  -0.1086D+01   0.0000D+00  -0.1126D+01   0.0000D+00   0.0000D+00   0.0000D+00  -0.9863D+00   0.0000D+00  -0.1086D+01   0.0000D+00  -0.1126D+01   0.0000D+00
   0.5714D+00   0.0000D+00   0.9876D-01   0.0000D+00   0.1687D+00   0.0000D+00   0.1951D+00   0.0000D+00   0.4336D-01   0.0000D+00   0.0000D+00   0.0000D+00   0.5714D+00   0.0000D+00   0.9876D-01   0.0000D+00   0.1687D+00   0.0000D+00
   0.0000D+00   0.0000D+00   0.0000D+00   0.0000D+00   0.0000D+00   0.0000D+00   0.0000D+00   0.0000D+00
  -0.9804D+00   0.1467D+00  -0.1132D+01   0.8830D-01   0.8626D-01  -0.9066D-01  -0.1063D+01   0.2163D-02  -0.9804D+00   0.1467D+00  -0.1132D+01   0.8830D-01
   0.5567D+00  -0.1894D-01   0.9825D-01  -0.6799D-02   0.1156D+00  -0.4856D-01   0.1983D+00   0.0000D+00   0.4893D-01   0.4868D-02  -0.1614D-02   0.1593D-01   0.5567D+00  -0.1894D-01   0.9825D-01  -0.6799D-02   0.1156D+00  -0.4856D-01
  -0.1530D-02  -0.6169D-02  -0.3653D-02  -0.9192D-02  -0.1530D-02  -0.6169D-02  -0.3653D-02  -0.9192D-02
  1.000  2.000
  -0.1001D+01   0.0000D+00  -0.1038D+01   0.0000D+00   0.0000D+00   0.0000D+00  -0.9095D+00   0.0000D+00  -0.1001D+01   0.0000D+00  -0.1038D+01   0.0000D+00
   0.5714D+00   0.0000D+00   0.9876D-01   0.0000D+00   0.1687D+00   0.0000D+00   0.1951D+00   0.0000D+00   0.4336D-01   0.0000D+00   0.0000D+00   0.0000D+00   0.5714D+00   0.0000D+00   0.9876D-01   0.0000D+00   0.1687D+00   0.0000D+00
   0.0000D+00   0.0000D+00   0.0000D+00   0.0000D+00   0.0000D+00   0.0000D+00   0.0000D+00   0.0000D+00
  -0.9871D+00   0.1247D+00  -0.1122D+01   0.7509D-01   0.7335D-01  -0.7709D-01  -0.1044D+01   0.1839D-02  -0.9871D+00   0.1247D+00  -0.1122D+01   0.7509D-01
   0.5581D+00  -0.1747D-01   0.9832D-01  -0.6270D-02   0.1198D+00  -0.4478D-01   0.1981D+00   0.0000D+00   0.4850D-01   0.4489D-02  -0.1488D-02   0.1469D-01   0.5581D+00  -0.1747D-01   0.9832D-01  -0.6270D-02   0.1198D+00  -0.4478D-01
  -0.1411D-02  -0.5689D-02  -0.3369D-02  -0.8476D-02  -0.1411D-02  -0.5689D-02  -0.3369D-02  -0.8476D-02
  2.000  0.500
  -0.1123D+01   0.0000D+00  -0.1165D+01   0.0000D+00   0.0000D+00   0.0000D+00  -0.1018D+01   0.0000D+00  -0.1123D+01   0.0000D+00  -0.1165D+01   0.0000D+00
   0.5395D+00   0.0000D+00   0.9352D-01   0.0000D+00   0.1594D+00   0.0000D+00   0.1834D+00   0.0000D+00   0.4076D-01   0.0000D+00   0.0000D+00   0.0000D+00   0.5395D+00   0.0000D+00   0.9352D-01   0.0000D+00   0.1594D+00   0.0000D+00
   0.0000D+00   0.0000D+00   0.0000D+00   0.0000D+00   0.0000D+00   0.0000D+00   0.0000D+00   0.0000D+00
  -0.9718D+00   0.1654D+00  -0.1144D+01   0.9953D-01   0.9808D-01  -0.1022D+00  -0.1086D+01   0.2553D-02  -0.9718D+00   0.1654D+00  -0.1144D+01   0.9953D-01
   0.5553D+00  -0.1955D-01   0.9813D-01  -0.7004D-02   0.1128D+00  -0.4969D-01   0.1983D+00   0.0000D+00   0.4904D-01   0.5001D-02  -0.1531D-02   0.1637D-01   0.5553D+00  -0.1955D-01   0.9813D-01  -0.7004D-02   0.1128D+00  -0.4969D-01
  -0.1585D-02  -0.6366D-02  -0.3784D-02  -0.9469D-02  -0.1585D-02  -0.6366D-02  -0.3784D-02  -0.9469D-02
  2.000  1.000
  -0.1028D+01   0.0000D+00  -0.1066D+01   0.0000D+00   0.0000D+00   0.0000D+00  -0.9319D+00   0.0000D+00  -0.1028D+01   0.0000D+00  -0.1066D+01   0.0000D+00
   0.5395D+00   0.0000D+00   0.9352D-01   0.0000D+00   0.1594D+00   0.0000D+00   0.1834D+00   0.0000D+00   0.4076D-01   0.0000D+00   0.0000D+00   0.0000D+00   0.5395D+00   0.0000D+00   0.9352D-01   0.0000D+00   0.1594D+00   0.0000D+00
   0.0000D+00   0.0000D+00   0.0000D+00   0.0000D+00   0.0000D+00   0.0000D+00   0.0000D+00   0.0000D+00
  -0.9853D+00   0.1386D+00  -0.1136D+01   0.8339D-01   0.8216D-01  -0.8564D-01  -0.1065D+01   0.2140D-02  -0.9853D+00   0.1386D+00  -0.1136D+01   0.8339D-01
   0.5542D+00  -0.1789D-01   0.9777D-01  -0.6411D-02   0.1168D+00  -0.4549D-01   0.1971D+00   0.0000D+00   0.4836D-01   0.4578D-02  -0.1400D-02   0.1498D-01   0.5542D+00  -0.1789D-01   0.9777D-01  -0.6411D-02   0.1168D+00  -0.4549D-01
  -0.1451D-02  -0.5827D-02  -0.3463D-02  -0.8667D-02  -0.1451D-02  -0.5827D-02  -0.3463D-02  -0.8667D-02
  2.000  2.000
  -0.9482D+00   0.0000D+00  -0.9835D+00   0.0000D+00   0.0000D+00   0.0000D+00  -0.8594D+00   0.0000D+00  -0.9482D+00   0.0000D+00  -0.9835D+00   0.0000D+00
   0.5395D+00   0.0000D+00   0.9352D-01   0.0000D+00   0.1594D+00   0.0000D+00   0.1834D+00   0.0000D+00   0.4076D-01   0.0000D+00   0.0000D+00   0.0000D+00   0.5395D+00   0.0000D+00   0.9352D-01   0.0000D+00   0.1594D+00   0.0000D+00
   0.0000D+00   0.0000D+00   0.0000D+00   0.0000D+00   0.0000D+00   0.0000D+00   0.0000D+00   0.0000D+00
  -0.9832D+00   0.1179D+00  -0.1116D+01   0.7091D-01   0.6986D-01  -0.7282D-01  -0.1037D+01   0.1820D-02  -0.9832D+00   0.1179D+00  -0.1116D+01   0.7091D-01
   0.5532D+00  -0.1650D-01   0.9747D-01  -0.5912D-02   0.1202D+00  -0.4195D-01   0.1961D+00   0.0000D+00   0.4778D-01   0.4221D-02  -0.1290D-02   0.1382D-01   0.5532D+00  -0.1650D-01   0.9747D-01  -0.5912D-02   0.1202D+00  -0.4195D-01
  -0.1338D-02  -0.5374D-02  -0.3194D-02  -0.7992D-02  -0.1338D-02  -0.5374D-02  -0.3194D-02  -0.7992D-02
