 LHC=           1 sqrts=   8000.0000000000000      ang=           4 mode=fital                                                                                               scalescheme=           1 R=  0.69999999999999996     
 CT10nlo_rand5678                                                                                             287
 Bin information: chid, chiu, md, mu, mu0
   0.0000000000000000       0.50000000000000000        49.000000000000000        56.000000000000000        52.500000000000000     
 9 scales(muf, mur)*(LO(38), NLO(38))
  0.500  0.500
  -0.2163D+02   0.0000D+00  -0.3721D+02   0.0000D+00   0.0000D+00   0.0000D+00  -0.4196D+02   0.0000D+00  -0.2163D+02   0.0000D+00  -0.3721D+02   0.0000D+00
   0.1862D+00   0.0000D+00   0.3540D-01   0.0000D+00   0.3703D-01   0.0000D+00   0.8185D-01   0.0000D+00   0.1819D-01   0.0000D+00   0.0000D+00   0.0000D+00   0.1862D+00   0.0000D+00   0.3540D-01   0.0000D+00   0.3703D-01   0.0000D+00
   0.0000D+00   0.0000D+00   0.0000D+00   0.0000D+00   0.0000D+00   0.0000D+00   0.0000D+00   0.0000D+00
  -0.1487D+02   0.7507D+01  -0.3043D+02   0.4767D+01   0.3577D+01  -0.5824D+01  -0.3741D+02  -0.5583D+00  -0.1487D+02   0.7507D+01  -0.3043D+02   0.4767D+01
   0.6279D+00  -0.6127D-02   0.1177D+00  -0.3058D-02   0.1032D+00  -0.2489D-01   0.2421D+00   0.0000D+00   0.6706D-01   0.2927D-02   0.1043D-01   0.9579D-02   0.6279D+00  -0.6127D-02   0.1177D+00  -0.3058D-02   0.1032D+00  -0.2489D-01
  -0.5679D-04  -0.2478D-02  -0.1376D-02  -0.5115D-02  -0.5679D-04  -0.2478D-02  -0.1376D-02  -0.5115D-02
  0.500  1.000
  -0.1915D+02   0.0000D+00  -0.3294D+02   0.0000D+00   0.0000D+00   0.0000D+00  -0.3713D+02   0.0000D+00  -0.1915D+02   0.0000D+00  -0.3294D+02   0.0000D+00
   0.1862D+00   0.0000D+00   0.3540D-01   0.0000D+00   0.3703D-01   0.0000D+00   0.8185D-01   0.0000D+00   0.1819D-01   0.0000D+00   0.0000D+00   0.0000D+00   0.1862D+00   0.0000D+00   0.3540D-01   0.0000D+00   0.3703D-01   0.0000D+00
   0.0000D+00   0.0000D+00   0.0000D+00   0.0000D+00   0.0000D+00   0.0000D+00   0.0000D+00   0.0000D+00
  -0.1597D+02   0.5881D+01  -0.3127D+02   0.3734D+01   0.2798D+01  -0.4562D+01  -0.3769D+02  -0.4374D+00  -0.1597D+02   0.5881D+01  -0.3127D+02   0.3734D+01
   0.5725D+00  -0.5423D-02   0.1075D+00  -0.2707D-02   0.9382D-01  -0.2203D-01   0.2232D+00   0.0000D+00   0.6127D-01   0.2591D-02   0.9293D-02   0.8479D-02   0.5725D+00  -0.5423D-02   0.1075D+00  -0.2707D-02   0.9382D-01  -0.2203D-01
  -0.5020D-04  -0.2193D-02  -0.1218D-02  -0.4527D-02  -0.5020D-04  -0.2193D-02  -0.1218D-02  -0.4527D-02
  0.500  2.000
  -0.1718D+02   0.0000D+00  -0.2956D+02   0.0000D+00   0.0000D+00   0.0000D+00  -0.3332D+02   0.0000D+00  -0.1718D+02   0.0000D+00  -0.2956D+02   0.0000D+00
   0.1862D+00   0.0000D+00   0.3540D-01   0.0000D+00   0.3703D-01   0.0000D+00   0.8185D-01   0.0000D+00   0.1819D-01   0.0000D+00   0.0000D+00   0.0000D+00   0.1862D+00   0.0000D+00   0.3540D-01   0.0000D+00   0.3703D-01   0.0000D+00
   0.0000D+00   0.0000D+00   0.0000D+00   0.0000D+00   0.0000D+00   0.0000D+00   0.0000D+00   0.0000D+00
  -0.1633D+02   0.4735D+01  -0.3114D+02   0.3007D+01   0.2251D+01  -0.3674D+01  -0.3707D+02  -0.3522D+00  -0.1633D+02   0.4735D+01  -0.3114D+02   0.3007D+01
   0.5361D+00  -0.4867D-02   0.1007D+00  -0.2429D-02   0.8869D-01  -0.1977D-01   0.2098D+00   0.0000D+00   0.5715D-01   0.2325D-02   0.8414D-02   0.7609D-02   0.5361D+00  -0.4867D-02   0.1007D+00  -0.2429D-02   0.8869D-01  -0.1977D-01
  -0.4501D-04  -0.1968D-02  -0.1093D-02  -0.4063D-02  -0.4501D-04  -0.1968D-02  -0.1093D-02  -0.4063D-02
  1.000  0.500
  -0.2307D+02   0.0000D+00  -0.4088D+02   0.0000D+00   0.0000D+00   0.0000D+00  -0.4430D+02   0.0000D+00  -0.2307D+02   0.0000D+00  -0.4088D+02   0.0000D+00
   0.2047D+00   0.0000D+00   0.4047D-01   0.0000D+00   0.4088D-01   0.0000D+00   0.9643D-01   0.0000D+00   0.2143D-01   0.0000D+00   0.0000D+00   0.0000D+00   0.2047D+00   0.0000D+00   0.4047D-01   0.0000D+00   0.4088D-01   0.0000D+00
   0.0000D+00   0.0000D+00   0.0000D+00   0.0000D+00   0.0000D+00   0.0000D+00   0.0000D+00   0.0000D+00
  -0.1362D+02   0.8369D+01  -0.2746D+02   0.5193D+01   0.4141D+01  -0.6058D+01  -0.3501D+02  -0.6132D+00  -0.1362D+02   0.8369D+01  -0.2746D+02   0.5193D+01
   0.5707D+00  -0.6860D-02   0.1076D+00  -0.3372D-02   0.8355D-01  -0.2632D-01   0.2322D+00   0.0000D+00   0.6380D-01   0.3513D-02   0.8793D-02   0.1150D-01   0.5707D+00  -0.6860D-02   0.1076D+00  -0.3372D-02   0.8355D-01  -0.2632D-01
  -0.9532D-04  -0.2781D-02  -0.1600D-02  -0.5809D-02  -0.9532D-04  -0.2781D-02  -0.1600D-02  -0.5809D-02
  1.000  1.000
  -0.2042D+02   0.0000D+00  -0.3619D+02   0.0000D+00   0.0000D+00   0.0000D+00  -0.3921D+02   0.0000D+00  -0.2042D+02   0.0000D+00  -0.3619D+02   0.0000D+00
   0.2047D+00   0.0000D+00   0.4047D-01   0.0000D+00   0.4088D-01   0.0000D+00   0.9643D-01   0.0000D+00   0.2143D-01   0.0000D+00   0.0000D+00   0.0000D+00   0.2047D+00   0.0000D+00   0.4047D-01   0.0000D+00   0.4088D-01   0.0000D+00
   0.0000D+00   0.0000D+00   0.0000D+00   0.0000D+00   0.0000D+00   0.0000D+00   0.0000D+00   0.0000D+00
  -0.1541D+02   0.6556D+01  -0.2981D+02   0.4068D+01   0.3240D+01  -0.4746D+01  -0.3639D+02  -0.4803D+00  -0.1541D+02   0.6556D+01  -0.2981D+02   0.4068D+01
   0.5960D+00  -0.6072D-02   0.1115D+00  -0.2985D-02   0.9654D-01  -0.2329D-01   0.2325D+00   0.0000D+00   0.6379D-01   0.3110D-02   0.8269D-02   0.1018D-01   0.5960D+00  -0.6072D-02   0.1115D+00  -0.2985D-02   0.9654D-01  -0.2329D-01
  -0.8429D-04  -0.2462D-02  -0.1416D-02  -0.5142D-02  -0.8429D-04  -0.2462D-02  -0.1416D-02  -0.5142D-02
  1.000  2.000
  -0.1832D+02   0.0000D+00  -0.3247D+02   0.0000D+00   0.0000D+00   0.0000D+00  -0.3519D+02   0.0000D+00  -0.1832D+02   0.0000D+00  -0.3247D+02   0.0000D+00
   0.2047D+00   0.0000D+00   0.4047D-01   0.0000D+00   0.4088D-01   0.0000D+00   0.9643D-01   0.0000D+00   0.2143D-01   0.0000D+00   0.0000D+00   0.0000D+00   0.2047D+00   0.0000D+00   0.4047D-01   0.0000D+00   0.4088D-01   0.0000D+00
   0.0000D+00   0.0000D+00   0.0000D+00   0.0000D+00   0.0000D+00   0.0000D+00   0.0000D+00   0.0000D+00
  -0.1604D+02   0.5279D+01  -0.3049D+02   0.3276D+01   0.2608D+01  -0.3822D+01  -0.3634D+02  -0.3868D+00  -0.1604D+02   0.5279D+01  -0.3049D+02   0.3276D+01
   0.5218D+00  -0.5449D-02   0.9841D-01  -0.2679D-02   0.8145D-01  -0.2090D-01   0.2110D+00   0.0000D+00   0.5711D-01   0.2791D-02   0.7258D-02   0.9134D-02   0.5218D+00  -0.5449D-02   0.9841D-01  -0.2679D-02   0.8145D-01  -0.2090D-01
  -0.7559D-04  -0.2209D-02  -0.1271D-02  -0.4615D-02  -0.7559D-04  -0.2209D-02  -0.1271D-02  -0.4615D-02
  2.000  0.500
  -0.2486D+02   0.0000D+00  -0.4664D+02   0.0000D+00   0.0000D+00   0.0000D+00  -0.4921D+02   0.0000D+00  -0.2486D+02   0.0000D+00  -0.4664D+02   0.0000D+00
   0.2355D+00   0.0000D+00   0.4266D-01   0.0000D+00   0.4268D-01   0.0000D+00   0.1028D+00   0.0000D+00   0.2285D-01   0.0000D+00   0.0000D+00   0.0000D+00   0.2355D+00   0.0000D+00   0.4266D-01   0.0000D+00   0.4268D-01   0.0000D+00
   0.0000D+00   0.0000D+00   0.0000D+00   0.0000D+00   0.0000D+00   0.0000D+00   0.0000D+00   0.0000D+00
  -0.1286D+02   0.9344D+01  -0.2886D+02   0.5569D+01   0.4424D+01  -0.6774D+01  -0.3513D+02  -0.6416D+00  -0.1286D+02   0.9344D+01  -0.2886D+02   0.5569D+01
   0.5702D+00  -0.7117D-02   0.1023D+00  -0.3420D-02   0.7389D-01  -0.3012D-01   0.2223D+00   0.0000D+00   0.6233D-01   0.3939D-02   0.8775D-02   0.1289D-01   0.5702D+00  -0.7117D-02   0.1023D+00  -0.3420D-02   0.7389D-01  -0.3012D-01
  -0.1011D-03  -0.2941D-02  -0.1798D-02  -0.6454D-02  -0.1011D-03  -0.2941D-02  -0.1798D-02  -0.6454D-02
  2.000  1.000
  -0.2201D+02   0.0000D+00  -0.4128D+02   0.0000D+00   0.0000D+00   0.0000D+00  -0.4356D+02   0.0000D+00  -0.2201D+02   0.0000D+00  -0.4128D+02   0.0000D+00
   0.2355D+00   0.0000D+00   0.4266D-01   0.0000D+00   0.4268D-01   0.0000D+00   0.1028D+00   0.0000D+00   0.2285D-01   0.0000D+00   0.0000D+00   0.0000D+00   0.2355D+00   0.0000D+00   0.4266D-01   0.0000D+00   0.4268D-01   0.0000D+00
   0.0000D+00   0.0000D+00   0.0000D+00   0.0000D+00   0.0000D+00   0.0000D+00   0.0000D+00   0.0000D+00
  -0.1486D+02   0.7320D+01  -0.3169D+02   0.4363D+01   0.3471D+01  -0.5306D+01  -0.3712D+02  -0.5027D+00  -0.1486D+02   0.7320D+01  -0.3169D+02   0.4363D+01
   0.4708D+00  -0.6299D-02   0.8489D-01  -0.3027D-02   0.5409D-01  -0.2666D-01   0.1939D+00   0.0000D+00   0.5334D-01   0.3486D-02   0.7051D-02   0.1141D-01   0.4708D+00  -0.6299D-02   0.8489D-01  -0.3027D-02   0.5409D-01  -0.2666D-01
  -0.8937D-04  -0.2602D-02  -0.1591D-02  -0.5713D-02  -0.8937D-04  -0.2602D-02  -0.1591D-02  -0.5713D-02
  2.000  2.000
  -0.1975D+02   0.0000D+00  -0.3704D+02   0.0000D+00   0.0000D+00   0.0000D+00  -0.3909D+02   0.0000D+00  -0.1975D+02   0.0000D+00  -0.3704D+02   0.0000D+00
   0.2355D+00   0.0000D+00   0.4266D-01   0.0000D+00   0.4268D-01   0.0000D+00   0.1028D+00   0.0000D+00   0.2285D-01   0.0000D+00   0.0000D+00   0.0000D+00   0.2355D+00   0.0000D+00   0.4266D-01   0.0000D+00   0.4268D-01   0.0000D+00
   0.0000D+00   0.0000D+00   0.0000D+00   0.0000D+00   0.0000D+00   0.0000D+00   0.0000D+00   0.0000D+00
  -0.1641D+02   0.5895D+01  -0.3358D+02   0.3513D+01   0.2773D+01  -0.4273D+01  -0.3837D+02  -0.4048D+00  -0.1641D+02   0.5895D+01  -0.3358D+02   0.3513D+01
   0.6318D+00  -0.5653D-02   0.1129D+00  -0.2717D-02   0.1015D+00  -0.2393D-01   0.2307D+00   0.0000D+00   0.6406D-01   0.3128D-02   0.8694D-02   0.1024D-01   0.6318D+00  -0.5653D-02   0.1129D+00  -0.2717D-02   0.1015D+00  -0.2393D-01
  -0.8015D-04  -0.2335D-02  -0.1428D-02  -0.5126D-02  -0.8015D-04  -0.2335D-02  -0.1428D-02  -0.5126D-02
