 LHC=           1 sqrts=   8000.0000000000000      ang=           4 mode=fital                                                                                               scalescheme=           1 R=  0.69999999999999996     
 CT10nlo_rand5678                                                                                             287
 Bin information: chid, chiu, md, mu, mu0
   0.0000000000000000       0.50000000000000000        272.00000000000000        300.00000000000000        286.00000000000000     
 9 scales(muf, mur)*(LO(38), NLO(38))
  0.500  0.500
  -0.2469D+01   0.0000D+00  -0.2890D+01   0.0000D+00   0.0000D+00   0.0000D+00  -0.2782D+01   0.0000D+00  -0.2469D+01   0.0000D+00  -0.2890D+01   0.0000D+00
   0.6157D+00   0.0000D+00   0.1094D+00   0.0000D+00   0.1629D+00   0.0000D+00   0.2319D+00   0.0000D+00   0.5152D-01   0.0000D+00   0.0000D+00   0.0000D+00   0.6157D+00   0.0000D+00   0.1094D+00   0.0000D+00   0.1629D+00   0.0000D+00
   0.0000D+00   0.0000D+00   0.0000D+00   0.0000D+00   0.0000D+00   0.0000D+00   0.0000D+00   0.0000D+00
  -0.1768D+01   0.4383D+00  -0.2474D+01   0.2666D+00   0.2420D+00  -0.2940D+00  -0.2579D+01  -0.8325D-02  -0.1768D+01   0.4383D+00  -0.2474D+01   0.2666D+00
   0.6436D+00  -0.2103D-01   0.1169D+00  -0.8040D-02   0.1104D+00  -0.5965D-01   0.2443D+00   0.0000D+00   0.6152D-01   0.6652D-02  -0.1506D-02   0.2177D-01   0.6436D+00  -0.2103D-01   0.1169D+00  -0.8040D-02   0.1104D+00  -0.5965D-01
  -0.1473D-02  -0.7159D-02  -0.4453D-02  -0.1212D-01  -0.1473D-02  -0.7159D-02  -0.4453D-02  -0.1212D-01
  0.500  1.000
  -0.2249D+01   0.0000D+00  -0.2633D+01   0.0000D+00   0.0000D+00   0.0000D+00  -0.2535D+01   0.0000D+00  -0.2249D+01   0.0000D+00  -0.2633D+01   0.0000D+00
   0.6157D+00   0.0000D+00   0.1094D+00   0.0000D+00   0.1629D+00   0.0000D+00   0.2319D+00   0.0000D+00   0.5152D-01   0.0000D+00   0.0000D+00   0.0000D+00   0.6157D+00   0.0000D+00   0.1094D+00   0.0000D+00   0.1629D+00   0.0000D+00
   0.0000D+00   0.0000D+00   0.0000D+00   0.0000D+00   0.0000D+00   0.0000D+00   0.0000D+00   0.0000D+00
  -0.1860D+01   0.3638D+00  -0.2513D+01   0.2212D+00   0.2008D+00  -0.2440D+00  -0.2583D+01  -0.6909D-02  -0.1860D+01   0.3638D+00  -0.2513D+01   0.2212D+00
   0.6416D+00  -0.1916D-01   0.1163D+00  -0.7325D-02   0.1152D+00  -0.5434D-01   0.2433D+00   0.0000D+00   0.6067D-01   0.6060D-02  -0.1368D-02   0.1983D-01   0.6416D+00  -0.1916D-01   0.1163D+00  -0.7325D-02   0.1152D+00  -0.5434D-01
  -0.1342D-02  -0.6522D-02  -0.4057D-02  -0.1104D-01  -0.1342D-02  -0.6522D-02  -0.4057D-02  -0.1104D-01
  0.500  2.000
  -0.2066D+01   0.0000D+00  -0.2419D+01   0.0000D+00   0.0000D+00   0.0000D+00  -0.2329D+01   0.0000D+00  -0.2066D+01   0.0000D+00  -0.2419D+01   0.0000D+00
   0.6157D+00   0.0000D+00   0.1094D+00   0.0000D+00   0.1629D+00   0.0000D+00   0.2319D+00   0.0000D+00   0.5152D-01   0.0000D+00   0.0000D+00   0.0000D+00   0.6157D+00   0.0000D+00   0.1094D+00   0.0000D+00   0.1629D+00   0.0000D+00
   0.0000D+00   0.0000D+00   0.0000D+00   0.0000D+00   0.0000D+00   0.0000D+00   0.0000D+00   0.0000D+00
  -0.1901D+01   0.3070D+00  -0.2508D+01   0.1867D+00   0.1695D+00  -0.2059D+00  -0.2553D+01  -0.5831D-02  -0.1901D+01   0.3070D+00  -0.2508D+01   0.1867D+00
   0.6399D+00  -0.1761D-01   0.1158D+00  -0.6730D-02   0.1192D+00  -0.4992D-01   0.2425D+00   0.0000D+00   0.5996D-01   0.5568D-02  -0.1255D-02   0.1822D-01   0.6399D+00  -0.1761D-01   0.1158D+00  -0.6730D-02   0.1192D+00  -0.4992D-01
  -0.1233D-02  -0.5992D-02  -0.3727D-02  -0.1015D-01  -0.1233D-02  -0.5992D-02  -0.3727D-02  -0.1015D-01
  1.000  0.500
  -0.2362D+01   0.0000D+00  -0.2817D+01   0.0000D+00   0.0000D+00   0.0000D+00  -0.2690D+01   0.0000D+00  -0.2362D+01   0.0000D+00  -0.2817D+01   0.0000D+00
   0.5937D+00   0.0000D+00   0.1055D+00   0.0000D+00   0.1559D+00   0.0000D+00   0.2247D+00   0.0000D+00   0.4994D-01   0.0000D+00   0.0000D+00   0.0000D+00   0.5937D+00   0.0000D+00   0.1055D+00   0.0000D+00   0.1559D+00   0.0000D+00
   0.0000D+00   0.0000D+00   0.0000D+00   0.0000D+00   0.0000D+00   0.0000D+00   0.0000D+00   0.0000D+00
  -0.1792D+01   0.4260D+00  -0.2495D+01   0.2569D+00   0.2334D+00  -0.2840D+00  -0.2601D+01  -0.7574D-02  -0.1792D+01   0.4260D+00  -0.2495D+01   0.2569D+00
   0.6284D+00  -0.2009D-01   0.1139D+00  -0.7788D-02   0.1091D+00  -0.5822D-01   0.2417D+00   0.0000D+00   0.6064D-01   0.6446D-02  -0.1228D-02   0.2110D-01   0.6284D+00  -0.2009D-01   0.1139D+00  -0.7788D-02   0.1091D+00  -0.5822D-01
  -0.1423D-02  -0.7001D-02  -0.4327D-02  -0.1169D-01  -0.1423D-02  -0.7001D-02  -0.4327D-02  -0.1169D-01
  1.000  1.000
  -0.2152D+01   0.0000D+00  -0.2566D+01   0.0000D+00   0.0000D+00   0.0000D+00  -0.2451D+01   0.0000D+00  -0.2152D+01   0.0000D+00  -0.2566D+01   0.0000D+00
   0.5937D+00   0.0000D+00   0.1055D+00   0.0000D+00   0.1559D+00   0.0000D+00   0.2247D+00   0.0000D+00   0.4994D-01   0.0000D+00   0.0000D+00   0.0000D+00   0.5937D+00   0.0000D+00   0.1055D+00   0.0000D+00   0.1559D+00   0.0000D+00
   0.0000D+00   0.0000D+00   0.0000D+00   0.0000D+00   0.0000D+00   0.0000D+00   0.0000D+00   0.0000D+00
  -0.1863D+01   0.3536D+00  -0.2519D+01   0.2132D+00   0.1937D+00  -0.2357D+00  -0.2586D+01  -0.6286D-02  -0.1863D+01   0.3536D+00  -0.2519D+01   0.2132D+00
   0.6258D+00  -0.1831D-01   0.1132D+00  -0.7096D-02   0.1134D+00  -0.5304D-01   0.2403D+00   0.0000D+00   0.5972D-01   0.5873D-02  -0.1116D-02   0.1922D-01   0.6258D+00  -0.1831D-01   0.1132D+00  -0.7096D-02   0.1134D+00  -0.5304D-01
  -0.1296D-02  -0.6378D-02  -0.3942D-02  -0.1065D-01  -0.1296D-02  -0.6378D-02  -0.3942D-02  -0.1065D-01
  1.000  2.000
  -0.1977D+01   0.0000D+00  -0.2358D+01   0.0000D+00   0.0000D+00   0.0000D+00  -0.2252D+01   0.0000D+00  -0.1977D+01   0.0000D+00  -0.2358D+01   0.0000D+00
   0.5937D+00   0.0000D+00   0.1055D+00   0.0000D+00   0.1559D+00   0.0000D+00   0.2247D+00   0.0000D+00   0.4994D-01   0.0000D+00   0.0000D+00   0.0000D+00   0.5937D+00   0.0000D+00   0.1055D+00   0.0000D+00   0.1559D+00   0.0000D+00
   0.0000D+00   0.0000D+00   0.0000D+00   0.0000D+00   0.0000D+00   0.0000D+00   0.0000D+00   0.0000D+00
  -0.1889D+01   0.2984D+00  -0.2503D+01   0.1800D+00   0.1634D+00  -0.1990D+00  -0.2543D+01  -0.5305D-02  -0.1889D+01   0.2984D+00  -0.2503D+01   0.1800D+00
   0.6235D+00  -0.1682D-01   0.1126D+00  -0.6519D-02   0.1169D+00  -0.4873D-01   0.2391D+00   0.0000D+00   0.5895D-01   0.5396D-02  -0.1022D-02   0.1766D-01   0.6235D+00  -0.1682D-01   0.1126D+00  -0.6519D-02   0.1169D+00  -0.4873D-01
  -0.1191D-02  -0.5860D-02  -0.3622D-02  -0.9788D-02  -0.1191D-02  -0.5860D-02  -0.3622D-02  -0.9788D-02
  2.000  0.500
  -0.2264D+01   0.0000D+00  -0.2724D+01   0.0000D+00   0.0000D+00   0.0000D+00  -0.2601D+01   0.0000D+00  -0.2264D+01   0.0000D+00  -0.2724D+01   0.0000D+00
   0.5723D+00   0.0000D+00   0.1019D+00   0.0000D+00   0.1499D+00   0.0000D+00   0.2159D+00   0.0000D+00   0.4798D-01   0.0000D+00   0.0000D+00   0.0000D+00   0.5723D+00   0.0000D+00   0.1019D+00   0.0000D+00   0.1499D+00   0.0000D+00
   0.0000D+00   0.0000D+00   0.0000D+00   0.0000D+00   0.0000D+00   0.0000D+00   0.0000D+00   0.0000D+00
  -0.1811D+01   0.4131D+00  -0.2523D+01   0.2494D+00   0.2249D+00  -0.2747D+00  -0.2610D+01  -0.7064D-02  -0.1811D+01   0.4131D+00  -0.2523D+01   0.2494D+00
   0.6255D+00  -0.1935D-01   0.1131D+00  -0.7513D-02   0.1104D+00  -0.5587D-01   0.2388D+00   0.0000D+00   0.5978D-01   0.6193D-02  -0.1054D-02   0.2027D-01   0.6255D+00  -0.1935D-01   0.1131D+00  -0.7513D-02   0.1104D+00  -0.5587D-01
  -0.1378D-02  -0.6739D-02  -0.4201D-02  -0.1130D-01  -0.1378D-02  -0.6739D-02  -0.4201D-02  -0.1130D-01
  2.000  1.000
  -0.2062D+01   0.0000D+00  -0.2482D+01   0.0000D+00   0.0000D+00   0.0000D+00  -0.2370D+01   0.0000D+00  -0.2062D+01   0.0000D+00  -0.2482D+01   0.0000D+00
   0.5723D+00   0.0000D+00   0.1019D+00   0.0000D+00   0.1499D+00   0.0000D+00   0.2159D+00   0.0000D+00   0.4798D-01   0.0000D+00   0.0000D+00   0.0000D+00   0.5723D+00   0.0000D+00   0.1019D+00   0.0000D+00   0.1499D+00   0.0000D+00
   0.0000D+00   0.0000D+00   0.0000D+00   0.0000D+00   0.0000D+00   0.0000D+00   0.0000D+00   0.0000D+00
  -0.1862D+01   0.3428D+00  -0.2526D+01   0.2070D+00   0.1867D+00  -0.2280D+00  -0.2579D+01  -0.5862D-02  -0.1862D+01   0.3428D+00  -0.2526D+01   0.2070D+00
   0.6198D+00  -0.1763D-01   0.1120D+00  -0.6844D-02   0.1136D+00  -0.5090D-01   0.2366D+00   0.0000D+00   0.5869D-01   0.5642D-02  -0.9590D-03   0.1846D-01   0.6198D+00  -0.1763D-01   0.1120D+00  -0.6844D-02   0.1136D+00  -0.5090D-01
  -0.1255D-02  -0.6139D-02  -0.3827D-02  -0.1029D-01  -0.1255D-02  -0.6139D-02  -0.3827D-02  -0.1029D-01
  2.000  2.000
  -0.1895D+01   0.0000D+00  -0.2280D+01   0.0000D+00   0.0000D+00   0.0000D+00  -0.2177D+01   0.0000D+00  -0.1895D+01   0.0000D+00  -0.2280D+01   0.0000D+00
   0.5723D+00   0.0000D+00   0.1019D+00   0.0000D+00   0.1499D+00   0.0000D+00   0.2159D+00   0.0000D+00   0.4798D-01   0.0000D+00   0.0000D+00   0.0000D+00   0.5723D+00   0.0000D+00   0.1019D+00   0.0000D+00   0.1499D+00   0.0000D+00
   0.0000D+00   0.0000D+00   0.0000D+00   0.0000D+00   0.0000D+00   0.0000D+00   0.0000D+00   0.0000D+00
  -0.1875D+01   0.2894D+00  -0.2497D+01   0.1747D+00   0.1575D+00  -0.1924D+00  -0.2525D+01  -0.4947D-02  -0.1875D+01   0.2894D+00  -0.2497D+01   0.1747D+00
   0.6163D+00  -0.1620D-01   0.1112D+00  -0.6288D-02   0.1166D+00  -0.4677D-01   0.2350D+00   0.0000D+00   0.5785D-01   0.5183D-02  -0.8785D-03   0.1696D-01   0.6163D+00  -0.1620D-01   0.1112D+00  -0.6288D-02   0.1166D+00  -0.4677D-01
  -0.1153D-02  -0.5640D-02  -0.3516D-02  -0.9457D-02  -0.1153D-02  -0.5640D-02  -0.3516D-02  -0.9457D-02
