 LHC=           1 sqrts=   8000.0000000000000      ang=           4 mode=fital                                                                                               scalescheme=           1 R=  0.69999999999999996     
 CT10nlo_rand5678                                                                                              75
 Bin information: chid, chiu, md, mu, mu0
   0.0000000000000000       0.50000000000000000        1784.0000000000000        2116.0000000000000        1950.0000000000000     
 9 scales(muf, mur)*(LO(38), NLO(38))
  0.500  0.500
  -0.7938D-02   0.0000D+00  -0.5259D-02   0.0000D+00   0.0000D+00   0.0000D+00  -0.2083D-02   0.0000D+00  -0.7938D-02   0.0000D+00  -0.5259D-02   0.0000D+00
   0.5952D-01   0.0000D+00   0.8824D-02   0.0000D+00   0.2641D-01   0.0000D+00   0.7351D-02   0.0000D+00   0.1634D-02   0.0000D+00   0.0000D+00   0.0000D+00   0.5952D-01   0.0000D+00   0.8824D-02   0.0000D+00   0.2641D-01   0.0000D+00
   0.0000D+00   0.0000D+00   0.0000D+00   0.0000D+00   0.0000D+00   0.0000D+00   0.0000D+00   0.0000D+00
  -0.6997D-02   0.5749D-03  -0.4812D-02   0.3184D-03   0.1899D-03  -0.1738D-03  -0.1827D-02   0.1374D-03  -0.6997D-02   0.5749D-03  -0.4812D-02   0.3184D-03
   0.4492D-01  -0.2691D-02   0.6781D-02  -0.7618D-03   0.1620D-01  -0.4412D-02   0.6145D-02   0.0000D+00   0.1521D-02   0.1665D-03  -0.3586D-03   0.5448D-03   0.4492D-01  -0.2691D-02   0.6781D-02  -0.7618D-03   0.1620D-01  -0.4412D-02
  -0.3036D-03  -0.6718D-03  -0.2813D-03  -0.5499D-03  -0.3036D-03  -0.6718D-03  -0.2813D-03  -0.5499D-03
  0.500  1.000
  -0.7374D-02   0.0000D+00  -0.4886D-02   0.0000D+00   0.0000D+00   0.0000D+00  -0.1936D-02   0.0000D+00  -0.7374D-02   0.0000D+00  -0.4886D-02   0.0000D+00
   0.5952D-01   0.0000D+00   0.8824D-02   0.0000D+00   0.2641D-01   0.0000D+00   0.7351D-02   0.0000D+00   0.1634D-02   0.0000D+00   0.0000D+00   0.0000D+00   0.5952D-01   0.0000D+00   0.8824D-02   0.0000D+00   0.2641D-01   0.0000D+00
   0.0000D+00   0.0000D+00   0.0000D+00   0.0000D+00   0.0000D+00   0.0000D+00   0.0000D+00   0.0000D+00
  -0.7069D-02   0.4962D-03  -0.4836D-02   0.2749D-03   0.1639D-03  -0.1500D-03  -0.1847D-02   0.1186D-03  -0.7069D-02   0.4962D-03  -0.4836D-02   0.2749D-03
   0.4596D-01  -0.2500D-02   0.6927D-02  -0.7077D-03   0.1693D-01  -0.4099D-02   0.6231D-02   0.0000D+00   0.1529D-02   0.1546D-03  -0.3332D-03   0.5061D-03   0.4596D-01  -0.2500D-02   0.6927D-02  -0.7077D-03   0.1693D-01  -0.4099D-02
  -0.2821D-03  -0.6242D-03  -0.2613D-03  -0.5109D-03  -0.2821D-03  -0.6242D-03  -0.2613D-03  -0.5109D-03
  0.500  2.000
  -0.6887D-02   0.0000D+00  -0.4563D-02   0.0000D+00   0.0000D+00   0.0000D+00  -0.1808D-02   0.0000D+00  -0.6887D-02   0.0000D+00  -0.4563D-02   0.0000D+00
   0.5952D-01   0.0000D+00   0.8824D-02   0.0000D+00   0.2641D-01   0.0000D+00   0.7351D-02   0.0000D+00   0.1634D-02   0.0000D+00   0.0000D+00   0.0000D+00   0.5952D-01   0.0000D+00   0.8824D-02   0.0000D+00   0.2641D-01   0.0000D+00
   0.0000D+00   0.0000D+00   0.0000D+00   0.0000D+00   0.0000D+00   0.0000D+00   0.0000D+00   0.0000D+00
  -0.7063D-02   0.4327D-03  -0.4812D-02   0.2397D-03   0.1430D-03  -0.1308D-03  -0.1846D-02   0.1034D-03  -0.7063D-02   0.4327D-03  -0.4812D-02   0.2397D-03
   0.4686D-01  -0.2335D-02   0.7053D-02  -0.6610D-03   0.1755D-01  -0.3829D-02   0.6305D-02   0.0000D+00   0.1536D-02   0.1444D-03  -0.3112D-03   0.4727D-03   0.4686D-01  -0.2335D-02   0.7053D-02  -0.6610D-03   0.1755D-01  -0.3829D-02
  -0.2634D-03  -0.5829D-03  -0.2440D-03  -0.4772D-03  -0.2634D-03  -0.5829D-03  -0.2440D-03  -0.4772D-03
  1.000  0.500
  -0.6660D-02   0.0000D+00  -0.4409D-02   0.0000D+00   0.0000D+00   0.0000D+00  -0.1744D-02   0.0000D+00  -0.6660D-02   0.0000D+00  -0.4409D-02   0.0000D+00
   0.4988D-01   0.0000D+00   0.7390D-02   0.0000D+00   0.2215D-01   0.0000D+00   0.6149D-02   0.0000D+00   0.1366D-02   0.0000D+00   0.0000D+00   0.0000D+00   0.4988D-01   0.0000D+00   0.7390D-02   0.0000D+00   0.2215D-01   0.0000D+00
   0.0000D+00   0.0000D+00   0.0000D+00   0.0000D+00   0.0000D+00   0.0000D+00   0.0000D+00   0.0000D+00
  -0.7044D-02   0.4819D-03  -0.4809D-02   0.2670D-03   0.1567D-03  -0.1455D-03  -0.1839D-02   0.1153D-03  -0.7044D-02   0.4819D-03  -0.4809D-02   0.2670D-03
   0.4641D-01  -0.2257D-02   0.6979D-02  -0.6387D-03   0.1751D-01  -0.3697D-02   0.6228D-02   0.0000D+00   0.1514D-02   0.1392D-03  -0.3003D-03   0.4557D-03   0.4641D-01  -0.2257D-02   0.6979D-02  -0.6387D-03   0.1751D-01  -0.3697D-02
  -0.2549D-03  -0.5641D-03  -0.2357D-03  -0.4603D-03  -0.2549D-03  -0.5641D-03  -0.2357D-03  -0.4603D-03
  1.000  1.000
  -0.6188D-02   0.0000D+00  -0.4096D-02   0.0000D+00   0.0000D+00   0.0000D+00  -0.1620D-02   0.0000D+00  -0.6188D-02   0.0000D+00  -0.4096D-02   0.0000D+00
   0.4988D-01   0.0000D+00   0.7390D-02   0.0000D+00   0.2215D-01   0.0000D+00   0.6149D-02   0.0000D+00   0.1366D-02   0.0000D+00   0.0000D+00   0.0000D+00   0.4988D-01   0.0000D+00   0.7390D-02   0.0000D+00   0.2215D-01   0.0000D+00
   0.0000D+00   0.0000D+00   0.0000D+00   0.0000D+00   0.0000D+00   0.0000D+00   0.0000D+00   0.0000D+00
  -0.6944D-02   0.4159D-03  -0.4723D-02   0.2305D-03   0.1353D-03  -0.1256D-03  -0.1814D-02   0.9951D-04  -0.6944D-02   0.4159D-03  -0.4723D-02   0.2305D-03
   0.4666D-01  -0.2097D-02   0.7009D-02  -0.5934D-03   0.1784D-01  -0.3435D-02   0.6223D-02   0.0000D+00   0.1503D-02   0.1294D-03  -0.2790D-03   0.4233D-03   0.4666D-01  -0.2097D-02   0.7009D-02  -0.5934D-03   0.1784D-01  -0.3435D-02
  -0.2368D-03  -0.5241D-03  -0.2190D-03  -0.4277D-03  -0.2368D-03  -0.5241D-03  -0.2190D-03  -0.4277D-03
  1.000  2.000
  -0.5779D-02   0.0000D+00  -0.3826D-02   0.0000D+00   0.0000D+00   0.0000D+00  -0.1513D-02   0.0000D+00  -0.5779D-02   0.0000D+00  -0.3826D-02   0.0000D+00
   0.4988D-01   0.0000D+00   0.7390D-02   0.0000D+00   0.2215D-01   0.0000D+00   0.6149D-02   0.0000D+00   0.1366D-02   0.0000D+00   0.0000D+00   0.0000D+00   0.4988D-01   0.0000D+00   0.7390D-02   0.0000D+00   0.2215D-01   0.0000D+00
   0.0000D+00   0.0000D+00   0.0000D+00   0.0000D+00   0.0000D+00   0.0000D+00   0.0000D+00   0.0000D+00
  -0.6809D-02   0.3627D-03  -0.4618D-02   0.2010D-03   0.1180D-03  -0.1095D-03  -0.1779D-02   0.8679D-04  -0.6809D-02   0.3627D-03  -0.4618D-02   0.2010D-03
   0.4687D-01  -0.1958D-02   0.7034D-02  -0.5541D-03   0.1812D-01  -0.3208D-02   0.6218D-02   0.0000D+00   0.1494D-02   0.1208D-03  -0.2606D-03   0.3954D-03   0.4687D-01  -0.1958D-02   0.7034D-02  -0.5541D-03   0.1812D-01  -0.3208D-02
  -0.2211D-03  -0.4894D-03  -0.2045D-03  -0.3994D-03  -0.2211D-03  -0.4894D-03  -0.2045D-03  -0.3994D-03
  2.000  0.500
  -0.5651D-02   0.0000D+00  -0.3739D-02   0.0000D+00   0.0000D+00   0.0000D+00  -0.1477D-02   0.0000D+00  -0.5651D-02   0.0000D+00  -0.3739D-02   0.0000D+00
   0.4228D-01   0.0000D+00   0.6262D-02   0.0000D+00   0.1879D-01   0.0000D+00   0.5202D-02   0.0000D+00   0.1156D-02   0.0000D+00   0.0000D+00   0.0000D+00   0.4228D-01   0.0000D+00   0.6262D-02   0.0000D+00   0.1879D-01   0.0000D+00
   0.0000D+00   0.0000D+00   0.0000D+00   0.0000D+00   0.0000D+00   0.0000D+00   0.0000D+00   0.0000D+00
  -0.6974D-02   0.4086D-03  -0.4746D-02   0.2265D-03   0.1323D-03  -0.1232D-03  -0.1822D-02   0.9784D-04  -0.6974D-02   0.4086D-03  -0.4746D-02   0.2265D-03
   0.4688D-01  -0.1915D-02   0.7031D-02  -0.5415D-03   0.1819D-01  -0.3132D-02   0.6201D-02   0.0000D+00   0.1488D-02   0.1178D-03  -0.2519D-03   0.3855D-03   0.4688D-01  -0.1915D-02   0.7031D-02  -0.5415D-03   0.1819D-01  -0.3132D-02
  -0.2164D-03  -0.4775D-03  -0.1999D-03  -0.3902D-03  -0.2164D-03  -0.4775D-03  -0.1999D-03  -0.3902D-03
  2.000  1.000
  -0.5250D-02   0.0000D+00  -0.3474D-02   0.0000D+00   0.0000D+00   0.0000D+00  -0.1372D-02   0.0000D+00  -0.5250D-02   0.0000D+00  -0.3474D-02   0.0000D+00
   0.4228D-01   0.0000D+00   0.6262D-02   0.0000D+00   0.1879D-01   0.0000D+00   0.5202D-02   0.0000D+00   0.1156D-02   0.0000D+00   0.0000D+00   0.0000D+00   0.4228D-01   0.0000D+00   0.6262D-02   0.0000D+00   0.1879D-01   0.0000D+00
   0.0000D+00   0.0000D+00   0.0000D+00   0.0000D+00   0.0000D+00   0.0000D+00   0.0000D+00   0.0000D+00
  -0.6753D-02   0.3527D-03  -0.4582D-02   0.1955D-03   0.1142D-03  -0.1064D-03  -0.1764D-02   0.8445D-04  -0.6753D-02   0.3527D-03  -0.4582D-02   0.1955D-03
   0.4656D-01  -0.1779D-02   0.6977D-02  -0.5031D-03   0.1823D-01  -0.2910D-02   0.6130D-02   0.0000D+00   0.1465D-02   0.1094D-03  -0.2340D-03   0.3582D-03   0.4656D-01  -0.1779D-02   0.6977D-02  -0.5031D-03   0.1823D-01  -0.2910D-02
  -0.2010D-03  -0.4437D-03  -0.1857D-03  -0.3625D-03  -0.2010D-03  -0.4437D-03  -0.1857D-03  -0.3625D-03
  2.000  2.000
  -0.4903D-02   0.0000D+00  -0.3244D-02   0.0000D+00   0.0000D+00   0.0000D+00  -0.1281D-02   0.0000D+00  -0.4903D-02   0.0000D+00  -0.3244D-02   0.0000D+00
   0.4228D-01   0.0000D+00   0.6262D-02   0.0000D+00   0.1879D-01   0.0000D+00   0.5202D-02   0.0000D+00   0.1156D-02   0.0000D+00   0.0000D+00   0.0000D+00   0.4228D-01   0.0000D+00   0.6262D-02   0.0000D+00   0.1879D-01   0.0000D+00
   0.0000D+00   0.0000D+00   0.0000D+00   0.0000D+00   0.0000D+00   0.0000D+00   0.0000D+00   0.0000D+00
  -0.6529D-02   0.3076D-03  -0.4419D-02   0.1705D-03   0.9962D-04  -0.9275D-04  -0.1706D-02   0.7365D-04  -0.6529D-02   0.3076D-03  -0.4419D-02   0.1705D-03
   0.4628D-01  -0.1662D-02   0.6930D-02  -0.4699D-03   0.1827D-01  -0.2718D-02   0.6069D-02   0.0000D+00   0.1444D-02   0.1022D-03  -0.2186D-03   0.3345D-03   0.4628D-01  -0.1662D-02   0.6930D-02  -0.4699D-03   0.1827D-01  -0.2718D-02
  -0.1877D-03  -0.4143D-03  -0.1734D-03  -0.3385D-03  -0.1877D-03  -0.4143D-03  -0.1734D-03  -0.3385D-03
