 LHC=           1 sqrts=   8000.0000000000000      ang=           4 mode=fital                                                                                               scalescheme=           1 R=  0.69999999999999996     
 CT10nlo_rand5678                                                                                              92
 Bin information: chid, chiu, md, mu, mu0
   0.0000000000000000       0.50000000000000000        272.00000000000000        300.00000000000000        286.00000000000000     
 9 scales(muf, mur)*(LO(38), NLO(38))
  0.500  0.500
  -0.2419D+01   0.0000D+00  -0.2940D+01   0.0000D+00   0.0000D+00   0.0000D+00  -0.2839D+01   0.0000D+00  -0.2419D+01   0.0000D+00  -0.2940D+01   0.0000D+00
   0.6156D+00   0.0000D+00   0.1099D+00   0.0000D+00   0.1595D+00   0.0000D+00   0.2336D+00   0.0000D+00   0.5190D-01   0.0000D+00   0.0000D+00   0.0000D+00   0.6156D+00   0.0000D+00   0.1099D+00   0.0000D+00   0.1595D+00   0.0000D+00
   0.0000D+00   0.0000D+00   0.0000D+00   0.0000D+00   0.0000D+00   0.0000D+00   0.0000D+00   0.0000D+00
  -0.1717D+01   0.4461D+00  -0.2515D+01   0.2695D+00   0.2444D+00  -0.3000D+00  -0.2631D+01  -0.9029D-02  -0.1717D+01   0.4461D+00  -0.2515D+01   0.2695D+00
   0.6410D+00  -0.2060D-01   0.1171D+00  -0.7983D-02   0.1072D+00  -0.5972D-01   0.2443D+00   0.0000D+00   0.6179D-01   0.6701D-02  -0.1285D-02   0.2193D-01   0.6410D+00  -0.2060D-01   0.1171D+00  -0.7983D-02   0.1072D+00  -0.5972D-01
  -0.1442D-02  -0.7081D-02  -0.4525D-02  -0.1220D-01  -0.1442D-02  -0.7081D-02  -0.4525D-02  -0.1220D-01
  0.500  1.000
  -0.2204D+01   0.0000D+00  -0.2679D+01   0.0000D+00   0.0000D+00   0.0000D+00  -0.2586D+01   0.0000D+00  -0.2204D+01   0.0000D+00  -0.2679D+01   0.0000D+00
   0.6156D+00   0.0000D+00   0.1099D+00   0.0000D+00   0.1595D+00   0.0000D+00   0.2336D+00   0.0000D+00   0.5190D-01   0.0000D+00   0.0000D+00   0.0000D+00   0.6156D+00   0.0000D+00   0.1099D+00   0.0000D+00   0.1595D+00   0.0000D+00
   0.0000D+00   0.0000D+00   0.0000D+00   0.0000D+00   0.0000D+00   0.0000D+00   0.0000D+00   0.0000D+00
  -0.1810D+01   0.3702D+00  -0.2556D+01   0.2237D+00   0.2028D+00  -0.2490D+00  -0.2635D+01  -0.7493D-02  -0.1810D+01   0.3702D+00  -0.2556D+01   0.2237D+00
   0.6393D+00  -0.1877D-01   0.1165D+00  -0.7273D-02   0.1120D+00  -0.5441D-01   0.2435D+00   0.0000D+00   0.6095D-01   0.6105D-02  -0.1167D-02   0.1998D-01   0.6393D+00  -0.1877D-01   0.1165D+00  -0.7273D-02   0.1120D+00  -0.5441D-01
  -0.1313D-02  -0.6451D-02  -0.4123D-02  -0.1111D-01  -0.1313D-02  -0.6451D-02  -0.4123D-02  -0.1111D-01
  0.500  2.000
  -0.2025D+01   0.0000D+00  -0.2461D+01   0.0000D+00   0.0000D+00   0.0000D+00  -0.2376D+01   0.0000D+00  -0.2025D+01   0.0000D+00  -0.2461D+01   0.0000D+00
   0.6156D+00   0.0000D+00   0.1099D+00   0.0000D+00   0.1595D+00   0.0000D+00   0.2336D+00   0.0000D+00   0.5190D-01   0.0000D+00   0.0000D+00   0.0000D+00   0.6156D+00   0.0000D+00   0.1099D+00   0.0000D+00   0.1595D+00   0.0000D+00
   0.0000D+00   0.0000D+00   0.0000D+00   0.0000D+00   0.0000D+00   0.0000D+00   0.0000D+00   0.0000D+00
  -0.1852D+01   0.3125D+00  -0.2551D+01   0.1888D+00   0.1711D+00  -0.2102D+00  -0.2604D+01  -0.6324D-02  -0.1852D+01   0.3125D+00  -0.2551D+01   0.1888D+00
   0.6377D+00  -0.1724D-01   0.1161D+00  -0.6682D-02   0.1159D+00  -0.4999D-01   0.2428D+00   0.0000D+00   0.6024D-01   0.5609D-02  -0.1070D-02   0.1836D-01   0.6377D+00  -0.1724D-01   0.1161D+00  -0.6682D-02   0.1159D+00  -0.4999D-01
  -0.1206D-02  -0.5927D-02  -0.3788D-02  -0.1021D-01  -0.1206D-02  -0.5927D-02  -0.3788D-02  -0.1021D-01
  1.000  0.500
  -0.2315D+01   0.0000D+00  -0.2858D+01   0.0000D+00   0.0000D+00   0.0000D+00  -0.2738D+01   0.0000D+00  -0.2315D+01   0.0000D+00  -0.2858D+01   0.0000D+00
   0.5928D+00   0.0000D+00   0.1059D+00   0.0000D+00   0.1527D+00   0.0000D+00   0.2260D+00   0.0000D+00   0.5023D-01   0.0000D+00   0.0000D+00   0.0000D+00   0.5928D+00   0.0000D+00   0.1059D+00   0.0000D+00   0.1527D+00   0.0000D+00
   0.0000D+00   0.0000D+00   0.0000D+00   0.0000D+00   0.0000D+00   0.0000D+00   0.0000D+00   0.0000D+00
  -0.1743D+01   0.4325D+00  -0.2538D+01   0.2593D+00   0.2352D+00  -0.2891D+00  -0.2653D+01  -0.8225D-02  -0.1743D+01   0.4325D+00  -0.2538D+01   0.2593D+00
   0.6258D+00  -0.1968D-01   0.1140D+00  -0.7727D-02   0.1059D+00  -0.5821D-01   0.2417D+00   0.0000D+00   0.6088D-01   0.6483D-02  -0.1018D-02   0.2122D-01   0.6258D+00  -0.1968D-01   0.1140D+00  -0.7727D-02   0.1059D+00  -0.5821D-01
  -0.1393D-02  -0.6921D-02  -0.4386D-02  -0.1175D-01  -0.1393D-02  -0.6921D-02  -0.4386D-02  -0.1175D-01
  1.000  1.000
  -0.2109D+01   0.0000D+00  -0.2604D+01   0.0000D+00   0.0000D+00   0.0000D+00  -0.2495D+01   0.0000D+00  -0.2109D+01   0.0000D+00  -0.2604D+01   0.0000D+00
   0.5928D+00   0.0000D+00   0.1059D+00   0.0000D+00   0.1527D+00   0.0000D+00   0.2260D+00   0.0000D+00   0.5023D-01   0.0000D+00   0.0000D+00   0.0000D+00   0.5928D+00   0.0000D+00   0.1059D+00   0.0000D+00   0.1527D+00   0.0000D+00
   0.0000D+00   0.0000D+00   0.0000D+00   0.0000D+00   0.0000D+00   0.0000D+00   0.0000D+00   0.0000D+00
  -0.1815D+01   0.3590D+00  -0.2561D+01   0.2152D+00   0.1952D+00  -0.2400D+00  -0.2637D+01  -0.6826D-02  -0.1815D+01   0.3590D+00  -0.2561D+01   0.2152D+00
   0.6234D+00  -0.1793D-01   0.1134D+00  -0.7040D-02   0.1102D+00  -0.5303D-01   0.2405D+00   0.0000D+00   0.5997D-01   0.5906D-02  -0.9238D-03   0.1933D-01   0.6234D+00  -0.1793D-01   0.1134D+00  -0.7040D-02   0.1102D+00  -0.5303D-01
  -0.1269D-02  -0.6306D-02  -0.3996D-02  -0.1070D-01  -0.1269D-02  -0.6306D-02  -0.3996D-02  -0.1070D-01
  1.000  2.000
  -0.1938D+01   0.0000D+00  -0.2392D+01   0.0000D+00   0.0000D+00   0.0000D+00  -0.2292D+01   0.0000D+00  -0.1938D+01   0.0000D+00  -0.2392D+01   0.0000D+00
   0.5928D+00   0.0000D+00   0.1059D+00   0.0000D+00   0.1527D+00   0.0000D+00   0.2260D+00   0.0000D+00   0.5023D-01   0.0000D+00   0.0000D+00   0.0000D+00   0.5928D+00   0.0000D+00   0.1059D+00   0.0000D+00   0.1527D+00   0.0000D+00
   0.0000D+00   0.0000D+00   0.0000D+00   0.0000D+00   0.0000D+00   0.0000D+00   0.0000D+00   0.0000D+00
  -0.1842D+01   0.3030D+00  -0.2544D+01   0.1816D+00   0.1647D+00  -0.2025D+00  -0.2593D+01  -0.5761D-02  -0.1842D+01   0.3030D+00  -0.2544D+01   0.1816D+00
   0.6212D+00  -0.1648D-01   0.1128D+00  -0.6468D-02   0.1138D+00  -0.4872D-01   0.2394D+00   0.0000D+00   0.5920D-01   0.5426D-02  -0.8463D-03   0.1776D-01   0.6212D+00  -0.1648D-01   0.1128D+00  -0.6468D-02   0.1138D+00  -0.4872D-01
  -0.1166D-02  -0.5793D-02  -0.3671D-02  -0.9832D-02  -0.1166D-02  -0.5793D-02  -0.3671D-02  -0.9832D-02
  2.000  0.500
  -0.2219D+01   0.0000D+00  -0.2758D+01   0.0000D+00   0.0000D+00   0.0000D+00  -0.2641D+01   0.0000D+00  -0.2219D+01   0.0000D+00  -0.2758D+01   0.0000D+00
   0.5708D+00   0.0000D+00   0.1021D+00   0.0000D+00   0.1468D+00   0.0000D+00   0.2168D+00   0.0000D+00   0.4817D-01   0.0000D+00   0.0000D+00   0.0000D+00   0.5708D+00   0.0000D+00   0.1021D+00   0.0000D+00   0.1468D+00   0.0000D+00
   0.0000D+00   0.0000D+00   0.0000D+00   0.0000D+00   0.0000D+00   0.0000D+00   0.0000D+00   0.0000D+00
  -0.1764D+01   0.4184D+00  -0.2568D+01   0.2512D+00   0.2265D+00  -0.2790D+00  -0.2663D+01  -0.7665D-02  -0.1764D+01   0.4184D+00  -0.2568D+01   0.2512D+00
   0.6231D+00  -0.1896D-01   0.1133D+00  -0.7448D-02   0.1074D+00  -0.5579D-01   0.2389D+00   0.0000D+00   0.6000D-01   0.6217D-02  -0.8904D-03   0.2035D-01   0.6231D+00  -0.1896D-01   0.1133D+00  -0.7448D-02   0.1074D+00  -0.5579D-01
  -0.1350D-02  -0.6658D-02  -0.4249D-02  -0.1133D-01  -0.1350D-02  -0.6658D-02  -0.4249D-02  -0.1133D-01
  2.000  1.000
  -0.2022D+01   0.0000D+00  -0.2513D+01   0.0000D+00   0.0000D+00   0.0000D+00  -0.2406D+01   0.0000D+00  -0.2022D+01   0.0000D+00  -0.2513D+01   0.0000D+00
   0.5708D+00   0.0000D+00   0.1021D+00   0.0000D+00   0.1468D+00   0.0000D+00   0.2168D+00   0.0000D+00   0.4817D-01   0.0000D+00   0.0000D+00   0.0000D+00   0.5708D+00   0.0000D+00   0.1021D+00   0.0000D+00   0.1468D+00   0.0000D+00
   0.0000D+00   0.0000D+00   0.0000D+00   0.0000D+00   0.0000D+00   0.0000D+00   0.0000D+00   0.0000D+00
  -0.1816D+01   0.3472D+00  -0.2569D+01   0.2085D+00   0.1879D+00  -0.2315D+00  -0.2630D+01  -0.6361D-02  -0.1816D+01   0.3472D+00  -0.2569D+01   0.2085D+00
   0.6175D+00  -0.1727D-01   0.1122D+00  -0.6786D-02   0.1105D+00  -0.5083D-01   0.2368D+00   0.0000D+00   0.5891D-01   0.5664D-02  -0.8075D-03   0.1854D-01   0.6175D+00  -0.1727D-01   0.1122D+00  -0.6786D-02   0.1105D+00  -0.5083D-01
  -0.1230D-02  -0.6066D-02  -0.3871D-02  -0.1032D-01  -0.1230D-02  -0.6066D-02  -0.3871D-02  -0.1032D-01
  2.000  2.000
  -0.1858D+01   0.0000D+00  -0.2308D+01   0.0000D+00   0.0000D+00   0.0000D+00  -0.2211D+01   0.0000D+00  -0.1858D+01   0.0000D+00  -0.2308D+01   0.0000D+00
   0.5708D+00   0.0000D+00   0.1021D+00   0.0000D+00   0.1468D+00   0.0000D+00   0.2168D+00   0.0000D+00   0.4817D-01   0.0000D+00   0.0000D+00   0.0000D+00   0.5708D+00   0.0000D+00   0.1021D+00   0.0000D+00   0.1468D+00   0.0000D+00
   0.0000D+00   0.0000D+00   0.0000D+00   0.0000D+00   0.0000D+00   0.0000D+00   0.0000D+00   0.0000D+00
  -0.1830D+01   0.2931D+00  -0.2538D+01   0.1759D+00   0.1586D+00  -0.1954D+00  -0.2573D+01  -0.5369D-02  -0.1830D+01   0.2931D+00  -0.2538D+01   0.1759D+00
   0.6141D+00  -0.1587D-01   0.1114D+00  -0.6234D-02   0.1136D+00  -0.4670D-01   0.2353D+00   0.0000D+00   0.5807D-01   0.5204D-02  -0.7396D-03   0.1703D-01   0.6141D+00  -0.1587D-01   0.1114D+00  -0.6234D-02   0.1136D+00  -0.4670D-01
  -0.1130D-02  -0.5573D-02  -0.3556D-02  -0.9483D-02  -0.1130D-02  -0.5573D-02  -0.3556D-02  -0.9483D-02
