 LHC=           1 sqrts=   8000.0000000000000      ang=           4 mode=fital                                                                                               scalescheme=           1 R=  0.69999999999999996     
 CT10nlo_rand5678                                                                                              92
 Bin information: chid, chiu, md, mu, mu0
   0.0000000000000000       0.50000000000000000        846.00000000000000        905.00000000000000        875.50000000000000     
 9 scales(muf, mur)*(LO(38), NLO(38))
  0.500  0.500
  -0.2216D+00   0.0000D+00  -0.1718D+00   0.0000D+00   0.0000D+00   0.0000D+00  -0.1025D+00   0.0000D+00  -0.2216D+00   0.0000D+00  -0.1718D+00   0.0000D+00
   0.3878D+00   0.0000D+00   0.6169D-01   0.0000D+00   0.1473D+00   0.0000D+00   0.8358D-01   0.0000D+00   0.1857D-01   0.0000D+00   0.0000D+00   0.0000D+00   0.3878D+00   0.0000D+00   0.6169D-01   0.0000D+00   0.1473D+00   0.0000D+00
   0.0000D+00   0.0000D+00   0.0000D+00   0.0000D+00   0.0000D+00   0.0000D+00   0.0000D+00   0.0000D+00
  -0.1748D+00   0.2124D-01  -0.1496D+00   0.1222D-01   0.1260D-01  -0.9357D-02  -0.9184D-01   0.2977D-02  -0.1748D+00   0.2124D-01  -0.1496D+00   0.1222D-01
   0.3007D+00  -0.1640D-01   0.4956D-01  -0.5064D-02   0.8096D-01  -0.3197D-01   0.7185D-01   0.0000D+00   0.1789D-01   0.2071D-02  -0.2705D-02   0.6777D-02   0.3007D+00  -0.1640D-01   0.4956D-01  -0.5064D-02   0.8096D-01  -0.3197D-01
  -0.1618D-02  -0.4517D-02  -0.2190D-02  -0.4887D-02  -0.1618D-02  -0.4517D-02  -0.2190D-02  -0.4887D-02
  0.500  1.000
  -0.2044D+00   0.0000D+00  -0.1585D+00   0.0000D+00   0.0000D+00   0.0000D+00  -0.9460D-01   0.0000D+00  -0.2044D+00   0.0000D+00  -0.1585D+00   0.0000D+00
   0.3878D+00   0.0000D+00   0.6169D-01   0.0000D+00   0.1473D+00   0.0000D+00   0.8358D-01   0.0000D+00   0.1857D-01   0.0000D+00   0.0000D+00   0.0000D+00   0.3878D+00   0.0000D+00   0.6169D-01   0.0000D+00   0.1473D+00   0.0000D+00
   0.0000D+00   0.0000D+00   0.0000D+00   0.0000D+00   0.0000D+00   0.0000D+00   0.0000D+00   0.0000D+00
  -0.1799D+00   0.1808D-01  -0.1515D+00   0.1040D-01   0.1073D-01  -0.7966D-02  -0.9258D-01   0.2534D-02  -0.1799D+00   0.1808D-01  -0.1515D+00   0.1040D-01
   0.3075D+00  -0.1514D-01   0.5051D-01  -0.4673D-02   0.8611D-01  -0.2950D-01   0.7277D-01   0.0000D+00   0.1795D-01   0.1911D-02  -0.2496D-02   0.6253D-02   0.3075D+00  -0.1514D-01   0.5051D-01  -0.4673D-02   0.8611D-01  -0.2950D-01
  -0.1493D-02  -0.4168D-02  -0.2021D-02  -0.4509D-02  -0.1493D-02  -0.4168D-02  -0.2021D-02  -0.4509D-02
  0.500  2.000
  -0.1898D+00   0.0000D+00  -0.1471D+00   0.0000D+00   0.0000D+00   0.0000D+00  -0.8783D-01   0.0000D+00  -0.1898D+00   0.0000D+00  -0.1471D+00   0.0000D+00
   0.3878D+00   0.0000D+00   0.6169D-01   0.0000D+00   0.1473D+00   0.0000D+00   0.8358D-01   0.0000D+00   0.1857D-01   0.0000D+00   0.0000D+00   0.0000D+00   0.3878D+00   0.0000D+00   0.6169D-01   0.0000D+00   0.1473D+00   0.0000D+00
   0.0000D+00   0.0000D+00   0.0000D+00   0.0000D+00   0.0000D+00   0.0000D+00   0.0000D+00   0.0000D+00
  -0.1818D+00   0.1559D-01  -0.1513D+00   0.8966D-02   0.9250D-02  -0.6867D-02  -0.9218D-01   0.2184D-02  -0.1818D+00   0.1559D-01  -0.1513D+00   0.8966D-02
   0.3133D+00  -0.1405D-01   0.5132D-01  -0.4339D-02   0.9051D-01  -0.2739D-01   0.7355D-01   0.0000D+00   0.1800D-01   0.1774D-02  -0.2318D-02   0.5806D-02   0.3133D+00  -0.1405D-01   0.5132D-01  -0.4339D-02   0.9051D-01  -0.2739D-01
  -0.1386D-02  -0.3870D-02  -0.1876D-02  -0.4186D-02  -0.1386D-02  -0.3870D-02  -0.1876D-02  -0.4186D-02
  1.000  0.500
  -0.1999D+00   0.0000D+00  -0.1551D+00   0.0000D+00   0.0000D+00   0.0000D+00  -0.9222D-01   0.0000D+00  -0.1999D+00   0.0000D+00  -0.1551D+00   0.0000D+00
   0.3498D+00   0.0000D+00   0.5558D-01   0.0000D+00   0.1329D+00   0.0000D+00   0.7503D-01   0.0000D+00   0.1667D-01   0.0000D+00   0.0000D+00   0.0000D+00   0.3498D+00   0.0000D+00   0.5558D-01   0.0000D+00   0.1329D+00   0.0000D+00
   0.0000D+00   0.0000D+00   0.0000D+00   0.0000D+00   0.0000D+00   0.0000D+00   0.0000D+00   0.0000D+00
  -0.1769D+00   0.1915D-01  -0.1511D+00   0.1101D-01   0.1133D-01  -0.8422D-02  -0.9202D-01   0.2697D-02  -0.1769D+00   0.1915D-01  -0.1511D+00   0.1101D-01
   0.3047D+00  -0.1481D-01   0.5001D-01  -0.4573D-02   0.8630D-01  -0.2879D-01   0.7208D-01   0.0000D+00   0.1777D-01   0.1859D-02  -0.2478D-02   0.6084D-02   0.3047D+00  -0.1481D-01   0.5001D-01  -0.4573D-02   0.8630D-01  -0.2879D-01
  -0.1461D-02  -0.4070D-02  -0.1976D-02  -0.4392D-02  -0.1461D-02  -0.4070D-02  -0.1976D-02  -0.4392D-02
  1.000  1.000
  -0.1845D+00   0.0000D+00  -0.1431D+00   0.0000D+00   0.0000D+00   0.0000D+00  -0.8509D-01   0.0000D+00  -0.1845D+00   0.0000D+00  -0.1431D+00   0.0000D+00
   0.3498D+00   0.0000D+00   0.5558D-01   0.0000D+00   0.1329D+00   0.0000D+00   0.7503D-01   0.0000D+00   0.1667D-01   0.0000D+00   0.0000D+00   0.0000D+00   0.3498D+00   0.0000D+00   0.5558D-01   0.0000D+00   0.1329D+00   0.0000D+00
   0.0000D+00   0.0000D+00   0.0000D+00   0.0000D+00   0.0000D+00   0.0000D+00   0.0000D+00   0.0000D+00
  -0.1787D+00   0.1630D-01  -0.1504D+00   0.9376D-02   0.9650D-02  -0.7170D-02  -0.9129D-01   0.2296D-02  -0.1787D+00   0.1630D-01  -0.1504D+00   0.9376D-02
   0.3082D+00  -0.1367D-01   0.5045D-01  -0.4219D-02   0.8992D-01  -0.2657D-01   0.7232D-01   0.0000D+00   0.1769D-01   0.1715D-02  -0.2287D-02   0.5613D-02   0.3082D+00  -0.1367D-01   0.5045D-01  -0.4219D-02   0.8992D-01  -0.2657D-01
  -0.1348D-02  -0.3755D-02  -0.1823D-02  -0.4053D-02  -0.1348D-02  -0.3755D-02  -0.1823D-02  -0.4053D-02
  1.000  2.000
  -0.1713D+00   0.0000D+00  -0.1328D+00   0.0000D+00   0.0000D+00   0.0000D+00  -0.7900D-01   0.0000D+00  -0.1713D+00   0.0000D+00  -0.1328D+00   0.0000D+00
   0.3498D+00   0.0000D+00   0.5558D-01   0.0000D+00   0.1329D+00   0.0000D+00   0.7503D-01   0.0000D+00   0.1667D-01   0.0000D+00   0.0000D+00   0.0000D+00   0.3498D+00   0.0000D+00   0.5558D-01   0.0000D+00   0.1329D+00   0.0000D+00
   0.0000D+00   0.0000D+00   0.0000D+00   0.0000D+00   0.0000D+00   0.0000D+00   0.0000D+00   0.0000D+00
  -0.1782D+00   0.1405D-01  -0.1484D+00   0.8082D-02   0.8318D-02  -0.6181D-02  -0.8982D-01   0.1979D-02  -0.1782D+00   0.1405D-01  -0.1484D+00   0.8082D-02
   0.3113D+00  -0.1269D-01   0.5082D-01  -0.3917D-02   0.9301D-01  -0.2467D-01   0.7252D-01   0.0000D+00   0.1762D-01   0.1592D-02  -0.2123D-02   0.5212D-02   0.3113D+00  -0.1269D-01   0.5082D-01  -0.3917D-02   0.9301D-01  -0.2467D-01
  -0.1251D-02  -0.3487D-02  -0.1692D-02  -0.3763D-02  -0.1251D-02  -0.3487D-02  -0.1692D-02  -0.3763D-02
  2.000  0.500
  -0.1820D+00   0.0000D+00  -0.1408D+00   0.0000D+00   0.0000D+00   0.0000D+00  -0.8355D-01   0.0000D+00  -0.1820D+00   0.0000D+00  -0.1408D+00   0.0000D+00
   0.3174D+00   0.0000D+00   0.5044D-01   0.0000D+00   0.1210D+00   0.0000D+00   0.6780D-01   0.0000D+00   0.1507D-01   0.0000D+00   0.0000D+00   0.0000D+00   0.3174D+00   0.0000D+00   0.5044D-01   0.0000D+00   0.1210D+00   0.0000D+00
   0.0000D+00   0.0000D+00   0.0000D+00   0.0000D+00   0.0000D+00   0.0000D+00   0.0000D+00   0.0000D+00
  -0.1806D+00   0.1739D-01  -0.1519D+00   0.1000D-01   0.1037D-01  -0.7619D-02  -0.9247D-01   0.2467D-02  -0.1806D+00   0.1739D-01  -0.1519D+00   0.1000D-01
   0.3092D+00  -0.1346D-01   0.5071D-01  -0.4150D-02   0.9096D-01  -0.2614D-01   0.7239D-01   0.0000D+00   0.1767D-01   0.1680D-02  -0.2172D-02   0.5497D-02   0.3092D+00  -0.1346D-01   0.5071D-01  -0.4150D-02   0.9096D-01  -0.2614D-01
  -0.1331D-02  -0.3687D-02  -0.1794D-02  -0.3977D-02  -0.1331D-02  -0.3687D-02  -0.1794D-02  -0.3977D-02
  2.000  1.000
  -0.1680D+00   0.0000D+00  -0.1299D+00   0.0000D+00   0.0000D+00   0.0000D+00  -0.7709D-01   0.0000D+00  -0.1680D+00   0.0000D+00  -0.1299D+00   0.0000D+00
   0.3174D+00   0.0000D+00   0.5044D-01   0.0000D+00   0.1210D+00   0.0000D+00   0.6780D-01   0.0000D+00   0.1507D-01   0.0000D+00   0.0000D+00   0.0000D+00   0.3174D+00   0.0000D+00   0.5044D-01   0.0000D+00   0.1210D+00   0.0000D+00
   0.0000D+00   0.0000D+00   0.0000D+00   0.0000D+00   0.0000D+00   0.0000D+00   0.0000D+00   0.0000D+00
  -0.1793D+00   0.1481D-01  -0.1490D+00   0.8515D-02   0.8828D-02  -0.6487D-02  -0.9045D-01   0.2100D-02  -0.1793D+00   0.1481D-01  -0.1490D+00   0.8515D-02
   0.3099D+00  -0.1242D-01   0.5070D-01  -0.3830D-02   0.9330D-01  -0.2412D-01   0.7204D-01   0.0000D+00   0.1747D-01   0.1550D-02  -0.2004D-02   0.5073D-02   0.3099D+00  -0.1242D-01   0.5070D-01  -0.3830D-02   0.9330D-01  -0.2412D-01
  -0.1228D-02  -0.3402D-02  -0.1656D-02  -0.3670D-02  -0.1228D-02  -0.3402D-02  -0.1656D-02  -0.3670D-02
  2.000  2.000
  -0.1559D+00   0.0000D+00  -0.1206D+00   0.0000D+00   0.0000D+00   0.0000D+00  -0.7157D-01   0.0000D+00  -0.1559D+00   0.0000D+00  -0.1206D+00   0.0000D+00
   0.3174D+00   0.0000D+00   0.5044D-01   0.0000D+00   0.1210D+00   0.0000D+00   0.6780D-01   0.0000D+00   0.1507D-01   0.0000D+00   0.0000D+00   0.0000D+00   0.3174D+00   0.0000D+00   0.5044D-01   0.0000D+00   0.1210D+00   0.0000D+00
   0.0000D+00   0.0000D+00   0.0000D+00   0.0000D+00   0.0000D+00   0.0000D+00   0.0000D+00   0.0000D+00
  -0.1766D+00   0.1276D-01  -0.1455D+00   0.7340D-02   0.7610D-02  -0.5591D-02  -0.8805D-01   0.1811D-02  -0.1766D+00   0.1276D-01  -0.1455D+00   0.7340D-02
   0.3105D+00  -0.1153D-01   0.5068D-01  -0.3555D-02   0.9530D-01  -0.2239D-01   0.7175D-01   0.0000D+00   0.1730D-01   0.1439D-02  -0.1861D-02   0.4709D-02   0.3105D+00  -0.1153D-01   0.5068D-01  -0.3555D-02   0.9530D-01  -0.2239D-01
  -0.1140D-02  -0.3158D-02  -0.1537D-02  -0.3407D-02  -0.1140D-02  -0.3158D-02  -0.1537D-02  -0.3407D-02
