 LHC=           1 sqrts=   8000.0000000000000      ang=           4 mode=fital                                                                                               scalescheme=           1 R=  0.69999999999999996     
 CT10nlo_rand5678                                                                                              93
 Bin information: chid, chiu, md, mu, mu0
   0.0000000000000000       0.50000000000000000        1588.0000000000000        1784.0000000000000        1686.0000000000000     
 9 scales(muf, mur)*(LO(38), NLO(38))
  0.500  0.500
  -0.1766D-01   0.0000D+00  -0.1188D-01   0.0000D+00   0.0000D+00   0.0000D+00  -0.4977D-02   0.0000D+00  -0.1766D-01   0.0000D+00  -0.1188D-01   0.0000D+00
   0.1036D+00   0.0000D+00   0.1554D-01   0.0000D+00   0.4500D-01   0.0000D+00   0.1418D-01   0.0000D+00   0.3150D-02   0.0000D+00   0.0000D+00   0.0000D+00   0.1036D+00   0.0000D+00   0.1554D-01   0.0000D+00   0.4500D-01   0.0000D+00
   0.0000D+00   0.0000D+00   0.0000D+00   0.0000D+00   0.0000D+00   0.0000D+00   0.0000D+00   0.0000D+00
  -0.1519D-01   0.1322D-02  -0.1071D-01   0.7368D-03   0.5224D-03  -0.4211D-03  -0.4343D-02   0.3014D-03  -0.1519D-01   0.1322D-02  -0.1071D-01   0.7368D-03
   0.7741D-01  -0.4653D-02   0.1188D-01  -0.1332D-02   0.2672D-01  -0.7811D-02   0.1180D-01   0.0000D+00   0.2914D-02   0.3257D-03  -0.6886D-03   0.1066D-02   0.7741D-01  -0.4653D-02   0.1188D-01  -0.1332D-02   0.2672D-01  -0.7811D-02
  -0.5023D-03  -0.1177D-02  -0.4911D-03  -0.1007D-02  -0.5023D-03  -0.1177D-02  -0.4911D-03  -0.1007D-02
  0.500  1.000
  -0.1639D-01   0.0000D+00  -0.1102D-01   0.0000D+00   0.0000D+00   0.0000D+00  -0.4619D-02   0.0000D+00  -0.1639D-01   0.0000D+00  -0.1102D-01   0.0000D+00
   0.1036D+00   0.0000D+00   0.1554D-01   0.0000D+00   0.4500D-01   0.0000D+00   0.1418D-01   0.0000D+00   0.3150D-02   0.0000D+00   0.0000D+00   0.0000D+00   0.1036D+00   0.0000D+00   0.1554D-01   0.0000D+00   0.4500D-01   0.0000D+00
   0.0000D+00   0.0000D+00   0.0000D+00   0.0000D+00   0.0000D+00   0.0000D+00   0.0000D+00   0.0000D+00
  -0.1540D-01   0.1139D-02  -0.1078D-01   0.6346D-03   0.4500D-03  -0.3627D-03  -0.4395D-02   0.2596D-03  -0.1540D-01   0.1139D-02  -0.1078D-01   0.6346D-03
   0.7931D-01  -0.4318D-02   0.1214D-01  -0.1237D-02   0.2804D-01  -0.7249D-02   0.1197D-01   0.0000D+00   0.2931D-02   0.3023D-03  -0.6391D-03   0.9893D-03   0.7931D-01  -0.4318D-02   0.1214D-01  -0.1237D-02   0.2804D-01  -0.7249D-02
  -0.4662D-03  -0.1092D-02  -0.4557D-03  -0.9345D-03  -0.4662D-03  -0.1092D-02  -0.4557D-03  -0.9345D-03
  0.500  2.000
  -0.1529D-01   0.0000D+00  -0.1029D-01   0.0000D+00   0.0000D+00   0.0000D+00  -0.4310D-02   0.0000D+00  -0.1529D-01   0.0000D+00  -0.1029D-01   0.0000D+00
   0.1036D+00   0.0000D+00   0.1554D-01   0.0000D+00   0.4500D-01   0.0000D+00   0.1418D-01   0.0000D+00   0.3150D-02   0.0000D+00   0.0000D+00   0.0000D+00   0.1036D+00   0.0000D+00   0.1554D-01   0.0000D+00   0.4500D-01   0.0000D+00
   0.0000D+00   0.0000D+00   0.0000D+00   0.0000D+00   0.0000D+00   0.0000D+00   0.0000D+00   0.0000D+00
  -0.1543D-01   0.9916D-03  -0.1074D-01   0.5525D-03   0.3918D-03  -0.3157D-03  -0.4395D-02   0.2260D-03  -0.1543D-01   0.9916D-03  -0.1074D-01   0.5525D-03
   0.8094D-01  -0.4029D-02   0.1237D-01  -0.1154D-02   0.2917D-01  -0.6764D-02   0.1212D-01   0.0000D+00   0.2946D-02   0.2821D-03  -0.5964D-03   0.9231D-03   0.8094D-01  -0.4029D-02   0.1237D-01  -0.1154D-02   0.2917D-01  -0.6764D-02
  -0.4350D-03  -0.1019D-02  -0.4252D-03  -0.8719D-03  -0.4350D-03  -0.1019D-02  -0.4252D-03  -0.8719D-03
  1.000  0.500
  -0.1507D-01   0.0000D+00  -0.1013D-01   0.0000D+00   0.0000D+00   0.0000D+00  -0.4235D-02   0.0000D+00  -0.1507D-01   0.0000D+00  -0.1013D-01   0.0000D+00
   0.8836D-01   0.0000D+00   0.1324D-01   0.0000D+00   0.3836D-01   0.0000D+00   0.1206D-01   0.0000D+00   0.2680D-02   0.0000D+00   0.0000D+00   0.0000D+00   0.8836D-01   0.0000D+00   0.1324D-01   0.0000D+00   0.3836D-01   0.0000D+00
   0.0000D+00   0.0000D+00   0.0000D+00   0.0000D+00   0.0000D+00   0.0000D+00   0.0000D+00   0.0000D+00
  -0.1534D-01   0.1127D-02  -0.1073D-01   0.6281D-03   0.4412D-03  -0.3581D-03  -0.4379D-02   0.2573D-03  -0.1534D-01   0.1127D-02  -0.1073D-01   0.6281D-03
   0.8009D-01  -0.3965D-02   0.1223D-01  -0.1136D-02   0.2887D-01  -0.6662D-02   0.1198D-01   0.0000D+00   0.2909D-02   0.2771D-03  -0.5884D-03   0.9068D-03   0.8009D-01  -0.3965D-02   0.1223D-01  -0.1136D-02   0.2887D-01  -0.6662D-02
  -0.4289D-03  -0.1003D-02  -0.4182D-03  -0.8576D-03  -0.4289D-03  -0.1003D-02  -0.4182D-03  -0.8576D-03
  1.000  1.000
  -0.1399D-01   0.0000D+00  -0.9398D-02   0.0000D+00   0.0000D+00   0.0000D+00  -0.3931D-02   0.0000D+00  -0.1399D-01   0.0000D+00  -0.9398D-02   0.0000D+00
   0.8836D-01   0.0000D+00   0.1324D-01   0.0000D+00   0.3836D-01   0.0000D+00   0.1206D-01   0.0000D+00   0.2680D-02   0.0000D+00   0.0000D+00   0.0000D+00   0.8836D-01   0.0000D+00   0.1324D-01   0.0000D+00   0.3836D-01   0.0000D+00
   0.0000D+00   0.0000D+00   0.0000D+00   0.0000D+00   0.0000D+00   0.0000D+00   0.0000D+00   0.0000D+00
  -0.1520D-01   0.9705D-03  -0.1057D-01   0.5410D-03   0.3800D-03  -0.3084D-03  -0.4328D-02   0.2216D-03  -0.1520D-01   0.9705D-03  -0.1057D-01   0.5410D-03
   0.8069D-01  -0.3680D-02   0.1230D-01  -0.1054D-02   0.2956D-01  -0.6183D-02   0.1198D-01   0.0000D+00   0.2893D-02   0.2572D-03  -0.5462D-03   0.8416D-03   0.8069D-01  -0.3680D-02   0.1230D-01  -0.1054D-02   0.2956D-01  -0.6183D-02
  -0.3980D-03  -0.9308D-03  -0.3881D-03  -0.7959D-03  -0.3980D-03  -0.9308D-03  -0.3881D-03  -0.7959D-03
  1.000  2.000
  -0.1305D-01   0.0000D+00  -0.8769D-02   0.0000D+00   0.0000D+00   0.0000D+00  -0.3667D-02   0.0000D+00  -0.1305D-01   0.0000D+00  -0.8769D-02   0.0000D+00
   0.8836D-01   0.0000D+00   0.1324D-01   0.0000D+00   0.3836D-01   0.0000D+00   0.1206D-01   0.0000D+00   0.2680D-02   0.0000D+00   0.0000D+00   0.0000D+00   0.8836D-01   0.0000D+00   0.1324D-01   0.0000D+00   0.3836D-01   0.0000D+00
   0.0000D+00   0.0000D+00   0.0000D+00   0.0000D+00   0.0000D+00   0.0000D+00   0.0000D+00   0.0000D+00
  -0.1495D-01   0.8449D-03  -0.1036D-01   0.4710D-03   0.3309D-03  -0.2685D-03  -0.4252D-02   0.1929D-03  -0.1495D-01   0.8449D-03  -0.1036D-01   0.4710D-03
   0.8121D-01  -0.3433D-02   0.1236D-01  -0.9836D-03   0.3015D-01  -0.5769D-02   0.1199D-01   0.0000D+00   0.2879D-02   0.2399D-03  -0.5096D-03   0.7853D-03   0.8121D-01  -0.3433D-02   0.1236D-01  -0.9836D-03   0.3015D-01  -0.5769D-02
  -0.3714D-03  -0.8685D-03  -0.3621D-03  -0.7426D-03  -0.3714D-03  -0.8685D-03  -0.3621D-03  -0.7426D-03
  2.000  0.500
  -0.1298D-01   0.0000D+00  -0.8729D-02   0.0000D+00   0.0000D+00   0.0000D+00  -0.3640D-02   0.0000D+00  -0.1298D-01   0.0000D+00  -0.8729D-02   0.0000D+00
   0.7608D-01   0.0000D+00   0.1140D-01   0.0000D+00   0.3303D-01   0.0000D+00   0.1037D-01   0.0000D+00   0.2304D-02   0.0000D+00   0.0000D+00   0.0000D+00   0.7608D-01   0.0000D+00   0.1140D-01   0.0000D+00   0.3303D-01   0.0000D+00
   0.0000D+00   0.0000D+00   0.0000D+00   0.0000D+00   0.0000D+00   0.0000D+00   0.0000D+00   0.0000D+00
  -0.1532D-01   0.9707D-03  -0.1066D-01   0.5407D-03   0.3804D-03  -0.3080D-03  -0.4354D-02   0.2219D-03  -0.1532D-01   0.9707D-03  -0.1066D-01   0.5407D-03
   0.8125D-01  -0.3416D-02   0.1236D-01  -0.9783D-03   0.3022D-01  -0.5735D-02   0.1200D-01   0.0000D+00   0.2877D-02   0.2382D-03  -0.5044D-03   0.7796D-03   0.8125D-01  -0.3416D-02   0.1236D-01  -0.9783D-03   0.3022D-01  -0.5735D-02
  -0.3695D-03  -0.8636D-03  -0.3602D-03  -0.7373D-03  -0.3695D-03  -0.8636D-03  -0.3602D-03  -0.7373D-03
  2.000  1.000
  -0.1204D-01   0.0000D+00  -0.8101D-02   0.0000D+00   0.0000D+00   0.0000D+00  -0.3378D-02   0.0000D+00  -0.1204D-01   0.0000D+00  -0.8101D-02   0.0000D+00
   0.7608D-01   0.0000D+00   0.1140D-01   0.0000D+00   0.3303D-01   0.0000D+00   0.1037D-01   0.0000D+00   0.2304D-02   0.0000D+00   0.0000D+00   0.0000D+00   0.7608D-01   0.0000D+00   0.1140D-01   0.0000D+00   0.3303D-01   0.0000D+00
   0.0000D+00   0.0000D+00   0.0000D+00   0.0000D+00   0.0000D+00   0.0000D+00   0.0000D+00   0.0000D+00
  -0.1490D-01   0.8361D-03  -0.1033D-01   0.4657D-03   0.3277D-03  -0.2653D-03  -0.4229D-02   0.1911D-03  -0.1490D-01   0.8361D-03  -0.1033D-01   0.4657D-03
   0.8089D-01  -0.3170D-02   0.1229D-01  -0.9080D-03   0.3043D-01  -0.5322D-02   0.1188D-01   0.0000D+00   0.2836D-02   0.2211D-03  -0.4682D-03   0.7236D-03   0.8089D-01  -0.3170D-02   0.1229D-01  -0.9080D-03   0.3043D-01  -0.5322D-02
  -0.3429D-03  -0.8015D-03  -0.3343D-03  -0.6842D-03  -0.3429D-03  -0.8015D-03  -0.3343D-03  -0.6842D-03
  2.000  2.000
  -0.1124D-01   0.0000D+00  -0.7559D-02   0.0000D+00   0.0000D+00   0.0000D+00  -0.3152D-02   0.0000D+00  -0.1124D-01   0.0000D+00  -0.7559D-02   0.0000D+00
   0.7608D-01   0.0000D+00   0.1140D-01   0.0000D+00   0.3303D-01   0.0000D+00   0.1037D-01   0.0000D+00   0.2304D-02   0.0000D+00   0.0000D+00   0.0000D+00   0.7608D-01   0.0000D+00   0.1140D-01   0.0000D+00   0.3303D-01   0.0000D+00
   0.0000D+00   0.0000D+00   0.0000D+00   0.0000D+00   0.0000D+00   0.0000D+00   0.0000D+00   0.0000D+00
  -0.1445D-01   0.7279D-03  -0.9990D-02   0.4054D-03   0.2853D-03  -0.2310D-03  -0.4097D-02   0.1664D-03  -0.1445D-01   0.7279D-03  -0.9990D-02   0.4054D-03
   0.8057D-01  -0.2958D-02   0.1223D-01  -0.8472D-03   0.3060D-01  -0.4966D-02   0.1178D-01   0.0000D+00   0.2800D-02   0.2063D-03  -0.4368D-03   0.6751D-03   0.8057D-01  -0.2958D-02   0.1223D-01  -0.8472D-03   0.3060D-01  -0.4966D-02
  -0.3199D-03  -0.7478D-03  -0.3119D-03  -0.6384D-03  -0.3199D-03  -0.7478D-03  -0.3119D-03  -0.6384D-03
