 LHC=           1 sqrts=   8000.0000000000000      ang=           4 mode=fital                                                                                               scalescheme=           1 R=  0.69999999999999996     
 NNPDF23_nlo_as_0118                                                                                           95
 Bin information: chid, chiu, md, mu, mu0
   0.0000000000000000       0.50000000000000000        1248.0000000000000        1327.0000000000000        1287.5000000000000     
 9 scales(muf, mur)*(LO(38), NLO(38))
  0.500  0.500
  -0.5064D-01   0.0000D+00  -0.3316D-01   0.0000D+00   0.0000D+00   0.0000D+00  -0.1431D-01   0.0000D+00  -0.5064D-01   0.0000D+00  -0.3316D-01   0.0000D+00
   0.1690D+00   0.0000D+00   0.2526D-01   0.0000D+00   0.7365D-01   0.0000D+00   0.2433D-01   0.0000D+00   0.5406D-02   0.0000D+00   0.0000D+00   0.0000D+00   0.1690D+00   0.0000D+00   0.2526D-01   0.0000D+00   0.7365D-01   0.0000D+00
   0.0000D+00   0.0000D+00   0.0000D+00   0.0000D+00   0.0000D+00   0.0000D+00   0.0000D+00   0.0000D+00
  -0.4198D-01   0.3862D-02  -0.2920D-01   0.2200D-02   0.1943D-02  -0.1266D-02  -0.1225D-01   0.8539D-03  -0.4198D-01   0.3862D-02  -0.2920D-01   0.2200D-02
   0.1245D+00  -0.7964D-02   0.1903D-01  -0.2273D-02   0.4197D-01  -0.1333D-01   0.2027D-01   0.0000D+00   0.4938D-02   0.5844D-03  -0.1461D-02   0.1913D-02   0.1245D+00  -0.7964D-02   0.1903D-01  -0.2273D-02   0.4197D-01  -0.1333D-01
  -0.8306D-03  -0.2027D-02  -0.8134D-03  -0.1741D-02  -0.8306D-03  -0.2027D-02  -0.8134D-03  -0.1741D-02
  0.500  1.000
  -0.4717D-01   0.0000D+00  -0.3089D-01   0.0000D+00   0.0000D+00   0.0000D+00  -0.1333D-01   0.0000D+00  -0.4717D-01   0.0000D+00  -0.3089D-01   0.0000D+00
   0.1690D+00   0.0000D+00   0.2526D-01   0.0000D+00   0.7365D-01   0.0000D+00   0.2433D-01   0.0000D+00   0.5406D-02   0.0000D+00   0.0000D+00   0.0000D+00   0.1690D+00   0.0000D+00   0.2526D-01   0.0000D+00   0.7365D-01   0.0000D+00
   0.0000D+00   0.0000D+00   0.0000D+00   0.0000D+00   0.0000D+00   0.0000D+00   0.0000D+00   0.0000D+00
  -0.4311D-01   0.3352D-02  -0.2971D-01   0.1909D-02   0.1687D-02  -0.1098D-02  -0.1251D-01   0.7410D-03  -0.4311D-01   0.3352D-02  -0.2971D-01   0.1909D-02
   0.1275D+00  -0.7419D-02   0.1946D-01  -0.2118D-02   0.4414D-01  -0.1242D-01   0.2055D-01   0.0000D+00   0.4971D-02   0.5445D-03  -0.1361D-02   0.1782D-02   0.1275D+00  -0.7419D-02   0.1946D-01  -0.2118D-02   0.4414D-01  -0.1242D-01
  -0.7738D-03  -0.1889D-02  -0.7577D-03  -0.1622D-02  -0.7738D-03  -0.1889D-02  -0.7577D-03  -0.1622D-02
  0.500  2.000
  -0.4416D-01   0.0000D+00  -0.2891D-01   0.0000D+00   0.0000D+00   0.0000D+00  -0.1248D-01   0.0000D+00  -0.4416D-01   0.0000D+00  -0.2891D-01   0.0000D+00
   0.1690D+00   0.0000D+00   0.2526D-01   0.0000D+00   0.7365D-01   0.0000D+00   0.2433D-01   0.0000D+00   0.5406D-02   0.0000D+00   0.0000D+00   0.0000D+00   0.1690D+00   0.0000D+00   0.2526D-01   0.0000D+00   0.7365D-01   0.0000D+00
   0.0000D+00   0.0000D+00   0.0000D+00   0.0000D+00   0.0000D+00   0.0000D+00   0.0000D+00   0.0000D+00
  -0.4362D-01   0.2937D-02  -0.2986D-01   0.1673D-02   0.1478D-02  -0.9624D-03  -0.1262D-01   0.6493D-03  -0.4362D-01   0.2937D-02  -0.2986D-01   0.1673D-02
   0.1302D+00  -0.6945D-02   0.1983D-01  -0.1982D-02   0.4603D-01  -0.1162D-01   0.2079D-01   0.0000D+00   0.4999D-02   0.5097D-03  -0.1274D-02   0.1668D-02   0.1302D+00  -0.6945D-02   0.1983D-01  -0.1982D-02   0.4603D-01  -0.1162D-01
  -0.7243D-03  -0.1768D-02  -0.7093D-03  -0.1519D-02  -0.7243D-03  -0.1768D-02  -0.7093D-03  -0.1519D-02
  1.000  0.500
  -0.4433D-01   0.0000D+00  -0.2894D-01   0.0000D+00   0.0000D+00   0.0000D+00  -0.1240D-01   0.0000D+00  -0.4433D-01   0.0000D+00  -0.2894D-01   0.0000D+00
   0.1475D+00   0.0000D+00   0.2205D-01   0.0000D+00   0.6439D-01   0.0000D+00   0.2104D-01   0.0000D+00   0.4676D-02   0.0000D+00   0.0000D+00   0.0000D+00   0.1475D+00   0.0000D+00   0.2205D-01   0.0000D+00   0.6439D-01   0.0000D+00
   0.0000D+00   0.0000D+00   0.0000D+00   0.0000D+00   0.0000D+00   0.0000D+00   0.0000D+00   0.0000D+00
  -0.4268D-01   0.3369D-02  -0.2941D-01   0.1919D-02   0.1675D-02  -0.1097D-02  -0.1238D-01   0.7482D-03  -0.4268D-01   0.3369D-02  -0.2941D-01   0.1919D-02
   0.1284D+00  -0.6959D-02   0.1963D-01  -0.1988D-02   0.4533D-01  -0.1163D-01   0.2059D-01   0.0000D+00   0.4940D-02   0.5056D-03  -0.1281D-02   0.1655D-02   0.1284D+00  -0.6959D-02   0.1963D-01  -0.1988D-02   0.4533D-01  -0.1163D-01
  -0.7276D-03  -0.1777D-02  -0.7081D-03  -0.1516D-02  -0.7276D-03  -0.1777D-02  -0.7081D-03  -0.1516D-02
  1.000  1.000
  -0.4129D-01   0.0000D+00  -0.2696D-01   0.0000D+00   0.0000D+00   0.0000D+00  -0.1155D-01   0.0000D+00  -0.4129D-01   0.0000D+00  -0.2696D-01   0.0000D+00
   0.1475D+00   0.0000D+00   0.2205D-01   0.0000D+00   0.6439D-01   0.0000D+00   0.2104D-01   0.0000D+00   0.4676D-02   0.0000D+00   0.0000D+00   0.0000D+00   0.1475D+00   0.0000D+00   0.2205D-01   0.0000D+00   0.6439D-01   0.0000D+00
   0.0000D+00   0.0000D+00   0.0000D+00   0.0000D+00   0.0000D+00   0.0000D+00   0.0000D+00   0.0000D+00
  -0.4289D-01   0.2924D-02  -0.2934D-01   0.1666D-02   0.1454D-02  -0.9518D-03  -0.1238D-01   0.6493D-03  -0.4289D-01   0.2924D-02  -0.2934D-01   0.1666D-02
   0.1297D+00  -0.6483D-02   0.1980D-01  -0.1852D-02   0.4664D-01  -0.1084D-01   0.2062D-01   0.0000D+00   0.4922D-02   0.4710D-03  -0.1193D-02   0.1542D-02   0.1297D+00  -0.6483D-02   0.1980D-01  -0.1852D-02   0.4664D-01  -0.1084D-01
  -0.6778D-03  -0.1656D-02  -0.6596D-03  -0.1412D-02  -0.6778D-03  -0.1656D-02  -0.6596D-03  -0.1412D-02
  1.000  2.000
  -0.3865D-01   0.0000D+00  -0.2524D-01   0.0000D+00   0.0000D+00   0.0000D+00  -0.1081D-01   0.0000D+00  -0.3865D-01   0.0000D+00  -0.2524D-01   0.0000D+00
   0.1475D+00   0.0000D+00   0.2205D-01   0.0000D+00   0.6439D-01   0.0000D+00   0.2104D-01   0.0000D+00   0.4676D-02   0.0000D+00   0.0000D+00   0.0000D+00   0.1475D+00   0.0000D+00   0.2205D-01   0.0000D+00   0.6439D-01   0.0000D+00
   0.0000D+00   0.0000D+00   0.0000D+00   0.0000D+00   0.0000D+00   0.0000D+00   0.0000D+00   0.0000D+00
  -0.4269D-01   0.2562D-02  -0.2905D-01   0.1459D-02   0.1274D-02  -0.8340D-03  -0.1228D-01   0.5689D-03  -0.4269D-01   0.2562D-02  -0.2905D-01   0.1459D-02
   0.1309D+00  -0.6069D-02   0.1994D-01  -0.1734D-02   0.4778D-01  -0.1015D-01   0.2065D-01   0.0000D+00   0.4907D-02   0.4409D-03  -0.1117D-02   0.1443D-02   0.1309D+00  -0.6069D-02   0.1994D-01  -0.1734D-02   0.4778D-01  -0.1015D-01
  -0.6345D-03  -0.1550D-02  -0.6175D-03  -0.1322D-02  -0.6345D-03  -0.1550D-02  -0.6175D-03  -0.1322D-02
  2.000  0.500
  -0.3916D-01   0.0000D+00  -0.2546D-01   0.0000D+00   0.0000D+00   0.0000D+00  -0.1085D-01   0.0000D+00  -0.3916D-01   0.0000D+00  -0.2546D-01   0.0000D+00
   0.1298D+00   0.0000D+00   0.1935D-01   0.0000D+00   0.5680D-01   0.0000D+00   0.1837D-01   0.0000D+00   0.4082D-02   0.0000D+00   0.0000D+00   0.0000D+00   0.1298D+00   0.0000D+00   0.1935D-01   0.0000D+00   0.5680D-01   0.0000D+00
   0.0000D+00   0.0000D+00   0.0000D+00   0.0000D+00   0.0000D+00   0.0000D+00   0.0000D+00   0.0000D+00
  -0.4296D-01   0.2963D-02  -0.2936D-01   0.1687D-02   0.1426D-02  -0.9596D-03  -0.1238D-01   0.6619D-03  -0.4296D-01   0.2963D-02  -0.2936D-01   0.1687D-02
   0.1309D+00  -0.6142D-02   0.1990D-01  -0.1753D-02   0.4782D-01  -0.1024D-01   0.2063D-01   0.0000D+00   0.4904D-02   0.4412D-03  -0.1121D-02   0.1444D-02   0.1309D+00  -0.6142D-02   0.1990D-01  -0.1753D-02   0.4782D-01  -0.1024D-01
  -0.6424D-03  -0.1555D-02  -0.6215D-03  -0.1325D-02  -0.6424D-03  -0.1555D-02  -0.6215D-03  -0.1325D-02
  2.000  1.000
  -0.3648D-01   0.0000D+00  -0.2372D-01   0.0000D+00   0.0000D+00   0.0000D+00  -0.1011D-01   0.0000D+00  -0.3648D-01   0.0000D+00  -0.2372D-01   0.0000D+00
   0.1298D+00   0.0000D+00   0.1935D-01   0.0000D+00   0.5680D-01   0.0000D+00   0.1837D-01   0.0000D+00   0.4082D-02   0.0000D+00   0.0000D+00   0.0000D+00   0.1298D+00   0.0000D+00   0.1935D-01   0.0000D+00   0.5680D-01   0.0000D+00
   0.0000D+00   0.0000D+00   0.0000D+00   0.0000D+00   0.0000D+00   0.0000D+00   0.0000D+00   0.0000D+00
  -0.4244D-01   0.2571D-02  -0.2883D-01   0.1464D-02   0.1238D-02  -0.8328D-03  -0.1217D-01   0.5745D-03  -0.4244D-01   0.2571D-02  -0.2883D-01   0.1464D-02
   0.1308D+00  -0.5722D-02   0.1987D-01  -0.1633D-02   0.4844D-01  -0.9537D-02   0.2048D-01   0.0000D+00   0.4848D-02   0.4110D-03  -0.1044D-02   0.1345D-02   0.1308D+00  -0.5722D-02   0.1987D-01  -0.1633D-02   0.4844D-01  -0.9537D-02
  -0.5984D-03  -0.1448D-02  -0.5790D-03  -0.1235D-02  -0.5984D-03  -0.1448D-02  -0.5790D-03  -0.1235D-02
  2.000  2.000
  -0.3415D-01   0.0000D+00  -0.2220D-01   0.0000D+00   0.0000D+00   0.0000D+00  -0.9461D-02   0.0000D+00  -0.3415D-01   0.0000D+00  -0.2220D-01   0.0000D+00
   0.1298D+00   0.0000D+00   0.1935D-01   0.0000D+00   0.5680D-01   0.0000D+00   0.1837D-01   0.0000D+00   0.4082D-02   0.0000D+00   0.0000D+00   0.0000D+00   0.1298D+00   0.0000D+00   0.1935D-01   0.0000D+00   0.5680D-01   0.0000D+00
   0.0000D+00   0.0000D+00   0.0000D+00   0.0000D+00   0.0000D+00   0.0000D+00   0.0000D+00   0.0000D+00
  -0.4171D-01   0.2253D-02  -0.2820D-01   0.1283D-02   0.1085D-02  -0.7297D-03  -0.1192D-01   0.5034D-03  -0.4171D-01   0.2253D-02  -0.2820D-01   0.1283D-02
   0.1307D+00  -0.5356D-02   0.1983D-01  -0.1529D-02   0.4898D-01  -0.8928D-02   0.2035D-01   0.0000D+00   0.4799D-02   0.3847D-03  -0.9774D-03   0.1259D-02   0.1307D+00  -0.5356D-02   0.1983D-01  -0.1529D-02   0.4898D-01  -0.8928D-02
  -0.5602D-03  -0.1356D-02  -0.5420D-03  -0.1156D-02  -0.5602D-03  -0.1356D-02  -0.5420D-03  -0.1156D-02
