 LHC=           1 sqrts=   8000.0000000000000      ang=           4 mode=fital                                                                                               scalescheme=           1 R=  0.69999999999999996     
 CT10nlo_rand5678                                                                                             411
 Bin information: chid, chiu, md, mu, mu0
   0.0000000000000000       0.50000000000000000        49.000000000000000        56.000000000000000        52.500000000000000     
 9 scales(muf, mur)*(LO(38), NLO(38))
  0.500  0.500
  -0.2075D+02   0.0000D+00  -0.3716D+02   0.0000D+00   0.0000D+00   0.0000D+00  -0.4175D+02   0.0000D+00  -0.2075D+02   0.0000D+00  -0.3716D+02   0.0000D+00
   0.1831D+00   0.0000D+00   0.3495D-01   0.0000D+00   0.3553D-01   0.0000D+00   0.8049D-01   0.0000D+00   0.1789D-01   0.0000D+00   0.0000D+00   0.0000D+00   0.1831D+00   0.0000D+00   0.3495D-01   0.0000D+00   0.3553D-01   0.0000D+00
   0.0000D+00   0.0000D+00   0.0000D+00   0.0000D+00   0.0000D+00   0.0000D+00   0.0000D+00   0.0000D+00
  -0.1385D+02   0.7493D+01  -0.3010D+02   0.4722D+01   0.3575D+01  -0.5795D+01  -0.3685D+02  -0.5449D+00  -0.1385D+02   0.7493D+01  -0.3010D+02   0.4722D+01
   0.6170D+00  -0.5884D-02   0.1157D+00  -0.2984D-02   0.1014D+00  -0.2448D-01   0.2409D+00   0.0000D+00   0.6652D-01   0.2881D-02   0.1080D-01   0.9430D-02   0.6170D+00  -0.5884D-02   0.1157D+00  -0.2984D-02   0.1014D+00  -0.2448D-01
  -0.5658D-04  -0.2394D-02  -0.1390D-02  -0.5049D-02  -0.5658D-04  -0.2394D-02  -0.1390D-02  -0.5049D-02
  0.500  1.000
  -0.1837D+02   0.0000D+00  -0.3289D+02   0.0000D+00   0.0000D+00   0.0000D+00  -0.3695D+02   0.0000D+00  -0.1837D+02   0.0000D+00  -0.3289D+02   0.0000D+00
   0.1831D+00   0.0000D+00   0.3495D-01   0.0000D+00   0.3553D-01   0.0000D+00   0.8049D-01   0.0000D+00   0.1789D-01   0.0000D+00   0.0000D+00   0.0000D+00   0.1831D+00   0.0000D+00   0.3495D-01   0.0000D+00   0.3553D-01   0.0000D+00
   0.0000D+00   0.0000D+00   0.0000D+00   0.0000D+00   0.0000D+00   0.0000D+00   0.0000D+00   0.0000D+00
  -0.1499D+02   0.5869D+01  -0.3099D+02   0.3699D+01   0.2797D+01  -0.4539D+01  -0.3721D+02  -0.4269D+00  -0.1499D+02   0.5869D+01  -0.3099D+02   0.3699D+01
   0.5628D+00  -0.5208D-02   0.1057D+00  -0.2642D-02   0.9190D-01  -0.2167D-01   0.2220D+00   0.0000D+00   0.6077D-01   0.2551D-02   0.9614D-02   0.8347D-02   0.5628D+00  -0.5208D-02   0.1057D+00  -0.2642D-02   0.9190D-01  -0.2167D-01
  -0.5002D-04  -0.2119D-02  -0.1230D-02  -0.4469D-02  -0.5002D-04  -0.2119D-02  -0.1230D-02  -0.4469D-02
  0.500  2.000
  -0.1648D+02   0.0000D+00  -0.2951D+02   0.0000D+00   0.0000D+00   0.0000D+00  -0.3316D+02   0.0000D+00  -0.1648D+02   0.0000D+00  -0.2951D+02   0.0000D+00
   0.1831D+00   0.0000D+00   0.3495D-01   0.0000D+00   0.3553D-01   0.0000D+00   0.8049D-01   0.0000D+00   0.1789D-01   0.0000D+00   0.0000D+00   0.0000D+00   0.1831D+00   0.0000D+00   0.3495D-01   0.0000D+00   0.3553D-01   0.0000D+00
   0.0000D+00   0.0000D+00   0.0000D+00   0.0000D+00   0.0000D+00   0.0000D+00   0.0000D+00   0.0000D+00
  -0.1540D+02   0.4726D+01  -0.3091D+02   0.2979D+01   0.2250D+01  -0.3655D+01  -0.3666D+02  -0.3438D+00  -0.1540D+02   0.4726D+01  -0.3091D+02   0.2979D+01
   0.5270D+00  -0.4674D-02   0.9903D-01  -0.2371D-02   0.8682D-01  -0.1945D-01   0.2085D+00   0.0000D+00   0.5667D-01   0.2289D-02   0.8703D-02   0.7491D-02   0.5270D+00  -0.4674D-02   0.9903D-01  -0.2371D-02   0.8682D-01  -0.1945D-01
  -0.4485D-04  -0.1902D-02  -0.1104D-02  -0.4010D-02  -0.4485D-04  -0.1902D-02  -0.1104D-02  -0.4010D-02
  1.000  0.500
  -0.2235D+02   0.0000D+00  -0.4104D+02   0.0000D+00   0.0000D+00   0.0000D+00  -0.4434D+02   0.0000D+00  -0.2235D+02   0.0000D+00  -0.4104D+02   0.0000D+00
   0.2027D+00   0.0000D+00   0.4021D-01   0.0000D+00   0.3963D-01   0.0000D+00   0.9559D-01   0.0000D+00   0.2124D-01   0.0000D+00   0.0000D+00   0.0000D+00   0.2027D+00   0.0000D+00   0.4021D-01   0.0000D+00   0.3963D-01   0.0000D+00
   0.0000D+00   0.0000D+00   0.0000D+00   0.0000D+00   0.0000D+00   0.0000D+00   0.0000D+00   0.0000D+00
  -0.1259D+02   0.8399D+01  -0.2706D+02   0.5177D+01   0.4147D+01  -0.6063D+01  -0.3445D+02  -0.6039D+00  -0.1259D+02   0.8399D+01  -0.2706D+02   0.5177D+01
   0.5620D+00  -0.6652D-02   0.1061D+00  -0.3319D-02   0.8136D-01  -0.2608D-01   0.2309D+00   0.0000D+00   0.6333D-01   0.3484D-02   0.9117D-02   0.1140D-01   0.5620D+00  -0.6652D-02   0.1061D+00  -0.3319D-02   0.8136D-01  -0.2608D-01
  -0.9628D-04  -0.2723D-02  -0.1623D-02  -0.5767D-02  -0.9628D-04  -0.2723D-02  -0.1623D-02  -0.5767D-02
  1.000  1.000
  -0.1978D+02   0.0000D+00  -0.3633D+02   0.0000D+00   0.0000D+00   0.0000D+00  -0.3925D+02   0.0000D+00  -0.1978D+02   0.0000D+00  -0.3633D+02   0.0000D+00
   0.2027D+00   0.0000D+00   0.4021D-01   0.0000D+00   0.3963D-01   0.0000D+00   0.9559D-01   0.0000D+00   0.2124D-01   0.0000D+00   0.0000D+00   0.0000D+00   0.2027D+00   0.0000D+00   0.4021D-01   0.0000D+00   0.3963D-01   0.0000D+00
   0.0000D+00   0.0000D+00   0.0000D+00   0.0000D+00   0.0000D+00   0.0000D+00   0.0000D+00   0.0000D+00
  -0.1445D+02   0.6580D+01  -0.2953D+02   0.4056D+01   0.3244D+01  -0.4749D+01  -0.3596D+02  -0.4731D+00  -0.1445D+02   0.6580D+01  -0.2953D+02   0.4056D+01
   0.5857D+00  -0.5887D-02   0.1095D+00  -0.2938D-02   0.9495D-01  -0.2309D-01   0.2313D+00   0.0000D+00   0.6331D-01   0.3084D-02   0.8630D-02   0.1009D-01   0.5857D+00  -0.5887D-02   0.1095D+00  -0.2938D-02   0.9495D-01  -0.2309D-01
  -0.8514D-04  -0.2410D-02  -0.1436D-02  -0.5105D-02  -0.8514D-04  -0.2410D-02  -0.1436D-02  -0.5105D-02
  1.000  2.000
  -0.1775D+02   0.0000D+00  -0.3260D+02   0.0000D+00   0.0000D+00   0.0000D+00  -0.3522D+02   0.0000D+00  -0.1775D+02   0.0000D+00  -0.3260D+02   0.0000D+00
   0.2027D+00   0.0000D+00   0.4021D-01   0.0000D+00   0.3963D-01   0.0000D+00   0.9559D-01   0.0000D+00   0.2124D-01   0.0000D+00   0.0000D+00   0.0000D+00   0.2027D+00   0.0000D+00   0.4021D-01   0.0000D+00   0.3963D-01   0.0000D+00
   0.0000D+00   0.0000D+00   0.0000D+00   0.0000D+00   0.0000D+00   0.0000D+00   0.0000D+00   0.0000D+00
  -0.1516D+02   0.5298D+01  -0.3029D+02   0.3266D+01   0.2612D+01  -0.3824D+01  -0.3600D+02  -0.3810D+00  -0.1516D+02   0.5298D+01  -0.3029D+02   0.3266D+01
   0.5136D+00  -0.5283D-02   0.9693D-01  -0.2637D-02   0.7960D-01  -0.2072D-01   0.2098D+00   0.0000D+00   0.5669D-01   0.2768D-02   0.7541D-02   0.9058D-02   0.5136D+00  -0.5283D-02   0.9693D-01  -0.2637D-02   0.7960D-01  -0.2072D-01
  -0.7635D-04  -0.2163D-02  -0.1289D-02  -0.4581D-02  -0.7635D-04  -0.2163D-02  -0.1289D-02  -0.4581D-02
  2.000  0.500
  -0.2425D+02   0.0000D+00  -0.4698D+02   0.0000D+00   0.0000D+00   0.0000D+00  -0.4944D+02   0.0000D+00  -0.2425D+02   0.0000D+00  -0.4698D+02   0.0000D+00
   0.2344D+00   0.0000D+00   0.4262D-01   0.0000D+00   0.4164D-01   0.0000D+00   0.1025D+00   0.0000D+00   0.2277D-01   0.0000D+00   0.0000D+00   0.0000D+00   0.2344D+00   0.0000D+00   0.4262D-01   0.0000D+00   0.4164D-01   0.0000D+00
   0.0000D+00   0.0000D+00   0.0000D+00   0.0000D+00   0.0000D+00   0.0000D+00   0.0000D+00   0.0000D+00
  -0.1178D+02   0.9410D+01  -0.2843D+02   0.5575D+01   0.4438D+01  -0.6806D+01  -0.3451D+02  -0.6363D+00  -0.1178D+02   0.9410D+01  -0.2843D+02   0.5575D+01
   0.5614D+00  -0.6949D-02   0.1010D+00  -0.3385D-02   0.7159D-01  -0.2999D-01   0.2209D+00   0.0000D+00   0.6187D-01   0.3933D-02   0.9068D-02   0.1287D-01   0.5614D+00  -0.6949D-02   0.1010D+00  -0.3385D-02   0.7159D-01  -0.2999D-01
  -0.1015D-03  -0.2915D-02  -0.1827D-02  -0.6451D-02  -0.1015D-03  -0.2915D-02  -0.1827D-02  -0.6451D-02
  2.000  1.000
  -0.2146D+02   0.0000D+00  -0.4159D+02   0.0000D+00   0.0000D+00   0.0000D+00  -0.4376D+02   0.0000D+00  -0.2146D+02   0.0000D+00  -0.4159D+02   0.0000D+00
   0.2344D+00   0.0000D+00   0.4262D-01   0.0000D+00   0.4164D-01   0.0000D+00   0.1025D+00   0.0000D+00   0.2277D-01   0.0000D+00   0.0000D+00   0.0000D+00   0.2344D+00   0.0000D+00   0.4262D-01   0.0000D+00   0.4164D-01   0.0000D+00
   0.0000D+00   0.0000D+00   0.0000D+00   0.0000D+00   0.0000D+00   0.0000D+00   0.0000D+00   0.0000D+00
  -0.1389D+02   0.7372D+01  -0.3143D+02   0.4367D+01   0.3482D+01  -0.5331D+01  -0.3668D+02  -0.4985D+00  -0.1389D+02   0.7372D+01  -0.3143D+02   0.4367D+01
   0.4648D+00  -0.6151D-02   0.8417D-01  -0.2997D-02   0.5154D-01  -0.2655D-01   0.1925D+00   0.0000D+00   0.5297D-01   0.3481D-02   0.7234D-02   0.1139D-01   0.4648D+00  -0.6151D-02   0.8417D-01  -0.2997D-02   0.5154D-01  -0.2655D-01
  -0.8978D-04  -0.2580D-02  -0.1617D-02  -0.5709D-02  -0.8978D-04  -0.2580D-02  -0.1617D-02  -0.5709D-02
  2.000  2.000
  -0.1926D+02   0.0000D+00  -0.3732D+02   0.0000D+00   0.0000D+00   0.0000D+00  -0.3927D+02   0.0000D+00  -0.1926D+02   0.0000D+00  -0.3732D+02   0.0000D+00
   0.2344D+00   0.0000D+00   0.4262D-01   0.0000D+00   0.4164D-01   0.0000D+00   0.1025D+00   0.0000D+00   0.2277D-01   0.0000D+00   0.0000D+00   0.0000D+00   0.2344D+00   0.0000D+00   0.4262D-01   0.0000D+00   0.4164D-01   0.0000D+00
   0.0000D+00   0.0000D+00   0.0000D+00   0.0000D+00   0.0000D+00   0.0000D+00   0.0000D+00   0.0000D+00
  -0.1553D+02   0.5936D+01  -0.3340D+02   0.3516D+01   0.2782D+01  -0.4293D+01  -0.3805D+02  -0.4015D+00  -0.1553D+02   0.5936D+01  -0.3340D+02   0.3516D+01
   0.6206D+00  -0.5520D-02   0.1108D+00  -0.2689D-02   0.1002D+00  -0.2383D-01   0.2294D+00   0.0000D+00   0.6362D-01   0.3124D-02   0.9081D-02   0.1022D-01   0.6206D+00  -0.5520D-02   0.1108D+00  -0.2689D-02   0.1002D+00  -0.2383D-01
  -0.8052D-04  -0.2315D-02  -0.1451D-02  -0.5123D-02  -0.8052D-04  -0.2315D-02  -0.1451D-02  -0.5123D-02
