 LHC=           1 sqrts=   8000.0000000000000      ang=           4 mode=fital                                                                                               scalescheme=           1 R=  0.69999999999999996     
 CT10nlo_rand5678                                                                                             302
 Bin information: chid, chiu, md, mu, mu0
   0.0000000000000000       0.50000000000000000        3250.0000000000000        3500.0000000000000        3375.0000000000000     
 9 scales(muf, mur)*(LO(38), NLO(38))
  0.500  0.500
  -0.2913D-07   0.0000D+00  -0.4921D-07   0.0000D+00   0.0000D+00   0.0000D+00  -0.4022D-07   0.0000D+00  -0.2913D-07   0.0000D+00  -0.4921D-07   0.0000D+00
   0.1587D-05   0.0000D+00   0.2960D-06   0.0000D+00   0.3398D-06   0.0000D+00   0.5617D-06   0.0000D+00   0.1248D-06   0.0000D+00   0.0000D+00   0.0000D+00   0.1587D-05   0.0000D+00   0.2960D-06   0.0000D+00   0.3398D-06   0.0000D+00
   0.0000D+00   0.0000D+00   0.0000D+00   0.0000D+00   0.0000D+00   0.0000D+00   0.0000D+00   0.0000D+00
  -0.3033D-07   0.5425D-08  -0.5217D-07   0.2864D-08   0.4108D-08  -0.3157D-08  -0.4237D-07   0.2189D-09  -0.3033D-07   0.5425D-08  -0.5217D-07   0.2864D-08
   0.1479D-05  -0.3262D-07   0.2785D-06  -0.1456D-07   0.2202D-06  -0.1172D-06   0.5272D-06   0.0000D+00   0.1284D-06   0.1198D-07   0.1767D-08   0.3920D-07   0.1479D-05  -0.3262D-07   0.2785D-06  -0.1456D-07   0.2202D-06  -0.1172D-06
  -0.3378D-08  -0.1180D-07  -0.1116D-07  -0.2308D-07  -0.3378D-08  -0.1180D-07  -0.1116D-07  -0.2308D-07
  0.500  1.000
  -0.2718D-07   0.0000D+00  -0.4591D-07   0.0000D+00   0.0000D+00   0.0000D+00  -0.3752D-07   0.0000D+00  -0.2718D-07   0.0000D+00  -0.4591D-07   0.0000D+00
   0.1587D-05   0.0000D+00   0.2960D-06   0.0000D+00   0.3398D-06   0.0000D+00   0.5617D-06   0.0000D+00   0.1248D-06   0.0000D+00   0.0000D+00   0.0000D+00   0.1587D-05   0.0000D+00   0.2960D-06   0.0000D+00   0.3398D-06   0.0000D+00
   0.0000D+00   0.0000D+00   0.0000D+00   0.0000D+00   0.0000D+00   0.0000D+00   0.0000D+00   0.0000D+00
  -0.2999D-07   0.4722D-08  -0.5147D-07   0.2493D-08   0.3576D-08  -0.2749D-08  -0.4183D-07   0.1905D-09  -0.2999D-07   0.4722D-08  -0.5147D-07   0.2493D-08
   0.1487D-05  -0.3044D-07   0.2797D-06  -0.1358D-07   0.2282D-06  -0.1094D-06   0.5295D-06   0.0000D+00   0.1281D-06   0.1118D-07   0.1649D-08   0.3658D-07   0.1487D-05  -0.3044D-07   0.2797D-06  -0.1358D-07   0.2282D-06  -0.1094D-06
  -0.3152D-08  -0.1101D-07  -0.1042D-07  -0.2153D-07  -0.3152D-08  -0.1101D-07  -0.1042D-07  -0.2153D-07
  0.500  2.000
  -0.2548D-07   0.0000D+00  -0.4304D-07   0.0000D+00   0.0000D+00   0.0000D+00  -0.3517D-07   0.0000D+00  -0.2548D-07   0.0000D+00  -0.4304D-07   0.0000D+00
   0.1587D-05   0.0000D+00   0.2960D-06   0.0000D+00   0.3398D-06   0.0000D+00   0.5617D-06   0.0000D+00   0.1248D-06   0.0000D+00   0.0000D+00   0.0000D+00   0.1587D-05   0.0000D+00   0.2960D-06   0.0000D+00   0.3398D-06   0.0000D+00
   0.0000D+00   0.0000D+00   0.0000D+00   0.0000D+00   0.0000D+00   0.0000D+00   0.0000D+00   0.0000D+00
  -0.2950D-07   0.4149D-08  -0.5054D-07   0.2190D-08   0.3142D-08  -0.2415D-08  -0.4110D-07   0.1674D-09  -0.2950D-07   0.4149D-08  -0.5054D-07   0.2190D-08
   0.1493D-05  -0.2853D-07   0.2807D-06  -0.1273D-07   0.2352D-06  -0.1025D-06   0.5315D-06   0.0000D+00   0.1279D-06   0.1048D-07   0.1546D-08   0.3428D-07   0.1493D-05  -0.2853D-07   0.2807D-06  -0.1273D-07   0.2352D-06  -0.1025D-06
  -0.2955D-08  -0.1032D-07  -0.9763D-08  -0.2018D-07  -0.2955D-08  -0.1032D-07  -0.9763D-08  -0.2018D-07
  1.000  0.500
  -0.2205D-07   0.0000D+00  -0.3747D-07   0.0000D+00   0.0000D+00   0.0000D+00  -0.3084D-07   0.0000D+00  -0.2205D-07   0.0000D+00  -0.3747D-07   0.0000D+00
   0.1215D-05   0.0000D+00   0.2267D-06   0.0000D+00   0.2588D-06   0.0000D+00   0.4345D-06   0.0000D+00   0.9655D-07   0.0000D+00   0.0000D+00   0.0000D+00   0.1215D-05   0.0000D+00   0.2267D-06   0.0000D+00   0.2588D-06   0.0000D+00
   0.0000D+00   0.0000D+00   0.0000D+00   0.0000D+00   0.0000D+00   0.0000D+00   0.0000D+00   0.0000D+00
  -0.2903D-07   0.4132D-08  -0.5001D-07   0.2187D-08   0.3264D-08  -0.2422D-08  -0.4070D-07   0.1535D-09  -0.2903D-07   0.4132D-08  -0.5001D-07   0.2187D-08
   0.1459D-05  -0.2485D-07   0.2740D-06  -0.1112D-07   0.2373D-06  -0.8982D-07   0.5201D-06   0.0000D+00   0.1242D-06   0.9267D-08   0.1474D-08   0.3033D-07   0.1459D-05  -0.2485D-07   0.2740D-06  -0.1112D-07   0.2373D-06  -0.8982D-07
  -0.2556D-08  -0.9043D-08  -0.8563D-08  -0.1777D-07  -0.2556D-08  -0.9043D-08  -0.8563D-08  -0.1777D-07
  1.000  1.000
  -0.2057D-07   0.0000D+00  -0.3496D-07   0.0000D+00   0.0000D+00   0.0000D+00  -0.2877D-07   0.0000D+00  -0.2057D-07   0.0000D+00  -0.3496D-07   0.0000D+00
   0.1215D-05   0.0000D+00   0.2267D-06   0.0000D+00   0.2588D-06   0.0000D+00   0.4345D-06   0.0000D+00   0.9655D-07   0.0000D+00   0.0000D+00   0.0000D+00   0.1215D-05   0.0000D+00   0.2267D-06   0.0000D+00   0.2588D-06   0.0000D+00
   0.0000D+00   0.0000D+00   0.0000D+00   0.0000D+00   0.0000D+00   0.0000D+00   0.0000D+00   0.0000D+00
  -0.2798D-07   0.3597D-08  -0.4814D-07   0.1904D-08   0.2842D-08  -0.2108D-08  -0.3923D-07   0.1336D-09  -0.2798D-07   0.3597D-08  -0.4814D-07   0.1904D-08
   0.1443D-05  -0.2318D-07   0.2709D-06  -0.1037D-07   0.2388D-06  -0.8380D-07   0.5144D-06   0.0000D+00   0.1224D-06   0.8646D-08   0.1375D-08   0.2830D-07   0.1443D-05  -0.2318D-07   0.2709D-06  -0.1037D-07   0.2388D-06  -0.8380D-07
  -0.2385D-08  -0.8437D-08  -0.7989D-08  -0.1658D-07  -0.2385D-08  -0.8437D-08  -0.7989D-08  -0.1658D-07
  1.000  2.000
  -0.1928D-07   0.0000D+00  -0.3277D-07   0.0000D+00   0.0000D+00   0.0000D+00  -0.2697D-07   0.0000D+00  -0.1928D-07   0.0000D+00  -0.3277D-07   0.0000D+00
   0.1215D-05   0.0000D+00   0.2267D-06   0.0000D+00   0.2588D-06   0.0000D+00   0.4345D-06   0.0000D+00   0.9655D-07   0.0000D+00   0.0000D+00   0.0000D+00   0.1215D-05   0.0000D+00   0.2267D-06   0.0000D+00   0.2588D-06   0.0000D+00
   0.0000D+00   0.0000D+00   0.0000D+00   0.0000D+00   0.0000D+00   0.0000D+00   0.0000D+00   0.0000D+00
  -0.2697D-07   0.3160D-08  -0.4635D-07   0.1672D-08   0.2497D-08  -0.1852D-08  -0.3780D-07   0.1174D-09  -0.2697D-07   0.3160D-08  -0.4635D-07   0.1672D-08
   0.1429D-05  -0.2173D-07   0.2681D-06  -0.9724D-08   0.2400D-06  -0.7855D-07   0.5094D-06   0.0000D+00   0.1207D-06   0.8105D-08   0.1289D-08   0.2652D-07   0.1429D-05  -0.2173D-07   0.2681D-06  -0.9724D-08   0.2400D-06  -0.7855D-07
  -0.2236D-08  -0.7908D-08  -0.7489D-08  -0.1554D-07  -0.2236D-08  -0.7908D-08  -0.7489D-08  -0.1554D-07
  2.000  0.500
  -0.1702D-07   0.0000D+00  -0.2898D-07   0.0000D+00   0.0000D+00   0.0000D+00  -0.2404D-07   0.0000D+00  -0.1702D-07   0.0000D+00  -0.2898D-07   0.0000D+00
   0.9473D-06   0.0000D+00   0.1769D-06   0.0000D+00   0.2010D-06   0.0000D+00   0.3418D-06   0.0000D+00   0.7595D-07   0.0000D+00   0.0000D+00   0.0000D+00   0.9473D-06   0.0000D+00   0.1769D-06   0.0000D+00   0.2010D-06   0.0000D+00
   0.0000D+00   0.0000D+00   0.0000D+00   0.0000D+00   0.0000D+00   0.0000D+00   0.0000D+00   0.0000D+00
  -0.2708D-07   0.3201D-08  -0.4667D-07   0.1699D-08   0.2468D-08  -0.1889D-08  -0.3828D-07   0.1113D-09  -0.2708D-07   0.3201D-08  -0.4667D-07   0.1699D-08
   0.1392D-05  -0.1929D-07   0.2614D-06  -0.8659D-08   0.2382D-06  -0.6995D-07   0.4981D-06   0.0000D+00   0.1174D-06   0.7290D-08   0.1045D-08   0.2386D-07   0.1392D-05  -0.1929D-07   0.2614D-06  -0.8659D-08   0.2382D-06  -0.6995D-07
  -0.1974D-08  -0.7051D-08  -0.6676D-08  -0.1391D-07  -0.1974D-08  -0.7051D-08  -0.6676D-08  -0.1391D-07
  2.000  1.000
  -0.1588D-07   0.0000D+00  -0.2704D-07   0.0000D+00   0.0000D+00   0.0000D+00  -0.2243D-07   0.0000D+00  -0.1588D-07   0.0000D+00  -0.2704D-07   0.0000D+00
   0.9473D-06   0.0000D+00   0.1769D-06   0.0000D+00   0.2010D-06   0.0000D+00   0.3418D-06   0.0000D+00   0.7595D-07   0.0000D+00   0.0000D+00   0.0000D+00   0.9473D-06   0.0000D+00   0.1769D-06   0.0000D+00   0.2010D-06   0.0000D+00
   0.0000D+00   0.0000D+00   0.0000D+00   0.0000D+00   0.0000D+00   0.0000D+00   0.0000D+00   0.0000D+00
  -0.2567D-07   0.2787D-08  -0.4419D-07   0.1479D-08   0.2149D-08  -0.1644D-08  -0.3628D-07   0.9685D-10  -0.2567D-07   0.2787D-08  -0.4419D-07   0.1479D-08
   0.1363D-05  -0.1800D-07   0.2557D-06  -0.8079D-08   0.2357D-06  -0.6526D-07   0.4877D-06   0.0000D+00   0.1146D-06   0.6802D-08   0.9748D-09   0.2226D-07   0.1363D-05  -0.1800D-07   0.2557D-06  -0.8079D-08   0.2357D-06  -0.6526D-07
  -0.1842D-08  -0.6578D-08  -0.6229D-08  -0.1298D-07  -0.1842D-08  -0.6578D-08  -0.6229D-08  -0.1298D-07
  2.000  2.000
  -0.1488D-07   0.0000D+00  -0.2535D-07   0.0000D+00   0.0000D+00   0.0000D+00  -0.2103D-07   0.0000D+00  -0.1488D-07   0.0000D+00  -0.2535D-07   0.0000D+00
   0.9473D-06   0.0000D+00   0.1769D-06   0.0000D+00   0.2010D-06   0.0000D+00   0.3418D-06   0.0000D+00   0.7595D-07   0.0000D+00   0.0000D+00   0.0000D+00   0.9473D-06   0.0000D+00   0.1769D-06   0.0000D+00   0.2010D-06   0.0000D+00
   0.0000D+00   0.0000D+00   0.0000D+00   0.0000D+00   0.0000D+00   0.0000D+00   0.0000D+00   0.0000D+00
  -0.2439D-07   0.2448D-08  -0.4196D-07   0.1299D-08   0.1888D-08  -0.1445D-08  -0.3448D-07   0.8508D-10  -0.2439D-07   0.2448D-08  -0.4196D-07   0.1299D-08
   0.1337D-05  -0.1687D-07   0.2508D-06  -0.7573D-08   0.2336D-06  -0.6117D-07   0.4785D-06   0.0000D+00   0.1122D-06   0.6376D-08   0.9138D-09   0.2087D-07   0.1337D-05  -0.1687D-07   0.2508D-06  -0.7573D-08   0.2336D-06  -0.6117D-07
  -0.1726D-08  -0.6166D-08  -0.5839D-08  -0.1217D-07  -0.1726D-08  -0.6166D-08  -0.5839D-08  -0.1217D-07
