 LHC=           1 sqrts=   8000.0000000000000      ang=           4 mode=fital                                                                                               scalescheme=           1 R=  0.69999999999999996     
 CT10nlo_rand5678                                                                                             114
 Bin information: chid, chiu, md, mu, mu0
   0.0000000000000000       0.50000000000000000        737.00000000000000        790.00000000000000        763.50000000000000     
 9 scales(muf, mur)*(LO(38), NLO(38))
  0.500  0.500
  -0.3158D+00   0.0000D+00  -0.2551D+00   0.0000D+00   0.0000D+00   0.0000D+00  -0.1687D+00   0.0000D+00  -0.3158D+00   0.0000D+00  -0.2551D+00   0.0000D+00
   0.4429D+00   0.0000D+00   0.7172D-01   0.0000D+00   0.1598D+00   0.0000D+00   0.1091D+00   0.0000D+00   0.2424D-01   0.0000D+00   0.0000D+00   0.0000D+00   0.4429D+00   0.0000D+00   0.7172D-01   0.0000D+00   0.1598D+00   0.0000D+00
   0.0000D+00   0.0000D+00   0.0000D+00   0.0000D+00   0.0000D+00   0.0000D+00   0.0000D+00   0.0000D+00
  -0.2461D+00   0.3232D-01  -0.2223D+00   0.1895D-01   0.1996D-01  -0.1564D-01  -0.1535D+00   0.3579D-02  -0.2461D+00   0.3232D-01  -0.2223D+00   0.1895D-01
   0.3521D+00  -0.1812D-01   0.5879D-01  -0.5755D-02   0.8822D-01  -0.3724D-01   0.9517D-01   0.0000D+00   0.2369D-01   0.2748D-02  -0.2717D-02   0.8992D-02   0.3521D+00  -0.1812D-01   0.5879D-01  -0.5755D-02   0.8822D-01  -0.3724D-01
  -0.1716D-02  -0.5128D-02  -0.2615D-02  -0.6037D-02  -0.1716D-02  -0.5128D-02  -0.2615D-02  -0.6037D-02
  0.500  1.000
  -0.2910D+00   0.0000D+00  -0.2351D+00   0.0000D+00   0.0000D+00   0.0000D+00  -0.1554D+00   0.0000D+00  -0.2910D+00   0.0000D+00  -0.2351D+00   0.0000D+00
   0.4429D+00   0.0000D+00   0.7172D-01   0.0000D+00   0.1598D+00   0.0000D+00   0.1091D+00   0.0000D+00   0.2424D-01   0.0000D+00   0.0000D+00   0.0000D+00   0.4429D+00   0.0000D+00   0.7172D-01   0.0000D+00   0.1598D+00   0.0000D+00
   0.0000D+00   0.0000D+00   0.0000D+00   0.0000D+00   0.0000D+00   0.0000D+00   0.0000D+00   0.0000D+00
  -0.2539D+00   0.2744D-01  -0.2250D+00   0.1609D-01   0.1695D-01  -0.1328D-01  -0.1543D+00   0.3039D-02  -0.2539D+00   0.2744D-01  -0.2250D+00   0.1609D-01
   0.3593D+00  -0.1670D-01   0.5982D-01  -0.5303D-02   0.9387D-01  -0.3432D-01   0.9628D-01   0.0000D+00   0.2374D-01   0.2532D-02  -0.2504D-02   0.8286D-02   0.3593D+00  -0.1670D-01   0.5982D-01  -0.5303D-02   0.9387D-01  -0.3432D-01
  -0.1581D-02  -0.4725D-02  -0.2410D-02  -0.5562D-02  -0.1581D-02  -0.4725D-02  -0.2410D-02  -0.5562D-02
  0.500  2.000
  -0.2699D+00   0.0000D+00  -0.2180D+00   0.0000D+00   0.0000D+00   0.0000D+00  -0.1441D+00   0.0000D+00  -0.2699D+00   0.0000D+00  -0.2180D+00   0.0000D+00
   0.4429D+00   0.0000D+00   0.7172D-01   0.0000D+00   0.1598D+00   0.0000D+00   0.1091D+00   0.0000D+00   0.2424D-01   0.0000D+00   0.0000D+00   0.0000D+00   0.4429D+00   0.0000D+00   0.7172D-01   0.0000D+00   0.1598D+00   0.0000D+00
   0.0000D+00   0.0000D+00   0.0000D+00   0.0000D+00   0.0000D+00   0.0000D+00   0.0000D+00   0.0000D+00
  -0.2570D+00   0.2360D-01  -0.2247D+00   0.1384D-01   0.1458D-01  -0.1142D-01  -0.1533D+00   0.2614D-02  -0.2570D+00   0.2360D-01  -0.2247D+00   0.1384D-01
   0.3654D+00  -0.1548D-01   0.6070D-01  -0.4918D-02   0.9868D-01  -0.3182D-01   0.9722D-01   0.0000D+00   0.2378D-01   0.2348D-02  -0.2322D-02   0.7684D-02   0.3654D+00  -0.1548D-01   0.6070D-01  -0.4918D-02   0.9868D-01  -0.3182D-01
  -0.1466D-02  -0.4382D-02  -0.2235D-02  -0.5158D-02  -0.1466D-02  -0.4382D-02  -0.2235D-02  -0.5158D-02
  1.000  0.500
  -0.2875D+00   0.0000D+00  -0.2328D+00   0.0000D+00   0.0000D+00   0.0000D+00  -0.1530D+00   0.0000D+00  -0.2875D+00   0.0000D+00  -0.2328D+00   0.0000D+00
   0.4028D+00   0.0000D+00   0.6527D-01   0.0000D+00   0.1455D+00   0.0000D+00   0.9871D-01   0.0000D+00   0.2194D-01   0.0000D+00   0.0000D+00   0.0000D+00   0.4028D+00   0.0000D+00   0.6527D-01   0.0000D+00   0.1455D+00   0.0000D+00
   0.0000D+00   0.0000D+00   0.0000D+00   0.0000D+00   0.0000D+00   0.0000D+00   0.0000D+00   0.0000D+00
  -0.2503D+00   0.2949D-01  -0.2242D+00   0.1723D-01   0.1810D-01  -0.1418D-01  -0.1538D+00   0.3302D-02  -0.2503D+00   0.2949D-01  -0.2242D+00   0.1723D-01
   0.3566D+00  -0.1650D-01   0.5950D-01  -0.5241D-02   0.9327D-01  -0.3390D-01   0.9577D-01   0.0000D+00   0.2356D-01   0.2487D-02  -0.2455D-02   0.8138D-02   0.3566D+00  -0.1650D-01   0.5950D-01  -0.5241D-02   0.9327D-01  -0.3390D-01
  -0.1568D-02  -0.4671D-02  -0.2380D-02  -0.5461D-02  -0.1568D-02  -0.4671D-02  -0.2380D-02  -0.5461D-02
  1.000  1.000
  -0.2649D+00   0.0000D+00  -0.2145D+00   0.0000D+00   0.0000D+00   0.0000D+00  -0.1409D+00   0.0000D+00  -0.2649D+00   0.0000D+00  -0.2145D+00   0.0000D+00
   0.4028D+00   0.0000D+00   0.6527D-01   0.0000D+00   0.1455D+00   0.0000D+00   0.9871D-01   0.0000D+00   0.2194D-01   0.0000D+00   0.0000D+00   0.0000D+00   0.4028D+00   0.0000D+00   0.6527D-01   0.0000D+00   0.1455D+00   0.0000D+00
   0.0000D+00   0.0000D+00   0.0000D+00   0.0000D+00   0.0000D+00   0.0000D+00   0.0000D+00   0.0000D+00
  -0.2534D+00   0.2504D-01  -0.2235D+00   0.1463D-01   0.1536D-01  -0.1204D-01  -0.1523D+00   0.2804D-02  -0.2534D+00   0.2504D-01  -0.2235D+00   0.1463D-01
   0.3603D+00  -0.1520D-01   0.5996D-01  -0.4829D-02   0.9739D-01  -0.3123D-01   0.9601D-01   0.0000D+00   0.2344D-01   0.2291D-02  -0.2262D-02   0.7498D-02   0.3603D+00  -0.1520D-01   0.5996D-01  -0.4829D-02   0.9739D-01  -0.3123D-01
  -0.1445D-02  -0.4305D-02  -0.2193D-02  -0.5032D-02  -0.1445D-02  -0.4305D-02  -0.2193D-02  -0.5032D-02
  1.000  2.000
  -0.2457D+00   0.0000D+00  -0.1989D+00   0.0000D+00   0.0000D+00   0.0000D+00  -0.1307D+00   0.0000D+00  -0.2457D+00   0.0000D+00  -0.1989D+00   0.0000D+00
   0.4028D+00   0.0000D+00   0.6527D-01   0.0000D+00   0.1455D+00   0.0000D+00   0.9871D-01   0.0000D+00   0.2194D-01   0.0000D+00   0.0000D+00   0.0000D+00   0.4028D+00   0.0000D+00   0.6527D-01   0.0000D+00   0.1455D+00   0.0000D+00
   0.0000D+00   0.0000D+00   0.0000D+00   0.0000D+00   0.0000D+00   0.0000D+00   0.0000D+00   0.0000D+00
  -0.2531D+00   0.2153D-01  -0.2206D+00   0.1258D-01   0.1321D-01  -0.1036D-01  -0.1497D+00   0.2411D-02  -0.2531D+00   0.2153D-01  -0.2206D+00   0.1258D-01
   0.3635D+00  -0.1410D-01   0.6036D-01  -0.4478D-02   0.1009D+00  -0.2896D-01   0.9622D-01   0.0000D+00   0.2333D-01   0.2125D-02  -0.2098D-02   0.6954D-02   0.3635D+00  -0.1410D-01   0.6036D-01  -0.4478D-02   0.1009D+00  -0.2896D-01
  -0.1340D-02  -0.3992D-02  -0.2034D-02  -0.4666D-02  -0.1340D-02  -0.3992D-02  -0.2034D-02  -0.4666D-02
  2.000  0.500
  -0.2639D+00   0.0000D+00  -0.2132D+00   0.0000D+00   0.0000D+00   0.0000D+00  -0.1397D+00   0.0000D+00  -0.2639D+00   0.0000D+00  -0.2132D+00   0.0000D+00
   0.3678D+00   0.0000D+00   0.5972D-01   0.0000D+00   0.1334D+00   0.0000D+00   0.8987D-01   0.0000D+00   0.1997D-01   0.0000D+00   0.0000D+00   0.0000D+00   0.3678D+00   0.0000D+00   0.5972D-01   0.0000D+00   0.1334D+00   0.0000D+00
   0.0000D+00   0.0000D+00   0.0000D+00   0.0000D+00   0.0000D+00   0.0000D+00   0.0000D+00   0.0000D+00
  -0.2551D+00   0.2706D-01  -0.2260D+00   0.1576D-01   0.1652D-01  -0.1296D-01  -0.1540D+00   0.3057D-02  -0.2551D+00   0.2706D-01  -0.2260D+00   0.1576D-01
   0.3599D+00  -0.1512D-01   0.6026D-01  -0.4790D-02   0.9805D-01  -0.3100D-01   0.9588D-01   0.0000D+00   0.2343D-01   0.2264D-02  -0.2105D-02   0.7411D-02   0.3599D+00  -0.1512D-01   0.6026D-01  -0.4790D-02   0.9805D-01  -0.3100D-01
  -0.1440D-02  -0.4293D-02  -0.2179D-02  -0.4995D-02  -0.1440D-02  -0.4293D-02  -0.2179D-02  -0.4995D-02
  2.000  1.000
  -0.2432D+00   0.0000D+00  -0.1965D+00   0.0000D+00   0.0000D+00   0.0000D+00  -0.1288D+00   0.0000D+00  -0.2432D+00   0.0000D+00  -0.1965D+00   0.0000D+00
   0.3678D+00   0.0000D+00   0.5972D-01   0.0000D+00   0.1334D+00   0.0000D+00   0.8987D-01   0.0000D+00   0.1997D-01   0.0000D+00   0.0000D+00   0.0000D+00   0.3678D+00   0.0000D+00   0.5972D-01   0.0000D+00   0.1334D+00   0.0000D+00
   0.0000D+00   0.0000D+00   0.0000D+00   0.0000D+00   0.0000D+00   0.0000D+00   0.0000D+00   0.0000D+00
  -0.2541D+00   0.2298D-01  -0.2223D+00   0.1338D-01   0.1403D-01  -0.1100D-01  -0.1507D+00   0.2595D-02  -0.2541D+00   0.2298D-01  -0.2223D+00   0.1338D-01
   0.3606D+00  -0.1393D-01   0.6022D-01  -0.4414D-02   0.1009D+00  -0.2856D-01   0.9542D-01   0.0000D+00   0.2316D-01   0.2087D-02  -0.1940D-02   0.6829D-02   0.3606D+00  -0.1393D-01   0.6022D-01  -0.4414D-02   0.1009D+00  -0.2856D-01
  -0.1327D-02  -0.3955D-02  -0.2008D-02  -0.4603D-02  -0.1327D-02  -0.3955D-02  -0.2008D-02  -0.4603D-02
  2.000  2.000
  -0.2255D+00   0.0000D+00  -0.1822D+00   0.0000D+00   0.0000D+00   0.0000D+00  -0.1194D+00   0.0000D+00  -0.2255D+00   0.0000D+00  -0.1822D+00   0.0000D+00
   0.3678D+00   0.0000D+00   0.5972D-01   0.0000D+00   0.1334D+00   0.0000D+00   0.8987D-01   0.0000D+00   0.1997D-01   0.0000D+00   0.0000D+00   0.0000D+00   0.3678D+00   0.0000D+00   0.5972D-01   0.0000D+00   0.1334D+00   0.0000D+00
   0.0000D+00   0.0000D+00   0.0000D+00   0.0000D+00   0.0000D+00   0.0000D+00   0.0000D+00   0.0000D+00
  -0.2508D+00   0.1976D-01  -0.2172D+00   0.1150D-01   0.1206D-01  -0.9462D-02  -0.1467D+00   0.2232D-02  -0.2508D+00   0.1976D-01  -0.2172D+00   0.1150D-01
   0.3612D+00  -0.1292D-01   0.6020D-01  -0.4093D-02   0.1032D+00  -0.2649D-01   0.9503D-01   0.0000D+00   0.2293D-01   0.1935D-02  -0.1799D-02   0.6333D-02   0.3612D+00  -0.1292D-01   0.6020D-01  -0.4093D-02   0.1032D+00  -0.2649D-01
  -0.1231D-02  -0.3668D-02  -0.1862D-02  -0.4269D-02  -0.1231D-02  -0.3668D-02  -0.1862D-02  -0.4269D-02
