 LHC=           1 sqrts=   8000.0000000000000      ang=           4 mode=fital                                                                                               scalescheme=           1 R=  0.69999999999999996     
 MSTW2008nlo68cl_rand1235                                                                                      89
 Bin information: chid, chiu, md, mu, mu0
   0.0000000000000000       0.50000000000000000        174.00000000000000        196.00000000000000        185.00000000000000     
 9 scales(muf, mur)*(LO(38), NLO(38))
  0.500  0.500
  -0.5252D+01   0.0000D+00  -0.7194D+01   0.0000D+00   0.0000D+00   0.0000D+00  -0.7403D+01   0.0000D+00  -0.5252D+01   0.0000D+00  -0.7194D+01   0.0000D+00
   0.5777D+00   0.0000D+00   0.1054D+00   0.0000D+00   0.1359D+00   0.0000D+00   0.2423D+00   0.0000D+00   0.5385D-01   0.0000D+00   0.0000D+00   0.0000D+00   0.5777D+00   0.0000D+00   0.1054D+00   0.0000D+00   0.1359D+00   0.0000D+00
   0.0000D+00   0.0000D+00   0.0000D+00   0.0000D+00   0.0000D+00   0.0000D+00   0.0000D+00   0.0000D+00
  -0.3721D+01   0.1203D+01  -0.5944D+01   0.7252D+00   0.6286D+00  -0.8495D+00  -0.6802D+01  -0.6204D-01  -0.3721D+01   0.1203D+01  -0.5944D+01   0.7252D+00
   0.7294D+00  -0.1904D-01   0.1342D+00  -0.7937D-02   0.1161D+00  -0.6152D-01   0.2969D+00   0.0000D+00   0.7611D-01   0.7537D-02   0.1791D-02   0.2467D-01   0.7294D+00  -0.1904D-01   0.1342D+00  -0.7937D-02   0.1161D+00  -0.6152D-01
  -0.1019D-02  -0.7224D-02  -0.4415D-02  -0.1314D-01  -0.1019D-02  -0.7224D-02  -0.4415D-02  -0.1314D-01
  0.500  1.000
  -0.4748D+01   0.0000D+00  -0.6503D+01   0.0000D+00   0.0000D+00   0.0000D+00  -0.6692D+01   0.0000D+00  -0.4748D+01   0.0000D+00  -0.6503D+01   0.0000D+00
   0.5777D+00   0.0000D+00   0.1054D+00   0.0000D+00   0.1359D+00   0.0000D+00   0.2423D+00   0.0000D+00   0.5385D-01   0.0000D+00   0.0000D+00   0.0000D+00   0.5777D+00   0.0000D+00   0.1054D+00   0.0000D+00   0.1359D+00   0.0000D+00
   0.0000D+00   0.0000D+00   0.0000D+00   0.0000D+00   0.0000D+00   0.0000D+00   0.0000D+00   0.0000D+00
  -0.3936D+01   0.9828D+00  -0.6084D+01   0.5927D+00   0.5136D+00  -0.6943D+00  -0.6820D+01  -0.5070D-01  -0.3936D+01   0.9828D+00  -0.6084D+01   0.5927D+00
   0.7159D+00  -0.1721D-01   0.1316D+00  -0.7175D-02   0.1182D+00  -0.5562D-01   0.2920D+00   0.0000D+00   0.7407D-01   0.6814D-02   0.1634D-02   0.2230D-01   0.7159D+00  -0.1721D-01   0.1316D+00  -0.7175D-02   0.1182D+00  -0.5562D-01
  -0.9210D-03  -0.6531D-02  -0.3991D-02  -0.1188D-01  -0.9210D-03  -0.6531D-02  -0.3991D-02  -0.1188D-01
  0.500  2.000
  -0.4334D+01   0.0000D+00  -0.5936D+01   0.0000D+00   0.0000D+00   0.0000D+00  -0.6109D+01   0.0000D+00  -0.4334D+01   0.0000D+00  -0.5936D+01   0.0000D+00
   0.5777D+00   0.0000D+00   0.1054D+00   0.0000D+00   0.1359D+00   0.0000D+00   0.2423D+00   0.0000D+00   0.5385D-01   0.0000D+00   0.0000D+00   0.0000D+00   0.5777D+00   0.0000D+00   0.1054D+00   0.0000D+00   0.1359D+00   0.0000D+00
   0.0000D+00   0.0000D+00   0.0000D+00   0.0000D+00   0.0000D+00   0.0000D+00   0.0000D+00   0.0000D+00
  -0.4022D+01   0.8188D+00  -0.6087D+01   0.4938D+00   0.4278D+00  -0.5784D+00  -0.6730D+01  -0.4224D-01  -0.4022D+01   0.8188D+00  -0.6087D+01   0.4938D+00
   0.7047D+00  -0.1571D-01   0.1295D+00  -0.6550D-02   0.1200D+00  -0.5077D-01   0.2879D+00   0.0000D+00   0.7238D-01   0.6220D-02   0.1503D-02   0.2036D-01   0.7047D+00  -0.1571D-01   0.1295D+00  -0.6550D-02   0.1200D+00  -0.5077D-01
  -0.8406D-03  -0.5961D-02  -0.3643D-02  -0.1084D-01  -0.8406D-03  -0.5961D-02  -0.3643D-02  -0.1084D-01
  1.000  0.500
  -0.5144D+01   0.0000D+00  -0.7156D+01   0.0000D+00   0.0000D+00   0.0000D+00  -0.7443D+01   0.0000D+00  -0.5144D+01   0.0000D+00  -0.7156D+01   0.0000D+00
   0.5727D+00   0.0000D+00   0.1054D+00   0.0000D+00   0.1334D+00   0.0000D+00   0.2401D+00   0.0000D+00   0.5336D-01   0.0000D+00   0.0000D+00   0.0000D+00   0.5727D+00   0.0000D+00   0.1054D+00   0.0000D+00   0.1334D+00   0.0000D+00
   0.0000D+00   0.0000D+00   0.0000D+00   0.0000D+00   0.0000D+00   0.0000D+00   0.0000D+00   0.0000D+00
  -0.3662D+01   0.1196D+01  -0.5986D+01   0.7241D+00   0.5969D+00  -0.8513D+00  -0.6835D+01  -0.6122D-01  -0.3662D+01   0.1196D+01  -0.5986D+01   0.7241D+00
   0.7065D+00  -0.1867D-01   0.1307D+00  -0.7870D-02   0.1101D+00  -0.6156D-01   0.2886D+00   0.0000D+00   0.7335D-01   0.7482D-02   0.1888D-02   0.2449D-01   0.7065D+00  -0.1867D-01   0.1307D+00  -0.7870D-02   0.1101D+00  -0.6156D-01
  -0.1012D-02  -0.7192D-02  -0.4428D-02  -0.1313D-01  -0.1012D-02  -0.7192D-02  -0.4428D-02  -0.1313D-01
  1.000  1.000
  -0.4650D+01   0.0000D+00  -0.6470D+01   0.0000D+00   0.0000D+00   0.0000D+00  -0.6729D+01   0.0000D+00  -0.4650D+01   0.0000D+00  -0.6470D+01   0.0000D+00
   0.5727D+00   0.0000D+00   0.1054D+00   0.0000D+00   0.1334D+00   0.0000D+00   0.2401D+00   0.0000D+00   0.5336D-01   0.0000D+00   0.0000D+00   0.0000D+00   0.5727D+00   0.0000D+00   0.1054D+00   0.0000D+00   0.1334D+00   0.0000D+00
   0.0000D+00   0.0000D+00   0.0000D+00   0.0000D+00   0.0000D+00   0.0000D+00   0.0000D+00   0.0000D+00
  -0.3869D+01   0.9773D+00  -0.6111D+01   0.5919D+00   0.4877D+00  -0.6958D+00  -0.6854D+01  -0.5004D-01  -0.3869D+01   0.9773D+00  -0.6111D+01   0.5919D+00
   0.6946D+00  -0.1688D-01   0.1284D+00  -0.7115D-02   0.1125D+00  -0.5566D-01   0.2843D+00   0.0000D+00   0.7151D-01   0.6765D-02   0.1720D-02   0.2214D-01   0.6946D+00  -0.1688D-01   0.1284D+00  -0.7115D-02   0.1125D+00  -0.5566D-01
  -0.9151D-03  -0.6502D-02  -0.4003D-02  -0.1187D-01  -0.9151D-03  -0.6502D-02  -0.4003D-02  -0.1187D-01
  1.000  2.000
  -0.4245D+01   0.0000D+00  -0.5905D+01   0.0000D+00   0.0000D+00   0.0000D+00  -0.6142D+01   0.0000D+00  -0.4245D+01   0.0000D+00  -0.5905D+01   0.0000D+00
   0.5727D+00   0.0000D+00   0.1054D+00   0.0000D+00   0.1334D+00   0.0000D+00   0.2401D+00   0.0000D+00   0.5336D-01   0.0000D+00   0.0000D+00   0.0000D+00   0.5727D+00   0.0000D+00   0.1054D+00   0.0000D+00   0.1334D+00   0.0000D+00
   0.0000D+00   0.0000D+00   0.0000D+00   0.0000D+00   0.0000D+00   0.0000D+00   0.0000D+00   0.0000D+00
  -0.3951D+01   0.8142D+00  -0.6104D+01   0.4931D+00   0.4062D+00  -0.5797D+00  -0.6764D+01  -0.4169D-01  -0.3951D+01   0.8142D+00  -0.6104D+01   0.4931D+00
   0.6848D+00  -0.1541D-01   0.1266D+00  -0.6495D-02   0.1145D+00  -0.5081D-01   0.2807D+00   0.0000D+00   0.7000D-01   0.6175D-02   0.1581D-02   0.2021D-01   0.6848D+00  -0.1541D-01   0.1266D+00  -0.6495D-02   0.1145D+00  -0.5081D-01
  -0.8353D-03  -0.5936D-02  -0.3654D-02  -0.1084D-01  -0.8353D-03  -0.5936D-02  -0.3654D-02  -0.1084D-01
  2.000  0.500
  -0.5039D+01   0.0000D+00  -0.7110D+01   0.0000D+00   0.0000D+00   0.0000D+00  -0.7342D+01   0.0000D+00  -0.5039D+01   0.0000D+00  -0.7110D+01   0.0000D+00
   0.5660D+00   0.0000D+00   0.1040D+00   0.0000D+00   0.1310D+00   0.0000D+00   0.2373D+00   0.0000D+00   0.5273D-01   0.0000D+00   0.0000D+00   0.0000D+00   0.5660D+00   0.0000D+00   0.1040D+00   0.0000D+00   0.1310D+00   0.0000D+00
   0.0000D+00   0.0000D+00   0.0000D+00   0.0000D+00   0.0000D+00   0.0000D+00   0.0000D+00   0.0000D+00
  -0.3697D+01   0.1185D+01  -0.6080D+01   0.7180D+00   0.5823D+00  -0.8411D+00  -0.6907D+01  -0.6055D-01  -0.3697D+01   0.1185D+01  -0.6080D+01   0.7180D+00
   0.6928D+00  -0.1834D-01   0.1277D+00  -0.7729D-02   0.1077D+00  -0.6094D-01   0.2846D+00   0.0000D+00   0.7226D-01   0.7385D-02   0.1450D-02   0.2417D-01   0.6928D+00  -0.1834D-01   0.1277D+00  -0.7729D-02   0.1077D+00  -0.6094D-01
  -0.1009D-02  -0.7072D-02  -0.4416D-02  -0.1295D-01  -0.1009D-02  -0.7072D-02  -0.4416D-02  -0.1295D-01
  2.000  1.000
  -0.4556D+01   0.0000D+00  -0.6428D+01   0.0000D+00   0.0000D+00   0.0000D+00  -0.6638D+01   0.0000D+00  -0.4556D+01   0.0000D+00  -0.6428D+01   0.0000D+00
   0.5660D+00   0.0000D+00   0.1040D+00   0.0000D+00   0.1310D+00   0.0000D+00   0.2373D+00   0.0000D+00   0.5273D-01   0.0000D+00   0.0000D+00   0.0000D+00   0.5660D+00   0.0000D+00   0.1040D+00   0.0000D+00   0.1310D+00   0.0000D+00
   0.0000D+00   0.0000D+00   0.0000D+00   0.0000D+00   0.0000D+00   0.0000D+00   0.0000D+00   0.0000D+00
  -0.3881D+01   0.9686D+00  -0.6180D+01   0.5868D+00   0.4756D+00  -0.6874D+00  -0.6896D+01  -0.4949D-01  -0.3881D+01   0.9686D+00  -0.6180D+01   0.5868D+00
   0.6821D+00  -0.1658D-01   0.1257D+00  -0.6987D-02   0.1103D+00  -0.5509D-01   0.2805D+00   0.0000D+00   0.7050D-01   0.6676D-02   0.1327D-02   0.2185D-01   0.6821D+00  -0.1658D-01   0.1257D+00  -0.6987D-02   0.1103D+00  -0.5509D-01
  -0.9121D-03  -0.6394D-02  -0.3992D-02  -0.1170D-01  -0.9121D-03  -0.6394D-02  -0.3992D-02  -0.1170D-01
  2.000  2.000
  -0.4158D+01   0.0000D+00  -0.5867D+01   0.0000D+00   0.0000D+00   0.0000D+00  -0.6059D+01   0.0000D+00  -0.4158D+01   0.0000D+00  -0.5867D+01   0.0000D+00
   0.5660D+00   0.0000D+00   0.1040D+00   0.0000D+00   0.1310D+00   0.0000D+00   0.2373D+00   0.0000D+00   0.5273D-01   0.0000D+00   0.0000D+00   0.0000D+00   0.5660D+00   0.0000D+00   0.1040D+00   0.0000D+00   0.1310D+00   0.0000D+00
   0.0000D+00   0.0000D+00   0.0000D+00   0.0000D+00   0.0000D+00   0.0000D+00   0.0000D+00   0.0000D+00
  -0.3945D+01   0.8070D+00  -0.6155D+01   0.4889D+00   0.3961D+00  -0.5727D+00  -0.6783D+01  -0.4123D-01  -0.3945D+01   0.8070D+00  -0.6155D+01   0.4889D+00
   0.6718D+00  -0.1513D-01   0.1238D+00  -0.6378D-02   0.1121D+00  -0.5029D-01   0.2767D+00   0.0000D+00   0.6896D-01   0.6094D-02   0.1218D-02   0.1994D-01   0.6718D+00  -0.1513D-01   0.1238D+00  -0.6378D-02   0.1121D+00  -0.5029D-01
  -0.8325D-03  -0.5836D-02  -0.3644D-02  -0.1068D-01  -0.8325D-03  -0.5836D-02  -0.3644D-02  -0.1068D-01
