 LHC=           1 sqrts=   8000.0000000000000      ang=           4 mode=fital                                                                                               scalescheme=           1 R=  0.69999999999999996     
 MSTW2008nlo68cl_rand1235                                                                                      12
 Bin information: chid, chiu, md, mu, mu0
   0.0000000000000000       0.50000000000000000        97.000000000000000        114.00000000000000        105.50000000000000     
 9 scales(muf, mur)*(LO(38), NLO(38))
  0.500  0.500
  -0.1307D+02   0.0000D+00  -0.2116D+02   0.0000D+00   0.0000D+00   0.0000D+00  -0.2262D+02   0.0000D+00  -0.1307D+02   0.0000D+00  -0.2116D+02   0.0000D+00
   0.4805D+00   0.0000D+00   0.9004D-01   0.0000D+00   0.1030D+00   0.0000D+00   0.2149D+00   0.0000D+00   0.4775D-01   0.0000D+00   0.0000D+00   0.0000D+00   0.4805D+00   0.0000D+00   0.9004D-01   0.0000D+00   0.1030D+00   0.0000D+00
   0.0000D+00   0.0000D+00   0.0000D+00   0.0000D+00   0.0000D+00   0.0000D+00   0.0000D+00   0.0000D+00
  -0.8720D+01   0.3876D+01  -0.1724D+02   0.2320D+01   0.1704D+01  -0.2827D+01  -0.2009D+02  -0.2578D+00  -0.8720D+01   0.3876D+01  -0.1724D+02   0.2320D+01
   0.8568D+00  -0.1567D-01   0.1598D+00  -0.7076D-02   0.1328D+00  -0.5734D-01   0.3536D+00   0.0000D+00   0.9170D-01   0.7293D-02   0.6448D-02   0.2387D-01   0.8568D+00  -0.1567D-01   0.1598D+00  -0.7076D-02   0.1328D+00  -0.5734D-01
  -0.5360D-03  -0.6128D-02  -0.3764D-02  -0.1250D-01  -0.5360D-03  -0.6128D-02  -0.3764D-02  -0.1250D-01
  0.500  1.000
  -0.1170D+02   0.0000D+00  -0.1895D+02   0.0000D+00   0.0000D+00   0.0000D+00  -0.2026D+02   0.0000D+00  -0.1170D+02   0.0000D+00  -0.1895D+02   0.0000D+00
   0.4805D+00   0.0000D+00   0.9004D-01   0.0000D+00   0.1030D+00   0.0000D+00   0.2149D+00   0.0000D+00   0.4775D-01   0.0000D+00   0.0000D+00   0.0000D+00   0.4805D+00   0.0000D+00   0.9004D-01   0.0000D+00   0.1030D+00   0.0000D+00
   0.0000D+00   0.0000D+00   0.0000D+00   0.0000D+00   0.0000D+00   0.0000D+00   0.0000D+00   0.0000D+00
  -0.9395D+01   0.3109D+01  -0.1772D+02   0.1860D+01   0.1365D+01  -0.2268D+01  -0.2027D+02  -0.2067D+00  -0.9395D+01   0.3109D+01  -0.1772D+02   0.1860D+01
   0.8204D+00  -0.1404D-01   0.1530D+00  -0.6338D-02   0.1303D+00  -0.5136D-01   0.3401D+00   0.0000D+00   0.8736D-01   0.6532D-02   0.5826D-02   0.2138D-01   0.8204D+00  -0.1404D-01   0.1530D+00  -0.6338D-02   0.1303D+00  -0.5136D-01
  -0.4799D-03  -0.5488D-02  -0.3371D-02  -0.1120D-01  -0.4799D-03  -0.5488D-02  -0.3371D-02  -0.1120D-01
  0.500  2.000
  -0.1060D+02   0.0000D+00  -0.1717D+02   0.0000D+00   0.0000D+00   0.0000D+00  -0.1835D+02   0.0000D+00  -0.1060D+02   0.0000D+00  -0.1717D+02   0.0000D+00
   0.4805D+00   0.0000D+00   0.9004D-01   0.0000D+00   0.1030D+00   0.0000D+00   0.2149D+00   0.0000D+00   0.4775D-01   0.0000D+00   0.0000D+00   0.0000D+00   0.4805D+00   0.0000D+00   0.9004D-01   0.0000D+00   0.1030D+00   0.0000D+00
   0.0000D+00   0.0000D+00   0.0000D+00   0.0000D+00   0.0000D+00   0.0000D+00   0.0000D+00   0.0000D+00
  -0.9671D+01   0.2551D+01  -0.1771D+02   0.1526D+01   0.1119D+01  -0.1860D+01  -0.2003D+02  -0.1696D+00  -0.9671D+01   0.2551D+01  -0.1771D+02   0.1526D+01
   0.7904D+00  -0.1272D-01   0.1475D+00  -0.5741D-02   0.1282D+00  -0.4652D-01   0.3289D+00   0.0000D+00   0.8381D-01   0.5917D-02   0.5316D-02   0.1936D-01   0.7904D+00  -0.1272D-01   0.1475D+00  -0.5741D-02   0.1282D+00  -0.4652D-01
  -0.4345D-03  -0.4971D-02  -0.3053D-02  -0.1015D-01  -0.4345D-03  -0.4971D-02  -0.3053D-02  -0.1015D-01
  1.000  0.500
  -0.1334D+02   0.0000D+00  -0.2187D+02   0.0000D+00   0.0000D+00   0.0000D+00  -0.2362D+02   0.0000D+00  -0.1334D+02   0.0000D+00  -0.2187D+02   0.0000D+00
   0.5014D+00   0.0000D+00   0.9362D-01   0.0000D+00   0.1050D+00   0.0000D+00   0.2209D+00   0.0000D+00   0.4908D-01   0.0000D+00   0.0000D+00   0.0000D+00   0.5014D+00   0.0000D+00   0.9362D-01   0.0000D+00   0.1050D+00   0.0000D+00
   0.0000D+00   0.0000D+00   0.0000D+00   0.0000D+00   0.0000D+00   0.0000D+00   0.0000D+00   0.0000D+00
  -0.8536D+01   0.4050D+01  -0.1662D+02   0.2419D+01   0.1921D+01  -0.2964D+01  -0.2021D+02  -0.2704D+00  -0.8536D+01   0.4050D+01  -0.1662D+02   0.2419D+01
   0.8252D+00  -0.1610D-01   0.1528D+00  -0.7281D-02   0.1219D+00  -0.5909D-01   0.3386D+00   0.0000D+00   0.8808D-01   0.7553D-02   0.6738D-02   0.2472D-01   0.8252D+00  -0.1610D-01   0.1528D+00  -0.7281D-02   0.1219D+00  -0.5909D-01
  -0.5690D-03  -0.6438D-02  -0.4003D-02  -0.1290D-01  -0.5690D-03  -0.6438D-02  -0.4003D-02  -0.1290D-01
  1.000  1.000
  -0.1194D+02   0.0000D+00  -0.1959D+02   0.0000D+00   0.0000D+00   0.0000D+00  -0.2115D+02   0.0000D+00  -0.1194D+02   0.0000D+00  -0.1959D+02   0.0000D+00
   0.5014D+00   0.0000D+00   0.9362D-01   0.0000D+00   0.1050D+00   0.0000D+00   0.2209D+00   0.0000D+00   0.4908D-01   0.0000D+00   0.0000D+00   0.0000D+00   0.5014D+00   0.0000D+00   0.9362D-01   0.0000D+00   0.1050D+00   0.0000D+00
   0.0000D+00   0.0000D+00   0.0000D+00   0.0000D+00   0.0000D+00   0.0000D+00   0.0000D+00   0.0000D+00
  -0.9297D+01   0.3249D+01  -0.1735D+02   0.1940D+01   0.1540D+01  -0.2378D+01  -0.2055D+02  -0.2169D+00  -0.9297D+01   0.3249D+01  -0.1735D+02   0.1940D+01
   0.7946D+00  -0.1442D-01   0.1472D+00  -0.6521D-02   0.1209D+00  -0.5293D-01   0.3273D+00   0.0000D+00   0.8428D-01   0.6765D-02   0.6086D-02   0.2214D-01   0.7946D+00  -0.1442D-01   0.1472D+00  -0.6521D-02   0.1209D+00  -0.5293D-01
  -0.5094D-03  -0.5766D-02  -0.3585D-02  -0.1155D-01  -0.5094D-03  -0.5766D-02  -0.3585D-02  -0.1155D-01
  1.000  2.000
  -0.1082D+02   0.0000D+00  -0.1774D+02   0.0000D+00   0.0000D+00   0.0000D+00  -0.1916D+02   0.0000D+00  -0.1082D+02   0.0000D+00  -0.1774D+02   0.0000D+00
   0.5014D+00   0.0000D+00   0.9362D-01   0.0000D+00   0.1050D+00   0.0000D+00   0.2209D+00   0.0000D+00   0.4908D-01   0.0000D+00   0.0000D+00   0.0000D+00   0.5014D+00   0.0000D+00   0.9362D-01   0.0000D+00   0.1050D+00   0.0000D+00
   0.0000D+00   0.0000D+00   0.0000D+00   0.0000D+00   0.0000D+00   0.0000D+00   0.0000D+00   0.0000D+00
  -0.9632D+01   0.2665D+01  -0.1752D+02   0.1592D+01   0.1263D+01  -0.1950D+01  -0.2040D+02  -0.1779D+00  -0.9632D+01   0.2665D+01  -0.1752D+02   0.1592D+01
   0.7700D+00  -0.1306D-01   0.1427D+00  -0.5907D-02   0.1202D+00  -0.4794D-01   0.3181D+00   0.0000D+00   0.8121D-01   0.6128D-02   0.5551D-02   0.2006D-01   0.7700D+00  -0.1306D-01   0.1427D+00  -0.5907D-02   0.1202D+00  -0.4794D-01
  -0.4613D-03  -0.5223D-02  -0.3247D-02  -0.1046D-01  -0.4613D-03  -0.5223D-02  -0.3247D-02  -0.1046D-01
  2.000  0.500
  -0.1368D+02   0.0000D+00  -0.2268D+02   0.0000D+00   0.0000D+00   0.0000D+00  -0.2418D+02   0.0000D+00  -0.1368D+02   0.0000D+00  -0.2268D+02   0.0000D+00
   0.5198D+00   0.0000D+00   0.9703D-01   0.0000D+00   0.1070D+00   0.0000D+00   0.2308D+00   0.0000D+00   0.5130D-01   0.0000D+00   0.0000D+00   0.0000D+00   0.5198D+00   0.0000D+00   0.9703D-01   0.0000D+00   0.1070D+00   0.0000D+00
   0.0000D+00   0.0000D+00   0.0000D+00   0.0000D+00   0.0000D+00   0.0000D+00   0.0000D+00   0.0000D+00
  -0.8493D+01   0.4168D+01  -0.1686D+02   0.2497D+01   0.2046D+01  -0.3032D+01  -0.2051D+02  -0.2735D+00  -0.8493D+01   0.4168D+01  -0.1686D+02   0.2497D+01
   0.8228D+00  -0.1645D-01   0.1520D+00  -0.7483D-02   0.1214D+00  -0.6226D-01   0.3378D+00   0.0000D+00   0.8776D-01   0.7831D-02   0.6265D-02   0.2563D-01   0.8228D+00  -0.1645D-01   0.1520D+00  -0.7483D-02   0.1214D+00  -0.6226D-01
  -0.6015D-03  -0.6679D-02  -0.4200D-02  -0.1350D-01  -0.6015D-03  -0.6679D-02  -0.4200D-02  -0.1350D-01
  2.000  1.000
  -0.1225D+02   0.0000D+00  -0.2031D+02   0.0000D+00   0.0000D+00   0.0000D+00  -0.2165D+02   0.0000D+00  -0.1225D+02   0.0000D+00  -0.2031D+02   0.0000D+00
   0.5198D+00   0.0000D+00   0.9703D-01   0.0000D+00   0.1070D+00   0.0000D+00   0.2308D+00   0.0000D+00   0.5130D-01   0.0000D+00   0.0000D+00   0.0000D+00   0.5198D+00   0.0000D+00   0.9703D-01   0.0000D+00   0.1070D+00   0.0000D+00
   0.0000D+00   0.0000D+00   0.0000D+00   0.0000D+00   0.0000D+00   0.0000D+00   0.0000D+00   0.0000D+00
  -0.9294D+01   0.3343D+01  -0.1766D+02   0.2003D+01   0.1640D+01  -0.2431D+01  -0.2086D+02  -0.2194D+00  -0.9294D+01   0.3343D+01  -0.1766D+02   0.2003D+01
   0.7758D+00  -0.1473D-01   0.1438D+00  -0.6702D-02   0.1154D+00  -0.5576D-01   0.3231D+00   0.0000D+00   0.8294D-01   0.7014D-02   0.5488D-02   0.2295D-01   0.7758D+00  -0.1473D-01   0.1438D+00  -0.6702D-02   0.1154D+00  -0.5576D-01
  -0.5385D-03  -0.5982D-02  -0.3761D-02  -0.1209D-01  -0.5385D-03  -0.5982D-02  -0.3761D-02  -0.1209D-01
  2.000  2.000
  -0.1110D+02   0.0000D+00  -0.1839D+02   0.0000D+00   0.0000D+00   0.0000D+00  -0.1961D+02   0.0000D+00  -0.1110D+02   0.0000D+00  -0.1839D+02   0.0000D+00
   0.5198D+00   0.0000D+00   0.9703D-01   0.0000D+00   0.1070D+00   0.0000D+00   0.2308D+00   0.0000D+00   0.5130D-01   0.0000D+00   0.0000D+00   0.0000D+00   0.5198D+00   0.0000D+00   0.9703D-01   0.0000D+00   0.1070D+00   0.0000D+00
   0.0000D+00   0.0000D+00   0.0000D+00   0.0000D+00   0.0000D+00   0.0000D+00   0.0000D+00   0.0000D+00
  -0.9684D+01   0.2742D+01  -0.1790D+02   0.1643D+01   0.1344D+01  -0.1995D+01  -0.2075D+02  -0.1800D+00  -0.9684D+01   0.2742D+01  -0.1790D+02   0.1643D+01
   0.7562D+00  -0.1334D-01   0.1402D+00  -0.6071D-02   0.1157D+00  -0.5051D-01   0.3157D+00   0.0000D+00   0.8032D-01   0.6353D-02   0.5036D-02   0.2079D-01   0.7562D+00  -0.1334D-01   0.1402D+00  -0.6071D-02   0.1157D+00  -0.5051D-01
  -0.4876D-03  -0.5419D-02  -0.3406D-02  -0.1095D-01  -0.4876D-03  -0.5419D-02  -0.3406D-02  -0.1095D-01
