 LHC=           1 sqrts=   8000.0000000000000      ang=           4 mode=fital                                                                                               scalescheme=           1 R=  0.69999999999999996     
 MSTW2008nlo68cl_rand1235                                                                                      12
 Bin information: chid, chiu, md, mu, mu0
   0.0000000000000000       0.50000000000000000        548.00000000000000        592.00000000000000        570.00000000000000     
 9 scales(muf, mur)*(LO(38), NLO(38))
  0.500  0.500
  -0.6685D+00   0.0000D+00  -0.6081D+00   0.0000D+00   0.0000D+00   0.0000D+00  -0.4698D+00   0.0000D+00  -0.6685D+00   0.0000D+00  -0.6081D+00   0.0000D+00
   0.5599D+00   0.0000D+00   0.9383D-01   0.0000D+00   0.1830D+00   0.0000D+00   0.1651D+00   0.0000D+00   0.3668D-01   0.0000D+00   0.0000D+00   0.0000D+00   0.5599D+00   0.0000D+00   0.9383D-01   0.0000D+00   0.1830D+00   0.0000D+00
   0.0000D+00   0.0000D+00   0.0000D+00   0.0000D+00   0.0000D+00   0.0000D+00   0.0000D+00   0.0000D+00
  -0.5060D+00   0.8274D-01  -0.5246D+00   0.4913D-01   0.5081D-01  -0.4593D-01  -0.4316D+00   0.4955D-02  -0.5060D+00   0.8274D-01  -0.5246D+00   0.4913D-01
   0.4716D+00  -0.2186D-01   0.8143D-01  -0.7387D-02   0.1017D+00  -0.5012D-01   0.1503D+00   0.0000D+00   0.3753D-01   0.4382D-02  -0.2488D-02   0.1434D-01   0.4716D+00  -0.2186D-01   0.8143D-01  -0.7387D-02   0.1017D+00  -0.5012D-01
  -0.1944D-02  -0.6519D-02  -0.3670D-02  -0.8804D-02  -0.1944D-02  -0.6519D-02  -0.3670D-02  -0.8804D-02
  0.500  1.000
  -0.6133D+00   0.0000D+00  -0.5579D+00   0.0000D+00   0.0000D+00   0.0000D+00  -0.4310D+00   0.0000D+00  -0.6133D+00   0.0000D+00  -0.5579D+00   0.0000D+00
   0.5599D+00   0.0000D+00   0.9383D-01   0.0000D+00   0.1830D+00   0.0000D+00   0.1651D+00   0.0000D+00   0.3668D-01   0.0000D+00   0.0000D+00   0.0000D+00   0.5599D+00   0.0000D+00   0.9383D-01   0.0000D+00   0.1830D+00   0.0000D+00
   0.0000D+00   0.0000D+00   0.0000D+00   0.0000D+00   0.0000D+00   0.0000D+00   0.0000D+00   0.0000D+00
  -0.5255D+00   0.6964D-01  -0.5321D+00   0.4135D-01   0.4277D-01  -0.3866D-01  -0.4332D+00   0.4171D-02  -0.5255D+00   0.6964D-01  -0.5321D+00   0.4135D-01
   0.4791D+00  -0.2005D-01   0.8248D-01  -0.6777D-02   0.1084D+00  -0.4598D-01   0.1516D+00   0.0000D+00   0.3747D-01   0.4021D-02  -0.2283D-02   0.1316D-01   0.4791D+00  -0.2005D-01   0.8248D-01  -0.6777D-02   0.1084D+00  -0.4598D-01
  -0.1784D-02  -0.5981D-02  -0.3367D-02  -0.8077D-02  -0.1784D-02  -0.5981D-02  -0.3367D-02  -0.8077D-02
  0.500  2.000
  -0.5667D+00   0.0000D+00  -0.5155D+00   0.0000D+00   0.0000D+00   0.0000D+00  -0.3983D+00   0.0000D+00  -0.5667D+00   0.0000D+00  -0.5155D+00   0.0000D+00
   0.5599D+00   0.0000D+00   0.9383D-01   0.0000D+00   0.1830D+00   0.0000D+00   0.1651D+00   0.0000D+00   0.3668D-01   0.0000D+00   0.0000D+00   0.0000D+00   0.5599D+00   0.0000D+00   0.9383D-01   0.0000D+00   0.1830D+00   0.0000D+00
   0.0000D+00   0.0000D+00   0.0000D+00   0.0000D+00   0.0000D+00   0.0000D+00   0.0000D+00   0.0000D+00
  -0.5334D+00   0.5946D-01  -0.5314D+00   0.3530D-01   0.3652D-01  -0.3301D-01  -0.4294D+00   0.3561D-02  -0.5334D+00   0.5946D-01  -0.5314D+00   0.3530D-01
   0.4853D+00  -0.1853D-01   0.8336D-01  -0.6262D-02   0.1141D+00  -0.4249D-01   0.1526D+00   0.0000D+00   0.3742D-01   0.3715D-02  -0.2109D-02   0.1216D-01   0.4853D+00  -0.1853D-01   0.8336D-01  -0.6262D-02   0.1141D+00  -0.4249D-01
  -0.1648D-02  -0.5527D-02  -0.3111D-02  -0.7463D-02  -0.1648D-02  -0.5527D-02  -0.3111D-02  -0.7463D-02
  1.000  0.500
  -0.6194D+00   0.0000D+00  -0.5635D+00   0.0000D+00   0.0000D+00   0.0000D+00  -0.4336D+00   0.0000D+00  -0.6194D+00   0.0000D+00  -0.5635D+00   0.0000D+00
   0.5179D+00   0.0000D+00   0.8690D-01   0.0000D+00   0.1693D+00   0.0000D+00   0.1524D+00   0.0000D+00   0.3386D-01   0.0000D+00   0.0000D+00   0.0000D+00   0.5179D+00   0.0000D+00   0.8690D-01   0.0000D+00   0.1693D+00   0.0000D+00
   0.0000D+00   0.0000D+00   0.0000D+00   0.0000D+00   0.0000D+00   0.0000D+00   0.0000D+00   0.0000D+00
  -0.5136D+00   0.7665D-01  -0.5284D+00   0.4548D-01   0.4718D-01  -0.4240D-01  -0.4312D+00   0.4676D-02  -0.5136D+00   0.7665D-01  -0.5284D+00   0.4548D-01
   0.4726D+00  -0.2022D-01   0.8184D-01  -0.6820D-02   0.1057D+00  -0.4639D-01   0.1495D+00   0.0000D+00   0.3722D-01   0.4044D-02  -0.2314D-02   0.1324D-01   0.4726D+00  -0.2022D-01   0.8184D-01  -0.6820D-02   0.1057D+00  -0.4639D-01
  -0.1801D-02  -0.6094D-02  -0.3406D-02  -0.8153D-02  -0.1801D-02  -0.6094D-02  -0.3406D-02  -0.8153D-02
  1.000  1.000
  -0.5683D+00   0.0000D+00  -0.5170D+00   0.0000D+00   0.0000D+00   0.0000D+00  -0.3978D+00   0.0000D+00  -0.5683D+00   0.0000D+00  -0.5170D+00   0.0000D+00
   0.5179D+00   0.0000D+00   0.8690D-01   0.0000D+00   0.1693D+00   0.0000D+00   0.1524D+00   0.0000D+00   0.3386D-01   0.0000D+00   0.0000D+00   0.0000D+00   0.5179D+00   0.0000D+00   0.8690D-01   0.0000D+00   0.1693D+00   0.0000D+00
   0.0000D+00   0.0000D+00   0.0000D+00   0.0000D+00   0.0000D+00   0.0000D+00   0.0000D+00   0.0000D+00
  -0.5245D+00   0.6452D-01  -0.5287D+00   0.3828D-01   0.3972D-01  -0.3569D-01  -0.4275D+00   0.3936D-02  -0.5245D+00   0.6452D-01  -0.5287D+00   0.3828D-01
   0.4765D+00  -0.1855D-01   0.8228D-01  -0.6257D-02   0.1110D+00  -0.4257D-01   0.1498D+00   0.0000D+00   0.3695D-01   0.3710D-02  -0.2122D-02   0.1214D-01   0.4765D+00  -0.1855D-01   0.8228D-01  -0.6257D-02   0.1110D+00  -0.4257D-01
  -0.1652D-02  -0.5591D-02  -0.3124D-02  -0.7480D-02  -0.1652D-02  -0.5591D-02  -0.3124D-02  -0.7480D-02
  1.000  2.000
  -0.5250D+00   0.0000D+00  -0.4777D+00   0.0000D+00   0.0000D+00   0.0000D+00  -0.3676D+00   0.0000D+00  -0.5250D+00   0.0000D+00  -0.4777D+00   0.0000D+00
   0.5179D+00   0.0000D+00   0.8690D-01   0.0000D+00   0.1693D+00   0.0000D+00   0.1524D+00   0.0000D+00   0.3386D-01   0.0000D+00   0.0000D+00   0.0000D+00   0.5179D+00   0.0000D+00   0.8690D-01   0.0000D+00   0.1693D+00   0.0000D+00
   0.0000D+00   0.0000D+00   0.0000D+00   0.0000D+00   0.0000D+00   0.0000D+00   0.0000D+00   0.0000D+00
  -0.5264D+00   0.5508D-01  -0.5229D+00   0.3268D-01   0.3391D-01  -0.3047D-01  -0.4200D+00   0.3360D-02  -0.5264D+00   0.5508D-01  -0.5229D+00   0.3268D-01
   0.4798D+00  -0.1714D-01   0.8265D-01  -0.5781D-02   0.1154D+00  -0.3933D-01   0.1500D+00   0.0000D+00   0.3673D-01   0.3428D-02  -0.1961D-02   0.1122D-01   0.4798D+00  -0.1714D-01   0.8265D-01  -0.5781D-02   0.1154D+00  -0.3933D-01
  -0.1527D-02  -0.5166D-02  -0.2887D-02  -0.6911D-02  -0.1527D-02  -0.5166D-02  -0.2887D-02  -0.6911D-02
  2.000  0.500
  -0.5770D+00   0.0000D+00  -0.5250D+00   0.0000D+00   0.0000D+00   0.0000D+00  -0.4022D+00   0.0000D+00  -0.5770D+00   0.0000D+00  -0.5250D+00   0.0000D+00
   0.4820D+00   0.0000D+00   0.8068D-01   0.0000D+00   0.1575D+00   0.0000D+00   0.1411D+00   0.0000D+00   0.3135D-01   0.0000D+00   0.0000D+00   0.0000D+00   0.4820D+00   0.0000D+00   0.8068D-01   0.0000D+00   0.1575D+00   0.0000D+00
   0.0000D+00   0.0000D+00   0.0000D+00   0.0000D+00   0.0000D+00   0.0000D+00   0.0000D+00   0.0000D+00
  -0.5251D+00   0.7149D-01  -0.5342D+00   0.4230D-01   0.4335D-01  -0.3931D-01  -0.4363D+00   0.4455D-02  -0.5251D+00   0.7149D-01  -0.5342D+00   0.4230D-01
   0.4781D+00  -0.1881D-01   0.8209D-01  -0.6345D-02   0.1107D+00  -0.4303D-01   0.1503D+00   0.0000D+00   0.3704D-01   0.3744D-02  -0.2260D-02   0.1225D-01   0.4781D+00  -0.1881D-01   0.8209D-01  -0.6345D-02   0.1107D+00  -0.4303D-01
  -0.1682D-02  -0.5649D-02  -0.3166D-02  -0.7557D-02  -0.1682D-02  -0.5649D-02  -0.3166D-02  -0.7557D-02
  2.000  1.000
  -0.5294D+00   0.0000D+00  -0.4817D+00   0.0000D+00   0.0000D+00   0.0000D+00  -0.3690D+00   0.0000D+00  -0.5294D+00   0.0000D+00  -0.4817D+00   0.0000D+00
   0.4820D+00   0.0000D+00   0.8068D-01   0.0000D+00   0.1575D+00   0.0000D+00   0.1411D+00   0.0000D+00   0.3135D-01   0.0000D+00   0.0000D+00   0.0000D+00   0.4820D+00   0.0000D+00   0.8068D-01   0.0000D+00   0.1575D+00   0.0000D+00
   0.0000D+00   0.0000D+00   0.0000D+00   0.0000D+00   0.0000D+00   0.0000D+00   0.0000D+00   0.0000D+00
  -0.5279D+00   0.6017D-01  -0.5279D+00   0.3561D-01   0.3649D-01  -0.3308D-01  -0.4271D+00   0.3750D-02  -0.5279D+00   0.6017D-01  -0.5279D+00   0.3561D-01
   0.4786D+00  -0.1726D-01   0.8200D-01  -0.5821D-02   0.1146D+00  -0.3948D-01   0.1496D+00   0.0000D+00   0.3658D-01   0.3435D-02  -0.2074D-02   0.1124D-01   0.4786D+00  -0.1726D-01   0.8200D-01  -0.5821D-02   0.1146D+00  -0.3948D-01
  -0.1543D-02  -0.5183D-02  -0.2905D-02  -0.6934D-02  -0.1543D-02  -0.5183D-02  -0.2905D-02  -0.6934D-02
  2.000  2.000
  -0.4891D+00   0.0000D+00  -0.4451D+00   0.0000D+00   0.0000D+00   0.0000D+00  -0.3409D+00   0.0000D+00  -0.4891D+00   0.0000D+00  -0.4451D+00   0.0000D+00
   0.4820D+00   0.0000D+00   0.8068D-01   0.0000D+00   0.1575D+00   0.0000D+00   0.1411D+00   0.0000D+00   0.3135D-01   0.0000D+00   0.0000D+00   0.0000D+00   0.4820D+00   0.0000D+00   0.8068D-01   0.0000D+00   0.1575D+00   0.0000D+00
   0.0000D+00   0.0000D+00   0.0000D+00   0.0000D+00   0.0000D+00   0.0000D+00   0.0000D+00   0.0000D+00
  -0.5239D+00   0.5137D-01  -0.5172D+00   0.3040D-01   0.3115D-01  -0.2824D-01  -0.4156D+00   0.3201D-02  -0.5239D+00   0.5137D-01  -0.5172D+00   0.3040D-01
   0.4789D+00  -0.1594D-01   0.8191D-01  -0.5379D-02   0.1179D+00  -0.3648D-01   0.1490D+00   0.0000D+00   0.3619D-01   0.3173D-02  -0.1916D-02   0.1039D-01   0.4789D+00  -0.1594D-01   0.8191D-01  -0.5379D-02   0.1179D+00  -0.3648D-01
  -0.1426D-02  -0.4789D-02  -0.2684D-02  -0.6406D-02  -0.1426D-02  -0.4789D-02  -0.2684D-02  -0.6406D-02
