 LHC=           1 sqrts=   8000.0000000000000      ang=           4 mode=fital                                                                                               scalescheme=           1 R=  0.69999999999999996     
 MSTW2008nlo68cl_rand1235                                                                                      12
 Bin information: chid, chiu, md, mu, mu0
   0.0000000000000000       0.50000000000000000        2750.0000000000000        3000.0000000000000        2875.0000000000000     
 9 scales(muf, mur)*(LO(38), NLO(38))
  0.500  0.500
  -0.7605D-05   0.0000D+00  -0.3100D-05   0.0000D+00   0.0000D+00   0.0000D+00  -0.1220D-05   0.0000D+00  -0.7605D-05   0.0000D+00  -0.3100D-05   0.0000D+00
   0.9616D-04   0.0000D+00   0.1178D-04   0.0000D+00   0.5755D-04   0.0000D+00   0.9934D-05   0.0000D+00   0.2208D-05   0.0000D+00   0.0000D+00   0.0000D+00   0.9616D-04   0.0000D+00   0.1178D-04   0.0000D+00   0.5755D-04   0.0000D+00
   0.0000D+00   0.0000D+00   0.0000D+00   0.0000D+00   0.0000D+00   0.0000D+00   0.0000D+00   0.0000D+00
  -0.7858D-05   0.3287D-06  -0.3133D-05   0.2343D-06   0.3428D-07  -0.9870D-07  -0.1173D-05   0.7910D-07  -0.7858D-05   0.3287D-06  -0.3133D-05   0.2343D-06
   0.8081D-04  -0.5690D-05   0.9600D-05  -0.1388D-05   0.4578D-04  -0.6651D-05   0.9145D-05   0.0000D+00   0.2216D-05   0.2183D-06  -0.2735D-06   0.7145D-06   0.8081D-04  -0.5690D-05   0.9600D-05  -0.1388D-05   0.4578D-04  -0.6651D-05
  -0.6401D-06  -0.1375D-05  -0.3636D-06  -0.7140D-06  -0.6401D-06  -0.1375D-05  -0.3636D-06  -0.7140D-06
  0.500  1.000
  -0.7081D-05   0.0000D+00  -0.2886D-05   0.0000D+00   0.0000D+00   0.0000D+00  -0.1136D-05   0.0000D+00  -0.7081D-05   0.0000D+00  -0.2886D-05   0.0000D+00
   0.9616D-04   0.0000D+00   0.1178D-04   0.0000D+00   0.5755D-04   0.0000D+00   0.9934D-05   0.0000D+00   0.2208D-05   0.0000D+00   0.0000D+00   0.0000D+00   0.9616D-04   0.0000D+00   0.1178D-04   0.0000D+00   0.5755D-04   0.0000D+00
   0.0000D+00   0.0000D+00   0.0000D+00   0.0000D+00   0.0000D+00   0.0000D+00   0.0000D+00   0.0000D+00
  -0.7773D-05   0.2849D-06  -0.3108D-05   0.2031D-06   0.2973D-07  -0.8557D-07  -0.1171D-05   0.6857D-07  -0.7773D-05   0.2849D-06  -0.3108D-05   0.2031D-06
   0.8187D-04  -0.5298D-05   0.9751D-05  -0.1292D-05   0.4659D-04  -0.6193D-05   0.9199D-05   0.0000D+00   0.2216D-05   0.2033D-06  -0.2547D-06   0.6653D-06   0.8187D-04  -0.5298D-05   0.9751D-05  -0.1292D-05   0.4659D-04  -0.6193D-05
  -0.5960D-06  -0.1280D-05  -0.3385D-06  -0.6648D-06  -0.5960D-06  -0.1280D-05  -0.3385D-06  -0.6648D-06
  0.500  2.000
  -0.6625D-05   0.0000D+00  -0.2700D-05   0.0000D+00   0.0000D+00   0.0000D+00  -0.1063D-05   0.0000D+00  -0.6625D-05   0.0000D+00  -0.2700D-05   0.0000D+00
   0.9616D-04   0.0000D+00   0.1178D-04   0.0000D+00   0.5755D-04   0.0000D+00   0.9934D-05   0.0000D+00   0.2208D-05   0.0000D+00   0.0000D+00   0.0000D+00   0.9616D-04   0.0000D+00   0.1178D-04   0.0000D+00   0.5755D-04   0.0000D+00
   0.0000D+00   0.0000D+00   0.0000D+00   0.0000D+00   0.0000D+00   0.0000D+00   0.0000D+00   0.0000D+00
  -0.7645D-05   0.2494D-06  -0.3063D-05   0.1778D-06   0.2603D-07  -0.7491D-07  -0.1160D-05   0.6003D-07  -0.7645D-05   0.2494D-06  -0.3063D-05   0.1778D-06
   0.8279D-04  -0.4957D-05   0.9881D-05  -0.1209D-05   0.4730D-04  -0.5794D-05   0.9247D-05   0.0000D+00   0.2215D-05   0.1902D-06  -0.2383D-06   0.6225D-06   0.8279D-04  -0.4957D-05   0.9881D-05  -0.1209D-05   0.4730D-04  -0.5794D-05
  -0.5577D-06  -0.1198D-05  -0.3167D-06  -0.6220D-06  -0.5577D-06  -0.1198D-05  -0.3167D-06  -0.6220D-06
  1.000  0.500
  -0.5900D-05   0.0000D+00  -0.2401D-05   0.0000D+00   0.0000D+00   0.0000D+00  -0.9466D-06   0.0000D+00  -0.5900D-05   0.0000D+00  -0.2401D-05   0.0000D+00
   0.7450D-04   0.0000D+00   0.9117D-05   0.0000D+00   0.4462D-04   0.0000D+00   0.7718D-05   0.0000D+00   0.1715D-05   0.0000D+00   0.0000D+00   0.0000D+00   0.7450D-04   0.0000D+00   0.9117D-05   0.0000D+00   0.4462D-04   0.0000D+00
   0.0000D+00   0.0000D+00   0.0000D+00   0.0000D+00   0.0000D+00   0.0000D+00   0.0000D+00   0.0000D+00
  -0.7600D-05   0.2545D-06  -0.3044D-05   0.1817D-06   0.2595D-07  -0.7661D-07  -0.1151D-05   0.6116D-07  -0.7600D-05   0.2545D-06  -0.3044D-05   0.1817D-06
   0.8177D-04  -0.4413D-05   0.9779D-05  -0.1076D-05   0.4689D-04  -0.5151D-05   0.9071D-05   0.0000D+00   0.2159D-05   0.1696D-06  -0.2042D-06   0.5551D-06   0.8177D-04  -0.4413D-05   0.9779D-05  -0.1076D-05   0.4689D-04  -0.5151D-05
  -0.4967D-06  -0.1065D-05  -0.2819D-06  -0.5541D-06  -0.4967D-06  -0.1065D-05  -0.2819D-06  -0.5541D-06
  1.000  1.000
  -0.5494D-05   0.0000D+00  -0.2235D-05   0.0000D+00   0.0000D+00   0.0000D+00  -0.8814D-06   0.0000D+00  -0.5494D-05   0.0000D+00  -0.2235D-05   0.0000D+00
   0.7450D-04   0.0000D+00   0.9117D-05   0.0000D+00   0.4462D-04   0.0000D+00   0.7718D-05   0.0000D+00   0.1715D-05   0.0000D+00   0.0000D+00   0.0000D+00   0.7450D-04   0.0000D+00   0.9117D-05   0.0000D+00   0.4462D-04   0.0000D+00
   0.0000D+00   0.0000D+00   0.0000D+00   0.0000D+00   0.0000D+00   0.0000D+00   0.0000D+00   0.0000D+00
  -0.7334D-05   0.2206D-06  -0.2942D-05   0.1575D-06   0.2250D-07  -0.6641D-07  -0.1118D-05   0.5302D-07  -0.7334D-05   0.2206D-06  -0.2942D-05   0.1575D-06
   0.8127D-04  -0.4109D-05   0.9733D-05  -0.1001D-05   0.4673D-04  -0.4796D-05   0.8978D-05   0.0000D+00   0.2128D-05   0.1579D-06  -0.1902D-06   0.5169D-06   0.8127D-04  -0.4109D-05   0.9733D-05  -0.1001D-05   0.4673D-04  -0.4796D-05
  -0.4624D-06  -0.9919D-06  -0.2625D-06  -0.5159D-06  -0.4624D-06  -0.9919D-06  -0.2625D-06  -0.5159D-06
  1.000  2.000
  -0.5140D-05   0.0000D+00  -0.2092D-05   0.0000D+00   0.0000D+00   0.0000D+00  -0.8247D-06   0.0000D+00  -0.5140D-05   0.0000D+00  -0.2092D-05   0.0000D+00
   0.7450D-04   0.0000D+00   0.9117D-05   0.0000D+00   0.4462D-04   0.0000D+00   0.7718D-05   0.0000D+00   0.1715D-05   0.0000D+00   0.0000D+00   0.0000D+00   0.7450D-04   0.0000D+00   0.9117D-05   0.0000D+00   0.4462D-04   0.0000D+00
   0.0000D+00   0.0000D+00   0.0000D+00   0.0000D+00   0.0000D+00   0.0000D+00   0.0000D+00   0.0000D+00
  -0.7073D-05   0.1931D-06  -0.2841D-05   0.1379D-06   0.1970D-07  -0.5814D-07  -0.1083D-05   0.4642D-07  -0.7073D-05   0.1931D-06  -0.2841D-05   0.1379D-06
   0.8084D-04  -0.3845D-05   0.9694D-05  -0.9370D-06   0.4660D-04  -0.4487D-05   0.8897D-05   0.0000D+00   0.2102D-05   0.1478D-06  -0.1779D-06   0.4836D-06   0.8084D-04  -0.3845D-05   0.9694D-05  -0.9370D-06   0.4660D-04  -0.4487D-05
  -0.4327D-06  -0.9280D-06  -0.2456D-06  -0.4827D-06  -0.4327D-06  -0.9280D-06  -0.2456D-06  -0.4827D-06
  2.000  0.500
  -0.4654D-05   0.0000D+00  -0.1891D-05   0.0000D+00   0.0000D+00   0.0000D+00  -0.7473D-06   0.0000D+00  -0.4654D-05   0.0000D+00  -0.1891D-05   0.0000D+00
   0.5869D-04   0.0000D+00   0.7181D-05   0.0000D+00   0.3516D-04   0.0000D+00   0.6098D-05   0.0000D+00   0.1355D-05   0.0000D+00   0.0000D+00   0.0000D+00   0.5869D-04   0.0000D+00   0.7181D-05   0.0000D+00   0.3516D-04   0.0000D+00
   0.0000D+00   0.0000D+00   0.0000D+00   0.0000D+00   0.0000D+00   0.0000D+00   0.0000D+00   0.0000D+00
  -0.7190D-05   0.2004D-06  -0.2885D-05   0.1433D-06   0.2103D-07  -0.6047D-07  -0.1101D-05   0.4810D-07  -0.7190D-05   0.2004D-06  -0.2885D-05   0.1433D-06
   0.7955D-04  -0.3477D-05   0.9559D-05  -0.8478D-06   0.4597D-04  -0.4060D-05   0.8727D-05   0.0000D+00   0.2053D-05   0.1340D-06  -0.1584D-06   0.4386D-06   0.7955D-04  -0.3477D-05   0.9559D-05  -0.8478D-06   0.4597D-04  -0.4060D-05
  -0.3917D-06  -0.8388D-06  -0.2222D-06  -0.4366D-06  -0.3917D-06  -0.8388D-06  -0.2222D-06  -0.4366D-06
  2.000  1.000
  -0.4333D-05   0.0000D+00  -0.1761D-05   0.0000D+00   0.0000D+00   0.0000D+00  -0.6958D-06   0.0000D+00  -0.4333D-05   0.0000D+00  -0.1761D-05   0.0000D+00
   0.5869D-04   0.0000D+00   0.7181D-05   0.0000D+00   0.3516D-04   0.0000D+00   0.6098D-05   0.0000D+00   0.1355D-05   0.0000D+00   0.0000D+00   0.0000D+00   0.5869D-04   0.0000D+00   0.7181D-05   0.0000D+00   0.3516D-04   0.0000D+00
   0.0000D+00   0.0000D+00   0.0000D+00   0.0000D+00   0.0000D+00   0.0000D+00   0.0000D+00   0.0000D+00
  -0.6822D-05   0.1738D-06  -0.2740D-05   0.1242D-06   0.1824D-07  -0.5243D-07  -0.1049D-05   0.4170D-07  -0.6822D-05   0.1738D-06  -0.2740D-05   0.1242D-06
   0.7811D-04  -0.3237D-05   0.9395D-05  -0.7894D-06   0.4522D-04  -0.3780D-05   0.8546D-05   0.0000D+00   0.2005D-05   0.1248D-06  -0.1475D-06   0.4083D-06   0.7811D-04  -0.3237D-05   0.9395D-05  -0.7894D-06   0.4522D-04  -0.3780D-05
  -0.3647D-06  -0.7810D-06  -0.2069D-06  -0.4065D-06  -0.3647D-06  -0.7810D-06  -0.2069D-06  -0.4065D-06
  2.000  2.000
  -0.4055D-05   0.0000D+00  -0.1648D-05   0.0000D+00   0.0000D+00   0.0000D+00  -0.6510D-06   0.0000D+00  -0.4055D-05   0.0000D+00  -0.1648D-05   0.0000D+00
   0.5869D-04   0.0000D+00   0.7181D-05   0.0000D+00   0.3516D-04   0.0000D+00   0.6098D-05   0.0000D+00   0.1355D-05   0.0000D+00   0.0000D+00   0.0000D+00   0.5869D-04   0.0000D+00   0.7181D-05   0.0000D+00   0.3516D-04   0.0000D+00
   0.0000D+00   0.0000D+00   0.0000D+00   0.0000D+00   0.0000D+00   0.0000D+00   0.0000D+00   0.0000D+00
  -0.6486D-05   0.1521D-06  -0.2608D-05   0.1088D-06   0.1597D-07  -0.4590D-07  -0.1001D-05   0.3651D-07  -0.6486D-05   0.1521D-06  -0.2608D-05   0.1088D-06
   0.7686D-04  -0.3029D-05   0.9253D-05  -0.7386D-06   0.4458D-04  -0.3537D-05   0.8388D-05   0.0000D+00   0.1963D-05   0.1167D-06  -0.1380D-06   0.3821D-06   0.7686D-04  -0.3029D-05   0.9253D-05  -0.7386D-06   0.4458D-04  -0.3537D-05
  -0.3412D-06  -0.7307D-06  -0.1936D-06  -0.3803D-06  -0.3412D-06  -0.7307D-06  -0.1936D-06  -0.3803D-06
