 LHC=           1 sqrts=   8000.0000000000000      ang=           4 mode=fital                                                                                               scalescheme=           1 R=  0.69999999999999996     
 MSTW2008nlo68cl_rand1235                                                                                      12
 Bin information: chid, chiu, md, mu, mu0
   0.0000000000000000       0.50000000000000000        3250.0000000000000        3500.0000000000000        3375.0000000000000     
 9 scales(muf, mur)*(LO(38), NLO(38))
  0.500  0.500
  -0.1845D-07   0.0000D+00  -0.7116D-08   0.0000D+00   0.0000D+00   0.0000D+00  -0.3173D-08   0.0000D+00  -0.1845D-07   0.0000D+00  -0.7116D-08   0.0000D+00
   0.3190D-06   0.0000D+00   0.3847D-07   0.0000D+00   0.1947D-06   0.0000D+00   0.3916D-07   0.0000D+00   0.8703D-08   0.0000D+00   0.0000D+00   0.0000D+00   0.3190D-06   0.0000D+00   0.3847D-07   0.0000D+00   0.1947D-06   0.0000D+00
   0.0000D+00   0.0000D+00   0.0000D+00   0.0000D+00   0.0000D+00   0.0000D+00   0.0000D+00   0.0000D+00
  -0.2135D-07   0.7483D-09  -0.7986D-08   0.5626D-09   0.2463D-10  -0.2524D-09  -0.3363D-08   0.1606D-09  -0.2135D-07   0.7483D-09  -0.7986D-08   0.5626D-09
   0.3031D-06  -0.1894D-07   0.3541D-07  -0.4579D-08   0.1787D-06  -0.2164D-07   0.3895D-07   0.0000D+00   0.9422D-08   0.8464D-09  -0.1250D-09   0.2770D-08   0.3031D-06  -0.1894D-07   0.3541D-07  -0.4579D-08   0.1787D-06  -0.2164D-07
  -0.2156D-08  -0.4611D-08  -0.1226D-08  -0.2414D-08  -0.2156D-08  -0.4611D-08  -0.1226D-08  -0.2414D-08
  0.500  1.000
  -0.1720D-07   0.0000D+00  -0.6633D-08   0.0000D+00   0.0000D+00   0.0000D+00  -0.2958D-08   0.0000D+00  -0.1720D-07   0.0000D+00  -0.6633D-08   0.0000D+00
   0.3190D-06   0.0000D+00   0.3847D-07   0.0000D+00   0.1947D-06   0.0000D+00   0.3916D-07   0.0000D+00   0.8703D-08   0.0000D+00   0.0000D+00   0.0000D+00   0.3190D-06   0.0000D+00   0.3847D-07   0.0000D+00   0.1947D-06   0.0000D+00
   0.0000D+00   0.0000D+00   0.0000D+00   0.0000D+00   0.0000D+00   0.0000D+00   0.0000D+00   0.0000D+00
  -0.2085D-07   0.6502D-09  -0.7826D-08   0.4888D-09   0.2142D-10  -0.2194D-09  -0.3317D-08   0.1395D-09  -0.2085D-07   0.6502D-09  -0.7826D-08   0.4888D-09
   0.3041D-06  -0.1765D-07   0.3562D-07  -0.4268D-08   0.1798D-06  -0.2017D-07   0.3897D-07   0.0000D+00   0.9374D-08   0.7890D-09  -0.1165D-09   0.2582D-08   0.3041D-06  -0.1765D-07   0.3562D-07  -0.4268D-08   0.1798D-06  -0.2017D-07
  -0.2009D-08  -0.4299D-08  -0.1143D-08  -0.2250D-08  -0.2009D-08  -0.4299D-08  -0.1143D-08  -0.2250D-08
  0.500  2.000
  -0.1611D-07   0.0000D+00  -0.6212D-08   0.0000D+00   0.0000D+00   0.0000D+00  -0.2770D-08   0.0000D+00  -0.1611D-07   0.0000D+00  -0.6212D-08   0.0000D+00
   0.3190D-06   0.0000D+00   0.3847D-07   0.0000D+00   0.1947D-06   0.0000D+00   0.3916D-07   0.0000D+00   0.8703D-08   0.0000D+00   0.0000D+00   0.0000D+00   0.3190D-06   0.0000D+00   0.3847D-07   0.0000D+00   0.1947D-06   0.0000D+00
   0.0000D+00   0.0000D+00   0.0000D+00   0.0000D+00   0.0000D+00   0.0000D+00   0.0000D+00   0.0000D+00
  -0.2030D-07   0.5704D-09  -0.7641D-08   0.4288D-09   0.1880D-10  -0.1924D-09  -0.3256D-08   0.1224D-09  -0.2030D-07   0.5704D-09  -0.7641D-08   0.4288D-09
   0.3051D-06  -0.1653D-07   0.3580D-07  -0.3998D-08   0.1807D-06  -0.1889D-07   0.3898D-07   0.0000D+00   0.9331D-08   0.7390D-09  -0.1091D-09   0.2419D-08   0.3051D-06  -0.1653D-07   0.3580D-07  -0.3998D-08   0.1807D-06  -0.1889D-07
  -0.1882D-08  -0.4026D-08  -0.1070D-08  -0.2107D-08  -0.1882D-08  -0.4026D-08  -0.1070D-08  -0.2107D-08
  1.000  0.500
  -0.1356D-07   0.0000D+00  -0.5335D-08   0.0000D+00   0.0000D+00   0.0000D+00  -0.2457D-08   0.0000D+00  -0.1356D-07   0.0000D+00  -0.5335D-08   0.0000D+00
   0.2380D-06   0.0000D+00   0.2902D-07   0.0000D+00   0.1433D-06   0.0000D+00   0.3081D-07   0.0000D+00   0.6847D-08   0.0000D+00   0.0000D+00   0.0000D+00   0.2380D-06   0.0000D+00   0.2902D-07   0.0000D+00   0.1433D-06   0.0000D+00
   0.0000D+00   0.0000D+00   0.0000D+00   0.0000D+00   0.0000D+00   0.0000D+00   0.0000D+00   0.0000D+00
  -0.1993D-07   0.5622D-09  -0.7619D-08   0.4201D-09   0.3175D-10  -0.1955D-09  -0.3337D-08   0.1165D-09  -0.1993D-07   0.5622D-09  -0.7619D-08   0.4201D-09
   0.2999D-06  -0.1394D-07   0.3553D-07  -0.3389D-08   0.1759D-06  -0.1619D-07   0.3961D-07   0.0000D+00   0.9414D-08   0.6658D-09  -0.5605D-10   0.2179D-08   0.2999D-06  -0.1394D-07   0.3553D-07  -0.3389D-08   0.1759D-06  -0.1619D-07
  -0.1585D-08  -0.3410D-08  -0.9331D-09  -0.1852D-08  -0.1585D-08  -0.3410D-08  -0.9331D-09  -0.1852D-08
  1.000  1.000
  -0.1264D-07   0.0000D+00  -0.4974D-08   0.0000D+00   0.0000D+00   0.0000D+00  -0.2290D-08   0.0000D+00  -0.1264D-07   0.0000D+00  -0.4974D-08   0.0000D+00
   0.2380D-06   0.0000D+00   0.2902D-07   0.0000D+00   0.1433D-06   0.0000D+00   0.3081D-07   0.0000D+00   0.6847D-08   0.0000D+00   0.0000D+00   0.0000D+00   0.2380D-06   0.0000D+00   0.2902D-07   0.0000D+00   0.1433D-06   0.0000D+00
   0.0000D+00   0.0000D+00   0.0000D+00   0.0000D+00   0.0000D+00   0.0000D+00   0.0000D+00   0.0000D+00
  -0.1900D-07   0.4886D-09  -0.7284D-08   0.3650D-09   0.2760D-10  -0.1699D-09  -0.3206D-08   0.1012D-09  -0.1900D-07   0.4886D-09  -0.7284D-08   0.3650D-09
   0.2957D-06  -0.1300D-07   0.3509D-07  -0.3159D-08   0.1737D-06  -0.1509D-07   0.3902D-07   0.0000D+00   0.9240D-08   0.6206D-09  -0.5225D-10   0.2031D-08   0.2957D-06  -0.1300D-07   0.3509D-07  -0.3159D-08   0.1737D-06  -0.1509D-07
  -0.1477D-08  -0.3179D-08  -0.8698D-09  -0.1726D-08  -0.1477D-08  -0.3179D-08  -0.8698D-09  -0.1726D-08
  1.000  2.000
  -0.1184D-07   0.0000D+00  -0.4658D-08   0.0000D+00   0.0000D+00   0.0000D+00  -0.2145D-08   0.0000D+00  -0.1184D-07   0.0000D+00  -0.4658D-08   0.0000D+00
   0.2380D-06   0.0000D+00   0.2902D-07   0.0000D+00   0.1433D-06   0.0000D+00   0.3081D-07   0.0000D+00   0.6847D-08   0.0000D+00   0.0000D+00   0.0000D+00   0.2380D-06   0.0000D+00   0.2902D-07   0.0000D+00   0.1433D-06   0.0000D+00
   0.0000D+00   0.0000D+00   0.0000D+00   0.0000D+00   0.0000D+00   0.0000D+00   0.0000D+00   0.0000D+00
  -0.1815D-07   0.4286D-09  -0.6972D-08   0.3202D-09   0.2422D-10  -0.1490D-09  -0.3080D-08   0.8878D-10  -0.1815D-07   0.4286D-09  -0.6972D-08   0.3202D-09
   0.2920D-06  -0.1217D-07   0.3470D-07  -0.2959D-08   0.1718D-06  -0.1414D-07   0.3850D-07   0.0000D+00   0.9088D-08   0.5813D-09  -0.4894D-10   0.1902D-08   0.2920D-06  -0.1217D-07   0.3470D-07  -0.2959D-08   0.1718D-06  -0.1414D-07
  -0.1383D-08  -0.2977D-08  -0.8146D-09  -0.1617D-08  -0.1383D-08  -0.2977D-08  -0.8146D-09  -0.1617D-08
  2.000  0.500
  -0.1019D-07   0.0000D+00  -0.4093D-08   0.0000D+00   0.0000D+00   0.0000D+00  -0.1950D-08   0.0000D+00  -0.1019D-07   0.0000D+00  -0.4093D-08   0.0000D+00
   0.1819D-06   0.0000D+00   0.2243D-07   0.0000D+00   0.1078D-06   0.0000D+00   0.2484D-07   0.0000D+00   0.5520D-08   0.0000D+00   0.0000D+00   0.0000D+00   0.1819D-06   0.0000D+00   0.2243D-07   0.0000D+00   0.1078D-06   0.0000D+00
   0.0000D+00   0.0000D+00   0.0000D+00   0.0000D+00   0.0000D+00   0.0000D+00   0.0000D+00   0.0000D+00
  -0.1815D-07   0.4326D-09  -0.7087D-08   0.3212D-09   0.3505D-10  -0.1552D-09  -0.3227D-08   0.8627D-10  -0.1815D-07   0.4326D-09  -0.7087D-08   0.3212D-09
   0.2851D-06  -0.1048D-07   0.3436D-07  -0.2569D-08   0.1657D-06  -0.1238D-07   0.3908D-07   0.0000D+00   0.9175D-08   0.5368D-09  -0.2920D-10   0.1757D-08   0.2851D-06  -0.1048D-07   0.3436D-07  -0.2569D-08   0.1657D-06  -0.1238D-07
  -0.1191D-08  -0.2577D-08  -0.7266D-09  -0.1447D-08  -0.1191D-08  -0.2577D-08  -0.7266D-09  -0.1447D-08
  2.000  1.000
  -0.9499D-08   0.0000D+00  -0.3816D-08   0.0000D+00   0.0000D+00   0.0000D+00  -0.1817D-08   0.0000D+00  -0.9499D-08   0.0000D+00  -0.3816D-08   0.0000D+00
   0.1819D-06   0.0000D+00   0.2243D-07   0.0000D+00   0.1078D-06   0.0000D+00   0.2484D-07   0.0000D+00   0.5520D-08   0.0000D+00   0.0000D+00   0.0000D+00   0.1819D-06   0.0000D+00   0.2243D-07   0.0000D+00   0.1078D-06   0.0000D+00
   0.0000D+00   0.0000D+00   0.0000D+00   0.0000D+00   0.0000D+00   0.0000D+00   0.0000D+00   0.0000D+00
  -0.1704D-07   0.3759D-09  -0.6668D-08   0.2791D-09   0.3047D-10  -0.1348D-09  -0.3047D-08   0.7496D-10  -0.1704D-07   0.3759D-09  -0.6668D-08   0.2791D-09
   0.2781D-06  -0.9773D-08   0.3355D-07  -0.2395D-08   0.1618D-06  -0.1154D-07   0.3812D-07   0.0000D+00   0.8927D-08   0.5004D-09  -0.2722D-10   0.1638D-08   0.2781D-06  -0.9773D-08   0.3355D-07  -0.2395D-08   0.1618D-06  -0.1154D-07
  -0.1110D-08  -0.2402D-08  -0.6773D-09  -0.1349D-08  -0.1110D-08  -0.2402D-08  -0.6773D-09  -0.1349D-08
  2.000  2.000
  -0.8897D-08   0.0000D+00  -0.3574D-08   0.0000D+00   0.0000D+00   0.0000D+00  -0.1702D-08   0.0000D+00  -0.8897D-08   0.0000D+00  -0.3574D-08   0.0000D+00
   0.1819D-06   0.0000D+00   0.2243D-07   0.0000D+00   0.1078D-06   0.0000D+00   0.2484D-07   0.0000D+00   0.5520D-08   0.0000D+00   0.0000D+00   0.0000D+00   0.1819D-06   0.0000D+00   0.2243D-07   0.0000D+00   0.1078D-06   0.0000D+00
   0.0000D+00   0.0000D+00   0.0000D+00   0.0000D+00   0.0000D+00   0.0000D+00   0.0000D+00   0.0000D+00
  -0.1606D-07   0.3297D-09  -0.6296D-08   0.2448D-09   0.2673D-10  -0.1183D-09  -0.2885D-08   0.6576D-10  -0.1606D-07   0.3297D-09  -0.6296D-08   0.2448D-09
   0.2720D-06  -0.9154D-08   0.3285D-07  -0.2243D-08   0.1583D-06  -0.1081D-07   0.3728D-07   0.0000D+00   0.8711D-08   0.4687D-09  -0.2549D-10   0.1534D-08   0.2720D-06  -0.9154D-08   0.3285D-07  -0.2243D-08   0.1583D-06  -0.1081D-07
  -0.1040D-08  -0.2250D-08  -0.6344D-09  -0.1263D-08  -0.1040D-08  -0.2250D-08  -0.6344D-09  -0.1263D-08
