 LHC=           1 sqrts=   8000.0000000000000      ang=           4 mode=fital                                                                                               scalescheme=           1 R=  0.69999999999999996     
 MSTW2008nlo68cl_rand1235                                                                                      61
 Bin information: chid, chiu, md, mu, mu0
   0.0000000000000000       0.50000000000000000        330.00000000000000        362.00000000000000        346.00000000000000     
 9 scales(muf, mur)*(LO(38), NLO(38))
  0.500  0.500
  -0.1865D+01   0.0000D+00  -0.2070D+01   0.0000D+00   0.0000D+00   0.0000D+00  -0.1914D+01   0.0000D+00  -0.1865D+01   0.0000D+00  -0.2070D+01   0.0000D+00
   0.6565D+00   0.0000D+00   0.1155D+00   0.0000D+00   0.1810D+00   0.0000D+00   0.2384D+00   0.0000D+00   0.5297D-01   0.0000D+00   0.0000D+00   0.0000D+00   0.6565D+00   0.0000D+00   0.1155D+00   0.0000D+00   0.1810D+00   0.0000D+00
   0.0000D+00   0.0000D+00   0.0000D+00   0.0000D+00   0.0000D+00   0.0000D+00   0.0000D+00   0.0000D+00
  -0.1352D+01   0.3097D+00  -0.1782D+01   0.1864D+00   0.1740D+00  -0.2002D+00  -0.1777D+01  -0.1296D-02  -0.1352D+01   0.3097D+00  -0.1782D+01   0.1864D+00
   0.6401D+00  -0.2313D-01   0.1150D+00  -0.8663D-02   0.1139D+00  -0.6337D-01   0.2398D+00   0.0000D+00   0.6015D-01   0.6768D-02  -0.1697D-02   0.2215D-01   0.6401D+00  -0.2313D-01   0.1150D+00  -0.8663D-02   0.1139D+00  -0.6337D-01
  -0.1735D-02  -0.7769D-02  -0.4745D-02  -0.1249D-01  -0.1735D-02  -0.7769D-02  -0.4745D-02  -0.1249D-01
  0.500  1.000
  -0.1701D+01   0.0000D+00  -0.1887D+01   0.0000D+00   0.0000D+00   0.0000D+00  -0.1746D+01   0.0000D+00  -0.1701D+01   0.0000D+00  -0.1887D+01   0.0000D+00
   0.6565D+00   0.0000D+00   0.1155D+00   0.0000D+00   0.1810D+00   0.0000D+00   0.2384D+00   0.0000D+00   0.5297D-01   0.0000D+00   0.0000D+00   0.0000D+00   0.6565D+00   0.0000D+00   0.1155D+00   0.0000D+00   0.1810D+00   0.0000D+00
   0.0000D+00   0.0000D+00   0.0000D+00   0.0000D+00   0.0000D+00   0.0000D+00   0.0000D+00   0.0000D+00
  -0.1419D+01   0.2576D+00  -0.1809D+01   0.1551D+00   0.1447D+00  -0.1665D+00  -0.1780D+01  -0.1077D-02  -0.1419D+01   0.2576D+00  -0.1809D+01   0.1551D+00
   0.6419D+00  -0.2109D-01   0.1151D+00  -0.7901D-02   0.1200D+00  -0.5780D-01   0.2398D+00   0.0000D+00   0.5955D-01   0.6173D-02  -0.1545D-02   0.2020D-01   0.6419D+00  -0.2109D-01   0.1151D+00  -0.7901D-02   0.1200D+00  -0.5780D-01
  -0.1583D-02  -0.7085D-02  -0.4327D-02  -0.1139D-01  -0.1583D-02  -0.7085D-02  -0.4327D-02  -0.1139D-01
  0.500  2.000
  -0.1564D+01   0.0000D+00  -0.1735D+01   0.0000D+00   0.0000D+00   0.0000D+00  -0.1605D+01   0.0000D+00  -0.1564D+01   0.0000D+00  -0.1735D+01   0.0000D+00
   0.6565D+00   0.0000D+00   0.1155D+00   0.0000D+00   0.1810D+00   0.0000D+00   0.2384D+00   0.0000D+00   0.5297D-01   0.0000D+00   0.0000D+00   0.0000D+00   0.6565D+00   0.0000D+00   0.1155D+00   0.0000D+00   0.1810D+00   0.0000D+00
   0.0000D+00   0.0000D+00   0.0000D+00   0.0000D+00   0.0000D+00   0.0000D+00   0.0000D+00   0.0000D+00
  -0.1447D+01   0.2177D+00  -0.1804D+01   0.1311D+00   0.1223D+00  -0.1407D+00  -0.1759D+01  -0.9103D-03  -0.1447D+01   0.2177D+00  -0.1804D+01   0.1311D+00
   0.6434D+00  -0.1939D-01   0.1152D+00  -0.7264D-02   0.1250D+00  -0.5314D-01   0.2397D+00   0.0000D+00   0.5904D-01   0.5675D-02  -0.1419D-02   0.1857D-01   0.6434D+00  -0.1939D-01   0.1152D+00  -0.7264D-02   0.1250D+00  -0.5314D-01
  -0.1455D-02  -0.6514D-02  -0.3978D-02  -0.1047D-01  -0.1455D-02  -0.6514D-02  -0.3978D-02  -0.1047D-01
  1.000  0.500
  -0.1769D+01   0.0000D+00  -0.1981D+01   0.0000D+00   0.0000D+00   0.0000D+00  -0.1823D+01   0.0000D+00  -0.1769D+01   0.0000D+00  -0.1981D+01   0.0000D+00
   0.6235D+00   0.0000D+00   0.1099D+00   0.0000D+00   0.1723D+00   0.0000D+00   0.2269D+00   0.0000D+00   0.5042D-01   0.0000D+00   0.0000D+00   0.0000D+00   0.6235D+00   0.0000D+00   0.1099D+00   0.0000D+00   0.1723D+00   0.0000D+00
   0.0000D+00   0.0000D+00   0.0000D+00   0.0000D+00   0.0000D+00   0.0000D+00   0.0000D+00   0.0000D+00
  -0.1373D+01   0.2957D+00  -0.1786D+01   0.1787D+00   0.1691D+00  -0.1906D+00  -0.1779D+01  -0.9862D-03  -0.1373D+01   0.2957D+00  -0.1786D+01   0.1787D+00
   0.6295D+00  -0.2200D-01   0.1135D+00  -0.8226D-02   0.1139D+00  -0.6007D-01   0.2359D+00   0.0000D+00   0.5925D-01   0.6446D-02  -0.1745D-02   0.2110D-01   0.6295D+00  -0.2200D-01   0.1135D+00  -0.8226D-02   0.1139D+00  -0.6007D-01
  -0.1661D-02  -0.7378D-02  -0.4544D-02  -0.1189D-01  -0.1661D-02  -0.7378D-02  -0.4544D-02  -0.1189D-01
  1.000  1.000
  -0.1614D+01   0.0000D+00  -0.1807D+01   0.0000D+00   0.0000D+00   0.0000D+00  -0.1663D+01   0.0000D+00  -0.1614D+01   0.0000D+00  -0.1807D+01   0.0000D+00
   0.6235D+00   0.0000D+00   0.1099D+00   0.0000D+00   0.1723D+00   0.0000D+00   0.2269D+00   0.0000D+00   0.5042D-01   0.0000D+00   0.0000D+00   0.0000D+00   0.6235D+00   0.0000D+00   0.1099D+00   0.0000D+00   0.1723D+00   0.0000D+00
   0.0000D+00   0.0000D+00   0.0000D+00   0.0000D+00   0.0000D+00   0.0000D+00   0.0000D+00   0.0000D+00
  -0.1421D+01   0.2460D+00  -0.1798D+01   0.1486D+00   0.1406D+00  -0.1585D+00  -0.1767D+01  -0.8198D-03  -0.1421D+01   0.2460D+00  -0.1798D+01   0.1486D+00
   0.6293D+00  -0.2006D-01   0.1132D+00  -0.7502D-02   0.1191D+00  -0.5479D-01   0.2352D+00   0.0000D+00   0.5850D-01   0.5879D-02  -0.1589D-02   0.1924D-01   0.6293D+00  -0.2006D-01   0.1132D+00  -0.7502D-02   0.1191D+00  -0.5479D-01
  -0.1515D-02  -0.6729D-02  -0.4144D-02  -0.1084D-01  -0.1515D-02  -0.6729D-02  -0.4144D-02  -0.1084D-01
  1.000  2.000
  -0.1483D+01   0.0000D+00  -0.1661D+01   0.0000D+00   0.0000D+00   0.0000D+00  -0.1529D+01   0.0000D+00  -0.1483D+01   0.0000D+00  -0.1661D+01   0.0000D+00
   0.6235D+00   0.0000D+00   0.1099D+00   0.0000D+00   0.1723D+00   0.0000D+00   0.2269D+00   0.0000D+00   0.5042D-01   0.0000D+00   0.0000D+00   0.0000D+00   0.6235D+00   0.0000D+00   0.1099D+00   0.0000D+00   0.1723D+00   0.0000D+00
   0.0000D+00   0.0000D+00   0.0000D+00   0.0000D+00   0.0000D+00   0.0000D+00   0.0000D+00   0.0000D+00
  -0.1436D+01   0.2079D+00  -0.1783D+01   0.1256D+00   0.1188D+00  -0.1340D+00  -0.1736D+01  -0.6926D-03  -0.1436D+01   0.2079D+00  -0.1783D+01   0.1256D+00
   0.6291D+00  -0.1844D-01   0.1130D+00  -0.6897D-02   0.1235D+00  -0.5037D-01   0.2346D+00   0.0000D+00   0.5787D-01   0.5405D-02  -0.1459D-02   0.1769D-01   0.6291D+00  -0.1844D-01   0.1130D+00  -0.6897D-02   0.1235D+00  -0.5037D-01
  -0.1393D-02  -0.6187D-02  -0.3810D-02  -0.9968D-02  -0.1393D-02  -0.6187D-02  -0.3810D-02  -0.9968D-02
  2.000  0.500
  -0.1683D+01   0.0000D+00  -0.1897D+01   0.0000D+00   0.0000D+00   0.0000D+00  -0.1742D+01   0.0000D+00  -0.1683D+01   0.0000D+00  -0.1897D+01   0.0000D+00
   0.5949D+00   0.0000D+00   0.1050D+00   0.0000D+00   0.1639D+00   0.0000D+00   0.2163D+00   0.0000D+00   0.4806D-01   0.0000D+00   0.0000D+00   0.0000D+00   0.5949D+00   0.0000D+00   0.1050D+00   0.0000D+00   0.1639D+00   0.0000D+00
   0.0000D+00   0.0000D+00   0.0000D+00   0.0000D+00   0.0000D+00   0.0000D+00   0.0000D+00   0.0000D+00
  -0.1395D+01   0.2829D+00  -0.1804D+01   0.1700D+00   0.1582D+00  -0.1822D+00  -0.1799D+01  -0.7099D-03  -0.1395D+01   0.2829D+00  -0.1804D+01   0.1700D+00
   0.6261D+00  -0.2093D-01   0.1128D+00  -0.7854D-02   0.1161D+00  -0.5742D-01   0.2355D+00   0.0000D+00   0.5867D-01   0.6141D-02  -0.1599D-02   0.2010D-01   0.6261D+00  -0.2093D-01   0.1128D+00  -0.7854D-02   0.1161D+00  -0.5742D-01
  -0.1587D-02  -0.7078D-02  -0.4349D-02  -0.1132D-01  -0.1587D-02  -0.7078D-02  -0.4349D-02  -0.1132D-01
  2.000  1.000
  -0.1535D+01   0.0000D+00  -0.1730D+01   0.0000D+00   0.0000D+00   0.0000D+00  -0.1589D+01   0.0000D+00  -0.1535D+01   0.0000D+00  -0.1730D+01   0.0000D+00
   0.5949D+00   0.0000D+00   0.1050D+00   0.0000D+00   0.1639D+00   0.0000D+00   0.2163D+00   0.0000D+00   0.4806D-01   0.0000D+00   0.0000D+00   0.0000D+00   0.5949D+00   0.0000D+00   0.1050D+00   0.0000D+00   0.1639D+00   0.0000D+00
   0.0000D+00   0.0000D+00   0.0000D+00   0.0000D+00   0.0000D+00   0.0000D+00   0.0000D+00   0.0000D+00
  -0.1425D+01   0.2353D+00  -0.1799D+01   0.1414D+00   0.1316D+00  -0.1515D+00  -0.1771D+01  -0.5900D-03  -0.1425D+01   0.2353D+00  -0.1799D+01   0.1414D+00
   0.6233D+00  -0.1909D-01   0.1121D+00  -0.7163D-02   0.1203D+00  -0.5237D-01   0.2338D+00   0.0000D+00   0.5775D-01   0.5601D-02  -0.1457D-02   0.1833D-01   0.6233D+00  -0.1909D-01   0.1121D+00  -0.7163D-02   0.1203D+00  -0.5237D-01
  -0.1447D-02  -0.6455D-02  -0.3966D-02  -0.1032D-01  -0.1447D-02  -0.6455D-02  -0.3966D-02  -0.1032D-01
  2.000  2.000
  -0.1411D+01   0.0000D+00  -0.1590D+01   0.0000D+00   0.0000D+00   0.0000D+00  -0.1461D+01   0.0000D+00  -0.1411D+01   0.0000D+00  -0.1590D+01   0.0000D+00
   0.5949D+00   0.0000D+00   0.1050D+00   0.0000D+00   0.1639D+00   0.0000D+00   0.2163D+00   0.0000D+00   0.4806D-01   0.0000D+00   0.0000D+00   0.0000D+00   0.5949D+00   0.0000D+00   0.1050D+00   0.0000D+00   0.1639D+00   0.0000D+00
   0.0000D+00   0.0000D+00   0.0000D+00   0.0000D+00   0.0000D+00   0.0000D+00   0.0000D+00   0.0000D+00
  -0.1429D+01   0.1989D+00  -0.1773D+01   0.1195D+00   0.1112D+00  -0.1281D+00  -0.1728D+01  -0.4983D-03  -0.1429D+01   0.1989D+00  -0.1773D+01   0.1195D+00
   0.6214D+00  -0.1755D-01   0.1116D+00  -0.6585D-02   0.1239D+00  -0.4815D-01   0.2325D+00   0.0000D+00   0.5699D-01   0.5149D-02  -0.1338D-02   0.1685D-01   0.6214D+00  -0.1755D-01   0.1116D+00  -0.6585D-02   0.1239D+00  -0.4815D-01
  -0.1331D-02  -0.5935D-02  -0.3646D-02  -0.9489D-02  -0.1331D-02  -0.5935D-02  -0.3646D-02  -0.9489D-02
