 LHC=           1 sqrts=   8000.0000000000000      ang=           4 mode=fital                                                                                               scalescheme=           1 R=  0.69999999999999996     
 MSTW2008nlo68cl_rand1235                                                                                      61
 Bin information: chid, chiu, md, mu, mu0
   0.0000000000000000       0.50000000000000000        1327.0000000000000        1410.0000000000000        1368.5000000000000     
 9 scales(muf, mur)*(LO(38), NLO(38))
  0.500  0.500
  -0.3458D-01   0.0000D+00  -0.2260D-01   0.0000D+00   0.0000D+00   0.0000D+00  -0.1097D-01   0.0000D+00  -0.3458D-01   0.0000D+00  -0.2260D-01   0.0000D+00
   0.1327D+00   0.0000D+00   0.1992D-01   0.0000D+00   0.5740D-01   0.0000D+00   0.2207D-01   0.0000D+00   0.4904D-02   0.0000D+00   0.0000D+00   0.0000D+00   0.1327D+00   0.0000D+00   0.1992D-01   0.0000D+00   0.5740D-01   0.0000D+00
   0.0000D+00   0.0000D+00   0.0000D+00   0.0000D+00   0.0000D+00   0.0000D+00   0.0000D+00   0.0000D+00
  -0.2893D-01   0.2640D-02  -0.1994D-01   0.1541D-02   0.1283D-02  -0.9625D-03  -0.9697D-02   0.5124D-03  -0.2893D-01   0.2640D-02  -0.1994D-01   0.1541D-02
   0.9832D-01  -0.6158D-02   0.1507D-01  -0.1768D-02   0.3312D-01  -0.1039D-01   0.1842D-01   0.0000D+00   0.4557D-02   0.5260D-03  -0.8794D-03   0.1721D-02   0.9832D-01  -0.6158D-02   0.1507D-01  -0.1768D-02   0.3312D-01  -0.1039D-01
  -0.6391D-03  -0.1583D-02  -0.6610D-03  -0.1415D-02  -0.6391D-03  -0.1583D-02  -0.6610D-03  -0.1415D-02
  0.500  1.000
  -0.3201D-01   0.0000D+00  -0.2091D-01   0.0000D+00   0.0000D+00   0.0000D+00  -0.1015D-01   0.0000D+00  -0.3201D-01   0.0000D+00  -0.2091D-01   0.0000D+00
   0.1327D+00   0.0000D+00   0.1992D-01   0.0000D+00   0.5740D-01   0.0000D+00   0.2207D-01   0.0000D+00   0.4904D-02   0.0000D+00   0.0000D+00   0.0000D+00   0.1327D+00   0.0000D+00   0.1992D-01   0.0000D+00   0.5740D-01   0.0000D+00
   0.0000D+00   0.0000D+00   0.0000D+00   0.0000D+00   0.0000D+00   0.0000D+00   0.0000D+00   0.0000D+00
  -0.2947D-01   0.2262D-02  -0.2015D-01   0.1320D-02   0.1099D-02  -0.8245D-03  -0.9794D-02   0.4389D-03  -0.2947D-01   0.2262D-02  -0.2015D-01   0.1320D-02
   0.1009D+00  -0.5699D-02   0.1544D-01  -0.1636D-02   0.3494D-01  -0.9613D-02   0.1870D-01   0.0000D+00   0.4584D-02   0.4868D-03  -0.8139D-03   0.1593D-02   0.1009D+00  -0.5699D-02   0.1544D-01  -0.1636D-02   0.3494D-01  -0.9613D-02
  -0.5915D-03  -0.1465D-02  -0.6118D-03  -0.1310D-02  -0.5915D-03  -0.1465D-02  -0.6118D-03  -0.1310D-02
  0.500  2.000
  -0.2979D-01   0.0000D+00  -0.1947D-01   0.0000D+00   0.0000D+00   0.0000D+00  -0.9450D-02   0.0000D+00  -0.2979D-01   0.0000D+00  -0.1947D-01   0.0000D+00
   0.1327D+00   0.0000D+00   0.1992D-01   0.0000D+00   0.5740D-01   0.0000D+00   0.2207D-01   0.0000D+00   0.4904D-02   0.0000D+00   0.0000D+00   0.0000D+00   0.1327D+00   0.0000D+00   0.1992D-01   0.0000D+00   0.5740D-01   0.0000D+00
   0.0000D+00   0.0000D+00   0.0000D+00   0.0000D+00   0.0000D+00   0.0000D+00   0.0000D+00   0.0000D+00
  -0.2959D-01   0.1960D-02  -0.2011D-01   0.1143D-02   0.9527D-03  -0.7143D-03  -0.9774D-02   0.3803D-03  -0.2959D-01   0.1960D-02  -0.2011D-01   0.1143D-02
   0.1031D+00  -0.5305D-02   0.1575D-01  -0.1523D-02   0.3649D-01  -0.8948D-02   0.1893D-01   0.0000D+00   0.4606D-02   0.4532D-03  -0.7577D-03   0.1483D-02   0.1031D+00  -0.5305D-02   0.1575D-01  -0.1523D-02   0.3649D-01  -0.8948D-02
  -0.5506D-03  -0.1364D-02  -0.5695D-03  -0.1219D-02  -0.5506D-03  -0.1364D-02  -0.5695D-03  -0.1219D-02
  1.000  0.500
  -0.3004D-01   0.0000D+00  -0.1958D-01   0.0000D+00   0.0000D+00   0.0000D+00  -0.9487D-02   0.0000D+00  -0.3004D-01   0.0000D+00  -0.1958D-01   0.0000D+00
   0.1150D+00   0.0000D+00   0.1724D-01   0.0000D+00   0.4981D-01   0.0000D+00   0.1907D-01   0.0000D+00   0.4239D-02   0.0000D+00   0.0000D+00   0.0000D+00   0.1150D+00   0.0000D+00   0.1724D-01   0.0000D+00   0.4981D-01   0.0000D+00
   0.0000D+00   0.0000D+00   0.0000D+00   0.0000D+00   0.0000D+00   0.0000D+00   0.0000D+00   0.0000D+00
  -0.2937D-01   0.2285D-02  -0.2009D-01   0.1335D-02   0.1104D-02  -0.8324D-03  -0.9754D-02   0.4452D-03  -0.2937D-01   0.2285D-02  -0.2009D-01   0.1335D-02
   0.1013D+00  -0.5342D-02   0.1550D-01  -0.1532D-02   0.3580D-01  -0.9000D-02   0.1865D-01   0.0000D+00   0.4553D-02   0.4547D-03  -0.7631D-03   0.1488D-02   0.1013D+00  -0.5342D-02   0.1550D-01  -0.1532D-02   0.3580D-01  -0.9000D-02
  -0.5558D-03  -0.1392D-02  -0.5718D-03  -0.1225D-02  -0.5558D-03  -0.1392D-02  -0.5718D-03  -0.1225D-02
  1.000  1.000
  -0.2780D-01   0.0000D+00  -0.1812D-01   0.0000D+00   0.0000D+00   0.0000D+00  -0.8780D-02   0.0000D+00  -0.2780D-01   0.0000D+00  -0.1812D-01   0.0000D+00
   0.1150D+00   0.0000D+00   0.1724D-01   0.0000D+00   0.4981D-01   0.0000D+00   0.1907D-01   0.0000D+00   0.4239D-02   0.0000D+00   0.0000D+00   0.0000D+00   0.1150D+00   0.0000D+00   0.1724D-01   0.0000D+00   0.4981D-01   0.0000D+00
   0.0000D+00   0.0000D+00   0.0000D+00   0.0000D+00   0.0000D+00   0.0000D+00   0.0000D+00   0.0000D+00
  -0.2923D-01   0.1958D-02  -0.1986D-01   0.1143D-02   0.9457D-03  -0.7130D-03  -0.9642D-02   0.3813D-03  -0.2923D-01   0.1958D-02  -0.1986D-01   0.1143D-02
   0.1023D+00  -0.4945D-02   0.1564D-01  -0.1418D-02   0.3684D-01  -0.8329D-02   0.1868D-01   0.0000D+00   0.4530D-02   0.4208D-03  -0.7063D-03   0.1377D-02   0.1023D+00  -0.4945D-02   0.1564D-01  -0.1418D-02   0.3684D-01  -0.8329D-02
  -0.5144D-03  -0.1288D-02  -0.5292D-03  -0.1134D-02  -0.5144D-03  -0.1288D-02  -0.5292D-03  -0.1134D-02
  1.000  2.000
  -0.2588D-01   0.0000D+00  -0.1687D-01   0.0000D+00   0.0000D+00   0.0000D+00  -0.8173D-02   0.0000D+00  -0.2588D-01   0.0000D+00  -0.1687D-01   0.0000D+00
   0.1150D+00   0.0000D+00   0.1724D-01   0.0000D+00   0.4981D-01   0.0000D+00   0.1907D-01   0.0000D+00   0.4239D-02   0.0000D+00   0.0000D+00   0.0000D+00   0.1150D+00   0.0000D+00   0.1724D-01   0.0000D+00   0.4981D-01   0.0000D+00
   0.0000D+00   0.0000D+00   0.0000D+00   0.0000D+00   0.0000D+00   0.0000D+00   0.0000D+00   0.0000D+00
  -0.2885D-01   0.1696D-02  -0.1951D-01   0.9905D-03   0.8194D-03  -0.6178D-03  -0.9468D-02   0.3304D-03  -0.2885D-01   0.1696D-02  -0.1951D-01   0.9905D-03
   0.1032D+00  -0.4603D-02   0.1575D-01  -0.1320D-02   0.3775D-01  -0.7753D-02   0.1871D-01   0.0000D+00   0.4510D-02   0.3917D-03  -0.6575D-03   0.1282D-02   0.1032D+00  -0.4603D-02   0.1575D-01  -0.1320D-02   0.3775D-01  -0.7753D-02
  -0.4788D-03  -0.1199D-02  -0.4926D-03  -0.1055D-02  -0.4788D-03  -0.1199D-02  -0.4926D-03  -0.1055D-02
  2.000  0.500
  -0.2636D-01   0.0000D+00  -0.1713D-01   0.0000D+00   0.0000D+00   0.0000D+00  -0.8288D-02   0.0000D+00  -0.2636D-01   0.0000D+00  -0.1713D-01   0.0000D+00
   0.1005D+00   0.0000D+00   0.1507D-01   0.0000D+00   0.4375D-01   0.0000D+00   0.1664D-01   0.0000D+00   0.3697D-02   0.0000D+00   0.0000D+00   0.0000D+00   0.1005D+00   0.0000D+00   0.1507D-01   0.0000D+00   0.4375D-01   0.0000D+00
   0.0000D+00   0.0000D+00   0.0000D+00   0.0000D+00   0.0000D+00   0.0000D+00   0.0000D+00   0.0000D+00
  -0.2952D-01   0.1999D-02  -0.2007D-01   0.1168D-02   0.9633D-03  -0.7268D-03  -0.9736D-02   0.3903D-03  -0.2952D-01   0.1999D-02  -0.2007D-01   0.1168D-02
   0.1030D+00  -0.4690D-02   0.1576D-01  -0.1342D-02   0.3760D-01  -0.7854D-02   0.1872D-01   0.0000D+00   0.4516D-02   0.3965D-03  -0.6653D-03   0.1298D-02   0.1030D+00  -0.4690D-02   0.1576D-01  -0.1342D-02   0.3760D-01  -0.7854D-02
  -0.4884D-03  -0.1211D-02  -0.4998D-03  -0.1071D-02  -0.4884D-03  -0.1211D-02  -0.4998D-03  -0.1071D-02
  2.000  1.000
  -0.2440D-01   0.0000D+00  -0.1586D-01   0.0000D+00   0.0000D+00   0.0000D+00  -0.7670D-02   0.0000D+00  -0.2440D-01   0.0000D+00  -0.1586D-01   0.0000D+00
   0.1005D+00   0.0000D+00   0.1507D-01   0.0000D+00   0.4375D-01   0.0000D+00   0.1664D-01   0.0000D+00   0.3697D-02   0.0000D+00   0.0000D+00   0.0000D+00   0.1005D+00   0.0000D+00   0.1507D-01   0.0000D+00   0.4375D-01   0.0000D+00
   0.0000D+00   0.0000D+00   0.0000D+00   0.0000D+00   0.0000D+00   0.0000D+00   0.0000D+00   0.0000D+00
  -0.2886D-01   0.1712D-02  -0.1951D-01   0.1000D-02   0.8252D-03  -0.6226D-03  -0.9464D-02   0.3343D-03  -0.2886D-01   0.1712D-02  -0.1951D-01   0.1000D-02
   0.1028D+00  -0.4341D-02   0.1571D-01  -0.1242D-02   0.3806D-01  -0.7269D-02   0.1856D-01   0.0000D+00   0.4455D-02   0.3670D-03  -0.6158D-03   0.1201D-02   0.1028D+00  -0.4341D-02   0.1571D-01  -0.1242D-02   0.3806D-01  -0.7269D-02
  -0.4520D-03  -0.1121D-02  -0.4626D-03  -0.9909D-03  -0.4520D-03  -0.1121D-02  -0.4626D-03  -0.9909D-03
  2.000  2.000
  -0.2271D-01   0.0000D+00  -0.1476D-01   0.0000D+00   0.0000D+00   0.0000D+00  -0.7140D-02   0.0000D+00  -0.2271D-01   0.0000D+00  -0.1476D-01   0.0000D+00
   0.1005D+00   0.0000D+00   0.1507D-01   0.0000D+00   0.4375D-01   0.0000D+00   0.1664D-01   0.0000D+00   0.3697D-02   0.0000D+00   0.0000D+00   0.0000D+00   0.1005D+00   0.0000D+00   0.1507D-01   0.0000D+00   0.4375D-01   0.0000D+00
   0.0000D+00   0.0000D+00   0.0000D+00   0.0000D+00   0.0000D+00   0.0000D+00   0.0000D+00   0.0000D+00
  -0.2810D-01   0.1483D-02  -0.1892D-01   0.8666D-03   0.7151D-03  -0.5394D-03  -0.9173D-02   0.2897D-03  -0.2810D-01   0.1483D-02  -0.1892D-01   0.8666D-03
   0.1027D+00  -0.4041D-02   0.1566D-01  -0.1156D-02   0.3846D-01  -0.6766D-02   0.1843D-01   0.0000D+00   0.4403D-02   0.3416D-03  -0.5732D-03   0.1118D-02   0.1027D+00  -0.4041D-02   0.1566D-01  -0.1156D-02   0.3846D-01  -0.6766D-02
  -0.4207D-03  -0.1044D-02  -0.4306D-03  -0.9224D-03  -0.4207D-03  -0.1044D-02  -0.4306D-03  -0.9224D-03
