 LHC=           1 sqrts=   8000.0000000000000      ang=           4 mode=fital                                                                                               scalescheme=           1 R=  0.69999999999999996     
 CT10nlo_rand5678                                                                                             256
 Bin information: chid, chiu, md, mu, mu0
   0.0000000000000000       0.50000000000000000        1101.0000000000000        1172.0000000000000        1136.5000000000000     
 9 scales(muf, mur)*(LO(38), NLO(38))
  0.500  0.500
  -0.8739D-01   0.0000D+00  -0.6104D-01   0.0000D+00   0.0000D+00   0.0000D+00  -0.3101D-01   0.0000D+00  -0.8739D-01   0.0000D+00  -0.6104D-01   0.0000D+00
   0.2425D+00   0.0000D+00   0.3722D-01   0.0000D+00   0.9968D-01   0.0000D+00   0.4251D-01   0.0000D+00   0.9447D-02   0.0000D+00   0.0000D+00   0.0000D+00   0.2425D+00   0.0000D+00   0.3722D-01   0.0000D+00   0.9968D-01   0.0000D+00
   0.0000D+00   0.0000D+00   0.0000D+00   0.0000D+00   0.0000D+00   0.0000D+00   0.0000D+00   0.0000D+00
  -0.7134D-01   0.7207D-02  -0.5352D-01   0.4121D-02   0.3883D-02  -0.2742D-02  -0.2722D-01   0.1325D-02  -0.7134D-01   0.7207D-02  -0.5352D-01   0.4121D-02
   0.1821D+00  -0.1077D-01   0.2876D-01  -0.3178D-02   0.5626D-01  -0.1923D-01   0.3584D-01   0.0000D+00   0.8853D-02   0.1021D-02  -0.1841D-02   0.3342D-02   0.1821D+00  -0.1077D-01   0.2876D-01  -0.3178D-02   0.5626D-01  -0.1923D-01
  -0.1101D-02  -0.2828D-02  -0.1240D-02  -0.2699D-02  -0.1101D-02  -0.2828D-02  -0.1240D-02  -0.2699D-02
  0.500  1.000
  -0.8084D-01   0.0000D+00  -0.5646D-01   0.0000D+00   0.0000D+00   0.0000D+00  -0.2868D-01   0.0000D+00  -0.8084D-01   0.0000D+00  -0.5646D-01   0.0000D+00
   0.2425D+00   0.0000D+00   0.3722D-01   0.0000D+00   0.9968D-01   0.0000D+00   0.4251D-01   0.0000D+00   0.9447D-02   0.0000D+00   0.0000D+00   0.0000D+00   0.2425D+00   0.0000D+00   0.3722D-01   0.0000D+00   0.9968D-01   0.0000D+00
   0.0000D+00   0.0000D+00   0.0000D+00   0.0000D+00   0.0000D+00   0.0000D+00   0.0000D+00   0.0000D+00
  -0.7297D-01   0.6166D-02  -0.5412D-01   0.3526D-02   0.3322D-02  -0.2346D-02  -0.2752D-01   0.1134D-02  -0.7297D-01   0.6166D-02  -0.5412D-01   0.3526D-02
   0.1867D+00  -0.9965D-02   0.2940D-01  -0.2940D-02   0.5953D-01  -0.1778D-01   0.3634D-01   0.0000D+00   0.8899D-02   0.9445D-03  -0.1703D-02   0.3091D-02   0.1867D+00  -0.9965D-02   0.2940D-01  -0.2940D-02   0.5953D-01  -0.1778D-01
  -0.1019D-02  -0.2616D-02  -0.1147D-02  -0.2496D-02  -0.1019D-02  -0.2616D-02  -0.1147D-02  -0.2496D-02
  0.500  2.000
  -0.7521D-01   0.0000D+00  -0.5252D-01   0.0000D+00   0.0000D+00   0.0000D+00  -0.2669D-01   0.0000D+00  -0.7521D-01   0.0000D+00  -0.5252D-01   0.0000D+00
   0.2425D+00   0.0000D+00   0.3722D-01   0.0000D+00   0.9968D-01   0.0000D+00   0.4251D-01   0.0000D+00   0.9447D-02   0.0000D+00   0.0000D+00   0.0000D+00   0.2425D+00   0.0000D+00   0.3722D-01   0.0000D+00   0.9968D-01   0.0000D+00
   0.0000D+00   0.0000D+00   0.0000D+00   0.0000D+00   0.0000D+00   0.0000D+00   0.0000D+00   0.0000D+00
  -0.7348D-01   0.5337D-02  -0.5405D-01   0.3052D-02   0.2876D-02  -0.2031D-02  -0.2748D-01   0.9815D-03  -0.7348D-01   0.5337D-02  -0.5405D-01   0.3052D-02
   0.1906D+00  -0.9271D-02   0.2995D-01  -0.2735D-02   0.6233D-01  -0.1655D-01   0.3678D-01   0.0000D+00   0.8938D-02   0.8787D-03  -0.1584D-02   0.2876D-02   0.1906D+00  -0.9271D-02   0.2995D-01  -0.2735D-02   0.6233D-01  -0.1655D-01
  -0.9479D-03  -0.2434D-02  -0.1067D-02  -0.2322D-02  -0.9479D-03  -0.2434D-02  -0.1067D-02  -0.2322D-02
  1.000  0.500
  -0.7746D-01   0.0000D+00  -0.5409D-01   0.0000D+00   0.0000D+00   0.0000D+00  -0.2741D-01   0.0000D+00  -0.7746D-01   0.0000D+00  -0.5409D-01   0.0000D+00
   0.2144D+00   0.0000D+00   0.3288D-01   0.0000D+00   0.8841D-01   0.0000D+00   0.3753D-01   0.0000D+00   0.8339D-02   0.0000D+00   0.0000D+00   0.0000D+00   0.2144D+00   0.0000D+00   0.3288D-01   0.0000D+00   0.8841D-01   0.0000D+00
   0.0000D+00   0.0000D+00   0.0000D+00   0.0000D+00   0.0000D+00   0.0000D+00   0.0000D+00   0.0000D+00
  -0.7254D-01   0.6378D-02  -0.5393D-01   0.3649D-02   0.3462D-02  -0.2424D-02  -0.2740D-01   0.1176D-02  -0.7254D-01   0.6378D-02  -0.5393D-01   0.3649D-02
   0.1869D+00  -0.9553D-02   0.2936D-01  -0.2816D-02   0.6044D-01  -0.1699D-01   0.3621D-01   0.0000D+00   0.8837D-02   0.9012D-03  -0.1592D-02   0.2949D-02   0.1869D+00  -0.9553D-02   0.2936D-01  -0.2816D-02   0.6044D-01  -0.1699D-01
  -0.9763D-03  -0.2503D-02  -0.1094D-02  -0.2383D-02  -0.9763D-03  -0.2503D-02  -0.1094D-02  -0.2383D-02
  1.000  1.000
  -0.7165D-01   0.0000D+00  -0.5003D-01   0.0000D+00   0.0000D+00   0.0000D+00  -0.2535D-01   0.0000D+00  -0.7165D-01   0.0000D+00  -0.5003D-01   0.0000D+00
   0.2144D+00   0.0000D+00   0.3288D-01   0.0000D+00   0.8841D-01   0.0000D+00   0.3753D-01   0.0000D+00   0.8339D-02   0.0000D+00   0.0000D+00   0.0000D+00   0.2144D+00   0.0000D+00   0.3288D-01   0.0000D+00   0.8841D-01   0.0000D+00
   0.0000D+00   0.0000D+00   0.0000D+00   0.0000D+00   0.0000D+00   0.0000D+00   0.0000D+00   0.0000D+00
  -0.7264D-01   0.5457D-02  -0.5353D-01   0.3122D-02   0.2962D-02  -0.2074D-02  -0.2719D-01   0.1006D-02  -0.7264D-01   0.5457D-02  -0.5353D-01   0.3122D-02
   0.1890D+00  -0.8836D-02   0.2962D-01  -0.2605D-02   0.6255D-01  -0.1572D-01   0.3631D-01   0.0000D+00   0.8801D-02   0.8335D-03  -0.1473D-02   0.2728D-02   0.1890D+00  -0.8836D-02   0.2962D-01  -0.2605D-02   0.6255D-01  -0.1572D-01
  -0.9030D-03  -0.2315D-02  -0.1012D-02  -0.2204D-02  -0.9030D-03  -0.2315D-02  -0.1012D-02  -0.2204D-02
  1.000  2.000
  -0.6666D-01   0.0000D+00  -0.4655D-01   0.0000D+00   0.0000D+00   0.0000D+00  -0.2358D-01   0.0000D+00  -0.6666D-01   0.0000D+00  -0.4655D-01   0.0000D+00
   0.2144D+00   0.0000D+00   0.3288D-01   0.0000D+00   0.8841D-01   0.0000D+00   0.3753D-01   0.0000D+00   0.8339D-02   0.0000D+00   0.0000D+00   0.0000D+00   0.2144D+00   0.0000D+00   0.3288D-01   0.0000D+00   0.8841D-01   0.0000D+00
   0.0000D+00   0.0000D+00   0.0000D+00   0.0000D+00   0.0000D+00   0.0000D+00   0.0000D+00   0.0000D+00
  -0.7202D-01   0.4723D-02  -0.5272D-01   0.2702D-02   0.2564D-02  -0.1795D-02  -0.2677D-01   0.8709D-03  -0.7202D-01   0.4723D-02  -0.5272D-01   0.2702D-02
   0.1908D+00  -0.8221D-02   0.2985D-01  -0.2423D-02   0.6436D-01  -0.1462D-01   0.3640D-01   0.0000D+00   0.8769D-02   0.7755D-03  -0.1370D-02   0.2538D-02   0.1908D+00  -0.8221D-02   0.2985D-01  -0.2423D-02   0.6436D-01  -0.1462D-01
  -0.8401D-03  -0.2154D-02  -0.9418D-03  -0.2050D-02  -0.8401D-03  -0.2154D-02  -0.9418D-03  -0.2050D-02
  2.000  0.500
  -0.6918D-01   0.0000D+00  -0.4823D-01   0.0000D+00   0.0000D+00   0.0000D+00  -0.2439D-01   0.0000D+00  -0.6918D-01   0.0000D+00  -0.4823D-01   0.0000D+00
   0.1911D+00   0.0000D+00   0.2927D-01   0.0000D+00   0.7894D-01   0.0000D+00   0.3337D-01   0.0000D+00   0.7415D-02   0.0000D+00   0.0000D+00   0.0000D+00   0.1911D+00   0.0000D+00   0.2927D-01   0.0000D+00   0.7894D-01   0.0000D+00
   0.0000D+00   0.0000D+00   0.0000D+00   0.0000D+00   0.0000D+00   0.0000D+00   0.0000D+00   0.0000D+00
  -0.7324D-01   0.5693D-02  -0.5409D-01   0.3255D-02   0.3054D-02  -0.2157D-02  -0.2754D-01   0.1052D-02  -0.7324D-01   0.5693D-02  -0.5409D-01   0.3255D-02
   0.1897D+00  -0.8532D-02   0.2980D-01  -0.2511D-02   0.6378D-01  -0.1514D-01   0.3647D-01   0.0000D+00   0.8798D-02   0.8015D-03  -0.1415D-02   0.2623D-02   0.1897D+00  -0.8532D-02   0.2980D-01  -0.2511D-02   0.6378D-01  -0.1514D-01
  -0.8743D-03  -0.2229D-02  -0.9752D-03  -0.2121D-02  -0.8743D-03  -0.2229D-02  -0.9752D-03  -0.2121D-02
  2.000  1.000
  -0.6398D-01   0.0000D+00  -0.4461D-01   0.0000D+00   0.0000D+00   0.0000D+00  -0.2256D-01   0.0000D+00  -0.6398D-01   0.0000D+00  -0.4461D-01   0.0000D+00
   0.1911D+00   0.0000D+00   0.2927D-01   0.0000D+00   0.7894D-01   0.0000D+00   0.3337D-01   0.0000D+00   0.7415D-02   0.0000D+00   0.0000D+00   0.0000D+00   0.1911D+00   0.0000D+00   0.2927D-01   0.0000D+00   0.7894D-01   0.0000D+00
   0.0000D+00   0.0000D+00   0.0000D+00   0.0000D+00   0.0000D+00   0.0000D+00   0.0000D+00   0.0000D+00
  -0.7211D-01   0.4870D-02  -0.5286D-01   0.2785D-02   0.2613D-02  -0.1846D-02  -0.2689D-01   0.9004D-03  -0.7211D-01   0.4870D-02  -0.5286D-01   0.2785D-02
   0.1899D+00  -0.7892D-02   0.2976D-01  -0.2323D-02   0.6493D-01  -0.1401D-01   0.3624D-01   0.0000D+00   0.8695D-02   0.7414D-03  -0.1309D-02   0.2426D-02   0.1899D+00  -0.7892D-02   0.2976D-01  -0.2323D-02   0.6493D-01  -0.1401D-01
  -0.8087D-03  -0.2062D-02  -0.9020D-03  -0.1962D-02  -0.8087D-03  -0.2062D-02  -0.9020D-03  -0.1962D-02
  2.000  2.000
  -0.5953D-01   0.0000D+00  -0.4150D-01   0.0000D+00   0.0000D+00   0.0000D+00  -0.2099D-01   0.0000D+00  -0.5953D-01   0.0000D+00  -0.4150D-01   0.0000D+00
   0.1911D+00   0.0000D+00   0.2927D-01   0.0000D+00   0.7894D-01   0.0000D+00   0.3337D-01   0.0000D+00   0.7415D-02   0.0000D+00   0.0000D+00   0.0000D+00   0.1911D+00   0.0000D+00   0.2927D-01   0.0000D+00   0.7894D-01   0.0000D+00
   0.0000D+00   0.0000D+00   0.0000D+00   0.0000D+00   0.0000D+00   0.0000D+00   0.0000D+00   0.0000D+00
  -0.7058D-01   0.4216D-02  -0.5145D-01   0.2411D-02   0.2262D-02  -0.1597D-02  -0.2616D-01   0.7794D-03  -0.7058D-01   0.4216D-02  -0.5145D-01   0.2411D-02
   0.1900D+00  -0.7342D-02   0.2973D-01  -0.2161D-02   0.6591D-01  -0.1303D-01   0.3604D-01   0.0000D+00   0.8607D-02   0.6897D-03  -0.1218D-02   0.2257D-02   0.1900D+00  -0.7342D-02   0.2973D-01  -0.2161D-02   0.6591D-01  -0.1303D-01
  -0.7524D-03  -0.1918D-02  -0.8392D-03  -0.1825D-02  -0.7524D-03  -0.1918D-02  -0.8392D-03  -0.1825D-02
