 LHC=           1 sqrts=   8000.0000000000000      ang=           4 mode=fital                                                                                               scalescheme=           1 R=  0.69999999999999996     
 CT10nlo_rand5678                                                                                             269
 Bin information: chid, chiu, md, mu, mu0
   0.0000000000000000       0.50000000000000000        1327.0000000000000        1410.0000000000000        1368.5000000000000     
 9 scales(muf, mur)*(LO(38), NLO(38))
  0.500  0.500
  -0.3493D-01   0.0000D+00  -0.2176D-01   0.0000D+00   0.0000D+00   0.0000D+00  -0.9966D-02   0.0000D+00  -0.3493D-01   0.0000D+00  -0.2176D-01   0.0000D+00
   0.1290D+00   0.0000D+00   0.1894D-01   0.0000D+00   0.5831D-01   0.0000D+00   0.1910D-01   0.0000D+00   0.4244D-02   0.0000D+00   0.0000D+00   0.0000D+00   0.1290D+00   0.0000D+00   0.1894D-01   0.0000D+00   0.5831D-01   0.0000D+00
   0.0000D+00   0.0000D+00   0.0000D+00   0.0000D+00   0.0000D+00   0.0000D+00   0.0000D+00   0.0000D+00
  -0.2939D-01   0.2496D-02  -0.1916D-01   0.1468D-02   0.1183D-02  -0.8624D-03  -0.8670D-02   0.5184D-03  -0.2939D-01   0.2496D-02  -0.1916D-01   0.1468D-02
   0.9516D-01  -0.6170D-02   0.1424D-01  -0.1730D-02   0.3444D-01  -0.9905D-02   0.1591D-01   0.0000D+00   0.3923D-02   0.4489D-03  -0.9443D-03   0.1469D-02   0.9516D-01  -0.6170D-02   0.1424D-01  -0.1730D-02   0.3444D-01  -0.9905D-02
  -0.6461D-03  -0.1557D-02  -0.6129D-03  -0.1289D-02  -0.6461D-03  -0.1557D-02  -0.6129D-03  -0.1289D-02
  0.500  1.000
  -0.3237D-01   0.0000D+00  -0.2016D-01   0.0000D+00   0.0000D+00   0.0000D+00  -0.9233D-02   0.0000D+00  -0.3237D-01   0.0000D+00  -0.2016D-01   0.0000D+00
   0.1290D+00   0.0000D+00   0.1894D-01   0.0000D+00   0.5831D-01   0.0000D+00   0.1910D-01   0.0000D+00   0.4244D-02   0.0000D+00   0.0000D+00   0.0000D+00   0.1290D+00   0.0000D+00   0.1894D-01   0.0000D+00   0.5831D-01   0.0000D+00
   0.0000D+00   0.0000D+00   0.0000D+00   0.0000D+00   0.0000D+00   0.0000D+00   0.0000D+00   0.0000D+00
  -0.2991D-01   0.2143D-02  -0.1937D-01   0.1260D-02   0.1015D-02  -0.7403D-03  -0.8778D-02   0.4450D-03  -0.2991D-01   0.2143D-02  -0.1937D-01   0.1260D-02
   0.9765D-01  -0.5716D-02   0.1459D-01  -0.1603D-02   0.3620D-01  -0.9177D-02   0.1614D-01   0.0000D+00   0.3947D-02   0.4159D-03  -0.8750D-03   0.1361D-02   0.9765D-01  -0.5716D-02   0.1459D-01  -0.1603D-02   0.3620D-01  -0.9177D-02
  -0.5986D-03  -0.1443D-02  -0.5678D-03  -0.1194D-02  -0.5986D-03  -0.1443D-02  -0.5678D-03  -0.1194D-02
  0.500  2.000
  -0.3016D-01   0.0000D+00  -0.1879D-01   0.0000D+00   0.0000D+00   0.0000D+00  -0.8603D-02   0.0000D+00  -0.3016D-01   0.0000D+00  -0.1879D-01   0.0000D+00
   0.1290D+00   0.0000D+00   0.1894D-01   0.0000D+00   0.5831D-01   0.0000D+00   0.1910D-01   0.0000D+00   0.4244D-02   0.0000D+00   0.0000D+00   0.0000D+00   0.1290D+00   0.0000D+00   0.1894D-01   0.0000D+00   0.5831D-01   0.0000D+00
   0.0000D+00   0.0000D+00   0.0000D+00   0.0000D+00   0.0000D+00   0.0000D+00   0.0000D+00   0.0000D+00
  -0.3002D-01   0.1860D-02  -0.1934D-01   0.1094D-02   0.8815D-03  -0.6426D-03  -0.8778D-02   0.3862D-03  -0.3002D-01   0.1860D-02  -0.1934D-01   0.1094D-02
   0.9980D-01  -0.5326D-02   0.1489D-01  -0.1493D-02   0.3771D-01  -0.8550D-02   0.1635D-01   0.0000D+00   0.3967D-02   0.3875D-03  -0.8153D-03   0.1268D-02   0.9980D-01  -0.5326D-02   0.1489D-01  -0.1493D-02   0.3771D-01  -0.8550D-02
  -0.5577D-03  -0.1344D-02  -0.5290D-03  -0.1112D-02  -0.5577D-03  -0.1344D-02  -0.5290D-03  -0.1112D-02
  1.000  0.500
  -0.3044D-01   0.0000D+00  -0.1892D-01   0.0000D+00   0.0000D+00   0.0000D+00  -0.8658D-02   0.0000D+00  -0.3044D-01   0.0000D+00  -0.1892D-01   0.0000D+00
   0.1121D+00   0.0000D+00   0.1644D-01   0.0000D+00   0.5076D-01   0.0000D+00   0.1658D-01   0.0000D+00   0.3685D-02   0.0000D+00   0.0000D+00   0.0000D+00   0.1121D+00   0.0000D+00   0.1644D-01   0.0000D+00   0.5076D-01   0.0000D+00
   0.0000D+00   0.0000D+00   0.0000D+00   0.0000D+00   0.0000D+00   0.0000D+00   0.0000D+00   0.0000D+00
  -0.2981D-01   0.2168D-02  -0.1931D-01   0.1276D-02   0.1021D-02  -0.7492D-03  -0.8747D-02   0.4511D-03  -0.2981D-01   0.2168D-02  -0.1931D-01   0.1276D-02
   0.9806D-01  -0.5369D-02   0.1466D-01  -0.1504D-02   0.3700D-01  -0.8613D-02   0.1610D-01   0.0000D+00   0.3924D-02   0.3898D-03  -0.8234D-03   0.1276D-02   0.9806D-01  -0.5369D-02   0.1466D-01  -0.1504D-02   0.3700D-01  -0.8613D-02
  -0.5637D-03  -0.1376D-02  -0.5320D-03  -0.1120D-02  -0.5637D-03  -0.1376D-02  -0.5320D-03  -0.1120D-02
  1.000  1.000
  -0.2821D-01   0.0000D+00  -0.1753D-01   0.0000D+00   0.0000D+00   0.0000D+00  -0.8021D-02   0.0000D+00  -0.2821D-01   0.0000D+00  -0.1753D-01   0.0000D+00
   0.1121D+00   0.0000D+00   0.1644D-01   0.0000D+00   0.5076D-01   0.0000D+00   0.1658D-01   0.0000D+00   0.3685D-02   0.0000D+00   0.0000D+00   0.0000D+00   0.1121D+00   0.0000D+00   0.1644D-01   0.0000D+00   0.5076D-01   0.0000D+00
   0.0000D+00   0.0000D+00   0.0000D+00   0.0000D+00   0.0000D+00   0.0000D+00   0.0000D+00   0.0000D+00
  -0.2967D-01   0.1861D-02  -0.1911D-01   0.1095D-02   0.8769D-03  -0.6431D-03  -0.8669D-02   0.3872D-03  -0.2967D-01   0.1861D-02  -0.1911D-01   0.1095D-02
   0.9911D-01  -0.4974D-02   0.1479D-01  -0.1393D-02   0.3801D-01  -0.7980D-02   0.1614D-01   0.0000D+00   0.3907D-02   0.3612D-03  -0.7629D-03   0.1182D-02   0.9911D-01  -0.4974D-02   0.1479D-01  -0.1393D-02   0.3801D-01  -0.7980D-02
  -0.5222D-03  -0.1275D-02  -0.4929D-03  -0.1038D-02  -0.5222D-03  -0.1275D-02  -0.4929D-03  -0.1038D-02
  1.000  2.000
  -0.2628D-01   0.0000D+00  -0.1633D-01   0.0000D+00   0.0000D+00   0.0000D+00  -0.7473D-02   0.0000D+00  -0.2628D-01   0.0000D+00  -0.1633D-01   0.0000D+00
   0.1121D+00   0.0000D+00   0.1644D-01   0.0000D+00   0.5076D-01   0.0000D+00   0.1658D-01   0.0000D+00   0.3685D-02   0.0000D+00   0.0000D+00   0.0000D+00   0.1121D+00   0.0000D+00   0.1644D-01   0.0000D+00   0.5076D-01   0.0000D+00
   0.0000D+00   0.0000D+00   0.0000D+00   0.0000D+00   0.0000D+00   0.0000D+00   0.0000D+00   0.0000D+00
  -0.2929D-01   0.1615D-02  -0.1879D-01   0.9509D-03   0.7612D-03  -0.5582D-03  -0.8531D-02   0.3361D-03  -0.2929D-01   0.1615D-02  -0.1879D-01   0.9509D-03
   0.1000D+00  -0.4635D-02   0.1491D-01  -0.1298D-02   0.3889D-01  -0.7435D-02   0.1617D-01   0.0000D+00   0.3892D-02   0.3365D-03  -0.7108D-03   0.1101D-02   0.1000D+00  -0.4635D-02   0.1491D-01  -0.1298D-02   0.3889D-01  -0.7435D-02
  -0.4866D-03  -0.1188D-02  -0.4592D-03  -0.9667D-03  -0.4866D-03  -0.1188D-02  -0.4592D-03  -0.9667D-03
  2.000  0.500
  -0.2679D-01   0.0000D+00  -0.1660D-01   0.0000D+00   0.0000D+00   0.0000D+00  -0.7594D-02   0.0000D+00  -0.2679D-01   0.0000D+00  -0.1660D-01   0.0000D+00
   0.9825D-01   0.0000D+00   0.1441D-01   0.0000D+00   0.4471D-01   0.0000D+00   0.1453D-01   0.0000D+00   0.3228D-02   0.0000D+00   0.0000D+00   0.0000D+00   0.9825D-01   0.0000D+00   0.1441D-01   0.0000D+00   0.4471D-01   0.0000D+00
   0.0000D+00   0.0000D+00   0.0000D+00   0.0000D+00   0.0000D+00   0.0000D+00   0.0000D+00   0.0000D+00
  -0.2995D-01   0.1901D-02  -0.1931D-01   0.1120D-02   0.8938D-03  -0.6568D-03  -0.8753D-02   0.3960D-03  -0.2995D-01   0.1901D-02  -0.1931D-01   0.1120D-02
   0.9979D-01  -0.4727D-02   0.1491D-01  -0.1321D-02   0.3874D-01  -0.7536D-02   0.1618D-01   0.0000D+00   0.3898D-02   0.3415D-03  -0.7187D-03   0.1118D-02   0.9979D-01  -0.4727D-02   0.1491D-01  -0.1321D-02   0.3874D-01  -0.7536D-02
  -0.4967D-03  -0.1201D-02  -0.4667D-03  -0.9823D-03  -0.4967D-03  -0.1201D-02  -0.4667D-03  -0.9823D-03
  2.000  1.000
  -0.2482D-01   0.0000D+00  -0.1538D-01   0.0000D+00   0.0000D+00   0.0000D+00  -0.7036D-02   0.0000D+00  -0.2482D-01   0.0000D+00  -0.1538D-01   0.0000D+00
   0.9825D-01   0.0000D+00   0.1441D-01   0.0000D+00   0.4471D-01   0.0000D+00   0.1453D-01   0.0000D+00   0.3228D-02   0.0000D+00   0.0000D+00   0.0000D+00   0.9825D-01   0.0000D+00   0.1441D-01   0.0000D+00   0.4471D-01   0.0000D+00
   0.0000D+00   0.0000D+00   0.0000D+00   0.0000D+00   0.0000D+00   0.0000D+00   0.0000D+00   0.0000D+00
  -0.2930D-01   0.1632D-02  -0.1880D-01   0.9615D-03   0.7673D-03  -0.5637D-03  -0.8531D-02   0.3399D-03  -0.2930D-01   0.1632D-02  -0.1880D-01   0.9615D-03
   0.9969D-01  -0.4380D-02   0.1488D-01  -0.1223D-02   0.3919D-01  -0.6982D-02   0.1606D-01   0.0000D+00   0.3849D-02   0.3164D-03  -0.6659D-03   0.1035D-02   0.9969D-01  -0.4380D-02   0.1488D-01  -0.1223D-02   0.3919D-01  -0.6982D-02
  -0.4602D-03  -0.1113D-02  -0.4324D-03  -0.9101D-03  -0.4602D-03  -0.1113D-02  -0.4324D-03  -0.9101D-03
  2.000  2.000
  -0.2313D-01   0.0000D+00  -0.1433D-01   0.0000D+00   0.0000D+00   0.0000D+00  -0.6555D-02   0.0000D+00  -0.2313D-01   0.0000D+00  -0.1433D-01   0.0000D+00
   0.9825D-01   0.0000D+00   0.1441D-01   0.0000D+00   0.4471D-01   0.0000D+00   0.1453D-01   0.0000D+00   0.3228D-02   0.0000D+00   0.0000D+00   0.0000D+00   0.9825D-01   0.0000D+00   0.1441D-01   0.0000D+00   0.4471D-01   0.0000D+00
   0.0000D+00   0.0000D+00   0.0000D+00   0.0000D+00   0.0000D+00   0.0000D+00   0.0000D+00   0.0000D+00
  -0.2855D-01   0.1417D-02  -0.1825D-01   0.8346D-03   0.6661D-03  -0.4893D-03  -0.8288D-02   0.2950D-03  -0.2855D-01   0.1417D-02  -0.1825D-01   0.8346D-03
   0.9960D-01  -0.4081D-02   0.1485D-01  -0.1140D-02   0.3957D-01  -0.6505D-02   0.1596D-01   0.0000D+00   0.3807D-02   0.2948D-03  -0.6204D-03   0.9647D-03   0.9960D-01  -0.4081D-02   0.1485D-01  -0.1140D-02   0.3957D-01  -0.6505D-02
  -0.4287D-03  -0.1037D-02  -0.4029D-03  -0.8479D-03  -0.4287D-03  -0.1037D-02  -0.4029D-03  -0.8479D-03
