 LHC=           1 sqrts=   8000.0000000000000      ang=           4 mode=fital                                                                                               scalescheme=           1 R=  0.69999999999999996     
 CT10nlo_rand5678                                                                                             314
 Bin information: chid, chiu, md, mu, mu0
   0.0000000000000000       0.50000000000000000        430.00000000000000        468.00000000000000        449.00000000000000     
 9 scales(muf, mur)*(LO(38), NLO(38))
  0.500  0.500
  -0.1105D+01   0.0000D+00  -0.1133D+01   0.0000D+00   0.0000D+00   0.0000D+00  -0.9731D+00   0.0000D+00  -0.1105D+01   0.0000D+00  -0.1133D+01   0.0000D+00
   0.6345D+00   0.0000D+00   0.1093D+00   0.0000D+00   0.1882D+00   0.0000D+00   0.2104D+00   0.0000D+00   0.4675D-01   0.0000D+00   0.0000D+00   0.0000D+00   0.6345D+00   0.0000D+00   0.1093D+00   0.0000D+00   0.1882D+00   0.0000D+00
   0.0000D+00   0.0000D+00   0.0000D+00   0.0000D+00   0.0000D+00   0.0000D+00   0.0000D+00   0.0000D+00
  -0.8172D+00   0.1596D+00  -0.9783D+00   0.9527D-01   0.9482D-01  -0.9656D-01  -0.9048D+00   0.3895D-02  -0.8172D+00   0.1596D+00  -0.9783D+00   0.9527D-01
   0.5741D+00  -0.2283D-01   0.1018D+00  -0.8183D-02   0.1099D+00  -0.5810D-01   0.1994D+00   0.0000D+00   0.4997D-01   0.5672D-02  -0.2095D-02   0.1856D-01   0.5741D+00  -0.2283D-01   0.1018D+00  -0.8183D-02   0.1099D+00  -0.5810D-01
  -0.1868D-02  -0.7298D-02  -0.4339D-02  -0.1083D-01  -0.1868D-02  -0.7298D-02  -0.4339D-02  -0.1083D-01
  0.500  1.000
  -0.1012D+01   0.0000D+00  -0.1038D+01   0.0000D+00   0.0000D+00   0.0000D+00  -0.8916D+00   0.0000D+00  -0.1012D+01   0.0000D+00  -0.1038D+01   0.0000D+00
   0.6345D+00   0.0000D+00   0.1093D+00   0.0000D+00   0.1882D+00   0.0000D+00   0.2104D+00   0.0000D+00   0.4675D-01   0.0000D+00   0.0000D+00   0.0000D+00   0.6345D+00   0.0000D+00   0.1093D+00   0.0000D+00   0.1882D+00   0.0000D+00
   0.0000D+00   0.0000D+00   0.0000D+00   0.0000D+00   0.0000D+00   0.0000D+00   0.0000D+00   0.0000D+00
  -0.8528D+00   0.1340D+00  -0.9922D+00   0.7997D-01   0.7959D-01  -0.8106D-01  -0.9064D+00   0.3270D-02  -0.8528D+00   0.1340D+00  -0.9922D+00   0.7997D-01
   0.5794D+00  -0.2092D-01   0.1025D+00  -0.7498D-02   0.1165D+00  -0.5324D-01   0.2004D+00   0.0000D+00   0.4972D-01   0.5197D-02  -0.1919D-02   0.1701D-01   0.5794D+00  -0.2092D-01   0.1025D+00  -0.7498D-02   0.1165D+00  -0.5324D-01
  -0.1712D-02  -0.6687D-02  -0.3976D-02  -0.9927D-02  -0.1712D-02  -0.6687D-02  -0.3976D-02  -0.9927D-02
  0.500  2.000
  -0.9345D+00   0.0000D+00  -0.9582D+00   0.0000D+00   0.0000D+00   0.0000D+00  -0.8229D+00   0.0000D+00  -0.9345D+00   0.0000D+00  -0.9582D+00   0.0000D+00
   0.6345D+00   0.0000D+00   0.1093D+00   0.0000D+00   0.1882D+00   0.0000D+00   0.2104D+00   0.0000D+00   0.4675D-01   0.0000D+00   0.0000D+00   0.0000D+00   0.6345D+00   0.0000D+00   0.1093D+00   0.0000D+00   0.1882D+00   0.0000D+00
   0.0000D+00   0.0000D+00   0.0000D+00   0.0000D+00   0.0000D+00   0.0000D+00   0.0000D+00   0.0000D+00
  -0.8681D+00   0.1141D+00  -0.9905D+00   0.6812D-01   0.6779D-01  -0.6904D-01  -0.8969D+00   0.2785D-02  -0.8681D+00   0.1141D+00  -0.9905D+00   0.6812D-01
   0.5839D+00  -0.1930D-01   0.1031D+00  -0.6920D-02   0.1221D+00  -0.4914D-01   0.2012D+00   0.0000D+00   0.4950D-01   0.4797D-02  -0.1770D-02   0.1570D-01   0.5839D+00  -0.1930D-01   0.1031D+00  -0.6920D-02   0.1221D+00  -0.4914D-01
  -0.1580D-02  -0.6171D-02  -0.3669D-02  -0.9162D-02  -0.1580D-02  -0.6171D-02  -0.3669D-02  -0.9162D-02
  1.000  0.500
  -0.1040D+01   0.0000D+00  -0.1070D+01   0.0000D+00   0.0000D+00   0.0000D+00  -0.9129D+00   0.0000D+00  -0.1040D+01   0.0000D+00  -0.1070D+01   0.0000D+00
   0.5940D+00   0.0000D+00   0.1027D+00   0.0000D+00   0.1766D+00   0.0000D+00   0.1968D+00   0.0000D+00   0.4374D-01   0.0000D+00   0.0000D+00   0.0000D+00   0.5940D+00   0.0000D+00   0.1027D+00   0.0000D+00   0.1766D+00   0.0000D+00
   0.0000D+00   0.0000D+00   0.0000D+00   0.0000D+00   0.0000D+00   0.0000D+00   0.0000D+00   0.0000D+00
  -0.8362D+00   0.1504D+00  -0.9849D+00   0.8930D-01   0.8864D-01  -0.9066D-01  -0.9050D+00   0.3821D-02  -0.8362D+00   0.1504D+00  -0.9849D+00   0.8930D-01
   0.5682D+00  -0.2141D-01   0.1007D+00  -0.7690D-02   0.1132D+00  -0.5455D-01   0.1986D+00   0.0000D+00   0.4941D-01   0.5308D-02  -0.1994D-02   0.1737D-01   0.5682D+00  -0.2141D-01   0.1007D+00  -0.7690D-02   0.1132D+00  -0.5455D-01
  -0.1763D-02  -0.6907D-02  -0.4092D-02  -0.1014D-01  -0.1763D-02  -0.6907D-02  -0.4092D-02  -0.1014D-01
  1.000  1.000
  -0.9531D+00   0.0000D+00  -0.9800D+00   0.0000D+00   0.0000D+00   0.0000D+00  -0.8364D+00   0.0000D+00  -0.9531D+00   0.0000D+00  -0.9800D+00   0.0000D+00
   0.5940D+00   0.0000D+00   0.1027D+00   0.0000D+00   0.1766D+00   0.0000D+00   0.1968D+00   0.0000D+00   0.4374D-01   0.0000D+00   0.0000D+00   0.0000D+00   0.5940D+00   0.0000D+00   0.1027D+00   0.0000D+00   0.1766D+00   0.0000D+00
   0.0000D+00   0.0000D+00   0.0000D+00   0.0000D+00   0.0000D+00   0.0000D+00   0.0000D+00   0.0000D+00
  -0.8590D+00   0.1263D+00  -0.9882D+00   0.7497D-01   0.7441D-01  -0.7611D-01  -0.8975D+00   0.3208D-02  -0.8590D+00   0.1263D+00  -0.9882D+00   0.7497D-01
   0.5706D+00  -0.1962D-01   0.1009D+00  -0.7046D-02   0.1186D+00  -0.4998D-01   0.1985D+00   0.0000D+00   0.4895D-01   0.4863D-02  -0.1826D-02   0.1592D-01   0.5706D+00  -0.1962D-01   0.1009D+00  -0.7046D-02   0.1186D+00  -0.4998D-01
  -0.1615D-02  -0.6329D-02  -0.3749D-02  -0.9291D-02  -0.1615D-02  -0.6329D-02  -0.3749D-02  -0.9291D-02
  1.000  2.000
  -0.8797D+00   0.0000D+00  -0.9045D+00   0.0000D+00   0.0000D+00   0.0000D+00  -0.7720D+00   0.0000D+00  -0.8797D+00   0.0000D+00  -0.9045D+00   0.0000D+00
   0.5940D+00   0.0000D+00   0.1027D+00   0.0000D+00   0.1766D+00   0.0000D+00   0.1968D+00   0.0000D+00   0.4374D-01   0.0000D+00   0.0000D+00   0.0000D+00   0.5940D+00   0.0000D+00   0.1027D+00   0.0000D+00   0.1766D+00   0.0000D+00
   0.0000D+00   0.0000D+00   0.0000D+00   0.0000D+00   0.0000D+00   0.0000D+00   0.0000D+00   0.0000D+00
  -0.8651D+00   0.1076D+00  -0.9789D+00   0.6386D-01   0.6338D-01  -0.6483D-01  -0.8815D+00   0.2733D-02  -0.8651D+00   0.1076D+00  -0.9789D+00   0.6386D-01
   0.5726D+00  -0.1811D-01   0.1011D+00  -0.6503D-02   0.1231D+00  -0.4613D-01   0.1984D+00   0.0000D+00   0.4856D-01   0.4488D-02  -0.1685D-02   0.1469D-01   0.5726D+00  -0.1811D-01   0.1011D+00  -0.6503D-02   0.1231D+00  -0.4613D-01
  -0.1491D-02  -0.5841D-02  -0.3460D-02  -0.8575D-02  -0.1491D-02  -0.5841D-02  -0.3460D-02  -0.8575D-02
  2.000  0.500
  -0.9786D+00   0.0000D+00  -0.1011D+01   0.0000D+00   0.0000D+00   0.0000D+00  -0.8599D+00   0.0000D+00  -0.9786D+00   0.0000D+00  -0.1011D+01   0.0000D+00
   0.5593D+00   0.0000D+00   0.9677D-01   0.0000D+00   0.1663D+00   0.0000D+00   0.1850D+00   0.0000D+00   0.4112D-01   0.0000D+00   0.0000D+00   0.0000D+00   0.5593D+00   0.0000D+00   0.9677D-01   0.0000D+00   0.1663D+00   0.0000D+00
   0.0000D+00   0.0000D+00   0.0000D+00   0.0000D+00   0.0000D+00   0.0000D+00   0.0000D+00   0.0000D+00
  -0.8463D+00   0.1427D+00  -0.9990D+00   0.8445D-01   0.8503D-01  -0.8536D-01  -0.9079D+00   0.3753D-02  -0.8463D+00   0.1427D+00  -0.9990D+00   0.8445D-01
   0.5691D+00  -0.2017D-01   0.1010D+00  -0.7220D-02   0.1159D+00  -0.5117D-01   0.1975D+00   0.0000D+00   0.4909D-01   0.4987D-02  -0.1778D-02   0.1632D-01   0.5691D+00  -0.2017D-01   0.1010D+00  -0.7220D-02   0.1159D+00  -0.5117D-01
  -0.1671D-02  -0.6432D-02  -0.3868D-02  -0.9560D-02  -0.1671D-02  -0.6432D-02  -0.3868D-02  -0.9560D-02
  2.000  1.000
  -0.8967D+00   0.0000D+00  -0.9261D+00   0.0000D+00   0.0000D+00   0.0000D+00  -0.7878D+00   0.0000D+00  -0.8967D+00   0.0000D+00  -0.9261D+00   0.0000D+00
   0.5593D+00   0.0000D+00   0.9677D-01   0.0000D+00   0.1663D+00   0.0000D+00   0.1850D+00   0.0000D+00   0.4112D-01   0.0000D+00   0.0000D+00   0.0000D+00   0.5593D+00   0.0000D+00   0.9677D-01   0.0000D+00   0.1663D+00   0.0000D+00
   0.0000D+00   0.0000D+00   0.0000D+00   0.0000D+00   0.0000D+00   0.0000D+00   0.0000D+00   0.0000D+00
  -0.8581D+00   0.1198D+00  -0.9911D+00   0.7090D-01   0.7138D-01  -0.7166D-01  -0.8919D+00   0.3151D-02  -0.8581D+00   0.1198D+00  -0.9911D+00   0.7090D-01
   0.5685D+00  -0.1848D-01   0.1007D+00  -0.6615D-02   0.1202D+00  -0.4689D-01   0.1965D+00   0.0000D+00   0.4844D-01   0.4570D-02  -0.1629D-02   0.1495D-01   0.5685D+00  -0.1848D-01   0.1007D+00  -0.6615D-02   0.1202D+00  -0.4689D-01
  -0.1531D-02  -0.5893D-02  -0.3544D-02  -0.8760D-02  -0.1531D-02  -0.5893D-02  -0.3544D-02  -0.8760D-02
  2.000  2.000
  -0.8276D+00   0.0000D+00  -0.8547D+00   0.0000D+00   0.0000D+00   0.0000D+00  -0.7271D+00   0.0000D+00  -0.8276D+00   0.0000D+00  -0.8547D+00   0.0000D+00
   0.5593D+00   0.0000D+00   0.9677D-01   0.0000D+00   0.1663D+00   0.0000D+00   0.1850D+00   0.0000D+00   0.4112D-01   0.0000D+00   0.0000D+00   0.0000D+00   0.5593D+00   0.0000D+00   0.9677D-01   0.0000D+00   0.1663D+00   0.0000D+00
   0.0000D+00   0.0000D+00   0.0000D+00   0.0000D+00   0.0000D+00   0.0000D+00   0.0000D+00   0.0000D+00
  -0.8565D+00   0.1020D+00  -0.9739D+00   0.6039D-01   0.6079D-01  -0.6104D-01  -0.8700D+00   0.2684D-02  -0.8565D+00   0.1020D+00  -0.9739D+00   0.6039D-01
   0.5680D+00  -0.1706D-01   0.1004D+00  -0.6106D-02   0.1238D+00  -0.4327D-01   0.1957D+00   0.0000D+00   0.4789D-01   0.4217D-02  -0.1503D-02   0.1380D-01   0.5680D+00  -0.1706D-01   0.1004D+00  -0.6106D-02   0.1238D+00  -0.4327D-01
  -0.1413D-02  -0.5439D-02  -0.3271D-02  -0.8085D-02  -0.1413D-02  -0.5439D-02  -0.3271D-02  -0.8085D-02
