 LHC=           1 sqrts=   8000.0000000000000      ang=           4 mode=fital                                                                                               scalescheme=           1 R=  0.69999999999999996     
 CT10nlo_rand5678                                                                                             314
 Bin information: chid, chiu, md, mu, mu0
   0.0000000000000000       0.50000000000000000        2750.0000000000000        3000.0000000000000        2875.0000000000000     
 9 scales(muf, mur)*(LO(38), NLO(38))
  0.500  0.500
  -0.1110D-04   0.0000D+00  -0.7235D-05   0.0000D+00   0.0000D+00   0.0000D+00  -0.2723D-05   0.0000D+00  -0.1110D-04   0.0000D+00  -0.7235D-05   0.0000D+00
   0.1917D-03   0.0000D+00   0.2833D-04   0.0000D+00   0.8564D-04   0.0000D+00   0.2349D-04   0.0000D+00   0.5221D-05   0.0000D+00   0.0000D+00   0.0000D+00   0.1917D-03   0.0000D+00   0.2833D-04   0.0000D+00   0.8564D-04   0.0000D+00
   0.0000D+00   0.0000D+00   0.0000D+00   0.0000D+00   0.0000D+00   0.0000D+00   0.0000D+00   0.0000D+00
  -0.1114D-04   0.7549D-06  -0.7235D-05   0.4168D-06   0.1190D-06  -0.2175D-06  -0.2570D-05   0.1882D-06  -0.1114D-04   0.7549D-06  -0.7235D-05   0.4168D-06
   0.1614D-03  -0.8360D-05   0.2389D-04  -0.2358D-05   0.6276D-04  -0.1360D-04   0.2126D-04   0.0000D+00   0.5161D-05   0.5097D-06  -0.6262D-06   0.1668D-05   0.1614D-03  -0.8360D-05   0.2389D-04  -0.2358D-05   0.6276D-04  -0.1360D-04
  -0.9342D-06  -0.2088D-05  -0.8461D-06  -0.1688D-05  -0.9342D-06  -0.2088D-05  -0.8461D-06  -0.1688D-05
  0.500  1.000
  -0.1034D-04   0.0000D+00  -0.6742D-05   0.0000D+00   0.0000D+00   0.0000D+00  -0.2537D-05   0.0000D+00  -0.1034D-04   0.0000D+00  -0.6742D-05   0.0000D+00
   0.1917D-03   0.0000D+00   0.2833D-04   0.0000D+00   0.8564D-04   0.0000D+00   0.2349D-04   0.0000D+00   0.5221D-05   0.0000D+00   0.0000D+00   0.0000D+00   0.1917D-03   0.0000D+00   0.2833D-04   0.0000D+00   0.8564D-04   0.0000D+00
   0.0000D+00   0.0000D+00   0.0000D+00   0.0000D+00   0.0000D+00   0.0000D+00   0.0000D+00   0.0000D+00
  -0.1106D-04   0.6556D-06  -0.7187D-05   0.3620D-06   0.1033D-06  -0.1889D-06  -0.2573D-05   0.1635D-06  -0.1106D-04   0.6556D-06  -0.7187D-05   0.3620D-06
   0.1635D-03  -0.7791D-05   0.2419D-04  -0.2198D-05   0.6432D-04  -0.1268D-04   0.2142D-04   0.0000D+00   0.5166D-05   0.4750D-06  -0.5836D-06   0.1554D-05   0.1635D-03  -0.7791D-05   0.2419D-04  -0.2198D-05   0.6432D-04  -0.1268D-04
  -0.8706D-06  -0.1946D-05  -0.7885D-06  -0.1574D-05  -0.8706D-06  -0.1946D-05  -0.7885D-06  -0.1574D-05
  0.500  2.000
  -0.9684D-05   0.0000D+00  -0.6313D-05   0.0000D+00   0.0000D+00   0.0000D+00  -0.2376D-05   0.0000D+00  -0.9684D-05   0.0000D+00  -0.6313D-05   0.0000D+00
   0.1917D-03   0.0000D+00   0.2833D-04   0.0000D+00   0.8564D-04   0.0000D+00   0.2349D-04   0.0000D+00   0.5221D-05   0.0000D+00   0.0000D+00   0.0000D+00   0.1917D-03   0.0000D+00   0.2833D-04   0.0000D+00   0.8564D-04   0.0000D+00
   0.0000D+00   0.0000D+00   0.0000D+00   0.0000D+00   0.0000D+00   0.0000D+00   0.0000D+00   0.0000D+00
  -0.1092D-04   0.5749D-06  -0.7094D-05   0.3174D-06   0.9061D-07  -0.1656D-06  -0.2554D-05   0.1433D-06  -0.1092D-04   0.5749D-06  -0.7094D-05   0.3174D-06
   0.1653D-03  -0.7295D-05   0.2446D-04  -0.2058D-05   0.6568D-04  -0.1187D-04   0.2155D-04   0.0000D+00   0.5169D-05   0.4448D-06  -0.5466D-06   0.1456D-05   0.1653D-03  -0.7295D-05   0.2446D-04  -0.2058D-05   0.6568D-04  -0.1187D-04
  -0.8152D-06  -0.1822D-05  -0.7384D-06  -0.1473D-05  -0.8152D-06  -0.1822D-05  -0.7384D-06  -0.1473D-05
  1.000  0.500
  -0.8706D-05   0.0000D+00  -0.5689D-05   0.0000D+00   0.0000D+00   0.0000D+00  -0.2141D-05   0.0000D+00  -0.8706D-05   0.0000D+00  -0.5689D-05   0.0000D+00
   0.1506D-03   0.0000D+00   0.2227D-04   0.0000D+00   0.6715D-04   0.0000D+00   0.1850D-04   0.0000D+00   0.4110D-05   0.0000D+00   0.0000D+00   0.0000D+00   0.1506D-03   0.0000D+00   0.2227D-04   0.0000D+00   0.6715D-04   0.0000D+00
   0.0000D+00   0.0000D+00   0.0000D+00   0.0000D+00   0.0000D+00   0.0000D+00   0.0000D+00   0.0000D+00
  -0.1086D-04   0.5934D-06  -0.7058D-05   0.3273D-06   0.9221D-07  -0.1711D-06  -0.2533D-05   0.1480D-06  -0.1086D-04   0.5934D-06  -0.7058D-05   0.3273D-06
   0.1633D-03  -0.6556D-05   0.2413D-04  -0.1850D-05   0.6554D-04  -0.1068D-04   0.2116D-04   0.0000D+00   0.5044D-05   0.4013D-06  -0.4802D-06   0.1313D-05   0.1633D-03  -0.6556D-05   0.2413D-04  -0.1850D-05   0.6554D-04  -0.1068D-04
  -0.7328D-06  -0.1637D-05  -0.6657D-06  -0.1329D-05  -0.7328D-06  -0.1637D-05  -0.6657D-06  -0.1329D-05
  1.000  1.000
  -0.8113D-05   0.0000D+00  -0.5302D-05   0.0000D+00   0.0000D+00   0.0000D+00  -0.1996D-05   0.0000D+00  -0.8113D-05   0.0000D+00  -0.5302D-05   0.0000D+00
   0.1506D-03   0.0000D+00   0.2227D-04   0.0000D+00   0.6715D-04   0.0000D+00   0.1850D-04   0.0000D+00   0.4110D-05   0.0000D+00   0.0000D+00   0.0000D+00   0.1506D-03   0.0000D+00   0.2227D-04   0.0000D+00   0.6715D-04   0.0000D+00
   0.0000D+00   0.0000D+00   0.0000D+00   0.0000D+00   0.0000D+00   0.0000D+00   0.0000D+00   0.0000D+00
  -0.1052D-04   0.5154D-06  -0.6840D-05   0.2843D-06   0.8010D-07  -0.1486D-06  -0.2468D-05   0.1285D-06  -0.1052D-04   0.5154D-06  -0.6840D-05   0.2843D-06
   0.1624D-03  -0.6110D-05   0.2400D-04  -0.1725D-05   0.6566D-04  -0.9957D-05   0.2098D-04   0.0000D+00   0.4980D-05   0.3739D-06  -0.4475D-06   0.1224D-05   0.1624D-03  -0.6110D-05   0.2400D-04  -0.1725D-05   0.6566D-04  -0.9957D-05
  -0.6829D-06  -0.1526D-05  -0.6204D-06  -0.1239D-05  -0.6829D-06  -0.1526D-05  -0.6204D-06  -0.1239D-05
  1.000  2.000
  -0.7597D-05   0.0000D+00  -0.4965D-05   0.0000D+00   0.0000D+00   0.0000D+00  -0.1869D-05   0.0000D+00  -0.7597D-05   0.0000D+00  -0.4965D-05   0.0000D+00
   0.1506D-03   0.0000D+00   0.2227D-04   0.0000D+00   0.6715D-04   0.0000D+00   0.1850D-04   0.0000D+00   0.4110D-05   0.0000D+00   0.0000D+00   0.0000D+00   0.1506D-03   0.0000D+00   0.2227D-04   0.0000D+00   0.6715D-04   0.0000D+00
   0.0000D+00   0.0000D+00   0.0000D+00   0.0000D+00   0.0000D+00   0.0000D+00   0.0000D+00   0.0000D+00
  -0.1017D-04   0.4519D-06  -0.6621D-05   0.2493D-06   0.7024D-07  -0.1303D-06  -0.2398D-05   0.1127D-06  -0.1017D-04   0.4519D-06  -0.6621D-05   0.2493D-06
   0.1616D-03  -0.5721D-05   0.2389D-04  -0.1615D-05   0.6575D-04  -0.9323D-05   0.2082D-04   0.0000D+00   0.4925D-05   0.3502D-06  -0.4191D-06   0.1146D-05   0.1616D-03  -0.5721D-05   0.2389D-04  -0.1615D-05   0.6575D-04  -0.9323D-05
  -0.6395D-06  -0.1429D-05  -0.5810D-06  -0.1160D-05  -0.6395D-06  -0.1429D-05  -0.5810D-06  -0.1160D-05
  2.000  0.500
  -0.6939D-05   0.0000D+00  -0.4545D-05   0.0000D+00   0.0000D+00   0.0000D+00  -0.1711D-05   0.0000D+00  -0.6939D-05   0.0000D+00  -0.4545D-05   0.0000D+00
   0.1201D-03   0.0000D+00   0.1779D-04   0.0000D+00   0.5346D-04   0.0000D+00   0.1478D-04   0.0000D+00   0.3285D-05   0.0000D+00   0.0000D+00   0.0000D+00   0.1201D-03   0.0000D+00   0.1779D-04   0.0000D+00   0.5346D-04   0.0000D+00
   0.0000D+00   0.0000D+00   0.0000D+00   0.0000D+00   0.0000D+00   0.0000D+00   0.0000D+00   0.0000D+00
  -0.1035D-04   0.4740D-06  -0.6736D-05   0.2612D-06   0.7446D-07  -0.1367D-06  -0.2440D-05   0.1182D-06  -0.1035D-04   0.4740D-06  -0.6736D-05   0.2612D-06
   0.1595D-03  -0.5220D-05   0.2358D-04  -0.1476D-05   0.6523D-04  -0.8531D-05   0.2048D-04   0.0000D+00   0.4824D-05   0.3206D-06  -0.3788D-06   0.1049D-05   0.1595D-03  -0.5220D-05   0.2358D-04  -0.1476D-05   0.6523D-04  -0.8531D-05
  -0.5839D-06  -0.1303D-05  -0.5320D-06  -0.1061D-05  -0.5839D-06  -0.1303D-05  -0.5320D-06  -0.1061D-05
  2.000  1.000
  -0.6466D-05   0.0000D+00  -0.4236D-05   0.0000D+00   0.0000D+00   0.0000D+00  -0.1594D-05   0.0000D+00  -0.6466D-05   0.0000D+00  -0.4236D-05   0.0000D+00
   0.1201D-03   0.0000D+00   0.1779D-04   0.0000D+00   0.5346D-04   0.0000D+00   0.1478D-04   0.0000D+00   0.3285D-05   0.0000D+00   0.0000D+00   0.0000D+00   0.1201D-03   0.0000D+00   0.1779D-04   0.0000D+00   0.5346D-04   0.0000D+00
   0.0000D+00   0.0000D+00   0.0000D+00   0.0000D+00   0.0000D+00   0.0000D+00   0.0000D+00   0.0000D+00
  -0.9860D-05   0.4117D-06  -0.6418D-05   0.2268D-06   0.6468D-07  -0.1187D-06  -0.2333D-05   0.1027D-06  -0.9860D-05   0.4117D-06  -0.6418D-05   0.2268D-06
   0.1568D-03  -0.4864D-05   0.2319D-04  -0.1375D-05   0.6443D-04  -0.7950D-05   0.2009D-04   0.0000D+00   0.4719D-05   0.2988D-06  -0.3530D-06   0.9780D-06   0.1568D-03  -0.4864D-05   0.2319D-04  -0.1375D-05   0.6443D-04  -0.7950D-05
  -0.5442D-06  -0.1214D-05  -0.4958D-06  -0.9891D-06  -0.5442D-06  -0.1214D-05  -0.4958D-06  -0.9891D-06
  2.000  2.000
  -0.6055D-05   0.0000D+00  -0.3966D-05   0.0000D+00   0.0000D+00   0.0000D+00  -0.1493D-05   0.0000D+00  -0.6055D-05   0.0000D+00  -0.3966D-05   0.0000D+00
   0.1201D-03   0.0000D+00   0.1779D-04   0.0000D+00   0.5346D-04   0.0000D+00   0.1478D-04   0.0000D+00   0.3285D-05   0.0000D+00   0.0000D+00   0.0000D+00   0.1201D-03   0.0000D+00   0.1779D-04   0.0000D+00   0.5346D-04   0.0000D+00
   0.0000D+00   0.0000D+00   0.0000D+00   0.0000D+00   0.0000D+00   0.0000D+00   0.0000D+00   0.0000D+00
  -0.9405D-05   0.3610D-06  -0.6125D-05   0.1989D-06   0.5672D-07  -0.1041D-06  -0.2233D-05   0.9003D-07  -0.9405D-05   0.3610D-06  -0.6125D-05   0.1989D-06
   0.1545D-03  -0.4555D-05   0.2285D-04  -0.1288D-05   0.6373D-04  -0.7444D-05   0.1975D-04   0.0000D+00   0.4628D-05   0.2798D-06  -0.3306D-06   0.9158D-06   0.1545D-03  -0.4555D-05   0.2285D-04  -0.1288D-05   0.6373D-04  -0.7444D-05
  -0.5096D-06  -0.1137D-05  -0.4642D-06  -0.9262D-06  -0.5096D-06  -0.1137D-05  -0.4642D-06  -0.9262D-06
