 LHC=           1 sqrts=   8000.0000000000000      ang=           4 mode=fital                                                                                               scalescheme=           1 R=  0.69999999999999996     
 CT10nlo_rand5678                                                                                             374
 Bin information: chid, chiu, md, mu, mu0
   0.0000000000000000       0.50000000000000000        790.00000000000000        846.00000000000000        818.00000000000000     
 9 scales(muf, mur)*(LO(38), NLO(38))
  0.500  0.500
  -0.2697D+00   0.0000D+00  -0.2121D+00   0.0000D+00   0.0000D+00   0.0000D+00  -0.1314D+00   0.0000D+00  -0.2697D+00   0.0000D+00  -0.2121D+00   0.0000D+00
   0.4214D+00   0.0000D+00   0.6752D-01   0.0000D+00   0.1567D+00   0.0000D+00   0.9541D-01   0.0000D+00   0.2120D-01   0.0000D+00   0.0000D+00   0.0000D+00   0.4214D+00   0.0000D+00   0.6752D-01   0.0000D+00   0.1567D+00   0.0000D+00
   0.0000D+00   0.0000D+00   0.0000D+00   0.0000D+00   0.0000D+00   0.0000D+00   0.0000D+00   0.0000D+00
  -0.2121D+00   0.2648D-01  -0.1847D+00   0.1534D-01   0.1618D-01  -0.1208D-01  -0.1178D+00   0.3470D-02  -0.2121D+00   0.2648D-01  -0.1847D+00   0.1534D-01
   0.3298D+00  -0.1760D-01   0.5462D-01  -0.5493D-02   0.8618D-01  -0.3506D-01   0.8259D-01   0.0000D+00   0.2060D-01   0.2384D-02  -0.2875D-02   0.7801D-02   0.3298D+00  -0.1760D-01   0.5462D-01  -0.5493D-02   0.8618D-01  -0.3506D-01
  -0.1701D-02  -0.4873D-02  -0.2416D-02  -0.5479D-02  -0.1701D-02  -0.4873D-02  -0.2416D-02  -0.5479D-02
  0.500  1.000
  -0.2487D+00   0.0000D+00  -0.1956D+00   0.0000D+00   0.0000D+00   0.0000D+00  -0.1212D+00   0.0000D+00  -0.2487D+00   0.0000D+00  -0.1956D+00   0.0000D+00
   0.4214D+00   0.0000D+00   0.6752D-01   0.0000D+00   0.1567D+00   0.0000D+00   0.9541D-01   0.0000D+00   0.2120D-01   0.0000D+00   0.0000D+00   0.0000D+00   0.4214D+00   0.0000D+00   0.6752D-01   0.0000D+00   0.1567D+00   0.0000D+00
   0.0000D+00   0.0000D+00   0.0000D+00   0.0000D+00   0.0000D+00   0.0000D+00   0.0000D+00   0.0000D+00
  -0.2185D+00   0.2252D-01  -0.1870D+00   0.1304D-01   0.1376D-01  -0.1027D-01  -0.1188D+00   0.2950D-02  -0.2185D+00   0.2252D-01  -0.1870D+00   0.1304D-01
   0.3370D+00  -0.1623D-01   0.5564D-01  -0.5065D-02   0.9170D-01  -0.3233D-01   0.8361D-01   0.0000D+00   0.2065D-01   0.2198D-02  -0.2651D-02   0.7193D-02   0.3370D+00  -0.1623D-01   0.5564D-01  -0.5065D-02   0.9170D-01  -0.3233D-01
  -0.1569D-02  -0.4493D-02  -0.2228D-02  -0.5052D-02  -0.1569D-02  -0.4493D-02  -0.2228D-02  -0.5052D-02
  0.500  2.000
  -0.2307D+00   0.0000D+00  -0.1815D+00   0.0000D+00   0.0000D+00   0.0000D+00  -0.1124D+00   0.0000D+00  -0.2307D+00   0.0000D+00  -0.1815D+00   0.0000D+00
   0.4214D+00   0.0000D+00   0.6752D-01   0.0000D+00   0.1567D+00   0.0000D+00   0.9541D-01   0.0000D+00   0.2120D-01   0.0000D+00   0.0000D+00   0.0000D+00   0.4214D+00   0.0000D+00   0.6752D-01   0.0000D+00   0.1567D+00   0.0000D+00
   0.0000D+00   0.0000D+00   0.0000D+00   0.0000D+00   0.0000D+00   0.0000D+00   0.0000D+00   0.0000D+00
  -0.2209D+00   0.1939D-01  -0.1868D+00   0.1123D-01   0.1184D-01  -0.8846D-02  -0.1182D+00   0.2540D-02  -0.2209D+00   0.1939D-01  -0.1868D+00   0.1123D-01
   0.3431D+00  -0.1506D-01   0.5651D-01  -0.4700D-02   0.9640D-01  -0.3000D-01   0.8447D-01   0.0000D+00   0.2069D-01   0.2040D-02  -0.2460D-02   0.6675D-02   0.3431D+00  -0.1506D-01   0.5651D-01  -0.4700D-02   0.9640D-01  -0.3000D-01
  -0.1455D-02  -0.4169D-02  -0.2067D-02  -0.4688D-02  -0.1455D-02  -0.4169D-02  -0.2067D-02  -0.4688D-02
  1.000  0.500
  -0.2448D+00   0.0000D+00  -0.1923D+00   0.0000D+00   0.0000D+00   0.0000D+00  -0.1190D+00   0.0000D+00  -0.2448D+00   0.0000D+00  -0.1923D+00   0.0000D+00
   0.3821D+00   0.0000D+00   0.6117D-01   0.0000D+00   0.1422D+00   0.0000D+00   0.8626D-01   0.0000D+00   0.1917D-01   0.0000D+00   0.0000D+00   0.0000D+00   0.3821D+00   0.0000D+00   0.6117D-01   0.0000D+00   0.1422D+00   0.0000D+00
   0.0000D+00   0.0000D+00   0.0000D+00   0.0000D+00   0.0000D+00   0.0000D+00   0.0000D+00   0.0000D+00
  -0.2154D+00   0.2408D-01  -0.1857D+00   0.1392D-01   0.1464D-01  -0.1094D-01  -0.1184D+00   0.3170D-02  -0.2154D+00   0.2408D-01  -0.1857D+00   0.1392D-01
   0.3353D+00  -0.1598D-01   0.5534D-01  -0.4977D-02   0.9170D-01  -0.3172D-01   0.8313D-01   0.0000D+00   0.2045D-01   0.2155D-02  -0.2580D-02   0.7053D-02   0.3353D+00  -0.1598D-01   0.5534D-01  -0.4977D-02   0.9170D-01  -0.3172D-01
  -0.1546D-02  -0.4403D-02  -0.2192D-02  -0.4961D-02  -0.1546D-02  -0.4403D-02  -0.2192D-02  -0.4961D-02
  1.000  1.000
  -0.2258D+00   0.0000D+00  -0.1773D+00   0.0000D+00   0.0000D+00   0.0000D+00  -0.1097D+00   0.0000D+00  -0.2258D+00   0.0000D+00  -0.1773D+00   0.0000D+00
   0.3821D+00   0.0000D+00   0.6117D-01   0.0000D+00   0.1422D+00   0.0000D+00   0.8626D-01   0.0000D+00   0.1917D-01   0.0000D+00   0.0000D+00   0.0000D+00   0.3821D+00   0.0000D+00   0.6117D-01   0.0000D+00   0.1422D+00   0.0000D+00
   0.0000D+00   0.0000D+00   0.0000D+00   0.0000D+00   0.0000D+00   0.0000D+00   0.0000D+00   0.0000D+00
  -0.2178D+00   0.2048D-01  -0.1850D+00   0.1183D-01   0.1245D-01  -0.9301D-02  -0.1174D+00   0.2696D-02  -0.2178D+00   0.2048D-01  -0.1850D+00   0.1183D-01
   0.3390D+00  -0.1474D-01   0.5581D-01  -0.4589D-02   0.9566D-01  -0.2925D-01   0.8339D-01   0.0000D+00   0.2036D-01   0.1987D-02  -0.2379D-02   0.6504D-02   0.3390D+00  -0.1474D-01   0.5581D-01  -0.4589D-02   0.9566D-01  -0.2925D-01
  -0.1426D-02  -0.4060D-02  -0.2021D-02  -0.4574D-02  -0.1426D-02  -0.4060D-02  -0.2021D-02  -0.4574D-02
  1.000  2.000
  -0.2095D+00   0.0000D+00  -0.1646D+00   0.0000D+00   0.0000D+00   0.0000D+00  -0.1018D+00   0.0000D+00  -0.2095D+00   0.0000D+00  -0.1646D+00   0.0000D+00
   0.3821D+00   0.0000D+00   0.6117D-01   0.0000D+00   0.1422D+00   0.0000D+00   0.8626D-01   0.0000D+00   0.1917D-01   0.0000D+00   0.0000D+00   0.0000D+00   0.3821D+00   0.0000D+00   0.6117D-01   0.0000D+00   0.1422D+00   0.0000D+00
   0.0000D+00   0.0000D+00   0.0000D+00   0.0000D+00   0.0000D+00   0.0000D+00   0.0000D+00   0.0000D+00
  -0.2172D+00   0.1763D-01  -0.1827D+00   0.1019D-01   0.1072D-01  -0.8008D-02  -0.1156D+00   0.2321D-02  -0.2172D+00   0.1763D-01  -0.1827D+00   0.1019D-01
   0.3422D+00  -0.1368D-01   0.5620D-01  -0.4259D-02   0.9903D-01  -0.2714D-01   0.8360D-01   0.0000D+00   0.2027D-01   0.1844D-02  -0.2208D-02   0.6035D-02   0.3422D+00  -0.1368D-01   0.5620D-01  -0.4259D-02   0.9903D-01  -0.2714D-01
  -0.1323D-02  -0.3767D-02  -0.1875D-02  -0.4244D-02  -0.1323D-02  -0.3767D-02  -0.1875D-02  -0.4244D-02
  2.000  0.500
  -0.2235D+00   0.0000D+00  -0.1759D+00   0.0000D+00   0.0000D+00   0.0000D+00  -0.1083D+00   0.0000D+00  -0.2235D+00   0.0000D+00  -0.1759D+00   0.0000D+00
   0.3479D+00   0.0000D+00   0.5575D-01   0.0000D+00   0.1296D+00   0.0000D+00   0.7834D-01   0.0000D+00   0.1741D-01   0.0000D+00   0.0000D+00   0.0000D+00   0.3479D+00   0.0000D+00   0.5575D-01   0.0000D+00   0.1296D+00   0.0000D+00
   0.0000D+00   0.0000D+00   0.0000D+00   0.0000D+00   0.0000D+00   0.0000D+00   0.0000D+00   0.0000D+00
  -0.2184D+00   0.2197D-01  -0.1874D+00   0.1268D-01   0.1321D-01  -0.9959D-02  -0.1188D+00   0.2915D-02  -0.2184D+00   0.2197D-01  -0.1874D+00   0.1268D-01
   0.3389D+00  -0.1457D-01   0.5611D-01  -0.4546D-02   0.9589D-01  -0.2888D-01   0.8338D-01   0.0000D+00   0.2037D-01   0.1958D-02  -0.2365D-02   0.6407D-02   0.3389D+00  -0.1457D-01   0.5611D-01  -0.4546D-02   0.9589D-01  -0.2888D-01
  -0.1414D-02  -0.4022D-02  -0.2001D-02  -0.4507D-02  -0.1414D-02  -0.4022D-02  -0.2001D-02  -0.4507D-02
  2.000  1.000
  -0.2061D+00   0.0000D+00  -0.1622D+00   0.0000D+00   0.0000D+00   0.0000D+00  -0.9983D-01   0.0000D+00  -0.2061D+00   0.0000D+00  -0.1622D+00   0.0000D+00
   0.3479D+00   0.0000D+00   0.5575D-01   0.0000D+00   0.1296D+00   0.0000D+00   0.7834D-01   0.0000D+00   0.1741D-01   0.0000D+00   0.0000D+00   0.0000D+00   0.3479D+00   0.0000D+00   0.5575D-01   0.0000D+00   0.1296D+00   0.0000D+00
   0.0000D+00   0.0000D+00   0.0000D+00   0.0000D+00   0.0000D+00   0.0000D+00   0.0000D+00   0.0000D+00
  -0.2173D+00   0.1868D-01  -0.1842D+00   0.1078D-01   0.1123D-01  -0.8468D-02  -0.1163D+00   0.2479D-02  -0.2173D+00   0.1868D-01  -0.1842D+00   0.1078D-01
   0.3397D+00  -0.1343D-01   0.5609D-01  -0.4191D-02   0.9853D-01  -0.2663D-01   0.8300D-01   0.0000D+00   0.2014D-01   0.1805D-02  -0.2181D-02   0.5908D-02   0.3397D+00  -0.1343D-01   0.5609D-01  -0.4191D-02   0.9853D-01  -0.2663D-01
  -0.1304D-02  -0.3708D-02  -0.1845D-02  -0.4156D-02  -0.1304D-02  -0.3708D-02  -0.1845D-02  -0.4156D-02
  2.000  2.000
  -0.1912D+00   0.0000D+00  -0.1505D+00   0.0000D+00   0.0000D+00   0.0000D+00  -0.9264D-01   0.0000D+00  -0.1912D+00   0.0000D+00  -0.1505D+00   0.0000D+00
   0.3479D+00   0.0000D+00   0.5575D-01   0.0000D+00   0.1296D+00   0.0000D+00   0.7834D-01   0.0000D+00   0.1741D-01   0.0000D+00   0.0000D+00   0.0000D+00   0.3479D+00   0.0000D+00   0.5575D-01   0.0000D+00   0.1296D+00   0.0000D+00
   0.0000D+00   0.0000D+00   0.0000D+00   0.0000D+00   0.0000D+00   0.0000D+00   0.0000D+00   0.0000D+00
  -0.2142D+00   0.1608D-01  -0.1800D+00   0.9283D-02   0.9673D-02  -0.7291D-02  -0.1133D+00   0.2134D-02  -0.2142D+00   0.1608D-01  -0.1800D+00   0.9283D-02
   0.3403D+00  -0.1246D-01   0.5607D-01  -0.3889D-02   0.1008D+00  -0.2471D-01   0.8267D-01   0.0000D+00   0.1994D-01   0.1675D-02  -0.2024D-02   0.5482D-02   0.3403D+00  -0.1246D-01   0.5607D-01  -0.3889D-02   0.1008D+00  -0.2471D-01
  -0.1210D-02  -0.3441D-02  -0.1712D-02  -0.3856D-02  -0.1210D-02  -0.3441D-02  -0.1712D-02  -0.3856D-02
