 LHC=           1 sqrts=   8000.0000000000000      ang=           4 mode=fital                                                                                               scalescheme=           1 R=  0.69999999999999996     
 CT10nlo_rand5678                                                                                             150
 Bin information: chid, chiu, md, mu, mu0
   0.0000000000000000       0.50000000000000000        3250.0000000000000        3500.0000000000000        3375.0000000000000     
 9 scales(muf, mur)*(LO(38), NLO(38))
  0.500  0.500
  -0.3084D-07   0.0000D+00  -0.2740D-07   0.0000D+00   0.0000D+00   0.0000D+00  -0.8791D-08   0.0000D+00  -0.3084D-07   0.0000D+00  -0.2740D-07   0.0000D+00
   0.9085D-06   0.0000D+00   0.1470D-06   0.0000D+00   0.3297D-06   0.0000D+00   0.1030D-06   0.0000D+00   0.2288D-07   0.0000D+00   0.0000D+00   0.0000D+00   0.9085D-06   0.0000D+00   0.1470D-06   0.0000D+00   0.3297D-06   0.0000D+00
   0.0000D+00   0.0000D+00   0.0000D+00   0.0000D+00   0.0000D+00   0.0000D+00   0.0000D+00   0.0000D+00
  -0.3469D-07   0.2785D-08  -0.3009D-07   0.1297D-08  -0.3453D-10  -0.6908D-09  -0.8979D-08   0.7741D-09  -0.3469D-07   0.2785D-08  -0.3009D-07   0.1297D-08
   0.8587D-06  -0.3167D-07   0.1389D-06  -0.1004D-07   0.2670D-06  -0.6478D-07   0.1017D-06   0.0000D+00   0.2451D-07   0.2197D-08  -0.1239D-08   0.7191D-08   0.8587D-06  -0.3167D-07   0.1389D-06  -0.1004D-07   0.2670D-06  -0.6478D-07
  -0.3607D-08  -0.7996D-08  -0.4226D-08  -0.8270D-08  -0.3607D-08  -0.7996D-08  -0.4226D-08  -0.8270D-08
  0.500  1.000
  -0.2878D-07   0.0000D+00  -0.2557D-07   0.0000D+00   0.0000D+00   0.0000D+00  -0.8202D-08   0.0000D+00  -0.2878D-07   0.0000D+00  -0.2557D-07   0.0000D+00
   0.9085D-06   0.0000D+00   0.1470D-06   0.0000D+00   0.3297D-06   0.0000D+00   0.1030D-06   0.0000D+00   0.2288D-07   0.0000D+00   0.0000D+00   0.0000D+00   0.9085D-06   0.0000D+00   0.1470D-06   0.0000D+00   0.3297D-06   0.0000D+00
   0.0000D+00   0.0000D+00   0.0000D+00   0.0000D+00   0.0000D+00   0.0000D+00   0.0000D+00   0.0000D+00
  -0.3399D-07   0.2424D-08  -0.2957D-07   0.1129D-08  -0.3004D-10  -0.6013D-09  -0.8898D-08   0.6738D-09  -0.3399D-07   0.2424D-08  -0.2957D-07   0.1129D-08
   0.8621D-06  -0.2955D-07   0.1395D-06  -0.9368D-08   0.2712D-06  -0.6044D-07   0.1018D-06   0.0000D+00   0.2440D-07   0.2050D-08  -0.1156D-08   0.6709D-08   0.8621D-06  -0.2955D-07   0.1395D-06  -0.9368D-08   0.2712D-06  -0.6044D-07
  -0.3366D-08  -0.7460D-08  -0.3943D-08  -0.7716D-08  -0.3366D-08  -0.7460D-08  -0.3943D-08  -0.7716D-08
  0.500  2.000
  -0.2697D-07   0.0000D+00  -0.2396D-07   0.0000D+00   0.0000D+00   0.0000D+00  -0.7688D-08   0.0000D+00  -0.2697D-07   0.0000D+00  -0.2396D-07   0.0000D+00
   0.9085D-06   0.0000D+00   0.1470D-06   0.0000D+00   0.3297D-06   0.0000D+00   0.1030D-06   0.0000D+00   0.2288D-07   0.0000D+00   0.0000D+00   0.0000D+00   0.9085D-06   0.0000D+00   0.1470D-06   0.0000D+00   0.3297D-06   0.0000D+00
   0.0000D+00   0.0000D+00   0.0000D+00   0.0000D+00   0.0000D+00   0.0000D+00   0.0000D+00   0.0000D+00
  -0.3320D-07   0.2130D-08  -0.2894D-07   0.9921D-09  -0.2638D-10  -0.5283D-09  -0.8768D-08   0.5920D-09  -0.3320D-07   0.2130D-08  -0.2894D-07   0.9921D-09
   0.8650D-06  -0.2769D-07   0.1399D-06  -0.8780D-08   0.2749D-06  -0.5665D-07   0.1019D-06   0.0000D+00   0.2431D-07   0.1922D-08  -0.1084D-08   0.6289D-08   0.8650D-06  -0.2769D-07   0.1399D-06  -0.8780D-08   0.2749D-06  -0.5665D-07
  -0.3155D-08  -0.6993D-08  -0.3696D-08  -0.7232D-08  -0.3155D-08  -0.6993D-08  -0.3696D-08  -0.7232D-08
  1.000  0.500
  -0.2294D-07   0.0000D+00  -0.2048D-07   0.0000D+00   0.0000D+00   0.0000D+00  -0.6567D-08   0.0000D+00  -0.2294D-07   0.0000D+00  -0.2048D-07   0.0000D+00
   0.6780D-06   0.0000D+00   0.1098D-06   0.0000D+00   0.2454D-06   0.0000D+00   0.7698D-07   0.0000D+00   0.1711D-07   0.0000D+00   0.0000D+00   0.0000D+00   0.6780D-06   0.0000D+00   0.1098D-06   0.0000D+00   0.2454D-06   0.0000D+00
   0.0000D+00   0.0000D+00   0.0000D+00   0.0000D+00   0.0000D+00   0.0000D+00   0.0000D+00   0.0000D+00
  -0.3261D-07   0.2081D-08  -0.2846D-07   0.9669D-09  -0.4683D-10  -0.5161D-09  -0.8620D-08   0.5784D-09  -0.3261D-07   0.2081D-08  -0.2846D-07   0.9669D-09
   0.8400D-06  -0.2356D-07   0.1358D-06  -0.7478D-08   0.2711D-06  -0.4837D-07   0.9850D-07   0.0000D+00   0.2331D-07   0.1643D-08  -0.8789D-09   0.5376D-08   0.8400D-06  -0.2356D-07   0.1358D-06  -0.7478D-08   0.2711D-06  -0.4837D-07
  -0.2684D-08  -0.5952D-08  -0.3158D-08  -0.6195D-08  -0.2684D-08  -0.5952D-08  -0.3158D-08  -0.6195D-08
  1.000  1.000
  -0.2141D-07   0.0000D+00  -0.1911D-07   0.0000D+00   0.0000D+00   0.0000D+00  -0.6127D-08   0.0000D+00  -0.2141D-07   0.0000D+00  -0.1911D-07   0.0000D+00
   0.6780D-06   0.0000D+00   0.1098D-06   0.0000D+00   0.2454D-06   0.0000D+00   0.7698D-07   0.0000D+00   0.1711D-07   0.0000D+00   0.0000D+00   0.0000D+00   0.6780D-06   0.0000D+00   0.1098D-06   0.0000D+00   0.2454D-06   0.0000D+00
   0.0000D+00   0.0000D+00   0.0000D+00   0.0000D+00   0.0000D+00   0.0000D+00   0.0000D+00   0.0000D+00
  -0.3121D-07   0.1811D-08  -0.2729D-07   0.8417D-09  -0.4075D-10  -0.4492D-09  -0.8312D-08   0.5035D-09  -0.3121D-07   0.1811D-08  -0.2729D-07   0.8417D-09
   0.8291D-06  -0.2199D-07   0.1341D-06  -0.6977D-08   0.2693D-06  -0.4513D-07   0.9706D-07   0.0000D+00   0.2290D-07   0.1533D-08  -0.8200D-09   0.5016D-08   0.8291D-06  -0.2199D-07   0.1341D-06  -0.6977D-08   0.2693D-06  -0.4513D-07
  -0.2504D-08  -0.5553D-08  -0.2946D-08  -0.5780D-08  -0.2504D-08  -0.5553D-08  -0.2946D-08  -0.5780D-08
  1.000  2.000
  -0.2006D-07   0.0000D+00  -0.1791D-07   0.0000D+00   0.0000D+00   0.0000D+00  -0.5743D-08   0.0000D+00  -0.2006D-07   0.0000D+00  -0.1791D-07   0.0000D+00
   0.6780D-06   0.0000D+00   0.1098D-06   0.0000D+00   0.2454D-06   0.0000D+00   0.7698D-07   0.0000D+00   0.1711D-07   0.0000D+00   0.0000D+00   0.0000D+00   0.6780D-06   0.0000D+00   0.1098D-06   0.0000D+00   0.2454D-06   0.0000D+00
   0.0000D+00   0.0000D+00   0.0000D+00   0.0000D+00   0.0000D+00   0.0000D+00   0.0000D+00   0.0000D+00
  -0.2990D-07   0.1591D-08  -0.2619D-07   0.7395D-09  -0.3579D-10  -0.3947D-09  -0.8013D-08   0.4424D-09  -0.2990D-07   0.1591D-08  -0.2619D-07   0.7395D-09
   0.8197D-06  -0.2061D-07   0.1326D-06  -0.6540D-08   0.2678D-06  -0.4230D-07   0.9580D-07   0.0000D+00   0.2253D-07   0.1437D-08  -0.7687D-09   0.4702D-08   0.8197D-06  -0.2061D-07   0.1326D-06  -0.6540D-08   0.2678D-06  -0.4230D-07
  -0.2347D-08  -0.5205D-08  -0.2762D-08  -0.5417D-08  -0.2347D-08  -0.5205D-08  -0.2762D-08  -0.5417D-08
  2.000  0.500
  -0.1742D-07   0.0000D+00  -0.1560D-07   0.0000D+00   0.0000D+00   0.0000D+00  -0.5000D-08   0.0000D+00  -0.1742D-07   0.0000D+00  -0.1560D-07   0.0000D+00
   0.5162D-06   0.0000D+00   0.8361D-07   0.0000D+00   0.1862D-06   0.0000D+00   0.5860D-07   0.0000D+00   0.1302D-07   0.0000D+00   0.0000D+00   0.0000D+00   0.5162D-06   0.0000D+00   0.8361D-07   0.0000D+00   0.1862D-06   0.0000D+00
   0.0000D+00   0.0000D+00   0.0000D+00   0.0000D+00   0.0000D+00   0.0000D+00   0.0000D+00   0.0000D+00
  -0.2991D-07   0.1585D-08  -0.2623D-07   0.7354D-09  -0.2834D-10  -0.3930D-09  -0.8028D-08   0.4404D-09  -0.2991D-07   0.1585D-08  -0.2623D-07   0.7354D-09
   0.7913D-06  -0.1788D-07   0.1279D-06  -0.5687D-08   0.2608D-06  -0.3677D-07   0.9215D-07   0.0000D+00   0.2156D-07   0.1251D-08  -0.6605D-09   0.4093D-08   0.7913D-06  -0.1788D-07   0.1279D-06  -0.5687D-08   0.2608D-06  -0.3677D-07
  -0.2037D-08  -0.4515D-08  -0.2402D-08  -0.4712D-08  -0.2037D-08  -0.4515D-08  -0.2402D-08  -0.4712D-08
  2.000  1.000
  -0.1625D-07   0.0000D+00  -0.1455D-07   0.0000D+00   0.0000D+00   0.0000D+00  -0.4665D-08   0.0000D+00  -0.1625D-07   0.0000D+00  -0.1455D-07   0.0000D+00
   0.5162D-06   0.0000D+00   0.8361D-07   0.0000D+00   0.1862D-06   0.0000D+00   0.5860D-07   0.0000D+00   0.1302D-07   0.0000D+00   0.0000D+00   0.0000D+00   0.5162D-06   0.0000D+00   0.8361D-07   0.0000D+00   0.1862D-06   0.0000D+00
   0.0000D+00   0.0000D+00   0.0000D+00   0.0000D+00   0.0000D+00   0.0000D+00   0.0000D+00   0.0000D+00
  -0.2818D-07   0.1380D-08  -0.2475D-07   0.6401D-09  -0.2466D-10  -0.3421D-09  -0.7604D-08   0.3834D-09  -0.2818D-07   0.1380D-08  -0.2475D-07   0.6401D-09
   0.7729D-06  -0.1668D-07   0.1250D-06  -0.5306D-08   0.2558D-06  -0.3431D-07   0.8990D-07   0.0000D+00   0.2099D-07   0.1167D-08  -0.6162D-09   0.3819D-08   0.7729D-06  -0.1668D-07   0.1250D-06  -0.5306D-08   0.2558D-06  -0.3431D-07
  -0.1901D-08  -0.4213D-08  -0.2241D-08  -0.4396D-08  -0.1901D-08  -0.4213D-08  -0.2241D-08  -0.4396D-08
  2.000  2.000
  -0.1523D-07   0.0000D+00  -0.1364D-07   0.0000D+00   0.0000D+00   0.0000D+00  -0.4373D-08   0.0000D+00  -0.1523D-07   0.0000D+00  -0.1364D-07   0.0000D+00
   0.5162D-06   0.0000D+00   0.8361D-07   0.0000D+00   0.1862D-06   0.0000D+00   0.5860D-07   0.0000D+00   0.1302D-07   0.0000D+00   0.0000D+00   0.0000D+00   0.5162D-06   0.0000D+00   0.8361D-07   0.0000D+00   0.1862D-06   0.0000D+00
   0.0000D+00   0.0000D+00   0.0000D+00   0.0000D+00   0.0000D+00   0.0000D+00   0.0000D+00   0.0000D+00
  -0.2664D-07   0.1212D-08  -0.2343D-07   0.5624D-09  -0.2165D-10  -0.3006D-09  -0.7221D-08   0.3368D-09  -0.2664D-07   0.1212D-08  -0.2343D-07   0.5624D-09
   0.7568D-06  -0.1564D-07   0.1224D-06  -0.4974D-08   0.2514D-06  -0.3216D-07   0.8794D-07   0.0000D+00   0.2049D-07   0.1094D-08  -0.5776D-09   0.3579D-08   0.7568D-06  -0.1564D-07   0.1224D-06  -0.4974D-08   0.2514D-06  -0.3216D-07
  -0.1782D-08  -0.3949D-08  -0.2100D-08  -0.4120D-08  -0.1782D-08  -0.3949D-08  -0.2100D-08  -0.4120D-08
