 LHC=           1 sqrts=   8000.0000000000000      ang=           4 mode=fital                                                                                               scalescheme=           1 R=  0.69999999999999996     
 CT10nlo_rand5678                                                                                             416
 Bin information: chid, chiu, md, mu, mu0
   0.0000000000000000       0.50000000000000000        196.00000000000000        220.00000000000000        208.00000000000000     
 9 scales(muf, mur)*(LO(38), NLO(38))
  0.500  0.500
  -0.4097D+01   0.0000D+00  -0.5702D+01   0.0000D+00   0.0000D+00   0.0000D+00  -0.5753D+01   0.0000D+00  -0.4097D+01   0.0000D+00  -0.5702D+01   0.0000D+00
   0.5865D+00   0.0000D+00   0.1072D+00   0.0000D+00   0.1397D+00   0.0000D+00   0.2428D+00   0.0000D+00   0.5396D-01   0.0000D+00   0.0000D+00   0.0000D+00   0.5865D+00   0.0000D+00   0.1072D+00   0.0000D+00   0.1397D+00   0.0000D+00
   0.0000D+00   0.0000D+00   0.0000D+00   0.0000D+00   0.0000D+00   0.0000D+00   0.0000D+00   0.0000D+00
  -0.2863D+01   0.9134D+00  -0.4843D+01   0.5484D+00   0.4533D+00  -0.6354D+00  -0.5293D+01  -0.4092D-01  -0.2863D+01   0.9134D+00  -0.4843D+01   0.5484D+00
   0.6951D+00  -0.1883D-01   0.1288D+00  -0.7864D-02   0.1102D+00  -0.6117D-01   0.2815D+00   0.0000D+00   0.7138D-01   0.7276D-02   0.4217D-03   0.2381D-01   0.6951D+00  -0.1883D-01   0.1288D+00  -0.7864D-02   0.1102D+00  -0.6117D-01
  -0.1096D-02  -0.6874D-02  -0.4475D-02  -0.1271D-01  -0.1096D-02  -0.6874D-02  -0.4475D-02  -0.1271D-01
  0.500  1.000
  -0.3717D+01   0.0000D+00  -0.5173D+01   0.0000D+00   0.0000D+00   0.0000D+00  -0.5219D+01   0.0000D+00  -0.3717D+01   0.0000D+00  -0.5173D+01   0.0000D+00
   0.5865D+00   0.0000D+00   0.1072D+00   0.0000D+00   0.1397D+00   0.0000D+00   0.2428D+00   0.0000D+00   0.5396D-01   0.0000D+00   0.0000D+00   0.0000D+00   0.5865D+00   0.0000D+00   0.1072D+00   0.0000D+00   0.1397D+00   0.0000D+00
   0.0000D+00   0.0000D+00   0.0000D+00   0.0000D+00   0.0000D+00   0.0000D+00   0.0000D+00   0.0000D+00
  -0.3034D+01   0.7518D+00  -0.4928D+01   0.4514D+00   0.3730D+00  -0.5230D+00  -0.5307D+01  -0.3368D-01  -0.3034D+01   0.7518D+00  -0.4928D+01   0.4514D+00
   0.6859D+00  -0.1708D-01   0.1270D+00  -0.7135D-02   0.1131D+00  -0.5550D-01   0.2782D+00   0.0000D+00   0.6983D-01   0.6602D-02   0.3926D-03   0.2160D-01   0.6859D+00  -0.1708D-01   0.1270D+00  -0.7135D-02   0.1131D+00  -0.5550D-01
  -0.9939D-03  -0.6236D-02  -0.4060D-02  -0.1154D-01  -0.9939D-03  -0.6236D-02  -0.4060D-02  -0.1154D-01
  0.500  2.000
  -0.3402D+01   0.0000D+00  -0.4735D+01   0.0000D+00   0.0000D+00   0.0000D+00  -0.4777D+01   0.0000D+00  -0.3402D+01   0.0000D+00  -0.4735D+01   0.0000D+00
   0.5865D+00   0.0000D+00   0.1072D+00   0.0000D+00   0.1397D+00   0.0000D+00   0.2428D+00   0.0000D+00   0.5396D-01   0.0000D+00   0.0000D+00   0.0000D+00   0.5865D+00   0.0000D+00   0.1072D+00   0.0000D+00   0.1397D+00   0.0000D+00
   0.0000D+00   0.0000D+00   0.0000D+00   0.0000D+00   0.0000D+00   0.0000D+00   0.0000D+00   0.0000D+00
  -0.3109D+01   0.6300D+00  -0.4918D+01   0.3782D+00   0.3124D+00  -0.4383D+00  -0.5242D+01  -0.2822D-01  -0.3109D+01   0.6300D+00  -0.4918D+01   0.3782D+00
   0.6782D+00  -0.1564D-01   0.1254D+00  -0.6531D-02   0.1156D+00  -0.5081D-01   0.2754D+00   0.0000D+00   0.6854D-01   0.6043D-02   0.3672D-03   0.1978D-01   0.6782D+00  -0.1564D-01   0.1254D+00  -0.6531D-02   0.1156D+00  -0.5081D-01
  -0.9098D-03  -0.5709D-02  -0.3716D-02  -0.1056D-01  -0.9098D-03  -0.5709D-02  -0.3716D-02  -0.1056D-01
  1.000  0.500
  -0.3991D+01   0.0000D+00  -0.5654D+01   0.0000D+00   0.0000D+00   0.0000D+00  -0.5656D+01   0.0000D+00  -0.3991D+01   0.0000D+00  -0.5654D+01   0.0000D+00
   0.5804D+00   0.0000D+00   0.1060D+00   0.0000D+00   0.1363D+00   0.0000D+00   0.2387D+00   0.0000D+00   0.5306D-01   0.0000D+00   0.0000D+00   0.0000D+00   0.5804D+00   0.0000D+00   0.1060D+00   0.0000D+00   0.1363D+00   0.0000D+00
   0.0000D+00   0.0000D+00   0.0000D+00   0.0000D+00   0.0000D+00   0.0000D+00   0.0000D+00   0.0000D+00
  -0.2834D+01   0.9026D+00  -0.4865D+01   0.5422D+00   0.4473D+00  -0.6265D+00  -0.5278D+01  -0.3971D-01  -0.2834D+01   0.9026D+00  -0.4865D+01   0.5422D+00
   0.6831D+00  -0.1840D-01   0.1268D+00  -0.7724D-02   0.1066D+00  -0.6031D-01   0.2744D+00   0.0000D+00   0.6984D-01   0.7159D-02   0.6613D-03   0.2343D-01   0.6831D+00  -0.1840D-01   0.1268D+00  -0.7724D-02   0.1066D+00  -0.6031D-01
  -0.1084D-02  -0.6837D-02  -0.4452D-02  -0.1254D-01  -0.1084D-02  -0.6837D-02  -0.4452D-02  -0.1254D-01
  1.000  1.000
  -0.3621D+01   0.0000D+00  -0.5130D+01   0.0000D+00   0.0000D+00   0.0000D+00  -0.5132D+01   0.0000D+00  -0.3621D+01   0.0000D+00  -0.5130D+01   0.0000D+00
   0.5804D+00   0.0000D+00   0.1060D+00   0.0000D+00   0.1363D+00   0.0000D+00   0.2387D+00   0.0000D+00   0.5306D-01   0.0000D+00   0.0000D+00   0.0000D+00   0.5804D+00   0.0000D+00   0.1060D+00   0.0000D+00   0.1363D+00   0.0000D+00
   0.0000D+00   0.0000D+00   0.0000D+00   0.0000D+00   0.0000D+00   0.0000D+00   0.0000D+00   0.0000D+00
  -0.2992D+01   0.7430D+00  -0.4939D+01   0.4463D+00   0.3680D+00  -0.5157D+00  -0.5279D+01  -0.3269D-01  -0.2992D+01   0.7430D+00  -0.4939D+01   0.4463D+00
   0.6743D+00  -0.1669D-01   0.1251D+00  -0.7008D-02   0.1095D+00  -0.5472D-01   0.2713D+00   0.0000D+00   0.6835D-01   0.6495D-02   0.6093D-03   0.2126D-01   0.6743D+00  -0.1669D-01   0.1251D+00  -0.7008D-02   0.1095D+00  -0.5472D-01
  -0.9837D-03  -0.6203D-02  -0.4039D-02  -0.1138D-01  -0.9837D-03  -0.6203D-02  -0.4039D-02  -0.1138D-01
  1.000  2.000
  -0.3315D+01   0.0000D+00  -0.4696D+01   0.0000D+00   0.0000D+00   0.0000D+00  -0.4698D+01   0.0000D+00  -0.3315D+01   0.0000D+00  -0.4696D+01   0.0000D+00
   0.5804D+00   0.0000D+00   0.1060D+00   0.0000D+00   0.1363D+00   0.0000D+00   0.2387D+00   0.0000D+00   0.5306D-01   0.0000D+00   0.0000D+00   0.0000D+00   0.5804D+00   0.0000D+00   0.1060D+00   0.0000D+00   0.1363D+00   0.0000D+00
   0.0000D+00   0.0000D+00   0.0000D+00   0.0000D+00   0.0000D+00   0.0000D+00   0.0000D+00   0.0000D+00
  -0.3059D+01   0.6226D+00  -0.4920D+01   0.3740D+00   0.3083D+00  -0.4321D+00  -0.5205D+01  -0.2739D-01  -0.3059D+01   0.6226D+00  -0.4920D+01   0.3740D+00
   0.6670D+00  -0.1528D-01   0.1236D+00  -0.6415D-02   0.1120D+00  -0.5009D-01   0.2688D+00   0.0000D+00   0.6710D-01   0.5946D-02   0.5650D-03   0.1946D-01   0.6670D+00  -0.1528D-01   0.1236D+00  -0.6415D-02   0.1120D+00  -0.5009D-01
  -0.9004D-03  -0.5679D-02  -0.3697D-02  -0.1042D-01  -0.9004D-03  -0.5679D-02  -0.3697D-02  -0.1042D-01
  2.000  0.500
  -0.3909D+01   0.0000D+00  -0.5566D+01   0.0000D+00   0.0000D+00   0.0000D+00  -0.5578D+01   0.0000D+00  -0.3909D+01   0.0000D+00  -0.5566D+01   0.0000D+00
   0.5702D+00   0.0000D+00   0.1041D+00   0.0000D+00   0.1335D+00   0.0000D+00   0.2340D+00   0.0000D+00   0.5200D-01   0.0000D+00   0.0000D+00   0.0000D+00   0.5702D+00   0.0000D+00   0.1041D+00   0.0000D+00   0.1335D+00   0.0000D+00
   0.0000D+00   0.0000D+00   0.0000D+00   0.0000D+00   0.0000D+00   0.0000D+00   0.0000D+00   0.0000D+00
  -0.2915D+01   0.8920D+00  -0.4910D+01   0.5322D+00   0.4412D+00  -0.6164D+00  -0.5399D+01  -0.3901D-01  -0.2915D+01   0.8920D+00  -0.4910D+01   0.5322D+00
   0.6766D+00  -0.1804D-01   0.1255D+00  -0.7564D-02   0.1064D+00  -0.5894D-01   0.2735D+00   0.0000D+00   0.6915D-01   0.7025D-02   0.5673D-03   0.2299D-01   0.6766D+00  -0.1804D-01   0.1255D+00  -0.7564D-02   0.1064D+00  -0.5894D-01
  -0.1063D-02  -0.6488D-02  -0.4396D-02  -0.1234D-01  -0.1063D-02  -0.6488D-02  -0.4396D-02  -0.1234D-01
  2.000  1.000
  -0.3546D+01   0.0000D+00  -0.5049D+01   0.0000D+00   0.0000D+00   0.0000D+00  -0.5060D+01   0.0000D+00  -0.3546D+01   0.0000D+00  -0.5049D+01   0.0000D+00
   0.5702D+00   0.0000D+00   0.1041D+00   0.0000D+00   0.1335D+00   0.0000D+00   0.2340D+00   0.0000D+00   0.5200D-01   0.0000D+00   0.0000D+00   0.0000D+00   0.5702D+00   0.0000D+00   0.1041D+00   0.0000D+00   0.1335D+00   0.0000D+00
   0.0000D+00   0.0000D+00   0.0000D+00   0.0000D+00   0.0000D+00   0.0000D+00   0.0000D+00   0.0000D+00
  -0.3039D+01   0.7342D+00  -0.4955D+01   0.4381D+00   0.3630D+00  -0.5073D+00  -0.5361D+01  -0.3211D-01  -0.3039D+01   0.7342D+00  -0.4955D+01   0.4381D+00
   0.6611D+00  -0.1636D-01   0.1226D+00  -0.6863D-02   0.1072D+00  -0.5347D-01   0.2687D+00   0.0000D+00   0.6722D-01   0.6373D-02   0.5060D-03   0.2086D-01   0.6611D+00  -0.1636D-01   0.1226D+00  -0.6863D-02   0.1072D+00  -0.5347D-01
  -0.9646D-03  -0.5886D-02  -0.3989D-02  -0.1119D-01  -0.9646D-03  -0.5886D-02  -0.3989D-02  -0.1119D-01
  2.000  2.000
  -0.3246D+01   0.0000D+00  -0.4622D+01   0.0000D+00   0.0000D+00   0.0000D+00  -0.4632D+01   0.0000D+00  -0.3246D+01   0.0000D+00  -0.4622D+01   0.0000D+00
   0.5702D+00   0.0000D+00   0.1041D+00   0.0000D+00   0.1335D+00   0.0000D+00   0.2340D+00   0.0000D+00   0.5200D-01   0.0000D+00   0.0000D+00   0.0000D+00   0.5702D+00   0.0000D+00   0.1041D+00   0.0000D+00   0.1335D+00   0.0000D+00
   0.0000D+00   0.0000D+00   0.0000D+00   0.0000D+00   0.0000D+00   0.0000D+00   0.0000D+00   0.0000D+00
  -0.3087D+01   0.6152D+00  -0.4921D+01   0.3671D+00   0.3041D+00  -0.4251D+00  -0.5263D+01  -0.2690D-01  -0.3087D+01   0.6152D+00  -0.4921D+01   0.3671D+00
   0.6541D+00  -0.1498D-01   0.1211D+00  -0.6282D-02   0.1096D+00  -0.4895D-01   0.2660D+00   0.0000D+00   0.6599D-01   0.5834D-02   0.4698D-03   0.1909D-01   0.6541D+00  -0.1498D-01   0.1211D+00  -0.6282D-02   0.1096D+00  -0.4895D-01
  -0.8830D-03  -0.5388D-02  -0.3651D-02  -0.1025D-01  -0.8830D-03  -0.5388D-02  -0.3651D-02  -0.1025D-01
