 LHC=           1 sqrts=   8000.0000000000000      ang=           4 mode=fital                                                                                               scalescheme=           1 R=  0.69999999999999996     
 MSTW2008nlo68cl_rand1235                                                                                       7
 Bin information: chid, chiu, md, mu, mu0
   0.0000000000000000       0.50000000000000000        362.00000000000000        395.00000000000000        378.50000000000000     
 9 scales(muf, mur)*(LO(38), NLO(38))
  0.500  0.500
  -0.1483D+01   0.0000D+00  -0.1586D+01   0.0000D+00   0.0000D+00   0.0000D+00  -0.1424D+01   0.0000D+00  -0.1483D+01   0.0000D+00  -0.1586D+01   0.0000D+00
   0.6110D+00   0.0000D+00   0.1067D+00   0.0000D+00   0.1744D+00   0.0000D+00   0.2147D+00   0.0000D+00   0.4771D-01   0.0000D+00   0.0000D+00   0.0000D+00   0.6110D+00   0.0000D+00   0.1067D+00   0.0000D+00   0.1744D+00   0.0000D+00
   0.0000D+00   0.0000D+00   0.0000D+00   0.0000D+00   0.0000D+00   0.0000D+00   0.0000D+00   0.0000D+00
  -0.1078D+01   0.2323D+00  -0.1348D+01   0.1413D+00   0.1338D+00  -0.1468D+00  -0.1323D+01   0.1358D-02  -0.1078D+01   0.2323D+00  -0.1348D+01   0.1413D+00
   0.5771D+00  -0.2203D-01   0.1030D+00  -0.8081D-02   0.1059D+00  -0.5843D-01   0.2110D+00   0.0000D+00   0.5298D-01   0.6019D-02  -0.1612D-02   0.1970D-01   0.5771D+00  -0.2203D-01   0.1030D+00  -0.8081D-02   0.1059D+00  -0.5843D-01
  -0.1713D-02  -0.7229D-02  -0.4344D-02  -0.1122D-01  -0.1713D-02  -0.7229D-02  -0.4344D-02  -0.1122D-01
  0.500  1.000
  -0.1354D+01   0.0000D+00  -0.1448D+01   0.0000D+00   0.0000D+00   0.0000D+00  -0.1300D+01   0.0000D+00  -0.1354D+01   0.0000D+00  -0.1448D+01   0.0000D+00
   0.6110D+00   0.0000D+00   0.1067D+00   0.0000D+00   0.1744D+00   0.0000D+00   0.2147D+00   0.0000D+00   0.4771D-01   0.0000D+00   0.0000D+00   0.0000D+00   0.6110D+00   0.0000D+00   0.1067D+00   0.0000D+00   0.1744D+00   0.0000D+00
   0.0000D+00   0.0000D+00   0.0000D+00   0.0000D+00   0.0000D+00   0.0000D+00   0.0000D+00   0.0000D+00
  -0.1130D+01   0.1937D+00  -0.1371D+01   0.1178D+00   0.1116D+00  -0.1224D+00  -0.1325D+01   0.1133D-02  -0.1130D+01   0.1937D+00  -0.1371D+01   0.1178D+00
   0.5803D+00  -0.2011D-01   0.1034D+00  -0.7379D-02   0.1119D+00  -0.5335D-01   0.2114D+00   0.0000D+00   0.5254D-01   0.5496D-02  -0.1471D-02   0.1799D-01   0.5803D+00  -0.2011D-01   0.1034D+00  -0.7379D-02   0.1119D+00  -0.5335D-01
  -0.1564D-02  -0.6600D-02  -0.3966D-02  -0.1024D-01  -0.1564D-02  -0.6600D-02  -0.3966D-02  -0.1024D-01
  0.500  2.000
  -0.1246D+01   0.0000D+00  -0.1333D+01   0.0000D+00   0.0000D+00   0.0000D+00  -0.1196D+01   0.0000D+00  -0.1246D+01   0.0000D+00  -0.1333D+01   0.0000D+00
   0.6110D+00   0.0000D+00   0.1067D+00   0.0000D+00   0.1744D+00   0.0000D+00   0.2147D+00   0.0000D+00   0.4771D-01   0.0000D+00   0.0000D+00   0.0000D+00   0.6110D+00   0.0000D+00   0.1067D+00   0.0000D+00   0.1744D+00   0.0000D+00
   0.0000D+00   0.0000D+00   0.0000D+00   0.0000D+00   0.0000D+00   0.0000D+00   0.0000D+00   0.0000D+00
  -0.1153D+01   0.1640D+00  -0.1371D+01   0.9977D-01   0.9448D-01  -0.1037D+00  -0.1310D+01   0.9597D-03  -0.1153D+01   0.1640D+00  -0.1371D+01   0.9977D-01
   0.5830D+00  -0.1851D-01   0.1037D+00  -0.6790D-02   0.1170D+00  -0.4910D-01   0.2117D+00   0.0000D+00   0.5217D-01   0.5057D-02  -0.1352D-02   0.1655D-01   0.5830D+00  -0.1851D-01   0.1037D+00  -0.6790D-02   0.1170D+00  -0.4910D-01
  -0.1439D-02  -0.6074D-02  -0.3650D-02  -0.9426D-02  -0.1439D-02  -0.6074D-02  -0.3650D-02  -0.9426D-02
  1.000  0.500
  -0.1402D+01   0.0000D+00  -0.1510D+01   0.0000D+00   0.0000D+00   0.0000D+00  -0.1353D+01   0.0000D+00  -0.1402D+01   0.0000D+00  -0.1510D+01   0.0000D+00
   0.5786D+00   0.0000D+00   0.1012D+00   0.0000D+00   0.1649D+00   0.0000D+00   0.2031D+00   0.0000D+00   0.4513D-01   0.0000D+00   0.0000D+00   0.0000D+00   0.5786D+00   0.0000D+00   0.1012D+00   0.0000D+00   0.1649D+00   0.0000D+00
   0.0000D+00   0.0000D+00   0.0000D+00   0.0000D+00   0.0000D+00   0.0000D+00   0.0000D+00   0.0000D+00
  -0.1111D+01   0.2211D+00  -0.1371D+01   0.1340D+00   0.1258D+00  -0.1397D+00  -0.1325D+01   0.1462D-02  -0.1111D+01   0.2211D+00  -0.1371D+01   0.1340D+00
   0.5732D+00  -0.2081D-01   0.1024D+00  -0.7651D-02   0.1074D+00  -0.5519D-01   0.2085D+00   0.0000D+00   0.5207D-01   0.5696D-02  -0.1961D-02   0.1864D-01   0.5732D+00  -0.2081D-01   0.1024D+00  -0.7651D-02   0.1074D+00  -0.5519D-01
  -0.1629D-02  -0.6850D-02  -0.4139D-02  -0.1065D-01  -0.1629D-02  -0.6850D-02  -0.4139D-02  -0.1065D-01
  1.000  1.000
  -0.1280D+01   0.0000D+00  -0.1379D+01   0.0000D+00   0.0000D+00   0.0000D+00  -0.1235D+01   0.0000D+00  -0.1280D+01   0.0000D+00  -0.1379D+01   0.0000D+00
   0.5786D+00   0.0000D+00   0.1012D+00   0.0000D+00   0.1649D+00   0.0000D+00   0.2031D+00   0.0000D+00   0.4513D-01   0.0000D+00   0.0000D+00   0.0000D+00   0.5786D+00   0.0000D+00   0.1012D+00   0.0000D+00   0.1649D+00   0.0000D+00
   0.0000D+00   0.0000D+00   0.0000D+00   0.0000D+00   0.0000D+00   0.0000D+00   0.0000D+00   0.0000D+00
  -0.1145D+01   0.1843D+00  -0.1379D+01   0.1117D+00   0.1049D+00  -0.1165D+00  -0.1316D+01   0.1219D-02  -0.1145D+01   0.1843D+00  -0.1379D+01   0.1117D+00
   0.5739D+00  -0.1900D-01   0.1024D+00  -0.6986D-02   0.1125D+00  -0.5039D-01   0.2081D+00   0.0000D+00   0.5149D-01   0.5201D-02  -0.1789D-02   0.1702D-01   0.5739D+00  -0.1900D-01   0.1024D+00  -0.6986D-02   0.1125D+00  -0.5039D-01
  -0.1487D-02  -0.6254D-02  -0.3779D-02  -0.9726D-02  -0.1487D-02  -0.6254D-02  -0.3779D-02  -0.9726D-02
  1.000  2.000
  -0.1178D+01   0.0000D+00  -0.1269D+01   0.0000D+00   0.0000D+00   0.0000D+00  -0.1137D+01   0.0000D+00  -0.1178D+01   0.0000D+00  -0.1269D+01   0.0000D+00
   0.5786D+00   0.0000D+00   0.1012D+00   0.0000D+00   0.1649D+00   0.0000D+00   0.2031D+00   0.0000D+00   0.4513D-01   0.0000D+00   0.0000D+00   0.0000D+00   0.5786D+00   0.0000D+00   0.1012D+00   0.0000D+00   0.1649D+00   0.0000D+00
   0.0000D+00   0.0000D+00   0.0000D+00   0.0000D+00   0.0000D+00   0.0000D+00   0.0000D+00   0.0000D+00
  -0.1155D+01   0.1561D+00  -0.1367D+01   0.9458D-01   0.8881D-01  -0.9863D-01  -0.1293D+01   0.1033D-02  -0.1155D+01   0.1561D+00  -0.1367D+01   0.9458D-01
   0.5745D+00  -0.1748D-01   0.1023D+00  -0.6429D-02   0.1167D+00  -0.4637D-01   0.2078D+00   0.0000D+00   0.5100D-01   0.4786D-02  -0.1645D-02   0.1566D-01   0.5745D+00  -0.1748D-01   0.1023D+00  -0.6429D-02   0.1167D+00  -0.4637D-01
  -0.1369D-02  -0.5756D-02  -0.3478D-02  -0.8950D-02  -0.1369D-02  -0.5756D-02  -0.3478D-02  -0.8950D-02
  2.000  0.500
  -0.1332D+01   0.0000D+00  -0.1437D+01   0.0000D+00   0.0000D+00   0.0000D+00  -0.1285D+01   0.0000D+00  -0.1332D+01   0.0000D+00  -0.1437D+01   0.0000D+00
   0.5495D+00   0.0000D+00   0.9610D-01   0.0000D+00   0.1563D+00   0.0000D+00   0.1920D+00   0.0000D+00   0.4267D-01   0.0000D+00   0.0000D+00   0.0000D+00   0.5495D+00   0.0000D+00   0.9610D-01   0.0000D+00   0.1563D+00   0.0000D+00
   0.0000D+00   0.0000D+00   0.0000D+00   0.0000D+00   0.0000D+00   0.0000D+00   0.0000D+00   0.0000D+00
  -0.1124D+01   0.2109D+00  -0.1390D+01   0.1272D+00   0.1201D+00  -0.1327D+00  -0.1335D+01   0.1578D-02  -0.1124D+01   0.2109D+00  -0.1390D+01   0.1272D+00
   0.5712D+00  -0.1972D-01   0.1017D+00  -0.7259D-02   0.1100D+00  -0.5253D-01   0.2079D+00   0.0000D+00   0.5142D-01   0.5392D-02  -0.1510D-02   0.1765D-01   0.5712D+00  -0.1972D-01   0.1017D+00  -0.7259D-02   0.1100D+00  -0.5253D-01
  -0.1553D-02  -0.6497D-02  -0.3938D-02  -0.1009D-01  -0.1553D-02  -0.6497D-02  -0.3938D-02  -0.1009D-01
  2.000  1.000
  -0.1216D+01   0.0000D+00  -0.1312D+01   0.0000D+00   0.0000D+00   0.0000D+00  -0.1174D+01   0.0000D+00  -0.1216D+01   0.0000D+00  -0.1312D+01   0.0000D+00
   0.5495D+00   0.0000D+00   0.9610D-01   0.0000D+00   0.1563D+00   0.0000D+00   0.1920D+00   0.0000D+00   0.4267D-01   0.0000D+00   0.0000D+00   0.0000D+00   0.5495D+00   0.0000D+00   0.9610D-01   0.0000D+00   0.1563D+00   0.0000D+00
   0.0000D+00   0.0000D+00   0.0000D+00   0.0000D+00   0.0000D+00   0.0000D+00   0.0000D+00   0.0000D+00
  -0.1145D+01   0.1758D+00  -0.1383D+01   0.1061D+00   0.1001D+00  -0.1106D+00  -0.1314D+01   0.1316D-02  -0.1145D+01   0.1758D+00  -0.1383D+01   0.1061D+00
   0.5695D+00  -0.1800D-01   0.1013D+00  -0.6628D-02   0.1141D+00  -0.4797D-01   0.2066D+00   0.0000D+00   0.5067D-01   0.4923D-02  -0.1377D-02   0.1611D-01   0.5695D+00  -0.1800D-01   0.1013D+00  -0.6628D-02   0.1141D+00  -0.4797D-01
  -0.1418D-02  -0.5932D-02  -0.3596D-02  -0.9216D-02  -0.1418D-02  -0.5932D-02  -0.3596D-02  -0.9216D-02
  2.000  2.000
  -0.1119D+01   0.0000D+00  -0.1207D+01   0.0000D+00   0.0000D+00   0.0000D+00  -0.1080D+01   0.0000D+00  -0.1119D+01   0.0000D+00  -0.1207D+01   0.0000D+00
   0.5495D+00   0.0000D+00   0.9610D-01   0.0000D+00   0.1563D+00   0.0000D+00   0.1920D+00   0.0000D+00   0.4267D-01   0.0000D+00   0.0000D+00   0.0000D+00   0.5495D+00   0.0000D+00   0.9610D-01   0.0000D+00   0.1563D+00   0.0000D+00
   0.0000D+00   0.0000D+00   0.0000D+00   0.0000D+00   0.0000D+00   0.0000D+00   0.0000D+00   0.0000D+00
  -0.1145D+01   0.1489D+00  -0.1360D+01   0.8984D-01   0.8477D-01  -0.9367D-01  -0.1282D+01   0.1114D-02  -0.1145D+01   0.1489D+00  -0.1360D+01   0.8984D-01
   0.5682D+00  -0.1657D-01   0.1009D+00  -0.6099D-02   0.1175D+00  -0.4414D-01   0.2055D+00   0.0000D+00   0.5005D-01   0.4531D-02  -0.1267D-02   0.1483D-01   0.5682D+00  -0.1657D-01   0.1009D+00  -0.6099D-02   0.1175D+00  -0.4414D-01
  -0.1305D-02  -0.5459D-02  -0.3309D-02  -0.8481D-02  -0.1305D-02  -0.5459D-02  -0.3309D-02  -0.8481D-02
