 LHC=           1 sqrts=   8000.0000000000000      ang=           4 mode=fital                                                                                               scalescheme=           1 R=  0.69999999999999996     
 CT10nlo_rand5678                                                                                             377
 Bin information: chid, chiu, md, mu, mu0
   0.0000000000000000       0.50000000000000000        49.000000000000000        56.000000000000000        52.500000000000000     
 9 scales(muf, mur)*(LO(38), NLO(38))
  0.500  0.500
  -0.2099D+02   0.0000D+00  -0.3666D+02   0.0000D+00   0.0000D+00   0.0000D+00  -0.4131D+02   0.0000D+00  -0.2099D+02   0.0000D+00  -0.3666D+02   0.0000D+00
   0.1826D+00   0.0000D+00   0.3479D-01   0.0000D+00   0.3595D-01   0.0000D+00   0.8046D-01   0.0000D+00   0.1788D-01   0.0000D+00   0.0000D+00   0.0000D+00   0.1826D+00   0.0000D+00   0.3479D-01   0.0000D+00   0.3595D-01   0.0000D+00
   0.0000D+00   0.0000D+00   0.0000D+00   0.0000D+00   0.0000D+00   0.0000D+00   0.0000D+00   0.0000D+00
  -0.1417D+02   0.7395D+01  -0.2973D+02   0.4683D+01   0.3465D+01  -0.5733D+01  -0.3659D+02  -0.5486D+00  -0.1417D+02   0.7395D+01  -0.2973D+02   0.4683D+01
   0.6221D+00  -0.5950D-02   0.1163D+00  -0.2990D-02   0.1028D+00  -0.2441D-01   0.2412D+00   0.0000D+00   0.6644D-01   0.2877D-02   0.1037D-01   0.9417D-02   0.6221D+00  -0.5950D-02   0.1163D+00  -0.2990D-02   0.1028D+00  -0.2441D-01
  -0.5353D-04  -0.2415D-02  -0.1363D-02  -0.5029D-02  -0.5353D-04  -0.2415D-02  -0.1363D-02  -0.5029D-02
  0.500  1.000
  -0.1858D+02   0.0000D+00  -0.3245D+02   0.0000D+00   0.0000D+00   0.0000D+00  -0.3656D+02   0.0000D+00  -0.1858D+02   0.0000D+00  -0.3245D+02   0.0000D+00
   0.1826D+00   0.0000D+00   0.3479D-01   0.0000D+00   0.3595D-01   0.0000D+00   0.8046D-01   0.0000D+00   0.1788D-01   0.0000D+00   0.0000D+00   0.0000D+00   0.1826D+00   0.0000D+00   0.3479D-01   0.0000D+00   0.3595D-01   0.0000D+00
   0.0000D+00   0.0000D+00   0.0000D+00   0.0000D+00   0.0000D+00   0.0000D+00   0.0000D+00   0.0000D+00
  -0.1529D+02   0.5793D+01  -0.3061D+02   0.3668D+01   0.2711D+01  -0.4491D+01  -0.3691D+02  -0.4298D+00  -0.1529D+02   0.5793D+01  -0.3061D+02   0.3668D+01
   0.5673D+00  -0.5267D-02   0.1062D+00  -0.2647D-02   0.9336D-01  -0.2161D-01   0.2224D+00   0.0000D+00   0.6073D-01   0.2547D-02   0.9259D-02   0.8335D-02   0.5673D+00  -0.5267D-02   0.1062D+00  -0.2647D-02   0.9336D-01  -0.2161D-01
  -0.4732D-04  -0.2138D-02  -0.1207D-02  -0.4451D-02  -0.4732D-04  -0.2138D-02  -0.1207D-02  -0.4451D-02
  0.500  2.000
  -0.1667D+02   0.0000D+00  -0.2912D+02   0.0000D+00   0.0000D+00   0.0000D+00  -0.3281D+02   0.0000D+00  -0.1667D+02   0.0000D+00  -0.2912D+02   0.0000D+00
   0.1826D+00   0.0000D+00   0.3479D-01   0.0000D+00   0.3595D-01   0.0000D+00   0.8046D-01   0.0000D+00   0.1788D-01   0.0000D+00   0.0000D+00   0.0000D+00   0.1826D+00   0.0000D+00   0.3479D-01   0.0000D+00   0.3595D-01   0.0000D+00
   0.0000D+00   0.0000D+00   0.0000D+00   0.0000D+00   0.0000D+00   0.0000D+00   0.0000D+00   0.0000D+00
  -0.1568D+02   0.4665D+01  -0.3052D+02   0.2954D+01   0.2181D+01  -0.3616D+01  -0.3635D+02  -0.3461D+00  -0.1568D+02   0.4665D+01  -0.3052D+02   0.2954D+01
   0.5310D+00  -0.4727D-02   0.9946D-01  -0.2375D-02   0.8817D-01  -0.1939D-01   0.2088D+00   0.0000D+00   0.5663D-01   0.2286D-02   0.8381D-02   0.7480D-02   0.5310D+00  -0.4727D-02   0.9946D-01  -0.2375D-02   0.8817D-01  -0.1939D-01
  -0.4242D-04  -0.1919D-02  -0.1083D-02  -0.3994D-02  -0.4242D-04  -0.1919D-02  -0.1083D-02  -0.3994D-02
  1.000  0.500
  -0.2265D+02   0.0000D+00  -0.4079D+02   0.0000D+00   0.0000D+00   0.0000D+00  -0.4420D+02   0.0000D+00  -0.2265D+02   0.0000D+00  -0.4079D+02   0.0000D+00
   0.2034D+00   0.0000D+00   0.4027D-01   0.0000D+00   0.4018D-01   0.0000D+00   0.9605D-01   0.0000D+00   0.2134D-01   0.0000D+00   0.0000D+00   0.0000D+00   0.2034D+00   0.0000D+00   0.4027D-01   0.0000D+00   0.4018D-01   0.0000D+00
   0.0000D+00   0.0000D+00   0.0000D+00   0.0000D+00   0.0000D+00   0.0000D+00   0.0000D+00   0.0000D+00
  -0.1282D+02   0.8354D+01  -0.2658D+02   0.5169D+01   0.4064D+01  -0.6043D+01  -0.3418D+02  -0.6109D+00  -0.1282D+02   0.8354D+01  -0.2658D+02   0.5169D+01
   0.5667D+00  -0.6744D-02   0.1066D+00  -0.3341D-02   0.8292D-01  -0.2617D-01   0.2318D+00   0.0000D+00   0.6344D-01   0.3500D-02   0.8857D-02   0.1146D-01   0.5667D+00  -0.6744D-02   0.1066D+00  -0.3341D-02   0.8292D-01  -0.2617D-01
  -0.9484D-04  -0.2750D-02  -0.1610D-02  -0.5785D-02  -0.9484D-04  -0.2750D-02  -0.1610D-02  -0.5785D-02
  1.000  1.000
  -0.2005D+02   0.0000D+00  -0.3610D+02   0.0000D+00   0.0000D+00   0.0000D+00  -0.3912D+02   0.0000D+00  -0.2005D+02   0.0000D+00  -0.3610D+02   0.0000D+00
   0.2034D+00   0.0000D+00   0.4027D-01   0.0000D+00   0.4018D-01   0.0000D+00   0.9605D-01   0.0000D+00   0.2134D-01   0.0000D+00   0.0000D+00   0.0000D+00   0.2034D+00   0.0000D+00   0.4027D-01   0.0000D+00   0.4018D-01   0.0000D+00
   0.0000D+00   0.0000D+00   0.0000D+00   0.0000D+00   0.0000D+00   0.0000D+00   0.0000D+00   0.0000D+00
  -0.1469D+02   0.6544D+01  -0.2910D+02   0.4050D+01   0.3180D+01  -0.4734D+01  -0.3571D+02  -0.4786D+00  -0.1469D+02   0.6544D+01  -0.2910D+02   0.4050D+01
   0.5897D+00  -0.5969D-02   0.1100D+00  -0.2957D-02   0.9590D-01  -0.2316D-01   0.2311D+00   0.0000D+00   0.6314D-01   0.3098D-02   0.8215D-02   0.1014D-01   0.5897D+00  -0.5969D-02   0.1100D+00  -0.2957D-02   0.9590D-01  -0.2316D-01
  -0.8387D-04  -0.2434D-02  -0.1425D-02  -0.5121D-02  -0.8387D-04  -0.2434D-02  -0.1425D-02  -0.5121D-02
  1.000  2.000
  -0.1799D+02   0.0000D+00  -0.3240D+02   0.0000D+00   0.0000D+00   0.0000D+00  -0.3511D+02   0.0000D+00  -0.1799D+02   0.0000D+00  -0.3240D+02   0.0000D+00
   0.2034D+00   0.0000D+00   0.4027D-01   0.0000D+00   0.4018D-01   0.0000D+00   0.9605D-01   0.0000D+00   0.2134D-01   0.0000D+00   0.0000D+00   0.0000D+00   0.2034D+00   0.0000D+00   0.4027D-01   0.0000D+00   0.4018D-01   0.0000D+00
   0.0000D+00   0.0000D+00   0.0000D+00   0.0000D+00   0.0000D+00   0.0000D+00   0.0000D+00   0.0000D+00
  -0.1539D+02   0.5270D+01  -0.2990D+02   0.3261D+01   0.2559D+01  -0.3812D+01  -0.3579D+02  -0.3854D+00  -0.1539D+02   0.5270D+01  -0.2990D+02   0.3261D+01
   0.5174D+00  -0.5357D-02   0.9733D-01  -0.2654D-02   0.8081D-01  -0.2079D-01   0.2102D+00   0.0000D+00   0.5670D-01   0.2781D-02   0.7269D-02   0.9100D-02   0.5174D+00  -0.5357D-02   0.9733D-01  -0.2654D-02   0.8081D-01  -0.2079D-01
  -0.7521D-04  -0.2185D-02  -0.1279D-02  -0.4596D-02  -0.7521D-04  -0.2185D-02  -0.1279D-02  -0.4596D-02
  2.000  0.500
  -0.2464D+02   0.0000D+00  -0.4698D+02   0.0000D+00   0.0000D+00   0.0000D+00  -0.4952D+02   0.0000D+00  -0.2464D+02   0.0000D+00  -0.4698D+02   0.0000D+00
   0.2362D+00   0.0000D+00   0.4288D-01   0.0000D+00   0.4233D-01   0.0000D+00   0.1033D+00   0.0000D+00   0.2296D-01   0.0000D+00   0.0000D+00   0.0000D+00   0.2362D+00   0.0000D+00   0.4288D-01   0.0000D+00   0.4233D-01   0.0000D+00
   0.0000D+00   0.0000D+00   0.0000D+00   0.0000D+00   0.0000D+00   0.0000D+00   0.0000D+00   0.0000D+00
  -0.1194D+02   0.9406D+01  -0.2789D+02   0.5592D+01   0.4373D+01  -0.6814D+01  -0.3409D+02  -0.6458D+00  -0.1194D+02   0.9406D+01  -0.2789D+02   0.5592D+01
   0.5662D+00  -0.7062D-02   0.1014D+00  -0.3421D-02   0.7301D-01  -0.3021D-01   0.2218D+00   0.0000D+00   0.6192D-01   0.3966D-02   0.8773D-02   0.1298D-01   0.5662D+00  -0.7062D-02   0.1014D+00  -0.3421D-02   0.7301D-01  -0.3021D-01
  -0.1017D-03  -0.2947D-02  -0.1827D-02  -0.6496D-02  -0.1017D-03  -0.2947D-02  -0.1827D-02  -0.6496D-02
  2.000  1.000
  -0.2180D+02   0.0000D+00  -0.4158D+02   0.0000D+00   0.0000D+00   0.0000D+00  -0.4383D+02   0.0000D+00  -0.2180D+02   0.0000D+00  -0.4158D+02   0.0000D+00
   0.2362D+00   0.0000D+00   0.4288D-01   0.0000D+00   0.4233D-01   0.0000D+00   0.1033D+00   0.0000D+00   0.2296D-01   0.0000D+00   0.0000D+00   0.0000D+00   0.2362D+00   0.0000D+00   0.4288D-01   0.0000D+00   0.4233D-01   0.0000D+00
   0.0000D+00   0.0000D+00   0.0000D+00   0.0000D+00   0.0000D+00   0.0000D+00   0.0000D+00   0.0000D+00
  -0.1409D+02   0.7368D+01  -0.3100D+02   0.4380D+01   0.3431D+01  -0.5338D+01  -0.3637D+02  -0.5059D+00  -0.1409D+02   0.7368D+01  -0.3100D+02   0.4380D+01
   0.4695D+00  -0.6251D-02   0.8466D-01  -0.3028D-02   0.5326D-01  -0.2674D-01   0.1943D+00   0.0000D+00   0.5326D-01   0.3510D-02   0.7109D-02   0.1149D-01   0.4695D+00  -0.6251D-02   0.8466D-01  -0.3028D-02   0.5326D-01  -0.2674D-01
  -0.8994D-04  -0.2608D-02  -0.1617D-02  -0.5749D-02  -0.8994D-04  -0.2608D-02  -0.1617D-02  -0.5749D-02
  2.000  2.000
  -0.1957D+02   0.0000D+00  -0.3732D+02   0.0000D+00   0.0000D+00   0.0000D+00  -0.3934D+02   0.0000D+00  -0.1957D+02   0.0000D+00  -0.3732D+02   0.0000D+00
   0.2362D+00   0.0000D+00   0.4288D-01   0.0000D+00   0.4233D-01   0.0000D+00   0.1033D+00   0.0000D+00   0.2296D-01   0.0000D+00   0.0000D+00   0.0000D+00   0.2362D+00   0.0000D+00   0.4288D-01   0.0000D+00   0.4233D-01   0.0000D+00
   0.0000D+00   0.0000D+00   0.0000D+00   0.0000D+00   0.0000D+00   0.0000D+00   0.0000D+00   0.0000D+00
  -0.1576D+02   0.5934D+01  -0.3306D+02   0.3527D+01   0.2741D+01  -0.4298D+01  -0.3780D+02  -0.4075D+00  -0.1576D+02   0.5934D+01  -0.3306D+02   0.3527D+01
   0.6243D+00  -0.5610D-02   0.1111D+00  -0.2717D-02   0.1007D+00  -0.2400D-01   0.2286D+00   0.0000D+00   0.6321D-01   0.3150D-02   0.8563D-02   0.1031D-01   0.6243D+00  -0.5610D-02   0.1111D+00  -0.2717D-02   0.1007D+00  -0.2400D-01
  -0.8066D-04  -0.2340D-02  -0.1451D-02  -0.5159D-02  -0.8066D-04  -0.2340D-02  -0.1451D-02  -0.5159D-02
