 LHC=           1 sqrts=   8000.0000000000000      ang=           4 mode=fital                                                                                               scalescheme=           1 R=  0.69999999999999996     
 CT10nlo_rand5678                                                                                             377
 Bin information: chid, chiu, md, mu, mu0
   0.0000000000000000       0.50000000000000000        64.000000000000000        74.000000000000000        69.000000000000000     
 9 scales(muf, mur)*(LO(38), NLO(38))
  0.500  0.500
  -0.1741D+02   0.0000D+00  -0.3022D+02   0.0000D+00   0.0000D+00   0.0000D+00  -0.3319D+02   0.0000D+00  -0.1741D+02   0.0000D+00  -0.3022D+02   0.0000D+00
   0.2784D+00   0.0000D+00   0.5127D-01   0.0000D+00   0.5479D-01   0.0000D+00   0.1257D+00   0.0000D+00   0.2794D-01   0.0000D+00   0.0000D+00   0.0000D+00   0.2784D+00   0.0000D+00   0.5127D-01   0.0000D+00   0.5479D-01   0.0000D+00
   0.0000D+00   0.0000D+00   0.0000D+00   0.0000D+00   0.0000D+00   0.0000D+00   0.0000D+00   0.0000D+00
  -0.1193D+02   0.5793D+01  -0.2446D+02   0.3533D+01   0.2641D+01  -0.4442D+01  -0.2967D+02  -0.4169D+00  -0.1193D+02   0.5793D+01  -0.2446D+02   0.3533D+01
   0.7033D+00  -0.8825D-02   0.1286D+00  -0.4155D-02   0.1103D+00  -0.3438D-01   0.2785D+00   0.0000D+00   0.7474D-01   0.4451D-02   0.8516D-02   0.1457D-01   0.7033D+00  -0.8825D-02   0.1286D+00  -0.4155D-02   0.1103D+00  -0.3438D-01
  -0.1759D-03  -0.3720D-02  -0.2085D-02  -0.7519D-02  -0.1759D-03  -0.3720D-02  -0.2085D-02  -0.7519D-02
  0.500  1.000
  -0.1550D+02   0.0000D+00  -0.2691D+02   0.0000D+00   0.0000D+00   0.0000D+00  -0.2955D+02   0.0000D+00  -0.1550D+02   0.0000D+00  -0.2691D+02   0.0000D+00
   0.2784D+00   0.0000D+00   0.5127D-01   0.0000D+00   0.5479D-01   0.0000D+00   0.1257D+00   0.0000D+00   0.2794D-01   0.0000D+00   0.0000D+00   0.0000D+00   0.2784D+00   0.0000D+00   0.5127D-01   0.0000D+00   0.5479D-01   0.0000D+00
   0.0000D+00   0.0000D+00   0.0000D+00   0.0000D+00   0.0000D+00   0.0000D+00   0.0000D+00   0.0000D+00
  -0.1279D+02   0.4593D+01  -0.2519D+02   0.2801D+01   0.2092D+01  -0.3522D+01  -0.2988D+02  -0.3305D+00  -0.1279D+02   0.4593D+01  -0.2519D+02   0.2801D+01
   0.6580D+00  -0.7859D-02   0.1204D+00  -0.3700D-02   0.1043D+00  -0.3061D-01   0.2625D+00   0.0000D+00   0.6981D-01   0.3963D-02   0.7658D-02   0.1297D-01   0.6580D+00  -0.7859D-02   0.1204D+00  -0.3700D-02   0.1043D+00  -0.3061D-01
  -0.1565D-03  -0.3313D-02  -0.1856D-02  -0.6696D-02  -0.1565D-03  -0.3313D-02  -0.1856D-02  -0.6696D-02
  0.500  2.000
  -0.1398D+02   0.0000D+00  -0.2426D+02   0.0000D+00   0.0000D+00   0.0000D+00  -0.2664D+02   0.0000D+00  -0.1398D+02   0.0000D+00  -0.2426D+02   0.0000D+00
   0.2784D+00   0.0000D+00   0.5127D-01   0.0000D+00   0.5479D-01   0.0000D+00   0.1257D+00   0.0000D+00   0.2794D-01   0.0000D+00   0.0000D+00   0.0000D+00   0.2784D+00   0.0000D+00   0.5127D-01   0.0000D+00   0.5479D-01   0.0000D+00
   0.0000D+00   0.0000D+00   0.0000D+00   0.0000D+00   0.0000D+00   0.0000D+00   0.0000D+00   0.0000D+00
  -0.1311D+02   0.3733D+01  -0.2517D+02   0.2277D+01   0.1699D+01  -0.2862D+01  -0.2945D+02  -0.2686D+00  -0.1311D+02   0.3733D+01  -0.2517D+02   0.2277D+01
   0.6233D+00  -0.7086D-02   0.1141D+00  -0.3336D-02   0.1000D+00  -0.2760D-01   0.2499D+00   0.0000D+00   0.6593D-01   0.3573D-02   0.6959D-02   0.1169D-01   0.6233D+00  -0.7086D-02   0.1141D+00  -0.3336D-02   0.1000D+00  -0.2760D-01
  -0.1410D-03  -0.2987D-02  -0.1674D-02  -0.6037D-02  -0.1410D-03  -0.2987D-02  -0.1674D-02  -0.6037D-02
  1.000  0.500
  -0.1831D+02   0.0000D+00  -0.3314D+02   0.0000D+00   0.0000D+00   0.0000D+00  -0.3617D+02   0.0000D+00  -0.1831D+02   0.0000D+00  -0.3314D+02   0.0000D+00
   0.2944D+00   0.0000D+00   0.5597D-01   0.0000D+00   0.5800D-01   0.0000D+00   0.1372D+00   0.0000D+00   0.3050D-01   0.0000D+00   0.0000D+00   0.0000D+00   0.2944D+00   0.0000D+00   0.5597D-01   0.0000D+00   0.5800D-01   0.0000D+00
   0.0000D+00   0.0000D+00   0.0000D+00   0.0000D+00   0.0000D+00   0.0000D+00   0.0000D+00   0.0000D+00
  -0.1098D+02   0.6454D+01  -0.2364D+02   0.3893D+01   0.2956D+01  -0.4776D+01  -0.2890D+02  -0.4649D+00  -0.1098D+02   0.6454D+01  -0.2364D+02   0.3893D+01
   0.7064D+00  -0.9585D-02   0.1304D+00  -0.4466D-02   0.1132D+00  -0.3567D-01   0.2789D+00   0.0000D+00   0.7551D-01   0.4923D-02   0.8689D-02   0.1611D-01   0.7064D+00  -0.9585D-02   0.1304D+00  -0.4466D-02   0.1132D+00  -0.3567D-01
  -0.1988D-03  -0.3805D-02  -0.2347D-02  -0.8320D-02  -0.1988D-03  -0.3805D-02  -0.2347D-02  -0.8320D-02
  1.000  1.000
  -0.1631D+02   0.0000D+00  -0.2951D+02   0.0000D+00   0.0000D+00   0.0000D+00  -0.3220D+02   0.0000D+00  -0.1631D+02   0.0000D+00  -0.2951D+02   0.0000D+00
   0.2944D+00   0.0000D+00   0.5597D-01   0.0000D+00   0.5800D-01   0.0000D+00   0.1372D+00   0.0000D+00   0.3050D-01   0.0000D+00   0.0000D+00   0.0000D+00   0.2944D+00   0.0000D+00   0.5597D-01   0.0000D+00   0.5800D-01   0.0000D+00
   0.0000D+00   0.0000D+00   0.0000D+00   0.0000D+00   0.0000D+00   0.0000D+00   0.0000D+00   0.0000D+00
  -0.1218D+02   0.5117D+01  -0.2505D+02   0.3086D+01   0.2342D+01  -0.3787D+01  -0.2981D+02  -0.3686D+00  -0.1218D+02   0.5117D+01  -0.2505D+02   0.3086D+01
   0.6380D+00  -0.8536D-02   0.1183D+00  -0.3977D-02   0.1000D+00  -0.3176D-01   0.2587D+00   0.0000D+00   0.6911D-01   0.4383D-02   0.7633D-02   0.1435D-01   0.6380D+00  -0.8536D-02   0.1183D+00  -0.3977D-02   0.1000D+00  -0.3176D-01
  -0.1769D-03  -0.3388D-02  -0.2090D-02  -0.7409D-02  -0.1769D-03  -0.3388D-02  -0.2090D-02  -0.7409D-02
  1.000  2.000
  -0.1470D+02   0.0000D+00  -0.2660D+02   0.0000D+00   0.0000D+00   0.0000D+00  -0.2903D+02   0.0000D+00  -0.1470D+02   0.0000D+00  -0.2660D+02   0.0000D+00
   0.2944D+00   0.0000D+00   0.5597D-01   0.0000D+00   0.5800D-01   0.0000D+00   0.1372D+00   0.0000D+00   0.3050D-01   0.0000D+00   0.0000D+00   0.0000D+00   0.2944D+00   0.0000D+00   0.5597D-01   0.0000D+00   0.5800D-01   0.0000D+00
   0.0000D+00   0.0000D+00   0.0000D+00   0.0000D+00   0.0000D+00   0.0000D+00   0.0000D+00   0.0000D+00
  -0.1273D+02   0.4159D+01  -0.2549D+02   0.2509D+01   0.1902D+01  -0.3078D+01  -0.2983D+02  -0.2995D+00  -0.1273D+02   0.4159D+01  -0.2549D+02   0.2509D+01
   0.5947D+00  -0.7696D-02   0.1107D+00  -0.3586D-02   0.9285D-01  -0.2864D-01   0.2450D+00   0.0000D+00   0.6476D-01   0.3952D-02   0.6869D-02   0.1293D-01   0.5947D+00  -0.7696D-02   0.1107D+00  -0.3586D-02   0.9285D-01  -0.2864D-01
  -0.1594D-03  -0.3055D-02  -0.1884D-02  -0.6680D-02  -0.1594D-03  -0.3055D-02  -0.1884D-02  -0.6680D-02
  2.000  0.500
  -0.1932D+02   0.0000D+00  -0.3611D+02   0.0000D+00   0.0000D+00   0.0000D+00  -0.3794D+02   0.0000D+00  -0.1932D+02   0.0000D+00  -0.3611D+02   0.0000D+00
   0.3172D+00   0.0000D+00   0.6100D-01   0.0000D+00   0.6084D-01   0.0000D+00   0.1472D+00   0.0000D+00   0.3271D-01   0.0000D+00   0.0000D+00   0.0000D+00   0.3172D+00   0.0000D+00   0.6100D-01   0.0000D+00   0.6084D-01   0.0000D+00
   0.0000D+00   0.0000D+00   0.0000D+00   0.0000D+00   0.0000D+00   0.0000D+00   0.0000D+00   0.0000D+00
  -0.1031D+02   0.6825D+01  -0.2418D+02   0.4102D+01   0.3410D+01  -0.5104D+01  -0.2834D+02  -0.4719D+00  -0.1031D+02   0.6825D+01  -0.2418D+02   0.4102D+01
   0.6071D+00  -0.9859D-02   0.1157D+00  -0.4810D-02   0.8476D-01  -0.3953D-01   0.2599D+00   0.0000D+00   0.6843D-01   0.5266D-02   0.7756D-02   0.1723D-01   0.6071D+00  -0.9859D-02   0.1157D+00  -0.4810D-02   0.8476D-01  -0.3953D-01
  -0.2267D-03  -0.4330D-02  -0.2566D-02  -0.8848D-02  -0.2267D-03  -0.4330D-02  -0.2566D-02  -0.8848D-02
  2.000  1.000
  -0.1720D+02   0.0000D+00  -0.3215D+02   0.0000D+00   0.0000D+00   0.0000D+00  -0.3378D+02   0.0000D+00  -0.1720D+02   0.0000D+00  -0.3215D+02   0.0000D+00
   0.3172D+00   0.0000D+00   0.6100D-01   0.0000D+00   0.6084D-01   0.0000D+00   0.1472D+00   0.0000D+00   0.3271D-01   0.0000D+00   0.0000D+00   0.0000D+00   0.3172D+00   0.0000D+00   0.6100D-01   0.0000D+00   0.6084D-01   0.0000D+00
   0.0000D+00   0.0000D+00   0.0000D+00   0.0000D+00   0.0000D+00   0.0000D+00   0.0000D+00   0.0000D+00
  -0.1226D+02   0.5411D+01  -0.2652D+02   0.3252D+01   0.2691D+01  -0.4046D+01  -0.3013D+02  -0.3741D+00  -0.1226D+02   0.5411D+01  -0.2652D+02   0.3252D+01
   0.7313D+00  -0.8779D-02   0.1370D+00  -0.4283D-02   0.1254D+00  -0.3520D-01   0.2870D+00   0.0000D+00   0.7612D-01   0.4689D-02   0.8410D-02   0.1535D-01   0.7313D+00  -0.8779D-02   0.1370D+00  -0.4283D-02   0.1254D+00  -0.3520D-01
  -0.2017D-03  -0.3856D-02  -0.2285D-02  -0.7879D-02  -0.2017D-03  -0.3856D-02  -0.2285D-02  -0.7879D-02
  2.000  2.000
  -0.1551D+02   0.0000D+00  -0.2899D+02   0.0000D+00   0.0000D+00   0.0000D+00  -0.3045D+02   0.0000D+00  -0.1551D+02   0.0000D+00  -0.2899D+02   0.0000D+00
   0.3172D+00   0.0000D+00   0.6100D-01   0.0000D+00   0.6084D-01   0.0000D+00   0.1472D+00   0.0000D+00   0.3271D-01   0.0000D+00   0.0000D+00   0.0000D+00   0.3172D+00   0.0000D+00   0.6100D-01   0.0000D+00   0.6084D-01   0.0000D+00
   0.0000D+00   0.0000D+00   0.0000D+00   0.0000D+00   0.0000D+00   0.0000D+00   0.0000D+00   0.0000D+00
  -0.1278D+02   0.4398D+01  -0.2695D+02   0.2643D+01   0.2190D+01  -0.3289D+01  -0.3019D+02  -0.3041D+00  -0.1278D+02   0.4398D+01  -0.2695D+02   0.2643D+01
   0.6096D+00  -0.7916D-02   0.1154D+00  -0.3862D-02   0.9649D-01  -0.3174D-01   0.2529D+00   0.0000D+00   0.6585D-01   0.4228D-02   0.6812D-02   0.1384D-01   0.6096D+00  -0.7916D-02   0.1154D+00  -0.3862D-02   0.9649D-01  -0.3174D-01
  -0.1818D-03  -0.3477D-02  -0.2060D-02  -0.7103D-02  -0.1818D-03  -0.3477D-02  -0.2060D-02  -0.7103D-02
