 LHC=           1 sqrts=   8000.0000000000000      ang=           4 mode=fital                                                                                               scalescheme=           1 R=  0.69999999999999996     
 MSTW2008nlo68cl_rand1235                                                                                      28
 Bin information: chid, chiu, md, mu, mu0
   0.0000000000000000       0.50000000000000000        468.00000000000000        507.00000000000000        487.50000000000000     
 9 scales(muf, mur)*(LO(38), NLO(38))
  0.500  0.500
  -0.8641D+00   0.0000D+00  -0.8376D+00   0.0000D+00   0.0000D+00   0.0000D+00  -0.6890D+00   0.0000D+00  -0.8641D+00   0.0000D+00  -0.8376D+00   0.0000D+00
   0.5530D+00   0.0000D+00   0.9427D-01   0.0000D+00   0.1712D+00   0.0000D+00   0.1765D+00   0.0000D+00   0.3923D-01   0.0000D+00   0.0000D+00   0.0000D+00   0.5530D+00   0.0000D+00   0.9427D-01   0.0000D+00   0.1712D+00   0.0000D+00
   0.0000D+00   0.0000D+00   0.0000D+00   0.0000D+00   0.0000D+00   0.0000D+00   0.0000D+00   0.0000D+00
  -0.6422D+00   0.1174D+00  -0.7206D+00   0.7010D-01   0.6966D-01  -0.6872D-01  -0.6373D+00   0.4320D-02  -0.6422D+00   0.1174D+00  -0.7206D+00   0.7010D-01
   0.4854D+00  -0.2089D-01   0.8488D-01  -0.7301D-02   0.9797D-01  -0.5087D-01   0.1649D+00   0.0000D+00   0.4108D-01   0.4783D-02  -0.2205D-02   0.1565D-01   0.4854D+00  -0.2089D-01   0.8488D-01  -0.7301D-02   0.9797D-01  -0.5087D-01
  -0.1762D-02  -0.6490D-02  -0.3757D-02  -0.9264D-02  -0.1762D-02  -0.6490D-02  -0.3757D-02  -0.9264D-02
  0.500  1.000
  -0.7914D+00   0.0000D+00  -0.7671D+00   0.0000D+00   0.0000D+00   0.0000D+00  -0.6310D+00   0.0000D+00  -0.7914D+00   0.0000D+00  -0.7671D+00   0.0000D+00
   0.5530D+00   0.0000D+00   0.9427D-01   0.0000D+00   0.1712D+00   0.0000D+00   0.1765D+00   0.0000D+00   0.3923D-01   0.0000D+00   0.0000D+00   0.0000D+00   0.5530D+00   0.0000D+00   0.9427D-01   0.0000D+00   0.1712D+00   0.0000D+00
   0.0000D+00   0.0000D+00   0.0000D+00   0.0000D+00   0.0000D+00   0.0000D+00   0.0000D+00   0.0000D+00
  -0.6695D+00   0.9850D-01  -0.7313D+00   0.5880D-01   0.5843D-01  -0.5764D-01  -0.6389D+00   0.3623D-02  -0.6695D+00   0.9850D-01  -0.7313D+00   0.5880D-01
   0.4913D+00  -0.1913D-01   0.8570D-01  -0.6687D-02   0.1042D+00  -0.4659D-01   0.1659D+00   0.0000D+00   0.4094D-01   0.4380D-02  -0.2019D-02   0.1434D-01   0.4913D+00  -0.1913D-01   0.8570D-01  -0.6687D-02   0.1042D+00  -0.4659D-01
  -0.1614D-02  -0.5944D-02  -0.3441D-02  -0.8485D-02  -0.1614D-02  -0.5944D-02  -0.3441D-02  -0.8485D-02
  0.500  2.000
  -0.7302D+00   0.0000D+00  -0.7077D+00   0.0000D+00   0.0000D+00   0.0000D+00  -0.5822D+00   0.0000D+00  -0.7302D+00   0.0000D+00  -0.7077D+00   0.0000D+00
   0.5530D+00   0.0000D+00   0.9427D-01   0.0000D+00   0.1712D+00   0.0000D+00   0.1765D+00   0.0000D+00   0.3923D-01   0.0000D+00   0.0000D+00   0.0000D+00   0.5530D+00   0.0000D+00   0.9427D-01   0.0000D+00   0.1712D+00   0.0000D+00
   0.0000D+00   0.0000D+00   0.0000D+00   0.0000D+00   0.0000D+00   0.0000D+00   0.0000D+00   0.0000D+00
  -0.6811D+00   0.8384D-01  -0.7303D+00   0.5005D-01   0.4973D-01  -0.4906D-01  -0.6325D+00   0.3084D-02  -0.6811D+00   0.8384D-01  -0.7303D+00   0.5005D-01
   0.4962D+00  -0.1765D-01   0.8639D-01  -0.6169D-02   0.1094D+00  -0.4298D-01   0.1668D+00   0.0000D+00   0.4082D-01   0.4041D-02  -0.1863D-02   0.1323D-01   0.4962D+00  -0.1765D-01   0.8639D-01  -0.6169D-02   0.1094D+00  -0.4298D-01
  -0.1489D-02  -0.5484D-02  -0.3174D-02  -0.7828D-02  -0.1489D-02  -0.5484D-02  -0.3174D-02  -0.7828D-02
  1.000  0.500
  -0.8075D+00   0.0000D+00  -0.7810D+00   0.0000D+00   0.0000D+00   0.0000D+00  -0.6432D+00   0.0000D+00  -0.8075D+00   0.0000D+00  -0.7810D+00   0.0000D+00
   0.5176D+00   0.0000D+00   0.8800D-01   0.0000D+00   0.1600D+00   0.0000D+00   0.1645D+00   0.0000D+00   0.3657D-01   0.0000D+00   0.0000D+00   0.0000D+00   0.5176D+00   0.0000D+00   0.8800D-01   0.0000D+00   0.1600D+00   0.0000D+00
   0.0000D+00   0.0000D+00   0.0000D+00   0.0000D+00   0.0000D+00   0.0000D+00   0.0000D+00   0.0000D+00
  -0.6529D+00   0.1098D+00  -0.7229D+00   0.6559D-01   0.6602D-01  -0.6414D-01  -0.6377D+00   0.4157D-02  -0.6529D+00   0.1098D+00  -0.7229D+00   0.6559D-01
   0.4859D+00  -0.1950D-01   0.8460D-01  -0.6807D-02   0.1012D+00  -0.4742D-01   0.1636D+00   0.0000D+00   0.4065D-01   0.4455D-02  -0.2018D-02   0.1458D-01   0.4859D+00  -0.1950D-01   0.8460D-01  -0.6807D-02   0.1012D+00  -0.4742D-01
  -0.1654D-02  -0.6083D-02  -0.3516D-02  -0.8657D-02  -0.1654D-02  -0.6083D-02  -0.3516D-02  -0.8657D-02
  1.000  1.000
  -0.7395D+00   0.0000D+00  -0.7153D+00   0.0000D+00   0.0000D+00   0.0000D+00  -0.5891D+00   0.0000D+00  -0.7395D+00   0.0000D+00  -0.7153D+00   0.0000D+00
   0.5176D+00   0.0000D+00   0.8800D-01   0.0000D+00   0.1600D+00   0.0000D+00   0.1645D+00   0.0000D+00   0.3657D-01   0.0000D+00   0.0000D+00   0.0000D+00   0.5176D+00   0.0000D+00   0.8800D-01   0.0000D+00   0.1600D+00   0.0000D+00
   0.0000D+00   0.0000D+00   0.0000D+00   0.0000D+00   0.0000D+00   0.0000D+00   0.0000D+00   0.0000D+00
  -0.6699D+00   0.9207D-01  -0.7246D+00   0.5502D-01   0.5537D-01  -0.5380D-01  -0.6323D+00   0.3487D-02  -0.6699D+00   0.9207D-01  -0.7246D+00   0.5502D-01
   0.4888D+00  -0.1786D-01   0.8491D-01  -0.6234D-02   0.1062D+00  -0.4343D-01   0.1637D+00   0.0000D+00   0.4032D-01   0.4080D-02  -0.1848D-02   0.1335D-01   0.4888D+00  -0.1786D-01   0.8491D-01  -0.6234D-02   0.1062D+00  -0.4343D-01
  -0.1515D-02  -0.5571D-02  -0.3220D-02  -0.7929D-02  -0.1515D-02  -0.5571D-02  -0.3220D-02  -0.7929D-02
  1.000  2.000
  -0.6822D+00   0.0000D+00  -0.6599D+00   0.0000D+00   0.0000D+00   0.0000D+00  -0.5435D+00   0.0000D+00  -0.6822D+00   0.0000D+00  -0.6599D+00   0.0000D+00
   0.5176D+00   0.0000D+00   0.8800D-01   0.0000D+00   0.1600D+00   0.0000D+00   0.1645D+00   0.0000D+00   0.3657D-01   0.0000D+00   0.0000D+00   0.0000D+00   0.5176D+00   0.0000D+00   0.8800D-01   0.0000D+00   0.1600D+00   0.0000D+00
   0.0000D+00   0.0000D+00   0.0000D+00   0.0000D+00   0.0000D+00   0.0000D+00   0.0000D+00   0.0000D+00
  -0.6742D+00   0.7836D-01  -0.7173D+00   0.4683D-01   0.4713D-01  -0.4579D-01  -0.6210D+00   0.2968D-02  -0.6742D+00   0.7836D-01  -0.7173D+00   0.4683D-01
   0.4911D+00  -0.1648D-01   0.8518D-01  -0.5751D-02   0.1104D+00  -0.4007D-01   0.1638D+00   0.0000D+00   0.4003D-01   0.3764D-02  -0.1704D-02   0.1232D-01   0.4911D+00  -0.1648D-01   0.8518D-01  -0.5751D-02   0.1104D+00  -0.4007D-01
  -0.1398D-02  -0.5140D-02  -0.2971D-02  -0.7315D-02  -0.1398D-02  -0.5140D-02  -0.2971D-02  -0.7315D-02
  2.000  0.500
  -0.7567D+00   0.0000D+00  -0.7335D+00   0.0000D+00   0.0000D+00   0.0000D+00  -0.6018D+00   0.0000D+00  -0.7567D+00   0.0000D+00  -0.7335D+00   0.0000D+00
   0.4856D+00   0.0000D+00   0.8253D-01   0.0000D+00   0.1497D+00   0.0000D+00   0.1535D+00   0.0000D+00   0.3411D-01   0.0000D+00   0.0000D+00   0.0000D+00   0.4856D+00   0.0000D+00   0.8253D-01   0.0000D+00   0.1497D+00   0.0000D+00
   0.0000D+00   0.0000D+00   0.0000D+00   0.0000D+00   0.0000D+00   0.0000D+00   0.0000D+00   0.0000D+00
  -0.6665D+00   0.1032D+00  -0.7290D+00   0.6162D-01   0.6138D-01  -0.6010D-01  -0.6405D+00   0.4035D-02  -0.6665D+00   0.1032D+00  -0.7290D+00   0.6162D-01
   0.4879D+00  -0.1826D-01   0.8497D-01  -0.6385D-02   0.1046D+00  -0.4446D-01   0.1637D+00   0.0000D+00   0.4038D-01   0.4157D-02  -0.2123D-02   0.1360D-01   0.4879D+00  -0.1826D-01   0.8497D-01  -0.6385D-02   0.1046D+00  -0.4446D-01
  -0.1559D-02  -0.5719D-02  -0.3305D-02  -0.8117D-02  -0.1559D-02  -0.5719D-02  -0.3305D-02  -0.8117D-02
  2.000  1.000
  -0.6931D+00   0.0000D+00  -0.6718D+00   0.0000D+00   0.0000D+00   0.0000D+00  -0.5512D+00   0.0000D+00  -0.6931D+00   0.0000D+00  -0.6718D+00   0.0000D+00
   0.4856D+00   0.0000D+00   0.8253D-01   0.0000D+00   0.1497D+00   0.0000D+00   0.1535D+00   0.0000D+00   0.3411D-01   0.0000D+00   0.0000D+00   0.0000D+00   0.4856D+00   0.0000D+00   0.8253D-01   0.0000D+00   0.1497D+00   0.0000D+00
   0.0000D+00   0.0000D+00   0.0000D+00   0.0000D+00   0.0000D+00   0.0000D+00   0.0000D+00   0.0000D+00
  -0.6737D+00   0.8656D-01  -0.7225D+00   0.5169D-01   0.5147D-01  -0.5040D-01  -0.6284D+00   0.3384D-02  -0.6737D+00   0.8656D-01  -0.7225D+00   0.5169D-01
   0.4878D+00  -0.1672D-01   0.8479D-01  -0.5848D-02   0.1084D+00  -0.4071D-01   0.1629D+00   0.0000D+00   0.3986D-01   0.3807D-02  -0.1944D-02   0.1246D-01   0.4878D+00  -0.1672D-01   0.8479D-01  -0.5848D-02   0.1084D+00  -0.4071D-01
  -0.1428D-02  -0.5238D-02  -0.3027D-02  -0.7433D-02  -0.1428D-02  -0.5238D-02  -0.3027D-02  -0.7433D-02
  2.000  2.000
  -0.6394D+00   0.0000D+00  -0.6198D+00   0.0000D+00   0.0000D+00   0.0000D+00  -0.5085D+00   0.0000D+00  -0.6394D+00   0.0000D+00  -0.6198D+00   0.0000D+00
   0.4856D+00   0.0000D+00   0.8253D-01   0.0000D+00   0.1497D+00   0.0000D+00   0.1535D+00   0.0000D+00   0.3411D-01   0.0000D+00   0.0000D+00   0.0000D+00   0.4856D+00   0.0000D+00   0.8253D-01   0.0000D+00   0.1497D+00   0.0000D+00
   0.0000D+00   0.0000D+00   0.0000D+00   0.0000D+00   0.0000D+00   0.0000D+00   0.0000D+00   0.0000D+00
  -0.6708D+00   0.7368D-01  -0.7094D+00   0.4399D-01   0.4381D-01  -0.4290D-01  -0.6123D+00   0.2881D-02  -0.6708D+00   0.7368D-01  -0.7094D+00   0.4399D-01
   0.4878D+00  -0.1543D-01   0.8464D-01  -0.5395D-02   0.1116D+00  -0.3756D-01   0.1622D+00   0.0000D+00   0.3943D-01   0.3512D-02  -0.1793D-02   0.1149D-01   0.4878D+00  -0.1543D-01   0.8464D-01  -0.5395D-02   0.1116D+00  -0.3756D-01
  -0.1317D-02  -0.4832D-02  -0.2792D-02  -0.6858D-02  -0.1317D-02  -0.4832D-02  -0.2792D-02  -0.6858D-02
