 LHC=           1 sqrts=   8000.0000000000000      ang=           4 mode=fital                                                                                               scalescheme=           1 R=  0.69999999999999996     
 MSTW2008nlo68cl_rand1235                                                                                      28
 Bin information: chid, chiu, md, mu, mu0
   0.0000000000000000       0.50000000000000000        1172.0000000000000        1248.0000000000000        1210.0000000000000     
 9 scales(muf, mur)*(LO(38), NLO(38))
  0.500  0.500
  -0.5861D-01   0.0000D+00  -0.4002D-01   0.0000D+00   0.0000D+00   0.0000D+00  -0.1993D-01   0.0000D+00  -0.5861D-01   0.0000D+00  -0.4002D-01   0.0000D+00
   0.1791D+00   0.0000D+00   0.2730D-01   0.0000D+00   0.7518D-01   0.0000D+00   0.3072D-01   0.0000D+00   0.6826D-02   0.0000D+00   0.0000D+00   0.0000D+00   0.1791D+00   0.0000D+00   0.2730D-01   0.0000D+00   0.7518D-01   0.0000D+00
   0.0000D+00   0.0000D+00   0.0000D+00   0.0000D+00   0.0000D+00   0.0000D+00   0.0000D+00   0.0000D+00
  -0.4807D-01   0.4745D-02  -0.3512D-01   0.2739D-02   0.2512D-02  -0.1775D-02  -0.1752D-01   0.8941D-03  -0.4807D-01   0.4745D-02  -0.3512D-01   0.2739D-02
   0.1327D+00  -0.8176D-02   0.2078D-01  -0.2386D-02   0.4229D-01  -0.1425D-01   0.2564D-01   0.0000D+00   0.6353D-02   0.7429D-03  -0.1311D-02   0.2431D-02   0.1327D+00  -0.8176D-02   0.2078D-01  -0.2386D-02   0.4229D-01  -0.1425D-01
  -0.8425D-03  -0.2124D-02  -0.9186D-03  -0.1979D-02  -0.8425D-03  -0.2124D-02  -0.9186D-03  -0.1979D-02
  0.500  1.000
  -0.5418D-01   0.0000D+00  -0.3700D-01   0.0000D+00   0.0000D+00   0.0000D+00  -0.1843D-01   0.0000D+00  -0.5418D-01   0.0000D+00  -0.3700D-01   0.0000D+00
   0.1791D+00   0.0000D+00   0.2730D-01   0.0000D+00   0.7518D-01   0.0000D+00   0.3072D-01   0.0000D+00   0.6826D-02   0.0000D+00   0.0000D+00   0.0000D+00   0.1791D+00   0.0000D+00   0.2730D-01   0.0000D+00   0.7518D-01   0.0000D+00
   0.0000D+00   0.0000D+00   0.0000D+00   0.0000D+00   0.0000D+00   0.0000D+00   0.0000D+00   0.0000D+00
  -0.4914D-01   0.4056D-02  -0.3551D-01   0.2341D-02   0.2147D-02  -0.1517D-02  -0.1771D-01   0.7641D-03  -0.4914D-01   0.4056D-02  -0.3551D-01   0.2341D-02
   0.1363D+00  -0.7559D-02   0.2128D-01  -0.2206D-02   0.4478D-01  -0.1318D-01   0.2603D-01   0.0000D+00   0.6390D-02   0.6868D-03  -0.1212D-02   0.2248D-02   0.1363D+00  -0.7559D-02   0.2128D-01  -0.2206D-02   0.4478D-01  -0.1318D-01
  -0.7788D-03  -0.1964D-02  -0.8493D-03  -0.1830D-02  -0.7788D-03  -0.1964D-02  -0.8493D-03  -0.1830D-02
  0.500  2.000
  -0.5039D-01   0.0000D+00  -0.3441D-01   0.0000D+00   0.0000D+00   0.0000D+00  -0.1714D-01   0.0000D+00  -0.5039D-01   0.0000D+00  -0.3441D-01   0.0000D+00
   0.1791D+00   0.0000D+00   0.2730D-01   0.0000D+00   0.7518D-01   0.0000D+00   0.3072D-01   0.0000D+00   0.6826D-02   0.0000D+00   0.0000D+00   0.0000D+00   0.1791D+00   0.0000D+00   0.2730D-01   0.0000D+00   0.7518D-01   0.0000D+00
   0.0000D+00   0.0000D+00   0.0000D+00   0.0000D+00   0.0000D+00   0.0000D+00   0.0000D+00   0.0000D+00
  -0.4945D-01   0.3507D-02  -0.3546D-01   0.2024D-02   0.1857D-02  -0.1312D-02  -0.1768D-01   0.6608D-03  -0.4945D-01   0.3507D-02  -0.3546D-01   0.2024D-02
   0.1393D+00  -0.7029D-02   0.2170D-01  -0.2052D-02   0.4692D-01  -0.1226D-01   0.2636D-01   0.0000D+00   0.6421D-02   0.6387D-03  -0.1128D-02   0.2090D-02   0.1393D+00  -0.7029D-02   0.2170D-01  -0.2052D-02   0.4692D-01  -0.1226D-01
  -0.7243D-03  -0.1826D-02  -0.7898D-03  -0.1701D-02  -0.7243D-03  -0.1826D-02  -0.7898D-03  -0.1701D-02
  1.000  0.500
  -0.5159D-01   0.0000D+00  -0.3512D-01   0.0000D+00   0.0000D+00   0.0000D+00  -0.1742D-01   0.0000D+00  -0.5159D-01   0.0000D+00  -0.3512D-01   0.0000D+00
   0.1572D+00   0.0000D+00   0.2394D-01   0.0000D+00   0.6609D-01   0.0000D+00   0.2683D-01   0.0000D+00   0.5962D-02   0.0000D+00   0.0000D+00   0.0000D+00   0.1572D+00   0.0000D+00   0.2394D-01   0.0000D+00   0.6609D-01   0.0000D+00
   0.0000D+00   0.0000D+00   0.0000D+00   0.0000D+00   0.0000D+00   0.0000D+00   0.0000D+00   0.0000D+00
  -0.4899D-01   0.4161D-02  -0.3539D-01   0.2404D-02   0.2183D-02  -0.1551D-02  -0.1764D-01   0.7867D-03  -0.4899D-01   0.4161D-02  -0.3539D-01   0.2404D-02
   0.1368D+00  -0.7191D-02   0.2139D-01  -0.2096D-02   0.4565D-01  -0.1251D-01   0.2600D-01   0.0000D+00   0.6355D-02   0.6488D-03  -0.1133D-02   0.2123D-02   0.1368D+00  -0.7191D-02   0.2139D-01  -0.2096D-02   0.4565D-01  -0.1251D-01
  -0.7425D-03  -0.1862D-02  -0.8052D-03  -0.1733D-02  -0.7425D-03  -0.1862D-02  -0.8052D-03  -0.1733D-02
  1.000  1.000
  -0.4770D-01   0.0000D+00  -0.3247D-01   0.0000D+00   0.0000D+00   0.0000D+00  -0.1610D-01   0.0000D+00  -0.4770D-01   0.0000D+00  -0.3247D-01   0.0000D+00
   0.1572D+00   0.0000D+00   0.2394D-01   0.0000D+00   0.6609D-01   0.0000D+00   0.2683D-01   0.0000D+00   0.5962D-02   0.0000D+00   0.0000D+00   0.0000D+00   0.1572D+00   0.0000D+00   0.2394D-01   0.0000D+00   0.6609D-01   0.0000D+00
   0.0000D+00   0.0000D+00   0.0000D+00   0.0000D+00   0.0000D+00   0.0000D+00   0.0000D+00   0.0000D+00
  -0.4896D-01   0.3557D-02  -0.3507D-01   0.2054D-02   0.1866D-02  -0.1325D-02  -0.1747D-01   0.6724D-03  -0.4896D-01   0.3557D-02  -0.3507D-01   0.2054D-02
   0.1384D+00  -0.6648D-02   0.2159D-01  -0.1938D-02   0.4720D-01  -0.1156D-01   0.2606D-01   0.0000D+00   0.6326D-02   0.5998D-03  -0.1048D-02   0.1963D-02   0.1384D+00  -0.6648D-02   0.2159D-01  -0.1938D-02   0.4720D-01  -0.1156D-01
  -0.6864D-03  -0.1721D-02  -0.7444D-03  -0.1602D-02  -0.6864D-03  -0.1721D-02  -0.7444D-03  -0.1602D-02
  1.000  2.000
  -0.4436D-01   0.0000D+00  -0.3020D-01   0.0000D+00   0.0000D+00   0.0000D+00  -0.1497D-01   0.0000D+00  -0.4436D-01   0.0000D+00  -0.3020D-01   0.0000D+00
   0.1572D+00   0.0000D+00   0.2394D-01   0.0000D+00   0.6609D-01   0.0000D+00   0.2683D-01   0.0000D+00   0.5962D-02   0.0000D+00   0.0000D+00   0.0000D+00   0.1572D+00   0.0000D+00   0.2394D-01   0.0000D+00   0.6609D-01   0.0000D+00
   0.0000D+00   0.0000D+00   0.0000D+00   0.0000D+00   0.0000D+00   0.0000D+00   0.0000D+00   0.0000D+00
  -0.4846D-01   0.3076D-02  -0.3450D-01   0.1776D-02   0.1614D-02  -0.1146D-02  -0.1717D-01   0.5815D-03  -0.4846D-01   0.3076D-02  -0.3450D-01   0.1776D-02
   0.1397D+00  -0.6182D-02   0.2176D-01  -0.1802D-02   0.4853D-01  -0.1075D-01   0.2612D-01   0.0000D+00   0.6301D-02   0.5577D-03  -0.9743D-03   0.1825D-02   0.1397D+00  -0.6182D-02   0.2176D-01  -0.1802D-02   0.4853D-01  -0.1075D-01
  -0.6384D-03  -0.1601D-02  -0.6922D-03  -0.1490D-02  -0.6384D-03  -0.1601D-02  -0.6922D-03  -0.1490D-02
  2.000  0.500
  -0.4573D-01   0.0000D+00  -0.3106D-01   0.0000D+00   0.0000D+00   0.0000D+00  -0.1537D-01   0.0000D+00  -0.4573D-01   0.0000D+00  -0.3106D-01   0.0000D+00
   0.1390D+00   0.0000D+00   0.2115D-01   0.0000D+00   0.5863D-01   0.0000D+00   0.2367D-01   0.0000D+00   0.5261D-02   0.0000D+00   0.0000D+00   0.0000D+00   0.1390D+00   0.0000D+00   0.2115D-01   0.0000D+00   0.5863D-01   0.0000D+00
   0.0000D+00   0.0000D+00   0.0000D+00   0.0000D+00   0.0000D+00   0.0000D+00   0.0000D+00   0.0000D+00
  -0.4941D-01   0.3688D-02  -0.3543D-01   0.2125D-02   0.1895D-02  -0.1369D-02  -0.1762D-01   0.6977D-03  -0.4941D-01   0.3688D-02  -0.3543D-01   0.2125D-02
   0.1396D+00  -0.6380D-02   0.2171D-01  -0.1856D-02   0.4826D-01  -0.1106D-01   0.2613D-01   0.0000D+00   0.6325D-02   0.5724D-03  -0.9899D-03   0.1873D-02   0.1396D+00  -0.6380D-02   0.2171D-01  -0.1856D-02   0.4826D-01  -0.1106D-01
  -0.6584D-03  -0.1655D-02  -0.7105D-03  -0.1531D-02  -0.6584D-03  -0.1655D-02  -0.7105D-03  -0.1531D-02
  2.000  1.000
  -0.4228D-01   0.0000D+00  -0.2872D-01   0.0000D+00   0.0000D+00   0.0000D+00  -0.1421D-01   0.0000D+00  -0.4228D-01   0.0000D+00  -0.2872D-01   0.0000D+00
   0.1390D+00   0.0000D+00   0.2115D-01   0.0000D+00   0.5863D-01   0.0000D+00   0.2367D-01   0.0000D+00   0.5261D-02   0.0000D+00   0.0000D+00   0.0000D+00   0.1390D+00   0.0000D+00   0.2115D-01   0.0000D+00   0.5863D-01   0.0000D+00
   0.0000D+00   0.0000D+00   0.0000D+00   0.0000D+00   0.0000D+00   0.0000D+00   0.0000D+00   0.0000D+00
  -0.4851D-01   0.3152D-02  -0.3455D-01   0.1816D-02   0.1620D-02  -0.1170D-02  -0.1717D-01   0.5963D-03  -0.4851D-01   0.3152D-02  -0.3455D-01   0.1816D-02
   0.1395D+00  -0.5898D-02   0.2167D-01  -0.1716D-02   0.4905D-01  -0.1022D-01   0.2595D-01   0.0000D+00   0.6246D-02   0.5292D-03  -0.9152D-03   0.1732D-02   0.1395D+00  -0.5898D-02   0.2167D-01  -0.1716D-02   0.4905D-01  -0.1022D-01
  -0.6087D-03  -0.1530D-02  -0.6568D-03  -0.1415D-02  -0.6087D-03  -0.1530D-02  -0.6568D-03  -0.1415D-02
  2.000  2.000
  -0.3932D-01   0.0000D+00  -0.2671D-01   0.0000D+00   0.0000D+00   0.0000D+00  -0.1321D-01   0.0000D+00  -0.3932D-01   0.0000D+00  -0.2671D-01   0.0000D+00
   0.1390D+00   0.0000D+00   0.2115D-01   0.0000D+00   0.5863D-01   0.0000D+00   0.2367D-01   0.0000D+00   0.5261D-02   0.0000D+00   0.0000D+00   0.0000D+00   0.1390D+00   0.0000D+00   0.2115D-01   0.0000D+00   0.5863D-01   0.0000D+00
   0.0000D+00   0.0000D+00   0.0000D+00   0.0000D+00   0.0000D+00   0.0000D+00   0.0000D+00   0.0000D+00
  -0.4738D-01   0.2726D-02  -0.3356D-01   0.1570D-02   0.1401D-02  -0.1012D-02  -0.1667D-01   0.5157D-03  -0.4738D-01   0.2726D-02  -0.3356D-01   0.1570D-02
   0.1395D+00  -0.5485D-02   0.2164D-01  -0.1595D-02   0.4973D-01  -0.9508D-02   0.2579D-01   0.0000D+00   0.6177D-02   0.4921D-03  -0.8512D-03   0.1611D-02   0.1395D+00  -0.5485D-02   0.2164D-01  -0.1595D-02   0.4973D-01  -0.9508D-02
  -0.5661D-03  -0.1423D-02  -0.6108D-03  -0.1316D-02  -0.5661D-03  -0.1423D-02  -0.6108D-03  -0.1316D-02
