 LHC=           1 sqrts=   8000.0000000000000      ang=           4 mode=fital                                                                                               scalescheme=           1 R=  0.69999999999999996     
 CT10nlo_rand5678                                                                                             313
 Bin information: chid, chiu, md, mu, mu0
   0.0000000000000000       0.50000000000000000        49.000000000000000        56.000000000000000        52.500000000000000     
 9 scales(muf, mur)*(LO(38), NLO(38))
  0.500  0.500
  -0.2094D+02   0.0000D+00  -0.3597D+02   0.0000D+00   0.0000D+00   0.0000D+00  -0.4052D+02   0.0000D+00  -0.2094D+02   0.0000D+00  -0.3597D+02   0.0000D+00
   0.1800D+00   0.0000D+00   0.3423D-01   0.0000D+00   0.3580D-01   0.0000D+00   0.7905D-01   0.0000D+00   0.1757D-01   0.0000D+00   0.0000D+00   0.0000D+00   0.1800D+00   0.0000D+00   0.3423D-01   0.0000D+00   0.3580D-01   0.0000D+00
   0.0000D+00   0.0000D+00   0.0000D+00   0.0000D+00   0.0000D+00   0.0000D+00   0.0000D+00   0.0000D+00
  -0.1427D+02   0.7256D+01  -0.2934D+02   0.4607D+01   0.3441D+01  -0.5626D+01  -0.3601D+02  -0.5381D+00  -0.1427D+02   0.7256D+01  -0.2934D+02   0.4607D+01
   0.6157D+00  -0.5924D-02   0.1152D+00  -0.2956D-02   0.1028D+00  -0.2405D-01   0.2376D+00   0.0000D+00   0.6571D-01   0.2826D-02   0.1021D-01   0.9247D-02   0.6157D+00  -0.5924D-02   0.1152D+00  -0.2956D-02   0.1028D+00  -0.2405D-01
  -0.5362D-04  -0.2391D-02  -0.1329D-02  -0.4940D-02  -0.5362D-04  -0.2391D-02  -0.1329D-02  -0.4940D-02
  0.500  1.000
  -0.1853D+02   0.0000D+00  -0.3184D+02   0.0000D+00   0.0000D+00   0.0000D+00  -0.3586D+02   0.0000D+00  -0.1853D+02   0.0000D+00  -0.3184D+02   0.0000D+00
   0.1800D+00   0.0000D+00   0.3423D-01   0.0000D+00   0.3580D-01   0.0000D+00   0.7905D-01   0.0000D+00   0.1757D-01   0.0000D+00   0.0000D+00   0.0000D+00   0.1800D+00   0.0000D+00   0.3423D-01   0.0000D+00   0.3580D-01   0.0000D+00
   0.0000D+00   0.0000D+00   0.0000D+00   0.0000D+00   0.0000D+00   0.0000D+00   0.0000D+00   0.0000D+00
  -0.1535D+02   0.5684D+01  -0.3016D+02   0.3609D+01   0.2692D+01  -0.4407D+01  -0.3630D+02  -0.4215D+00  -0.1535D+02   0.5684D+01  -0.3016D+02   0.3609D+01
   0.5611D+00  -0.5244D-02   0.1052D+00  -0.2616D-02   0.9313D-01  -0.2129D-01   0.2190D+00   0.0000D+00   0.6002D-01   0.2501D-02   0.9100D-02   0.8185D-02   0.5611D+00  -0.5244D-02   0.1052D+00  -0.2616D-02   0.9313D-01  -0.2129D-01
  -0.4740D-04  -0.2117D-02  -0.1176D-02  -0.4373D-02  -0.4740D-04  -0.2117D-02  -0.1176D-02  -0.4373D-02
  0.500  2.000
  -0.1663D+02   0.0000D+00  -0.2857D+02   0.0000D+00   0.0000D+00   0.0000D+00  -0.3218D+02   0.0000D+00  -0.1663D+02   0.0000D+00  -0.2857D+02   0.0000D+00
   0.1800D+00   0.0000D+00   0.3423D-01   0.0000D+00   0.3580D-01   0.0000D+00   0.7905D-01   0.0000D+00   0.1757D-01   0.0000D+00   0.0000D+00   0.0000D+00   0.1800D+00   0.0000D+00   0.3423D-01   0.0000D+00   0.3580D-01   0.0000D+00
   0.0000D+00   0.0000D+00   0.0000D+00   0.0000D+00   0.0000D+00   0.0000D+00   0.0000D+00   0.0000D+00
  -0.1572D+02   0.4577D+01  -0.3006D+02   0.2906D+01   0.2166D+01  -0.3549D+01  -0.3573D+02  -0.3395D+00  -0.1572D+02   0.4577D+01  -0.3006D+02   0.2906D+01
   0.5252D+00  -0.4706D-02   0.9852D-01  -0.2348D-02   0.8795D-01  -0.1910D-01   0.2056D+00   0.0000D+00   0.5596D-01   0.2245D-02   0.8239D-02   0.7346D-02   0.5252D+00  -0.4706D-02   0.9852D-01  -0.2348D-02   0.8795D-01  -0.1910D-01
  -0.4249D-04  -0.1900D-02  -0.1055D-02  -0.3924D-02  -0.4249D-04  -0.1900D-02  -0.1055D-02  -0.3924D-02
  1.000  0.500
  -0.2247D+02   0.0000D+00  -0.3991D+02   0.0000D+00   0.0000D+00   0.0000D+00  -0.4322D+02   0.0000D+00  -0.2247D+02   0.0000D+00  -0.3991D+02   0.0000D+00
   0.1997D+00   0.0000D+00   0.3948D-01   0.0000D+00   0.3982D-01   0.0000D+00   0.9402D-01   0.0000D+00   0.2089D-01   0.0000D+00   0.0000D+00   0.0000D+00   0.1997D+00   0.0000D+00   0.3948D-01   0.0000D+00   0.3982D-01   0.0000D+00
   0.0000D+00   0.0000D+00   0.0000D+00   0.0000D+00   0.0000D+00   0.0000D+00   0.0000D+00   0.0000D+00
  -0.1294D+02   0.8171D+01  -0.2629D+02   0.5067D+01   0.4024D+01  -0.5909D+01  -0.3364D+02  -0.5965D+00  -0.1294D+02   0.8171D+01  -0.2629D+02   0.5067D+01
   0.5605D+00  -0.6683D-02   0.1056D+00  -0.3289D-02   0.8259D-01  -0.2567D-01   0.2282D+00   0.0000D+00   0.6266D-01   0.3426D-02   0.8667D-02   0.1121D-01   0.5605D+00  -0.6683D-02   0.1056D+00  -0.3289D-02   0.8259D-01  -0.2567D-01
  -0.9362D-04  -0.2708D-02  -0.1563D-02  -0.5667D-02  -0.9362D-04  -0.2708D-02  -0.1563D-02  -0.5667D-02
  1.000  1.000
  -0.1988D+02   0.0000D+00  -0.3532D+02   0.0000D+00   0.0000D+00   0.0000D+00  -0.3826D+02   0.0000D+00  -0.1988D+02   0.0000D+00  -0.3532D+02   0.0000D+00
   0.1997D+00   0.0000D+00   0.3948D-01   0.0000D+00   0.3982D-01   0.0000D+00   0.9402D-01   0.0000D+00   0.2089D-01   0.0000D+00   0.0000D+00   0.0000D+00   0.1997D+00   0.0000D+00   0.3948D-01   0.0000D+00   0.3982D-01   0.0000D+00
   0.0000D+00   0.0000D+00   0.0000D+00   0.0000D+00   0.0000D+00   0.0000D+00   0.0000D+00   0.0000D+00
  -0.1475D+02   0.6401D+01  -0.2870D+02   0.3969D+01   0.3148D+01  -0.4629D+01  -0.3510D+02  -0.4673D+00  -0.1475D+02   0.6401D+01  -0.2870D+02   0.3969D+01
   0.5851D+00  -0.5915D-02   0.1093D+00  -0.2911D-02   0.9618D-01  -0.2272D-01   0.2284D+00   0.0000D+00   0.6262D-01   0.3033D-02   0.8145D-02   0.9925D-02   0.5851D+00  -0.5915D-02   0.1093D+00  -0.2911D-02   0.9618D-01  -0.2272D-01
  -0.8279D-04  -0.2397D-02  -0.1384D-02  -0.5016D-02  -0.8279D-04  -0.2397D-02  -0.1384D-02  -0.5016D-02
  1.000  2.000
  -0.1784D+02   0.0000D+00  -0.3170D+02   0.0000D+00   0.0000D+00   0.0000D+00  -0.3433D+02   0.0000D+00  -0.1784D+02   0.0000D+00  -0.3170D+02   0.0000D+00
   0.1997D+00   0.0000D+00   0.3948D-01   0.0000D+00   0.3982D-01   0.0000D+00   0.9402D-01   0.0000D+00   0.2089D-01   0.0000D+00   0.0000D+00   0.0000D+00   0.1997D+00   0.0000D+00   0.3948D-01   0.0000D+00   0.3982D-01   0.0000D+00
   0.0000D+00   0.0000D+00   0.0000D+00   0.0000D+00   0.0000D+00   0.0000D+00   0.0000D+00   0.0000D+00
  -0.1542D+02   0.5154D+01  -0.2944D+02   0.3196D+01   0.2535D+01  -0.3728D+01  -0.3513D+02  -0.3763D+00  -0.1542D+02   0.5154D+01  -0.2944D+02   0.3196D+01
   0.5122D+00  -0.5308D-02   0.9651D-01  -0.2612D-02   0.8066D-01  -0.2039D-01   0.2072D+00   0.0000D+00   0.5606D-01   0.2722D-02   0.7151D-02   0.8907D-02   0.5122D+00  -0.5308D-02   0.9651D-01  -0.2612D-02   0.8066D-01  -0.2039D-01
  -0.7425D-04  -0.2152D-02  -0.1242D-02  -0.4501D-02  -0.7425D-04  -0.2152D-02  -0.1242D-02  -0.4501D-02
  2.000  0.500
  -0.2436D+02   0.0000D+00  -0.4588D+02   0.0000D+00   0.0000D+00   0.0000D+00  -0.4836D+02   0.0000D+00  -0.2436D+02   0.0000D+00  -0.4588D+02   0.0000D+00
   0.2313D+00   0.0000D+00   0.4192D-01   0.0000D+00   0.4182D-01   0.0000D+00   0.1010D+00   0.0000D+00   0.2244D-01   0.0000D+00   0.0000D+00   0.0000D+00   0.2313D+00   0.0000D+00   0.4192D-01   0.0000D+00   0.4182D-01   0.0000D+00
   0.0000D+00   0.0000D+00   0.0000D+00   0.0000D+00   0.0000D+00   0.0000D+00   0.0000D+00   0.0000D+00
  -0.1212D+02   0.9189D+01  -0.2756D+02   0.5472D+01   0.4335D+01  -0.6656D+01  -0.3361D+02  -0.6288D+00  -0.1212D+02   0.9189D+01  -0.2756D+02   0.5472D+01
   0.5601D+00  -0.6975D-02   0.1005D+00  -0.3357D-02   0.7269D-01  -0.2959D-01   0.2185D+00   0.0000D+00   0.6127D-01   0.3871D-02   0.8668D-02   0.1267D-01   0.5601D+00  -0.6975D-02   0.1005D+00  -0.3357D-02   0.7269D-01  -0.2959D-01
  -0.9925D-04  -0.2888D-02  -0.1771D-02  -0.6346D-02  -0.9925D-04  -0.2888D-02  -0.1771D-02  -0.6346D-02
  2.000  1.000
  -0.2156D+02   0.0000D+00  -0.4061D+02   0.0000D+00   0.0000D+00   0.0000D+00  -0.4280D+02   0.0000D+00  -0.2156D+02   0.0000D+00  -0.4061D+02   0.0000D+00
   0.2313D+00   0.0000D+00   0.4192D-01   0.0000D+00   0.4182D-01   0.0000D+00   0.1010D+00   0.0000D+00   0.2244D-01   0.0000D+00   0.0000D+00   0.0000D+00   0.2313D+00   0.0000D+00   0.4192D-01   0.0000D+00   0.4182D-01   0.0000D+00
   0.0000D+00   0.0000D+00   0.0000D+00   0.0000D+00   0.0000D+00   0.0000D+00   0.0000D+00   0.0000D+00
  -0.1418D+02   0.7198D+01  -0.3052D+02   0.4286D+01   0.3402D+01  -0.5214D+01  -0.3576D+02  -0.4926D+00  -0.1418D+02   0.7198D+01  -0.3052D+02   0.4286D+01
   0.4626D+00  -0.6174D-02   0.8353D-01  -0.2972D-02   0.5245D-01  -0.2619D-01   0.1905D+00   0.0000D+00   0.5245D-01   0.3426D-02   0.6959D-02   0.1121D-01   0.4626D+00  -0.6174D-02   0.8353D-01  -0.2972D-02   0.5245D-01  -0.2619D-01
  -0.8777D-04  -0.2556D-02  -0.1568D-02  -0.5616D-02  -0.8777D-04  -0.2556D-02  -0.1568D-02  -0.5616D-02
  2.000  2.000
  -0.1935D+02   0.0000D+00  -0.3644D+02   0.0000D+00   0.0000D+00   0.0000D+00  -0.3841D+02   0.0000D+00  -0.1935D+02   0.0000D+00  -0.3644D+02   0.0000D+00
   0.2313D+00   0.0000D+00   0.4192D-01   0.0000D+00   0.4182D-01   0.0000D+00   0.1010D+00   0.0000D+00   0.2244D-01   0.0000D+00   0.0000D+00   0.0000D+00   0.2313D+00   0.0000D+00   0.4192D-01   0.0000D+00   0.4182D-01   0.0000D+00
   0.0000D+00   0.0000D+00   0.0000D+00   0.0000D+00   0.0000D+00   0.0000D+00   0.0000D+00   0.0000D+00
  -0.1578D+02   0.5797D+01  -0.3250D+02   0.3452D+01   0.2717D+01  -0.4199D+01  -0.3713D+02  -0.3967D+00  -0.1578D+02   0.5797D+01  -0.3250D+02   0.3452D+01
   0.6206D+00  -0.5541D-02   0.1106D+00  -0.2667D-02   0.1013D+00  -0.2350D-01   0.2268D+00   0.0000D+00   0.6295D-01   0.3074D-02   0.8600D-02   0.1006D-01   0.6206D+00  -0.5541D-02   0.1106D+00  -0.2667D-02   0.1013D+00  -0.2350D-01
  -0.7872D-04  -0.2293D-02  -0.1407D-02  -0.5040D-02  -0.7872D-04  -0.2293D-02  -0.1407D-02  -0.5040D-02
