 LHC=           1 sqrts=   8000.0000000000000      ang=           4 mode=fital                                                                                               scalescheme=           1 R=  0.69999999999999996     
 CT10nlo_rand5678                                                                                             230
 Bin information: chid, chiu, md, mu, mu0
   0.0000000000000000       0.50000000000000000        245.00000000000000        272.00000000000000        258.50000000000000     
 9 scales(muf, mur)*(LO(38), NLO(38))
  0.500  0.500
  -0.2869D+01   0.0000D+00  -0.3529D+01   0.0000D+00   0.0000D+00   0.0000D+00  -0.3363D+01   0.0000D+00  -0.2869D+01   0.0000D+00  -0.3529D+01   0.0000D+00
   0.5899D+00   0.0000D+00   0.1055D+00   0.0000D+00   0.1533D+00   0.0000D+00   0.2257D+00   0.0000D+00   0.5015D-01   0.0000D+00   0.0000D+00   0.0000D+00   0.5899D+00   0.0000D+00   0.1055D+00   0.0000D+00   0.1533D+00   0.0000D+00
   0.0000D+00   0.0000D+00   0.0000D+00   0.0000D+00   0.0000D+00   0.0000D+00   0.0000D+00   0.0000D+00
  -0.2062D+01   0.5399D+00  -0.2964D+01   0.3240D+00   0.2941D+00  -0.3614D+00  -0.3087D+01  -0.1148D-01  -0.2062D+01   0.5399D+00  -0.2964D+01   0.3240D+00
   0.6418D+00  -0.2010D-01   0.1168D+00  -0.7834D-02   0.1098D+00  -0.5873D-01   0.2435D+00   0.0000D+00   0.6200D-01   0.6569D-02  -0.1250D-02   0.2150D-01   0.6418D+00  -0.2010D-01   0.1168D+00  -0.7834D-02   0.1098D+00  -0.5873D-01
  -0.1347D-02  -0.7069D-02  -0.4362D-02  -0.1186D-01  -0.1347D-02  -0.7069D-02  -0.4362D-02  -0.1186D-01
  0.500  1.000
  -0.2610D+01   0.0000D+00  -0.3211D+01   0.0000D+00   0.0000D+00   0.0000D+00  -0.3060D+01   0.0000D+00  -0.2610D+01   0.0000D+00  -0.3211D+01   0.0000D+00
   0.5899D+00   0.0000D+00   0.1055D+00   0.0000D+00   0.1533D+00   0.0000D+00   0.2257D+00   0.0000D+00   0.5015D-01   0.0000D+00   0.0000D+00   0.0000D+00   0.5899D+00   0.0000D+00   0.1055D+00   0.0000D+00   0.1533D+00   0.0000D+00
   0.0000D+00   0.0000D+00   0.0000D+00   0.0000D+00   0.0000D+00   0.0000D+00   0.0000D+00   0.0000D+00
  -0.2169D+01   0.4470D+00  -0.3022D+01   0.2683D+00   0.2434D+00  -0.2992D+00  -0.3097D+01  -0.9500D-02  -0.2169D+01   0.4470D+00  -0.3022D+01   0.2683D+00
   0.6377D+00  -0.1829D-01   0.1159D+00  -0.7128D-02   0.1139D+00  -0.5344D-01   0.2421D+00   0.0000D+00   0.6098D-01   0.5977D-02  -0.1133D-02   0.1956D-01   0.6377D+00  -0.1829D-01   0.1159D+00  -0.7128D-02   0.1139D+00  -0.5344D-01
  -0.1225D-02  -0.6432D-02  -0.3969D-02  -0.1079D-01  -0.1225D-02  -0.6432D-02  -0.3969D-02  -0.1079D-01
  0.500  2.000
  -0.2396D+01   0.0000D+00  -0.2946D+01   0.0000D+00   0.0000D+00   0.0000D+00  -0.2808D+01   0.0000D+00  -0.2396D+01   0.0000D+00  -0.2946D+01   0.0000D+00
   0.5899D+00   0.0000D+00   0.1055D+00   0.0000D+00   0.1533D+00   0.0000D+00   0.2257D+00   0.0000D+00   0.5015D-01   0.0000D+00   0.0000D+00   0.0000D+00   0.5899D+00   0.0000D+00   0.1055D+00   0.0000D+00   0.1533D+00   0.0000D+00
   0.0000D+00   0.0000D+00   0.0000D+00   0.0000D+00   0.0000D+00   0.0000D+00   0.0000D+00   0.0000D+00
  -0.2215D+01   0.3764D+00  -0.3022D+01   0.2259D+00   0.2049D+00  -0.2520D+00  -0.3063D+01  -0.7999D-02  -0.2215D+01   0.3764D+00  -0.3022D+01   0.2259D+00
   0.6342D+00  -0.1678D-01   0.1151D+00  -0.6542D-02   0.1173D+00  -0.4904D-01   0.2409D+00   0.0000D+00   0.6012D-01   0.5486D-02  -0.1036D-02   0.1795D-01   0.6342D+00  -0.1678D-01   0.1151D+00  -0.6542D-02   0.1173D+00  -0.4904D-01
  -0.1125D-02  -0.5903D-02  -0.3642D-02  -0.9900D-02  -0.1125D-02  -0.5903D-02  -0.3642D-02  -0.9900D-02
  1.000  0.500
  -0.2778D+01   0.0000D+00  -0.3452D+01   0.0000D+00   0.0000D+00   0.0000D+00  -0.3305D+01   0.0000D+00  -0.2778D+01   0.0000D+00  -0.3452D+01   0.0000D+00
   0.5735D+00   0.0000D+00   0.1028D+00   0.0000D+00   0.1494D+00   0.0000D+00   0.2201D+00   0.0000D+00   0.4892D-01   0.0000D+00   0.0000D+00   0.0000D+00   0.5735D+00   0.0000D+00   0.1028D+00   0.0000D+00   0.1494D+00   0.0000D+00
   0.0000D+00   0.0000D+00   0.0000D+00   0.0000D+00   0.0000D+00   0.0000D+00   0.0000D+00   0.0000D+00
  -0.2067D+01   0.5312D+00  -0.2976D+01   0.3180D+00   0.2852D+00  -0.3537D+00  -0.3130D+01  -0.1094D-01  -0.2067D+01   0.5312D+00  -0.2976D+01   0.3180D+00
   0.6280D+00  -0.1956D-01   0.1144D+00  -0.7622D-02   0.1098D+00  -0.5681D-01   0.2418D+00   0.0000D+00   0.6059D-01   0.6414D-02  -0.1163D-02   0.2099D-01   0.6280D+00  -0.1956D-01   0.1144D+00  -0.7622D-02   0.1098D+00  -0.5681D-01
  -0.1317D-02  -0.6776D-02  -0.4272D-02  -0.1153D-01  -0.1317D-02  -0.6776D-02  -0.4272D-02  -0.1153D-01
  1.000  1.000
  -0.2528D+01   0.0000D+00  -0.3141D+01   0.0000D+00   0.0000D+00   0.0000D+00  -0.3008D+01   0.0000D+00  -0.2528D+01   0.0000D+00  -0.3141D+01   0.0000D+00
   0.5735D+00   0.0000D+00   0.1028D+00   0.0000D+00   0.1494D+00   0.0000D+00   0.2201D+00   0.0000D+00   0.4892D-01   0.0000D+00   0.0000D+00   0.0000D+00   0.5735D+00   0.0000D+00   0.1028D+00   0.0000D+00   0.1494D+00   0.0000D+00
   0.0000D+00   0.0000D+00   0.0000D+00   0.0000D+00   0.0000D+00   0.0000D+00   0.0000D+00   0.0000D+00
  -0.2158D+01   0.4398D+00  -0.3020D+01   0.2633D+00   0.2361D+00  -0.2929D+00  -0.3124D+01  -0.9056D-02  -0.2158D+01   0.4398D+00  -0.3020D+01   0.2633D+00
   0.6237D+00  -0.1779D-01   0.1134D+00  -0.6935D-02   0.1135D+00  -0.5169D-01   0.2400D+00   0.0000D+00   0.5957D-01   0.5837D-02  -0.1055D-02   0.1910D-01   0.6237D+00  -0.1779D-01   0.1134D+00  -0.6935D-02   0.1135D+00  -0.5169D-01
  -0.1199D-02  -0.6166D-02  -0.3887D-02  -0.1049D-01  -0.1199D-02  -0.6166D-02  -0.3887D-02  -0.1049D-01
  1.000  2.000
  -0.2319D+01   0.0000D+00  -0.2882D+01   0.0000D+00   0.0000D+00   0.0000D+00  -0.2760D+01   0.0000D+00  -0.2319D+01   0.0000D+00  -0.2882D+01   0.0000D+00
   0.5735D+00   0.0000D+00   0.1028D+00   0.0000D+00   0.1494D+00   0.0000D+00   0.2201D+00   0.0000D+00   0.4892D-01   0.0000D+00   0.0000D+00   0.0000D+00   0.5735D+00   0.0000D+00   0.1028D+00   0.0000D+00   0.1494D+00   0.0000D+00
   0.0000D+00   0.0000D+00   0.0000D+00   0.0000D+00   0.0000D+00   0.0000D+00   0.0000D+00   0.0000D+00
  -0.2193D+01   0.3704D+00  -0.3010D+01   0.2217D+00   0.1988D+00  -0.2466D+00  -0.3078D+01  -0.7626D-02  -0.2193D+01   0.3704D+00  -0.3010D+01   0.2217D+00
   0.6200D+00  -0.1633D-01   0.1126D+00  -0.6364D-02   0.1166D+00  -0.4744D-01   0.2384D+00   0.0000D+00   0.5873D-01   0.5356D-02  -0.9651D-03   0.1753D-01   0.6200D+00  -0.1633D-01   0.1126D+00  -0.6364D-02   0.1166D+00  -0.4744D-01
  -0.1100D-02  -0.5658D-02  -0.3567D-02  -0.9629D-02  -0.1100D-02  -0.5658D-02  -0.3567D-02  -0.9629D-02
  2.000  0.500
  -0.2693D+01   0.0000D+00  -0.3363D+01   0.0000D+00   0.0000D+00   0.0000D+00  -0.3211D+01   0.0000D+00  -0.2693D+01   0.0000D+00  -0.3363D+01   0.0000D+00
   0.5574D+00   0.0000D+00   0.1001D+00   0.0000D+00   0.1443D+00   0.0000D+00   0.2151D+00   0.0000D+00   0.4779D-01   0.0000D+00   0.0000D+00   0.0000D+00   0.5574D+00   0.0000D+00   0.1001D+00   0.0000D+00   0.1443D+00   0.0000D+00
   0.0000D+00   0.0000D+00   0.0000D+00   0.0000D+00   0.0000D+00   0.0000D+00   0.0000D+00   0.0000D+00
  -0.2105D+01   0.5156D+00  -0.3011D+01   0.3097D+00   0.2943D+00  -0.3445D+00  -0.3130D+01  -0.1047D-01  -0.2105D+01   0.5156D+00  -0.3011D+01   0.3097D+00
   0.6180D+00  -0.1892D-01   0.1131D+00  -0.7406D-02   0.1077D+00  -0.5527D-01   0.2402D+00   0.0000D+00   0.6031D-01   0.6268D-02  -0.1232D-02   0.2051D-01   0.6180D+00  -0.1892D-01   0.1131D+00  -0.7406D-02   0.1077D+00  -0.5527D-01
  -0.1285D-02  -0.6759D-02  -0.4196D-02  -0.1122D-01  -0.1285D-02  -0.6759D-02  -0.4196D-02  -0.1122D-01
  2.000  1.000
  -0.2450D+01   0.0000D+00  -0.3060D+01   0.0000D+00   0.0000D+00   0.0000D+00  -0.2922D+01   0.0000D+00  -0.2450D+01   0.0000D+00  -0.3060D+01   0.0000D+00
   0.5574D+00   0.0000D+00   0.1001D+00   0.0000D+00   0.1443D+00   0.0000D+00   0.2151D+00   0.0000D+00   0.4779D-01   0.0000D+00   0.0000D+00   0.0000D+00   0.5574D+00   0.0000D+00   0.1001D+00   0.0000D+00   0.1443D+00   0.0000D+00
   0.0000D+00   0.0000D+00   0.0000D+00   0.0000D+00   0.0000D+00   0.0000D+00   0.0000D+00   0.0000D+00
  -0.2177D+01   0.4269D+00  -0.3035D+01   0.2564D+00   0.2436D+00  -0.2852D+00  -0.3108D+01  -0.8663D-02  -0.2177D+01   0.4269D+00  -0.3035D+01   0.2564D+00
   0.6137D+00  -0.1722D-01   0.1121D+00  -0.6738D-02   0.1113D+00  -0.5030D-01   0.2382D+00   0.0000D+00   0.5926D-01   0.5703D-02  -0.1118D-02   0.1867D-01   0.6137D+00  -0.1722D-01   0.1121D+00  -0.6738D-02   0.1113D+00  -0.5030D-01
  -0.1169D-02  -0.6150D-02  -0.3818D-02  -0.1021D-01  -0.1169D-02  -0.6150D-02  -0.3818D-02  -0.1021D-01
  2.000  2.000
  -0.2249D+01   0.0000D+00  -0.2808D+01   0.0000D+00   0.0000D+00   0.0000D+00  -0.2682D+01   0.0000D+00  -0.2249D+01   0.0000D+00  -0.2808D+01   0.0000D+00
   0.5574D+00   0.0000D+00   0.1001D+00   0.0000D+00   0.1443D+00   0.0000D+00   0.2151D+00   0.0000D+00   0.4779D-01   0.0000D+00   0.0000D+00   0.0000D+00   0.5574D+00   0.0000D+00   0.1001D+00   0.0000D+00   0.1443D+00   0.0000D+00
   0.0000D+00   0.0000D+00   0.0000D+00   0.0000D+00   0.0000D+00   0.0000D+00   0.0000D+00   0.0000D+00
  -0.2198D+01   0.3595D+00  -0.3010D+01   0.2159D+00   0.2051D+00  -0.2402D+00  -0.3052D+01  -0.7295D-02  -0.2198D+01   0.3595D+00  -0.3010D+01   0.2159D+00
   0.6094D+00  -0.1580D-01   0.1112D+00  -0.6184D-02   0.1141D+00  -0.4616D-01   0.2364D+00   0.0000D+00   0.5834D-01   0.5234D-02  -0.1023D-02   0.1713D-01   0.6094D+00  -0.1580D-01   0.1112D+00  -0.6184D-02   0.1141D+00  -0.4616D-01
  -0.1073D-02  -0.5644D-02  -0.3504D-02  -0.9366D-02  -0.1073D-02  -0.5644D-02  -0.3504D-02  -0.9366D-02
