 LHC=           1 sqrts=   8000.0000000000000      ang=           4 mode=fital                                                                                               scalescheme=           1 R=  0.69999999999999996     
 CT10nlo_rand5678                                                                                             230
 Bin information: chid, chiu, md, mu, mu0
   0.0000000000000000       0.50000000000000000        3250.0000000000000        3500.0000000000000        3375.0000000000000     
 9 scales(muf, mur)*(LO(38), NLO(38))
  0.500  0.500
  -0.3295D-07   0.0000D+00  -0.4562D-07   0.0000D+00   0.0000D+00   0.0000D+00  -0.2542D-07   0.0000D+00  -0.3295D-07   0.0000D+00  -0.4562D-07   0.0000D+00
   0.1409D-05   0.0000D+00   0.2531D-06   0.0000D+00   0.3606D-06   0.0000D+00   0.3232D-06   0.0000D+00   0.7182D-07   0.0000D+00   0.0000D+00   0.0000D+00   0.1409D-05   0.0000D+00   0.2531D-06   0.0000D+00   0.3606D-06   0.0000D+00
   0.0000D+00   0.0000D+00   0.0000D+00   0.0000D+00   0.0000D+00   0.0000D+00   0.0000D+00   0.0000D+00
  -0.3534D-07   0.4823D-08  -0.4876D-07   0.2276D-08   0.1852D-08  -0.1996D-08  -0.2625D-07   0.7715D-09  -0.3534D-07   0.4823D-08  -0.4876D-07   0.2276D-08
   0.1316D-05  -0.3463D-07   0.2386D-06  -0.1367D-07   0.2533D-06  -0.1031D-06   0.3063D-06   0.0000D+00   0.7469D-07   0.6894D-08  -0.4426D-09   0.2256D-07   0.1316D-05  -0.3463D-07   0.2386D-06  -0.1367D-07   0.2533D-06  -0.1031D-06
  -0.3847D-08  -0.1039D-07  -0.8479D-08  -0.1689D-07  -0.3847D-08  -0.1039D-07  -0.8479D-08  -0.1689D-07
  0.500  1.000
  -0.3074D-07   0.0000D+00  -0.4257D-07   0.0000D+00   0.0000D+00   0.0000D+00  -0.2372D-07   0.0000D+00  -0.3074D-07   0.0000D+00  -0.4257D-07   0.0000D+00
   0.1409D-05   0.0000D+00   0.2531D-06   0.0000D+00   0.3606D-06   0.0000D+00   0.3232D-06   0.0000D+00   0.7182D-07   0.0000D+00   0.0000D+00   0.0000D+00   0.1409D-05   0.0000D+00   0.2531D-06   0.0000D+00   0.3606D-06   0.0000D+00
   0.0000D+00   0.0000D+00   0.0000D+00   0.0000D+00   0.0000D+00   0.0000D+00   0.0000D+00   0.0000D+00
  -0.3482D-07   0.4199D-08  -0.4806D-07   0.1981D-08   0.1612D-08  -0.1738D-08  -0.2598D-07   0.6716D-09  -0.3482D-07   0.4199D-08  -0.4806D-07   0.1981D-08
   0.1322D-05  -0.3231D-07   0.2396D-06  -0.1275D-07   0.2605D-06  -0.9620D-07   0.3074D-06   0.0000D+00   0.7450D-07   0.6433D-08  -0.4129D-09   0.2105D-07   0.1322D-05  -0.3231D-07   0.2396D-06  -0.1275D-07   0.2605D-06  -0.9620D-07
  -0.3589D-08  -0.9693D-08  -0.7911D-08  -0.1575D-07  -0.3589D-08  -0.9693D-08  -0.7911D-08  -0.1575D-07
  0.500  2.000
  -0.2881D-07   0.0000D+00  -0.3990D-07   0.0000D+00   0.0000D+00   0.0000D+00  -0.2223D-07   0.0000D+00  -0.2881D-07   0.0000D+00  -0.3990D-07   0.0000D+00
   0.1409D-05   0.0000D+00   0.2531D-06   0.0000D+00   0.3606D-06   0.0000D+00   0.3232D-06   0.0000D+00   0.7182D-07   0.0000D+00   0.0000D+00   0.0000D+00   0.1409D-05   0.0000D+00   0.2531D-06   0.0000D+00   0.3606D-06   0.0000D+00
   0.0000D+00   0.0000D+00   0.0000D+00   0.0000D+00   0.0000D+00   0.0000D+00   0.0000D+00   0.0000D+00
  -0.3415D-07   0.3689D-08  -0.4715D-07   0.1741D-08   0.1417D-08  -0.1527D-08  -0.2557D-07   0.5901D-09  -0.3415D-07   0.3689D-08  -0.4715D-07   0.1741D-08
   0.1327D-05  -0.3029D-07   0.2404D-06  -0.1195D-07   0.2668D-06  -0.9017D-07   0.3084D-06   0.0000D+00   0.7433D-07   0.6030D-08  -0.3870D-09   0.1973D-07   0.1327D-05  -0.3029D-07   0.2404D-06  -0.1195D-07   0.2668D-06  -0.9017D-07
  -0.3364D-08  -0.9086D-08  -0.7416D-08  -0.1477D-07  -0.3364D-08  -0.9086D-08  -0.7416D-08  -0.1477D-07
  1.000  0.500
  -0.2480D-07   0.0000D+00  -0.3458D-07   0.0000D+00   0.0000D+00   0.0000D+00  -0.1942D-07   0.0000D+00  -0.2480D-07   0.0000D+00  -0.3458D-07   0.0000D+00
   0.1068D-05   0.0000D+00   0.1919D-06   0.0000D+00   0.2718D-06   0.0000D+00   0.2476D-06   0.0000D+00   0.5502D-07   0.0000D+00   0.0000D+00   0.0000D+00   0.1068D-05   0.0000D+00   0.1919D-06   0.0000D+00   0.2718D-06   0.0000D+00
   0.0000D+00   0.0000D+00   0.0000D+00   0.0000D+00   0.0000D+00   0.0000D+00   0.0000D+00   0.0000D+00
  -0.3364D-07   0.3657D-08  -0.4658D-07   0.1728D-08   0.1451D-08  -0.1525D-08  -0.2530D-07   0.5763D-09  -0.3364D-07   0.3657D-08  -0.4658D-07   0.1728D-08
   0.1294D-05  -0.2610D-07   0.2342D-06  -0.1033D-07   0.2674D-06  -0.7814D-07   0.3009D-06   0.0000D+00   0.7196D-07   0.5282D-08  -0.2148D-09   0.1729D-07   0.1294D-05  -0.2610D-07   0.2342D-06  -0.1033D-07   0.2674D-06  -0.7814D-07
  -0.2895D-08  -0.7860D-08  -0.6450D-08  -0.1287D-07  -0.2895D-08  -0.7860D-08  -0.6450D-08  -0.1287D-07
  1.000  1.000
  -0.2314D-07   0.0000D+00  -0.3226D-07   0.0000D+00   0.0000D+00   0.0000D+00  -0.1812D-07   0.0000D+00  -0.2314D-07   0.0000D+00  -0.3226D-07   0.0000D+00
   0.1068D-05   0.0000D+00   0.1919D-06   0.0000D+00   0.2718D-06   0.0000D+00   0.2476D-06   0.0000D+00   0.5502D-07   0.0000D+00   0.0000D+00   0.0000D+00   0.1068D-05   0.0000D+00   0.1919D-06   0.0000D+00   0.2718D-06   0.0000D+00
   0.0000D+00   0.0000D+00   0.0000D+00   0.0000D+00   0.0000D+00   0.0000D+00   0.0000D+00   0.0000D+00
  -0.3233D-07   0.3184D-08  -0.4481D-07   0.1504D-08   0.1263D-08  -0.1328D-08  -0.2442D-07   0.5016D-09  -0.3233D-07   0.3184D-08  -0.4481D-07   0.1504D-08
   0.1279D-05  -0.2435D-07   0.2314D-06  -0.9636D-08   0.2677D-06  -0.7291D-07   0.2973D-06   0.0000D+00   0.7082D-07   0.4928D-08  -0.2003D-09   0.1613D-07   0.1279D-05  -0.2435D-07   0.2314D-06  -0.9636D-08   0.2677D-06  -0.7291D-07
  -0.2701D-08  -0.7333D-08  -0.6018D-08  -0.1201D-07  -0.2701D-08  -0.7333D-08  -0.6018D-08  -0.1201D-07
  1.000  2.000
  -0.2169D-07   0.0000D+00  -0.3024D-07   0.0000D+00   0.0000D+00   0.0000D+00  -0.1698D-07   0.0000D+00  -0.2169D-07   0.0000D+00  -0.3024D-07   0.0000D+00
   0.1068D-05   0.0000D+00   0.1919D-06   0.0000D+00   0.2718D-06   0.0000D+00   0.2476D-06   0.0000D+00   0.5502D-07   0.0000D+00   0.0000D+00   0.0000D+00   0.1068D-05   0.0000D+00   0.1919D-06   0.0000D+00   0.2718D-06   0.0000D+00
   0.0000D+00   0.0000D+00   0.0000D+00   0.0000D+00   0.0000D+00   0.0000D+00   0.0000D+00   0.0000D+00
  -0.3109D-07   0.2797D-08  -0.4310D-07   0.1321D-08   0.1110D-08  -0.1167D-08  -0.2355D-07   0.4407D-09  -0.3109D-07   0.2797D-08  -0.4310D-07   0.1321D-08
   0.1266D-05  -0.2282D-07   0.2289D-06  -0.9033D-08   0.2679D-06  -0.6834D-07   0.2942D-06   0.0000D+00   0.6984D-07   0.4619D-08  -0.1878D-09   0.1512D-07   0.1266D-05  -0.2282D-07   0.2289D-06  -0.9033D-08   0.2679D-06  -0.6834D-07
  -0.2532D-08  -0.6874D-08  -0.5641D-08  -0.1125D-07  -0.2532D-08  -0.6874D-08  -0.5641D-08  -0.1125D-07
  2.000  0.500
  -0.1903D-07   0.0000D+00  -0.2666D-07   0.0000D+00   0.0000D+00   0.0000D+00  -0.1509D-07   0.0000D+00  -0.1903D-07   0.0000D+00  -0.2666D-07   0.0000D+00
   0.8240D-06   0.0000D+00   0.1482D-06   0.0000D+00   0.2087D-06   0.0000D+00   0.1929D-06   0.0000D+00   0.4286D-07   0.0000D+00   0.0000D+00   0.0000D+00   0.8240D-06   0.0000D+00   0.1482D-06   0.0000D+00   0.2087D-06   0.0000D+00
   0.0000D+00   0.0000D+00   0.0000D+00   0.0000D+00   0.0000D+00   0.0000D+00   0.0000D+00   0.0000D+00
  -0.3122D-07   0.2823D-08  -0.4335D-07   0.1336D-08   0.1107D-08  -0.1185D-08  -0.2381D-07   0.4390D-09  -0.3122D-07   0.2823D-08  -0.4335D-07   0.1336D-08
   0.1229D-05  -0.2004D-07   0.2222D-06  -0.7961D-08   0.2642D-06  -0.6024D-07   0.2865D-06   0.0000D+00   0.6759D-07   0.4115D-08  -0.2012D-09   0.1347D-07   0.1229D-05  -0.2004D-07   0.2222D-06  -0.7961D-08   0.2642D-06  -0.6024D-07
  -0.2222D-08  -0.6053D-08  -0.4989D-08  -0.9964D-08  -0.2222D-08  -0.6053D-08  -0.4989D-08  -0.9964D-08
  2.000  1.000
  -0.1776D-07   0.0000D+00  -0.2488D-07   0.0000D+00   0.0000D+00   0.0000D+00  -0.1408D-07   0.0000D+00  -0.1776D-07   0.0000D+00  -0.2488D-07   0.0000D+00
   0.8240D-06   0.0000D+00   0.1482D-06   0.0000D+00   0.2087D-06   0.0000D+00   0.1929D-06   0.0000D+00   0.4286D-07   0.0000D+00   0.0000D+00   0.0000D+00   0.8240D-06   0.0000D+00   0.1482D-06   0.0000D+00   0.2087D-06   0.0000D+00
   0.0000D+00   0.0000D+00   0.0000D+00   0.0000D+00   0.0000D+00   0.0000D+00   0.0000D+00   0.0000D+00
  -0.2952D-07   0.2457D-08  -0.4102D-07   0.1163D-08   0.9639D-09  -0.1032D-08  -0.2258D-07   0.3822D-09  -0.2952D-07   0.2457D-08  -0.4102D-07   0.1163D-08
   0.1202D-05  -0.1870D-07   0.2173D-06  -0.7427D-08   0.2605D-06  -0.5621D-07   0.2802D-06   0.0000D+00   0.6593D-07   0.3839D-08  -0.1877D-09   0.1256D-07   0.1202D-05  -0.1870D-07   0.2173D-06  -0.7427D-08   0.2605D-06  -0.5621D-07
  -0.2073D-08  -0.5648D-08  -0.4655D-08  -0.9297D-08  -0.2073D-08  -0.5648D-08  -0.4655D-08  -0.9297D-08
  2.000  2.000
  -0.1664D-07   0.0000D+00  -0.2332D-07   0.0000D+00   0.0000D+00   0.0000D+00  -0.1319D-07   0.0000D+00  -0.1664D-07   0.0000D+00  -0.2332D-07   0.0000D+00
   0.8240D-06   0.0000D+00   0.1482D-06   0.0000D+00   0.2087D-06   0.0000D+00   0.1929D-06   0.0000D+00   0.4286D-07   0.0000D+00   0.0000D+00   0.0000D+00   0.8240D-06   0.0000D+00   0.1482D-06   0.0000D+00   0.2087D-06   0.0000D+00
   0.0000D+00   0.0000D+00   0.0000D+00   0.0000D+00   0.0000D+00   0.0000D+00   0.0000D+00   0.0000D+00
  -0.2799D-07   0.2159D-08  -0.3892D-07   0.1021D-08   0.8469D-09  -0.9066D-09  -0.2147D-07   0.3358D-09  -0.2799D-07   0.2159D-08  -0.3892D-07   0.1021D-08
   0.1179D-05  -0.1752D-07   0.2130D-06  -0.6962D-08   0.2573D-06  -0.5269D-07   0.2748D-06   0.0000D+00   0.6449D-07   0.3599D-08  -0.1759D-09   0.1178D-07   0.1179D-05  -0.1752D-07   0.2130D-06  -0.6962D-08   0.2573D-06  -0.5269D-07
  -0.1943D-08  -0.5294D-08  -0.4363D-08  -0.8714D-08  -0.1943D-08  -0.5294D-08  -0.4363D-08  -0.8714D-08
