 LHC=           1 sqrts=   8000.0000000000000      ang=           4 mode=fital                                                                                               scalescheme=           1 R=  0.69999999999999996     
 CT10nlo_rand5678                                                                                             393
 Bin information: chid, chiu, md, mu, mu0
   0.0000000000000000       0.50000000000000000        430.00000000000000        468.00000000000000        449.00000000000000     
 9 scales(muf, mur)*(LO(38), NLO(38))
  0.500  0.500
  -0.1127D+01   0.0000D+00  -0.1131D+01   0.0000D+00   0.0000D+00   0.0000D+00  -0.9352D+00   0.0000D+00  -0.1127D+01   0.0000D+00  -0.1131D+01   0.0000D+00
   0.6243D+00   0.0000D+00   0.1068D+00   0.0000D+00   0.1898D+00   0.0000D+00   0.1973D+00   0.0000D+00   0.4384D-01   0.0000D+00   0.0000D+00   0.0000D+00   0.6243D+00   0.0000D+00   0.1068D+00   0.0000D+00   0.1898D+00   0.0000D+00
   0.0000D+00   0.0000D+00   0.0000D+00   0.0000D+00   0.0000D+00   0.0000D+00   0.0000D+00   0.0000D+00
  -0.8319D+00   0.1584D+00  -0.9725D+00   0.9375D-01   0.9686D-01  -0.9279D-01  -0.8582D+00   0.6061D-02  -0.8319D+00   0.1584D+00  -0.9725D+00   0.9375D-01
   0.5608D+00  -0.2302D-01   0.9913D-01  -0.8126D-02   0.1105D+00  -0.5707D-01   0.1864D+00   0.0000D+00   0.4673D-01   0.5318D-02  -0.2827D-02   0.1741D-01   0.5608D+00  -0.2302D-01   0.9913D-01  -0.8126D-02   0.1105D+00  -0.5707D-01
  -0.1930D-02  -0.7215D-02  -0.4228D-02  -0.1039D-01  -0.1930D-02  -0.7215D-02  -0.4228D-02  -0.1039D-01
  0.500  1.000
  -0.1032D+01   0.0000D+00  -0.1036D+01   0.0000D+00   0.0000D+00   0.0000D+00  -0.8568D+00   0.0000D+00  -0.1032D+01   0.0000D+00  -0.1036D+01   0.0000D+00
   0.6243D+00   0.0000D+00   0.1068D+00   0.0000D+00   0.1898D+00   0.0000D+00   0.1973D+00   0.0000D+00   0.4384D-01   0.0000D+00   0.0000D+00   0.0000D+00   0.6243D+00   0.0000D+00   0.1068D+00   0.0000D+00   0.1898D+00   0.0000D+00
   0.0000D+00   0.0000D+00   0.0000D+00   0.0000D+00   0.0000D+00   0.0000D+00   0.0000D+00   0.0000D+00
  -0.8683D+00   0.1330D+00  -0.9869D+00   0.7870D-01   0.8131D-01  -0.7789D-01  -0.8616D+00   0.5088D-02  -0.8683D+00   0.1330D+00  -0.9869D+00   0.7870D-01
   0.5664D+00  -0.2109D-01   0.9982D-01  -0.7445D-02   0.1172D+00  -0.5229D-01   0.1873D+00   0.0000D+00   0.4650D-01   0.4873D-02  -0.2590D-02   0.1595D-01   0.5664D+00  -0.2109D-01   0.9982D-01  -0.7445D-02   0.1172D+00  -0.5229D-01
  -0.1768D-02  -0.6610D-02  -0.3874D-02  -0.9523D-02  -0.1768D-02  -0.6610D-02  -0.3874D-02  -0.9523D-02
  0.500  2.000
  -0.9526D+00   0.0000D+00  -0.9560D+00   0.0000D+00   0.0000D+00   0.0000D+00  -0.7908D+00   0.0000D+00  -0.9526D+00   0.0000D+00  -0.9560D+00   0.0000D+00
   0.6243D+00   0.0000D+00   0.1068D+00   0.0000D+00   0.1898D+00   0.0000D+00   0.1973D+00   0.0000D+00   0.4384D-01   0.0000D+00   0.0000D+00   0.0000D+00   0.6243D+00   0.0000D+00   0.1068D+00   0.0000D+00   0.1898D+00   0.0000D+00
   0.0000D+00   0.0000D+00   0.0000D+00   0.0000D+00   0.0000D+00   0.0000D+00   0.0000D+00   0.0000D+00
  -0.8841D+00   0.1133D+00  -0.9857D+00   0.6704D-01   0.6926D-01  -0.6635D-01  -0.8538D+00   0.4334D-02  -0.8841D+00   0.1133D+00  -0.9857D+00   0.6704D-01
   0.5710D+00  -0.1947D-01   0.1004D+00  -0.6872D-02   0.1229D+00  -0.4826D-01   0.1881D+00   0.0000D+00   0.4631D-01   0.4497D-02  -0.2390D-02   0.1472D-01   0.5710D+00  -0.1947D-01   0.1004D+00  -0.6872D-02   0.1229D+00  -0.4826D-01
  -0.1632D-02  -0.6101D-02  -0.3575D-02  -0.8789D-02  -0.1632D-02  -0.6101D-02  -0.3575D-02  -0.8789D-02
  1.000  0.500
  -0.1061D+01   0.0000D+00  -0.1068D+01   0.0000D+00   0.0000D+00   0.0000D+00  -0.8791D+00   0.0000D+00  -0.1061D+01   0.0000D+00  -0.1068D+01   0.0000D+00
   0.5853D+00   0.0000D+00   0.1005D+00   0.0000D+00   0.1782D+00   0.0000D+00   0.1850D+00   0.0000D+00   0.4111D-01   0.0000D+00   0.0000D+00   0.0000D+00   0.5853D+00   0.0000D+00   0.1005D+00   0.0000D+00   0.1782D+00   0.0000D+00
   0.0000D+00   0.0000D+00   0.0000D+00   0.0000D+00   0.0000D+00   0.0000D+00   0.0000D+00   0.0000D+00
  -0.8514D+00   0.1495D+00  -0.9792D+00   0.8801D-01   0.9069D-01  -0.8730D-01  -0.8596D+00   0.5820D-02  -0.8514D+00   0.1495D+00  -0.9792D+00   0.8801D-01
   0.5552D+00  -0.2161D-01   0.9806D-01  -0.7644D-02   0.1139D+00  -0.5365D-01   0.1857D+00   0.0000D+00   0.4623D-01   0.4988D-02  -0.2657D-02   0.1633D-01   0.5552D+00  -0.2161D-01   0.9806D-01  -0.7644D-02   0.1139D+00  -0.5365D-01
  -0.1821D-02  -0.6837D-02  -0.3993D-02  -0.9746D-02  -0.1821D-02  -0.6837D-02  -0.3993D-02  -0.9746D-02
  1.000  1.000
  -0.9721D+00   0.0000D+00  -0.9788D+00   0.0000D+00   0.0000D+00   0.0000D+00  -0.8054D+00   0.0000D+00  -0.9721D+00   0.0000D+00  -0.9788D+00   0.0000D+00
   0.5853D+00   0.0000D+00   0.1005D+00   0.0000D+00   0.1782D+00   0.0000D+00   0.1850D+00   0.0000D+00   0.4111D-01   0.0000D+00   0.0000D+00   0.0000D+00   0.5853D+00   0.0000D+00   0.1005D+00   0.0000D+00   0.1782D+00   0.0000D+00
   0.0000D+00   0.0000D+00   0.0000D+00   0.0000D+00   0.0000D+00   0.0000D+00   0.0000D+00   0.0000D+00
  -0.8748D+00   0.1255D+00  -0.9833D+00   0.7388D-01   0.7613D-01  -0.7328D-01  -0.8542D+00   0.4886D-02  -0.8748D+00   0.1255D+00  -0.9833D+00   0.7388D-01
   0.5580D+00  -0.1980D-01   0.9830D-01  -0.7004D-02   0.1193D+00  -0.4916D-01   0.1857D+00   0.0000D+00   0.4581D-01   0.4571D-02  -0.2434D-02   0.1496D-01   0.5580D+00  -0.1980D-01   0.9830D-01  -0.7004D-02   0.1193D+00  -0.4916D-01
  -0.1668D-02  -0.6264D-02  -0.3659D-02  -0.8930D-02  -0.1668D-02  -0.6264D-02  -0.3659D-02  -0.8930D-02
  1.000  2.000
  -0.8971D+00   0.0000D+00  -0.9034D+00   0.0000D+00   0.0000D+00   0.0000D+00  -0.7433D+00   0.0000D+00  -0.8971D+00   0.0000D+00  -0.9034D+00   0.0000D+00
   0.5853D+00   0.0000D+00   0.1005D+00   0.0000D+00   0.1782D+00   0.0000D+00   0.1850D+00   0.0000D+00   0.4111D-01   0.0000D+00   0.0000D+00   0.0000D+00   0.5853D+00   0.0000D+00   0.1005D+00   0.0000D+00   0.1782D+00   0.0000D+00
   0.0000D+00   0.0000D+00   0.0000D+00   0.0000D+00   0.0000D+00   0.0000D+00   0.0000D+00   0.0000D+00
  -0.8813D+00   0.1069D+00  -0.9746D+00   0.6293D-01   0.6485D-01  -0.6242D-01  -0.8403D+00   0.4162D-02  -0.8813D+00   0.1069D+00  -0.9746D+00   0.6293D-01
   0.5602D+00  -0.1827D-01   0.9850D-01  -0.6464D-02   0.1239D+00  -0.4537D-01   0.1857D+00   0.0000D+00   0.4546D-01   0.4218D-02  -0.2247D-02   0.1381D-01   0.5602D+00  -0.1827D-01   0.9850D-01  -0.6464D-02   0.1239D+00  -0.4537D-01
  -0.1540D-02  -0.5781D-02  -0.3377D-02  -0.8242D-02  -0.1540D-02  -0.5781D-02  -0.3377D-02  -0.8242D-02
  2.000  0.500
  -0.9984D+00   0.0000D+00  -0.1011D+01   0.0000D+00   0.0000D+00   0.0000D+00  -0.8293D+00   0.0000D+00  -0.9984D+00   0.0000D+00  -0.1011D+01   0.0000D+00
   0.5517D+00   0.0000D+00   0.9480D-01   0.0000D+00   0.1679D+00   0.0000D+00   0.1742D+00   0.0000D+00   0.3872D-01   0.0000D+00   0.0000D+00   0.0000D+00   0.5517D+00   0.0000D+00   0.9480D-01   0.0000D+00   0.1679D+00   0.0000D+00
   0.0000D+00   0.0000D+00   0.0000D+00   0.0000D+00   0.0000D+00   0.0000D+00   0.0000D+00   0.0000D+00
  -0.8620D+00   0.1419D+00  -0.9936D+00   0.8331D-01   0.8690D-01  -0.8232D-01  -0.8638D+00   0.5606D-02  -0.8620D+00   0.1419D+00  -0.9936D+00   0.8331D-01
   0.5564D+00  -0.2036D-01   0.9835D-01  -0.7183D-02   0.1166D+00  -0.5038D-01   0.1848D+00   0.0000D+00   0.4596D-01   0.4697D-02  -0.2387D-02   0.1537D-01   0.5564D+00  -0.2036D-01   0.9835D-01  -0.7183D-02   0.1166D+00  -0.5038D-01
  -0.1726D-02  -0.6370D-02  -0.3780D-02  -0.9204D-02  -0.1726D-02  -0.6370D-02  -0.3780D-02  -0.9204D-02
  2.000  1.000
  -0.9148D+00   0.0000D+00  -0.9259D+00   0.0000D+00   0.0000D+00   0.0000D+00  -0.7598D+00   0.0000D+00  -0.9148D+00   0.0000D+00  -0.9259D+00   0.0000D+00
   0.5517D+00   0.0000D+00   0.9480D-01   0.0000D+00   0.1679D+00   0.0000D+00   0.1742D+00   0.0000D+00   0.3872D-01   0.0000D+00   0.0000D+00   0.0000D+00   0.5517D+00   0.0000D+00   0.9480D-01   0.0000D+00   0.1679D+00   0.0000D+00
   0.0000D+00   0.0000D+00   0.0000D+00   0.0000D+00   0.0000D+00   0.0000D+00   0.0000D+00   0.0000D+00
  -0.8742D+00   0.1191D+00  -0.9866D+00   0.6994D-01   0.7295D-01  -0.6911D-01  -0.8502D+00   0.4706D-02  -0.8742D+00   0.1191D+00  -0.9866D+00   0.6994D-01
   0.5562D+00  -0.1866D-01   0.9809D-01  -0.6581D-02   0.1210D+00  -0.4616D-01   0.1839D+00   0.0000D+00   0.4537D-01   0.4303D-02  -0.2187D-02   0.1408D-01   0.5562D+00  -0.1866D-01   0.9809D-01  -0.6581D-02   0.1210D+00  -0.4616D-01
  -0.1581D-02  -0.5836D-02  -0.3463D-02  -0.8433D-02  -0.1581D-02  -0.5836D-02  -0.3463D-02  -0.8433D-02
  2.000  2.000
  -0.8443D+00   0.0000D+00  -0.8546D+00   0.0000D+00   0.0000D+00   0.0000D+00  -0.7012D+00   0.0000D+00  -0.8443D+00   0.0000D+00  -0.8546D+00   0.0000D+00
   0.5517D+00   0.0000D+00   0.9480D-01   0.0000D+00   0.1679D+00   0.0000D+00   0.1742D+00   0.0000D+00   0.3872D-01   0.0000D+00   0.0000D+00   0.0000D+00   0.5517D+00   0.0000D+00   0.9480D-01   0.0000D+00   0.1679D+00   0.0000D+00
   0.0000D+00   0.0000D+00   0.0000D+00   0.0000D+00   0.0000D+00   0.0000D+00   0.0000D+00   0.0000D+00
  -0.8727D+00   0.1015D+00  -0.9700D+00   0.5957D-01   0.6213D-01  -0.5887D-01  -0.8306D+00   0.4009D-02  -0.8727D+00   0.1015D+00  -0.9700D+00   0.5957D-01
   0.5560D+00  -0.1722D-01   0.9786D-01  -0.6074D-02   0.1246D+00  -0.4261D-01   0.1832D+00   0.0000D+00   0.4487D-01   0.3972D-02  -0.2018D-02   0.1300D-01   0.5560D+00  -0.1722D-01   0.9786D-01  -0.6074D-02   0.1246D+00  -0.4261D-01
  -0.1459D-02  -0.5386D-02  -0.3196D-02  -0.7784D-02  -0.1459D-02  -0.5386D-02  -0.3196D-02  -0.7784D-02
