 LHC=           1 sqrts=   8000.0000000000000      ang=           4 mode=fital                                                                                               scalescheme=           1 R=  0.69999999999999996     
 CT10nlo_rand5678                                                                                             360
 Bin information: chid, chiu, md, mu, mu0
   0.0000000000000000       0.50000000000000000        1497.0000000000000        1588.0000000000000        1542.5000000000000     
 9 scales(muf, mur)*(LO(38), NLO(38))
  0.500  0.500
  -0.1595D-01   0.0000D+00  -0.1056D-01   0.0000D+00   0.0000D+00   0.0000D+00  -0.4364D-02   0.0000D+00  -0.1595D-01   0.0000D+00  -0.1056D-01   0.0000D+00
   0.7814D-01   0.0000D+00   0.1167D-01   0.0000D+00   0.3416D-01   0.0000D+00   0.1048D-01   0.0000D+00   0.2330D-02   0.0000D+00   0.0000D+00   0.0000D+00   0.7814D-01   0.0000D+00   0.1167D-01   0.0000D+00   0.3416D-01   0.0000D+00
   0.0000D+00   0.0000D+00   0.0000D+00   0.0000D+00   0.0000D+00   0.0000D+00   0.0000D+00   0.0000D+00
  -0.1357D-01   0.1185D-02  -0.9460D-02   0.6625D-03   0.4976D-03  -0.3725D-03  -0.3790D-02   0.2732D-03  -0.1357D-01   0.1185D-02  -0.9460D-02   0.6625D-03
   0.5793D-01  -0.3565D-02   0.8866D-02  -0.1017D-02   0.2004D-01  -0.5944D-02   0.8723D-02   0.0000D+00   0.2143D-02   0.2429D-03  -0.5799D-03   0.7949D-03   0.5793D-01  -0.3565D-02   0.8866D-02  -0.1017D-02   0.2004D-01  -0.5944D-02
  -0.3787D-03  -0.8991D-03  -0.3640D-03  -0.7597D-03  -0.3787D-03  -0.8991D-03  -0.3640D-03  -0.7597D-03
  0.500  1.000
  -0.1479D-01   0.0000D+00  -0.9789D-02   0.0000D+00   0.0000D+00   0.0000D+00  -0.4047D-02   0.0000D+00  -0.1479D-01   0.0000D+00  -0.9789D-02   0.0000D+00
   0.7814D-01   0.0000D+00   0.1167D-01   0.0000D+00   0.3416D-01   0.0000D+00   0.1048D-01   0.0000D+00   0.2330D-02   0.0000D+00   0.0000D+00   0.0000D+00   0.7814D-01   0.0000D+00   0.1167D-01   0.0000D+00   0.3416D-01   0.0000D+00
   0.0000D+00   0.0000D+00   0.0000D+00   0.0000D+00   0.0000D+00   0.0000D+00   0.0000D+00   0.0000D+00
  -0.1379D-01   0.1019D-02  -0.9536D-02   0.5698D-03   0.4280D-03  -0.3204D-03  -0.3838D-02   0.2350D-03  -0.1379D-01   0.1019D-02  -0.9536D-02   0.5698D-03
   0.5940D-01  -0.3306D-02   0.9070D-02  -0.9434D-03   0.2107D-01  -0.5513D-02   0.8852D-02   0.0000D+00   0.2157D-02   0.2253D-03  -0.5379D-03   0.7372D-03   0.5940D-01  -0.3306D-02   0.9070D-02  -0.9434D-03   0.2107D-01  -0.5513D-02
  -0.3512D-03  -0.8338D-03  -0.3375D-03  -0.7046D-03  -0.3512D-03  -0.8338D-03  -0.3375D-03  -0.7046D-03
  0.500  2.000
  -0.1379D-01   0.0000D+00  -0.9129D-02   0.0000D+00   0.0000D+00   0.0000D+00  -0.3774D-02   0.0000D+00  -0.1379D-01   0.0000D+00  -0.9129D-02   0.0000D+00
   0.7814D-01   0.0000D+00   0.1167D-01   0.0000D+00   0.3416D-01   0.0000D+00   0.1048D-01   0.0000D+00   0.2330D-02   0.0000D+00   0.0000D+00   0.0000D+00   0.7814D-01   0.0000D+00   0.1167D-01   0.0000D+00   0.3416D-01   0.0000D+00
   0.0000D+00   0.0000D+00   0.0000D+00   0.0000D+00   0.0000D+00   0.0000D+00   0.0000D+00   0.0000D+00
  -0.1382D-01   0.8864D-03  -0.9506D-02   0.4955D-03   0.3722D-03  -0.2786D-03  -0.3839D-02   0.2043D-03  -0.1382D-01   0.8864D-03  -0.9506D-02   0.4955D-03
   0.6067D-01  -0.3083D-02   0.9246D-02  -0.8798D-03   0.2196D-01  -0.5140D-02   0.8963D-02   0.0000D+00   0.2169D-02   0.2101D-03  -0.5016D-03   0.6874D-03   0.6067D-01  -0.3083D-02   0.9246D-02  -0.8798D-03   0.2196D-01  -0.5140D-02
  -0.3275D-03  -0.7776D-03  -0.3148D-03  -0.6570D-03  -0.3275D-03  -0.7776D-03  -0.3148D-03  -0.6570D-03
  1.000  0.500
  -0.1371D-01   0.0000D+00  -0.9057D-02   0.0000D+00   0.0000D+00   0.0000D+00  -0.3733D-02   0.0000D+00  -0.1371D-01   0.0000D+00  -0.9057D-02   0.0000D+00
   0.6707D-01   0.0000D+00   0.9998D-02   0.0000D+00   0.2941D-01   0.0000D+00   0.8946D-02   0.0000D+00   0.1988D-02   0.0000D+00   0.0000D+00   0.0000D+00   0.6707D-01   0.0000D+00   0.9998D-02   0.0000D+00   0.2941D-01   0.0000D+00
   0.0000D+00   0.0000D+00   0.0000D+00   0.0000D+00   0.0000D+00   0.0000D+00   0.0000D+00   0.0000D+00
  -0.1373D-01   0.1016D-02  -0.9490D-02   0.5688D-03   0.4254D-03  -0.3187D-03  -0.3814D-02   0.2351D-03  -0.1373D-01   0.1016D-02  -0.9490D-02   0.5688D-03
   0.5989D-01  -0.3068D-02   0.9118D-02  -0.8743D-03   0.2165D-01  -0.5099D-02   0.8819D-02   0.0000D+00   0.2139D-02   0.2075D-03  -0.4916D-03   0.6790D-03   0.5989D-01  -0.3068D-02   0.9118D-02  -0.8743D-03   0.2165D-01  -0.5099D-02
  -0.3258D-03  -0.7723D-03  -0.3120D-03  -0.6507D-03  -0.3258D-03  -0.7723D-03  -0.3120D-03  -0.6507D-03
  1.000  1.000
  -0.1271D-01   0.0000D+00  -0.8399D-02   0.0000D+00   0.0000D+00   0.0000D+00  -0.3463D-02   0.0000D+00  -0.1271D-01   0.0000D+00  -0.8399D-02   0.0000D+00
   0.6707D-01   0.0000D+00   0.9998D-02   0.0000D+00   0.2941D-01   0.0000D+00   0.8946D-02   0.0000D+00   0.1988D-02   0.0000D+00   0.0000D+00   0.0000D+00   0.6707D-01   0.0000D+00   0.9998D-02   0.0000D+00   0.2941D-01   0.0000D+00
   0.0000D+00   0.0000D+00   0.0000D+00   0.0000D+00   0.0000D+00   0.0000D+00   0.0000D+00   0.0000D+00
  -0.1363D-01   0.8741D-03  -0.9363D-02   0.4892D-03   0.3659D-03  -0.2741D-03  -0.3775D-02   0.2022D-03  -0.1363D-01   0.8741D-03  -0.9363D-02   0.4892D-03
   0.6041D-01  -0.2846D-02   0.9183D-02  -0.8108D-03   0.2222D-01  -0.4729D-02   0.8829D-02   0.0000D+00   0.2128D-02   0.1924D-03  -0.4559D-03   0.6297D-03   0.6041D-01  -0.2846D-02   0.9183D-02  -0.8108D-03   0.2222D-01  -0.4729D-02
  -0.3022D-03  -0.7163D-03  -0.2893D-03  -0.6035D-03  -0.3022D-03  -0.7163D-03  -0.2893D-03  -0.6035D-03
  1.000  2.000
  -0.1186D-01   0.0000D+00  -0.7832D-02   0.0000D+00   0.0000D+00   0.0000D+00  -0.3229D-02   0.0000D+00  -0.1186D-01   0.0000D+00  -0.7832D-02   0.0000D+00
   0.6707D-01   0.0000D+00   0.9998D-02   0.0000D+00   0.2941D-01   0.0000D+00   0.8946D-02   0.0000D+00   0.1988D-02   0.0000D+00   0.0000D+00   0.0000D+00   0.6707D-01   0.0000D+00   0.9998D-02   0.0000D+00   0.2941D-01   0.0000D+00
   0.0000D+00   0.0000D+00   0.0000D+00   0.0000D+00   0.0000D+00   0.0000D+00   0.0000D+00   0.0000D+00
  -0.1343D-01   0.7601D-03  -0.9183D-02   0.4254D-03   0.3182D-03  -0.2384D-03  -0.3712D-02   0.1758D-03  -0.1343D-01   0.7601D-03  -0.9183D-02   0.4254D-03
   0.6087D-01  -0.2654D-02   0.9239D-02  -0.7561D-03   0.2270D-01  -0.4410D-02   0.8838D-02   0.0000D+00   0.2119D-02   0.1794D-03  -0.4252D-03   0.5872D-03   0.6087D-01  -0.2654D-02   0.9239D-02  -0.7561D-03   0.2270D-01  -0.4410D-02
  -0.2818D-03  -0.6679D-03  -0.2698D-03  -0.5627D-03  -0.2818D-03  -0.6679D-03  -0.2698D-03  -0.5627D-03
  2.000  0.500
  -0.1191D-01   0.0000D+00  -0.7851D-02   0.0000D+00   0.0000D+00   0.0000D+00  -0.3226D-02   0.0000D+00  -0.1191D-01   0.0000D+00  -0.7851D-02   0.0000D+00
   0.5819D-01   0.0000D+00   0.8666D-02   0.0000D+00   0.2554D-01   0.0000D+00   0.7725D-02   0.0000D+00   0.1717D-02   0.0000D+00   0.0000D+00   0.0000D+00   0.5819D-01   0.0000D+00   0.8666D-02   0.0000D+00   0.2554D-01   0.0000D+00
   0.0000D+00   0.0000D+00   0.0000D+00   0.0000D+00   0.0000D+00   0.0000D+00   0.0000D+00   0.0000D+00
  -0.1374D-01   0.8808D-03  -0.9441D-02   0.4934D-03   0.3670D-03  -0.2755D-03  -0.3802D-02   0.2045D-03  -0.1374D-01   0.8808D-03  -0.9441D-02   0.4934D-03
   0.6086D-01  -0.2666D-02   0.9237D-02  -0.7589D-03   0.2277D-01  -0.4420D-02   0.8843D-02   0.0000D+00   0.2117D-02   0.1791D-03  -0.4221D-03   0.5862D-03   0.6086D-01  -0.2666D-02   0.9237D-02  -0.7589D-03   0.2277D-01  -0.4420D-02
  -0.2831D-03  -0.6708D-03  -0.2701D-03  -0.5627D-03  -0.2831D-03  -0.6708D-03  -0.2701D-03  -0.5627D-03
  2.000  1.000
  -0.1105D-01   0.0000D+00  -0.7282D-02   0.0000D+00   0.0000D+00   0.0000D+00  -0.2992D-02   0.0000D+00  -0.1105D-01   0.0000D+00  -0.7282D-02   0.0000D+00
   0.5819D-01   0.0000D+00   0.8666D-02   0.0000D+00   0.2554D-01   0.0000D+00   0.7725D-02   0.0000D+00   0.1717D-02   0.0000D+00   0.0000D+00   0.0000D+00   0.5819D-01   0.0000D+00   0.8666D-02   0.0000D+00   0.2554D-01   0.0000D+00
   0.0000D+00   0.0000D+00   0.0000D+00   0.0000D+00   0.0000D+00   0.0000D+00   0.0000D+00   0.0000D+00
  -0.1340D-01   0.7576D-03  -0.9160D-02   0.4244D-03   0.3157D-03  -0.2369D-03  -0.3698D-02   0.1759D-03  -0.1340D-01   0.7576D-03  -0.9160D-02   0.4244D-03
   0.6067D-01  -0.2472D-02   0.9196D-02  -0.7039D-03   0.2298D-01  -0.4099D-02   0.8762D-02   0.0000D+00   0.2088D-02   0.1661D-03  -0.3915D-03   0.5436D-03   0.6067D-01  -0.2472D-02   0.9196D-02  -0.7039D-03   0.2298D-01  -0.4099D-02
  -0.2625D-03  -0.6221D-03  -0.2505D-03  -0.5219D-03  -0.2625D-03  -0.6221D-03  -0.2505D-03  -0.5219D-03
  2.000  2.000
  -0.1030D-01   0.0000D+00  -0.6790D-02   0.0000D+00   0.0000D+00   0.0000D+00  -0.2790D-02   0.0000D+00  -0.1030D-01   0.0000D+00  -0.6790D-02   0.0000D+00
   0.5819D-01   0.0000D+00   0.8666D-02   0.0000D+00   0.2554D-01   0.0000D+00   0.7725D-02   0.0000D+00   0.1717D-02   0.0000D+00   0.0000D+00   0.0000D+00   0.5819D-01   0.0000D+00   0.8666D-02   0.0000D+00   0.2554D-01   0.0000D+00
   0.0000D+00   0.0000D+00   0.0000D+00   0.0000D+00   0.0000D+00   0.0000D+00   0.0000D+00   0.0000D+00
  -0.1302D-01   0.6588D-03  -0.8869D-02   0.3691D-03   0.2746D-03  -0.2060D-03  -0.3587D-02   0.1530D-03  -0.1302D-01   0.6588D-03  -0.8869D-02   0.3691D-03
   0.6051D-01  -0.2305D-02   0.9161D-02  -0.6564D-03   0.2315D-01  -0.3823D-02   0.8693D-02   0.0000D+00   0.2063D-02   0.1549D-03  -0.3651D-03   0.5069D-03   0.6051D-01  -0.2305D-02   0.9161D-02  -0.6564D-03   0.2315D-01  -0.3823D-02
  -0.2448D-03  -0.5801D-03  -0.2336D-03  -0.4867D-03  -0.2448D-03  -0.5801D-03  -0.2336D-03  -0.4867D-03
