 LHC=           1 sqrts=   8000.0000000000000      ang=           4 mode=fital                                                                                               scalescheme=           1 R=  0.69999999999999996     
 CT10nlo_rand5678                                                                                             418
 Bin information: chid, chiu, md, mu, mu0
   0.0000000000000000       0.50000000000000000        430.00000000000000        468.00000000000000        449.00000000000000     
 9 scales(muf, mur)*(LO(38), NLO(38))
  0.500  0.500
  -0.1134D+01   0.0000D+00  -0.1101D+01   0.0000D+00   0.0000D+00   0.0000D+00  -0.9246D+00   0.0000D+00  -0.1134D+01   0.0000D+00  -0.1101D+01   0.0000D+00
   0.6231D+00   0.0000D+00   0.1062D+00   0.0000D+00   0.1920D+00   0.0000D+00   0.1999D+00   0.0000D+00   0.4442D-01   0.0000D+00   0.0000D+00   0.0000D+00   0.6231D+00   0.0000D+00   0.1062D+00   0.0000D+00   0.1920D+00   0.0000D+00
   0.0000D+00   0.0000D+00   0.0000D+00   0.0000D+00   0.0000D+00   0.0000D+00   0.0000D+00   0.0000D+00
  -0.8451D+00   0.1545D+00  -0.9449D+00   0.9282D-01   0.9412D-01  -0.9174D-01  -0.8512D+00   0.5047D-02  -0.8451D+00   0.1545D+00  -0.9449D+00   0.9282D-01
   0.5614D+00  -0.2329D-01   0.9838D-01  -0.8151D-02   0.1138D+00  -0.5691D-01   0.1894D+00   0.0000D+00   0.4727D-01   0.5389D-02  -0.2666D-02   0.1764D-01   0.5614D+00  -0.2329D-01   0.9838D-01  -0.8151D-02   0.1138D+00  -0.5691D-01
  -0.1933D-02  -0.7304D-02  -0.4179D-02  -0.1042D-01  -0.1933D-02  -0.7304D-02  -0.4179D-02  -0.1042D-01
  0.500  1.000
  -0.1039D+01   0.0000D+00  -0.1009D+01   0.0000D+00   0.0000D+00   0.0000D+00  -0.8472D+00   0.0000D+00  -0.1039D+01   0.0000D+00  -0.1009D+01   0.0000D+00
   0.6231D+00   0.0000D+00   0.1062D+00   0.0000D+00   0.1920D+00   0.0000D+00   0.1999D+00   0.0000D+00   0.4442D-01   0.0000D+00   0.0000D+00   0.0000D+00   0.6231D+00   0.0000D+00   0.1062D+00   0.0000D+00   0.1920D+00   0.0000D+00
   0.0000D+00   0.0000D+00   0.0000D+00   0.0000D+00   0.0000D+00   0.0000D+00   0.0000D+00   0.0000D+00
  -0.8805D+00   0.1297D+00  -0.9593D+00   0.7792D-01   0.7901D-01  -0.7701D-01  -0.8540D+00   0.4237D-02  -0.8805D+00   0.1297D+00  -0.9593D+00   0.7792D-01
   0.5668D+00  -0.2134D-01   0.9907D-01  -0.7469D-02   0.1204D+00  -0.5214D-01   0.1904D+00   0.0000D+00   0.4704D-01   0.4937D-02  -0.2442D-02   0.1616D-01   0.5668D+00  -0.2134D-01   0.9907D-01  -0.7469D-02   0.1204D+00  -0.5214D-01
  -0.1771D-02  -0.6692D-02  -0.3829D-02  -0.9547D-02  -0.1771D-02  -0.6692D-02  -0.3829D-02  -0.9547D-02
  0.500  2.000
  -0.9588D+00   0.0000D+00  -0.9308D+00   0.0000D+00   0.0000D+00   0.0000D+00  -0.7819D+00   0.0000D+00  -0.9588D+00   0.0000D+00  -0.9308D+00   0.0000D+00
   0.6231D+00   0.0000D+00   0.1062D+00   0.0000D+00   0.1920D+00   0.0000D+00   0.1999D+00   0.0000D+00   0.4442D-01   0.0000D+00   0.0000D+00   0.0000D+00   0.6231D+00   0.0000D+00   0.1062D+00   0.0000D+00   0.1920D+00   0.0000D+00
   0.0000D+00   0.0000D+00   0.0000D+00   0.0000D+00   0.0000D+00   0.0000D+00   0.0000D+00   0.0000D+00
  -0.8954D+00   0.1105D+00  -0.9584D+00   0.6637D-01   0.6730D-01  -0.6560D-01  -0.8461D+00   0.3609D-02  -0.8954D+00   0.1105D+00  -0.9584D+00   0.6637D-01
   0.5714D+00  -0.1969D-01   0.9965D-01  -0.6893D-02   0.1260D+00  -0.4812D-01   0.1911D+00   0.0000D+00   0.4685D-01   0.4557D-02  -0.2253D-02   0.1491D-01   0.5714D+00  -0.1969D-01   0.9965D-01  -0.6893D-02   0.1260D+00  -0.4812D-01
  -0.1634D-02  -0.6177D-02  -0.3534D-02  -0.8811D-02  -0.1634D-02  -0.6177D-02  -0.3534D-02  -0.8811D-02
  1.000  0.500
  -0.1067D+01   0.0000D+00  -0.1040D+01   0.0000D+00   0.0000D+00   0.0000D+00  -0.8687D+00   0.0000D+00  -0.1067D+01   0.0000D+00  -0.1040D+01   0.0000D+00
   0.5839D+00   0.0000D+00   0.9985D-01   0.0000D+00   0.1801D+00   0.0000D+00   0.1873D+00   0.0000D+00   0.4162D-01   0.0000D+00   0.0000D+00   0.0000D+00   0.5839D+00   0.0000D+00   0.9985D-01   0.0000D+00   0.1801D+00   0.0000D+00
   0.0000D+00   0.0000D+00   0.0000D+00   0.0000D+00   0.0000D+00   0.0000D+00   0.0000D+00   0.0000D+00
  -0.8642D+00   0.1459D+00  -0.9519D+00   0.8710D-01   0.8822D-01  -0.8627D-01  -0.8524D+00   0.4888D-02  -0.8642D+00   0.1459D+00  -0.9519D+00   0.8710D-01
   0.5557D+00  -0.2184D-01   0.9732D-01  -0.7664D-02   0.1171D+00  -0.5348D-01   0.1886D+00   0.0000D+00   0.4675D-01   0.5050D-02  -0.2494D-02   0.1653D-01   0.5557D+00  -0.2184D-01   0.9732D-01  -0.7664D-02   0.1171D+00  -0.5348D-01
  -0.1823D-02  -0.6915D-02  -0.3946D-02  -0.9765D-02  -0.1823D-02  -0.6915D-02  -0.3946D-02  -0.9765D-02
  1.000  1.000
  -0.9777D+00   0.0000D+00  -0.9531D+00   0.0000D+00   0.0000D+00   0.0000D+00  -0.7960D+00   0.0000D+00  -0.9777D+00   0.0000D+00  -0.9531D+00   0.0000D+00
   0.5839D+00   0.0000D+00   0.9985D-01   0.0000D+00   0.1801D+00   0.0000D+00   0.1873D+00   0.0000D+00   0.4162D-01   0.0000D+00   0.0000D+00   0.0000D+00   0.5839D+00   0.0000D+00   0.9985D-01   0.0000D+00   0.1801D+00   0.0000D+00
   0.0000D+00   0.0000D+00   0.0000D+00   0.0000D+00   0.0000D+00   0.0000D+00   0.0000D+00   0.0000D+00
  -0.8864D+00   0.1224D+00  -0.9560D+00   0.7312D-01   0.7405D-01  -0.7242D-01  -0.8466D+00   0.4104D-02  -0.8864D+00   0.1224D+00  -0.9560D+00   0.7312D-01
   0.5582D+00  -0.2001D-01   0.9756D-01  -0.7022D-02   0.1225D+00  -0.4900D-01   0.1886D+00   0.0000D+00   0.4633D-01   0.4627D-02  -0.2284D-02   0.1514D-01   0.5582D+00  -0.2001D-01   0.9756D-01  -0.7022D-02   0.1225D+00  -0.4900D-01
  -0.1670D-02  -0.6336D-02  -0.3616D-02  -0.8947D-02  -0.1670D-02  -0.6336D-02  -0.3616D-02  -0.8947D-02
  1.000  2.000
  -0.9023D+00   0.0000D+00  -0.8796D+00   0.0000D+00   0.0000D+00   0.0000D+00  -0.7346D+00   0.0000D+00  -0.9023D+00   0.0000D+00  -0.8796D+00   0.0000D+00
   0.5839D+00   0.0000D+00   0.9985D-01   0.0000D+00   0.1801D+00   0.0000D+00   0.1873D+00   0.0000D+00   0.4162D-01   0.0000D+00   0.0000D+00   0.0000D+00   0.5839D+00   0.0000D+00   0.9985D-01   0.0000D+00   0.1801D+00   0.0000D+00
   0.0000D+00   0.0000D+00   0.0000D+00   0.0000D+00   0.0000D+00   0.0000D+00   0.0000D+00   0.0000D+00
  -0.8919D+00   0.1043D+00  -0.9478D+00   0.6228D-01   0.6308D-01  -0.6169D-01  -0.8326D+00   0.3496D-02  -0.8919D+00   0.1043D+00  -0.9478D+00   0.6228D-01
   0.5604D+00  -0.1847D-01   0.9777D-01  -0.6481D-02   0.1270D+00  -0.4522D-01   0.1885D+00   0.0000D+00   0.4598D-01   0.4270D-02  -0.2108D-02   0.1398D-01   0.5604D+00  -0.1847D-01   0.9777D-01  -0.6481D-02   0.1270D+00  -0.4522D-01
  -0.1541D-02  -0.5847D-02  -0.3337D-02  -0.8257D-02  -0.1541D-02  -0.5847D-02  -0.3337D-02  -0.8257D-02
  2.000  0.500
  -0.1004D+01   0.0000D+00  -0.9840D+00   0.0000D+00   0.0000D+00   0.0000D+00  -0.8191D+00   0.0000D+00  -0.1004D+01   0.0000D+00  -0.9840D+00   0.0000D+00
   0.5501D+00   0.0000D+00   0.9417D-01   0.0000D+00   0.1697D+00   0.0000D+00   0.1762D+00   0.0000D+00   0.3916D-01   0.0000D+00   0.0000D+00   0.0000D+00   0.5501D+00   0.0000D+00   0.9417D-01   0.0000D+00   0.1697D+00   0.0000D+00
   0.0000D+00   0.0000D+00   0.0000D+00   0.0000D+00   0.0000D+00   0.0000D+00   0.0000D+00   0.0000D+00
  -0.8743D+00   0.1384D+00  -0.9663D+00   0.8241D-01   0.8461D-01  -0.8132D-01  -0.8566D+00   0.4748D-02  -0.8743D+00   0.1384D+00  -0.9663D+00   0.8241D-01
   0.5567D+00  -0.2057D-01   0.9762D-01  -0.7198D-02   0.1197D+00  -0.5019D-01   0.1877D+00   0.0000D+00   0.4648D-01   0.4750D-02  -0.2250D-02   0.1555D-01   0.5567D+00  -0.2057D-01   0.9762D-01  -0.7198D-02   0.1197D+00  -0.5019D-01
  -0.1727D-02  -0.6438D-02  -0.3734D-02  -0.9215D-02  -0.1727D-02  -0.6438D-02  -0.3734D-02  -0.9215D-02
  2.000  1.000
  -0.9195D+00   0.0000D+00  -0.9016D+00   0.0000D+00   0.0000D+00   0.0000D+00  -0.7505D+00   0.0000D+00  -0.9195D+00   0.0000D+00  -0.9016D+00   0.0000D+00
   0.5501D+00   0.0000D+00   0.9417D-01   0.0000D+00   0.1697D+00   0.0000D+00   0.1762D+00   0.0000D+00   0.3916D-01   0.0000D+00   0.0000D+00   0.0000D+00   0.5501D+00   0.0000D+00   0.9417D-01   0.0000D+00   0.1697D+00   0.0000D+00
   0.0000D+00   0.0000D+00   0.0000D+00   0.0000D+00   0.0000D+00   0.0000D+00   0.0000D+00   0.0000D+00
  -0.8854D+00   0.1162D+00  -0.9597D+00   0.6918D-01   0.7102D-01  -0.6826D-01  -0.8427D+00   0.3986D-02  -0.8854D+00   0.1162D+00  -0.9597D+00   0.6918D-01
   0.5564D+00  -0.1885D-01   0.9736D-01  -0.6595D-02   0.1240D+00  -0.4599D-01   0.1868D+00   0.0000D+00   0.4588D-01   0.4352D-02  -0.2061D-02   0.1424D-01   0.5564D+00  -0.1885D-01   0.9736D-01  -0.6595D-02   0.1240D+00  -0.4599D-01
  -0.1582D-02  -0.5899D-02  -0.3422D-02  -0.8444D-02  -0.1582D-02  -0.5899D-02  -0.3422D-02  -0.8444D-02
  2.000  2.000
  -0.8487D+00   0.0000D+00  -0.8321D+00   0.0000D+00   0.0000D+00   0.0000D+00  -0.6927D+00   0.0000D+00  -0.8487D+00   0.0000D+00  -0.8321D+00   0.0000D+00
   0.5501D+00   0.0000D+00   0.9417D-01   0.0000D+00   0.1697D+00   0.0000D+00   0.1762D+00   0.0000D+00   0.3916D-01   0.0000D+00   0.0000D+00   0.0000D+00   0.5501D+00   0.0000D+00   0.9417D-01   0.0000D+00   0.1697D+00   0.0000D+00
   0.0000D+00   0.0000D+00   0.0000D+00   0.0000D+00   0.0000D+00   0.0000D+00   0.0000D+00   0.0000D+00
  -0.8829D+00   0.9899D-01  -0.9437D+00   0.5893D-01   0.6049D-01  -0.5814D-01  -0.8228D+00   0.3396D-02  -0.8829D+00   0.9899D-01  -0.9437D+00   0.5893D-01
   0.5561D+00  -0.1740D-01   0.9714D-01  -0.6087D-02   0.1276D+00  -0.4245D-01   0.1860D+00   0.0000D+00   0.4537D-01   0.4017D-02  -0.1902D-02   0.1315D-01   0.5561D+00  -0.1740D-01   0.9714D-01  -0.6087D-02   0.1276D+00  -0.4245D-01
  -0.1460D-02  -0.5444D-02  -0.3158D-02  -0.7793D-02  -0.1460D-02  -0.5444D-02  -0.3158D-02  -0.7793D-02
