 LHC=           1 sqrts=   8000.0000000000000      ang=           4 mode=fital                                                                                               scalescheme=           1 R=  0.69999999999999996     
 CT10nlo_rand5678                                                                                             241
 Bin information: chid, chiu, md, mu, mu0
   0.0000000000000000       0.50000000000000000        1588.0000000000000        1784.0000000000000        1686.0000000000000     
 9 scales(muf, mur)*(LO(38), NLO(38))
  0.500  0.500
  -0.1828D-01   0.0000D+00  -0.1212D-01   0.0000D+00   0.0000D+00   0.0000D+00  -0.4872D-02   0.0000D+00  -0.1828D-01   0.0000D+00  -0.1212D-01   0.0000D+00
   0.1049D+00   0.0000D+00   0.1559D-01   0.0000D+00   0.4636D-01   0.0000D+00   0.1323D-01   0.0000D+00   0.2940D-02   0.0000D+00   0.0000D+00   0.0000D+00   0.1049D+00   0.0000D+00   0.1559D-01   0.0000D+00   0.4636D-01   0.0000D+00
   0.0000D+00   0.0000D+00   0.0000D+00   0.0000D+00   0.0000D+00   0.0000D+00   0.0000D+00   0.0000D+00
  -0.1573D-01   0.1345D-02  -0.1093D-01   0.7475D-03   0.5162D-03  -0.4122D-03  -0.4231D-02   0.3181D-03  -0.1573D-01   0.1345D-02  -0.1093D-01   0.7475D-03
   0.7801D-01  -0.4793D-02   0.1187D-01  -0.1360D-02   0.2760D-01  -0.7891D-02   0.1097D-01   0.0000D+00   0.2712D-02   0.3039D-03  -0.7390D-03   0.9947D-03   0.7801D-01  -0.4793D-02   0.1187D-01  -0.1360D-02   0.2760D-01  -0.7891D-02
  -0.5200D-03  -0.1201D-02  -0.4889D-03  -0.9910D-03  -0.5200D-03  -0.1201D-02  -0.4889D-03  -0.9910D-03
  0.500  1.000
  -0.1696D-01   0.0000D+00  -0.1125D-01   0.0000D+00   0.0000D+00   0.0000D+00  -0.4522D-02   0.0000D+00  -0.1696D-01   0.0000D+00  -0.1125D-01   0.0000D+00
   0.1049D+00   0.0000D+00   0.1559D-01   0.0000D+00   0.4636D-01   0.0000D+00   0.1323D-01   0.0000D+00   0.2940D-02   0.0000D+00   0.0000D+00   0.0000D+00   0.1049D+00   0.0000D+00   0.1559D-01   0.0000D+00   0.4636D-01   0.0000D+00
   0.0000D+00   0.0000D+00   0.0000D+00   0.0000D+00   0.0000D+00   0.0000D+00   0.0000D+00   0.0000D+00
  -0.1595D-01   0.1159D-02  -0.1101D-01   0.6439D-03   0.4447D-03  -0.3550D-03  -0.4284D-02   0.2740D-03  -0.1595D-01   0.1159D-02  -0.1101D-01   0.6439D-03
   0.7995D-01  -0.4448D-02   0.1214D-01  -0.1262D-02   0.2895D-01  -0.7323D-02   0.1113D-01   0.0000D+00   0.2728D-02   0.2821D-03  -0.6859D-03   0.9232D-03   0.7995D-01  -0.4448D-02   0.1214D-01  -0.1262D-02   0.2895D-01  -0.7323D-02
  -0.4826D-03  -0.1115D-02  -0.4537D-03  -0.9197D-03  -0.4826D-03  -0.1115D-02  -0.4537D-03  -0.9197D-03
  0.500  2.000
  -0.1583D-01   0.0000D+00  -0.1049D-01   0.0000D+00   0.0000D+00   0.0000D+00  -0.4219D-02   0.0000D+00  -0.1583D-01   0.0000D+00  -0.1049D-01   0.0000D+00
   0.1049D+00   0.0000D+00   0.1559D-01   0.0000D+00   0.4636D-01   0.0000D+00   0.1323D-01   0.0000D+00   0.2940D-02   0.0000D+00   0.0000D+00   0.0000D+00   0.1049D+00   0.0000D+00   0.1559D-01   0.0000D+00   0.4636D-01   0.0000D+00
   0.0000D+00   0.0000D+00   0.0000D+00   0.0000D+00   0.0000D+00   0.0000D+00   0.0000D+00   0.0000D+00
  -0.1598D-01   0.1009D-02  -0.1097D-01   0.5605D-03   0.3871D-03  -0.3091D-03  -0.4286D-02   0.2386D-03  -0.1598D-01   0.1009D-02  -0.1097D-01   0.5605D-03
   0.8163D-01  -0.4150D-02   0.1237D-01  -0.1177D-02   0.3012D-01  -0.6833D-02   0.1127D-01   0.0000D+00   0.2743D-02   0.2632D-03  -0.6400D-03   0.8614D-03   0.8163D-01  -0.4150D-02   0.1237D-01  -0.1177D-02   0.3012D-01  -0.6833D-02
  -0.4503D-03  -0.1040D-02  -0.4233D-03  -0.8582D-03  -0.4503D-03  -0.1040D-02  -0.4233D-03  -0.8582D-03
  1.000  0.500
  -0.1560D-01   0.0000D+00  -0.1033D-01   0.0000D+00   0.0000D+00   0.0000D+00  -0.4142D-02   0.0000D+00  -0.1560D-01   0.0000D+00  -0.1033D-01   0.0000D+00
   0.8941D-01   0.0000D+00   0.1328D-01   0.0000D+00   0.3953D-01   0.0000D+00   0.1123D-01   0.0000D+00   0.2496D-02   0.0000D+00   0.0000D+00   0.0000D+00   0.8941D-01   0.0000D+00   0.1328D-01   0.0000D+00   0.3953D-01   0.0000D+00
   0.0000D+00   0.0000D+00   0.0000D+00   0.0000D+00   0.0000D+00   0.0000D+00   0.0000D+00   0.0000D+00
  -0.1589D-01   0.1146D-02  -0.1096D-01   0.6371D-03   0.4343D-03  -0.3502D-03  -0.4264D-02   0.2716D-03  -0.1589D-01   0.1146D-02  -0.1096D-01   0.6371D-03
   0.8076D-01  -0.4086D-02   0.1223D-01  -0.1159D-02   0.2981D-01  -0.6728D-02   0.1114D-01   0.0000D+00   0.2706D-02   0.2581D-03  -0.6316D-03   0.8446D-03   0.8076D-01  -0.4086D-02   0.1223D-01  -0.1159D-02   0.2981D-01  -0.6728D-02
  -0.4442D-03  -0.1023D-02  -0.4160D-03  -0.8433D-03  -0.4442D-03  -0.1023D-02  -0.4160D-03  -0.8433D-03
  1.000  1.000
  -0.1448D-01   0.0000D+00  -0.9586D-02   0.0000D+00   0.0000D+00   0.0000D+00  -0.3844D-02   0.0000D+00  -0.1448D-01   0.0000D+00  -0.9586D-02   0.0000D+00
   0.8941D-01   0.0000D+00   0.1328D-01   0.0000D+00   0.3953D-01   0.0000D+00   0.1123D-01   0.0000D+00   0.2496D-02   0.0000D+00   0.0000D+00   0.0000D+00   0.8941D-01   0.0000D+00   0.1328D-01   0.0000D+00   0.3953D-01   0.0000D+00
   0.0000D+00   0.0000D+00   0.0000D+00   0.0000D+00   0.0000D+00   0.0000D+00   0.0000D+00   0.0000D+00
  -0.1574D-01   0.9870D-03  -0.1079D-01   0.5488D-03   0.3741D-03  -0.3016D-03  -0.4217D-02   0.2340D-03  -0.1574D-01   0.9870D-03  -0.1079D-01   0.5488D-03
   0.8139D-01  -0.3792D-02   0.1230D-01  -0.1076D-02   0.3051D-01  -0.6244D-02   0.1114D-01   0.0000D+00   0.2691D-02   0.2395D-03  -0.5863D-03   0.7838D-03   0.8139D-01  -0.3792D-02   0.1230D-01  -0.1076D-02   0.3051D-01  -0.6244D-02
  -0.4123D-03  -0.9499D-03  -0.3861D-03  -0.7826D-03  -0.4123D-03  -0.9499D-03  -0.3861D-03  -0.7826D-03
  1.000  2.000
  -0.1351D-01   0.0000D+00  -0.8944D-02   0.0000D+00   0.0000D+00   0.0000D+00  -0.3587D-02   0.0000D+00  -0.1351D-01   0.0000D+00  -0.8944D-02   0.0000D+00
   0.8941D-01   0.0000D+00   0.1328D-01   0.0000D+00   0.3953D-01   0.0000D+00   0.1123D-01   0.0000D+00   0.2496D-02   0.0000D+00   0.0000D+00   0.0000D+00   0.8941D-01   0.0000D+00   0.1328D-01   0.0000D+00   0.3953D-01   0.0000D+00
   0.0000D+00   0.0000D+00   0.0000D+00   0.0000D+00   0.0000D+00   0.0000D+00   0.0000D+00   0.0000D+00
  -0.1548D-01   0.8593D-03  -0.1058D-01   0.4777D-03   0.3257D-03  -0.2626D-03  -0.4145D-02   0.2037D-03  -0.1548D-01   0.8593D-03  -0.1058D-01   0.4777D-03
   0.8193D-01  -0.3538D-02   0.1237D-01  -0.1004D-02   0.3111D-01  -0.5826D-02   0.1115D-01   0.0000D+00   0.2678D-02   0.2235D-03  -0.5471D-03   0.7314D-03   0.8193D-01  -0.3538D-02   0.1237D-01  -0.1004D-02   0.3111D-01  -0.5826D-02
  -0.3847D-03  -0.8863D-03  -0.3603D-03  -0.7302D-03  -0.3847D-03  -0.8863D-03  -0.3603D-03  -0.7302D-03
  2.000  0.500
  -0.1344D-01   0.0000D+00  -0.8902D-02   0.0000D+00   0.0000D+00   0.0000D+00  -0.3557D-02   0.0000D+00  -0.1344D-01   0.0000D+00  -0.8902D-02   0.0000D+00
   0.7697D-01   0.0000D+00   0.1143D-01   0.0000D+00   0.3405D-01   0.0000D+00   0.9643D-02   0.0000D+00   0.2143D-02   0.0000D+00   0.0000D+00   0.0000D+00   0.7697D-01   0.0000D+00   0.1143D-01   0.0000D+00   0.3405D-01   0.0000D+00
   0.0000D+00   0.0000D+00   0.0000D+00   0.0000D+00   0.0000D+00   0.0000D+00   0.0000D+00   0.0000D+00
  -0.1586D-01   0.9870D-03  -0.1088D-01   0.5484D-03   0.3740D-03  -0.3010D-03  -0.4240D-02   0.2343D-03  -0.1586D-01   0.9870D-03  -0.1088D-01   0.5484D-03
   0.8196D-01  -0.3521D-02   0.1236D-01  -0.9983D-03   0.3119D-01  -0.5790D-02   0.1115D-01   0.0000D+00   0.2674D-02   0.2215D-03  -0.5415D-03   0.7250D-03   0.8196D-01  -0.3521D-02   0.1236D-01  -0.9983D-03   0.3119D-01  -0.5790D-02
  -0.3828D-03  -0.8815D-03  -0.3581D-03  -0.7244D-03  -0.3828D-03  -0.8815D-03  -0.3581D-03  -0.7244D-03
  2.000  1.000
  -0.1247D-01   0.0000D+00  -0.8261D-02   0.0000D+00   0.0000D+00   0.0000D+00  -0.3301D-02   0.0000D+00  -0.1247D-01   0.0000D+00  -0.8261D-02   0.0000D+00
   0.7697D-01   0.0000D+00   0.1143D-01   0.0000D+00   0.3405D-01   0.0000D+00   0.9643D-02   0.0000D+00   0.2143D-02   0.0000D+00   0.0000D+00   0.0000D+00   0.7697D-01   0.0000D+00   0.1143D-01   0.0000D+00   0.3405D-01   0.0000D+00
   0.0000D+00   0.0000D+00   0.0000D+00   0.0000D+00   0.0000D+00   0.0000D+00   0.0000D+00   0.0000D+00
  -0.1543D-01   0.8501D-03  -0.1054D-01   0.4723D-03   0.3222D-03  -0.2593D-03  -0.4119D-02   0.2018D-03  -0.1543D-01   0.8501D-03  -0.1054D-01   0.4723D-03
   0.8161D-01  -0.3268D-02   0.1229D-01  -0.9265D-03   0.3140D-01  -0.5374D-02   0.1104D-01   0.0000D+00   0.2636D-02   0.2056D-03  -0.5026D-03   0.6728D-03   0.8161D-01  -0.3268D-02   0.1229D-01  -0.9265D-03   0.3140D-01  -0.5374D-02
  -0.3553D-03  -0.8181D-03  -0.3323D-03  -0.6723D-03  -0.3553D-03  -0.8181D-03  -0.3323D-03  -0.6723D-03
  2.000  2.000
  -0.1164D-01   0.0000D+00  -0.7708D-02   0.0000D+00   0.0000D+00   0.0000D+00  -0.3080D-02   0.0000D+00  -0.1164D-01   0.0000D+00  -0.7708D-02   0.0000D+00
   0.7697D-01   0.0000D+00   0.1143D-01   0.0000D+00   0.3405D-01   0.0000D+00   0.9643D-02   0.0000D+00   0.2143D-02   0.0000D+00   0.0000D+00   0.0000D+00   0.7697D-01   0.0000D+00   0.1143D-01   0.0000D+00   0.3405D-01   0.0000D+00
   0.0000D+00   0.0000D+00   0.0000D+00   0.0000D+00   0.0000D+00   0.0000D+00   0.0000D+00   0.0000D+00
  -0.1497D-01   0.7400D-03  -0.1019D-01   0.4112D-03   0.2805D-03  -0.2257D-03  -0.3992D-02   0.1757D-03  -0.1497D-01   0.7400D-03  -0.1019D-01   0.4112D-03
   0.8130D-01  -0.3049D-02   0.1224D-01  -0.8645D-03   0.3158D-01  -0.5014D-02   0.1095D-01   0.0000D+00   0.2603D-02   0.1918D-03  -0.4690D-03   0.6278D-03   0.8130D-01  -0.3049D-02   0.1224D-01  -0.8645D-03   0.3158D-01  -0.5014D-02
  -0.3315D-03  -0.7633D-03  -0.3101D-03  -0.6273D-03  -0.3315D-03  -0.7633D-03  -0.3101D-03  -0.6273D-03
