 LHC=           1 sqrts=   8000.0000000000000      ang=           4 mode=fital                                                                                               scalescheme=           1 R=  0.69999999999999996     
 MSTW2008nlo68cl_rand1235                                                                                      17
 Bin information: chid, chiu, md, mu, mu0
   0.0000000000000000       0.50000000000000000        507.00000000000000        548.00000000000000        527.50000000000000     
 9 scales(muf, mur)*(LO(38), NLO(38))
  0.500  0.500
  -0.7761D+00   0.0000D+00  -0.7226D+00   0.0000D+00   0.0000D+00   0.0000D+00  -0.5698D+00   0.0000D+00  -0.7761D+00   0.0000D+00  -0.7226D+00   0.0000D+00
   0.5603D+00   0.0000D+00   0.9480D-01   0.0000D+00   0.1799D+00   0.0000D+00   0.1702D+00   0.0000D+00   0.3783D-01   0.0000D+00   0.0000D+00   0.0000D+00   0.5603D+00   0.0000D+00   0.9480D-01   0.0000D+00   0.1799D+00   0.0000D+00
   0.0000D+00   0.0000D+00   0.0000D+00   0.0000D+00   0.0000D+00   0.0000D+00   0.0000D+00   0.0000D+00
  -0.5794D+00   0.9986D-01  -0.6226D+00   0.5946D-01   0.6125D-01  -0.5624D-01  -0.5243D+00   0.5260D-02  -0.5794D+00   0.9986D-01  -0.6226D+00   0.5946D-01
   0.4822D+00  -0.2170D-01   0.8356D-01  -0.7417D-02   0.1005D+00  -0.5080D-01   0.1563D+00   0.0000D+00   0.3910D-01   0.4565D-02  -0.2682D-02   0.1494D-01   0.4822D+00  -0.2170D-01   0.8356D-01  -0.7417D-02   0.1005D+00  -0.5080D-01
  -0.1897D-02  -0.6627D-02  -0.3738D-02  -0.9047D-02  -0.1897D-02  -0.6627D-02  -0.3738D-02  -0.9047D-02
  0.500  1.000
  -0.7115D+00   0.0000D+00  -0.6624D+00   0.0000D+00   0.0000D+00   0.0000D+00  -0.5223D+00   0.0000D+00  -0.7115D+00   0.0000D+00  -0.6624D+00   0.0000D+00
   0.5603D+00   0.0000D+00   0.9480D-01   0.0000D+00   0.1799D+00   0.0000D+00   0.1702D+00   0.0000D+00   0.3783D-01   0.0000D+00   0.0000D+00   0.0000D+00   0.5603D+00   0.0000D+00   0.9480D-01   0.0000D+00   0.1799D+00   0.0000D+00
   0.0000D+00   0.0000D+00   0.0000D+00   0.0000D+00   0.0000D+00   0.0000D+00   0.0000D+00   0.0000D+00
  -0.6034D+00   0.8391D-01  -0.6316D+00   0.4996D-01   0.5147D-01  -0.4726D-01  -0.5261D+00   0.4420D-02  -0.6034D+00   0.8391D-01  -0.6316D+00   0.4996D-01
   0.4889D+00  -0.1989D-01   0.8453D-01  -0.6799D-02   0.1071D+00  -0.4657D-01   0.1575D+00   0.0000D+00   0.3900D-01   0.4184D-02  -0.2459D-02   0.1369D-01   0.4889D+00  -0.1989D-01   0.8453D-01  -0.6799D-02   0.1071D+00  -0.4657D-01
  -0.1739D-02  -0.6075D-02  -0.3426D-02  -0.8293D-02  -0.1739D-02  -0.6075D-02  -0.3426D-02  -0.8293D-02
  0.500  2.000
  -0.6569D+00   0.0000D+00  -0.6116D+00   0.0000D+00   0.0000D+00   0.0000D+00  -0.4822D+00   0.0000D+00  -0.6569D+00   0.0000D+00  -0.6116D+00   0.0000D+00
   0.5603D+00   0.0000D+00   0.9480D-01   0.0000D+00   0.1799D+00   0.0000D+00   0.1702D+00   0.0000D+00   0.3783D-01   0.0000D+00   0.0000D+00   0.0000D+00   0.5603D+00   0.0000D+00   0.9480D-01   0.0000D+00   0.1799D+00   0.0000D+00
   0.0000D+00   0.0000D+00   0.0000D+00   0.0000D+00   0.0000D+00   0.0000D+00   0.0000D+00   0.0000D+00
  -0.6135D+00   0.7153D-01  -0.6308D+00   0.4259D-01   0.4387D-01  -0.4028D-01  -0.5213D+00   0.3768D-02  -0.6135D+00   0.7153D-01  -0.6308D+00   0.4259D-01
   0.4945D+00  -0.1836D-01   0.8534D-01  -0.6278D-02   0.1128D+00  -0.4299D-01   0.1585D+00   0.0000D+00   0.3892D-01   0.3863D-02  -0.2270D-02   0.1264D-01   0.4945D+00  -0.1836D-01   0.8534D-01  -0.6278D-02   0.1128D+00  -0.4299D-01
  -0.1605D-02  -0.5609D-02  -0.3164D-02  -0.7657D-02  -0.1605D-02  -0.5609D-02  -0.3164D-02  -0.7657D-02
  1.000  0.500
  -0.7206D+00   0.0000D+00  -0.6729D+00   0.0000D+00   0.0000D+00   0.0000D+00  -0.5291D+00   0.0000D+00  -0.7206D+00   0.0000D+00  -0.6729D+00   0.0000D+00
   0.5216D+00   0.0000D+00   0.8823D-01   0.0000D+00   0.1672D+00   0.0000D+00   0.1579D+00   0.0000D+00   0.3509D-01   0.0000D+00   0.0000D+00   0.0000D+00   0.5216D+00   0.0000D+00   0.8823D-01   0.0000D+00   0.1672D+00   0.0000D+00
   0.0000D+00   0.0000D+00   0.0000D+00   0.0000D+00   0.0000D+00   0.0000D+00   0.0000D+00   0.0000D+00
  -0.5934D+00   0.9292D-01  -0.6269D+00   0.5520D-01   0.5597D-01  -0.5225D-01  -0.5240D+00   0.4995D-02  -0.5934D+00   0.9292D-01  -0.6269D+00   0.5520D-01
   0.4800D+00  -0.2017D-01   0.8379D-01  -0.6889D-02   0.1054D+00  -0.4714D-01   0.1561D+00   0.0000D+00   0.3879D-01   0.4234D-02  -0.2419D-02   0.1386D-01   0.4800D+00  -0.2017D-01   0.8379D-01  -0.6889D-02   0.1054D+00  -0.4714D-01
  -0.1771D-02  -0.6134D-02  -0.3484D-02  -0.8408D-02  -0.1771D-02  -0.6134D-02  -0.3484D-02  -0.8408D-02
  1.000  1.000
  -0.6605D+00   0.0000D+00  -0.6169D+00   0.0000D+00   0.0000D+00   0.0000D+00  -0.4850D+00   0.0000D+00  -0.6605D+00   0.0000D+00  -0.6169D+00   0.0000D+00
   0.5216D+00   0.0000D+00   0.8823D-01   0.0000D+00   0.1672D+00   0.0000D+00   0.1579D+00   0.0000D+00   0.3509D-01   0.0000D+00   0.0000D+00   0.0000D+00   0.5216D+00   0.0000D+00   0.8823D-01   0.0000D+00   0.1672D+00   0.0000D+00
   0.0000D+00   0.0000D+00   0.0000D+00   0.0000D+00   0.0000D+00   0.0000D+00   0.0000D+00   0.0000D+00
  -0.6068D+00   0.7808D-01  -0.6279D+00   0.4638D-01   0.4703D-01  -0.4390D-01  -0.5197D+00   0.4197D-02  -0.6068D+00   0.7808D-01  -0.6279D+00   0.4638D-01
   0.4836D+00  -0.1849D-01   0.8419D-01  -0.6315D-02   0.1106D+00  -0.4321D-01   0.1563D+00   0.0000D+00   0.3849D-01   0.3881D-02  -0.2217D-02   0.1270D-01   0.4836D+00  -0.1849D-01   0.8419D-01  -0.6315D-02   0.1106D+00  -0.4321D-01
  -0.1624D-02  -0.5623D-02  -0.3193D-02  -0.7708D-02  -0.1624D-02  -0.5623D-02  -0.3193D-02  -0.7708D-02
  1.000  2.000
  -0.6098D+00   0.0000D+00  -0.5695D+00   0.0000D+00   0.0000D+00   0.0000D+00  -0.4478D+00   0.0000D+00  -0.6098D+00   0.0000D+00  -0.5695D+00   0.0000D+00
   0.5216D+00   0.0000D+00   0.8823D-01   0.0000D+00   0.1672D+00   0.0000D+00   0.1579D+00   0.0000D+00   0.3509D-01   0.0000D+00   0.0000D+00   0.0000D+00   0.5216D+00   0.0000D+00   0.8823D-01   0.0000D+00   0.1672D+00   0.0000D+00
   0.0000D+00   0.0000D+00   0.0000D+00   0.0000D+00   0.0000D+00   0.0000D+00   0.0000D+00   0.0000D+00
  -0.6094D+00   0.6656D-01  -0.6212D+00   0.3954D-01   0.4009D-01  -0.3742D-01  -0.5106D+00   0.3578D-02  -0.6094D+00   0.6656D-01  -0.6212D+00   0.3954D-01
   0.4866D+00  -0.1707D-01   0.8452D-01  -0.5831D-02   0.1150D+00  -0.3989D-01   0.1565D+00   0.0000D+00   0.3823D-01   0.3584D-02  -0.2047D-02   0.1173D-01   0.4866D+00  -0.1707D-01   0.8452D-01  -0.5831D-02   0.1150D+00  -0.3989D-01
  -0.1499D-02  -0.5192D-02  -0.2948D-02  -0.7117D-02  -0.1499D-02  -0.5192D-02  -0.2948D-02  -0.7117D-02
  2.000  0.500
  -0.6724D+00   0.0000D+00  -0.6300D+00   0.0000D+00   0.0000D+00   0.0000D+00  -0.4930D+00   0.0000D+00  -0.6724D+00   0.0000D+00  -0.6300D+00   0.0000D+00
   0.4866D+00   0.0000D+00   0.8239D-01   0.0000D+00   0.1560D+00   0.0000D+00   0.1471D+00   0.0000D+00   0.3269D-01   0.0000D+00   0.0000D+00   0.0000D+00   0.4866D+00   0.0000D+00   0.8239D-01   0.0000D+00   0.1560D+00   0.0000D+00
   0.0000D+00   0.0000D+00   0.0000D+00   0.0000D+00   0.0000D+00   0.0000D+00   0.0000D+00   0.0000D+00
  -0.6028D+00   0.8679D-01  -0.6315D+00   0.5155D-01   0.5323D-01  -0.4868D-01  -0.5285D+00   0.4750D-02  -0.6028D+00   0.8679D-01  -0.6315D+00   0.5155D-01
   0.4841D+00  -0.1882D-01   0.8440D-01  -0.6439D-02   0.1090D+00  -0.4411D-01   0.1561D+00   0.0000D+00   0.3853D-01   0.3945D-02  -0.2292D-02   0.1291D-01   0.4841D+00  -0.1882D-01   0.8440D-01  -0.6439D-02   0.1090D+00  -0.4411D-01
  -0.1659D-02  -0.5727D-02  -0.3263D-02  -0.7846D-02  -0.1659D-02  -0.5727D-02  -0.3263D-02  -0.7846D-02
  2.000  1.000
  -0.6163D+00   0.0000D+00  -0.5775D+00   0.0000D+00   0.0000D+00   0.0000D+00  -0.4519D+00   0.0000D+00  -0.6163D+00   0.0000D+00  -0.5775D+00   0.0000D+00
   0.4866D+00   0.0000D+00   0.8239D-01   0.0000D+00   0.1560D+00   0.0000D+00   0.1471D+00   0.0000D+00   0.3269D-01   0.0000D+00   0.0000D+00   0.0000D+00   0.4866D+00   0.0000D+00   0.8239D-01   0.0000D+00   0.1560D+00   0.0000D+00
   0.0000D+00   0.0000D+00   0.0000D+00   0.0000D+00   0.0000D+00   0.0000D+00   0.0000D+00   0.0000D+00
  -0.6075D+00   0.7292D-01  -0.6253D+00   0.4332D-01   0.4473D-01  -0.4091D-01  -0.5181D+00   0.3992D-02  -0.6075D+00   0.7292D-01  -0.6253D+00   0.4332D-01
   0.4845D+00  -0.1726D-01   0.8426D-01  -0.5902D-02   0.1130D+00  -0.4043D-01   0.1554D+00   0.0000D+00   0.3805D-01   0.3617D-02  -0.2100D-02   0.1184D-01   0.4845D+00  -0.1726D-01   0.8426D-01  -0.5902D-02   0.1130D+00  -0.4043D-01
  -0.1521D-02  -0.5250D-02  -0.2991D-02  -0.7192D-02  -0.1521D-02  -0.5250D-02  -0.2991D-02  -0.7192D-02
  2.000  2.000
  -0.5690D+00   0.0000D+00  -0.5332D+00   0.0000D+00   0.0000D+00   0.0000D+00  -0.4172D+00   0.0000D+00  -0.5690D+00   0.0000D+00  -0.5332D+00   0.0000D+00
   0.4866D+00   0.0000D+00   0.8239D-01   0.0000D+00   0.1560D+00   0.0000D+00   0.1471D+00   0.0000D+00   0.3269D-01   0.0000D+00   0.0000D+00   0.0000D+00   0.4866D+00   0.0000D+00   0.8239D-01   0.0000D+00   0.1560D+00   0.0000D+00
   0.0000D+00   0.0000D+00   0.0000D+00   0.0000D+00   0.0000D+00   0.0000D+00   0.0000D+00   0.0000D+00
  -0.6038D+00   0.6216D-01  -0.6135D+00   0.3693D-01   0.3813D-01  -0.3487D-01  -0.5046D+00   0.3403D-02  -0.6038D+00   0.6216D-01  -0.6135D+00   0.3693D-01
   0.4847D+00  -0.1593D-01   0.8413D-01  -0.5449D-02   0.1163D+00  -0.3733D-01   0.1548D+00   0.0000D+00   0.3765D-01   0.3339D-02  -0.1939D-02   0.1093D-01   0.4847D+00  -0.1593D-01   0.8413D-01  -0.5449D-02   0.1163D+00  -0.3733D-01
  -0.1404D-02  -0.4847D-02  -0.2762D-02  -0.6640D-02  -0.1404D-02  -0.4847D-02  -0.2762D-02  -0.6640D-02
