 LHC=           1 sqrts=   8000.0000000000000      ang=           4 mode=fital                                                                                               scalescheme=           1 R=  0.69999999999999996     
 MSTW2008nlo68cl_rand1235                                                                                      70
 Bin information: chid, chiu, md, mu, mu0
   0.0000000000000000       0.50000000000000000        174.00000000000000        196.00000000000000        185.00000000000000     
 9 scales(muf, mur)*(LO(38), NLO(38))
  0.500  0.500
  -0.4782D+01   0.0000D+00  -0.6592D+01   0.0000D+00   0.0000D+00   0.0000D+00  -0.6752D+01   0.0000D+00  -0.4782D+01   0.0000D+00  -0.6592D+01   0.0000D+00
   0.5275D+00   0.0000D+00   0.9629D-01   0.0000D+00   0.1238D+00   0.0000D+00   0.2203D+00   0.0000D+00   0.4896D-01   0.0000D+00   0.0000D+00   0.0000D+00   0.5275D+00   0.0000D+00   0.9629D-01   0.0000D+00   0.1238D+00   0.0000D+00
   0.0000D+00   0.0000D+00   0.0000D+00   0.0000D+00   0.0000D+00   0.0000D+00   0.0000D+00   0.0000D+00
  -0.3353D+01   0.1101D+01  -0.5429D+01   0.6619D+00   0.5791D+00  -0.7747D+00  -0.6176D+01  -0.5458D-01  -0.3353D+01   0.1101D+01  -0.5429D+01   0.6619D+00
   0.6577D+00  -0.1734D-01   0.1212D+00  -0.7241D-02   0.1042D+00  -0.5618D-01   0.2661D+00   0.0000D+00   0.6830D-01   0.6853D-02   0.1296D-02   0.2243D-01   0.6577D+00  -0.1734D-01   0.1212D+00  -0.7241D-02   0.1042D+00  -0.5618D-01
  -0.9440D-03  -0.6567D-02  -0.4063D-02  -0.1197D-01  -0.9440D-03  -0.6567D-02  -0.4063D-02  -0.1197D-01
  0.500  1.000
  -0.4323D+01   0.0000D+00  -0.5959D+01   0.0000D+00   0.0000D+00   0.0000D+00  -0.6104D+01   0.0000D+00  -0.4323D+01   0.0000D+00  -0.5959D+01   0.0000D+00
   0.5275D+00   0.0000D+00   0.9629D-01   0.0000D+00   0.1238D+00   0.0000D+00   0.2203D+00   0.0000D+00   0.4896D-01   0.0000D+00   0.0000D+00   0.0000D+00   0.5275D+00   0.0000D+00   0.9629D-01   0.0000D+00   0.1238D+00   0.0000D+00
   0.0000D+00   0.0000D+00   0.0000D+00   0.0000D+00   0.0000D+00   0.0000D+00   0.0000D+00   0.0000D+00
  -0.3555D+01   0.8997D+00  -0.5560D+01   0.5410D+00   0.4732D+00  -0.6331D+00  -0.6198D+01  -0.4461D-01  -0.3555D+01   0.8997D+00  -0.5560D+01   0.5410D+00
   0.6462D+00  -0.1567D-01   0.1190D+00  -0.6546D-02   0.1063D+00  -0.5079D-01   0.2620D+00   0.0000D+00   0.6652D-01   0.6195D-02   0.1184D-02   0.2028D-01   0.6462D+00  -0.1567D-01   0.1190D+00  -0.6546D-02   0.1063D+00  -0.5079D-01
  -0.8534D-03  -0.5937D-02  -0.3673D-02  -0.1082D-01  -0.8534D-03  -0.5937D-02  -0.3673D-02  -0.1082D-01
  0.500  2.000
  -0.3946D+01   0.0000D+00  -0.5439D+01   0.0000D+00   0.0000D+00   0.0000D+00  -0.5572D+01   0.0000D+00  -0.3946D+01   0.0000D+00  -0.5439D+01   0.0000D+00
   0.5275D+00   0.0000D+00   0.9629D-01   0.0000D+00   0.1238D+00   0.0000D+00   0.2203D+00   0.0000D+00   0.4896D-01   0.0000D+00   0.0000D+00   0.0000D+00   0.5275D+00   0.0000D+00   0.9629D-01   0.0000D+00   0.1238D+00   0.0000D+00
   0.0000D+00   0.0000D+00   0.0000D+00   0.0000D+00   0.0000D+00   0.0000D+00   0.0000D+00   0.0000D+00
  -0.3639D+01   0.7496D+00  -0.5565D+01   0.4507D+00   0.3941D+00  -0.5275D+00  -0.6119D+01  -0.3717D-01  -0.3639D+01   0.7496D+00  -0.5565D+01   0.4507D+00
   0.6366D+00  -0.1431D-01   0.1172D+00  -0.5975D-02   0.1080D+00  -0.4636D-01   0.2586D+00   0.0000D+00   0.6505D-01   0.5655D-02   0.1089D-02   0.1851D-01   0.6366D+00  -0.1431D-01   0.1172D+00  -0.5975D-02   0.1080D+00  -0.4636D-01
  -0.7789D-03  -0.5420D-02  -0.3353D-02  -0.9881D-02  -0.7789D-03  -0.5420D-02  -0.3353D-02  -0.9881D-02
  1.000  0.500
  -0.4698D+01   0.0000D+00  -0.6577D+01   0.0000D+00   0.0000D+00   0.0000D+00  -0.6810D+01   0.0000D+00  -0.4698D+01   0.0000D+00  -0.6577D+01   0.0000D+00
   0.5246D+00   0.0000D+00   0.9657D-01   0.0000D+00   0.1218D+00   0.0000D+00   0.2191D+00   0.0000D+00   0.4868D-01   0.0000D+00   0.0000D+00   0.0000D+00   0.5246D+00   0.0000D+00   0.9657D-01   0.0000D+00   0.1218D+00   0.0000D+00
   0.0000D+00   0.0000D+00   0.0000D+00   0.0000D+00   0.0000D+00   0.0000D+00   0.0000D+00   0.0000D+00
  -0.3312D+01   0.1098D+01  -0.5485D+01   0.6631D+00   0.5511D+00  -0.7789D+00  -0.6231D+01  -0.5420D-01  -0.3312D+01   0.1098D+01  -0.5485D+01   0.6631D+00
   0.6394D+00  -0.1705D-01   0.1185D+00  -0.7201D-02   0.9905D-01  -0.5638D-01   0.2597D+00   0.0000D+00   0.6608D-01   0.6826D-02   0.1379D-02   0.2234D-01   0.6394D+00  -0.1705D-01   0.1185D+00  -0.7201D-02   0.9905D-01  -0.5638D-01
  -0.9398D-03  -0.6559D-02  -0.4087D-02  -0.1201D-01  -0.9398D-03  -0.6559D-02  -0.4087D-02  -0.1201D-01
  1.000  1.000
  -0.4247D+01   0.0000D+00  -0.5946D+01   0.0000D+00   0.0000D+00   0.0000D+00  -0.6157D+01   0.0000D+00  -0.4247D+01   0.0000D+00  -0.5946D+01   0.0000D+00
   0.5246D+00   0.0000D+00   0.9657D-01   0.0000D+00   0.1218D+00   0.0000D+00   0.2191D+00   0.0000D+00   0.4868D-01   0.0000D+00   0.0000D+00   0.0000D+00   0.5246D+00   0.0000D+00   0.9657D-01   0.0000D+00   0.1218D+00   0.0000D+00
   0.0000D+00   0.0000D+00   0.0000D+00   0.0000D+00   0.0000D+00   0.0000D+00   0.0000D+00   0.0000D+00
  -0.3507D+01   0.8975D+00  -0.5603D+01   0.5420D+00   0.4503D+00  -0.6366D+00  -0.6252D+01  -0.4430D-01  -0.3507D+01   0.8975D+00  -0.5603D+01   0.5420D+00
   0.6292D+00  -0.1541D-01   0.1165D+00  -0.6510D-02   0.1014D+00  -0.5097D-01   0.2561D+00   0.0000D+00   0.6448D-01   0.6172D-02   0.1258D-02   0.2020D-01   0.6292D+00  -0.1541D-01   0.1165D+00  -0.6510D-02   0.1014D+00  -0.5097D-01
  -0.8495D-03  -0.5930D-02  -0.3695D-02  -0.1086D-01  -0.8495D-03  -0.5930D-02  -0.3695D-02  -0.1086D-01
  1.000  2.000
  -0.3877D+01   0.0000D+00  -0.5427D+01   0.0000D+00   0.0000D+00   0.0000D+00  -0.5620D+01   0.0000D+00  -0.3877D+01   0.0000D+00  -0.5427D+01   0.0000D+00
   0.5246D+00   0.0000D+00   0.9657D-01   0.0000D+00   0.1218D+00   0.0000D+00   0.2191D+00   0.0000D+00   0.4868D-01   0.0000D+00   0.0000D+00   0.0000D+00   0.5246D+00   0.0000D+00   0.9657D-01   0.0000D+00   0.1218D+00   0.0000D+00
   0.0000D+00   0.0000D+00   0.0000D+00   0.0000D+00   0.0000D+00   0.0000D+00   0.0000D+00   0.0000D+00
  -0.3587D+01   0.7477D+00  -0.5599D+01   0.4515D+00   0.3751D+00  -0.5304D+00  -0.6173D+01  -0.3691D-01  -0.3587D+01   0.7477D+00  -0.5599D+01   0.4515D+00
   0.6208D+00  -0.1407D-01   0.1149D+00  -0.5942D-02   0.1034D+00  -0.4653D-01   0.2531D+00   0.0000D+00   0.6316D-01   0.5634D-02   0.1156D-02   0.1844D-01   0.6208D+00  -0.1407D-01   0.1149D+00  -0.5942D-02   0.1034D+00  -0.4653D-01
  -0.7754D-03  -0.5413D-02  -0.3373D-02  -0.9913D-02  -0.7754D-03  -0.5413D-02  -0.3373D-02  -0.9913D-02
  2.000  0.500
  -0.4613D+01   0.0000D+00  -0.6549D+01   0.0000D+00   0.0000D+00   0.0000D+00  -0.6736D+01   0.0000D+00  -0.4613D+01   0.0000D+00  -0.6549D+01   0.0000D+00
   0.5197D+00   0.0000D+00   0.9552D-01   0.0000D+00   0.1199D+00   0.0000D+00   0.2172D+00   0.0000D+00   0.4826D-01   0.0000D+00   0.0000D+00   0.0000D+00   0.5197D+00   0.0000D+00   0.9552D-01   0.0000D+00   0.1199D+00   0.0000D+00
   0.0000D+00   0.0000D+00   0.0000D+00   0.0000D+00   0.0000D+00   0.0000D+00   0.0000D+00   0.0000D+00
  -0.3358D+01   0.1091D+01  -0.5591D+01   0.6591D+00   0.5381D+00  -0.7717D+00  -0.6323D+01  -0.5388D-01  -0.3358D+01   0.1091D+01  -0.5591D+01   0.6591D+00
   0.6294D+00  -0.1679D-01   0.1163D+00  -0.7088D-02   0.9725D-01  -0.5593D-01   0.2571D+00   0.0000D+00   0.6536D-01   0.6759D-02   0.1026D-02   0.2212D-01   0.6294D+00  -0.1679D-01   0.1163D+00  -0.7088D-02   0.9725D-01  -0.5593D-01
  -0.9382D-03  -0.6468D-02  -0.4085D-02  -0.1187D-01  -0.9382D-03  -0.6468D-02  -0.4085D-02  -0.1187D-01
  2.000  1.000
  -0.4170D+01   0.0000D+00  -0.5920D+01   0.0000D+00   0.0000D+00   0.0000D+00  -0.6090D+01   0.0000D+00  -0.4170D+01   0.0000D+00  -0.5920D+01   0.0000D+00
   0.5197D+00   0.0000D+00   0.9552D-01   0.0000D+00   0.1199D+00   0.0000D+00   0.2172D+00   0.0000D+00   0.4826D-01   0.0000D+00   0.0000D+00   0.0000D+00   0.5197D+00   0.0000D+00   0.9552D-01   0.0000D+00   0.1199D+00   0.0000D+00
   0.0000D+00   0.0000D+00   0.0000D+00   0.0000D+00   0.0000D+00   0.0000D+00   0.0000D+00   0.0000D+00
  -0.3531D+01   0.8916D+00  -0.5685D+01   0.5387D+00   0.4395D+00  -0.6307D+00  -0.6315D+01  -0.4403D-01  -0.3531D+01   0.8916D+00  -0.5685D+01   0.5387D+00
   0.6201D+00  -0.1518D-01   0.1145D+00  -0.6408D-02   0.9979D-01  -0.5057D-01   0.2536D+00   0.0000D+00   0.6382D-01   0.6110D-02   0.9399D-03   0.2000D-01   0.6201D+00  -0.1518D-01   0.1145D+00  -0.6408D-02   0.9979D-01  -0.5057D-01
  -0.8481D-03  -0.5848D-02  -0.3693D-02  -0.1074D-01  -0.8481D-03  -0.5848D-02  -0.3693D-02  -0.1074D-01
  2.000  2.000
  -0.3807D+01   0.0000D+00  -0.5404D+01   0.0000D+00   0.0000D+00   0.0000D+00  -0.5558D+01   0.0000D+00  -0.3807D+01   0.0000D+00  -0.5404D+01   0.0000D+00
   0.5197D+00   0.0000D+00   0.9552D-01   0.0000D+00   0.1199D+00   0.0000D+00   0.2172D+00   0.0000D+00   0.4826D-01   0.0000D+00   0.0000D+00   0.0000D+00   0.5197D+00   0.0000D+00   0.9552D-01   0.0000D+00   0.1199D+00   0.0000D+00
   0.0000D+00   0.0000D+00   0.0000D+00   0.0000D+00   0.0000D+00   0.0000D+00   0.0000D+00   0.0000D+00
  -0.3594D+01   0.7428D+00  -0.5662D+01   0.4488D+00   0.3661D+00  -0.5255D+00  -0.6214D+01  -0.3669D-01  -0.3594D+01   0.7428D+00  -0.5662D+01   0.4488D+00
   0.6113D+00  -0.1385D-01   0.1128D+00  -0.5849D-02   0.1015D+00  -0.4616D-01   0.2505D+00   0.0000D+00   0.6247D-01   0.5577D-02   0.8644D-03   0.1825D-01   0.6113D+00  -0.1385D-01   0.1128D+00  -0.5849D-02   0.1015D+00  -0.4616D-01
  -0.7741D-03  -0.5338D-02  -0.3371D-02  -0.9800D-02  -0.7741D-03  -0.5338D-02  -0.3371D-02  -0.9800D-02
