 LHC=           1 sqrts=   8000.0000000000000      ang=           4 mode=fital                                                                                               scalescheme=           1 R=  0.69999999999999996     
 MSTW2008nlo68cl_rand1235                                                                                      70
 Bin information: chid, chiu, md, mu, mu0
   0.0000000000000000       0.50000000000000000        1248.0000000000000        1327.0000000000000        1287.5000000000000     
 9 scales(muf, mur)*(LO(38), NLO(38))
  0.500  0.500
  -0.4113D-01   0.0000D+00  -0.2641D-01   0.0000D+00   0.0000D+00   0.0000D+00  -0.1221D-01   0.0000D+00  -0.4113D-01   0.0000D+00  -0.2641D-01   0.0000D+00
   0.1353D+00   0.0000D+00   0.2009D-01   0.0000D+00   0.5982D-01   0.0000D+00   0.2074D-01   0.0000D+00   0.4610D-02   0.0000D+00   0.0000D+00   0.0000D+00   0.1353D+00   0.0000D+00   0.2009D-01   0.0000D+00   0.5982D-01   0.0000D+00
   0.0000D+00   0.0000D+00   0.0000D+00   0.0000D+00   0.0000D+00   0.0000D+00   0.0000D+00   0.0000D+00
  -0.3427D-01   0.3091D-02  -0.2320D-01   0.1804D-02   0.1540D-02  -0.1080D-02  -0.1060D-01   0.6357D-03  -0.3427D-01   0.3091D-02  -0.2320D-01   0.1804D-02
   0.9949D-01  -0.6465D-02   0.1509D-01  -0.1832D-02   0.3452D-01  -0.1065D-01   0.1721D-01   0.0000D+00   0.4259D-02   0.4981D-03  -0.1033D-02   0.1630D-02   0.9949D-01  -0.6465D-02   0.1509D-01  -0.1832D-02   0.3452D-01  -0.1065D-01
  -0.6748D-03  -0.1654D-02  -0.6621D-03  -0.1412D-02  -0.6748D-03  -0.1654D-02  -0.6621D-03  -0.1412D-02
  0.500  1.000
  -0.3805D-01   0.0000D+00  -0.2443D-01   0.0000D+00   0.0000D+00   0.0000D+00  -0.1130D-01   0.0000D+00  -0.3805D-01   0.0000D+00  -0.2443D-01   0.0000D+00
   0.1353D+00   0.0000D+00   0.2009D-01   0.0000D+00   0.5982D-01   0.0000D+00   0.2074D-01   0.0000D+00   0.4610D-02   0.0000D+00   0.0000D+00   0.0000D+00   0.1353D+00   0.0000D+00   0.2009D-01   0.0000D+00   0.5982D-01   0.0000D+00
   0.0000D+00   0.0000D+00   0.0000D+00   0.0000D+00   0.0000D+00   0.0000D+00   0.0000D+00   0.0000D+00
  -0.3493D-01   0.2645D-02  -0.2345D-01   0.1544D-02   0.1318D-02  -0.9238D-03  -0.1074D-01   0.5439D-03  -0.3493D-01   0.2645D-02  -0.2345D-01   0.1544D-02
   0.1022D+00  -0.5980D-02   0.1547D-01  -0.1695D-02   0.3643D-01  -0.9855D-02   0.1748D-01   0.0000D+00   0.4286D-02   0.4607D-03  -0.9559D-03   0.1508D-02   0.1022D+00  -0.5980D-02   0.1547D-01  -0.1695D-02   0.3643D-01  -0.9855D-02
  -0.6242D-03  -0.1530D-02  -0.6125D-03  -0.1307D-02  -0.6242D-03  -0.1530D-02  -0.6125D-03  -0.1307D-02
  0.500  2.000
  -0.3540D-01   0.0000D+00  -0.2273D-01   0.0000D+00   0.0000D+00   0.0000D+00  -0.1051D-01   0.0000D+00  -0.3540D-01   0.0000D+00  -0.2273D-01   0.0000D+00
   0.1353D+00   0.0000D+00   0.2009D-01   0.0000D+00   0.5982D-01   0.0000D+00   0.2074D-01   0.0000D+00   0.4610D-02   0.0000D+00   0.0000D+00   0.0000D+00   0.1353D+00   0.0000D+00   0.2009D-01   0.0000D+00   0.5982D-01   0.0000D+00
   0.0000D+00   0.0000D+00   0.0000D+00   0.0000D+00   0.0000D+00   0.0000D+00   0.0000D+00   0.0000D+00
  -0.3509D-01   0.2289D-02  -0.2342D-01   0.1336D-02   0.1141D-02  -0.7997D-03  -0.1074D-01   0.4708D-03  -0.3509D-01   0.2289D-02  -0.2342D-01   0.1336D-02
   0.1045D+00  -0.5564D-02   0.1579D-01  -0.1577D-02   0.3806D-01  -0.9169D-02   0.1771D-01   0.0000D+00   0.4309D-02   0.4286D-03  -0.8894D-03   0.1403D-02   0.1045D+00  -0.5564D-02   0.1579D-01  -0.1577D-02   0.3806D-01  -0.9169D-02
  -0.5808D-03  -0.1424D-02  -0.5698D-03  -0.1216D-02  -0.5808D-03  -0.1424D-02  -0.5698D-03  -0.1216D-02
  1.000  0.500
  -0.3596D-01   0.0000D+00  -0.2301D-01   0.0000D+00   0.0000D+00   0.0000D+00  -0.1060D-01   0.0000D+00  -0.3596D-01   0.0000D+00  -0.2301D-01   0.0000D+00
   0.1180D+00   0.0000D+00   0.1751D-01   0.0000D+00   0.5225D-01   0.0000D+00   0.1798D-01   0.0000D+00   0.3996D-02   0.0000D+00   0.0000D+00   0.0000D+00   0.1180D+00   0.0000D+00   0.1751D-01   0.0000D+00   0.5225D-01   0.0000D+00
   0.0000D+00   0.0000D+00   0.0000D+00   0.0000D+00   0.0000D+00   0.0000D+00   0.0000D+00   0.0000D+00
  -0.3483D-01   0.2692D-02  -0.2339D-01   0.1573D-02   0.1325D-02  -0.9372D-03  -0.1071D-01   0.5548D-03  -0.3483D-01   0.2692D-02  -0.2339D-01   0.1573D-02
   0.1028D+00  -0.5644D-02   0.1559D-01  -0.1600D-02   0.3725D-01  -0.9284D-02   0.1750D-01   0.0000D+00   0.4256D-02   0.4318D-03  -0.9026D-03   0.1413D-02   0.1028D+00  -0.5644D-02   0.1559D-01  -0.1600D-02   0.3725D-01  -0.9284D-02
  -0.5903D-03  -0.1448D-02  -0.5760D-03  -0.1229D-02  -0.5903D-03  -0.1448D-02  -0.5760D-03  -0.1229D-02
  1.000  1.000
  -0.3326D-01   0.0000D+00  -0.2128D-01   0.0000D+00   0.0000D+00   0.0000D+00  -0.9808D-02   0.0000D+00  -0.3326D-01   0.0000D+00  -0.2128D-01   0.0000D+00
   0.1180D+00   0.0000D+00   0.1751D-01   0.0000D+00   0.5225D-01   0.0000D+00   0.1798D-01   0.0000D+00   0.3996D-02   0.0000D+00   0.0000D+00   0.0000D+00   0.1180D+00   0.0000D+00   0.1751D-01   0.0000D+00   0.5225D-01   0.0000D+00
   0.0000D+00   0.0000D+00   0.0000D+00   0.0000D+00   0.0000D+00   0.0000D+00   0.0000D+00   0.0000D+00
  -0.3471D-01   0.2303D-02  -0.2316D-01   0.1346D-02   0.1134D-02  -0.8019D-03  -0.1061D-01   0.4747D-03  -0.3471D-01   0.2303D-02  -0.2316D-01   0.1346D-02
   0.1039D+00  -0.5221D-02   0.1573D-01  -0.1480D-02   0.3838D-01  -0.8587D-02   0.1754D-01   0.0000D+00   0.4237D-02   0.3995D-03  -0.8350D-03   0.1307D-02   0.1039D+00  -0.5221D-02   0.1573D-01  -0.1480D-02   0.3838D-01  -0.8587D-02
  -0.5460D-03  -0.1339D-02  -0.5328D-03  -0.1137D-02  -0.5460D-03  -0.1339D-02  -0.5328D-03  -0.1137D-02
  1.000  2.000
  -0.3095D-01   0.0000D+00  -0.1980D-01   0.0000D+00   0.0000D+00   0.0000D+00  -0.9126D-02   0.0000D+00  -0.3095D-01   0.0000D+00  -0.1980D-01   0.0000D+00
   0.1180D+00   0.0000D+00   0.1751D-01   0.0000D+00   0.5225D-01   0.0000D+00   0.1798D-01   0.0000D+00   0.3996D-02   0.0000D+00   0.0000D+00   0.0000D+00   0.1180D+00   0.0000D+00   0.1751D-01   0.0000D+00   0.5225D-01   0.0000D+00
   0.0000D+00   0.0000D+00   0.0000D+00   0.0000D+00   0.0000D+00   0.0000D+00   0.0000D+00   0.0000D+00
  -0.3429D-01   0.1994D-02  -0.2276D-01   0.1165D-02   0.9816D-03  -0.6942D-03  -0.1043D-01   0.4109D-03  -0.3429D-01   0.1994D-02  -0.2276D-01   0.1165D-02
   0.1049D+00  -0.4857D-02   0.1586D-01  -0.1377D-02   0.3935D-01  -0.7990D-02   0.1757D-01   0.0000D+00   0.4221D-02   0.3717D-03  -0.7769D-03   0.1216D-02   0.1049D+00  -0.4857D-02   0.1586D-01  -0.1377D-02   0.3935D-01  -0.7990D-02
  -0.5080D-03  -0.1246D-02  -0.4957D-03  -0.1058D-02  -0.5080D-03  -0.1246D-02  -0.4957D-03  -0.1058D-02
  2.000  0.500
  -0.3175D-01   0.0000D+00  -0.2022D-01   0.0000D+00   0.0000D+00   0.0000D+00  -0.9300D-02   0.0000D+00  -0.3175D-01   0.0000D+00  -0.2022D-01   0.0000D+00
   0.1038D+00   0.0000D+00   0.1536D-01   0.0000D+00   0.4608D-01   0.0000D+00   0.1575D-01   0.0000D+00   0.3500D-02   0.0000D+00   0.0000D+00   0.0000D+00   0.1038D+00   0.0000D+00   0.1536D-01   0.0000D+00   0.4608D-01   0.0000D+00
   0.0000D+00   0.0000D+00   0.0000D+00   0.0000D+00   0.0000D+00   0.0000D+00   0.0000D+00   0.0000D+00
  -0.3507D-01   0.2366D-02  -0.2338D-01   0.1384D-02   0.1132D-02  -0.8221D-03  -0.1072D-01   0.4890D-03  -0.3507D-01   0.2366D-02  -0.2338D-01   0.1384D-02
   0.1049D+00  -0.4980D-02   0.1583D-01  -0.1410D-02   0.3928D-01  -0.8165D-02   0.1759D-01   0.0000D+00   0.4230D-02   0.3781D-03  -0.7856D-03   0.1237D-02   0.1049D+00  -0.4980D-02   0.1583D-01  -0.1410D-02   0.3928D-01  -0.8165D-02
  -0.5210D-03  -0.1268D-02  -0.5058D-03  -0.1075D-02  -0.5210D-03  -0.1268D-02  -0.5058D-03  -0.1075D-02
  2.000  1.000
  -0.2937D-01   0.0000D+00  -0.1871D-01   0.0000D+00   0.0000D+00   0.0000D+00  -0.8603D-02   0.0000D+00  -0.2937D-01   0.0000D+00  -0.1871D-01   0.0000D+00
   0.1038D+00   0.0000D+00   0.1536D-01   0.0000D+00   0.4608D-01   0.0000D+00   0.1575D-01   0.0000D+00   0.3500D-02   0.0000D+00   0.0000D+00   0.0000D+00   0.1038D+00   0.0000D+00   0.1536D-01   0.0000D+00   0.4608D-01   0.0000D+00
   0.0000D+00   0.0000D+00   0.0000D+00   0.0000D+00   0.0000D+00   0.0000D+00   0.0000D+00   0.0000D+00
  -0.3434D-01   0.2024D-02  -0.2277D-01   0.1184D-02   0.9689D-03  -0.7034D-03  -0.1044D-01   0.4184D-03  -0.3434D-01   0.2024D-02  -0.2277D-01   0.1184D-02
   0.1048D+00  -0.4606D-02   0.1580D-01  -0.1304D-02   0.3979D-01  -0.7552D-02   0.1745D-01   0.0000D+00   0.4176D-02   0.3497D-03  -0.7267D-03   0.1145D-02   0.1048D+00  -0.4606D-02   0.1580D-01  -0.1304D-02   0.3979D-01  -0.7552D-02
  -0.4819D-03  -0.1173D-02  -0.4679D-03  -0.9946D-03  -0.4819D-03  -0.1173D-02  -0.4679D-03  -0.9946D-03
  2.000  2.000
  -0.2733D-01   0.0000D+00  -0.1740D-01   0.0000D+00   0.0000D+00   0.0000D+00  -0.8004D-02   0.0000D+00  -0.2733D-01   0.0000D+00  -0.1740D-01   0.0000D+00
   0.1038D+00   0.0000D+00   0.1536D-01   0.0000D+00   0.4608D-01   0.0000D+00   0.1575D-01   0.0000D+00   0.3500D-02   0.0000D+00   0.0000D+00   0.0000D+00   0.1038D+00   0.0000D+00   0.1536D-01   0.0000D+00   0.4608D-01   0.0000D+00
   0.0000D+00   0.0000D+00   0.0000D+00   0.0000D+00   0.0000D+00   0.0000D+00   0.0000D+00   0.0000D+00
  -0.3348D-01   0.1752D-02  -0.2209D-01   0.1025D-02   0.8388D-03  -0.6089D-03  -0.1013D-01   0.3622D-03  -0.3348D-01   0.1752D-02  -0.2209D-01   0.1025D-02
   0.1047D+00  -0.4286D-02   0.1577D-01  -0.1214D-02   0.4024D-01  -0.7027D-02   0.1733D-01   0.0000D+00   0.4129D-02   0.3254D-03  -0.6762D-03   0.1065D-02   0.1047D+00  -0.4286D-02   0.1577D-01  -0.1214D-02   0.4024D-01  -0.7027D-02
  -0.4484D-03  -0.1091D-02  -0.4353D-03  -0.9254D-03  -0.4484D-03  -0.1091D-02  -0.4353D-03  -0.9254D-03
