 LHC=           1 sqrts=   8000.0000000000000      ang=           4 mode=fital                                                                                               scalescheme=           1 R=  0.69999999999999996     
 CT10nlo_rand5678                                                                                              71
 Bin information: chid, chiu, md, mu, mu0
   0.0000000000000000       0.50000000000000000        638.00000000000000        686.00000000000000        662.00000000000000     
 9 scales(muf, mur)*(LO(38), NLO(38))
  0.500  0.500
  -0.4778D+00   0.0000D+00  -0.4026D+00   0.0000D+00   0.0000D+00   0.0000D+00  -0.2794D+00   0.0000D+00  -0.4778D+00   0.0000D+00  -0.4026D+00   0.0000D+00
   0.5072D+00   0.0000D+00   0.8307D-01   0.0000D+00   0.1786D+00   0.0000D+00   0.1304D+00   0.0000D+00   0.2898D-01   0.0000D+00   0.0000D+00   0.0000D+00   0.5072D+00   0.0000D+00   0.8307D-01   0.0000D+00   0.1786D+00   0.0000D+00
   0.0000D+00   0.0000D+00   0.0000D+00   0.0000D+00   0.0000D+00   0.0000D+00   0.0000D+00   0.0000D+00
  -0.3676D+00   0.5231D-01  -0.3495D+00   0.3066D-01   0.3242D-01  -0.2638D-01  -0.2541D+00   0.5049D-02  -0.3676D+00   0.5231D-01  -0.3495D+00   0.3066D-01
   0.4128D+00  -0.2060D-01   0.6978D-01  -0.6642D-02   0.9901D-01  -0.4359D-01   0.1160D+00   0.0000D+00   0.2896D-01   0.3345D-02  -0.3166D-02   0.1095D-01   0.4128D+00  -0.2060D-01   0.6978D-01  -0.6642D-02   0.9901D-01  -0.4359D-01
  -0.1931D-02  -0.5874D-02  -0.3105D-02  -0.7201D-02  -0.1931D-02  -0.5874D-02  -0.3105D-02  -0.7201D-02
  0.500  1.000
  -0.4397D+00   0.0000D+00  -0.3705D+00   0.0000D+00   0.0000D+00   0.0000D+00  -0.2571D+00   0.0000D+00  -0.4397D+00   0.0000D+00  -0.3705D+00   0.0000D+00
   0.5072D+00   0.0000D+00   0.8307D-01   0.0000D+00   0.1786D+00   0.0000D+00   0.1304D+00   0.0000D+00   0.2898D-01   0.0000D+00   0.0000D+00   0.0000D+00   0.5072D+00   0.0000D+00   0.8307D-01   0.0000D+00   0.1786D+00   0.0000D+00
   0.0000D+00   0.0000D+00   0.0000D+00   0.0000D+00   0.0000D+00   0.0000D+00   0.0000D+00   0.0000D+00
  -0.3803D+00   0.4428D-01  -0.3541D+00   0.2596D-01   0.2745D-01  -0.2233D-01  -0.2555D+00   0.4275D-02  -0.3803D+00   0.4428D-01  -0.3541D+00   0.2596D-01
   0.4204D+00  -0.1895D-01   0.7086D-01  -0.6111D-02   0.1054D+00  -0.4011D-01   0.1172D+00   0.0000D+00   0.2897D-01   0.3077D-02  -0.2914D-02   0.1007D-01   0.4204D+00  -0.1895D-01   0.7086D-01  -0.6111D-02   0.1054D+00  -0.4011D-01
  -0.1777D-02  -0.5405D-02  -0.2857D-02  -0.6626D-02  -0.1777D-02  -0.5405D-02  -0.2857D-02  -0.6626D-02
  0.500  2.000
  -0.4072D+00   0.0000D+00  -0.3431D+00   0.0000D+00   0.0000D+00   0.0000D+00  -0.2381D+00   0.0000D+00  -0.4072D+00   0.0000D+00  -0.3431D+00   0.0000D+00
   0.5072D+00   0.0000D+00   0.8307D-01   0.0000D+00   0.1786D+00   0.0000D+00   0.1304D+00   0.0000D+00   0.2898D-01   0.0000D+00   0.0000D+00   0.0000D+00   0.5072D+00   0.0000D+00   0.8307D-01   0.0000D+00   0.1786D+00   0.0000D+00
   0.0000D+00   0.0000D+00   0.0000D+00   0.0000D+00   0.0000D+00   0.0000D+00   0.0000D+00   0.0000D+00
  -0.3854D+00   0.3799D-01  -0.3536D+00   0.2227D-01   0.2355D-01  -0.1916D-01  -0.2538D+00   0.3667D-02  -0.3854D+00   0.3799D-01  -0.3536D+00   0.2227D-01
   0.4269D+00  -0.1756D-01   0.7177D-01  -0.5660D-02   0.1108D+00  -0.3715D-01   0.1182D+00   0.0000D+00   0.2897D-01   0.2850D-02  -0.2699D-02   0.9328D-02   0.4269D+00  -0.1756D-01   0.7177D-01  -0.5660D-02   0.1108D+00  -0.3715D-01
  -0.1646D-02  -0.5006D-02  -0.2646D-02  -0.6137D-02  -0.1646D-02  -0.5006D-02  -0.2646D-02  -0.6137D-02
  1.000  0.500
  -0.4392D+00   0.0000D+00  -0.3705D+00   0.0000D+00   0.0000D+00   0.0000D+00  -0.2559D+00   0.0000D+00  -0.4392D+00   0.0000D+00  -0.3705D+00   0.0000D+00
   0.4661D+00   0.0000D+00   0.7628D-01   0.0000D+00   0.1639D+00   0.0000D+00   0.1195D+00   0.0000D+00   0.2655D-01   0.0000D+00   0.0000D+00   0.0000D+00   0.4661D+00   0.0000D+00   0.7628D-01   0.0000D+00   0.1639D+00   0.0000D+00
   0.0000D+00   0.0000D+00   0.0000D+00   0.0000D+00   0.0000D+00   0.0000D+00   0.0000D+00   0.0000D+00
  -0.3718D+00   0.4809D-01  -0.3524D+00   0.2812D-01   0.2989D-01  -0.2416D-01  -0.2539D+00   0.4681D-02  -0.3718D+00   0.4809D-01  -0.3524D+00   0.2812D-01
   0.4164D+00  -0.1892D-01   0.7032D-01  -0.6102D-02   0.1033D+00  -0.3999D-01   0.1161D+00   0.0000D+00   0.2875D-01   0.3063D-02  -0.2878D-02   0.1002D-01   0.4164D+00  -0.1892D-01   0.7032D-01  -0.6102D-02   0.1033D+00  -0.3999D-01
  -0.1774D-02  -0.5401D-02  -0.2856D-02  -0.6599D-02  -0.1774D-02  -0.5401D-02  -0.2856D-02  -0.6599D-02
  1.000  1.000
  -0.4041D+00   0.0000D+00  -0.3409D+00   0.0000D+00   0.0000D+00   0.0000D+00  -0.2354D+00   0.0000D+00  -0.4041D+00   0.0000D+00  -0.3409D+00   0.0000D+00
   0.4661D+00   0.0000D+00   0.7628D-01   0.0000D+00   0.1639D+00   0.0000D+00   0.1195D+00   0.0000D+00   0.2655D-01   0.0000D+00   0.0000D+00   0.0000D+00   0.4661D+00   0.0000D+00   0.7628D-01   0.0000D+00   0.1639D+00   0.0000D+00
   0.0000D+00   0.0000D+00   0.0000D+00   0.0000D+00   0.0000D+00   0.0000D+00   0.0000D+00   0.0000D+00
  -0.3783D+00   0.4071D-01  -0.3519D+00   0.2381D-01   0.2530D-01  -0.2045D-01  -0.2519D+00   0.3963D-02  -0.3783D+00   0.4071D-01  -0.3519D+00   0.2381D-01
   0.4205D+00  -0.1741D-01   0.7081D-01  -0.5615D-02   0.1082D+00  -0.3679D-01   0.1164D+00   0.0000D+00   0.2857D-01   0.2818D-02  -0.2648D-02   0.9224D-02   0.4205D+00  -0.1741D-01   0.7081D-01  -0.5615D-02   0.1082D+00  -0.3679D-01
  -0.1632D-02  -0.4969D-02  -0.2628D-02  -0.6072D-02  -0.1632D-02  -0.4969D-02  -0.2628D-02  -0.6072D-02
  1.000  2.000
  -0.3743D+00   0.0000D+00  -0.3158D+00   0.0000D+00   0.0000D+00   0.0000D+00  -0.2181D+00   0.0000D+00  -0.3743D+00   0.0000D+00  -0.3158D+00   0.0000D+00
   0.4661D+00   0.0000D+00   0.7628D-01   0.0000D+00   0.1639D+00   0.0000D+00   0.1195D+00   0.0000D+00   0.2655D-01   0.0000D+00   0.0000D+00   0.0000D+00   0.4661D+00   0.0000D+00   0.7628D-01   0.0000D+00   0.1639D+00   0.0000D+00
   0.0000D+00   0.0000D+00   0.0000D+00   0.0000D+00   0.0000D+00   0.0000D+00   0.0000D+00   0.0000D+00
  -0.3789D+00   0.3493D-01  -0.3478D+00   0.2043D-01   0.2171D-01  -0.1755D-01  -0.2478D+00   0.3400D-02  -0.3789D+00   0.3493D-01  -0.3478D+00   0.2043D-01
   0.4240D+00  -0.1612D-01   0.7123D-01  -0.5200D-02   0.1123D+00  -0.3408D-01   0.1166D+00   0.0000D+00   0.2843D-01   0.2610D-02  -0.2452D-02   0.8543D-02   0.4240D+00  -0.1612D-01   0.7123D-01  -0.5200D-02   0.1123D+00  -0.3408D-01
  -0.1512D-02  -0.4603D-02  -0.2434D-02  -0.5624D-02  -0.1512D-02  -0.4603D-02  -0.2434D-02  -0.5624D-02
  2.000  0.500
  -0.4060D+00   0.0000D+00  -0.3434D+00   0.0000D+00   0.0000D+00   0.0000D+00  -0.2356D+00   0.0000D+00  -0.4060D+00   0.0000D+00  -0.3434D+00   0.0000D+00
   0.4301D+00   0.0000D+00   0.7040D-01   0.0000D+00   0.1516D+00   0.0000D+00   0.1099D+00   0.0000D+00   0.2443D-01   0.0000D+00   0.0000D+00   0.0000D+00   0.4301D+00   0.0000D+00   0.7040D-01   0.0000D+00   0.1516D+00   0.0000D+00
   0.0000D+00   0.0000D+00   0.0000D+00   0.0000D+00   0.0000D+00   0.0000D+00   0.0000D+00   0.0000D+00
  -0.3820D+00   0.4459D-01  -0.3557D+00   0.2599D-01   0.2719D-01  -0.2225D-01  -0.2539D+00   0.4362D-02  -0.3820D+00   0.4459D-01  -0.3557D+00   0.2599D-01
   0.4200D+00  -0.1749D-01   0.7096D-01  -0.5640D-02   0.1091D+00  -0.3682D-01   0.1163D+00   0.0000D+00   0.2855D-01   0.2819D-02  -0.2626D-02   0.9228D-02   0.4200D+00  -0.1749D-01   0.7096D-01  -0.5640D-02   0.1091D+00  -0.3682D-01
  -0.1645D-02  -0.4970D-02  -0.2642D-02  -0.6077D-02  -0.1645D-02  -0.4970D-02  -0.2642D-02  -0.6077D-02
  2.000  1.000
  -0.3735D+00   0.0000D+00  -0.3160D+00   0.0000D+00   0.0000D+00   0.0000D+00  -0.2168D+00   0.0000D+00  -0.3735D+00   0.0000D+00  -0.3160D+00   0.0000D+00
   0.4301D+00   0.0000D+00   0.7040D-01   0.0000D+00   0.1516D+00   0.0000D+00   0.1099D+00   0.0000D+00   0.2443D-01   0.0000D+00   0.0000D+00   0.0000D+00   0.4301D+00   0.0000D+00   0.7040D-01   0.0000D+00   0.1516D+00   0.0000D+00
   0.0000D+00   0.0000D+00   0.0000D+00   0.0000D+00   0.0000D+00   0.0000D+00   0.0000D+00   0.0000D+00
  -0.3821D+00   0.3775D-01  -0.3508D+00   0.2200D-01   0.2302D-01  -0.1884D-01  -0.2490D+00   0.3693D-02  -0.3821D+00   0.3775D-01  -0.3508D+00   0.2200D-01
   0.4209D+00  -0.1610D-01   0.7093D-01  -0.5189D-02   0.1125D+00  -0.3388D-01   0.1158D+00   0.0000D+00   0.2822D-01   0.2594D-02  -0.2417D-02   0.8490D-02   0.4209D+00  -0.1610D-01   0.7093D-01  -0.5189D-02   0.1125D+00  -0.3388D-01
  -0.1513D-02  -0.4573D-02  -0.2431D-02  -0.5591D-02  -0.1513D-02  -0.4573D-02  -0.2431D-02  -0.5591D-02
  2.000  2.000
  -0.3460D+00   0.0000D+00  -0.2927D+00   0.0000D+00   0.0000D+00   0.0000D+00  -0.2008D+00   0.0000D+00  -0.3460D+00   0.0000D+00  -0.2927D+00   0.0000D+00
   0.4301D+00   0.0000D+00   0.7040D-01   0.0000D+00   0.1516D+00   0.0000D+00   0.1099D+00   0.0000D+00   0.2443D-01   0.0000D+00   0.0000D+00   0.0000D+00   0.4301D+00   0.0000D+00   0.7040D-01   0.0000D+00   0.1516D+00   0.0000D+00
   0.0000D+00   0.0000D+00   0.0000D+00   0.0000D+00   0.0000D+00   0.0000D+00   0.0000D+00   0.0000D+00
  -0.3781D+00   0.3239D-01  -0.3434D+00   0.1888D-01   0.1975D-01  -0.1616D-01  -0.2428D+00   0.3168D-02  -0.3781D+00   0.3239D-01  -0.3434D+00   0.1888D-01
   0.4216D+00  -0.1491D-01   0.7090D-01  -0.4806D-02   0.1155D+00  -0.3138D-01   0.1154D+00   0.0000D+00   0.2795D-01   0.2403D-02  -0.2238D-02   0.7864D-02   0.4216D+00  -0.1491D-01   0.7090D-01  -0.4806D-02   0.1155D+00  -0.3138D-01
  -0.1402D-02  -0.4236D-02  -0.2252D-02  -0.5179D-02  -0.1402D-02  -0.4236D-02  -0.2252D-02  -0.5179D-02
