 LHC=           1 sqrts=   8000.0000000000000      ang=           4 mode=fital                                                                                               scalescheme=           1 R=  0.69999999999999996     
 NNPDF23_nlo_as_0118                                                                                           44
 Bin information: chid, chiu, md, mu, mu0
   0.0000000000000000       0.50000000000000000        362.00000000000000        395.00000000000000        378.50000000000000     
 9 scales(muf, mur)*(LO(38), NLO(38))
  0.500  0.500
  -0.1489D+01   0.0000D+00  -0.1560D+01   0.0000D+00   0.0000D+00   0.0000D+00  -0.1363D+01   0.0000D+00  -0.1489D+01   0.0000D+00  -0.1560D+01   0.0000D+00
   0.6039D+00   0.0000D+00   0.1048D+00   0.0000D+00   0.1761D+00   0.0000D+00   0.2047D+00   0.0000D+00   0.4549D-01   0.0000D+00   0.0000D+00   0.0000D+00   0.6039D+00   0.0000D+00   0.1048D+00   0.0000D+00   0.1761D+00   0.0000D+00
   0.0000D+00   0.0000D+00   0.0000D+00   0.0000D+00   0.0000D+00   0.0000D+00   0.0000D+00   0.0000D+00
  -0.1088D+01   0.2242D+00  -0.1327D+01   0.1356D+00   0.1334D+00  -0.1384D+00  -0.1255D+01   0.3648D-02  -0.1088D+01   0.2242D+00  -0.1327D+01   0.1356D+00
   0.5697D+00  -0.2189D-01   0.1014D+00  -0.7925D-02   0.1084D+00  -0.5678D-01   0.2009D+00   0.0000D+00   0.5032D-01   0.5652D-02  -0.2423D-02   0.1850D-01   0.5697D+00  -0.2189D-01   0.1014D+00  -0.7925D-02   0.1084D+00  -0.5678D-01
  -0.1732D-02  -0.7064D-02  -0.4184D-02  -0.1071D-01  -0.1732D-02  -0.7064D-02  -0.4184D-02  -0.1071D-01
  0.500  1.000
  -0.1372D+01   0.0000D+00  -0.1438D+01   0.0000D+00   0.0000D+00   0.0000D+00  -0.1257D+01   0.0000D+00  -0.1372D+01   0.0000D+00  -0.1438D+01   0.0000D+00
   0.6039D+00   0.0000D+00   0.1048D+00   0.0000D+00   0.1761D+00   0.0000D+00   0.2047D+00   0.0000D+00   0.4549D-01   0.0000D+00   0.0000D+00   0.0000D+00   0.6039D+00   0.0000D+00   0.1048D+00   0.0000D+00   0.1761D+00   0.0000D+00
   0.0000D+00   0.0000D+00   0.0000D+00   0.0000D+00   0.0000D+00   0.0000D+00   0.0000D+00   0.0000D+00
  -0.1146D+01   0.1906D+00  -0.1360D+01   0.1153D+00   0.1134D+00  -0.1177D+00  -0.1269D+01   0.3101D-02  -0.1146D+01   0.1906D+00  -0.1360D+01   0.1153D+00
   0.5726D+00  -0.2018D-01   0.1017D+00  -0.7306D-02   0.1137D+00  -0.5235D-01   0.2012D+00   0.0000D+00   0.4996D-01   0.5210D-02  -0.2234D-02   0.1705D-01   0.5726D+00  -0.2018D-01   0.1017D+00  -0.7306D-02   0.1137D+00  -0.5235D-01
  -0.1597D-02  -0.6512D-02  -0.3857D-02  -0.9873D-02  -0.1597D-02  -0.6512D-02  -0.3857D-02  -0.9873D-02
  0.500  2.000
  -0.1273D+01   0.0000D+00  -0.1334D+01   0.0000D+00   0.0000D+00   0.0000D+00  -0.1166D+01   0.0000D+00  -0.1273D+01   0.0000D+00  -0.1334D+01   0.0000D+00
   0.6039D+00   0.0000D+00   0.1048D+00   0.0000D+00   0.1761D+00   0.0000D+00   0.2047D+00   0.0000D+00   0.4549D-01   0.0000D+00   0.0000D+00   0.0000D+00   0.6039D+00   0.0000D+00   0.1048D+00   0.0000D+00   0.1761D+00   0.0000D+00
   0.0000D+00   0.0000D+00   0.0000D+00   0.0000D+00   0.0000D+00   0.0000D+00   0.0000D+00   0.0000D+00
  -0.1177D+01   0.1640D+00  -0.1370D+01   0.9920D-01   0.9759D-01  -0.1013D+00  -0.1267D+01   0.2669D-02  -0.1177D+01   0.1640D+00  -0.1370D+01   0.9920D-01
   0.5751D+00  -0.1872D-01   0.1019D+00  -0.6778D-02   0.1183D+00  -0.4857D-01   0.2015D+00   0.0000D+00   0.4965D-01   0.4834D-02  -0.2072D-02   0.1582D-01   0.5751D+00  -0.1872D-01   0.1019D+00  -0.6778D-02   0.1183D+00  -0.4857D-01
  -0.1482D-02  -0.6041D-02  -0.3578D-02  -0.9159D-02  -0.1482D-02  -0.6041D-02  -0.3578D-02  -0.9159D-02
  1.000  0.500
  -0.1409D+01   0.0000D+00  -0.1489D+01   0.0000D+00   0.0000D+00   0.0000D+00  -0.1298D+01   0.0000D+00  -0.1409D+01   0.0000D+00  -0.1489D+01   0.0000D+00
   0.5730D+00   0.0000D+00   0.9968D-01   0.0000D+00   0.1667D+00   0.0000D+00   0.1942D+00   0.0000D+00   0.4315D-01   0.0000D+00   0.0000D+00   0.0000D+00   0.5730D+00   0.0000D+00   0.9968D-01   0.0000D+00   0.1667D+00   0.0000D+00
   0.0000D+00   0.0000D+00   0.0000D+00   0.0000D+00   0.0000D+00   0.0000D+00   0.0000D+00   0.0000D+00
  -0.1121D+01   0.2138D+00  -0.1351D+01   0.1288D+00   0.1259D+00  -0.1320D+00  -0.1259D+01   0.3608D-02  -0.1121D+01   0.2138D+00  -0.1351D+01   0.1288D+00
   0.5661D+00  -0.2071D-01   0.1009D+00  -0.7516D-02   0.1098D+00  -0.5374D-01   0.1987D+00   0.0000D+00   0.4952D-01   0.5362D-02  -0.2636D-02   0.1755D-01   0.5661D+00  -0.2071D-01   0.1009D+00  -0.7516D-02   0.1098D+00  -0.5374D-01
  -0.1650D-02  -0.6705D-02  -0.3995D-02  -0.1019D-01  -0.1650D-02  -0.6705D-02  -0.3995D-02  -0.1019D-01
  1.000  1.000
  -0.1299D+01   0.0000D+00  -0.1372D+01   0.0000D+00   0.0000D+00   0.0000D+00  -0.1197D+01   0.0000D+00  -0.1299D+01   0.0000D+00  -0.1372D+01   0.0000D+00
   0.5730D+00   0.0000D+00   0.9968D-01   0.0000D+00   0.1667D+00   0.0000D+00   0.1942D+00   0.0000D+00   0.4315D-01   0.0000D+00   0.0000D+00   0.0000D+00   0.5730D+00   0.0000D+00   0.9968D-01   0.0000D+00   0.1667D+00   0.0000D+00
   0.0000D+00   0.0000D+00   0.0000D+00   0.0000D+00   0.0000D+00   0.0000D+00   0.0000D+00   0.0000D+00
  -0.1163D+01   0.1817D+00  -0.1369D+01   0.1095D+00   0.1070D+00  -0.1122D+00  -0.1264D+01   0.3066D-02  -0.1163D+01   0.1817D+00  -0.1369D+01   0.1095D+00
   0.5669D+00  -0.1909D-01   0.1008D+00  -0.6929D-02   0.1143D+00  -0.4954D-01   0.1984D+00   0.0000D+00   0.4903D-01   0.4944D-02  -0.2429D-02   0.1618D-01   0.5669D+00  -0.1909D-01   0.1008D+00  -0.6929D-02   0.1143D+00  -0.4954D-01
  -0.1521D-02  -0.6181D-02  -0.3683D-02  -0.9396D-02  -0.1521D-02  -0.6181D-02  -0.3683D-02  -0.9396D-02
  1.000  2.000
  -0.1205D+01   0.0000D+00  -0.1273D+01   0.0000D+00   0.0000D+00   0.0000D+00  -0.1110D+01   0.0000D+00  -0.1205D+01   0.0000D+00  -0.1273D+01   0.0000D+00
   0.5730D+00   0.0000D+00   0.9968D-01   0.0000D+00   0.1667D+00   0.0000D+00   0.1942D+00   0.0000D+00   0.4315D-01   0.0000D+00   0.0000D+00   0.0000D+00   0.5730D+00   0.0000D+00   0.9968D-01   0.0000D+00   0.1667D+00   0.0000D+00
   0.0000D+00   0.0000D+00   0.0000D+00   0.0000D+00   0.0000D+00   0.0000D+00   0.0000D+00   0.0000D+00
  -0.1181D+01   0.1564D+00  -0.1369D+01   0.9421D-01   0.9207D-01  -0.9655D-01  -0.1253D+01   0.2639D-02  -0.1181D+01   0.1564D+00  -0.1369D+01   0.9421D-01
   0.5675D+00  -0.1771D-01   0.1008D+00  -0.6428D-02   0.1181D+00  -0.4596D-01   0.1982D+00   0.0000D+00   0.4862D-01   0.4586D-02  -0.2253D-02   0.1501D-01   0.5675D+00  -0.1771D-01   0.1008D+00  -0.6428D-02   0.1181D+00  -0.4596D-01
  -0.1411D-02  -0.5735D-02  -0.3417D-02  -0.8717D-02  -0.1411D-02  -0.5735D-02  -0.3417D-02  -0.8717D-02
  2.000  0.500
  -0.1339D+01   0.0000D+00  -0.1417D+01   0.0000D+00   0.0000D+00   0.0000D+00  -0.1235D+01   0.0000D+00  -0.1339D+01   0.0000D+00  -0.1417D+01   0.0000D+00
   0.5447D+00   0.0000D+00   0.9473D-01   0.0000D+00   0.1581D+00   0.0000D+00   0.1838D+00   0.0000D+00   0.4085D-01   0.0000D+00   0.0000D+00   0.0000D+00   0.5447D+00   0.0000D+00   0.9473D-01   0.0000D+00   0.1581D+00   0.0000D+00
   0.0000D+00   0.0000D+00   0.0000D+00   0.0000D+00   0.0000D+00   0.0000D+00   0.0000D+00   0.0000D+00
  -0.1133D+01   0.2041D+00  -0.1369D+01   0.1224D+00   0.1204D+00  -0.1255D+00  -0.1271D+01   0.3589D-02  -0.1133D+01   0.2041D+00  -0.1369D+01   0.1224D+00
   0.5629D+00  -0.1964D-01   0.9992D-01  -0.7137D-02   0.1118D+00  -0.5121D-01   0.1980D+00   0.0000D+00   0.4887D-01   0.5084D-02  -0.2178D-02   0.1664D-01   0.5629D+00  -0.1964D-01   0.9992D-01  -0.7137D-02   0.1118D+00  -0.5121D-01
  -0.1573D-02  -0.6368D-02  -0.3805D-02  -0.9671D-02  -0.1573D-02  -0.6368D-02  -0.3805D-02  -0.9671D-02
  2.000  1.000
  -0.1235D+01   0.0000D+00  -0.1307D+01   0.0000D+00   0.0000D+00   0.0000D+00  -0.1138D+01   0.0000D+00  -0.1235D+01   0.0000D+00  -0.1307D+01   0.0000D+00
   0.5447D+00   0.0000D+00   0.9473D-01   0.0000D+00   0.1581D+00   0.0000D+00   0.1838D+00   0.0000D+00   0.4085D-01   0.0000D+00   0.0000D+00   0.0000D+00   0.5447D+00   0.0000D+00   0.9473D-01   0.0000D+00   0.1581D+00   0.0000D+00
   0.0000D+00   0.0000D+00   0.0000D+00   0.0000D+00   0.0000D+00   0.0000D+00   0.0000D+00   0.0000D+00
  -0.1163D+01   0.1734D+00  -0.1375D+01   0.1041D+00   0.1023D+00  -0.1067D+00  -0.1264D+01   0.3051D-02  -0.1163D+01   0.1734D+00  -0.1375D+01   0.1041D+00
   0.5629D+00  -0.1811D-01   0.9974D-01  -0.6580D-02   0.1159D+00  -0.4721D-01   0.1972D+00   0.0000D+00   0.4832D-01   0.4687D-02  -0.2013D-02   0.1534D-01   0.5629D+00  -0.1811D-01   0.9974D-01  -0.6580D-02   0.1159D+00  -0.4721D-01
  -0.1450D-02  -0.5871D-02  -0.3508D-02  -0.8916D-02  -0.1450D-02  -0.5871D-02  -0.3508D-02  -0.8916D-02
  2.000  2.000
  -0.1146D+01   0.0000D+00  -0.1212D+01   0.0000D+00   0.0000D+00   0.0000D+00  -0.1056D+01   0.0000D+00  -0.1146D+01   0.0000D+00  -0.1212D+01   0.0000D+00
   0.5447D+00   0.0000D+00   0.9473D-01   0.0000D+00   0.1581D+00   0.0000D+00   0.1838D+00   0.0000D+00   0.4085D-01   0.0000D+00   0.0000D+00   0.0000D+00   0.5447D+00   0.0000D+00   0.9473D-01   0.0000D+00   0.1581D+00   0.0000D+00
   0.0000D+00   0.0000D+00   0.0000D+00   0.0000D+00   0.0000D+00   0.0000D+00   0.0000D+00   0.0000D+00
  -0.1172D+01   0.1493D+00  -0.1365D+01   0.8956D-01   0.8806D-01  -0.9180D-01  -0.1246D+01   0.2626D-02  -0.1172D+01   0.1493D+00  -0.1365D+01   0.8956D-01
   0.5618D+00  -0.1680D-01   0.9941D-01  -0.6104D-02   0.1190D+00  -0.4380D-01   0.1962D+00   0.0000D+00   0.4779D-01   0.4348D-02  -0.1867D-02   0.1423D-01   0.5618D+00  -0.1680D-01   0.9941D-01  -0.6104D-02   0.1190D+00  -0.4380D-01
  -0.1346D-02  -0.5446D-02  -0.3254D-02  -0.8272D-02  -0.1346D-02  -0.5446D-02  -0.3254D-02  -0.8272D-02
