 LHC=           1 sqrts=   8000.0000000000000      ang=           4 mode=fital                                                                                               scalescheme=           1 R=  0.69999999999999996     
 CT10nlo_rand5678                                                                                             363
 Bin information: chid, chiu, md, mu, mu0
   0.0000000000000000       0.50000000000000000        2500.0000000000000        2750.0000000000000        2625.0000000000000     
 9 scales(muf, mur)*(LO(38), NLO(38))
  0.500  0.500
  -0.8593D-04   0.0000D+00  -0.4296D-04   0.0000D+00   0.0000D+00   0.0000D+00  -0.2184D-04   0.0000D+00  -0.8593D-04   0.0000D+00  -0.4296D-04   0.0000D+00
   0.1056D-02   0.0000D+00   0.1429D-03   0.0000D+00   0.5515D-03   0.0000D+00   0.1644D-03   0.0000D+00   0.3653D-04   0.0000D+00   0.0000D+00   0.0000D+00   0.1056D-02   0.0000D+00   0.1429D-03   0.0000D+00   0.5515D-03   0.0000D+00
   0.0000D+00   0.0000D+00   0.0000D+00   0.0000D+00   0.0000D+00   0.0000D+00   0.0000D+00   0.0000D+00
  -0.8354D-04   0.4626D-05  -0.4123D-04   0.3095D-05   0.1483D-05  -0.1761D-05  -0.2059D-04   0.8498D-06  -0.8354D-04   0.4626D-05  -0.4123D-04   0.3095D-05
   0.8511D-03  -0.5435D-04   0.1141D-03  -0.1415D-04   0.4024D-03  -0.7426D-04   0.1438D-03   0.0000D+00   0.3549D-04   0.3601D-05  -0.2737D-05   0.1179D-04   0.8511D-03  -0.5435D-04   0.1141D-03  -0.1415D-04   0.4024D-03  -0.7426D-04
  -0.6000D-05  -0.1364D-04  -0.4669D-05  -0.9445D-05  -0.6000D-05  -0.1364D-04  -0.4669D-05  -0.9445D-05
  0.500  1.000
  -0.8003D-04   0.0000D+00  -0.4001D-04   0.0000D+00   0.0000D+00   0.0000D+00  -0.2034D-04   0.0000D+00  -0.8003D-04   0.0000D+00  -0.4001D-04   0.0000D+00
   0.1056D-02   0.0000D+00   0.1429D-03   0.0000D+00   0.5515D-03   0.0000D+00   0.1644D-03   0.0000D+00   0.3653D-04   0.0000D+00   0.0000D+00   0.0000D+00   0.1056D-02   0.0000D+00   0.1429D-03   0.0000D+00   0.5515D-03   0.0000D+00
   0.0000D+00   0.0000D+00   0.0000D+00   0.0000D+00   0.0000D+00   0.0000D+00   0.0000D+00   0.0000D+00
  -0.8329D-04   0.4012D-05  -0.4117D-04   0.2685D-05   0.1287D-05  -0.1528D-05  -0.2061D-04   0.7370D-06  -0.8329D-04   0.4012D-05  -0.4117D-04   0.2685D-05
   0.8652D-03  -0.5062D-04   0.1161D-03  -0.1318D-04   0.4127D-03  -0.6915D-04   0.1453D-03   0.0000D+00   0.3556D-04   0.3354D-05  -0.2550D-05   0.1098D-04   0.8652D-03  -0.5062D-04   0.1161D-03  -0.1318D-04   0.4127D-03  -0.6915D-04
  -0.5587D-05  -0.1270D-04  -0.4348D-05  -0.8796D-05  -0.5587D-05  -0.1270D-04  -0.4348D-05  -0.8796D-05
  0.500  2.000
  -0.7490D-04   0.0000D+00  -0.3744D-04   0.0000D+00   0.0000D+00   0.0000D+00  -0.1904D-04   0.0000D+00  -0.7490D-04   0.0000D+00  -0.3744D-04   0.0000D+00
   0.1056D-02   0.0000D+00   0.1429D-03   0.0000D+00   0.5515D-03   0.0000D+00   0.1644D-03   0.0000D+00   0.3653D-04   0.0000D+00   0.0000D+00   0.0000D+00   0.1056D-02   0.0000D+00   0.1429D-03   0.0000D+00   0.5515D-03   0.0000D+00
   0.0000D+00   0.0000D+00   0.0000D+00   0.0000D+00   0.0000D+00   0.0000D+00   0.0000D+00   0.0000D+00
  -0.8242D-04   0.3514D-05  -0.4079D-04   0.2351D-05   0.1127D-05  -0.1338D-05  -0.2046D-04   0.6455D-06  -0.8242D-04   0.3514D-05  -0.4079D-04   0.2351D-05
   0.8775D-03  -0.4737D-04   0.1178D-03  -0.1233D-04   0.4216D-03  -0.6472D-04   0.1465D-03   0.0000D+00   0.3563D-04   0.3139D-05  -0.2386D-05   0.1027D-04   0.8775D-03  -0.4737D-04   0.1178D-03  -0.1233D-04   0.4216D-03  -0.6472D-04
  -0.5229D-05  -0.1188D-04  -0.4070D-05  -0.8232D-05  -0.5229D-05  -0.1188D-04  -0.4070D-05  -0.8232D-05
  1.000  0.500
  -0.6883D-04   0.0000D+00  -0.3443D-04   0.0000D+00   0.0000D+00   0.0000D+00  -0.1759D-04   0.0000D+00  -0.6883D-04   0.0000D+00  -0.3443D-04   0.0000D+00
   0.8462D-03   0.0000D+00   0.1144D-03   0.0000D+00   0.4415D-03   0.0000D+00   0.1325D-03   0.0000D+00   0.2945D-04   0.0000D+00   0.0000D+00   0.0000D+00   0.8462D-03   0.0000D+00   0.1144D-03   0.0000D+00   0.4415D-03   0.0000D+00
   0.0000D+00   0.0000D+00   0.0000D+00   0.0000D+00   0.0000D+00   0.0000D+00   0.0000D+00   0.0000D+00
  -0.8220D-04   0.3709D-05  -0.4068D-04   0.2483D-05   0.1194D-05  -0.1418D-05  -0.2043D-04   0.6762D-06  -0.8220D-04   0.3709D-05  -0.4068D-04   0.2483D-05
   0.8693D-03  -0.4352D-04   0.1167D-03  -0.1133D-04   0.4199D-03  -0.5948D-04   0.1446D-03   0.0000D+00   0.3498D-04   0.2903D-05  -0.2132D-05   0.9500D-05   0.8693D-03  -0.4352D-04   0.1167D-03  -0.1133D-04   0.4199D-03  -0.5948D-04
  -0.4807D-05  -0.1093D-04  -0.3750D-05  -0.7590D-05  -0.4807D-05  -0.1093D-04  -0.3750D-05  -0.7590D-05
  1.000  1.000
  -0.6410D-04   0.0000D+00  -0.3206D-04   0.0000D+00   0.0000D+00   0.0000D+00  -0.1638D-04   0.0000D+00  -0.6410D-04   0.0000D+00  -0.3206D-04   0.0000D+00
   0.8462D-03   0.0000D+00   0.1144D-03   0.0000D+00   0.4415D-03   0.0000D+00   0.1325D-03   0.0000D+00   0.2945D-04   0.0000D+00   0.0000D+00   0.0000D+00   0.8462D-03   0.0000D+00   0.1144D-03   0.0000D+00   0.4415D-03   0.0000D+00
   0.0000D+00   0.0000D+00   0.0000D+00   0.0000D+00   0.0000D+00   0.0000D+00   0.0000D+00   0.0000D+00
  -0.7997D-04   0.3217D-05  -0.3962D-04   0.2154D-05   0.1036D-05  -0.1230D-05  -0.1994D-04   0.5865D-06  -0.7997D-04   0.3217D-05  -0.3962D-04   0.2154D-05
   0.8677D-03  -0.4053D-04   0.1166D-03  -0.1055D-04   0.4214D-03  -0.5540D-04   0.1437D-03   0.0000D+00   0.3460D-04   0.2703D-05  -0.1986D-05   0.8847D-05   0.8677D-03  -0.4053D-04   0.1166D-03  -0.1055D-04   0.4214D-03  -0.5540D-04
  -0.4476D-05  -0.1018D-04  -0.3492D-05  -0.7069D-05  -0.4476D-05  -0.1018D-04  -0.3492D-05  -0.7069D-05
  1.000  2.000
  -0.5999D-04   0.0000D+00  -0.3000D-04   0.0000D+00   0.0000D+00   0.0000D+00  -0.1533D-04   0.0000D+00  -0.5999D-04   0.0000D+00  -0.3000D-04   0.0000D+00
   0.8462D-03   0.0000D+00   0.1144D-03   0.0000D+00   0.4415D-03   0.0000D+00   0.1325D-03   0.0000D+00   0.2945D-04   0.0000D+00   0.0000D+00   0.0000D+00   0.8462D-03   0.0000D+00   0.1144D-03   0.0000D+00   0.4415D-03   0.0000D+00
   0.0000D+00   0.0000D+00   0.0000D+00   0.0000D+00   0.0000D+00   0.0000D+00   0.0000D+00   0.0000D+00
  -0.7763D-04   0.2818D-05  -0.3849D-04   0.1886D-05   0.9072D-06  -0.1077D-05  -0.1940D-04   0.5136D-06  -0.7763D-04   0.2818D-05  -0.3849D-04   0.1886D-05
   0.8664D-03  -0.3793D-04   0.1164D-03  -0.9876D-05   0.4227D-03  -0.5184D-04   0.1430D-03   0.0000D+00   0.3428D-04   0.2530D-05  -0.1859D-05   0.8280D-05   0.8664D-03  -0.3793D-04   0.1164D-03  -0.9876D-05   0.4227D-03  -0.5184D-04
  -0.4189D-05  -0.9530D-05  -0.3268D-05  -0.6615D-05  -0.4189D-05  -0.9530D-05  -0.3268D-05  -0.6615D-05
  2.000  0.500
  -0.5594D-04   0.0000D+00  -0.2798D-04   0.0000D+00   0.0000D+00   0.0000D+00  -0.1436D-04   0.0000D+00  -0.5594D-04   0.0000D+00  -0.2798D-04   0.0000D+00
   0.6873D-03   0.0000D+00   0.9302D-04   0.0000D+00   0.3586D-03   0.0000D+00   0.1083D-03   0.0000D+00   0.2407D-04   0.0000D+00   0.0000D+00   0.0000D+00   0.6873D-03   0.0000D+00   0.9302D-04   0.0000D+00   0.3586D-03   0.0000D+00
   0.0000D+00   0.0000D+00   0.0000D+00   0.0000D+00   0.0000D+00   0.0000D+00   0.0000D+00   0.0000D+00
  -0.7936D-04   0.3016D-05  -0.3932D-04   0.2020D-05   0.9730D-06  -0.1158D-05  -0.1983D-04   0.5463D-06  -0.7936D-04   0.3016D-05  -0.3932D-04   0.2020D-05
   0.8600D-03  -0.3535D-04   0.1157D-03  -0.9204D-05   0.4215D-03  -0.4832D-04   0.1417D-03   0.0000D+00   0.3388D-04   0.2372D-05  -0.1697D-05   0.7764D-05   0.8600D-03  -0.3535D-04   0.1157D-03  -0.9204D-05   0.4215D-03  -0.4832D-04
  -0.3907D-05  -0.8898D-05  -0.3056D-05  -0.6178D-05  -0.3907D-05  -0.8898D-05  -0.3056D-05  -0.6178D-05
  2.000  1.000
  -0.5210D-04   0.0000D+00  -0.2606D-04   0.0000D+00   0.0000D+00   0.0000D+00  -0.1338D-04   0.0000D+00  -0.5210D-04   0.0000D+00  -0.2606D-04   0.0000D+00
   0.6873D-03   0.0000D+00   0.9302D-04   0.0000D+00   0.3586D-03   0.0000D+00   0.1083D-03   0.0000D+00   0.2407D-04   0.0000D+00   0.0000D+00   0.0000D+00   0.6873D-03   0.0000D+00   0.9302D-04   0.0000D+00   0.3586D-03   0.0000D+00
   0.0000D+00   0.0000D+00   0.0000D+00   0.0000D+00   0.0000D+00   0.0000D+00   0.0000D+00   0.0000D+00
  -0.7588D-04   0.2616D-05  -0.3763D-04   0.1752D-05   0.8439D-06  -0.1004D-05  -0.1901D-04   0.4738D-06  -0.7588D-04   0.2616D-05  -0.3763D-04   0.1752D-05
   0.8481D-03  -0.3292D-04   0.1141D-03  -0.8572D-05   0.4172D-03  -0.4500D-04   0.1394D-03   0.0000D+00   0.3321D-04   0.2209D-05  -0.1581D-05   0.7230D-05   0.8481D-03  -0.3292D-04   0.1141D-03  -0.8572D-05   0.4172D-03  -0.4500D-04
  -0.3639D-05  -0.8287D-05  -0.2846D-05  -0.5754D-05  -0.3639D-05  -0.8287D-05  -0.2846D-05  -0.5754D-05
  2.000  2.000
  -0.4876D-04   0.0000D+00  -0.2438D-04   0.0000D+00   0.0000D+00   0.0000D+00  -0.1252D-04   0.0000D+00  -0.4876D-04   0.0000D+00  -0.2438D-04   0.0000D+00
   0.6873D-03   0.0000D+00   0.9302D-04   0.0000D+00   0.3586D-03   0.0000D+00   0.1083D-03   0.0000D+00   0.2407D-04   0.0000D+00   0.0000D+00   0.0000D+00   0.6873D-03   0.0000D+00   0.9302D-04   0.0000D+00   0.3586D-03   0.0000D+00
   0.0000D+00   0.0000D+00   0.0000D+00   0.0000D+00   0.0000D+00   0.0000D+00   0.0000D+00   0.0000D+00
  -0.7262D-04   0.2291D-05  -0.3604D-04   0.1535D-05   0.7391D-06  -0.8797D-06  -0.1823D-04   0.4150D-06  -0.7262D-04   0.2291D-05  -0.3604D-04   0.1535D-05
   0.8378D-03  -0.3081D-04   0.1128D-03  -0.8022D-05   0.4135D-03  -0.4211D-04   0.1374D-03   0.0000D+00   0.3262D-04   0.2068D-05  -0.1479D-05   0.6767D-05   0.8378D-03  -0.3081D-04   0.1128D-03  -0.8022D-05   0.4135D-03  -0.4211D-04
  -0.3405D-05  -0.7755D-05  -0.2663D-05  -0.5385D-05  -0.3405D-05  -0.7755D-05  -0.2663D-05  -0.5385D-05
