 LHC=           1 sqrts=   8000.0000000000000      ang=           4 mode=fital                                                                                               scalescheme=           1 R=  0.69999999999999996     
 CT10nlo_rand5678                                                                                             249
 Bin information: chid, chiu, md, mu, mu0
   0.0000000000000000       0.50000000000000000        330.00000000000000        362.00000000000000        346.00000000000000     
 9 scales(muf, mur)*(LO(38), NLO(38))
  0.500  0.500
  -0.1752D+01   0.0000D+00  -0.1900D+01   0.0000D+00   0.0000D+00   0.0000D+00  -0.1704D+01   0.0000D+00  -0.1752D+01   0.0000D+00  -0.1900D+01   0.0000D+00
   0.6037D+00   0.0000D+00   0.1055D+00   0.0000D+00   0.1707D+00   0.0000D+00   0.2104D+00   0.0000D+00   0.4675D-01   0.0000D+00   0.0000D+00   0.0000D+00   0.6037D+00   0.0000D+00   0.1055D+00   0.0000D+00   0.1707D+00   0.0000D+00
   0.0000D+00   0.0000D+00   0.0000D+00   0.0000D+00   0.0000D+00   0.0000D+00   0.0000D+00   0.0000D+00
  -0.1280D+01   0.2785D+00  -0.1636D+01   0.1664D+00   0.1645D+00  -0.1752D+00  -0.1565D+01   0.2247D-02  -0.1280D+01   0.2785D+00  -0.1636D+01   0.1664D+00
   0.5835D+00  -0.2146D-01   0.1044D+00  -0.7908D-02   0.1084D+00  -0.5722D-01   0.2097D+00   0.0000D+00   0.5251D-01   0.5875D-02  -0.2496D-02   0.1923D-01   0.5835D+00  -0.2146D-01   0.1044D+00  -0.7908D-02   0.1084D+00  -0.5722D-01
  -0.1653D-02  -0.7062D-02  -0.4253D-02  -0.1105D-01  -0.1653D-02  -0.7062D-02  -0.4253D-02  -0.1105D-01
  0.500  1.000
  -0.1600D+01   0.0000D+00  -0.1735D+01   0.0000D+00   0.0000D+00   0.0000D+00  -0.1556D+01   0.0000D+00  -0.1600D+01   0.0000D+00  -0.1735D+01   0.0000D+00
   0.6037D+00   0.0000D+00   0.1055D+00   0.0000D+00   0.1707D+00   0.0000D+00   0.2104D+00   0.0000D+00   0.4675D-01   0.0000D+00   0.0000D+00   0.0000D+00   0.6037D+00   0.0000D+00   0.1055D+00   0.0000D+00   0.1707D+00   0.0000D+00
   0.0000D+00   0.0000D+00   0.0000D+00   0.0000D+00   0.0000D+00   0.0000D+00   0.0000D+00   0.0000D+00
  -0.1340D+01   0.2323D+00  -0.1661D+01   0.1388D+00   0.1372D+00  -0.1462D+00  -0.1571D+01   0.1875D-02  -0.1340D+01   0.2323D+00  -0.1661D+01   0.1388D+00
   0.5856D+00  -0.1960D-01   0.1046D+00  -0.7222D-02   0.1139D+00  -0.5226D-01   0.2099D+00   0.0000D+00   0.5203D-01   0.5366D-02  -0.2278D-02   0.1756D-01   0.5856D+00  -0.1960D-01   0.1046D+00  -0.7222D-02   0.1139D+00  -0.5226D-01
  -0.1510D-02  -0.6450D-02  -0.3884D-02  -0.1009D-01  -0.1510D-02  -0.6450D-02  -0.3884D-02  -0.1009D-01
  0.500  2.000
  -0.1473D+01   0.0000D+00  -0.1597D+01   0.0000D+00   0.0000D+00   0.0000D+00  -0.1432D+01   0.0000D+00  -0.1473D+01   0.0000D+00  -0.1597D+01   0.0000D+00
   0.6037D+00   0.0000D+00   0.1055D+00   0.0000D+00   0.1707D+00   0.0000D+00   0.2104D+00   0.0000D+00   0.4675D-01   0.0000D+00   0.0000D+00   0.0000D+00   0.6037D+00   0.0000D+00   0.1055D+00   0.0000D+00   0.1707D+00   0.0000D+00
   0.0000D+00   0.0000D+00   0.0000D+00   0.0000D+00   0.0000D+00   0.0000D+00   0.0000D+00   0.0000D+00
  -0.1366D+01   0.1968D+00  -0.1657D+01   0.1176D+00   0.1163D+00  -0.1239D+00  -0.1555D+01   0.1589D-02  -0.1366D+01   0.1968D+00  -0.1657D+01   0.1176D+00
   0.5873D+00  -0.1804D-01   0.1047D+00  -0.6648D-02   0.1185D+00  -0.4811D-01   0.2100D+00   0.0000D+00   0.5163D-01   0.4940D-02  -0.2095D-02   0.1617D-01   0.5873D+00  -0.1804D-01   0.1047D+00  -0.6648D-02   0.1185D+00  -0.4811D-01
  -0.1390D-02  -0.5937D-02  -0.3575D-02  -0.9287D-02  -0.1390D-02  -0.5937D-02  -0.3575D-02  -0.9287D-02
  1.000  0.500
  -0.1662D+01   0.0000D+00  -0.1817D+01   0.0000D+00   0.0000D+00   0.0000D+00  -0.1620D+01   0.0000D+00  -0.1662D+01   0.0000D+00  -0.1817D+01   0.0000D+00
   0.5733D+00   0.0000D+00   0.1004D+00   0.0000D+00   0.1626D+00   0.0000D+00   0.2002D+00   0.0000D+00   0.4448D-01   0.0000D+00   0.0000D+00   0.0000D+00   0.5733D+00   0.0000D+00   0.1004D+00   0.0000D+00   0.1626D+00   0.0000D+00
   0.0000D+00   0.0000D+00   0.0000D+00   0.0000D+00   0.0000D+00   0.0000D+00   0.0000D+00   0.0000D+00
  -0.1301D+01   0.2655D+00  -0.1643D+01   0.1593D+00   0.1591D+00  -0.1666D+00  -0.1570D+01   0.2345D-02  -0.1301D+01   0.2655D+00  -0.1643D+01   0.1593D+00
   0.5752D+00  -0.2042D-01   0.1032D+00  -0.7508D-02   0.1086D+00  -0.5423D-01   0.2069D+00   0.0000D+00   0.5184D-01   0.5593D-02  -0.2496D-02   0.1831D-01   0.5752D+00  -0.2042D-01   0.1032D+00  -0.7508D-02   0.1086D+00  -0.5423D-01
  -0.1582D-02  -0.6706D-02  -0.4068D-02  -0.1051D-01  -0.1582D-02  -0.6706D-02  -0.4068D-02  -0.1051D-01
  1.000  1.000
  -0.1518D+01   0.0000D+00  -0.1659D+01   0.0000D+00   0.0000D+00   0.0000D+00  -0.1480D+01   0.0000D+00  -0.1518D+01   0.0000D+00  -0.1659D+01   0.0000D+00
   0.5733D+00   0.0000D+00   0.1004D+00   0.0000D+00   0.1626D+00   0.0000D+00   0.2002D+00   0.0000D+00   0.4448D-01   0.0000D+00   0.0000D+00   0.0000D+00   0.5733D+00   0.0000D+00   0.1004D+00   0.0000D+00   0.1626D+00   0.0000D+00
   0.0000D+00   0.0000D+00   0.0000D+00   0.0000D+00   0.0000D+00   0.0000D+00   0.0000D+00   0.0000D+00
  -0.1343D+01   0.2215D+00  -0.1653D+01   0.1329D+00   0.1327D+00  -0.1389D+00  -0.1561D+01   0.1957D-02  -0.1343D+01   0.2215D+00  -0.1653D+01   0.1329D+00
   0.5754D+00  -0.1865D-01   0.1030D+00  -0.6857D-02   0.1134D+00  -0.4953D-01   0.2064D+00   0.0000D+00   0.5122D-01   0.5109D-02  -0.2278D-02   0.1672D-01   0.5754D+00  -0.1865D-01   0.1030D+00  -0.6857D-02   0.1134D+00  -0.4953D-01
  -0.1445D-02  -0.6125D-02  -0.3715D-02  -0.9600D-02  -0.1445D-02  -0.6125D-02  -0.3715D-02  -0.9600D-02
  1.000  2.000
  -0.1398D+01   0.0000D+00  -0.1527D+01   0.0000D+00   0.0000D+00   0.0000D+00  -0.1362D+01   0.0000D+00  -0.1398D+01   0.0000D+00  -0.1527D+01   0.0000D+00
   0.5733D+00   0.0000D+00   0.1004D+00   0.0000D+00   0.1626D+00   0.0000D+00   0.2002D+00   0.0000D+00   0.4448D-01   0.0000D+00   0.0000D+00   0.0000D+00   0.5733D+00   0.0000D+00   0.1004D+00   0.0000D+00   0.1626D+00   0.0000D+00
   0.0000D+00   0.0000D+00   0.0000D+00   0.0000D+00   0.0000D+00   0.0000D+00   0.0000D+00   0.0000D+00
  -0.1357D+01   0.1877D+00  -0.1639D+01   0.1126D+00   0.1124D+00  -0.1177D+00  -0.1536D+01   0.1659D-02  -0.1357D+01   0.1877D+00  -0.1639D+01   0.1126D+00
   0.5754D+00  -0.1717D-01   0.1028D+00  -0.6312D-02   0.1174D+00  -0.4559D-01   0.2060D+00   0.0000D+00   0.5070D-01   0.4703D-02  -0.2096D-02   0.1539D-01   0.5754D+00  -0.1717D-01   0.1028D+00  -0.6312D-02   0.1174D+00  -0.4559D-01
  -0.1330D-02  -0.5638D-02  -0.3420D-02  -0.8837D-02  -0.1330D-02  -0.5638D-02  -0.3420D-02  -0.8837D-02
  2.000  0.500
  -0.1582D+01   0.0000D+00  -0.1737D+01   0.0000D+00   0.0000D+00   0.0000D+00  -0.1546D+01   0.0000D+00  -0.1582D+01   0.0000D+00  -0.1737D+01   0.0000D+00
   0.5468D+00   0.0000D+00   0.9584D-01   0.0000D+00   0.1548D+00   0.0000D+00   0.1907D+00   0.0000D+00   0.4238D-01   0.0000D+00   0.0000D+00   0.0000D+00   0.5468D+00   0.0000D+00   0.9584D-01   0.0000D+00   0.1548D+00   0.0000D+00
   0.0000D+00   0.0000D+00   0.0000D+00   0.0000D+00   0.0000D+00   0.0000D+00   0.0000D+00   0.0000D+00
  -0.1323D+01   0.2537D+00  -0.1660D+01   0.1515D+00   0.1488D+00  -0.1590D+00  -0.1589D+01   0.2431D-02  -0.1323D+01   0.2537D+00  -0.1660D+01   0.1515D+00
   0.5730D+00  -0.1945D-01   0.1027D+00  -0.7169D-02   0.1109D+00  -0.5182D-01   0.2069D+00   0.0000D+00   0.5139D-01   0.5327D-02  -0.2345D-02   0.1743D-01   0.5730D+00  -0.1945D-01   0.1027D+00  -0.7169D-02   0.1109D+00  -0.5182D-01
  -0.1512D-02  -0.6434D-02  -0.3888D-02  -0.1000D-01  -0.1512D-02  -0.6434D-02  -0.3888D-02  -0.1000D-01
  2.000  1.000
  -0.1445D+01   0.0000D+00  -0.1586D+01   0.0000D+00   0.0000D+00   0.0000D+00  -0.1412D+01   0.0000D+00  -0.1445D+01   0.0000D+00  -0.1586D+01   0.0000D+00
   0.5468D+00   0.0000D+00   0.9584D-01   0.0000D+00   0.1548D+00   0.0000D+00   0.1907D+00   0.0000D+00   0.4238D-01   0.0000D+00   0.0000D+00   0.0000D+00   0.5468D+00   0.0000D+00   0.9584D-01   0.0000D+00   0.1548D+00   0.0000D+00
   0.0000D+00   0.0000D+00   0.0000D+00   0.0000D+00   0.0000D+00   0.0000D+00   0.0000D+00   0.0000D+00
  -0.1350D+01   0.2116D+00  -0.1655D+01   0.1263D+00   0.1241D+00  -0.1327D+00  -0.1566D+01   0.2029D-02  -0.1350D+01   0.2116D+00  -0.1655D+01   0.1263D+00
   0.5712D+00  -0.1776D-01   0.1022D+00  -0.6547D-02   0.1148D+00  -0.4733D-01   0.2056D+00   0.0000D+00   0.5064D-01   0.4865D-02  -0.2140D-02   0.1592D-01   0.5712D+00  -0.1776D-01   0.1022D+00  -0.6547D-02   0.1148D+00  -0.4733D-01
  -0.1381D-02  -0.5876D-02  -0.3551D-02  -0.9134D-02  -0.1381D-02  -0.5876D-02  -0.3551D-02  -0.9134D-02
  2.000  2.000
  -0.1330D+01   0.0000D+00  -0.1460D+01   0.0000D+00   0.0000D+00   0.0000D+00  -0.1300D+01   0.0000D+00  -0.1330D+01   0.0000D+00  -0.1460D+01   0.0000D+00
   0.5468D+00   0.0000D+00   0.9584D-01   0.0000D+00   0.1548D+00   0.0000D+00   0.1907D+00   0.0000D+00   0.4238D-01   0.0000D+00   0.0000D+00   0.0000D+00   0.5468D+00   0.0000D+00   0.9584D-01   0.0000D+00   0.1548D+00   0.0000D+00
   0.0000D+00   0.0000D+00   0.0000D+00   0.0000D+00   0.0000D+00   0.0000D+00   0.0000D+00   0.0000D+00
  -0.1352D+01   0.1793D+00  -0.1631D+01   0.1071D+00   0.1051D+00  -0.1124D+00  -0.1530D+01   0.1719D-02  -0.1352D+01   0.1793D+00  -0.1631D+01   0.1071D+00
   0.5694D+00  -0.1635D-01   0.1017D+00  -0.6027D-02   0.1181D+00  -0.4357D-01   0.2045D+00   0.0000D+00   0.4999D-01   0.4479D-02  -0.1969D-02   0.1466D-01   0.5694D+00  -0.1635D-01   0.1017D+00  -0.6027D-02   0.1181D+00  -0.4357D-01
  -0.1271D-02  -0.5409D-02  -0.3269D-02  -0.8408D-02  -0.1271D-02  -0.5409D-02  -0.3269D-02  -0.8408D-02
