 LHC=           1 sqrts=   8000.0000000000000      ang=           4 mode=fital                                                                                               scalescheme=           1 R=  0.69999999999999996     
 CT10nlo_rand5678                                                                                              12
 Bin information: chid, chiu, md, mu, mu0
   0.0000000000000000       0.50000000000000000        1588.0000000000000        1784.0000000000000        1686.0000000000000     
 9 scales(muf, mur)*(LO(38), NLO(38))
  0.500  0.500
  -0.1810D-01   0.0000D+00  -0.1197D-01   0.0000D+00   0.0000D+00   0.0000D+00  -0.4838D-02   0.0000D+00  -0.1810D-01   0.0000D+00  -0.1197D-01   0.0000D+00
   0.1040D+00   0.0000D+00   0.1546D-01   0.0000D+00   0.4595D-01   0.0000D+00   0.1324D-01   0.0000D+00   0.2943D-02   0.0000D+00   0.0000D+00   0.0000D+00   0.1040D+00   0.0000D+00   0.1546D-01   0.0000D+00   0.4595D-01   0.0000D+00
   0.0000D+00   0.0000D+00   0.0000D+00   0.0000D+00   0.0000D+00   0.0000D+00   0.0000D+00   0.0000D+00
  -0.1557D-01   0.1330D-02  -0.1079D-01   0.7404D-03   0.5185D-03  -0.4093D-03  -0.4194D-02   0.3130D-03  -0.1557D-01   0.1330D-02  -0.1079D-01   0.7404D-03
   0.7736D-01  -0.4751D-02   0.1177D-01  -0.1348D-02   0.2735D-01  -0.7822D-02   0.1099D-01   0.0000D+00   0.2712D-02   0.3043D-03  -0.7379D-03   0.9958D-03   0.7736D-01  -0.4751D-02   0.1177D-01  -0.1348D-02   0.2735D-01  -0.7822D-02
  -0.5148D-03  -0.1191D-02  -0.4846D-03  -0.9849D-03  -0.5148D-03  -0.1191D-02  -0.4846D-03  -0.9849D-03
  0.500  1.000
  -0.1680D-01   0.0000D+00  -0.1111D-01   0.0000D+00   0.0000D+00   0.0000D+00  -0.4490D-02   0.0000D+00  -0.1680D-01   0.0000D+00  -0.1111D-01   0.0000D+00
   0.1040D+00   0.0000D+00   0.1546D-01   0.0000D+00   0.4595D-01   0.0000D+00   0.1324D-01   0.0000D+00   0.2943D-02   0.0000D+00   0.0000D+00   0.0000D+00   0.1040D+00   0.0000D+00   0.1546D-01   0.0000D+00   0.4595D-01   0.0000D+00
   0.0000D+00   0.0000D+00   0.0000D+00   0.0000D+00   0.0000D+00   0.0000D+00   0.0000D+00   0.0000D+00
  -0.1579D-01   0.1145D-02  -0.1086D-01   0.6377D-03   0.4466D-03  -0.3525D-03  -0.4248D-02   0.2696D-03  -0.1579D-01   0.1145D-02  -0.1086D-01   0.6377D-03
   0.7928D-01  -0.4409D-02   0.1204D-01  -0.1251D-02   0.2870D-01  -0.7260D-02   0.1115D-01   0.0000D+00   0.2729D-02   0.2824D-03  -0.6849D-03   0.9242D-03   0.7928D-01  -0.4409D-02   0.1204D-01  -0.1251D-02   0.2870D-01  -0.7260D-02
  -0.4778D-03  -0.1106D-02  -0.4498D-03  -0.9141D-03  -0.4778D-03  -0.1106D-02  -0.4498D-03  -0.9141D-03
  0.500  2.000
  -0.1567D-01   0.0000D+00  -0.1037D-01   0.0000D+00   0.0000D+00   0.0000D+00  -0.4189D-02   0.0000D+00  -0.1567D-01   0.0000D+00  -0.1037D-01   0.0000D+00
   0.1040D+00   0.0000D+00   0.1546D-01   0.0000D+00   0.4595D-01   0.0000D+00   0.1324D-01   0.0000D+00   0.2943D-02   0.0000D+00   0.0000D+00   0.0000D+00   0.1040D+00   0.0000D+00   0.1546D-01   0.0000D+00   0.4595D-01   0.0000D+00
   0.0000D+00   0.0000D+00   0.0000D+00   0.0000D+00   0.0000D+00   0.0000D+00   0.0000D+00   0.0000D+00
  -0.1581D-01   0.9969D-03  -0.1083D-01   0.5551D-03   0.3888D-03  -0.3069D-03  -0.4251D-02   0.2347D-03  -0.1581D-01   0.9969D-03  -0.1083D-01   0.5551D-03
   0.8094D-01  -0.4114D-02   0.1227D-01  -0.1167D-02   0.2985D-01  -0.6774D-02   0.1130D-01   0.0000D+00   0.2743D-02   0.2635D-03  -0.6391D-03   0.8623D-03   0.8094D-01  -0.4114D-02   0.1227D-01  -0.1167D-02   0.2985D-01  -0.6774D-02
  -0.4458D-03  -0.1032D-02  -0.4197D-03  -0.8529D-03  -0.4458D-03  -0.1032D-02  -0.4197D-03  -0.8529D-03
  1.000  0.500
  -0.1546D-01   0.0000D+00  -0.1021D-01   0.0000D+00   0.0000D+00   0.0000D+00  -0.4113D-02   0.0000D+00  -0.1546D-01   0.0000D+00  -0.1021D-01   0.0000D+00
   0.8870D-01   0.0000D+00   0.1318D-01   0.0000D+00   0.3920D-01   0.0000D+00   0.1124D-01   0.0000D+00   0.2499D-02   0.0000D+00   0.0000D+00   0.0000D+00   0.8870D-01   0.0000D+00   0.1318D-01   0.0000D+00   0.3920D-01   0.0000D+00
   0.0000D+00   0.0000D+00   0.0000D+00   0.0000D+00   0.0000D+00   0.0000D+00   0.0000D+00   0.0000D+00
  -0.1572D-01   0.1133D-02  -0.1081D-01   0.6313D-03   0.4371D-03  -0.3477D-03  -0.4227D-02   0.2677D-03  -0.1572D-01   0.1133D-02  -0.1081D-01   0.6313D-03
   0.8006D-01  -0.4052D-02   0.1212D-01  -0.1150D-02   0.2953D-01  -0.6675D-02   0.1115D-01   0.0000D+00   0.2705D-02   0.2583D-03  -0.6322D-03   0.8455D-03   0.8006D-01  -0.4052D-02   0.1212D-01  -0.1150D-02   0.2953D-01  -0.6675D-02
  -0.4400D-03  -0.1016D-02  -0.4128D-03  -0.8387D-03  -0.4400D-03  -0.1016D-02  -0.4128D-03  -0.8387D-03
  1.000  1.000
  -0.1435D-01   0.0000D+00  -0.9479D-02   0.0000D+00   0.0000D+00   0.0000D+00  -0.3817D-02   0.0000D+00  -0.1435D-01   0.0000D+00  -0.9479D-02   0.0000D+00
   0.8870D-01   0.0000D+00   0.1318D-01   0.0000D+00   0.3920D-01   0.0000D+00   0.1124D-01   0.0000D+00   0.2499D-02   0.0000D+00   0.0000D+00   0.0000D+00   0.8870D-01   0.0000D+00   0.1318D-01   0.0000D+00   0.3920D-01   0.0000D+00
   0.0000D+00   0.0000D+00   0.0000D+00   0.0000D+00   0.0000D+00   0.0000D+00   0.0000D+00   0.0000D+00
  -0.1557D-01   0.9763D-03  -0.1065D-01   0.5438D-03   0.3765D-03  -0.2995D-03  -0.4181D-02   0.2306D-03  -0.1557D-01   0.9763D-03  -0.1065D-01   0.5438D-03
   0.8068D-01  -0.3760D-02   0.1219D-01  -0.1067D-02   0.3023D-01  -0.6195D-02   0.1116D-01   0.0000D+00   0.2691D-02   0.2398D-03  -0.5867D-03   0.7846D-03   0.8068D-01  -0.3760D-02   0.1219D-01  -0.1067D-02   0.3023D-01  -0.6195D-02
  -0.4084D-03  -0.9428D-03  -0.3831D-03  -0.7783D-03  -0.4084D-03  -0.9428D-03  -0.3831D-03  -0.7783D-03
  1.000  2.000
  -0.1339D-01   0.0000D+00  -0.8844D-02   0.0000D+00   0.0000D+00   0.0000D+00  -0.3561D-02   0.0000D+00  -0.1339D-01   0.0000D+00  -0.8844D-02   0.0000D+00
   0.8870D-01   0.0000D+00   0.1318D-01   0.0000D+00   0.3920D-01   0.0000D+00   0.1124D-01   0.0000D+00   0.2499D-02   0.0000D+00   0.0000D+00   0.0000D+00   0.8870D-01   0.0000D+00   0.1318D-01   0.0000D+00   0.3920D-01   0.0000D+00
   0.0000D+00   0.0000D+00   0.0000D+00   0.0000D+00   0.0000D+00   0.0000D+00   0.0000D+00   0.0000D+00
  -0.1532D-01   0.8499D-03  -0.1044D-01   0.4734D-03   0.3278D-03  -0.2607D-03  -0.4110D-02   0.2007D-03  -0.1532D-01   0.8499D-03  -0.1044D-01   0.4734D-03
   0.8123D-01  -0.3509D-02   0.1226D-01  -0.9955D-03   0.3083D-01  -0.5780D-02   0.1116D-01   0.0000D+00   0.2678D-02   0.2237D-03  -0.5475D-03   0.7321D-03   0.8123D-01  -0.3509D-02   0.1226D-01  -0.9955D-03   0.3083D-01  -0.5780D-02
  -0.3810D-03  -0.8797D-03  -0.3574D-03  -0.7262D-03  -0.3810D-03  -0.8797D-03  -0.3574D-03  -0.7262D-03
  2.000  0.500
  -0.1332D-01   0.0000D+00  -0.8810D-02   0.0000D+00   0.0000D+00   0.0000D+00  -0.3532D-02   0.0000D+00  -0.1332D-01   0.0000D+00  -0.8810D-02   0.0000D+00
   0.7641D-01   0.0000D+00   0.1135D-01   0.0000D+00   0.3379D-01   0.0000D+00   0.9651D-02   0.0000D+00   0.2145D-02   0.0000D+00   0.0000D+00   0.0000D+00   0.7641D-01   0.0000D+00   0.1135D-01   0.0000D+00   0.3379D-01   0.0000D+00
   0.0000D+00   0.0000D+00   0.0000D+00   0.0000D+00   0.0000D+00   0.0000D+00   0.0000D+00   0.0000D+00
  -0.1570D-01   0.9770D-03  -0.1074D-01   0.5436D-03   0.3767D-03  -0.2989D-03  -0.4202D-02   0.2312D-03  -0.1570D-01   0.9770D-03  -0.1074D-01   0.5436D-03
   0.8125D-01  -0.3494D-02   0.1225D-01  -0.9909D-03   0.3090D-01  -0.5749D-02   0.1116D-01   0.0000D+00   0.2672D-02   0.2217D-03  -0.5429D-03   0.7256D-03   0.8125D-01  -0.3494D-02   0.1225D-01  -0.9909D-03   0.3090D-01  -0.5749D-02
  -0.3794D-03  -0.8753D-03  -0.3555D-03  -0.7208D-03  -0.3794D-03  -0.8753D-03  -0.3555D-03  -0.7208D-03
  2.000  1.000
  -0.1236D-01   0.0000D+00  -0.8176D-02   0.0000D+00   0.0000D+00   0.0000D+00  -0.3278D-02   0.0000D+00  -0.1236D-01   0.0000D+00  -0.8176D-02   0.0000D+00
   0.7641D-01   0.0000D+00   0.1135D-01   0.0000D+00   0.3379D-01   0.0000D+00   0.9651D-02   0.0000D+00   0.2145D-02   0.0000D+00   0.0000D+00   0.0000D+00   0.7641D-01   0.0000D+00   0.1135D-01   0.0000D+00   0.3379D-01   0.0000D+00
   0.0000D+00   0.0000D+00   0.0000D+00   0.0000D+00   0.0000D+00   0.0000D+00   0.0000D+00   0.0000D+00
  -0.1527D-01   0.8415D-03  -0.1041D-01   0.4682D-03   0.3245D-03  -0.2574D-03  -0.4084D-02   0.1992D-03  -0.1527D-01   0.8415D-03  -0.1041D-01   0.4682D-03
   0.8091D-01  -0.3243D-02   0.1219D-01  -0.9196D-03   0.3111D-01  -0.5335D-02   0.1105D-01   0.0000D+00   0.2635D-02   0.2058D-03  -0.5039D-03   0.6734D-03   0.8091D-01  -0.3243D-02   0.1219D-01  -0.9196D-03   0.3111D-01  -0.5335D-02
  -0.3521D-03  -0.8123D-03  -0.3299D-03  -0.6690D-03  -0.3521D-03  -0.8123D-03  -0.3299D-03  -0.6690D-03
  2.000  2.000
  -0.1154D-01   0.0000D+00  -0.7628D-02   0.0000D+00   0.0000D+00   0.0000D+00  -0.3058D-02   0.0000D+00  -0.1154D-01   0.0000D+00  -0.7628D-02   0.0000D+00
   0.7641D-01   0.0000D+00   0.1135D-01   0.0000D+00   0.3379D-01   0.0000D+00   0.9651D-02   0.0000D+00   0.2145D-02   0.0000D+00   0.0000D+00   0.0000D+00   0.7641D-01   0.0000D+00   0.1135D-01   0.0000D+00   0.3379D-01   0.0000D+00
   0.0000D+00   0.0000D+00   0.0000D+00   0.0000D+00   0.0000D+00   0.0000D+00   0.0000D+00   0.0000D+00
  -0.1482D-01   0.7325D-03  -0.1007D-01   0.4076D-03   0.2825D-03  -0.2241D-03  -0.3959D-02   0.1734D-03  -0.1482D-01   0.7325D-03  -0.1007D-01   0.4076D-03
   0.8061D-01  -0.3025D-02   0.1213D-01  -0.8580D-03   0.3129D-01  -0.4978D-02   0.1096D-01   0.0000D+00   0.2602D-02   0.1920D-03  -0.4702D-03   0.6283D-03   0.8061D-01  -0.3025D-02   0.1213D-01  -0.8580D-03   0.3129D-01  -0.4978D-02
  -0.3285D-03  -0.7579D-03  -0.3078D-03  -0.6242D-03  -0.3285D-03  -0.7579D-03  -0.3078D-03  -0.6242D-03
