 LHC=           1 sqrts=   8000.0000000000000      ang=           4 mode=fital                                                                                               scalescheme=           1 R=  0.69999999999999996     
 CT10nlo_rand5678                                                                                             218
 Bin information: chid, chiu, md, mu, mu0
   0.0000000000000000       0.50000000000000000        64.000000000000000        74.000000000000000        69.000000000000000     
 9 scales(muf, mur)*(LO(38), NLO(38))
  0.500  0.500
  -0.1714D+02   0.0000D+00  -0.2950D+02   0.0000D+00   0.0000D+00   0.0000D+00  -0.3238D+02   0.0000D+00  -0.1714D+02   0.0000D+00  -0.2950D+02   0.0000D+00
   0.2718D+00   0.0000D+00   0.5001D-01   0.0000D+00   0.5382D-01   0.0000D+00   0.1224D+00   0.0000D+00   0.2720D-01   0.0000D+00   0.0000D+00   0.0000D+00   0.2718D+00   0.0000D+00   0.5001D-01   0.0000D+00   0.5382D-01   0.0000D+00
   0.0000D+00   0.0000D+00   0.0000D+00   0.0000D+00   0.0000D+00   0.0000D+00   0.0000D+00   0.0000D+00
  -0.1187D+02   0.5654D+01  -0.2411D+02   0.3451D+01   0.2625D+01  -0.4333D+01  -0.2911D+02  -0.4041D+00  -0.1187D+02   0.5654D+01  -0.2411D+02   0.3451D+01
   0.6984D+00  -0.8671D-02   0.1282D+00  -0.4064D-02   0.1099D+00  -0.3358D-01   0.2743D+00   0.0000D+00   0.7400D-01   0.4332D-02   0.8347D-02   0.1418D-01   0.6984D+00  -0.8671D-02   0.1282D+00  -0.4064D-02   0.1099D+00  -0.3358D-01
  -0.1696D-03  -0.3643D-02  -0.2016D-02  -0.7324D-02  -0.1696D-03  -0.3643D-02  -0.2016D-02  -0.7324D-02
  0.500  1.000
  -0.1526D+02   0.0000D+00  -0.2626D+02   0.0000D+00   0.0000D+00   0.0000D+00  -0.2883D+02   0.0000D+00  -0.1526D+02   0.0000D+00  -0.2626D+02   0.0000D+00
   0.2718D+00   0.0000D+00   0.5001D-01   0.0000D+00   0.5382D-01   0.0000D+00   0.1224D+00   0.0000D+00   0.2720D-01   0.0000D+00   0.0000D+00   0.0000D+00   0.2718D+00   0.0000D+00   0.5001D-01   0.0000D+00   0.5382D-01   0.0000D+00
   0.0000D+00   0.0000D+00   0.0000D+00   0.0000D+00   0.0000D+00   0.0000D+00   0.0000D+00   0.0000D+00
  -0.1270D+02   0.4482D+01  -0.2477D+02   0.2736D+01   0.2080D+01  -0.3435D+01  -0.2929D+02  -0.3204D+00  -0.1270D+02   0.4482D+01  -0.2477D+02   0.2736D+01
   0.6529D+00  -0.7721D-02   0.1199D+00  -0.3619D-02   0.1038D+00  -0.2990D-01   0.2583D+00   0.0000D+00   0.6906D-01   0.3858D-02   0.7504D-02   0.1262D-01   0.6529D+00  -0.7721D-02   0.1199D+00  -0.3619D-02   0.1038D+00  -0.2990D-01
  -0.1509D-03  -0.3244D-02  -0.1795D-02  -0.6522D-02  -0.1509D-03  -0.3244D-02  -0.1795D-02  -0.6522D-02
  0.500  2.000
  -0.1376D+02   0.0000D+00  -0.2368D+02   0.0000D+00   0.0000D+00   0.0000D+00  -0.2599D+02   0.0000D+00  -0.1376D+02   0.0000D+00  -0.2368D+02   0.0000D+00
   0.2718D+00   0.0000D+00   0.5001D-01   0.0000D+00   0.5382D-01   0.0000D+00   0.1224D+00   0.0000D+00   0.2720D-01   0.0000D+00   0.0000D+00   0.0000D+00   0.2718D+00   0.0000D+00   0.5001D-01   0.0000D+00   0.5382D-01   0.0000D+00
   0.0000D+00   0.0000D+00   0.0000D+00   0.0000D+00   0.0000D+00   0.0000D+00   0.0000D+00   0.0000D+00
  -0.1299D+02   0.3643D+01  -0.2472D+02   0.2224D+01   0.1689D+01  -0.2792D+01  -0.2884D+02  -0.2604D+00  -0.1299D+02   0.3643D+01  -0.2472D+02   0.2224D+01
   0.6181D+00  -0.6962D-02   0.1135D+00  -0.3263D-02   0.9949D-01  -0.2696D-01   0.2458D+00   0.0000D+00   0.6519D-01   0.3478D-02   0.6821D-02   0.1138D-01   0.6181D+00  -0.6962D-02   0.1135D+00  -0.3263D-02   0.9949D-01  -0.2696D-01
  -0.1360D-03  -0.2925D-02  -0.1618D-02  -0.5881D-02  -0.1360D-03  -0.2925D-02  -0.1618D-02  -0.5881D-02
  1.000  0.500
  -0.1799D+02   0.0000D+00  -0.3231D+02   0.0000D+00   0.0000D+00   0.0000D+00  -0.3523D+02   0.0000D+00  -0.1799D+02   0.0000D+00  -0.3231D+02   0.0000D+00
   0.2869D+00   0.0000D+00   0.5451D-01   0.0000D+00   0.5686D-01   0.0000D+00   0.1334D+00   0.0000D+00   0.2964D-01   0.0000D+00   0.0000D+00   0.0000D+00   0.2869D+00   0.0000D+00   0.5451D-01   0.0000D+00   0.5686D-01   0.0000D+00
   0.0000D+00   0.0000D+00   0.0000D+00   0.0000D+00   0.0000D+00   0.0000D+00   0.0000D+00   0.0000D+00
  -0.1096D+02   0.6291D+01  -0.2331D+02   0.3797D+01   0.2929D+01  -0.4651D+01  -0.2834D+02  -0.4504D+00  -0.1096D+02   0.6291D+01  -0.2331D+02   0.3797D+01
   0.7047D+00  -0.9398D-02   0.1305D+00  -0.4360D-02   0.1134D+00  -0.3474D-01   0.2761D+00   0.0000D+00   0.7509D-01   0.4785D-02   0.8626D-02   0.1566D-01   0.7047D+00  -0.9398D-02   0.1305D+00  -0.4360D-02   0.1134D+00  -0.3474D-01
  -0.1910D-03  -0.3709D-02  -0.2267D-02  -0.8094D-02  -0.1910D-03  -0.3709D-02  -0.2267D-02  -0.8094D-02
  1.000  1.000
  -0.1602D+02   0.0000D+00  -0.2877D+02   0.0000D+00   0.0000D+00   0.0000D+00  -0.3137D+02   0.0000D+00  -0.1602D+02   0.0000D+00  -0.2877D+02   0.0000D+00
   0.2869D+00   0.0000D+00   0.5451D-01   0.0000D+00   0.5686D-01   0.0000D+00   0.1334D+00   0.0000D+00   0.2964D-01   0.0000D+00   0.0000D+00   0.0000D+00   0.2869D+00   0.0000D+00   0.5451D-01   0.0000D+00   0.5686D-01   0.0000D+00
   0.0000D+00   0.0000D+00   0.0000D+00   0.0000D+00   0.0000D+00   0.0000D+00   0.0000D+00   0.0000D+00
  -0.1210D+02   0.4988D+01  -0.2463D+02   0.3011D+01   0.2320D+01  -0.3688D+01  -0.2918D+02  -0.3570D+00  -0.1210D+02   0.4988D+01  -0.2463D+02   0.3011D+01
   0.6345D+00  -0.8369D-02   0.1180D+00  -0.3882D-02   0.9986D-01  -0.3094D-01   0.2553D+00   0.0000D+00   0.6851D-01   0.4261D-02   0.7539D-02   0.1395D-01   0.6345D+00  -0.8369D-02   0.1180D+00  -0.3882D-02   0.9986D-01  -0.3094D-01
  -0.1700D-03  -0.3303D-02  -0.2018D-02  -0.7207D-02  -0.1700D-03  -0.3303D-02  -0.2018D-02  -0.7207D-02
  1.000  2.000
  -0.1444D+02   0.0000D+00  -0.2594D+02   0.0000D+00   0.0000D+00   0.0000D+00  -0.2828D+02   0.0000D+00  -0.1444D+02   0.0000D+00  -0.2594D+02   0.0000D+00
   0.2869D+00   0.0000D+00   0.5451D-01   0.0000D+00   0.5686D-01   0.0000D+00   0.1334D+00   0.0000D+00   0.2964D-01   0.0000D+00   0.0000D+00   0.0000D+00   0.2869D+00   0.0000D+00   0.5451D-01   0.0000D+00   0.5686D-01   0.0000D+00
   0.0000D+00   0.0000D+00   0.0000D+00   0.0000D+00   0.0000D+00   0.0000D+00   0.0000D+00   0.0000D+00
  -0.1261D+02   0.4054D+01  -0.2502D+02   0.2447D+01   0.1885D+01  -0.2997D+01  -0.2918D+02  -0.2902D+00  -0.1261D+02   0.4054D+01  -0.2502D+02   0.2447D+01
   0.5903D+00  -0.7545D-02   0.1101D+00  -0.3500D-02   0.9252D-01  -0.2789D-01   0.2414D+00   0.0000D+00   0.6408D-01   0.3842D-02   0.6768D-02   0.1257D-01   0.5903D+00  -0.7545D-02   0.1101D+00  -0.3500D-02   0.9252D-01  -0.2789D-01
  -0.1531D-03  -0.2978D-02  -0.1819D-02  -0.6498D-02  -0.1531D-03  -0.2978D-02  -0.1819D-02  -0.6498D-02
  2.000  0.500
  -0.1896D+02   0.0000D+00  -0.3519D+02   0.0000D+00   0.0000D+00   0.0000D+00  -0.3692D+02   0.0000D+00  -0.1896D+02   0.0000D+00  -0.3519D+02   0.0000D+00
   0.3090D+00   0.0000D+00   0.5941D-01   0.0000D+00   0.5958D-01   0.0000D+00   0.1430D+00   0.0000D+00   0.3177D-01   0.0000D+00   0.0000D+00   0.0000D+00   0.3090D+00   0.0000D+00   0.5941D-01   0.0000D+00   0.5958D-01   0.0000D+00
   0.0000D+00   0.0000D+00   0.0000D+00   0.0000D+00   0.0000D+00   0.0000D+00   0.0000D+00   0.0000D+00
  -0.1029D+02   0.6651D+01  -0.2379D+02   0.3997D+01   0.3356D+01  -0.4966D+01  -0.2773D+02  -0.4564D+00  -0.1029D+02   0.6651D+01  -0.2379D+02   0.3997D+01
   0.6030D+00  -0.9650D-02   0.1153D+00  -0.4693D-02   0.8473D-01  -0.3850D-01   0.2569D+00   0.0000D+00   0.6780D-01   0.5115D-02   0.7696D-02   0.1674D-01   0.6030D+00  -0.9650D-02   0.1153D+00  -0.4693D-02   0.8473D-01  -0.3850D-01
  -0.2177D-03  -0.4228D-02  -0.2478D-02  -0.8602D-02  -0.2177D-03  -0.4228D-02  -0.2478D-02  -0.8602D-02
  2.000  1.000
  -0.1688D+02   0.0000D+00  -0.3133D+02   0.0000D+00   0.0000D+00   0.0000D+00  -0.3287D+02   0.0000D+00  -0.1688D+02   0.0000D+00  -0.3133D+02   0.0000D+00
   0.3090D+00   0.0000D+00   0.5941D-01   0.0000D+00   0.5958D-01   0.0000D+00   0.1430D+00   0.0000D+00   0.3177D-01   0.0000D+00   0.0000D+00   0.0000D+00   0.3090D+00   0.0000D+00   0.5941D-01   0.0000D+00   0.5958D-01   0.0000D+00
   0.0000D+00   0.0000D+00   0.0000D+00   0.0000D+00   0.0000D+00   0.0000D+00   0.0000D+00   0.0000D+00
  -0.1218D+02   0.5273D+01  -0.2605D+02   0.3169D+01   0.2647D+01  -0.3937D+01  -0.2946D+02  -0.3619D+00  -0.1218D+02   0.5273D+01  -0.2605D+02   0.3169D+01
   0.7329D+00  -0.8593D-02   0.1379D+00  -0.4179D-02   0.1260D+00  -0.3429D-01   0.2861D+00   0.0000D+00   0.7615D-01   0.4555D-02   0.8527D-02   0.1491D-01   0.7329D+00  -0.8593D-02   0.1379D+00  -0.4179D-02   0.1260D+00  -0.3429D-01
  -0.1937D-03  -0.3765D-02  -0.2206D-02  -0.7660D-02  -0.1937D-03  -0.3765D-02  -0.2206D-02  -0.7660D-02
  2.000  2.000
  -0.1522D+02   0.0000D+00  -0.2825D+02   0.0000D+00   0.0000D+00   0.0000D+00  -0.2964D+02   0.0000D+00  -0.1522D+02   0.0000D+00  -0.2825D+02   0.0000D+00
   0.3090D+00   0.0000D+00   0.5941D-01   0.0000D+00   0.5958D-01   0.0000D+00   0.1430D+00   0.0000D+00   0.3177D-01   0.0000D+00   0.0000D+00   0.0000D+00   0.3090D+00   0.0000D+00   0.5941D-01   0.0000D+00   0.5958D-01   0.0000D+00
   0.0000D+00   0.0000D+00   0.0000D+00   0.0000D+00   0.0000D+00   0.0000D+00   0.0000D+00   0.0000D+00
  -0.1266D+02   0.4286D+01  -0.2642D+02   0.2576D+01   0.2155D+01  -0.3200D+01  -0.2948D+02  -0.2941D+00  -0.1266D+02   0.4286D+01  -0.2642D+02   0.2576D+01
   0.6069D+00  -0.7748D-02   0.1153D+00  -0.3768D-02   0.9649D-01  -0.3091D-01   0.2504D+00   0.0000D+00   0.6541D-01   0.4107D-02   0.6825D-02   0.1344D-01   0.6069D+00  -0.7748D-02   0.1153D+00  -0.3768D-02   0.9649D-01  -0.3091D-01
  -0.1746D-03  -0.3394D-02  -0.1989D-02  -0.6906D-02  -0.1746D-03  -0.3394D-02  -0.1989D-02  -0.6906D-02
