 LHC=           1 sqrts=   8000.0000000000000      ang=           4 mode=fital                                                                                               scalescheme=           1 R=  0.69999999999999996     
 CT10nlo_rand5678                                                                                             218
 Bin information: chid, chiu, md, mu, mu0
   0.0000000000000000       0.50000000000000000        507.00000000000000        548.00000000000000        527.50000000000000     
 9 scales(muf, mur)*(LO(38), NLO(38))
  0.500  0.500
  -0.7938D+00   0.0000D+00  -0.7355D+00   0.0000D+00   0.0000D+00   0.0000D+00  -0.5677D+00   0.0000D+00  -0.7938D+00   0.0000D+00  -0.7355D+00   0.0000D+00
   0.5731D+00   0.0000D+00   0.9667D-01   0.0000D+00   0.1858D+00   0.0000D+00   0.1694D+00   0.0000D+00   0.3764D-01   0.0000D+00   0.0000D+00   0.0000D+00   0.5731D+00   0.0000D+00   0.9667D-01   0.0000D+00   0.1858D+00   0.0000D+00
   0.0000D+00   0.0000D+00   0.0000D+00   0.0000D+00   0.0000D+00   0.0000D+00   0.0000D+00   0.0000D+00
  -0.5952D+00   0.9981D-01  -0.6360D+00   0.5904D-01   0.6164D-01  -0.5516D-01  -0.5207D+00   0.6006D-02  -0.5952D+00   0.9981D-01  -0.6360D+00   0.5904D-01
   0.4946D+00  -0.2206D-01   0.8566D-01  -0.7497D-02   0.1049D+00  -0.5112D-01   0.1563D+00   0.0000D+00   0.3901D-01   0.4472D-02  -0.3056D-02   0.1464D-01   0.4946D+00  -0.2206D-01   0.8566D-01  -0.7497D-02   0.1049D+00  -0.5112D-01
  -0.1945D-02  -0.6677D-02  -0.3738D-02  -0.8988D-02  -0.1945D-02  -0.6677D-02  -0.3738D-02  -0.8988D-02
  0.500  1.000
  -0.7286D+00   0.0000D+00  -0.6751D+00   0.0000D+00   0.0000D+00   0.0000D+00  -0.5210D+00   0.0000D+00  -0.7286D+00   0.0000D+00  -0.6751D+00   0.0000D+00
   0.5731D+00   0.0000D+00   0.9667D-01   0.0000D+00   0.1858D+00   0.0000D+00   0.1694D+00   0.0000D+00   0.3764D-01   0.0000D+00   0.0000D+00   0.0000D+00   0.5731D+00   0.0000D+00   0.9667D-01   0.0000D+00   0.1858D+00   0.0000D+00
   0.0000D+00   0.0000D+00   0.0000D+00   0.0000D+00   0.0000D+00   0.0000D+00   0.0000D+00   0.0000D+00
  -0.6191D+00   0.8410D-01  -0.6449D+00   0.4975D-01   0.5194D-01  -0.4647D-01  -0.5229D+00   0.5060D-02  -0.6191D+00   0.8410D-01  -0.6449D+00   0.4975D-01
   0.5012D+00  -0.2025D-01   0.8659D-01  -0.6882D-02   0.1116D+00  -0.4692D-01   0.1574D+00   0.0000D+00   0.3891D-01   0.4105D-02  -0.2805D-02   0.1343D-01   0.5012D+00  -0.2025D-01   0.8659D-01  -0.6882D-02   0.1116D+00  -0.4692D-01
  -0.1786D-02  -0.6129D-02  -0.3431D-02  -0.8250D-02  -0.1786D-02  -0.6129D-02  -0.3431D-02  -0.8250D-02
  0.500  2.000
  -0.6735D+00   0.0000D+00  -0.6241D+00   0.0000D+00   0.0000D+00   0.0000D+00  -0.4816D+00   0.0000D+00  -0.6735D+00   0.0000D+00  -0.6241D+00   0.0000D+00
   0.5731D+00   0.0000D+00   0.9667D-01   0.0000D+00   0.1858D+00   0.0000D+00   0.1694D+00   0.0000D+00   0.3764D-01   0.0000D+00   0.0000D+00   0.0000D+00   0.5731D+00   0.0000D+00   0.9667D-01   0.0000D+00   0.1858D+00   0.0000D+00
   0.0000D+00   0.0000D+00   0.0000D+00   0.0000D+00   0.0000D+00   0.0000D+00   0.0000D+00   0.0000D+00
  -0.6293D+00   0.7185D-01  -0.6439D+00   0.4250D-01   0.4438D-01  -0.3971D-01  -0.5185D+00   0.4324D-02  -0.6293D+00   0.7185D-01  -0.6439D+00   0.4250D-01
   0.5068D+00  -0.1872D-01   0.8738D-01  -0.6361D-02   0.1173D+00  -0.4337D-01   0.1583D+00   0.0000D+00   0.3882D-01   0.3794D-02  -0.2593D-02   0.1242D-01   0.5068D+00  -0.1872D-01   0.8738D-01  -0.6361D-02   0.1173D+00  -0.4337D-01
  -0.1650D-02  -0.5665D-02  -0.3171D-02  -0.7626D-02  -0.1650D-02  -0.5665D-02  -0.3171D-02  -0.7626D-02
  1.000  0.500
  -0.7383D+00   0.0000D+00  -0.6867D+00   0.0000D+00   0.0000D+00   0.0000D+00  -0.5287D+00   0.0000D+00  -0.7383D+00   0.0000D+00  -0.6867D+00   0.0000D+00
   0.5350D+00   0.0000D+00   0.9022D-01   0.0000D+00   0.1730D+00   0.0000D+00   0.1577D+00   0.0000D+00   0.3504D-01   0.0000D+00   0.0000D+00   0.0000D+00   0.5350D+00   0.0000D+00   0.9022D-01   0.0000D+00   0.1730D+00   0.0000D+00
   0.0000D+00   0.0000D+00   0.0000D+00   0.0000D+00   0.0000D+00   0.0000D+00   0.0000D+00   0.0000D+00
  -0.6090D+00   0.9310D-01  -0.6401D+00   0.5495D-01   0.5645D-01  -0.5140D-01  -0.5206D+00   0.5682D-02  -0.6090D+00   0.9310D-01  -0.6401D+00   0.5495D-01
   0.4923D+00  -0.2055D-01   0.8587D-01  -0.6979D-02   0.1097D+00  -0.4756D-01   0.1560D+00   0.0000D+00   0.3871D-01   0.4162D-02  -0.2771D-02   0.1362D-01   0.4923D+00  -0.2055D-01   0.8587D-01  -0.6979D-02   0.1097D+00  -0.4756D-01
  -0.1819D-02  -0.6195D-02  -0.3494D-02  -0.8379D-02  -0.1819D-02  -0.6195D-02  -0.3494D-02  -0.8379D-02
  1.000  1.000
  -0.6777D+00   0.0000D+00  -0.6303D+00   0.0000D+00   0.0000D+00   0.0000D+00  -0.4853D+00   0.0000D+00  -0.6777D+00   0.0000D+00  -0.6303D+00   0.0000D+00
   0.5350D+00   0.0000D+00   0.9022D-01   0.0000D+00   0.1730D+00   0.0000D+00   0.1577D+00   0.0000D+00   0.3504D-01   0.0000D+00   0.0000D+00   0.0000D+00   0.5350D+00   0.0000D+00   0.9022D-01   0.0000D+00   0.1730D+00   0.0000D+00
   0.0000D+00   0.0000D+00   0.0000D+00   0.0000D+00   0.0000D+00   0.0000D+00   0.0000D+00   0.0000D+00
  -0.6225D+00   0.7844D-01  -0.6411D+00   0.4630D-01   0.4756D-01  -0.4330D-01  -0.5170D+00   0.4787D-02  -0.6225D+00   0.7844D-01  -0.6411D+00   0.4630D-01
   0.4959D+00  -0.1886D-01   0.8625D-01  -0.6407D-02   0.1150D+00  -0.4365D-01   0.1562D+00   0.0000D+00   0.3841D-01   0.3820D-02  -0.2543D-02   0.1250D-01   0.4959D+00  -0.1886D-01   0.8625D-01  -0.6407D-02   0.1150D+00  -0.4365D-01
  -0.1670D-02  -0.5686D-02  -0.3207D-02  -0.7691D-02  -0.1670D-02  -0.5686D-02  -0.3207D-02  -0.7691D-02
  1.000  2.000
  -0.6264D+00   0.0000D+00  -0.5826D+00   0.0000D+00   0.0000D+00   0.0000D+00  -0.4486D+00   0.0000D+00  -0.6264D+00   0.0000D+00  -0.5826D+00   0.0000D+00
   0.5350D+00   0.0000D+00   0.9022D-01   0.0000D+00   0.1730D+00   0.0000D+00   0.1577D+00   0.0000D+00   0.3504D-01   0.0000D+00   0.0000D+00   0.0000D+00   0.5350D+00   0.0000D+00   0.9022D-01   0.0000D+00   0.1730D+00   0.0000D+00
   0.0000D+00   0.0000D+00   0.0000D+00   0.0000D+00   0.0000D+00   0.0000D+00   0.0000D+00   0.0000D+00
  -0.6252D+00   0.6702D-01  -0.6345D+00   0.3956D-01   0.4064D-01  -0.3700D-01  -0.5085D+00   0.4090D-02  -0.6252D+00   0.6702D-01  -0.6345D+00   0.3956D-01
   0.4990D+00  -0.1743D-01   0.8657D-01  -0.5922D-02   0.1194D+00  -0.4035D-01   0.1563D+00   0.0000D+00   0.3817D-01   0.3531D-02  -0.2351D-02   0.1156D-01   0.4990D+00  -0.1743D-01   0.8657D-01  -0.5922D-02   0.1194D+00  -0.4035D-01
  -0.1544D-02  -0.5256D-02  -0.2964D-02  -0.7109D-02  -0.1544D-02  -0.5256D-02  -0.2964D-02  -0.7109D-02
  2.000  0.500
  -0.6900D+00   0.0000D+00  -0.6442D+00   0.0000D+00   0.0000D+00   0.0000D+00  -0.4939D+00   0.0000D+00  -0.6900D+00   0.0000D+00  -0.6442D+00   0.0000D+00
   0.5001D+00   0.0000D+00   0.8446D-01   0.0000D+00   0.1617D+00   0.0000D+00   0.1473D+00   0.0000D+00   0.3274D-01   0.0000D+00   0.0000D+00   0.0000D+00   0.5001D+00   0.0000D+00   0.8446D-01   0.0000D+00   0.1617D+00   0.0000D+00
   0.0000D+00   0.0000D+00   0.0000D+00   0.0000D+00   0.0000D+00   0.0000D+00   0.0000D+00   0.0000D+00
  -0.6182D+00   0.8714D-01  -0.6444D+00   0.5144D-01   0.5376D-01  -0.4801D-01  -0.5251D+00   0.5387D-02  -0.6182D+00   0.8714D-01  -0.6444D+00   0.5144D-01
   0.4964D+00  -0.1921D-01   0.8646D-01  -0.6536D-02   0.1133D+00  -0.4460D-01   0.1559D+00   0.0000D+00   0.3845D-01   0.3889D-02  -0.2604D-02   0.1273D-01   0.4964D+00  -0.1921D-01   0.8646D-01  -0.6536D-02   0.1133D+00  -0.4460D-01
  -0.1707D-02  -0.5795D-02  -0.3280D-02  -0.7840D-02  -0.1707D-02  -0.5795D-02  -0.3280D-02  -0.7840D-02
  2.000  1.000
  -0.6334D+00   0.0000D+00  -0.5914D+00   0.0000D+00   0.0000D+00   0.0000D+00  -0.4533D+00   0.0000D+00  -0.6334D+00   0.0000D+00  -0.5914D+00   0.0000D+00
   0.5001D+00   0.0000D+00   0.8446D-01   0.0000D+00   0.1617D+00   0.0000D+00   0.1473D+00   0.0000D+00   0.3274D-01   0.0000D+00   0.0000D+00   0.0000D+00   0.5001D+00   0.0000D+00   0.8446D-01   0.0000D+00   0.1617D+00   0.0000D+00
   0.0000D+00   0.0000D+00   0.0000D+00   0.0000D+00   0.0000D+00   0.0000D+00   0.0000D+00   0.0000D+00
  -0.6231D+00   0.7342D-01  -0.6384D+00   0.4334D-01   0.4530D-01  -0.4045D-01  -0.5156D+00   0.4539D-02  -0.6231D+00   0.7342D-01  -0.6384D+00   0.4334D-01
   0.4969D+00  -0.1763D-01   0.8632D-01  -0.6000D-02   0.1173D+00  -0.4094D-01   0.1553D+00   0.0000D+00   0.3799D-01   0.3570D-02  -0.2391D-02   0.1168D-01   0.4969D+00  -0.1763D-01   0.8632D-01  -0.6000D-02   0.1173D+00  -0.4094D-01
  -0.1566D-02  -0.5320D-02  -0.3010D-02  -0.7196D-02  -0.1566D-02  -0.5320D-02  -0.3010D-02  -0.7196D-02
  2.000  2.000
  -0.5855D+00   0.0000D+00  -0.5466D+00   0.0000D+00   0.0000D+00   0.0000D+00  -0.4190D+00   0.0000D+00  -0.5855D+00   0.0000D+00  -0.5466D+00   0.0000D+00
   0.5001D+00   0.0000D+00   0.8446D-01   0.0000D+00   0.1617D+00   0.0000D+00   0.1473D+00   0.0000D+00   0.3274D-01   0.0000D+00   0.0000D+00   0.0000D+00   0.5001D+00   0.0000D+00   0.8446D-01   0.0000D+00   0.1617D+00   0.0000D+00
   0.0000D+00   0.0000D+00   0.0000D+00   0.0000D+00   0.0000D+00   0.0000D+00   0.0000D+00   0.0000D+00
  -0.6196D+00   0.6273D-01  -0.6269D+00   0.3703D-01   0.3870D-01  -0.3456D-01  -0.5029D+00   0.3878D-02  -0.6196D+00   0.6273D-01  -0.6269D+00   0.3703D-01
   0.4972D+00  -0.1630D-01   0.8620D-01  -0.5546D-02   0.1207D+00  -0.3784D-01   0.1547D+00   0.0000D+00   0.3760D-01   0.3300D-02  -0.2210D-02   0.1080D-01   0.4972D+00  -0.1630D-01   0.8620D-01  -0.5546D-02   0.1207D+00  -0.3784D-01
  -0.1448D-02  -0.4917D-02  -0.2783D-02  -0.6652D-02  -0.1448D-02  -0.4917D-02  -0.2783D-02  -0.6652D-02
