 LHC=           1 sqrts=   8000.0000000000000      ang=           4 mode=fital                                                                                               scalescheme=           1 R=  0.69999999999999996     
 CT10nlo_rand5678                                                                                             218
 Bin information: chid, chiu, md, mu, mu0
   0.0000000000000000       0.50000000000000000        1248.0000000000000        1327.0000000000000        1287.5000000000000     
 9 scales(muf, mur)*(LO(38), NLO(38))
  0.500  0.500
  -0.4734D-01   0.0000D+00  -0.3271D-01   0.0000D+00   0.0000D+00   0.0000D+00  -0.1611D-01   0.0000D+00  -0.4734D-01   0.0000D+00  -0.3271D-01   0.0000D+00
   0.1668D+00   0.0000D+00   0.2537D-01   0.0000D+00   0.7006D-01   0.0000D+00   0.2809D-01   0.0000D+00   0.6243D-02   0.0000D+00   0.0000D+00   0.0000D+00   0.1668D+00   0.0000D+00   0.2537D-01   0.0000D+00   0.7006D-01   0.0000D+00
   0.0000D+00   0.0000D+00   0.0000D+00   0.0000D+00   0.0000D+00   0.0000D+00   0.0000D+00   0.0000D+00
  -0.3920D-01   0.3793D-02  -0.2888D-01   0.2178D-02   0.1905D-02  -0.1404D-02  -0.1422D-01   0.7239D-03  -0.3920D-01   0.3793D-02  -0.2888D-01   0.2178D-02
   0.1242D+00  -0.7467D-02   0.1943D-01  -0.2175D-02   0.3993D-01  -0.1302D-01   0.2341D-01   0.0000D+00   0.5839D-02   0.6651D-03  -0.1127D-02   0.2177D-02   0.1242D+00  -0.7467D-02   0.1943D-01  -0.2175D-02   0.3993D-01  -0.1302D-01
  -0.7758D-03  -0.1943D-02  -0.8384D-03  -0.1797D-02  -0.7758D-03  -0.1943D-02  -0.8384D-03  -0.1797D-02
  0.500  1.000
  -0.4384D-01   0.0000D+00  -0.3029D-01   0.0000D+00   0.0000D+00   0.0000D+00  -0.1491D-01   0.0000D+00  -0.4384D-01   0.0000D+00  -0.3029D-01   0.0000D+00
   0.1668D+00   0.0000D+00   0.2537D-01   0.0000D+00   0.7006D-01   0.0000D+00   0.2809D-01   0.0000D+00   0.6243D-02   0.0000D+00   0.0000D+00   0.0000D+00   0.1668D+00   0.0000D+00   0.2537D-01   0.0000D+00   0.7006D-01   0.0000D+00
   0.0000D+00   0.0000D+00   0.0000D+00   0.0000D+00   0.0000D+00   0.0000D+00   0.0000D+00   0.0000D+00
  -0.4000D-01   0.3253D-02  -0.2917D-01   0.1868D-02   0.1633D-02  -0.1204D-02  -0.1437D-01   0.6207D-03  -0.4000D-01   0.3253D-02  -0.2917D-01   0.1868D-02
   0.1274D+00  -0.6914D-02   0.1987D-01  -0.2014D-02   0.4217D-01  -0.1206D-01   0.2376D-01   0.0000D+00   0.5869D-02   0.6159D-03  -0.1044D-02   0.2016D-02   0.1274D+00  -0.6914D-02   0.1987D-01  -0.2014D-02   0.4217D-01  -0.1206D-01
  -0.7184D-03  -0.1799D-02  -0.7763D-03  -0.1664D-02  -0.7184D-03  -0.1799D-02  -0.7763D-03  -0.1664D-02
  0.500  2.000
  -0.4082D-01   0.0000D+00  -0.2820D-01   0.0000D+00   0.0000D+00   0.0000D+00  -0.1389D-01   0.0000D+00  -0.4082D-01   0.0000D+00  -0.2820D-01   0.0000D+00
   0.1668D+00   0.0000D+00   0.2537D-01   0.0000D+00   0.7006D-01   0.0000D+00   0.2809D-01   0.0000D+00   0.6243D-02   0.0000D+00   0.0000D+00   0.0000D+00   0.1668D+00   0.0000D+00   0.2537D-01   0.0000D+00   0.7006D-01   0.0000D+00
   0.0000D+00   0.0000D+00   0.0000D+00   0.0000D+00   0.0000D+00   0.0000D+00   0.0000D+00   0.0000D+00
  -0.4022D-01   0.2821D-02  -0.2912D-01   0.1620D-02   0.1417D-02  -0.1044D-02  -0.1434D-01   0.5383D-03  -0.4022D-01   0.2821D-02  -0.2912D-01   0.1620D-02
   0.1301D+00  -0.6439D-02   0.2025D-01  -0.1876D-02   0.4409D-01  -0.1123D-01   0.2406D-01   0.0000D+00   0.5895D-02   0.5736D-03  -0.9719D-03   0.1877D-02   0.1301D+00  -0.6439D-02   0.2025D-01  -0.1876D-02   0.4409D-01  -0.1123D-01
  -0.6690D-03  -0.1676D-02  -0.7230D-03  -0.1550D-02  -0.6690D-03  -0.1676D-02  -0.7230D-03  -0.1550D-02
  1.000  0.500
  -0.4146D-01   0.0000D+00  -0.2862D-01   0.0000D+00   0.0000D+00   0.0000D+00  -0.1406D-01   0.0000D+00  -0.4146D-01   0.0000D+00  -0.2862D-01   0.0000D+00
   0.1459D+00   0.0000D+00   0.2222D-01   0.0000D+00   0.6130D-01   0.0000D+00   0.2452D-01   0.0000D+00   0.5449D-02   0.0000D+00   0.0000D+00   0.0000D+00   0.1459D+00   0.0000D+00   0.2222D-01   0.0000D+00   0.6130D-01   0.0000D+00
   0.0000D+00   0.0000D+00   0.0000D+00   0.0000D+00   0.0000D+00   0.0000D+00   0.0000D+00   0.0000D+00
  -0.3985D-01   0.3319D-02  -0.2908D-01   0.1906D-02   0.1648D-02  -0.1225D-02  -0.1432D-01   0.6337D-03  -0.3985D-01   0.3319D-02  -0.2908D-01   0.1906D-02
   0.1279D+00  -0.6530D-02   0.1998D-01  -0.1905D-02   0.4309D-01  -0.1139D-01   0.2377D-01   0.0000D+00   0.5823D-02   0.5806D-03  -0.9877D-03   0.1900D-02   0.1279D+00  -0.6530D-02   0.1998D-01  -0.1905D-02   0.4309D-01  -0.1139D-01
  -0.6797D-03  -0.1705D-02  -0.7331D-03  -0.1572D-02  -0.6797D-03  -0.1705D-02  -0.7331D-03  -0.1572D-02
  1.000  1.000
  -0.3839D-01   0.0000D+00  -0.2650D-01   0.0000D+00   0.0000D+00   0.0000D+00  -0.1302D-01   0.0000D+00  -0.3839D-01   0.0000D+00  -0.2650D-01   0.0000D+00
   0.1459D+00   0.0000D+00   0.2222D-01   0.0000D+00   0.6130D-01   0.0000D+00   0.2452D-01   0.0000D+00   0.5449D-02   0.0000D+00   0.0000D+00   0.0000D+00   0.1459D+00   0.0000D+00   0.2222D-01   0.0000D+00   0.6130D-01   0.0000D+00
   0.0000D+00   0.0000D+00   0.0000D+00   0.0000D+00   0.0000D+00   0.0000D+00   0.0000D+00   0.0000D+00
  -0.3976D-01   0.2846D-02  -0.2880D-01   0.1635D-02   0.1413D-02  -0.1051D-02  -0.1417D-01   0.5433D-03  -0.3976D-01   0.2846D-02  -0.2880D-01   0.1635D-02
   0.1292D+00  -0.6046D-02   0.2015D-01  -0.1764D-02   0.4444D-01  -0.1055D-01   0.2382D-01   0.0000D+00   0.5796D-02   0.5377D-03  -0.9147D-03   0.1760D-02   0.1292D+00  -0.6046D-02   0.2015D-01  -0.1764D-02   0.4444D-01  -0.1055D-01
  -0.6294D-03  -0.1579D-02  -0.6788D-03  -0.1456D-02  -0.6294D-03  -0.1579D-02  -0.6788D-03  -0.1456D-02
  1.000  2.000
  -0.3575D-01   0.0000D+00  -0.2468D-01   0.0000D+00   0.0000D+00   0.0000D+00  -0.1212D-01   0.0000D+00  -0.3575D-01   0.0000D+00  -0.2468D-01   0.0000D+00
   0.1459D+00   0.0000D+00   0.2222D-01   0.0000D+00   0.6130D-01   0.0000D+00   0.2452D-01   0.0000D+00   0.5449D-02   0.0000D+00   0.0000D+00   0.0000D+00   0.1459D+00   0.0000D+00   0.2222D-01   0.0000D+00   0.6130D-01   0.0000D+00
   0.0000D+00   0.0000D+00   0.0000D+00   0.0000D+00   0.0000D+00   0.0000D+00   0.0000D+00   0.0000D+00
  -0.3932D-01   0.2468D-02  -0.2832D-01   0.1418D-02   0.1226D-02  -0.9111D-03  -0.1393D-01   0.4712D-03  -0.3932D-01   0.2468D-02  -0.2832D-01   0.1418D-02
   0.1304D+00  -0.5631D-02   0.2029D-01  -0.1643D-02   0.4560D-01  -0.9824D-02   0.2387D-01   0.0000D+00   0.5773D-02   0.5007D-03  -0.8519D-03   0.1639D-02   0.1304D+00  -0.5631D-02   0.2029D-01  -0.1643D-02   0.4560D-01  -0.9824D-02
  -0.5861D-03  -0.1470D-02  -0.6322D-03  -0.1356D-02  -0.5861D-03  -0.1470D-02  -0.6322D-03  -0.1356D-02
  2.000  0.500
  -0.3667D-01   0.0000D+00  -0.2526D-01   0.0000D+00   0.0000D+00   0.0000D+00  -0.1239D-01   0.0000D+00  -0.3667D-01   0.0000D+00  -0.2526D-01   0.0000D+00
   0.1288D+00   0.0000D+00   0.1958D-01   0.0000D+00   0.5414D-01   0.0000D+00   0.2160D-01   0.0000D+00   0.4800D-02   0.0000D+00   0.0000D+00   0.0000D+00   0.1288D+00   0.0000D+00   0.1958D-01   0.0000D+00   0.5414D-01   0.0000D+00
   0.0000D+00   0.0000D+00   0.0000D+00   0.0000D+00   0.0000D+00   0.0000D+00   0.0000D+00   0.0000D+00
  -0.4013D-01   0.2929D-02  -0.2905D-01   0.1682D-02   0.1420D-02  -0.1080D-02  -0.1431D-01   0.5603D-03  -0.4013D-01   0.2929D-02  -0.2905D-01   0.1682D-02
   0.1302D+00  -0.5770D-02   0.2025D-01  -0.1683D-02   0.4546D-01  -0.1005D-01   0.2387D-01   0.0000D+00   0.5784D-02   0.5113D-03  -0.8593D-03   0.1673D-02   0.1302D+00  -0.5770D-02   0.2025D-01  -0.1683D-02   0.4546D-01  -0.1005D-01
  -0.6008D-03  -0.1496D-02  -0.6467D-03  -0.1382D-02  -0.6008D-03  -0.1496D-02  -0.6467D-03  -0.1382D-02
  2.000  1.000
  -0.3395D-01   0.0000D+00  -0.2339D-01   0.0000D+00   0.0000D+00   0.0000D+00  -0.1148D-01   0.0000D+00  -0.3395D-01   0.0000D+00  -0.2339D-01   0.0000D+00
   0.1288D+00   0.0000D+00   0.1958D-01   0.0000D+00   0.5414D-01   0.0000D+00   0.2160D-01   0.0000D+00   0.4800D-02   0.0000D+00   0.0000D+00   0.0000D+00   0.1288D+00   0.0000D+00   0.1958D-01   0.0000D+00   0.5414D-01   0.0000D+00
   0.0000D+00   0.0000D+00   0.0000D+00   0.0000D+00   0.0000D+00   0.0000D+00   0.0000D+00   0.0000D+00
  -0.3936D-01   0.2511D-02  -0.2832D-01   0.1442D-02   0.1217D-02  -0.9263D-03  -0.1394D-01   0.4805D-03  -0.3936D-01   0.2511D-02  -0.2832D-01   0.1442D-02
   0.1301D+00  -0.5343D-02   0.2020D-01  -0.1559D-02   0.4611D-01  -0.9310D-02   0.2370D-01   0.0000D+00   0.5712D-02   0.4735D-03  -0.7958D-03   0.1549D-02   0.1301D+00  -0.5343D-02   0.2020D-01  -0.1559D-02   0.4611D-01  -0.9310D-02
  -0.5563D-03  -0.1385D-02  -0.5988D-03  -0.1280D-02  -0.5563D-03  -0.1385D-02  -0.5988D-03  -0.1280D-02
  2.000  2.000
  -0.3162D-01   0.0000D+00  -0.2178D-01   0.0000D+00   0.0000D+00   0.0000D+00  -0.1069D-01   0.0000D+00  -0.3162D-01   0.0000D+00  -0.2178D-01   0.0000D+00
   0.1288D+00   0.0000D+00   0.1958D-01   0.0000D+00   0.5414D-01   0.0000D+00   0.2160D-01   0.0000D+00   0.4800D-02   0.0000D+00   0.0000D+00   0.0000D+00   0.1288D+00   0.0000D+00   0.1958D-01   0.0000D+00   0.5414D-01   0.0000D+00
   0.0000D+00   0.0000D+00   0.0000D+00   0.0000D+00   0.0000D+00   0.0000D+00   0.0000D+00   0.0000D+00
  -0.3841D-01   0.2178D-02  -0.2751D-01   0.1251D-02   0.1056D-02  -0.8033D-03  -0.1354D-01   0.4167D-03  -0.3841D-01   0.2178D-02  -0.2751D-01   0.1251D-02
   0.1301D+00  -0.4976D-02   0.2016D-01  -0.1452D-02   0.4666D-01  -0.8670D-02   0.2356D-01   0.0000D+00   0.5649D-02   0.4409D-03  -0.7411D-03   0.1443D-02   0.1301D+00  -0.4976D-02   0.2016D-01  -0.1452D-02   0.4666D-01  -0.8670D-02
  -0.5181D-03  -0.1290D-02  -0.5576D-03  -0.1192D-02  -0.5181D-03  -0.1290D-02  -0.5576D-03  -0.1192D-02
