 LHC=           1 sqrts=   8000.0000000000000      ang=           4 mode=fital                                                                                               scalescheme=           1 R=  0.69999999999999996     
 CT10nlo_rand5678                                                                                             188
 Bin information: chid, chiu, md, mu, mu0
   0.0000000000000000       0.50000000000000000        790.00000000000000        846.00000000000000        818.00000000000000     
 9 scales(muf, mur)*(LO(38), NLO(38))
  0.500  0.500
  -0.2781D+00   0.0000D+00  -0.2084D+00   0.0000D+00   0.0000D+00   0.0000D+00  -0.1316D+00   0.0000D+00  -0.2781D+00   0.0000D+00  -0.2084D+00   0.0000D+00
   0.4216D+00   0.0000D+00   0.6675D-01   0.0000D+00   0.1616D+00   0.0000D+00   0.9634D-01   0.0000D+00   0.2141D-01   0.0000D+00   0.0000D+00   0.0000D+00   0.4216D+00   0.0000D+00   0.6675D-01   0.0000D+00   0.1616D+00   0.0000D+00
   0.0000D+00   0.0000D+00   0.0000D+00   0.0000D+00   0.0000D+00   0.0000D+00   0.0000D+00   0.0000D+00
  -0.2211D+00   0.2607D-01  -0.1813D+00   0.1545D-01   0.1599D-01  -0.1211D-01  -0.1189D+00   0.3267D-02  -0.2211D+00   0.2607D-01  -0.1813D+00   0.1545D-01
   0.3292D+00  -0.1815D-01   0.5369D-01  -0.5566D-02   0.9113D-01  -0.3498D-01   0.8348D-01   0.0000D+00   0.2083D-01   0.2407D-02  -0.2735D-02   0.7877D-02   0.3292D+00  -0.1815D-01   0.5369D-01  -0.5566D-02   0.9113D-01  -0.3498D-01
  -0.1753D-02  -0.5007D-02  -0.2400D-02  -0.5459D-02  -0.1753D-02  -0.5007D-02  -0.2400D-02  -0.5459D-02
  0.500  1.000
  -0.2564D+00   0.0000D+00  -0.1922D+00   0.0000D+00   0.0000D+00   0.0000D+00  -0.1214D+00   0.0000D+00  -0.2564D+00   0.0000D+00  -0.1922D+00   0.0000D+00
   0.4216D+00   0.0000D+00   0.6675D-01   0.0000D+00   0.1616D+00   0.0000D+00   0.9634D-01   0.0000D+00   0.2141D-01   0.0000D+00   0.0000D+00   0.0000D+00   0.4216D+00   0.0000D+00   0.6675D-01   0.0000D+00   0.1616D+00   0.0000D+00
   0.0000D+00   0.0000D+00   0.0000D+00   0.0000D+00   0.0000D+00   0.0000D+00   0.0000D+00   0.0000D+00
  -0.2273D+00   0.2217D-01  -0.1836D+00   0.1314D-01   0.1360D-01  -0.1029D-01  -0.1197D+00   0.2778D-02  -0.2273D+00   0.2217D-01  -0.1836D+00   0.1314D-01
   0.3365D+00  -0.1674D-01   0.5472D-01  -0.5133D-02   0.9664D-01  -0.3225D-01   0.8449D-01   0.0000D+00   0.2088D-01   0.2219D-02  -0.2522D-02   0.7263D-02   0.3365D+00  -0.1674D-01   0.5472D-01  -0.5133D-02   0.9664D-01  -0.3225D-01
  -0.1616D-02  -0.4617D-02  -0.2213D-02  -0.5034D-02  -0.1616D-02  -0.4617D-02  -0.2213D-02  -0.5034D-02
  0.500  2.000
  -0.2379D+00   0.0000D+00  -0.1783D+00   0.0000D+00   0.0000D+00   0.0000D+00  -0.1126D+00   0.0000D+00  -0.2379D+00   0.0000D+00  -0.1783D+00   0.0000D+00
   0.4216D+00   0.0000D+00   0.6675D-01   0.0000D+00   0.1616D+00   0.0000D+00   0.9634D-01   0.0000D+00   0.2141D-01   0.0000D+00   0.0000D+00   0.0000D+00   0.4216D+00   0.0000D+00   0.6675D-01   0.0000D+00   0.1616D+00   0.0000D+00
   0.0000D+00   0.0000D+00   0.0000D+00   0.0000D+00   0.0000D+00   0.0000D+00   0.0000D+00   0.0000D+00
  -0.2295D+00   0.1909D-01  -0.1834D+00   0.1131D-01   0.1171D-01  -0.8863D-02  -0.1190D+00   0.2392D-02  -0.2295D+00   0.1909D-01  -0.1834D+00   0.1131D-01
   0.3427D+00  -0.1553D-01   0.5560D-01  -0.4763D-02   0.1013D+00  -0.2993D-01   0.8536D-01   0.0000D+00   0.2092D-01   0.2059D-02  -0.2341D-02   0.6739D-02   0.3427D+00  -0.1553D-01   0.5560D-01  -0.4763D-02   0.1013D+00  -0.2993D-01
  -0.1500D-02  -0.4284D-02  -0.2053D-02  -0.4671D-02  -0.1500D-02  -0.4284D-02  -0.2053D-02  -0.4671D-02
  1.000  0.500
  -0.2525D+00   0.0000D+00  -0.1887D+00   0.0000D+00   0.0000D+00   0.0000D+00  -0.1190D+00   0.0000D+00  -0.2525D+00   0.0000D+00  -0.1887D+00   0.0000D+00
   0.3818D+00   0.0000D+00   0.6038D-01   0.0000D+00   0.1467D+00   0.0000D+00   0.8696D-01   0.0000D+00   0.1932D-01   0.0000D+00   0.0000D+00   0.0000D+00   0.3818D+00   0.0000D+00   0.6038D-01   0.0000D+00   0.1467D+00   0.0000D+00
   0.0000D+00   0.0000D+00   0.0000D+00   0.0000D+00   0.0000D+00   0.0000D+00   0.0000D+00   0.0000D+00
  -0.2243D+00   0.2368D-01  -0.1822D+00   0.1401D-01   0.1446D-01  -0.1094D-01  -0.1194D+00   0.2981D-02  -0.2243D+00   0.2368D-01  -0.1822D+00   0.1401D-01
   0.3349D+00  -0.1648D-01   0.5444D-01  -0.5040D-02   0.9666D-01  -0.3161D-01   0.8402D-01   0.0000D+00   0.2068D-01   0.2173D-02  -0.2454D-02   0.7110D-02   0.3349D+00  -0.1648D-01   0.5444D-01  -0.5040D-02   0.9666D-01  -0.3161D-01
  -0.1593D-02  -0.4522D-02  -0.2174D-02  -0.4935D-02  -0.1593D-02  -0.4522D-02  -0.2174D-02  -0.4935D-02
  1.000  1.000
  -0.2328D+00   0.0000D+00  -0.1740D+00   0.0000D+00   0.0000D+00   0.0000D+00  -0.1097D+00   0.0000D+00  -0.2328D+00   0.0000D+00  -0.1740D+00   0.0000D+00
   0.3818D+00   0.0000D+00   0.6038D-01   0.0000D+00   0.1467D+00   0.0000D+00   0.8696D-01   0.0000D+00   0.1932D-01   0.0000D+00   0.0000D+00   0.0000D+00   0.3818D+00   0.0000D+00   0.6038D-01   0.0000D+00   0.1467D+00   0.0000D+00
   0.0000D+00   0.0000D+00   0.0000D+00   0.0000D+00   0.0000D+00   0.0000D+00   0.0000D+00   0.0000D+00
  -0.2264D+00   0.2013D-01  -0.1816D+00   0.1191D-01   0.1229D-01  -0.9305D-02  -0.1183D+00   0.2535D-02  -0.2264D+00   0.2013D-01  -0.1816D+00   0.1191D-01
   0.3386D+00  -0.1520D-01   0.5491D-01  -0.4648D-02   0.1006D+00  -0.2914D-01   0.8427D-01   0.0000D+00   0.2058D-01   0.2003D-02  -0.2263D-02   0.6556D-02   0.3386D+00  -0.1520D-01   0.5491D-01  -0.4648D-02   0.1006D+00  -0.2914D-01
  -0.1469D-02  -0.4170D-02  -0.2005D-02  -0.4551D-02  -0.1469D-02  -0.4170D-02  -0.2005D-02  -0.4551D-02
  1.000  2.000
  -0.2160D+00   0.0000D+00  -0.1614D+00   0.0000D+00   0.0000D+00   0.0000D+00  -0.1018D+00   0.0000D+00  -0.2160D+00   0.0000D+00  -0.1614D+00   0.0000D+00
   0.3818D+00   0.0000D+00   0.6038D-01   0.0000D+00   0.1467D+00   0.0000D+00   0.8696D-01   0.0000D+00   0.1932D-01   0.0000D+00   0.0000D+00   0.0000D+00   0.3818D+00   0.0000D+00   0.6038D-01   0.0000D+00   0.1467D+00   0.0000D+00
   0.0000D+00   0.0000D+00   0.0000D+00   0.0000D+00   0.0000D+00   0.0000D+00   0.0000D+00   0.0000D+00
  -0.2256D+00   0.1733D-01  -0.1793D+00   0.1026D-01   0.1058D-01  -0.8012D-02  -0.1163D+00   0.2183D-02  -0.2256D+00   0.1733D-01  -0.1793D+00   0.1026D-01
   0.3418D+00  -0.1410D-01   0.5531D-01  -0.4313D-02   0.1039D+00  -0.2704D-01   0.8447D-01   0.0000D+00   0.2049D-01   0.1859D-02  -0.2100D-02   0.6083D-02   0.3418D+00  -0.1410D-01   0.5531D-01  -0.4313D-02   0.1039D+00  -0.2704D-01
  -0.1363D-02  -0.3869D-02  -0.1860D-02  -0.4223D-02  -0.1363D-02  -0.3869D-02  -0.1860D-02  -0.4223D-02
  2.000  0.500
  -0.2305D+00   0.0000D+00  -0.1723D+00   0.0000D+00   0.0000D+00   0.0000D+00  -0.1082D+00   0.0000D+00  -0.2305D+00   0.0000D+00  -0.1723D+00   0.0000D+00
   0.3473D+00   0.0000D+00   0.5496D-01   0.0000D+00   0.1336D+00   0.0000D+00   0.7888D-01   0.0000D+00   0.1753D-01   0.0000D+00   0.0000D+00   0.0000D+00   0.3473D+00   0.0000D+00   0.5496D-01   0.0000D+00   0.1336D+00   0.0000D+00
   0.0000D+00   0.0000D+00   0.0000D+00   0.0000D+00   0.0000D+00   0.0000D+00   0.0000D+00   0.0000D+00
  -0.2272D+00   0.2157D-01  -0.1839D+00   0.1276D-01   0.1304D-01  -0.9952D-02  -0.1196D+00   0.2738D-02  -0.2272D+00   0.2157D-01  -0.1839D+00   0.1276D-01
   0.3385D+00  -0.1502D-01   0.5520D-01  -0.4601D-02   0.1008D+00  -0.2874D-01   0.8425D-01   0.0000D+00   0.2058D-01   0.1971D-02  -0.2250D-02   0.6451D-02   0.3385D+00  -0.1502D-01   0.5520D-01  -0.4601D-02   0.1008D+00  -0.2874D-01
  -0.1457D-02  -0.4130D-02  -0.1982D-02  -0.4477D-02  -0.1457D-02  -0.4130D-02  -0.1982D-02  -0.4477D-02
  2.000  1.000
  -0.2125D+00   0.0000D+00  -0.1589D+00   0.0000D+00   0.0000D+00   0.0000D+00  -0.9976D-01   0.0000D+00  -0.2125D+00   0.0000D+00  -0.1589D+00   0.0000D+00
   0.3473D+00   0.0000D+00   0.5496D-01   0.0000D+00   0.1336D+00   0.0000D+00   0.7888D-01   0.0000D+00   0.1753D-01   0.0000D+00   0.0000D+00   0.0000D+00   0.3473D+00   0.0000D+00   0.5496D-01   0.0000D+00   0.1336D+00   0.0000D+00
   0.0000D+00   0.0000D+00   0.0000D+00   0.0000D+00   0.0000D+00   0.0000D+00   0.0000D+00   0.0000D+00
  -0.2257D+00   0.1834D-01  -0.1807D+00   0.1085D-01   0.1109D-01  -0.8461D-02  -0.1170D+00   0.2328D-02  -0.2257D+00   0.1834D-01  -0.1807D+00   0.1085D-01
   0.3392D+00  -0.1385D-01   0.5519D-01  -0.4242D-02   0.1034D+00  -0.2650D-01   0.8384D-01   0.0000D+00   0.2035D-01   0.1817D-02  -0.2074D-02   0.5948D-02   0.3392D+00  -0.1385D-01   0.5519D-01  -0.4242D-02   0.1034D+00  -0.2650D-01
  -0.1343D-02  -0.3808D-02  -0.1828D-02  -0.4129D-02  -0.1343D-02  -0.3808D-02  -0.1828D-02  -0.4129D-02
  2.000  2.000
  -0.1972D+00   0.0000D+00  -0.1475D+00   0.0000D+00   0.0000D+00   0.0000D+00  -0.9257D-01   0.0000D+00  -0.1972D+00   0.0000D+00  -0.1475D+00   0.0000D+00
   0.3473D+00   0.0000D+00   0.5496D-01   0.0000D+00   0.1336D+00   0.0000D+00   0.7888D-01   0.0000D+00   0.1753D-01   0.0000D+00   0.0000D+00   0.0000D+00   0.3473D+00   0.0000D+00   0.5496D-01   0.0000D+00   0.1336D+00   0.0000D+00
   0.0000D+00   0.0000D+00   0.0000D+00   0.0000D+00   0.0000D+00   0.0000D+00   0.0000D+00   0.0000D+00
  -0.2223D+00   0.1579D-01  -0.1765D+00   0.9339D-02   0.9550D-02  -0.7285D-02  -0.1139D+00   0.2005D-02  -0.2223D+00   0.1579D-01  -0.1765D+00   0.9339D-02
   0.3399D+00  -0.1285D-01   0.5519D-01  -0.3937D-02   0.1056D+00  -0.2459D-01   0.8350D-01   0.0000D+00   0.2015D-01   0.1686D-02  -0.1925D-02   0.5519D-02   0.3399D+00  -0.1285D-01   0.5519D-01  -0.3937D-02   0.1056D+00  -0.2459D-01
  -0.1246D-02  -0.3534D-02  -0.1696D-02  -0.3831D-02  -0.1246D-02  -0.3534D-02  -0.1696D-02  -0.3831D-02
