 LHC=           1 sqrts=   8000.0000000000000      ang=           4 mode=fital                                                                                               scalescheme=           1 R=  0.69999999999999996     
 CT10nlo_rand5678                                                                                             428
 Bin information: chid, chiu, md, mu, mu0
   0.0000000000000000       0.50000000000000000        330.00000000000000        362.00000000000000        346.00000000000000     
 9 scales(muf, mur)*(LO(38), NLO(38))
  0.500  0.500
  -0.1783D+01   0.0000D+00  -0.1953D+01   0.0000D+00   0.0000D+00   0.0000D+00  -0.1785D+01   0.0000D+00  -0.1783D+01   0.0000D+00  -0.1953D+01   0.0000D+00
   0.6233D+00   0.0000D+00   0.1092D+00   0.0000D+00   0.1745D+00   0.0000D+00   0.2220D+00   0.0000D+00   0.4933D-01   0.0000D+00   0.0000D+00   0.0000D+00   0.6233D+00   0.0000D+00   0.1092D+00   0.0000D+00   0.1745D+00   0.0000D+00
   0.0000D+00   0.0000D+00   0.0000D+00   0.0000D+00   0.0000D+00   0.0000D+00   0.0000D+00   0.0000D+00
  -0.1303D+01   0.2871D+00  -0.1683D+01   0.1724D+00   0.1656D+00  -0.1836D+00  -0.1650D+01   0.2208D-03  -0.1303D+01   0.2871D+00  -0.1683D+01   0.1724D+00
   0.6059D+00  -0.2193D-01   0.1087D+00  -0.8135D-02   0.1109D+00  -0.5912D-01   0.2231D+00   0.0000D+00   0.5587D-01   0.6199D-02  -0.1987D-02   0.2029D-01   0.6059D+00  -0.2193D-01   0.1087D+00  -0.8135D-02   0.1109D+00  -0.5912D-01
  -0.1668D-02  -0.7290D-02  -0.4417D-02  -0.1153D-01  -0.1668D-02  -0.7290D-02  -0.4417D-02  -0.1153D-01
  0.500  1.000
  -0.1628D+01   0.0000D+00  -0.1784D+01   0.0000D+00   0.0000D+00   0.0000D+00  -0.1630D+01   0.0000D+00  -0.1628D+01   0.0000D+00  -0.1784D+01   0.0000D+00
   0.6233D+00   0.0000D+00   0.1092D+00   0.0000D+00   0.1745D+00   0.0000D+00   0.2220D+00   0.0000D+00   0.4933D-01   0.0000D+00   0.0000D+00   0.0000D+00   0.6233D+00   0.0000D+00   0.1092D+00   0.0000D+00   0.1745D+00   0.0000D+00
   0.0000D+00   0.0000D+00   0.0000D+00   0.0000D+00   0.0000D+00   0.0000D+00   0.0000D+00   0.0000D+00
  -0.1364D+01   0.2394D+00  -0.1707D+01   0.1438D+00   0.1381D+00  -0.1532D+00  -0.1654D+01   0.1846D-03  -0.1364D+01   0.2394D+00  -0.1707D+01   0.1438D+00
   0.6077D+00  -0.2003D-01   0.1088D+00  -0.7430D-02   0.1165D+00  -0.5399D-01   0.2231D+00   0.0000D+00   0.5533D-01   0.5662D-02  -0.1813D-02   0.1853D-01   0.6077D+00  -0.2003D-01   0.1088D+00  -0.7430D-02   0.1165D+00  -0.5399D-01
  -0.1524D-02  -0.6658D-02  -0.4034D-02  -0.1053D-01  -0.1524D-02  -0.6658D-02  -0.4034D-02  -0.1053D-01
  0.500  2.000
  -0.1499D+01   0.0000D+00  -0.1642D+01   0.0000D+00   0.0000D+00   0.0000D+00  -0.1501D+01   0.0000D+00  -0.1499D+01   0.0000D+00  -0.1642D+01   0.0000D+00
   0.6233D+00   0.0000D+00   0.1092D+00   0.0000D+00   0.1745D+00   0.0000D+00   0.2220D+00   0.0000D+00   0.4933D-01   0.0000D+00   0.0000D+00   0.0000D+00   0.6233D+00   0.0000D+00   0.1092D+00   0.0000D+00   0.1745D+00   0.0000D+00
   0.0000D+00   0.0000D+00   0.0000D+00   0.0000D+00   0.0000D+00   0.0000D+00   0.0000D+00   0.0000D+00
  -0.1390D+01   0.2029D+00  -0.1703D+01   0.1219D+00   0.1170D+00  -0.1298D+00  -0.1636D+01   0.1567D-03  -0.1390D+01   0.2029D+00  -0.1703D+01   0.1219D+00
   0.6092D+00  -0.1844D-01   0.1089D+00  -0.6840D-02   0.1212D+00  -0.4970D-01   0.2231D+00   0.0000D+00   0.5488D-01   0.5212D-02  -0.1667D-02   0.1706D-01   0.6092D+00  -0.1844D-01   0.1089D+00  -0.6840D-02   0.1212D+00  -0.4970D-01
  -0.1402D-02  -0.6129D-02  -0.3714D-02  -0.9697D-02  -0.1402D-02  -0.6129D-02  -0.3714D-02  -0.9697D-02
  1.000  0.500
  -0.1692D+01   0.0000D+00  -0.1870D+01   0.0000D+00   0.0000D+00   0.0000D+00  -0.1701D+01   0.0000D+00  -0.1692D+01   0.0000D+00  -0.1870D+01   0.0000D+00
   0.5925D+00   0.0000D+00   0.1041D+00   0.0000D+00   0.1663D+00   0.0000D+00   0.2116D+00   0.0000D+00   0.4703D-01   0.0000D+00   0.0000D+00   0.0000D+00   0.5925D+00   0.0000D+00   0.1041D+00   0.0000D+00   0.1663D+00   0.0000D+00
   0.0000D+00   0.0000D+00   0.0000D+00   0.0000D+00   0.0000D+00   0.0000D+00   0.0000D+00   0.0000D+00
  -0.1323D+01   0.2741D+00  -0.1689D+01   0.1653D+00   0.1606D+00  -0.1749D+00  -0.1653D+01   0.3545D-03  -0.1323D+01   0.2741D+00  -0.1689D+01   0.1653D+00
   0.5973D+00  -0.2088D-01   0.1074D+00  -0.7730D-02   0.1112D+00  -0.5609D-01   0.2199D+00   0.0000D+00   0.5514D-01   0.5914D-02  -0.2001D-02   0.1936D-01   0.5973D+00  -0.2088D-01   0.1074D+00  -0.7730D-02   0.1112D+00  -0.5609D-01
  -0.1596D-02  -0.6924D-02  -0.4233D-02  -0.1100D-01  -0.1596D-02  -0.6924D-02  -0.4233D-02  -0.1100D-01
  1.000  1.000
  -0.1545D+01   0.0000D+00  -0.1708D+01   0.0000D+00   0.0000D+00   0.0000D+00  -0.1553D+01   0.0000D+00  -0.1545D+01   0.0000D+00  -0.1708D+01   0.0000D+00
   0.5925D+00   0.0000D+00   0.1041D+00   0.0000D+00   0.1663D+00   0.0000D+00   0.2116D+00   0.0000D+00   0.4703D-01   0.0000D+00   0.0000D+00   0.0000D+00   0.5925D+00   0.0000D+00   0.1041D+00   0.0000D+00   0.1663D+00   0.0000D+00
   0.0000D+00   0.0000D+00   0.0000D+00   0.0000D+00   0.0000D+00   0.0000D+00   0.0000D+00   0.0000D+00
  -0.1366D+01   0.2286D+00  -0.1700D+01   0.1379D+00   0.1339D+00  -0.1459D+00  -0.1644D+01   0.2962D-03  -0.1366D+01   0.2286D+00  -0.1700D+01   0.1379D+00
   0.5972D+00  -0.1907D-01   0.1072D+00  -0.7060D-02   0.1160D+00  -0.5123D-01   0.2193D+00   0.0000D+00   0.5446D-01   0.5401D-02  -0.1826D-02   0.1768D-01   0.5972D+00  -0.1907D-01   0.1072D+00  -0.7060D-02   0.1160D+00  -0.5123D-01
  -0.1458D-02  -0.6324D-02  -0.3866D-02  -0.1004D-01  -0.1458D-02  -0.6324D-02  -0.3866D-02  -0.1004D-01
  1.000  2.000
  -0.1422D+01   0.0000D+00  -0.1572D+01   0.0000D+00   0.0000D+00   0.0000D+00  -0.1430D+01   0.0000D+00  -0.1422D+01   0.0000D+00  -0.1572D+01   0.0000D+00
   0.5925D+00   0.0000D+00   0.1041D+00   0.0000D+00   0.1663D+00   0.0000D+00   0.2116D+00   0.0000D+00   0.4703D-01   0.0000D+00   0.0000D+00   0.0000D+00   0.5925D+00   0.0000D+00   0.1041D+00   0.0000D+00   0.1663D+00   0.0000D+00
   0.0000D+00   0.0000D+00   0.0000D+00   0.0000D+00   0.0000D+00   0.0000D+00   0.0000D+00   0.0000D+00
  -0.1380D+01   0.1937D+00  -0.1686D+01   0.1169D+00   0.1135D+00  -0.1236D+00  -0.1616D+01   0.2513D-03  -0.1380D+01   0.1937D+00  -0.1686D+01   0.1169D+00
   0.5971D+00  -0.1756D-01   0.1070D+00  -0.6499D-02   0.1201D+00  -0.4716D-01   0.2187D+00   0.0000D+00   0.5389D-01   0.4972D-02  -0.1679D-02   0.1627D-01   0.5971D+00  -0.1756D-01   0.1070D+00  -0.6499D-02   0.1201D+00  -0.4716D-01
  -0.1342D-02  -0.5821D-02  -0.3558D-02  -0.9244D-02  -0.1342D-02  -0.5821D-02  -0.3558D-02  -0.9244D-02
  2.000  0.500
  -0.1610D+01   0.0000D+00  -0.1790D+01   0.0000D+00   0.0000D+00   0.0000D+00  -0.1626D+01   0.0000D+00  -0.1610D+01   0.0000D+00  -0.1790D+01   0.0000D+00
   0.5658D+00   0.0000D+00   0.9949D-01   0.0000D+00   0.1583D+00   0.0000D+00   0.2021D+00   0.0000D+00   0.4490D-01   0.0000D+00   0.0000D+00   0.0000D+00   0.5658D+00   0.0000D+00   0.9949D-01   0.0000D+00   0.1583D+00   0.0000D+00
   0.0000D+00   0.0000D+00   0.0000D+00   0.0000D+00   0.0000D+00   0.0000D+00   0.0000D+00   0.0000D+00
  -0.1345D+01   0.2622D+00  -0.1706D+01   0.1574D+00   0.1504D+00  -0.1673D+00  -0.1673D+01   0.4893D-03  -0.1345D+01   0.2622D+00  -0.1706D+01   0.1574D+00
   0.5948D+00  -0.1989D-01   0.1069D+00  -0.7387D-02   0.1135D+00  -0.5367D-01   0.2199D+00   0.0000D+00   0.5467D-01   0.5644D-02  -0.1839D-02   0.1847D-01   0.5948D+00  -0.1989D-01   0.1069D+00  -0.7387D-02   0.1135D+00  -0.5367D-01
  -0.1525D-02  -0.6652D-02  -0.4051D-02  -0.1048D-01  -0.1525D-02  -0.6652D-02  -0.4051D-02  -0.1048D-01
  2.000  1.000
  -0.1471D+01   0.0000D+00  -0.1635D+01   0.0000D+00   0.0000D+00   0.0000D+00  -0.1485D+01   0.0000D+00  -0.1471D+01   0.0000D+00  -0.1635D+01   0.0000D+00
   0.5658D+00   0.0000D+00   0.9949D-01   0.0000D+00   0.1583D+00   0.0000D+00   0.2021D+00   0.0000D+00   0.4490D-01   0.0000D+00   0.0000D+00   0.0000D+00   0.5658D+00   0.0000D+00   0.9949D-01   0.0000D+00   0.1583D+00   0.0000D+00
   0.0000D+00   0.0000D+00   0.0000D+00   0.0000D+00   0.0000D+00   0.0000D+00   0.0000D+00   0.0000D+00
  -0.1372D+01   0.2187D+00  -0.1702D+01   0.1313D+00   0.1254D+00  -0.1395D+00  -0.1649D+01   0.4086D-03  -0.1372D+01   0.2187D+00  -0.1702D+01   0.1313D+00
   0.5927D+00  -0.1817D-01   0.1063D+00  -0.6747D-02   0.1175D+00  -0.4902D-01   0.2184D+00   0.0000D+00   0.5385D-01   0.5155D-02  -0.1678D-02   0.1687D-01   0.5927D+00  -0.1817D-01   0.1063D+00  -0.6747D-02   0.1175D+00  -0.4902D-01
  -0.1393D-02  -0.6075D-02  -0.3700D-02  -0.9570D-02  -0.1393D-02  -0.6075D-02  -0.3700D-02  -0.9570D-02
  2.000  2.000
  -0.1354D+01   0.0000D+00  -0.1505D+01   0.0000D+00   0.0000D+00   0.0000D+00  -0.1367D+01   0.0000D+00  -0.1354D+01   0.0000D+00  -0.1505D+01   0.0000D+00
   0.5658D+00   0.0000D+00   0.9949D-01   0.0000D+00   0.1583D+00   0.0000D+00   0.2021D+00   0.0000D+00   0.4490D-01   0.0000D+00   0.0000D+00   0.0000D+00   0.5658D+00   0.0000D+00   0.9949D-01   0.0000D+00   0.1583D+00   0.0000D+00
   0.0000D+00   0.0000D+00   0.0000D+00   0.0000D+00   0.0000D+00   0.0000D+00   0.0000D+00   0.0000D+00
  -0.1374D+01   0.1853D+00  -0.1677D+01   0.1112D+00   0.1062D+00  -0.1182D+00  -0.1611D+01   0.3466D-03  -0.1374D+01   0.1853D+00  -0.1677D+01   0.1112D+00
   0.5908D+00  -0.1672D-01   0.1058D+00  -0.6211D-02   0.1208D+00  -0.4512D-01   0.2172D+00   0.0000D+00   0.5315D-01   0.4745D-02  -0.1543D-02   0.1553D-01   0.5908D+00  -0.1672D-01   0.1058D+00  -0.6211D-02   0.1208D+00  -0.4512D-01
  -0.1282D-02  -0.5592D-02  -0.3406D-02  -0.8810D-02  -0.1282D-02  -0.5592D-02  -0.3406D-02  -0.8810D-02
