 LHC=           1 sqrts=   8000.0000000000000      ang=           4 mode=fital                                                                                               scalescheme=           1 R=  0.69999999999999996     
 CT10nlo_rand5678                                                                                             428
 Bin information: chid, chiu, md, mu, mu0
   0.0000000000000000       0.50000000000000000        1248.0000000000000        1327.0000000000000        1287.5000000000000     
 9 scales(muf, mur)*(LO(38), NLO(38))
  0.500  0.500
  -0.4664D-01   0.0000D+00  -0.3267D-01   0.0000D+00   0.0000D+00   0.0000D+00  -0.1615D-01   0.0000D+00  -0.4664D-01   0.0000D+00  -0.3267D-01   0.0000D+00
   0.1677D+00   0.0000D+00   0.2570D-01   0.0000D+00   0.6932D-01   0.0000D+00   0.2900D-01   0.0000D+00   0.6445D-02   0.0000D+00   0.0000D+00   0.0000D+00   0.1677D+00   0.0000D+00   0.2570D-01   0.0000D+00   0.6932D-01   0.0000D+00
   0.0000D+00   0.0000D+00   0.0000D+00   0.0000D+00   0.0000D+00   0.0000D+00   0.0000D+00   0.0000D+00
  -0.3850D-01   0.3790D-02  -0.2885D-01   0.2166D-02   0.1928D-02  -0.1408D-02  -0.1428D-01   0.7195D-03  -0.3850D-01   0.3790D-02  -0.2885D-01   0.2166D-02
   0.1254D+00  -0.7389D-02   0.1975D-01  -0.2171D-02   0.3928D-01  -0.1311D-01   0.2427D-01   0.0000D+00   0.6029D-02   0.6867D-03  -0.1131D-02   0.2247D-02   0.1254D+00  -0.7389D-02   0.1975D-01  -0.2171D-02   0.3928D-01  -0.1311D-01
  -0.7634D-03  -0.1933D-02  -0.8459D-03  -0.1832D-02  -0.7634D-03  -0.1933D-02  -0.8459D-03  -0.1832D-02
  0.500  1.000
  -0.4319D-01   0.0000D+00  -0.3025D-01   0.0000D+00   0.0000D+00   0.0000D+00  -0.1496D-01   0.0000D+00  -0.4319D-01   0.0000D+00  -0.3025D-01   0.0000D+00
   0.1677D+00   0.0000D+00   0.2570D-01   0.0000D+00   0.6932D-01   0.0000D+00   0.2900D-01   0.0000D+00   0.6445D-02   0.0000D+00   0.0000D+00   0.0000D+00   0.1677D+00   0.0000D+00   0.2570D-01   0.0000D+00   0.6932D-01   0.0000D+00
   0.0000D+00   0.0000D+00   0.0000D+00   0.0000D+00   0.0000D+00   0.0000D+00   0.0000D+00   0.0000D+00
  -0.3930D-01   0.3250D-02  -0.2915D-01   0.1858D-02   0.1654D-02  -0.1207D-02  -0.1442D-01   0.6169D-03  -0.3930D-01   0.3250D-02  -0.2915D-01   0.1858D-02
   0.1286D+00  -0.6842D-02   0.2020D-01  -0.2010D-02   0.4151D-01  -0.1214D-01   0.2462D-01   0.0000D+00   0.6060D-02   0.6359D-03  -0.1047D-02   0.2081D-02   0.1286D+00  -0.6842D-02   0.2020D-01  -0.2010D-02   0.4151D-01  -0.1214D-01
  -0.7069D-03  -0.1790D-02  -0.7833D-03  -0.1696D-02  -0.7069D-03  -0.1790D-02  -0.7833D-03  -0.1696D-02
  0.500  2.000
  -0.4022D-01   0.0000D+00  -0.2817D-01   0.0000D+00   0.0000D+00   0.0000D+00  -0.1393D-01   0.0000D+00  -0.4022D-01   0.0000D+00  -0.2817D-01   0.0000D+00
   0.1677D+00   0.0000D+00   0.2570D-01   0.0000D+00   0.6932D-01   0.0000D+00   0.2900D-01   0.0000D+00   0.6445D-02   0.0000D+00   0.0000D+00   0.0000D+00   0.1677D+00   0.0000D+00   0.2570D-01   0.0000D+00   0.6932D-01   0.0000D+00
   0.0000D+00   0.0000D+00   0.0000D+00   0.0000D+00   0.0000D+00   0.0000D+00   0.0000D+00   0.0000D+00
  -0.3953D-01   0.2818D-02  -0.2909D-01   0.1611D-02   0.1434D-02  -0.1047D-02  -0.1439D-01   0.5350D-03  -0.3953D-01   0.2818D-02  -0.2909D-01   0.1611D-02
   0.1313D+00  -0.6372D-02   0.2058D-01  -0.1872D-02   0.4342D-01  -0.1131D-01   0.2493D-01   0.0000D+00   0.6087D-02   0.5921D-03  -0.9751D-03   0.1938D-02   0.1313D+00  -0.6372D-02   0.2058D-01  -0.1872D-02   0.4342D-01  -0.1131D-01
  -0.6583D-03  -0.1667D-02  -0.7295D-03  -0.1580D-02  -0.6583D-03  -0.1667D-02  -0.7295D-03  -0.1580D-02
  1.000  0.500
  -0.4091D-01   0.0000D+00  -0.2865D-01   0.0000D+00   0.0000D+00   0.0000D+00  -0.1412D-01   0.0000D+00  -0.4091D-01   0.0000D+00  -0.2865D-01   0.0000D+00
   0.1470D+00   0.0000D+00   0.2255D-01   0.0000D+00   0.6074D-01   0.0000D+00   0.2535D-01   0.0000D+00   0.5633D-02   0.0000D+00   0.0000D+00   0.0000D+00   0.1470D+00   0.0000D+00   0.2255D-01   0.0000D+00   0.6074D-01   0.0000D+00
   0.0000D+00   0.0000D+00   0.0000D+00   0.0000D+00   0.0000D+00   0.0000D+00   0.0000D+00   0.0000D+00
  -0.3915D-01   0.3323D-02  -0.2906D-01   0.1899D-02   0.1672D-02  -0.1231D-02  -0.1438D-01   0.6316D-03  -0.3915D-01   0.3323D-02  -0.2906D-01   0.1899D-02
   0.1290D+00  -0.6470D-02   0.2030D-01  -0.1905D-02   0.4239D-01  -0.1150D-01   0.2462D-01   0.0000D+00   0.6012D-02   0.6003D-03  -0.9938D-03   0.1965D-02   0.1290D+00  -0.6470D-02   0.2030D-01  -0.1905D-02   0.4239D-01  -0.1150D-01
  -0.6699D-03  -0.1700D-02  -0.7412D-03  -0.1605D-02  -0.6699D-03  -0.1700D-02  -0.7412D-03  -0.1605D-02
  1.000  1.000
  -0.3788D-01   0.0000D+00  -0.2653D-01   0.0000D+00   0.0000D+00   0.0000D+00  -0.1308D-01   0.0000D+00  -0.3788D-01   0.0000D+00  -0.2653D-01   0.0000D+00
   0.1470D+00   0.0000D+00   0.2255D-01   0.0000D+00   0.6074D-01   0.0000D+00   0.2535D-01   0.0000D+00   0.5633D-02   0.0000D+00   0.0000D+00   0.0000D+00   0.1470D+00   0.0000D+00   0.2255D-01   0.0000D+00   0.6074D-01   0.0000D+00
   0.0000D+00   0.0000D+00   0.0000D+00   0.0000D+00   0.0000D+00   0.0000D+00   0.0000D+00   0.0000D+00
  -0.3908D-01   0.2850D-02  -0.2878D-01   0.1628D-02   0.1434D-02  -0.1056D-02  -0.1423D-01   0.5416D-03  -0.3908D-01   0.2850D-02  -0.2878D-01   0.1628D-02
   0.1303D+00  -0.5991D-02   0.2047D-01  -0.1764D-02   0.4375D-01  -0.1064D-01   0.2467D-01   0.0000D+00   0.5985D-02   0.5558D-03  -0.9203D-03   0.1819D-02   0.1303D+00  -0.5991D-02   0.2047D-01  -0.1764D-02   0.4375D-01  -0.1064D-01
  -0.6203D-03  -0.1574D-02  -0.6863D-03  -0.1486D-02  -0.6203D-03  -0.1574D-02  -0.6863D-03  -0.1486D-02
  1.000  2.000
  -0.3527D-01   0.0000D+00  -0.2471D-01   0.0000D+00   0.0000D+00   0.0000D+00  -0.1218D-01   0.0000D+00  -0.3527D-01   0.0000D+00  -0.2471D-01   0.0000D+00
   0.1470D+00   0.0000D+00   0.2255D-01   0.0000D+00   0.6074D-01   0.0000D+00   0.2535D-01   0.0000D+00   0.5633D-02   0.0000D+00   0.0000D+00   0.0000D+00   0.1470D+00   0.0000D+00   0.2255D-01   0.0000D+00   0.6074D-01   0.0000D+00
   0.0000D+00   0.0000D+00   0.0000D+00   0.0000D+00   0.0000D+00   0.0000D+00   0.0000D+00   0.0000D+00
  -0.3867D-01   0.2471D-02  -0.2831D-01   0.1412D-02   0.1244D-02  -0.9154D-03  -0.1399D-01   0.4697D-03  -0.3867D-01   0.2471D-02  -0.2831D-01   0.1412D-02
   0.1315D+00  -0.5579D-02   0.2061D-01  -0.1643D-02   0.4492D-01  -0.9913D-02   0.2472D-01   0.0000D+00   0.5961D-02   0.5176D-03  -0.8571D-03   0.1694D-02   0.1315D+00  -0.5579D-02   0.2061D-01  -0.1643D-02   0.4492D-01  -0.9913D-02
  -0.5777D-03  -0.1466D-02  -0.6391D-03  -0.1384D-02  -0.5777D-03  -0.1466D-02  -0.6391D-03  -0.1384D-02
  2.000  0.500
  -0.3623D-01   0.0000D+00  -0.2533D-01   0.0000D+00   0.0000D+00   0.0000D+00  -0.1247D-01   0.0000D+00  -0.3623D-01   0.0000D+00  -0.2533D-01   0.0000D+00
   0.1300D+00   0.0000D+00   0.1991D-01   0.0000D+00   0.5372D-01   0.0000D+00   0.2236D-01   0.0000D+00   0.4969D-02   0.0000D+00   0.0000D+00   0.0000D+00   0.1300D+00   0.0000D+00   0.1991D-01   0.0000D+00   0.5372D-01   0.0000D+00
   0.0000D+00   0.0000D+00   0.0000D+00   0.0000D+00   0.0000D+00   0.0000D+00   0.0000D+00   0.0000D+00
  -0.3944D-01   0.2938D-02  -0.2904D-01   0.1678D-02   0.1444D-02  -0.1087D-02  -0.1437D-01   0.5599D-03  -0.3944D-01   0.2938D-02  -0.2904D-01   0.1678D-02
   0.1313D+00  -0.5725D-02   0.2057D-01  -0.1686D-02   0.4475D-01  -0.1016D-01   0.2472D-01   0.0000D+00   0.5973D-02   0.5292D-03  -0.8658D-03   0.1732D-02   0.1313D+00  -0.5725D-02   0.2057D-01  -0.1686D-02   0.4475D-01  -0.1016D-01
  -0.5929D-03  -0.1492D-02  -0.6549D-03  -0.1413D-02  -0.5929D-03  -0.1492D-02  -0.6549D-03  -0.1413D-02
  2.000  1.000
  -0.3355D-01   0.0000D+00  -0.2346D-01   0.0000D+00   0.0000D+00   0.0000D+00  -0.1155D-01   0.0000D+00  -0.3355D-01   0.0000D+00  -0.2346D-01   0.0000D+00
   0.1300D+00   0.0000D+00   0.1991D-01   0.0000D+00   0.5372D-01   0.0000D+00   0.2236D-01   0.0000D+00   0.4969D-02   0.0000D+00   0.0000D+00   0.0000D+00   0.1300D+00   0.0000D+00   0.1991D-01   0.0000D+00   0.5372D-01   0.0000D+00
   0.0000D+00   0.0000D+00   0.0000D+00   0.0000D+00   0.0000D+00   0.0000D+00   0.0000D+00   0.0000D+00
  -0.3871D-01   0.2520D-02  -0.2832D-01   0.1439D-02   0.1238D-02  -0.9322D-03  -0.1400D-01   0.4801D-03  -0.3871D-01   0.2520D-02  -0.2832D-01   0.1439D-02
   0.1312D+00  -0.5302D-02   0.2052D-01  -0.1561D-02   0.4542D-01  -0.9410D-02   0.2455D-01   0.0000D+00   0.5900D-02   0.4901D-03  -0.8018D-03   0.1604D-02   0.1312D+00  -0.5302D-02   0.2052D-01  -0.1561D-02   0.4542D-01  -0.9410D-02
  -0.5490D-03  -0.1382D-02  -0.6065D-03  -0.1309D-02  -0.5490D-03  -0.1382D-02  -0.6065D-03  -0.1309D-02
  2.000  2.000
  -0.3124D-01   0.0000D+00  -0.2185D-01   0.0000D+00   0.0000D+00   0.0000D+00  -0.1075D-01   0.0000D+00  -0.3124D-01   0.0000D+00  -0.2185D-01   0.0000D+00
   0.1300D+00   0.0000D+00   0.1991D-01   0.0000D+00   0.5372D-01   0.0000D+00   0.2236D-01   0.0000D+00   0.4969D-02   0.0000D+00   0.0000D+00   0.0000D+00   0.1300D+00   0.0000D+00   0.1991D-01   0.0000D+00   0.5372D-01   0.0000D+00
   0.0000D+00   0.0000D+00   0.0000D+00   0.0000D+00   0.0000D+00   0.0000D+00   0.0000D+00   0.0000D+00
  -0.3780D-01   0.2185D-02  -0.2751D-01   0.1248D-02   0.1074D-02  -0.8084D-03  -0.1360D-01   0.4164D-03  -0.3780D-01   0.2185D-02  -0.2751D-01   0.1248D-02
   0.1312D+00  -0.4937D-02   0.2048D-01  -0.1454D-02   0.4599D-01  -0.8763D-02   0.2440D-01   0.0000D+00   0.5836D-02   0.4564D-03  -0.7467D-03   0.1494D-02   0.1312D+00  -0.4937D-02   0.2048D-01  -0.1454D-02   0.4599D-01  -0.8763D-02
  -0.5113D-03  -0.1287D-02  -0.5648D-03  -0.1219D-02  -0.5113D-03  -0.1287D-02  -0.5648D-03  -0.1219D-02
