 LHC=           1 sqrts=   8000.0000000000000      ang=           4 mode=fital                                                                                               scalescheme=           1 R=  0.69999999999999996     
 CT10nlo_rand5678                                                                                             340
 Bin information: chid, chiu, md, mu, mu0
   0.0000000000000000       0.50000000000000000        638.00000000000000        686.00000000000000        662.00000000000000     
 9 scales(muf, mur)*(LO(38), NLO(38))
  0.500  0.500
  -0.4722D+00   0.0000D+00  -0.4021D+00   0.0000D+00   0.0000D+00   0.0000D+00  -0.2871D+00   0.0000D+00  -0.4722D+00   0.0000D+00  -0.4021D+00   0.0000D+00
   0.5075D+00   0.0000D+00   0.8339D-01   0.0000D+00   0.1770D+00   0.0000D+00   0.1349D+00   0.0000D+00   0.2997D-01   0.0000D+00   0.0000D+00   0.0000D+00   0.5075D+00   0.0000D+00   0.8339D-01   0.0000D+00   0.1770D+00   0.0000D+00
   0.0000D+00   0.0000D+00   0.0000D+00   0.0000D+00   0.0000D+00   0.0000D+00   0.0000D+00   0.0000D+00
  -0.3632D+00   0.5241D-01  -0.3488D+00   0.3091D-01   0.3225D-01  -0.2710D-01  -0.2625D+00   0.4577D-02  -0.3632D+00   0.5241D-01  -0.3488D+00   0.3091D-01
   0.4146D+00  -0.2041D-01   0.7027D-01  -0.6619D-02   0.9864D-01  -0.4365D-01   0.1200D+00   0.0000D+00   0.3006D-01   0.3458D-02  -0.2843D-02   0.1132D-01   0.4146D+00  -0.2041D-01   0.7027D-01  -0.6619D-02   0.9864D-01  -0.4365D-01
  -0.1902D-02  -0.5873D-02  -0.3146D-02  -0.7315D-02  -0.1902D-02  -0.5873D-02  -0.3146D-02  -0.7315D-02
  0.500  1.000
  -0.4344D+00   0.0000D+00  -0.3700D+00   0.0000D+00   0.0000D+00   0.0000D+00  -0.2642D+00   0.0000D+00  -0.4344D+00   0.0000D+00  -0.3700D+00   0.0000D+00
   0.5075D+00   0.0000D+00   0.8339D-01   0.0000D+00   0.1770D+00   0.0000D+00   0.1349D+00   0.0000D+00   0.2997D-01   0.0000D+00   0.0000D+00   0.0000D+00   0.5075D+00   0.0000D+00   0.8339D-01   0.0000D+00   0.1770D+00   0.0000D+00
   0.0000D+00   0.0000D+00   0.0000D+00   0.0000D+00   0.0000D+00   0.0000D+00   0.0000D+00   0.0000D+00
  -0.3757D+00   0.4437D-01  -0.3535D+00   0.2617D-01   0.2730D-01  -0.2295D-01  -0.2637D+00   0.3875D-02  -0.3757D+00   0.4437D-01  -0.3535D+00   0.2617D-01
   0.4221D+00  -0.1878D-01   0.7133D-01  -0.6090D-02   0.1049D+00  -0.4016D-01   0.1212D+00   0.0000D+00   0.3006D-01   0.3182D-02  -0.2616D-02   0.1041D-01   0.4221D+00  -0.1878D-01   0.7133D-01  -0.6090D-02   0.1049D+00  -0.4016D-01
  -0.1750D-02  -0.5404D-02  -0.2894D-02  -0.6731D-02  -0.1750D-02  -0.5404D-02  -0.2894D-02  -0.6731D-02
  0.500  2.000
  -0.4024D+00   0.0000D+00  -0.3427D+00   0.0000D+00   0.0000D+00   0.0000D+00  -0.2447D+00   0.0000D+00  -0.4024D+00   0.0000D+00  -0.3427D+00   0.0000D+00
   0.5075D+00   0.0000D+00   0.8339D-01   0.0000D+00   0.1770D+00   0.0000D+00   0.1349D+00   0.0000D+00   0.2997D-01   0.0000D+00   0.0000D+00   0.0000D+00   0.5075D+00   0.0000D+00   0.8339D-01   0.0000D+00   0.1770D+00   0.0000D+00
   0.0000D+00   0.0000D+00   0.0000D+00   0.0000D+00   0.0000D+00   0.0000D+00   0.0000D+00   0.0000D+00
  -0.3808D+00   0.3806D-01  -0.3530D+00   0.2245D-01   0.2342D-01  -0.1969D-01  -0.2618D+00   0.3324D-02  -0.3808D+00   0.3806D-01  -0.3530D+00   0.2245D-01
   0.4285D+00  -0.1740D-01   0.7224D-01  -0.5641D-02   0.1103D+00  -0.3720D-01   0.1223D+00   0.0000D+00   0.3006D-01   0.2947D-02  -0.2423D-02   0.9646D-02   0.4285D+00  -0.1740D-01   0.7224D-01  -0.5641D-02   0.1103D+00  -0.3720D-01
  -0.1621D-02  -0.5006D-02  -0.2681D-02  -0.6234D-02  -0.1621D-02  -0.5006D-02  -0.2681D-02  -0.6234D-02
  1.000  0.500
  -0.4346D+00   0.0000D+00  -0.3704D+00   0.0000D+00   0.0000D+00   0.0000D+00  -0.2632D+00   0.0000D+00  -0.4346D+00   0.0000D+00  -0.3704D+00   0.0000D+00
   0.4669D+00   0.0000D+00   0.7665D-01   0.0000D+00   0.1626D+00   0.0000D+00   0.1236D+00   0.0000D+00   0.2747D-01   0.0000D+00   0.0000D+00   0.0000D+00   0.4669D+00   0.0000D+00   0.7665D-01   0.0000D+00   0.1626D+00   0.0000D+00
   0.0000D+00   0.0000D+00   0.0000D+00   0.0000D+00   0.0000D+00   0.0000D+00   0.0000D+00   0.0000D+00
  -0.3673D+00   0.4823D-01  -0.3518D+00   0.2838D-01   0.2980D-01  -0.2485D-01  -0.2621D+00   0.4254D-02  -0.3673D+00   0.4823D-01  -0.3518D+00   0.2838D-01
   0.4180D+00  -0.1877D-01   0.7078D-01  -0.6088D-02   0.1028D+00  -0.4008D-01   0.1201D+00   0.0000D+00   0.2983D-01   0.3170D-02  -0.2590D-02   0.1037D-01   0.4180D+00  -0.1877D-01   0.7078D-01  -0.6088D-02   0.1028D+00  -0.4008D-01
  -0.1750D-02  -0.5406D-02  -0.2895D-02  -0.6709D-02  -0.1750D-02  -0.5406D-02  -0.2895D-02  -0.6709D-02
  1.000  1.000
  -0.3999D+00   0.0000D+00  -0.3408D+00   0.0000D+00   0.0000D+00   0.0000D+00  -0.2421D+00   0.0000D+00  -0.3999D+00   0.0000D+00  -0.3408D+00   0.0000D+00
   0.4669D+00   0.0000D+00   0.7665D-01   0.0000D+00   0.1626D+00   0.0000D+00   0.1236D+00   0.0000D+00   0.2747D-01   0.0000D+00   0.0000D+00   0.0000D+00   0.4669D+00   0.0000D+00   0.7665D-01   0.0000D+00   0.1626D+00   0.0000D+00
   0.0000D+00   0.0000D+00   0.0000D+00   0.0000D+00   0.0000D+00   0.0000D+00   0.0000D+00   0.0000D+00
  -0.3738D+00   0.4083D-01  -0.3514D+00   0.2403D-01   0.2523D-01  -0.2104D-01  -0.2600D+00   0.3601D-02  -0.3738D+00   0.4083D-01  -0.3514D+00   0.2403D-01
   0.4220D+00  -0.1727D-01   0.7126D-01  -0.5602D-02   0.1076D+00  -0.3688D-01   0.1204D+00   0.0000D+00   0.2965D-01   0.2917D-02  -0.2383D-02   0.9546D-02   0.4220D+00  -0.1727D-01   0.7126D-01  -0.5602D-02   0.1076D+00  -0.3688D-01
  -0.1610D-02  -0.4974D-02  -0.2664D-02  -0.6173D-02  -0.1610D-02  -0.4974D-02  -0.2664D-02  -0.6173D-02
  1.000  2.000
  -0.3704D+00   0.0000D+00  -0.3157D+00   0.0000D+00   0.0000D+00   0.0000D+00  -0.2243D+00   0.0000D+00  -0.3704D+00   0.0000D+00  -0.3157D+00   0.0000D+00
   0.4669D+00   0.0000D+00   0.7665D-01   0.0000D+00   0.1626D+00   0.0000D+00   0.1236D+00   0.0000D+00   0.2747D-01   0.0000D+00   0.0000D+00   0.0000D+00   0.4669D+00   0.0000D+00   0.7665D-01   0.0000D+00   0.1626D+00   0.0000D+00
   0.0000D+00   0.0000D+00   0.0000D+00   0.0000D+00   0.0000D+00   0.0000D+00   0.0000D+00   0.0000D+00
  -0.3745D+00   0.3503D-01  -0.3473D+00   0.2061D-01   0.2165D-01  -0.1805D-01  -0.2556D+00   0.3090D-02  -0.3745D+00   0.3503D-01  -0.3473D+00   0.2061D-01
   0.4254D+00  -0.1600D-01   0.7167D-01  -0.5189D-02   0.1117D+00  -0.3416D-01   0.1207D+00   0.0000D+00   0.2949D-01   0.2702D-02  -0.2207D-02   0.8842D-02   0.4254D+00  -0.1600D-01   0.7167D-01  -0.5189D-02   0.1117D+00  -0.3416D-01
  -0.1491D-02  -0.4607D-02  -0.2468D-02  -0.5718D-02  -0.1491D-02  -0.4607D-02  -0.2468D-02  -0.5718D-02
  2.000  0.500
  -0.4022D+00   0.0000D+00  -0.3436D+00   0.0000D+00   0.0000D+00   0.0000D+00  -0.2425D+00   0.0000D+00  -0.4022D+00   0.0000D+00  -0.3436D+00   0.0000D+00
   0.4312D+00   0.0000D+00   0.7080D-01   0.0000D+00   0.1506D+00   0.0000D+00   0.1139D+00   0.0000D+00   0.2530D-01   0.0000D+00   0.0000D+00   0.0000D+00   0.4312D+00   0.0000D+00   0.7080D-01   0.0000D+00   0.1506D+00   0.0000D+00
   0.0000D+00   0.0000D+00   0.0000D+00   0.0000D+00   0.0000D+00   0.0000D+00   0.0000D+00   0.0000D+00
  -0.3774D+00   0.4476D-01  -0.3550D+00   0.2625D-01   0.2717D-01  -0.2290D-01  -0.2620D+00   0.3973D-02  -0.3774D+00   0.4476D-01  -0.3550D+00   0.2625D-01
   0.4214D+00  -0.1738D-01   0.7140D-01  -0.5633D-02   0.1084D+00  -0.3693D-01   0.1204D+00   0.0000D+00   0.2962D-01   0.2920D-02  -0.2366D-02   0.9557D-02   0.4214D+00  -0.1738D-01   0.7140D-01  -0.5633D-02   0.1084D+00  -0.3693D-01
  -0.1624D-02  -0.4980D-02  -0.2681D-02  -0.6183D-02  -0.1624D-02  -0.4980D-02  -0.2681D-02  -0.6183D-02
  2.000  1.000
  -0.3700D+00   0.0000D+00  -0.3161D+00   0.0000D+00   0.0000D+00   0.0000D+00  -0.2231D+00   0.0000D+00  -0.3700D+00   0.0000D+00  -0.3161D+00   0.0000D+00
   0.4312D+00   0.0000D+00   0.7080D-01   0.0000D+00   0.1506D+00   0.0000D+00   0.1139D+00   0.0000D+00   0.2530D-01   0.0000D+00   0.0000D+00   0.0000D+00   0.4312D+00   0.0000D+00   0.7080D-01   0.0000D+00   0.1506D+00   0.0000D+00
   0.0000D+00   0.0000D+00   0.0000D+00   0.0000D+00   0.0000D+00   0.0000D+00   0.0000D+00   0.0000D+00
  -0.3777D+00   0.3789D-01  -0.3503D+00   0.2222D-01   0.2301D-01  -0.1939D-01  -0.2569D+00   0.3363D-02  -0.3777D+00   0.3789D-01  -0.3503D+00   0.2222D-01
   0.4223D+00  -0.1599D-01   0.7137D-01  -0.5183D-02   0.1118D+00  -0.3398D-01   0.1199D+00   0.0000D+00   0.2928D-01   0.2687D-02  -0.2177D-02   0.8793D-02   0.4223D+00  -0.1599D-01   0.7137D-01  -0.5183D-02   0.1118D+00  -0.3398D-01
  -0.1495D-02  -0.4582D-02  -0.2467D-02  -0.5689D-02  -0.1495D-02  -0.4582D-02  -0.2467D-02  -0.5689D-02
  2.000  2.000
  -0.3427D+00   0.0000D+00  -0.2928D+00   0.0000D+00   0.0000D+00   0.0000D+00  -0.2066D+00   0.0000D+00  -0.3427D+00   0.0000D+00  -0.2928D+00   0.0000D+00
   0.4312D+00   0.0000D+00   0.7080D-01   0.0000D+00   0.1506D+00   0.0000D+00   0.1139D+00   0.0000D+00   0.2530D-01   0.0000D+00   0.0000D+00   0.0000D+00   0.4312D+00   0.0000D+00   0.7080D-01   0.0000D+00   0.1506D+00   0.0000D+00
   0.0000D+00   0.0000D+00   0.0000D+00   0.0000D+00   0.0000D+00   0.0000D+00   0.0000D+00   0.0000D+00
  -0.3738D+00   0.3251D-01  -0.3430D+00   0.1907D-01   0.1974D-01  -0.1663D-01  -0.2504D+00   0.2885D-02  -0.3738D+00   0.3251D-01  -0.3430D+00   0.1907D-01
   0.4230D+00  -0.1481D-01   0.7134D-01  -0.4800D-02   0.1147D+00  -0.3148D-01   0.1194D+00   0.0000D+00   0.2899D-01   0.2489D-02  -0.2017D-02   0.8145D-02   0.4230D+00  -0.1481D-01   0.7134D-01  -0.4800D-02   0.1147D+00  -0.3148D-01
  -0.1384D-02  -0.4244D-02  -0.2285D-02  -0.5269D-02  -0.1384D-02  -0.4244D-02  -0.2285D-02  -0.5269D-02
