 LHC=           1 sqrts=   8000.0000000000000      ang=           4 mode=fital                                                                                               scalescheme=           1 R=  0.69999999999999996     
 CT10nlo_rand5678                                                                                             317
 Bin information: chid, chiu, md, mu, mu0
   0.0000000000000000       0.50000000000000000        245.00000000000000        272.00000000000000        258.50000000000000     
 9 scales(muf, mur)*(LO(38), NLO(38))
  0.500  0.500
  -0.2884D+01   0.0000D+00  -0.3650D+01   0.0000D+00   0.0000D+00   0.0000D+00  -0.3537D+01   0.0000D+00  -0.2884D+01   0.0000D+00  -0.3650D+01   0.0000D+00
   0.6113D+00   0.0000D+00   0.1100D+00   0.0000D+00   0.1553D+00   0.0000D+00   0.2395D+00   0.0000D+00   0.5321D-01   0.0000D+00   0.0000D+00   0.0000D+00   0.6113D+00   0.0000D+00   0.1100D+00   0.0000D+00   0.1553D+00   0.0000D+00
   0.0000D+00   0.0000D+00   0.0000D+00   0.0000D+00   0.0000D+00   0.0000D+00   0.0000D+00   0.0000D+00
  -0.2077D+01   0.5599D+00  -0.3081D+01   0.3364D+00   0.2960D+00  -0.3802D+00  -0.3281D+01  -0.1570D-01  -0.2077D+01   0.5599D+00  -0.3081D+01   0.3364D+00
   0.6644D+00  -0.2036D-01   0.1211D+00  -0.8057D-02   0.1108D+00  -0.6095D-01   0.2582D+00   0.0000D+00   0.6572D-01   0.6970D-02  -0.4860D-03   0.2281D-01   0.6644D+00  -0.2036D-01   0.1211D+00  -0.8057D-02   0.1108D+00  -0.6095D-01
  -0.1334D-02  -0.7288D-02  -0.4561D-02  -0.1246D-01  -0.1334D-02  -0.7288D-02  -0.4561D-02  -0.1246D-01
  0.500  1.000
  -0.2625D+01   0.0000D+00  -0.3321D+01   0.0000D+00   0.0000D+00   0.0000D+00  -0.3219D+01   0.0000D+00  -0.2625D+01   0.0000D+00  -0.3321D+01   0.0000D+00
   0.6113D+00   0.0000D+00   0.1100D+00   0.0000D+00   0.1553D+00   0.0000D+00   0.2395D+00   0.0000D+00   0.5321D-01   0.0000D+00   0.0000D+00   0.0000D+00   0.6113D+00   0.0000D+00   0.1100D+00   0.0000D+00   0.1553D+00   0.0000D+00
   0.0000D+00   0.0000D+00   0.0000D+00   0.0000D+00   0.0000D+00   0.0000D+00   0.0000D+00   0.0000D+00
  -0.2184D+01   0.4635D+00  -0.3139D+01   0.2785D+00   0.2450D+00  -0.3148D+00  -0.3286D+01  -0.1299D-01  -0.2184D+01   0.4635D+00  -0.3139D+01   0.2785D+00
   0.6603D+00  -0.1852D-01   0.1202D+00  -0.7331D-02   0.1150D+00  -0.5545D-01   0.2567D+00   0.0000D+00   0.6464D-01   0.6342D-02  -0.4365D-03   0.2076D-01   0.6603D+00  -0.1852D-01   0.1202D+00  -0.7331D-02   0.1150D+00  -0.5545D-01
  -0.1214D-02  -0.6632D-02  -0.4150D-02  -0.1134D-01  -0.1214D-02  -0.6632D-02  -0.4150D-02  -0.1134D-01
  0.500  2.000
  -0.2409D+01   0.0000D+00  -0.3048D+01   0.0000D+00   0.0000D+00   0.0000D+00  -0.2954D+01   0.0000D+00  -0.2409D+01   0.0000D+00  -0.3048D+01   0.0000D+00
   0.6113D+00   0.0000D+00   0.1100D+00   0.0000D+00   0.1553D+00   0.0000D+00   0.2395D+00   0.0000D+00   0.5321D-01   0.0000D+00   0.0000D+00   0.0000D+00   0.6113D+00   0.0000D+00   0.1100D+00   0.0000D+00   0.1553D+00   0.0000D+00
   0.0000D+00   0.0000D+00   0.0000D+00   0.0000D+00   0.0000D+00   0.0000D+00   0.0000D+00   0.0000D+00
  -0.2230D+01   0.3904D+00  -0.3137D+01   0.2346D+00   0.2063D+00  -0.2651D+00  -0.3245D+01  -0.1094D-01  -0.2230D+01   0.3904D+00  -0.3137D+01   0.2346D+00
   0.6567D+00  -0.1700D-01   0.1194D+00  -0.6728D-02   0.1184D+00  -0.5089D-01   0.2554D+00   0.0000D+00   0.6374D-01   0.5820D-02  -0.3962D-03   0.1905D-01   0.6567D+00  -0.1700D-01   0.1194D+00  -0.6728D-02   0.1184D+00  -0.5089D-01
  -0.1114D-02  -0.6086D-02  -0.3809D-02  -0.1040D-01  -0.1114D-02  -0.6086D-02  -0.3809D-02  -0.1040D-01
  1.000  0.500
  -0.2788D+01   0.0000D+00  -0.3554D+01   0.0000D+00   0.0000D+00   0.0000D+00  -0.3460D+01   0.0000D+00  -0.2788D+01   0.0000D+00  -0.3554D+01   0.0000D+00
   0.5921D+00   0.0000D+00   0.1067D+00   0.0000D+00   0.1511D+00   0.0000D+00   0.2325D+00   0.0000D+00   0.5167D-01   0.0000D+00   0.0000D+00   0.0000D+00   0.5921D+00   0.0000D+00   0.1067D+00   0.0000D+00   0.1511D+00   0.0000D+00
   0.0000D+00   0.0000D+00   0.0000D+00   0.0000D+00   0.0000D+00   0.0000D+00   0.0000D+00   0.0000D+00
  -0.2084D+01   0.5484D+00  -0.3093D+01   0.3288D+00   0.2873D+00  -0.3702D+00  -0.3323D+01  -0.1490D-01  -0.2084D+01   0.5484D+00  -0.3093D+01   0.3288D+00
   0.6503D+00  -0.1978D-01   0.1186D+00  -0.7817D-02   0.1109D+00  -0.5874D-01   0.2563D+00   0.0000D+00   0.6417D-01   0.6775D-02  -0.5022D-03   0.2217D-01   0.6503D+00  -0.1978D-01   0.1186D+00  -0.7817D-02   0.1109D+00  -0.5874D-01
  -0.1304D-02  -0.6954D-02  -0.4446D-02  -0.1206D-01  -0.1304D-02  -0.6954D-02  -0.4446D-02  -0.1206D-01
  1.000  1.000
  -0.2537D+01   0.0000D+00  -0.3234D+01   0.0000D+00   0.0000D+00   0.0000D+00  -0.3148D+01   0.0000D+00  -0.2537D+01   0.0000D+00  -0.3234D+01   0.0000D+00
   0.5921D+00   0.0000D+00   0.1067D+00   0.0000D+00   0.1511D+00   0.0000D+00   0.2325D+00   0.0000D+00   0.5167D-01   0.0000D+00   0.0000D+00   0.0000D+00   0.5921D+00   0.0000D+00   0.1067D+00   0.0000D+00   0.1511D+00   0.0000D+00
   0.0000D+00   0.0000D+00   0.0000D+00   0.0000D+00   0.0000D+00   0.0000D+00   0.0000D+00   0.0000D+00
  -0.2174D+01   0.4540D+00  -0.3133D+01   0.2722D+00   0.2378D+00  -0.3065D+00  -0.3308D+01  -0.1233D-01  -0.2174D+01   0.4540D+00  -0.3133D+01   0.2722D+00
   0.6456D+00  -0.1800D-01   0.1177D+00  -0.7113D-02   0.1147D+00  -0.5345D-01   0.2543D+00   0.0000D+00   0.6309D-01   0.6165D-02  -0.4523D-03   0.2018D-01   0.6456D+00  -0.1800D-01   0.1177D+00  -0.7113D-02   0.1147D+00  -0.5345D-01
  -0.1186D-02  -0.6327D-02  -0.4045D-02  -0.1098D-01  -0.1186D-02  -0.6327D-02  -0.4045D-02  -0.1098D-01
  1.000  2.000
  -0.2328D+01   0.0000D+00  -0.2968D+01   0.0000D+00   0.0000D+00   0.0000D+00  -0.2889D+01   0.0000D+00  -0.2328D+01   0.0000D+00  -0.2968D+01   0.0000D+00
   0.5921D+00   0.0000D+00   0.1067D+00   0.0000D+00   0.1511D+00   0.0000D+00   0.2325D+00   0.0000D+00   0.5167D-01   0.0000D+00   0.0000D+00   0.0000D+00   0.5921D+00   0.0000D+00   0.1067D+00   0.0000D+00   0.1511D+00   0.0000D+00
   0.0000D+00   0.0000D+00   0.0000D+00   0.0000D+00   0.0000D+00   0.0000D+00   0.0000D+00   0.0000D+00
  -0.2208D+01   0.3823D+00  -0.3119D+01   0.2292D+00   0.2002D+00  -0.2581D+00  -0.3254D+01  -0.1039D-01  -0.2208D+01   0.3823D+00  -0.3119D+01   0.2292D+00
   0.6416D+00  -0.1651D-01   0.1168D+00  -0.6528D-02   0.1178D+00  -0.4905D-01   0.2526D+00   0.0000D+00   0.6218D-01   0.5657D-02  -0.4115D-03   0.1851D-01   0.6416D+00  -0.1651D-01   0.1168D+00  -0.6528D-02   0.1178D+00  -0.4905D-01
  -0.1089D-02  -0.5806D-02  -0.3712D-02  -0.1007D-01  -0.1089D-02  -0.5806D-02  -0.3712D-02  -0.1007D-01
  2.000  0.500
  -0.2700D+01   0.0000D+00  -0.3450D+01   0.0000D+00   0.0000D+00   0.0000D+00  -0.3347D+01   0.0000D+00  -0.2700D+01   0.0000D+00  -0.3450D+01   0.0000D+00
   0.5738D+00   0.0000D+00   0.1036D+00   0.0000D+00   0.1457D+00   0.0000D+00   0.2263D+00   0.0000D+00   0.5029D-01   0.0000D+00   0.0000D+00   0.0000D+00   0.5738D+00   0.0000D+00   0.1036D+00   0.0000D+00   0.1457D+00   0.0000D+00
   0.0000D+00   0.0000D+00   0.0000D+00   0.0000D+00   0.0000D+00   0.0000D+00   0.0000D+00   0.0000D+00
  -0.2123D+01   0.5302D+00  -0.3129D+01   0.3191D+00   0.2954D+00  -0.3590D+00  -0.3319D+01  -0.1420D-01  -0.2123D+01   0.5302D+00  -0.3129D+01   0.3191D+00
   0.6400D+00  -0.1911D-01   0.1174D+00  -0.7577D-02   0.1090D+00  -0.5698D-01   0.2546D+00   0.0000D+00   0.6384D-01   0.6595D-02  -0.6020D-03   0.2159D-01   0.6400D+00  -0.1911D-01   0.1174D+00  -0.7577D-02   0.1090D+00  -0.5698D-01
  -0.1271D-02  -0.6929D-02  -0.4350D-02  -0.1169D-01  -0.1271D-02  -0.6929D-02  -0.4350D-02  -0.1169D-01
  2.000  1.000
  -0.2456D+01   0.0000D+00  -0.3139D+01   0.0000D+00   0.0000D+00   0.0000D+00  -0.3046D+01   0.0000D+00  -0.2456D+01   0.0000D+00  -0.3139D+01   0.0000D+00
   0.5738D+00   0.0000D+00   0.1036D+00   0.0000D+00   0.1457D+00   0.0000D+00   0.2263D+00   0.0000D+00   0.5029D-01   0.0000D+00   0.0000D+00   0.0000D+00   0.5738D+00   0.0000D+00   0.1036D+00   0.0000D+00   0.1457D+00   0.0000D+00
   0.0000D+00   0.0000D+00   0.0000D+00   0.0000D+00   0.0000D+00   0.0000D+00   0.0000D+00   0.0000D+00
  -0.2193D+01   0.4390D+00  -0.3146D+01   0.2642D+00   0.2445D+00  -0.2972D+00  -0.3287D+01  -0.1176D-01  -0.2193D+01   0.4390D+00  -0.3146D+01   0.2642D+00
   0.6352D+00  -0.1739D-01   0.1163D+00  -0.6894D-02   0.1127D+00  -0.5185D-01   0.2523D+00   0.0000D+00   0.6269D-01   0.6001D-02  -0.5423D-03   0.1964D-01   0.6352D+00  -0.1739D-01   0.1163D+00  -0.6894D-02   0.1127D+00  -0.5185D-01
  -0.1156D-02  -0.6305D-02  -0.3958D-02  -0.1064D-01  -0.1156D-02  -0.6305D-02  -0.3958D-02  -0.1064D-01
  2.000  2.000
  -0.2254D+01   0.0000D+00  -0.2881D+01   0.0000D+00   0.0000D+00   0.0000D+00  -0.2795D+01   0.0000D+00  -0.2254D+01   0.0000D+00  -0.2881D+01   0.0000D+00
   0.5738D+00   0.0000D+00   0.1036D+00   0.0000D+00   0.1457D+00   0.0000D+00   0.2263D+00   0.0000D+00   0.5029D-01   0.0000D+00   0.0000D+00   0.0000D+00   0.5738D+00   0.0000D+00   0.1036D+00   0.0000D+00   0.1457D+00   0.0000D+00
   0.0000D+00   0.0000D+00   0.0000D+00   0.0000D+00   0.0000D+00   0.0000D+00   0.0000D+00   0.0000D+00
  -0.2212D+01   0.3697D+00  -0.3116D+01   0.2225D+00   0.2059D+00  -0.2503D+00  -0.3221D+01  -0.9902D-02  -0.2212D+01   0.3697D+00  -0.3116D+01   0.2225D+00
   0.6306D+00  -0.1596D-01   0.1153D+00  -0.6327D-02   0.1155D+00  -0.4758D-01   0.2503D+00   0.0000D+00   0.6170D-01   0.5507D-02  -0.4945D-03   0.1802D-01   0.6306D+00  -0.1596D-01   0.1153D+00  -0.6327D-02   0.1155D+00  -0.4758D-01
  -0.1061D-02  -0.5786D-02  -0.3632D-02  -0.9765D-02  -0.1061D-02  -0.5786D-02  -0.3632D-02  -0.9765D-02
