 LHC=           1 sqrts=   8000.0000000000000      ang=           4 mode=fital                                                                                               scalescheme=           1 R=  0.69999999999999996     
 CT10nlo_rand5678                                                                                             371
 Bin information: chid, chiu, md, mu, mu0
   0.0000000000000000       0.50000000000000000        133.00000000000000        153.00000000000000        143.00000000000000     
 9 scales(muf, mur)*(LO(38), NLO(38))
  0.500  0.500
  -0.7818D+01   0.0000D+00  -0.1176D+02   0.0000D+00   0.0000D+00   0.0000D+00  -0.1219D+02   0.0000D+00  -0.7818D+01   0.0000D+00  -0.1176D+02   0.0000D+00
   0.5296D+00   0.0000D+00   0.9839D-01   0.0000D+00   0.1194D+00   0.0000D+00   0.2287D+00   0.0000D+00   0.5082D-01   0.0000D+00   0.0000D+00   0.0000D+00   0.5296D+00   0.0000D+00   0.9839D-01   0.0000D+00   0.1194D+00   0.0000D+00
   0.0000D+00   0.0000D+00   0.0000D+00   0.0000D+00   0.0000D+00   0.0000D+00   0.0000D+00   0.0000D+00
  -0.5394D+01   0.1997D+01  -0.9657D+01   0.1204D+01   0.9513D+00  -0.1430D+01  -0.1093D+02  -0.1132D+00  -0.5394D+01   0.1997D+01  -0.9657D+01   0.1204D+01
   0.7651D+00  -0.1697D-01   0.1418D+00  -0.7373D-02   0.1227D+00  -0.5848D-01   0.3092D+00   0.0000D+00   0.7961D-01   0.7330D-02   0.1652D-02   0.2399D-01   0.7651D+00  -0.1697D-01   0.1418D+00  -0.7373D-02   0.1227D+00  -0.5848D-01
  -0.7679D-03  -0.6600D-02  -0.4070D-02  -0.1257D-01  -0.7679D-03  -0.6600D-02  -0.4070D-02  -0.1257D-01
  0.500  1.000
  -0.7053D+01   0.0000D+00  -0.1061D+02   0.0000D+00   0.0000D+00   0.0000D+00  -0.1100D+02   0.0000D+00  -0.7053D+01   0.0000D+00  -0.1061D+02   0.0000D+00
   0.5296D+00   0.0000D+00   0.9839D-01   0.0000D+00   0.1194D+00   0.0000D+00   0.2287D+00   0.0000D+00   0.5082D-01   0.0000D+00   0.0000D+00   0.0000D+00   0.5296D+00   0.0000D+00   0.9839D-01   0.0000D+00   0.1194D+00   0.0000D+00
   0.0000D+00   0.0000D+00   0.0000D+00   0.0000D+00   0.0000D+00   0.0000D+00   0.0000D+00   0.0000D+00
  -0.5747D+01   0.1625D+01  -0.9900D+01   0.9802D+00   0.7740D+00  -0.1164D+01  -0.1101D+02  -0.9213D-01  -0.5747D+01   0.1625D+01  -0.9900D+01   0.9802D+00
   0.7437D+00  -0.1531D-01   0.1378D+00  -0.6652D-02   0.1228D+00  -0.5276D-01   0.3018D+00   0.0000D+00   0.7693D-01   0.6613D-02   0.1511D-02   0.2164D-01   0.7437D+00  -0.1531D-01   0.1378D+00  -0.6652D-02   0.1228D+00  -0.5276D-01
  -0.6926D-03  -0.5954D-02  -0.3671D-02  -0.1134D-01  -0.6926D-03  -0.5954D-02  -0.3671D-02  -0.1134D-01
  0.500  2.000
  -0.6426D+01   0.0000D+00  -0.9664D+01   0.0000D+00   0.0000D+00   0.0000D+00  -0.1002D+02   0.0000D+00  -0.6426D+01   0.0000D+00  -0.9664D+01   0.0000D+00
   0.5296D+00   0.0000D+00   0.9839D-01   0.0000D+00   0.1194D+00   0.0000D+00   0.2287D+00   0.0000D+00   0.5082D-01   0.0000D+00   0.0000D+00   0.0000D+00   0.5296D+00   0.0000D+00   0.9839D-01   0.0000D+00   0.1194D+00   0.0000D+00
   0.0000D+00   0.0000D+00   0.0000D+00   0.0000D+00   0.0000D+00   0.0000D+00   0.0000D+00   0.0000D+00
  -0.5894D+01   0.1349D+01  -0.9906D+01   0.8135D+00   0.6422D+00  -0.9661D+00  -0.1089D+02  -0.7646D-01  -0.5894D+01   0.1349D+01  -0.9906D+01   0.8135D+00
   0.7259D+00  -0.1395D-01   0.1345D+00  -0.6060D-02   0.1228D+00  -0.4807D-01   0.2957D+00   0.0000D+00   0.7470D-01   0.6025D-02   0.1393D-02   0.1972D-01   0.7259D+00  -0.1395D-01   0.1345D+00  -0.6060D-02   0.1228D+00  -0.4807D-01
  -0.6309D-03  -0.5425D-02  -0.3345D-02  -0.1033D-01  -0.6309D-03  -0.5425D-02  -0.3345D-02  -0.1033D-01
  1.000  0.500
  -0.7834D+01   0.0000D+00  -0.1198D+02   0.0000D+00   0.0000D+00   0.0000D+00  -0.1237D+02   0.0000D+00  -0.7834D+01   0.0000D+00  -0.1198D+02   0.0000D+00
   0.5379D+00   0.0000D+00   0.9934D-01   0.0000D+00   0.1194D+00   0.0000D+00   0.2296D+00   0.0000D+00   0.5101D-01   0.0000D+00   0.0000D+00   0.0000D+00   0.5379D+00   0.0000D+00   0.9934D-01   0.0000D+00   0.1194D+00   0.0000D+00
   0.0000D+00   0.0000D+00   0.0000D+00   0.0000D+00   0.0000D+00   0.0000D+00   0.0000D+00   0.0000D+00
  -0.5343D+01   0.2044D+01  -0.9604D+01   0.1225D+01   0.9807D+00  -0.1449D+01  -0.1085D+02  -0.1138D+00  -0.5343D+01   0.2044D+01  -0.9604D+01   0.1225D+01
   0.7468D+00  -0.1707D-01   0.1373D+00  -0.7432D-02   0.1149D+00  -0.5958D-01   0.3020D+00   0.0000D+00   0.7765D-01   0.7281D-02   0.2017D-02   0.2383D-01   0.7468D+00  -0.1707D-01   0.1373D+00  -0.7432D-02   0.1149D+00  -0.5958D-01
  -0.7994D-03  -0.6427D-02  -0.4173D-02  -0.1264D-01  -0.7994D-03  -0.6427D-02  -0.4173D-02  -0.1264D-01
  1.000  1.000
  -0.7068D+01   0.0000D+00  -0.1081D+02   0.0000D+00   0.0000D+00   0.0000D+00  -0.1116D+02   0.0000D+00  -0.7068D+01   0.0000D+00  -0.1081D+02   0.0000D+00
   0.5379D+00   0.0000D+00   0.9934D-01   0.0000D+00   0.1194D+00   0.0000D+00   0.2296D+00   0.0000D+00   0.5101D-01   0.0000D+00   0.0000D+00   0.0000D+00   0.5379D+00   0.0000D+00   0.9934D-01   0.0000D+00   0.1194D+00   0.0000D+00
   0.0000D+00   0.0000D+00   0.0000D+00   0.0000D+00   0.0000D+00   0.0000D+00   0.0000D+00   0.0000D+00
  -0.5706D+01   0.1664D+01  -0.9893D+01   0.9970D+00   0.7978D+00  -0.1179D+01  -0.1098D+02  -0.9263D-01  -0.5706D+01   0.1664D+01  -0.9893D+01   0.9970D+00
   0.7258D+00  -0.1540D-01   0.1335D+00  -0.6706D-02   0.1151D+00  -0.5376D-01   0.2950D+00   0.0000D+00   0.7505D-01   0.6569D-02   0.1842D-02   0.2150D-01   0.7258D+00  -0.1540D-01   0.1335D+00  -0.6706D-02   0.1151D+00  -0.5376D-01
  -0.7211D-03  -0.5799D-02  -0.3764D-02  -0.1141D-01  -0.7211D-03  -0.5799D-02  -0.3764D-02  -0.1141D-01
  1.000  2.000
  -0.6439D+01   0.0000D+00  -0.9844D+01   0.0000D+00   0.0000D+00   0.0000D+00  -0.1017D+02   0.0000D+00  -0.6439D+01   0.0000D+00  -0.9844D+01   0.0000D+00
   0.5379D+00   0.0000D+00   0.9934D-01   0.0000D+00   0.1194D+00   0.0000D+00   0.2296D+00   0.0000D+00   0.5101D-01   0.0000D+00   0.0000D+00   0.0000D+00   0.5379D+00   0.0000D+00   0.9934D-01   0.0000D+00   0.1194D+00   0.0000D+00
   0.0000D+00   0.0000D+00   0.0000D+00   0.0000D+00   0.0000D+00   0.0000D+00   0.0000D+00   0.0000D+00
  -0.5862D+01   0.1381D+01  -0.9932D+01   0.8274D+00   0.6619D+00  -0.9785D+00  -0.1089D+02  -0.7688D-01  -0.5862D+01   0.1381D+01  -0.9932D+01   0.8274D+00
   0.7104D+00  -0.1403D-01   0.1307D+00  -0.6109D-02   0.1158D+00  -0.4897D-01   0.2895D+00   0.0000D+00   0.7302D-01   0.5984D-02   0.1694D-02   0.1959D-01   0.7104D+00  -0.1403D-01   0.1307D+00  -0.6109D-02   0.1158D+00  -0.4897D-01
  -0.6568D-03  -0.5283D-02  -0.3429D-02  -0.1039D-01  -0.6568D-03  -0.5283D-02  -0.3429D-02  -0.1039D-01
  2.000  0.500
  -0.7794D+01   0.0000D+00  -0.1207D+02   0.0000D+00   0.0000D+00   0.0000D+00  -0.1257D+02   0.0000D+00  -0.7794D+01   0.0000D+00  -0.1207D+02   0.0000D+00
   0.5435D+00   0.0000D+00   0.1004D+00   0.0000D+00   0.1194D+00   0.0000D+00   0.2339D+00   0.0000D+00   0.5197D-01   0.0000D+00   0.0000D+00   0.0000D+00   0.5435D+00   0.0000D+00   0.1004D+00   0.0000D+00   0.1194D+00   0.0000D+00
   0.0000D+00   0.0000D+00   0.0000D+00   0.0000D+00   0.0000D+00   0.0000D+00   0.0000D+00   0.0000D+00
  -0.5350D+01   0.2055D+01  -0.9701D+01   0.1226D+01   0.9678D+00  -0.1468D+01  -0.1125D+02  -0.1138D+00  -0.5350D+01   0.2055D+01  -0.9701D+01   0.1226D+01
   0.7550D+00  -0.1700D-01   0.1397D+00  -0.7499D-02   0.1188D+00  -0.6007D-01   0.3036D+00   0.0000D+00   0.7831D-01   0.7419D-02   0.1901D-02   0.2428D-01   0.7550D+00  -0.1700D-01   0.1397D+00  -0.7499D-02   0.1188D+00  -0.6007D-01
  -0.8106D-03  -0.6475D-02  -0.4251D-02  -0.1274D-01  -0.8106D-03  -0.6475D-02  -0.4251D-02  -0.1274D-01
  2.000  1.000
  -0.7031D+01   0.0000D+00  -0.1089D+02   0.0000D+00   0.0000D+00   0.0000D+00  -0.1134D+02   0.0000D+00  -0.7031D+01   0.0000D+00  -0.1089D+02   0.0000D+00
   0.5435D+00   0.0000D+00   0.1004D+00   0.0000D+00   0.1194D+00   0.0000D+00   0.2339D+00   0.0000D+00   0.5197D-01   0.0000D+00   0.0000D+00   0.0000D+00   0.5435D+00   0.0000D+00   0.1004D+00   0.0000D+00   0.1194D+00   0.0000D+00
   0.0000D+00   0.0000D+00   0.0000D+00   0.0000D+00   0.0000D+00   0.0000D+00   0.0000D+00   0.0000D+00
  -0.5688D+01   0.1673D+01  -0.9970D+01   0.9974D+00   0.7872D+00  -0.1195D+01  -0.1132D+02  -0.9261D-01  -0.5688D+01   0.1673D+01  -0.9970D+01   0.9974D+00
   0.7235D+00  -0.1534D-01   0.1341D+00  -0.6765D-02   0.1154D+00  -0.5419D-01   0.2944D+00   0.0000D+00   0.7506D-01   0.6693D-02   0.1686D-02   0.2190D-01   0.7235D+00  -0.1534D-01   0.1341D+00  -0.6765D-02   0.1154D+00  -0.5419D-01
  -0.7312D-03  -0.5841D-02  -0.3834D-02  -0.1150D-01  -0.7312D-03  -0.5841D-02  -0.3834D-02  -0.1150D-01
  2.000  2.000
  -0.6406D+01   0.0000D+00  -0.9920D+01   0.0000D+00   0.0000D+00   0.0000D+00  -0.1033D+02   0.0000D+00  -0.6406D+01   0.0000D+00  -0.9920D+01   0.0000D+00
   0.5435D+00   0.0000D+00   0.1004D+00   0.0000D+00   0.1194D+00   0.0000D+00   0.2339D+00   0.0000D+00   0.5197D-01   0.0000D+00   0.0000D+00   0.0000D+00   0.5435D+00   0.0000D+00   0.1004D+00   0.0000D+00   0.1194D+00   0.0000D+00
   0.0000D+00   0.0000D+00   0.0000D+00   0.0000D+00   0.0000D+00   0.0000D+00   0.0000D+00   0.0000D+00
  -0.5825D+01   0.1388D+01  -0.9994D+01   0.8278D+00   0.6529D+00  -0.9915D+00  -0.1119D+02  -0.7686D-01  -0.5825D+01   0.1388D+01  -0.9994D+01   0.8278D+00
   0.6974D+00  -0.1397D-01   0.1294D+00  -0.6164D-02   0.1123D+00  -0.4937D-01   0.2869D+00   0.0000D+00   0.7238D-01   0.6097D-02   0.1521D-02   0.1996D-01   0.6974D+00  -0.1397D-01   0.1294D+00  -0.6164D-02   0.1123D+00  -0.4937D-01
  -0.6661D-03  -0.5322D-02  -0.3493D-02  -0.1047D-01  -0.6661D-03  -0.5322D-02  -0.3493D-02  -0.1047D-01
