 LHC=           1 sqrts=   8000.0000000000000      ang=           4 mode=fital                                                                                               scalescheme=           1 R=  0.69999999999999996     
 CT10nlo_rand5678                                                                                             449
 Bin information: chid, chiu, md, mu, mu0
   0.0000000000000000       0.50000000000000000        49.000000000000000        56.000000000000000        52.500000000000000     
 9 scales(muf, mur)*(LO(38), NLO(38))
  0.500  0.500
  -0.2094D+02   0.0000D+00  -0.3657D+02   0.0000D+00   0.0000D+00   0.0000D+00  -0.4118D+02   0.0000D+00  -0.2094D+02   0.0000D+00  -0.3657D+02   0.0000D+00
   0.1819D+00   0.0000D+00   0.3464D-01   0.0000D+00   0.3584D-01   0.0000D+00   0.7999D-01   0.0000D+00   0.1778D-01   0.0000D+00   0.0000D+00   0.0000D+00   0.1819D+00   0.0000D+00   0.3464D-01   0.0000D+00   0.3584D-01   0.0000D+00
   0.0000D+00   0.0000D+00   0.0000D+00   0.0000D+00   0.0000D+00   0.0000D+00   0.0000D+00   0.0000D+00
  -0.1436D+02   0.7374D+01  -0.3004D+02   0.4668D+01   0.3480D+01  -0.5715D+01  -0.3687D+02  -0.5447D+00  -0.1436D+02   0.7374D+01  -0.3004D+02   0.4668D+01
   0.6233D+00  -0.5934D-02   0.1166D+00  -0.2980D-02   0.1028D+00  -0.2431D-01   0.2417D+00   0.0000D+00   0.6683D-01   0.2862D-02   0.1077D-01   0.9368D-02   0.6233D+00  -0.5934D-02   0.1166D+00  -0.2980D-02   0.1028D+00  -0.2431D-01
  -0.5728D-04  -0.2404D-02  -0.1363D-02  -0.5007D-02  -0.5728D-04  -0.2404D-02  -0.1363D-02  -0.5007D-02
  0.500  1.000
  -0.1853D+02   0.0000D+00  -0.3237D+02   0.0000D+00   0.0000D+00   0.0000D+00  -0.3645D+02   0.0000D+00  -0.1853D+02   0.0000D+00  -0.3237D+02   0.0000D+00
   0.1819D+00   0.0000D+00   0.3464D-01   0.0000D+00   0.3584D-01   0.0000D+00   0.7999D-01   0.0000D+00   0.1778D-01   0.0000D+00   0.0000D+00   0.0000D+00   0.1819D+00   0.0000D+00   0.3464D-01   0.0000D+00   0.3584D-01   0.0000D+00
   0.0000D+00   0.0000D+00   0.0000D+00   0.0000D+00   0.0000D+00   0.0000D+00   0.0000D+00   0.0000D+00
  -0.1542D+02   0.5777D+01  -0.3083D+02   0.3657D+01   0.2723D+01  -0.4477D+01  -0.3711D+02  -0.4267D+00  -0.1542D+02   0.5777D+01  -0.3083D+02   0.3657D+01
   0.5679D+00  -0.5253D-02   0.1065D+00  -0.2638D-02   0.9312D-01  -0.2152D-01   0.2227D+00   0.0000D+00   0.6103D-01   0.2534D-02   0.9599D-02   0.8292D-02   0.5679D+00  -0.5253D-02   0.1065D+00  -0.2638D-02   0.9312D-01  -0.2152D-01
  -0.5063D-04  -0.2128D-02  -0.1206D-02  -0.4432D-02  -0.5063D-04  -0.2128D-02  -0.1206D-02  -0.4432D-02
  0.500  2.000
  -0.1663D+02   0.0000D+00  -0.2905D+02   0.0000D+00   0.0000D+00   0.0000D+00  -0.3270D+02   0.0000D+00  -0.1663D+02   0.0000D+00  -0.2905D+02   0.0000D+00
   0.1819D+00   0.0000D+00   0.3464D-01   0.0000D+00   0.3584D-01   0.0000D+00   0.7999D-01   0.0000D+00   0.1778D-01   0.0000D+00   0.0000D+00   0.0000D+00   0.1819D+00   0.0000D+00   0.3464D-01   0.0000D+00   0.3584D-01   0.0000D+00
   0.0000D+00   0.0000D+00   0.0000D+00   0.0000D+00   0.0000D+00   0.0000D+00   0.0000D+00   0.0000D+00
  -0.1578D+02   0.4652D+01  -0.3069D+02   0.2945D+01   0.2190D+01  -0.3605D+01  -0.3648D+02  -0.3436D+00  -0.1578D+02   0.4652D+01  -0.3069D+02   0.2945D+01
   0.5315D+00  -0.4714D-02   0.9971D-01  -0.2367D-02   0.8795D-01  -0.1931D-01   0.2091D+00   0.0000D+00   0.5689D-01   0.2274D-02   0.8689D-02   0.7442D-02   0.5315D+00  -0.4714D-02   0.9971D-01  -0.2367D-02   0.8795D-01  -0.1931D-01
  -0.4540D-04  -0.1910D-02  -0.1082D-02  -0.3977D-02  -0.4540D-04  -0.1910D-02  -0.1082D-02  -0.3977D-02
  1.000  0.500
  -0.2251D+02   0.0000D+00  -0.4043D+02   0.0000D+00   0.0000D+00   0.0000D+00  -0.4378D+02   0.0000D+00  -0.2251D+02   0.0000D+00  -0.4043D+02   0.0000D+00
   0.2014D+00   0.0000D+00   0.3987D-01   0.0000D+00   0.3989D-01   0.0000D+00   0.9496D-01   0.0000D+00   0.2110D-01   0.0000D+00   0.0000D+00   0.0000D+00   0.2014D+00   0.0000D+00   0.3987D-01   0.0000D+00   0.3989D-01   0.0000D+00
   0.0000D+00   0.0000D+00   0.0000D+00   0.0000D+00   0.0000D+00   0.0000D+00   0.0000D+00   0.0000D+00
  -0.1305D+02   0.8277D+01  -0.2698D+02   0.5124D+01   0.4057D+01  -0.5987D+01  -0.3446D+02  -0.6029D+00  -0.1305D+02   0.8277D+01  -0.2698D+02   0.5124D+01
   0.5673D+00  -0.6695D-02   0.1068D+00  -0.3311D-02   0.8263D-01  -0.2591D-01   0.2319D+00   0.0000D+00   0.6367D-01   0.3462D-02   0.9132D-02   0.1133D-01   0.5673D+00  -0.6695D-02   0.1068D+00  -0.3311D-02   0.8263D-01  -0.2591D-01
  -0.9692D-04  -0.2724D-02  -0.1595D-02  -0.5724D-02  -0.9692D-04  -0.2724D-02  -0.1595D-02  -0.5724D-02
  1.000  1.000
  -0.1992D+02   0.0000D+00  -0.3578D+02   0.0000D+00   0.0000D+00   0.0000D+00  -0.3875D+02   0.0000D+00  -0.1992D+02   0.0000D+00  -0.3578D+02   0.0000D+00
   0.2014D+00   0.0000D+00   0.3987D-01   0.0000D+00   0.3989D-01   0.0000D+00   0.9496D-01   0.0000D+00   0.2110D-01   0.0000D+00   0.0000D+00   0.0000D+00   0.2014D+00   0.0000D+00   0.3987D-01   0.0000D+00   0.3989D-01   0.0000D+00
   0.0000D+00   0.0000D+00   0.0000D+00   0.0000D+00   0.0000D+00   0.0000D+00   0.0000D+00   0.0000D+00
  -0.1485D+02   0.6484D+01  -0.2934D+02   0.4014D+01   0.3174D+01  -0.4690D+01  -0.3585D+02  -0.4723D+00  -0.1485D+02   0.6484D+01  -0.2934D+02   0.4014D+01
   0.5924D+00  -0.5926D-02   0.1105D+00  -0.2931D-02   0.9631D-01  -0.2294D-01   0.2320D+00   0.0000D+00   0.6360D-01   0.3064D-02   0.8561D-02   0.1003D-01   0.5924D+00  -0.5926D-02   0.1105D+00  -0.2931D-02   0.9631D-01  -0.2294D-01
  -0.8571D-04  -0.2412D-02  -0.1412D-02  -0.5067D-02  -0.8571D-04  -0.2412D-02  -0.1412D-02  -0.5067D-02
  1.000  2.000
  -0.1787D+02   0.0000D+00  -0.3211D+02   0.0000D+00   0.0000D+00   0.0000D+00  -0.3478D+02   0.0000D+00  -0.1787D+02   0.0000D+00  -0.3211D+02   0.0000D+00
   0.2014D+00   0.0000D+00   0.3987D-01   0.0000D+00   0.3989D-01   0.0000D+00   0.9496D-01   0.0000D+00   0.2110D-01   0.0000D+00   0.0000D+00   0.0000D+00   0.2014D+00   0.0000D+00   0.3987D-01   0.0000D+00   0.3989D-01   0.0000D+00
   0.0000D+00   0.0000D+00   0.0000D+00   0.0000D+00   0.0000D+00   0.0000D+00   0.0000D+00   0.0000D+00
  -0.1550D+02   0.5221D+01  -0.3004D+02   0.3233D+01   0.2555D+01  -0.3777D+01  -0.3583D+02  -0.3803D+00  -0.1550D+02   0.5221D+01  -0.3004D+02   0.3233D+01
   0.5183D+00  -0.5318D-02   0.9758D-01  -0.2630D-02   0.8074D-01  -0.2058D-01   0.2104D+00   0.0000D+00   0.5693D-01   0.2750D-02   0.7525D-02   0.9000D-02   0.5183D+00  -0.5318D-02   0.9758D-01  -0.2630D-02   0.8074D-01  -0.2058D-01
  -0.7686D-04  -0.2165D-02  -0.1267D-02  -0.4547D-02  -0.7686D-04  -0.2165D-02  -0.1267D-02  -0.4547D-02
  2.000  0.500
  -0.2438D+02   0.0000D+00  -0.4639D+02   0.0000D+00   0.0000D+00   0.0000D+00  -0.4887D+02   0.0000D+00  -0.2438D+02   0.0000D+00  -0.4639D+02   0.0000D+00
   0.2332D+00   0.0000D+00   0.4232D-01   0.0000D+00   0.4189D-01   0.0000D+00   0.1018D+00   0.0000D+00   0.2263D-01   0.0000D+00   0.0000D+00   0.0000D+00   0.2332D+00   0.0000D+00   0.4232D-01   0.0000D+00   0.4189D-01   0.0000D+00
   0.0000D+00   0.0000D+00   0.0000D+00   0.0000D+00   0.0000D+00   0.0000D+00   0.0000D+00   0.0000D+00
  -0.1220D+02   0.9288D+01  -0.2828D+02   0.5521D+01   0.4364D+01  -0.6728D+01  -0.3443D+02  -0.6351D+00  -0.1220D+02   0.9288D+01  -0.2828D+02   0.5521D+01
   0.5663D+00  -0.6990D-02   0.1017D+00  -0.3379D-02   0.7264D-01  -0.2982D-01   0.2221D+00   0.0000D+00   0.6223D-01   0.3908D-02   0.9135D-02   0.1279D-01   0.5663D+00  -0.6990D-02   0.1017D+00  -0.3379D-02   0.7264D-01  -0.2982D-01
  -0.1024D-03  -0.2906D-02  -0.1801D-02  -0.6402D-02  -0.1024D-03  -0.2906D-02  -0.1801D-02  -0.6402D-02
  2.000  1.000
  -0.2158D+02   0.0000D+00  -0.4106D+02   0.0000D+00   0.0000D+00   0.0000D+00  -0.4326D+02   0.0000D+00  -0.2158D+02   0.0000D+00  -0.4106D+02   0.0000D+00
   0.2332D+00   0.0000D+00   0.4232D-01   0.0000D+00   0.4189D-01   0.0000D+00   0.1018D+00   0.0000D+00   0.2263D-01   0.0000D+00   0.0000D+00   0.0000D+00   0.2332D+00   0.0000D+00   0.4232D-01   0.0000D+00   0.4189D-01   0.0000D+00
   0.0000D+00   0.0000D+00   0.0000D+00   0.0000D+00   0.0000D+00   0.0000D+00   0.0000D+00   0.0000D+00
  -0.1424D+02   0.7276D+01  -0.3119D+02   0.4325D+01   0.3424D+01  -0.5270D+01  -0.3651D+02  -0.4975D+00  -0.1424D+02   0.7276D+01  -0.3119D+02   0.4325D+01
   0.4675D+00  -0.6187D-02   0.8448D-01  -0.2991D-02   0.5234D-01  -0.2639D-01   0.1935D+00   0.0000D+00   0.5327D-01   0.3459D-02   0.7352D-02   0.1132D-01   0.4675D+00  -0.6187D-02   0.8448D-01  -0.2991D-02   0.5234D-01  -0.2639D-01
  -0.9056D-04  -0.2572D-02  -0.1594D-02  -0.5666D-02  -0.9056D-04  -0.2572D-02  -0.1594D-02  -0.5666D-02
  2.000  2.000
  -0.1936D+02   0.0000D+00  -0.3685D+02   0.0000D+00   0.0000D+00   0.0000D+00  -0.3882D+02   0.0000D+00  -0.1936D+02   0.0000D+00  -0.3685D+02   0.0000D+00
   0.2332D+00   0.0000D+00   0.4232D-01   0.0000D+00   0.4189D-01   0.0000D+00   0.1018D+00   0.0000D+00   0.2263D-01   0.0000D+00   0.0000D+00   0.0000D+00   0.2332D+00   0.0000D+00   0.4232D-01   0.0000D+00   0.4189D-01   0.0000D+00
   0.0000D+00   0.0000D+00   0.0000D+00   0.0000D+00   0.0000D+00   0.0000D+00   0.0000D+00   0.0000D+00
  -0.1584D+02   0.5860D+01  -0.3312D+02   0.3483D+01   0.2735D+01  -0.4244D+01  -0.3782D+02  -0.4007D+00  -0.1584D+02   0.5860D+01  -0.3312D+02   0.3483D+01
   0.6276D+00  -0.5552D-02   0.1120D+00  -0.2684D-02   0.1014D+00  -0.2369D-01   0.2304D+00   0.0000D+00   0.6389D-01   0.3104D-02   0.9019D-02   0.1016D-01   0.6276D+00  -0.5552D-02   0.1120D+00  -0.2684D-02   0.1014D+00  -0.2369D-01
  -0.8122D-04  -0.2308D-02  -0.1430D-02  -0.5084D-02  -0.8122D-04  -0.2308D-02  -0.1430D-02  -0.5084D-02
