 LHC=           1 sqrts=   8000.0000000000000      ang=           4 mode=fital                                                                                               scalescheme=           1 R=  0.69999999999999996     
 MSTW2008nlo68cl_rand1235                                                                                      93
 Bin information: chid, chiu, md, mu, mu0
   0.0000000000000000       0.50000000000000000        430.00000000000000        468.00000000000000        449.00000000000000     
 9 scales(muf, mur)*(LO(38), NLO(38))
  0.500  0.500
  -0.1162D+01   0.0000D+00  -0.1177D+01   0.0000D+00   0.0000D+00   0.0000D+00  -0.1017D+01   0.0000D+00  -0.1162D+01   0.0000D+00  -0.1177D+01   0.0000D+00
   0.6572D+00   0.0000D+00   0.1131D+00   0.0000D+00   0.1955D+00   0.0000D+00   0.2195D+00   0.0000D+00   0.4878D-01   0.0000D+00   0.0000D+00   0.0000D+00   0.6572D+00   0.0000D+00   0.1131D+00   0.0000D+00   0.1955D+00   0.0000D+00
   0.0000D+00   0.0000D+00   0.0000D+00   0.0000D+00   0.0000D+00   0.0000D+00   0.0000D+00   0.0000D+00
  -0.8567D+00   0.1685D+00  -0.1011D+01   0.1012D+00   0.9921D-01  -0.1025D+00  -0.9442D+00   0.3762D-02  -0.8567D+00   0.1685D+00  -0.1011D+01   0.1012D+00
   0.5943D+00  -0.2410D-01   0.1051D+00  -0.8623D-02   0.1135D+00  -0.6114D-01   0.2085D+00   0.0000D+00   0.5225D-01   0.6014D-02  -0.1995D-02   0.1968D-01   0.5943D+00  -0.2410D-01   0.1051D+00  -0.8623D-02   0.1135D+00  -0.6114D-01
  -0.1963D-02  -0.7718D-02  -0.4552D-02  -0.1144D-01  -0.1963D-02  -0.7718D-02  -0.4552D-02  -0.1144D-01
  0.500  1.000
  -0.1064D+01   0.0000D+00  -0.1077D+01   0.0000D+00   0.0000D+00   0.0000D+00  -0.9303D+00   0.0000D+00  -0.1064D+01   0.0000D+00  -0.1077D+01   0.0000D+00
   0.6572D+00   0.0000D+00   0.1131D+00   0.0000D+00   0.1955D+00   0.0000D+00   0.2195D+00   0.0000D+00   0.4878D-01   0.0000D+00   0.0000D+00   0.0000D+00   0.6572D+00   0.0000D+00   0.1131D+00   0.0000D+00   0.1955D+00   0.0000D+00
   0.0000D+00   0.0000D+00   0.0000D+00   0.0000D+00   0.0000D+00   0.0000D+00   0.0000D+00   0.0000D+00
  -0.8950D+00   0.1411D+00  -0.1026D+01   0.8471D-01   0.8304D-01  -0.8582D-01  -0.9459D+00   0.3150D-02  -0.8950D+00   0.1411D+00  -0.1026D+01   0.8471D-01
   0.5999D+00  -0.2205D-01   0.1058D+00  -0.7890D-02   0.1206D+00  -0.5594D-01   0.2095D+00   0.0000D+00   0.5197D-01   0.5503D-02  -0.1825D-02   0.1801D-01   0.5999D+00  -0.2205D-01   0.1058D+00  -0.7890D-02   0.1206D+00  -0.5594D-01
  -0.1796D-02  -0.7062D-02  -0.4164D-02  -0.1046D-01  -0.1796D-02  -0.7062D-02  -0.4164D-02  -0.1046D-01
  0.500  2.000
  -0.9804D+00   0.0000D+00  -0.9930D+00   0.0000D+00   0.0000D+00   0.0000D+00  -0.8576D+00   0.0000D+00  -0.9804D+00   0.0000D+00  -0.9930D+00   0.0000D+00
   0.6572D+00   0.0000D+00   0.1131D+00   0.0000D+00   0.1955D+00   0.0000D+00   0.2195D+00   0.0000D+00   0.4878D-01   0.0000D+00   0.0000D+00   0.0000D+00   0.6572D+00   0.0000D+00   0.1131D+00   0.0000D+00   0.1955D+00   0.0000D+00
   0.0000D+00   0.0000D+00   0.0000D+00   0.0000D+00   0.0000D+00   0.0000D+00   0.0000D+00   0.0000D+00
  -0.9113D+00   0.1199D+00  -0.1025D+01   0.7199D-01   0.7057D-01  -0.7293D-01  -0.9357D+00   0.2677D-02  -0.9113D+00   0.1199D+00  -0.1025D+01   0.7199D-01
   0.6046D+00  -0.2033D-01   0.1064D+00  -0.7273D-02   0.1265D+00  -0.5157D-01   0.2104D+00   0.0000D+00   0.5174D-01   0.5073D-02  -0.1681D-02   0.1660D-01   0.6046D+00  -0.2033D-01   0.1064D+00  -0.7273D-02   0.1265D+00  -0.5157D-01
  -0.1656D-02  -0.6510D-02  -0.3839D-02  -0.9645D-02  -0.1656D-02  -0.6510D-02  -0.3839D-02  -0.9645D-02
  1.000  0.500
  -0.1092D+01   0.0000D+00  -0.1110D+01   0.0000D+00   0.0000D+00   0.0000D+00  -0.9528D+00   0.0000D+00  -0.1092D+01   0.0000D+00  -0.1110D+01   0.0000D+00
   0.6142D+00   0.0000D+00   0.1061D+00   0.0000D+00   0.1831D+00   0.0000D+00   0.2051D+00   0.0000D+00   0.4557D-01   0.0000D+00   0.0000D+00   0.0000D+00   0.6142D+00   0.0000D+00   0.1061D+00   0.0000D+00   0.1831D+00   0.0000D+00
   0.0000D+00   0.0000D+00   0.0000D+00   0.0000D+00   0.0000D+00   0.0000D+00   0.0000D+00   0.0000D+00
  -0.8761D+00   0.1587D+00  -0.1017D+01   0.9473D-01   0.9270D-01  -0.9614D-01  -0.9433D+00   0.3688D-02  -0.8761D+00   0.1587D+00  -0.1017D+01   0.9473D-01
   0.5870D+00  -0.2256D-01   0.1037D+00  -0.8087D-02   0.1169D+00  -0.5730D-01   0.2072D+00   0.0000D+00   0.5154D-01   0.5619D-02  -0.1885D-02   0.1839D-01   0.5870D+00  -0.2256D-01   0.1037D+00  -0.8087D-02   0.1169D+00  -0.5730D-01
  -0.1849D-02  -0.7287D-02  -0.4286D-02  -0.1069D-01  -0.1849D-02  -0.7287D-02  -0.4286D-02  -0.1069D-01
  1.000  1.000
  -0.9990D+00   0.0000D+00  -0.1015D+01   0.0000D+00   0.0000D+00   0.0000D+00  -0.8717D+00   0.0000D+00  -0.9990D+00   0.0000D+00  -0.1015D+01   0.0000D+00
   0.6142D+00   0.0000D+00   0.1061D+00   0.0000D+00   0.1831D+00   0.0000D+00   0.2051D+00   0.0000D+00   0.4557D-01   0.0000D+00   0.0000D+00   0.0000D+00   0.6142D+00   0.0000D+00   0.1061D+00   0.0000D+00   0.1831D+00   0.0000D+00
   0.0000D+00   0.0000D+00   0.0000D+00   0.0000D+00   0.0000D+00   0.0000D+00   0.0000D+00   0.0000D+00
  -0.9004D+00   0.1328D+00  -0.1021D+01   0.7930D-01   0.7759D-01  -0.8049D-01  -0.9354D+00   0.3088D-02  -0.9004D+00   0.1328D+00  -0.1021D+01   0.7930D-01
   0.5895D+00  -0.2064D-01   0.1040D+00  -0.7399D-02   0.1226D+00  -0.5243D-01   0.2071D+00   0.0000D+00   0.5105D-01   0.5141D-02  -0.1723D-02   0.1683D-01   0.5895D+00  -0.2064D-01   0.1040D+00  -0.7399D-02   0.1226D+00  -0.5243D-01
  -0.1692D-02  -0.6667D-02  -0.3922D-02  -0.9777D-02  -0.1692D-02  -0.6667D-02  -0.3922D-02  -0.9777D-02
  1.000  2.000
  -0.9210D+00   0.0000D+00  -0.9360D+00   0.0000D+00   0.0000D+00   0.0000D+00  -0.8036D+00   0.0000D+00  -0.9210D+00   0.0000D+00  -0.9360D+00   0.0000D+00
   0.6142D+00   0.0000D+00   0.1061D+00   0.0000D+00   0.1831D+00   0.0000D+00   0.2051D+00   0.0000D+00   0.4557D-01   0.0000D+00   0.0000D+00   0.0000D+00   0.6142D+00   0.0000D+00   0.1061D+00   0.0000D+00   0.1831D+00   0.0000D+00
   0.0000D+00   0.0000D+00   0.0000D+00   0.0000D+00   0.0000D+00   0.0000D+00   0.0000D+00   0.0000D+00
  -0.9068D+00   0.1129D+00  -0.1012D+01   0.6739D-01   0.6593D-01  -0.6840D-01  -0.9185D+00   0.2624D-02  -0.9068D+00   0.1129D+00  -0.1012D+01   0.6739D-01
   0.5916D+00  -0.1903D-01   0.1042D+00  -0.6821D-02   0.1274D+00  -0.4833D-01   0.2069D+00   0.0000D+00   0.5063D-01   0.4739D-02  -0.1588D-02   0.1551D-01   0.5916D+00  -0.1903D-01   0.1042D+00  -0.6821D-02   0.1274D+00  -0.4833D-01
  -0.1559D-02  -0.6146D-02  -0.3615D-02  -0.9013D-02  -0.1559D-02  -0.6146D-02  -0.3615D-02  -0.9013D-02
  2.000  0.500
  -0.1025D+01   0.0000D+00  -0.1047D+01   0.0000D+00   0.0000D+00   0.0000D+00  -0.8963D+00   0.0000D+00  -0.1025D+01   0.0000D+00  -0.1047D+01   0.0000D+00
   0.5773D+00   0.0000D+00   0.9979D-01   0.0000D+00   0.1721D+00   0.0000D+00   0.1925D+00   0.0000D+00   0.4277D-01   0.0000D+00   0.0000D+00   0.0000D+00   0.5773D+00   0.0000D+00   0.9979D-01   0.0000D+00   0.1721D+00   0.0000D+00
   0.0000D+00   0.0000D+00   0.0000D+00   0.0000D+00   0.0000D+00   0.0000D+00   0.0000D+00   0.0000D+00
  -0.8866D+00   0.1503D+00  -0.1031D+01   0.8945D-01   0.8881D-01  -0.9041D-01  -0.9461D+00   0.3625D-02  -0.8866D+00   0.1503D+00  -0.1031D+01   0.8945D-01
   0.5873D+00  -0.2121D-01   0.1039D+00  -0.7579D-02   0.1197D+00  -0.5366D-01   0.2057D+00   0.0000D+00   0.5113D-01   0.5271D-02  -0.1670D-02   0.1725D-01   0.5873D+00  -0.2121D-01   0.1039D+00  -0.7579D-02   0.1197D+00  -0.5366D-01
  -0.1750D-02  -0.6773D-02  -0.4046D-02  -0.1006D-01  -0.1750D-02  -0.6773D-02  -0.4046D-02  -0.1006D-01
  2.000  1.000
  -0.9381D+00   0.0000D+00  -0.9582D+00   0.0000D+00   0.0000D+00   0.0000D+00  -0.8200D+00   0.0000D+00  -0.9381D+00   0.0000D+00  -0.9582D+00   0.0000D+00
   0.5773D+00   0.0000D+00   0.9979D-01   0.0000D+00   0.1721D+00   0.0000D+00   0.1925D+00   0.0000D+00   0.4277D-01   0.0000D+00   0.0000D+00   0.0000D+00   0.5773D+00   0.0000D+00   0.9979D-01   0.0000D+00   0.1721D+00   0.0000D+00
   0.0000D+00   0.0000D+00   0.0000D+00   0.0000D+00   0.0000D+00   0.0000D+00   0.0000D+00   0.0000D+00
  -0.8990D+00   0.1258D+00  -0.1023D+01   0.7488D-01   0.7434D-01  -0.7568D-01  -0.9290D+00   0.3035D-02  -0.8990D+00   0.1258D+00  -0.1023D+01   0.7488D-01
   0.5866D+00  -0.1941D-01   0.1036D+00  -0.6935D-02   0.1242D+00  -0.4909D-01   0.2047D+00   0.0000D+00   0.5043D-01   0.4823D-02  -0.1527D-02   0.1578D-01   0.5866D+00  -0.1941D-01   0.1036D+00  -0.6935D-02   0.1242D+00  -0.4909D-01
  -0.1601D-02  -0.6197D-02  -0.3702D-02  -0.9201D-02  -0.1601D-02  -0.6197D-02  -0.3702D-02  -0.9201D-02
  2.000  2.000
  -0.8648D+00   0.0000D+00  -0.8834D+00   0.0000D+00   0.0000D+00   0.0000D+00  -0.7559D+00   0.0000D+00  -0.8648D+00   0.0000D+00  -0.8834D+00   0.0000D+00
   0.5773D+00   0.0000D+00   0.9979D-01   0.0000D+00   0.1721D+00   0.0000D+00   0.1925D+00   0.0000D+00   0.4277D-01   0.0000D+00   0.0000D+00   0.0000D+00   0.5773D+00   0.0000D+00   0.9979D-01   0.0000D+00   0.1721D+00   0.0000D+00
   0.0000D+00   0.0000D+00   0.0000D+00   0.0000D+00   0.0000D+00   0.0000D+00   0.0000D+00   0.0000D+00
  -0.8969D+00   0.1069D+00  -0.1006D+01   0.6363D-01   0.6317D-01  -0.6432D-01  -0.9057D+00   0.2579D-02  -0.8969D+00   0.1069D+00  -0.1006D+01   0.6363D-01
   0.5861D+00  -0.1789D-01   0.1033D+00  -0.6393D-02   0.1280D+00  -0.4526D-01   0.2038D+00   0.0000D+00   0.4985D-01   0.4446D-02  -0.1407D-02   0.1455D-01   0.5861D+00  -0.1789D-01   0.1033D+00  -0.6393D-02   0.1280D+00  -0.4526D-01
  -0.1476D-02  -0.5713D-02  -0.3413D-02  -0.8482D-02  -0.1476D-02  -0.5713D-02  -0.3413D-02  -0.8482D-02
