 LHC=           1 sqrts=   8000.0000000000000      ang=           4 mode=fital                                                                                               scalescheme=           1 R=  0.69999999999999996     
 MSTW2008nlo68cl_rand1235                                                                                      93
 Bin information: chid, chiu, md, mu, mu0
   0.0000000000000000       0.50000000000000000        2250.0000000000000        2500.0000000000000        2375.0000000000000     
 9 scales(muf, mur)*(LO(38), NLO(38))
  0.500  0.500
  -0.4589D-03   0.0000D+00  -0.2284D-03   0.0000D+00   0.0000D+00   0.0000D+00  -0.9178D-04   0.0000D+00  -0.4589D-03   0.0000D+00  -0.2284D-03   0.0000D+00
   0.4411D-02   0.0000D+00   0.5910D-03   0.0000D+00   0.2338D-02   0.0000D+00   0.5148D-03   0.0000D+00   0.1144D-03   0.0000D+00   0.0000D+00   0.0000D+00   0.4411D-02   0.0000D+00   0.5910D-03   0.0000D+00   0.2338D-02   0.0000D+00
   0.0000D+00   0.0000D+00   0.0000D+00   0.0000D+00   0.0000D+00   0.0000D+00   0.0000D+00   0.0000D+00
  -0.4355D-03   0.2475D-04  -0.2160D-03   0.1585D-04   0.6159D-05  -0.7581D-05  -0.8327D-04   0.5851D-05  -0.4355D-03   0.2475D-04  -0.2160D-03   0.1585D-04
   0.3443D-02  -0.2359D-03   0.4571D-03  -0.6094D-04   0.1636D-02  -0.3168D-03   0.4460D-03   0.0000D+00   0.1092D-03   0.1155D-04  -0.1984D-04   0.3779D-04   0.3443D-02  -0.2359D-03   0.4571D-03  -0.6094D-04   0.1636D-02  -0.3168D-03
  -0.2617D-04  -0.5784D-04  -0.1852D-04  -0.3692D-04  -0.2617D-04  -0.5784D-04  -0.1852D-04  -0.3692D-04
  0.500  1.000
  -0.4266D-03   0.0000D+00  -0.2123D-03   0.0000D+00   0.0000D+00   0.0000D+00  -0.8532D-04   0.0000D+00  -0.4266D-03   0.0000D+00  -0.2123D-03   0.0000D+00
   0.4411D-02   0.0000D+00   0.5910D-03   0.0000D+00   0.2338D-02   0.0000D+00   0.5148D-03   0.0000D+00   0.1144D-03   0.0000D+00   0.0000D+00   0.0000D+00   0.4411D-02   0.0000D+00   0.5910D-03   0.0000D+00   0.2338D-02   0.0000D+00
   0.0000D+00   0.0000D+00   0.0000D+00   0.0000D+00   0.0000D+00   0.0000D+00   0.0000D+00   0.0000D+00
  -0.4355D-03   0.2140D-04  -0.2161D-03   0.1370D-04   0.5324D-05  -0.6553D-05  -0.8378D-04   0.5057D-05  -0.4355D-03   0.2140D-04  -0.2161D-03   0.1370D-04
   0.3511D-02  -0.2194D-03   0.4665D-03  -0.5666D-04   0.1685D-02  -0.2945D-03   0.4509D-03   0.0000D+00   0.1095D-03   0.1074D-04  -0.1845D-04   0.3513D-04   0.3511D-02  -0.2194D-03   0.4665D-03  -0.5666D-04   0.1685D-02  -0.2945D-03
  -0.2433D-04  -0.5377D-04  -0.1722D-04  -0.3432D-04  -0.2433D-04  -0.5377D-04  -0.1722D-04  -0.3432D-04
  0.500  2.000
  -0.3987D-03   0.0000D+00  -0.1984D-03   0.0000D+00   0.0000D+00   0.0000D+00  -0.7973D-04   0.0000D+00  -0.3987D-03   0.0000D+00  -0.1984D-03   0.0000D+00
   0.4411D-02   0.0000D+00   0.5910D-03   0.0000D+00   0.2338D-02   0.0000D+00   0.5148D-03   0.0000D+00   0.1144D-03   0.0000D+00   0.0000D+00   0.0000D+00   0.4411D-02   0.0000D+00   0.5910D-03   0.0000D+00   0.2338D-02   0.0000D+00
   0.0000D+00   0.0000D+00   0.0000D+00   0.0000D+00   0.0000D+00   0.0000D+00   0.0000D+00   0.0000D+00
  -0.4318D-03   0.1868D-04  -0.2143D-03   0.1196D-04   0.4649D-05  -0.5722D-05  -0.8346D-04   0.4416D-05  -0.4318D-03   0.1868D-04  -0.2143D-03   0.1196D-04
   0.3570D-02  -0.2050D-03   0.4747D-03  -0.5295D-04   0.1728D-02  -0.2752D-03   0.4551D-03   0.0000D+00   0.1099D-03   0.1003D-04  -0.1724D-04   0.3283D-04   0.3570D-02  -0.2050D-03   0.4747D-03  -0.5295D-04   0.1728D-02  -0.2752D-03
  -0.2274D-04  -0.5025D-04  -0.1609D-04  -0.3207D-04  -0.2274D-04  -0.5025D-04  -0.1609D-04  -0.3207D-04
  1.000  0.500
  -0.3717D-03   0.0000D+00  -0.1844D-03   0.0000D+00   0.0000D+00   0.0000D+00  -0.7410D-04   0.0000D+00  -0.3717D-03   0.0000D+00  -0.1844D-03   0.0000D+00
   0.3566D-02   0.0000D+00   0.4771D-03   0.0000D+00   0.1893D-02   0.0000D+00   0.4152D-03   0.0000D+00   0.9226D-04   0.0000D+00   0.0000D+00   0.0000D+00   0.3566D-02   0.0000D+00   0.4771D-03   0.0000D+00   0.1893D-02   0.0000D+00
   0.0000D+00   0.0000D+00   0.0000D+00   0.0000D+00   0.0000D+00   0.0000D+00   0.0000D+00   0.0000D+00
  -0.4307D-03   0.1998D-04  -0.2138D-03   0.1282D-04   0.4917D-05  -0.6121D-05  -0.8314D-04   0.4722D-05  -0.4307D-03   0.1998D-04  -0.2138D-03   0.1282D-04
   0.3541D-02  -0.1910D-03   0.4711D-03  -0.4933D-04   0.1724D-02  -0.2562D-03   0.4488D-03   0.0000D+00   0.1078D-03   0.9314D-05  -0.1583D-04   0.3048D-04   0.3541D-02  -0.1910D-03   0.4711D-03  -0.4933D-04   0.1724D-02  -0.2562D-03
  -0.2121D-04  -0.4677D-04  -0.1494D-04  -0.2982D-04  -0.2121D-04  -0.4677D-04  -0.1494D-04  -0.2982D-04
  1.000  1.000
  -0.3456D-03   0.0000D+00  -0.1714D-03   0.0000D+00   0.0000D+00   0.0000D+00  -0.6889D-04   0.0000D+00  -0.3456D-03   0.0000D+00  -0.1714D-03   0.0000D+00
   0.3566D-02   0.0000D+00   0.4771D-03   0.0000D+00   0.1893D-02   0.0000D+00   0.4152D-03   0.0000D+00   0.9226D-04   0.0000D+00   0.0000D+00   0.0000D+00   0.3566D-02   0.0000D+00   0.4771D-03   0.0000D+00   0.1893D-02   0.0000D+00
   0.0000D+00   0.0000D+00   0.0000D+00   0.0000D+00   0.0000D+00   0.0000D+00   0.0000D+00   0.0000D+00
  -0.4201D-03   0.1727D-04  -0.2085D-03   0.1108D-04   0.4250D-05  -0.5291D-05  -0.8140D-04   0.4082D-05  -0.4201D-03   0.1727D-04  -0.2085D-03   0.1108D-04
   0.3543D-02  -0.1776D-03   0.4716D-03  -0.4586D-04   0.1736D-02  -0.2382D-03   0.4465D-03   0.0000D+00   0.1067D-03   0.8659D-05  -0.1472D-04   0.2834D-04   0.3543D-02  -0.1776D-03   0.4716D-03  -0.4586D-04   0.1736D-02  -0.2382D-03
  -0.1972D-04  -0.4348D-04  -0.1389D-04  -0.2772D-04  -0.1972D-04  -0.4348D-04  -0.1389D-04  -0.2772D-04
  1.000  2.000
  -0.3229D-03   0.0000D+00  -0.1602D-03   0.0000D+00   0.0000D+00   0.0000D+00  -0.6437D-04   0.0000D+00  -0.3229D-03   0.0000D+00  -0.1602D-03   0.0000D+00
   0.3566D-02   0.0000D+00   0.4771D-03   0.0000D+00   0.1893D-02   0.0000D+00   0.4152D-03   0.0000D+00   0.9226D-04   0.0000D+00   0.0000D+00   0.0000D+00   0.3566D-02   0.0000D+00   0.4771D-03   0.0000D+00   0.1893D-02   0.0000D+00
   0.0000D+00   0.0000D+00   0.0000D+00   0.0000D+00   0.0000D+00   0.0000D+00   0.0000D+00   0.0000D+00
  -0.4085D-03   0.1508D-04  -0.2028D-03   0.9676D-05   0.3712D-05  -0.4620D-05  -0.7939D-04   0.3564D-05  -0.4085D-03   0.1508D-04  -0.2028D-03   0.9676D-05
   0.3545D-02  -0.1660D-03   0.4719D-03  -0.4286D-04   0.1746D-02  -0.2226D-03   0.4444D-03   0.0000D+00   0.1057D-03   0.8092D-05  -0.1375D-04   0.2648D-04   0.3545D-02  -0.1660D-03   0.4719D-03  -0.4286D-04   0.1746D-02  -0.2226D-03
  -0.1842D-04  -0.4063D-04  -0.1298D-04  -0.2591D-04  -0.1842D-04  -0.4063D-04  -0.1298D-04  -0.2591D-04
  2.000  0.500
  -0.3053D-03   0.0000D+00  -0.1510D-03   0.0000D+00   0.0000D+00   0.0000D+00  -0.6067D-04   0.0000D+00  -0.3053D-03   0.0000D+00  -0.1510D-03   0.0000D+00
   0.2924D-02   0.0000D+00   0.3907D-03   0.0000D+00   0.1555D-02   0.0000D+00   0.3398D-03   0.0000D+00   0.7551D-04   0.0000D+00   0.0000D+00   0.0000D+00   0.2924D-02   0.0000D+00   0.3907D-03   0.0000D+00   0.1555D-02   0.0000D+00
   0.0000D+00   0.0000D+00   0.0000D+00   0.0000D+00   0.0000D+00   0.0000D+00   0.0000D+00   0.0000D+00
  -0.4190D-03   0.1636D-04  -0.2077D-03   0.1051D-04   0.3999D-05  -0.5007D-05  -0.8121D-04   0.3868D-05  -0.4190D-03   0.1636D-04  -0.2077D-03   0.1051D-04
   0.3533D-02  -0.1570D-03   0.4703D-03  -0.4050D-04   0.1749D-02  -0.2101D-03   0.4410D-03   0.0000D+00   0.1046D-03   0.7623D-05  -0.1300D-04   0.2495D-04   0.3533D-02  -0.1570D-03   0.4703D-03  -0.4050D-04   0.1749D-02  -0.2101D-03
  -0.1743D-04  -0.3843D-04  -0.1224D-04  -0.2438D-04  -0.1743D-04  -0.3843D-04  -0.1224D-04  -0.2438D-04
  2.000  1.000
  -0.2838D-03   0.0000D+00  -0.1404D-03   0.0000D+00   0.0000D+00   0.0000D+00  -0.5641D-04   0.0000D+00  -0.2838D-03   0.0000D+00  -0.1404D-03   0.0000D+00
   0.2924D-02   0.0000D+00   0.3907D-03   0.0000D+00   0.1555D-02   0.0000D+00   0.3398D-03   0.0000D+00   0.7551D-04   0.0000D+00   0.0000D+00   0.0000D+00   0.2924D-02   0.0000D+00   0.3907D-03   0.0000D+00   0.1555D-02   0.0000D+00
   0.0000D+00   0.0000D+00   0.0000D+00   0.0000D+00   0.0000D+00   0.0000D+00   0.0000D+00   0.0000D+00
  -0.4015D-03   0.1414D-04  -0.1989D-03   0.9086D-05   0.3457D-05  -0.4327D-05  -0.7800D-04   0.3344D-05  -0.4015D-03   0.1414D-04  -0.1989D-03   0.9086D-05
   0.3491D-02  -0.1459D-03   0.4647D-03  -0.3765D-04   0.1735D-02  -0.1953D-03   0.4339D-03   0.0000D+00   0.1025D-03   0.7087D-05  -0.1208D-04   0.2320D-04   0.3491D-02  -0.1459D-03   0.4647D-03  -0.3765D-04   0.1735D-02  -0.1953D-03
  -0.1620D-04  -0.3573D-04  -0.1138D-04  -0.2267D-04  -0.1620D-04  -0.3573D-04  -0.1138D-04  -0.2267D-04
  2.000  2.000
  -0.2652D-03   0.0000D+00  -0.1312D-03   0.0000D+00   0.0000D+00   0.0000D+00  -0.5271D-04   0.0000D+00  -0.2652D-03   0.0000D+00  -0.1312D-03   0.0000D+00
   0.2924D-02   0.0000D+00   0.3907D-03   0.0000D+00   0.1555D-02   0.0000D+00   0.3398D-03   0.0000D+00   0.7551D-04   0.0000D+00   0.0000D+00   0.0000D+00   0.2924D-02   0.0000D+00   0.3907D-03   0.0000D+00   0.1555D-02   0.0000D+00
   0.0000D+00   0.0000D+00   0.0000D+00   0.0000D+00   0.0000D+00   0.0000D+00   0.0000D+00   0.0000D+00
  -0.3848D-03   0.1235D-04  -0.1907D-03   0.7934D-05   0.3019D-05  -0.3779D-05  -0.7492D-04   0.2920D-05  -0.3848D-03   0.1235D-04  -0.1907D-03   0.7934D-05
   0.3454D-02  -0.1364D-03   0.4598D-03  -0.3518D-04   0.1724D-02  -0.1825D-03   0.4277D-03   0.0000D+00   0.1008D-03   0.6623D-05  -0.1129D-04   0.2168D-04   0.3454D-02  -0.1364D-03   0.4598D-03  -0.3518D-04   0.1724D-02  -0.1825D-03
  -0.1514D-04  -0.3339D-04  -0.1063D-04  -0.2118D-04  -0.1514D-04  -0.3339D-04  -0.1063D-04  -0.2118D-04
