 LHC=           1 sqrts=   8000.0000000000000      ang=           4 mode=fital                                                                                               scalescheme=           1 R=  0.69999999999999996     
 MSTW2008nlo68cl_rand1235                                                                                      31
 Bin information: chid, chiu, md, mu, mu0
   0.0000000000000000       0.50000000000000000        2250.0000000000000        2500.0000000000000        2375.0000000000000     
 9 scales(muf, mur)*(LO(38), NLO(38))
  0.500  0.500
  -0.4291D-03   0.0000D+00  -0.2079D-03   0.0000D+00   0.0000D+00   0.0000D+00  -0.8164D-04   0.0000D+00  -0.4291D-03   0.0000D+00  -0.2079D-03   0.0000D+00
   0.4040D-02   0.0000D+00   0.5343D-03   0.0000D+00   0.2183D-02   0.0000D+00   0.4486D-03   0.0000D+00   0.9968D-04   0.0000D+00   0.0000D+00   0.0000D+00   0.4040D-02   0.0000D+00   0.5343D-03   0.0000D+00   0.2183D-02   0.0000D+00
   0.0000D+00   0.0000D+00   0.0000D+00   0.0000D+00   0.0000D+00   0.0000D+00   0.0000D+00   0.0000D+00
  -0.4076D-03   0.2250D-04  -0.1965D-03   0.1455D-04   0.5290D-05  -0.6744D-05  -0.7373D-04   0.5422D-05  -0.4076D-03   0.2250D-04  -0.1965D-03   0.1455D-04
   0.3146D-02  -0.2203D-03   0.4111D-03  -0.5637D-04   0.1534D-02  -0.2894D-03   0.3880D-03   0.0000D+00   0.9488D-04   0.1006D-04  -0.1866D-04   0.3293D-04   0.3146D-02  -0.2203D-03   0.4111D-03  -0.5637D-04   0.1534D-02  -0.2894D-03
  -0.2447D-04  -0.5375D-04  -0.1665D-04  -0.3306D-04  -0.2447D-04  -0.5375D-04  -0.1665D-04  -0.3306D-04
  0.500  1.000
  -0.3990D-03   0.0000D+00  -0.1933D-03   0.0000D+00   0.0000D+00   0.0000D+00  -0.7590D-04   0.0000D+00  -0.3990D-03   0.0000D+00  -0.1933D-03   0.0000D+00
   0.4040D-02   0.0000D+00   0.5343D-03   0.0000D+00   0.2183D-02   0.0000D+00   0.4486D-03   0.0000D+00   0.9968D-04   0.0000D+00   0.0000D+00   0.0000D+00   0.4040D-02   0.0000D+00   0.5343D-03   0.0000D+00   0.2183D-02   0.0000D+00
   0.0000D+00   0.0000D+00   0.0000D+00   0.0000D+00   0.0000D+00   0.0000D+00   0.0000D+00   0.0000D+00
  -0.4075D-03   0.1945D-04  -0.1966D-03   0.1258D-04   0.4573D-05  -0.5829D-05  -0.7424D-04   0.4687D-05  -0.4075D-03   0.1945D-04  -0.1966D-03   0.1258D-04
   0.3209D-02  -0.2048D-03   0.4198D-03  -0.5241D-04   0.1579D-02  -0.2691D-03   0.3923D-03   0.0000D+00   0.9522D-04   0.9354D-05  -0.1735D-04   0.3061D-04   0.3209D-02  -0.2048D-03   0.4198D-03  -0.5241D-04   0.1579D-02  -0.2691D-03
  -0.2275D-04  -0.4997D-04  -0.1548D-04  -0.3073D-04  -0.2275D-04  -0.4997D-04  -0.1548D-04  -0.3073D-04
  0.500  2.000
  -0.3728D-03   0.0000D+00  -0.1806D-03   0.0000D+00   0.0000D+00   0.0000D+00  -0.7093D-04   0.0000D+00  -0.3728D-03   0.0000D+00  -0.1806D-03   0.0000D+00
   0.4040D-02   0.0000D+00   0.5343D-03   0.0000D+00   0.2183D-02   0.0000D+00   0.4486D-03   0.0000D+00   0.9968D-04   0.0000D+00   0.0000D+00   0.0000D+00   0.4040D-02   0.0000D+00   0.5343D-03   0.0000D+00   0.2183D-02   0.0000D+00
   0.0000D+00   0.0000D+00   0.0000D+00   0.0000D+00   0.0000D+00   0.0000D+00   0.0000D+00   0.0000D+00
  -0.4040D-03   0.1698D-04  -0.1950D-03   0.1098D-04   0.3993D-05  -0.5090D-05  -0.7399D-04   0.4092D-05  -0.4040D-03   0.1698D-04  -0.1950D-03   0.1098D-04
   0.3263D-02  -0.1914D-03   0.4273D-03  -0.4898D-04   0.1619D-02  -0.2514D-03   0.3960D-03   0.0000D+00   0.9551D-04   0.8741D-05  -0.1622D-04   0.2861D-04   0.3263D-02  -0.1914D-03   0.4273D-03  -0.4898D-04   0.1619D-02  -0.2514D-03
  -0.2126D-04  -0.4669D-04  -0.1447D-04  -0.2872D-04  -0.2126D-04  -0.4669D-04  -0.1447D-04  -0.2872D-04
  1.000  0.500
  -0.3477D-03   0.0000D+00  -0.1679D-03   0.0000D+00   0.0000D+00   0.0000D+00  -0.6596D-04   0.0000D+00  -0.3477D-03   0.0000D+00  -0.1679D-03   0.0000D+00
   0.3268D-02   0.0000D+00   0.4315D-03   0.0000D+00   0.1768D-02   0.0000D+00   0.3623D-03   0.0000D+00   0.8050D-04   0.0000D+00   0.0000D+00   0.0000D+00   0.3268D-02   0.0000D+00   0.4315D-03   0.0000D+00   0.1768D-02   0.0000D+00
   0.0000D+00   0.0000D+00   0.0000D+00   0.0000D+00   0.0000D+00   0.0000D+00   0.0000D+00   0.0000D+00
  -0.4031D-03   0.1817D-04  -0.1945D-03   0.1178D-04   0.4226D-05  -0.5449D-05  -0.7371D-04   0.4375D-05  -0.4031D-03   0.1817D-04  -0.1945D-03   0.1178D-04
   0.3238D-02  -0.1785D-03   0.4243D-03  -0.4565D-04   0.1615D-02  -0.2341D-03   0.3908D-03   0.0000D+00   0.9377D-04   0.8127D-05  -0.1487D-04   0.2660D-04   0.3238D-02  -0.1785D-03   0.4243D-03  -0.4565D-04   0.1615D-02  -0.2341D-03
  -0.1984D-04  -0.4348D-04  -0.1345D-04  -0.2672D-04  -0.1984D-04  -0.4348D-04  -0.1345D-04  -0.2672D-04
  1.000  1.000
  -0.3233D-03   0.0000D+00  -0.1561D-03   0.0000D+00   0.0000D+00   0.0000D+00  -0.6133D-04   0.0000D+00  -0.3233D-03   0.0000D+00  -0.1561D-03   0.0000D+00
   0.3268D-02   0.0000D+00   0.4315D-03   0.0000D+00   0.1768D-02   0.0000D+00   0.3623D-03   0.0000D+00   0.8050D-04   0.0000D+00   0.0000D+00   0.0000D+00   0.3268D-02   0.0000D+00   0.4315D-03   0.0000D+00   0.1768D-02   0.0000D+00
   0.0000D+00   0.0000D+00   0.0000D+00   0.0000D+00   0.0000D+00   0.0000D+00   0.0000D+00   0.0000D+00
  -0.3931D-03   0.1570D-04  -0.1897D-03   0.1018D-04   0.3653D-05  -0.4710D-05  -0.7220D-04   0.3781D-05  -0.3931D-03   0.1570D-04  -0.1897D-03   0.1018D-04
   0.3240D-02  -0.1659D-03   0.4248D-03  -0.4244D-04   0.1626D-02  -0.2177D-03   0.3888D-03   0.0000D+00   0.9285D-04   0.7556D-05  -0.1383D-04   0.2473D-04   0.3240D-02  -0.1659D-03   0.4248D-03  -0.4244D-04   0.1626D-02  -0.2177D-03
  -0.1844D-04  -0.4043D-04  -0.1250D-04  -0.2484D-04  -0.1844D-04  -0.4043D-04  -0.1250D-04  -0.2484D-04
  1.000  2.000
  -0.3021D-03   0.0000D+00  -0.1459D-03   0.0000D+00   0.0000D+00   0.0000D+00  -0.5731D-04   0.0000D+00  -0.3021D-03   0.0000D+00  -0.1459D-03   0.0000D+00
   0.3268D-02   0.0000D+00   0.4315D-03   0.0000D+00   0.1768D-02   0.0000D+00   0.3623D-03   0.0000D+00   0.8050D-04   0.0000D+00   0.0000D+00   0.0000D+00   0.3268D-02   0.0000D+00   0.4315D-03   0.0000D+00   0.1768D-02   0.0000D+00
   0.0000D+00   0.0000D+00   0.0000D+00   0.0000D+00   0.0000D+00   0.0000D+00   0.0000D+00   0.0000D+00
  -0.3823D-03   0.1371D-04  -0.1845D-03   0.8890D-05   0.3190D-05  -0.4113D-05  -0.7045D-04   0.3302D-05  -0.3823D-03   0.1371D-04  -0.1845D-03   0.8890D-05
   0.3242D-02  -0.1551D-03   0.4253D-03  -0.3966D-04   0.1635D-02  -0.2034D-03   0.3871D-03   0.0000D+00   0.9204D-04   0.7061D-05  -0.1292D-04   0.2311D-04   0.3242D-02  -0.1551D-03   0.4253D-03  -0.3966D-04   0.1635D-02  -0.2034D-03
  -0.1723D-04  -0.3778D-04  -0.1168D-04  -0.2321D-04  -0.1723D-04  -0.3778D-04  -0.1168D-04  -0.2321D-04
  2.000  0.500
  -0.2857D-03   0.0000D+00  -0.1375D-03   0.0000D+00   0.0000D+00   0.0000D+00  -0.5405D-04   0.0000D+00  -0.2857D-03   0.0000D+00  -0.1375D-03   0.0000D+00
   0.2681D-02   0.0000D+00   0.3534D-03   0.0000D+00   0.1454D-02   0.0000D+00   0.2968D-03   0.0000D+00   0.6595D-04   0.0000D+00   0.0000D+00   0.0000D+00   0.2681D-02   0.0000D+00   0.3534D-03   0.0000D+00   0.1454D-02   0.0000D+00
   0.0000D+00   0.0000D+00   0.0000D+00   0.0000D+00   0.0000D+00   0.0000D+00   0.0000D+00   0.0000D+00
  -0.3922D-03   0.1487D-04  -0.1890D-03   0.9662D-05   0.3437D-05  -0.4460D-05  -0.7206D-04   0.3583D-05  -0.3922D-03   0.1487D-04  -0.1890D-03   0.9662D-05
   0.3232D-02  -0.1467D-03   0.4239D-03  -0.3749D-04   0.1638D-02  -0.1920D-03   0.3842D-03   0.0000D+00   0.9106D-04   0.6657D-05  -0.1222D-04   0.2179D-04   0.3232D-02  -0.1467D-03   0.4239D-03  -0.3749D-04   0.1638D-02  -0.1920D-03
  -0.1631D-04  -0.3575D-04  -0.1101D-04  -0.2186D-04  -0.1631D-04  -0.3575D-04  -0.1101D-04  -0.2186D-04
  2.000  1.000
  -0.2656D-03   0.0000D+00  -0.1278D-03   0.0000D+00   0.0000D+00   0.0000D+00  -0.5025D-04   0.0000D+00  -0.2656D-03   0.0000D+00  -0.1278D-03   0.0000D+00
   0.2681D-02   0.0000D+00   0.3534D-03   0.0000D+00   0.1454D-02   0.0000D+00   0.2968D-03   0.0000D+00   0.6595D-04   0.0000D+00   0.0000D+00   0.0000D+00   0.2681D-02   0.0000D+00   0.3534D-03   0.0000D+00   0.1454D-02   0.0000D+00
   0.0000D+00   0.0000D+00   0.0000D+00   0.0000D+00   0.0000D+00   0.0000D+00   0.0000D+00   0.0000D+00
  -0.3758D-03   0.1286D-04  -0.1810D-03   0.8351D-05   0.2972D-05  -0.3855D-05  -0.6924D-04   0.3097D-05  -0.3758D-03   0.1286D-04  -0.1810D-03   0.8351D-05
   0.3194D-02  -0.1364D-03   0.4190D-03  -0.3486D-04   0.1625D-02  -0.1785D-03   0.3780D-03   0.0000D+00   0.8930D-04   0.6189D-05  -0.1136D-04   0.2026D-04   0.3194D-02  -0.1364D-03   0.4190D-03  -0.3486D-04   0.1625D-02  -0.1785D-03
  -0.1516D-04  -0.3324D-04  -0.1024D-04  -0.2032D-04  -0.1516D-04  -0.3324D-04  -0.1024D-04  -0.2032D-04
  2.000  2.000
  -0.2482D-03   0.0000D+00  -0.1194D-03   0.0000D+00   0.0000D+00   0.0000D+00  -0.4696D-04   0.0000D+00  -0.2482D-03   0.0000D+00  -0.1194D-03   0.0000D+00
   0.2681D-02   0.0000D+00   0.3534D-03   0.0000D+00   0.1454D-02   0.0000D+00   0.2968D-03   0.0000D+00   0.6595D-04   0.0000D+00   0.0000D+00   0.0000D+00   0.2681D-02   0.0000D+00   0.3534D-03   0.0000D+00   0.1454D-02   0.0000D+00
   0.0000D+00   0.0000D+00   0.0000D+00   0.0000D+00   0.0000D+00   0.0000D+00   0.0000D+00   0.0000D+00
  -0.3602D-03   0.1123D-04  -0.1735D-03   0.7292D-05   0.2595D-05  -0.3366D-05  -0.6653D-04   0.2704D-05  -0.3602D-03   0.1123D-04  -0.1735D-03   0.7292D-05
   0.3160D-02  -0.1275D-03   0.4147D-03  -0.3257D-04   0.1614D-02  -0.1668D-03   0.3727D-03   0.0000D+00   0.8777D-04   0.5784D-05  -0.1062D-04   0.1893D-04   0.3160D-02  -0.1275D-03   0.4147D-03  -0.3257D-04   0.1614D-02  -0.1668D-03
  -0.1417D-04  -0.3106D-04  -0.9568D-05  -0.1899D-04  -0.1417D-04  -0.3106D-04  -0.9568D-05  -0.1899D-04
