 LHC=           1 sqrts=   8000.0000000000000      ang=           4 mode=fital                                                                                               scalescheme=           1 R=  0.69999999999999996     
 MSTW2008nlo68cl_rand1235                                                                                       8
 Bin information: chid, chiu, md, mu, mu0
   0.0000000000000000       0.50000000000000000        220.00000000000000        245.00000000000000        232.50000000000000     
 9 scales(muf, mur)*(LO(38), NLO(38))
  0.500  0.500
  -0.3564D+01   0.0000D+00  -0.4634D+01   0.0000D+00   0.0000D+00   0.0000D+00  -0.4648D+01   0.0000D+00  -0.3564D+01   0.0000D+00  -0.4634D+01   0.0000D+00
   0.6129D+00   0.0000D+00   0.1108D+00   0.0000D+00   0.1504D+00   0.0000D+00   0.2456D+00   0.0000D+00   0.5457D-01   0.0000D+00   0.0000D+00   0.0000D+00   0.6129D+00   0.0000D+00   0.1108D+00   0.0000D+00   0.1504D+00   0.0000D+00
   0.0000D+00   0.0000D+00   0.0000D+00   0.0000D+00   0.0000D+00   0.0000D+00   0.0000D+00   0.0000D+00
  -0.2498D+01   0.7443D+00  -0.3881D+01   0.4472D+00   0.3792D+00  -0.5146D+00  -0.4269D+01  -0.2877D-01  -0.2498D+01   0.7443D+00  -0.3881D+01   0.4472D+00
   0.6950D+00  -0.2029D-01   0.1270D+00  -0.8180D-02   0.1112D+00  -0.6307D-01   0.2755D+00   0.0000D+00   0.6958D-01   0.7370D-02   0.1735D-06   0.2412D-01   0.6950D+00  -0.2029D-01   0.1270D+00  -0.8180D-02   0.1112D+00  -0.6307D-01
  -0.1254D-02  -0.7259D-02  -0.4623D-02  -0.1311D-01  -0.1254D-02  -0.7259D-02  -0.4623D-02  -0.1311D-01
  0.500  1.000
  -0.3233D+01   0.0000D+00  -0.4203D+01   0.0000D+00   0.0000D+00   0.0000D+00  -0.4216D+01   0.0000D+00  -0.3233D+01   0.0000D+00  -0.4203D+01   0.0000D+00
   0.6129D+00   0.0000D+00   0.1108D+00   0.0000D+00   0.1504D+00   0.0000D+00   0.2456D+00   0.0000D+00   0.5457D-01   0.0000D+00   0.0000D+00   0.0000D+00   0.6129D+00   0.0000D+00   0.1108D+00   0.0000D+00   0.1504D+00   0.0000D+00
   0.0000D+00   0.0000D+00   0.0000D+00   0.0000D+00   0.0000D+00   0.0000D+00   0.0000D+00   0.0000D+00
  -0.2645D+01   0.6124D+00  -0.3960D+01   0.3679D+00   0.3119D+00  -0.4233D+00  -0.4281D+01  -0.2367D-01  -0.2645D+01   0.6124D+00  -0.3960D+01   0.3679D+00
   0.6881D+00  -0.1841D-01   0.1256D+00  -0.7420D-02   0.1151D+00  -0.5721D-01   0.2729D+00   0.0000D+00   0.6824D-01   0.6685D-02   0.8547D-05   0.2188D-01   0.6881D+00  -0.1841D-01   0.1256D+00  -0.7420D-02   0.1151D+00  -0.5721D-01
  -0.1138D-02  -0.6585D-02  -0.4193D-02  -0.1190D-01  -0.1138D-02  -0.6585D-02  -0.4193D-02  -0.1190D-01
  0.500  2.000
  -0.2959D+01   0.0000D+00  -0.3847D+01   0.0000D+00   0.0000D+00   0.0000D+00  -0.3859D+01   0.0000D+00  -0.2959D+01   0.0000D+00  -0.3847D+01   0.0000D+00
   0.6129D+00   0.0000D+00   0.1108D+00   0.0000D+00   0.1504D+00   0.0000D+00   0.2456D+00   0.0000D+00   0.5457D-01   0.0000D+00   0.0000D+00   0.0000D+00   0.6129D+00   0.0000D+00   0.1108D+00   0.0000D+00   0.1504D+00   0.0000D+00
   0.0000D+00   0.0000D+00   0.0000D+00   0.0000D+00   0.0000D+00   0.0000D+00   0.0000D+00   0.0000D+00
  -0.2709D+01   0.5130D+00  -0.3958D+01   0.3082D+00   0.2612D+00  -0.3547D+00  -0.4230D+01  -0.1983D-01  -0.2709D+01   0.5130D+00  -0.3958D+01   0.3082D+00
   0.6823D+00  -0.1685D-01   0.1245D+00  -0.6792D-02   0.1182D+00  -0.5236D-01   0.2708D+00   0.0000D+00   0.6713D-01   0.6119D-02   0.1414D-04   0.2003D-01   0.6823D+00  -0.1685D-01   0.1245D+00  -0.6792D-02   0.1182D+00  -0.5236D-01
  -0.1041D-02  -0.6027D-02  -0.3838D-02  -0.1089D-01  -0.1041D-02  -0.6027D-02  -0.3838D-02  -0.1089D-01
  1.000  0.500
  -0.3442D+01   0.0000D+00  -0.4554D+01   0.0000D+00   0.0000D+00   0.0000D+00  -0.4528D+01   0.0000D+00  -0.3442D+01   0.0000D+00  -0.4554D+01   0.0000D+00
   0.5993D+00   0.0000D+00   0.1087D+00   0.0000D+00   0.1467D+00   0.0000D+00   0.2397D+00   0.0000D+00   0.5327D-01   0.0000D+00   0.0000D+00   0.0000D+00   0.5993D+00   0.0000D+00   0.1087D+00   0.0000D+00   0.1467D+00   0.0000D+00
   0.0000D+00   0.0000D+00   0.0000D+00   0.0000D+00   0.0000D+00   0.0000D+00   0.0000D+00   0.0000D+00
  -0.2521D+01   0.7284D+00  -0.3914D+01   0.4379D+00   0.3631D+00  -0.5002D+00  -0.4259D+01  -0.2818D-01  -0.2521D+01   0.7284D+00  -0.3914D+01   0.4379D+00
   0.6779D+00  -0.1990D-01   0.1251D+00  -0.8042D-02   0.1098D+00  -0.6166D-01   0.2706D+00   0.0000D+00   0.6826D-01   0.7211D-02  -0.3024D-04   0.2360D-01   0.6779D+00  -0.1990D-01   0.1251D+00  -0.8042D-02   0.1098D+00  -0.6166D-01
  -0.1231D-02  -0.7007D-02  -0.4572D-02  -0.1280D-01  -0.1231D-02  -0.7007D-02  -0.4572D-02  -0.1280D-01
  1.000  1.000
  -0.3122D+01   0.0000D+00  -0.4130D+01   0.0000D+00   0.0000D+00   0.0000D+00  -0.4107D+01   0.0000D+00  -0.3122D+01   0.0000D+00  -0.4130D+01   0.0000D+00
   0.5993D+00   0.0000D+00   0.1087D+00   0.0000D+00   0.1467D+00   0.0000D+00   0.2397D+00   0.0000D+00   0.5327D-01   0.0000D+00   0.0000D+00   0.0000D+00   0.5993D+00   0.0000D+00   0.1087D+00   0.0000D+00   0.1467D+00   0.0000D+00
   0.0000D+00   0.0000D+00   0.0000D+00   0.0000D+00   0.0000D+00   0.0000D+00   0.0000D+00   0.0000D+00
  -0.2644D+01   0.5993D+00  -0.3974D+01   0.3603D+00   0.2986D+00  -0.4116D+00  -0.4253D+01  -0.2319D-01  -0.2644D+01   0.5993D+00  -0.3974D+01   0.3603D+00
   0.6712D+00  -0.1805D-01   0.1237D+00  -0.7295D-02   0.1134D+00  -0.5593D-01   0.2679D+00   0.0000D+00   0.6692D-01   0.6541D-02  -0.1995D-04   0.2141D-01   0.6712D+00  -0.1805D-01   0.1237D+00  -0.7295D-02   0.1134D+00  -0.5593D-01
  -0.1116D-02  -0.6356D-02  -0.4147D-02  -0.1161D-01  -0.1116D-02  -0.6356D-02  -0.4147D-02  -0.1161D-01
  1.000  2.000
  -0.2858D+01   0.0000D+00  -0.3781D+01   0.0000D+00   0.0000D+00   0.0000D+00  -0.3760D+01   0.0000D+00  -0.2858D+01   0.0000D+00  -0.3781D+01   0.0000D+00
   0.5993D+00   0.0000D+00   0.1087D+00   0.0000D+00   0.1467D+00   0.0000D+00   0.2397D+00   0.0000D+00   0.5327D-01   0.0000D+00   0.0000D+00   0.0000D+00   0.5993D+00   0.0000D+00   0.1087D+00   0.0000D+00   0.1467D+00   0.0000D+00
   0.0000D+00   0.0000D+00   0.0000D+00   0.0000D+00   0.0000D+00   0.0000D+00   0.0000D+00   0.0000D+00
  -0.2691D+01   0.5021D+00  -0.3959D+01   0.3018D+00   0.2501D+00  -0.3448D+00  -0.4189D+01  -0.1942D-01  -0.2691D+01   0.5021D+00  -0.3959D+01   0.3018D+00
   0.6657D+00  -0.1652D-01   0.1226D+00  -0.6677D-02   0.1164D+00  -0.5119D-01   0.2657D+00   0.0000D+00   0.6581D-01   0.5987D-02  -0.1324D-04   0.1959D-01   0.6657D+00  -0.1652D-01   0.1226D+00  -0.6677D-02   0.1164D+00  -0.5119D-01
  -0.1022D-02  -0.5818D-02  -0.3796D-02  -0.1063D-01  -0.1022D-02  -0.5818D-02  -0.3796D-02  -0.1063D-01
  2.000  0.500
  -0.3358D+01   0.0000D+00  -0.4437D+01   0.0000D+00   0.0000D+00   0.0000D+00  -0.4428D+01   0.0000D+00  -0.3358D+01   0.0000D+00  -0.4437D+01   0.0000D+00
   0.5831D+00   0.0000D+00   0.1059D+00   0.0000D+00   0.1420D+00   0.0000D+00   0.2339D+00   0.0000D+00   0.5198D-01   0.0000D+00   0.0000D+00   0.0000D+00   0.5831D+00   0.0000D+00   0.1059D+00   0.0000D+00   0.1420D+00   0.0000D+00
   0.0000D+00   0.0000D+00   0.0000D+00   0.0000D+00   0.0000D+00   0.0000D+00   0.0000D+00   0.0000D+00
  -0.2557D+01   0.7119D+00  -0.3952D+01   0.4276D+00   0.3738D+00  -0.4893D+00  -0.4312D+01  -0.2699D-01  -0.2557D+01   0.7119D+00  -0.3952D+01   0.4276D+00
   0.6715D+00  -0.1920D-01   0.1229D+00  -0.7795D-02   0.1103D+00  -0.5951D-01   0.2680D+00   0.0000D+00   0.6774D-01   0.7034D-02  -0.4490D-04   0.2302D-01   0.6715D+00  -0.1920D-01   0.1229D+00  -0.7795D-02   0.1103D+00  -0.5951D-01
  -0.1207D-02  -0.6893D-02  -0.4493D-02  -0.1249D-01  -0.1207D-02  -0.6893D-02  -0.4493D-02  -0.1249D-01
  2.000  1.000
  -0.3046D+01   0.0000D+00  -0.4025D+01   0.0000D+00   0.0000D+00   0.0000D+00  -0.4016D+01   0.0000D+00  -0.3046D+01   0.0000D+00  -0.4025D+01   0.0000D+00
   0.5831D+00   0.0000D+00   0.1059D+00   0.0000D+00   0.1420D+00   0.0000D+00   0.2339D+00   0.0000D+00   0.5198D-01   0.0000D+00   0.0000D+00   0.0000D+00   0.5831D+00   0.0000D+00   0.1059D+00   0.0000D+00   0.1420D+00   0.0000D+00
   0.0000D+00   0.0000D+00   0.0000D+00   0.0000D+00   0.0000D+00   0.0000D+00   0.0000D+00   0.0000D+00
  -0.2655D+01   0.5857D+00  -0.3983D+01   0.3518D+00   0.3075D+00  -0.4026D+00  -0.4278D+01  -0.2221D-01  -0.2655D+01   0.5857D+00  -0.3983D+01   0.3518D+00
   0.6604D+00  -0.1741D-01   0.1209D+00  -0.7071D-02   0.1122D+00  -0.5398D-01   0.2643D+00   0.0000D+00   0.6610D-01   0.6380D-02  -0.3967D-04   0.2088D-01   0.6604D+00  -0.1741D-01   0.1209D+00  -0.7071D-02   0.1122D+00  -0.5398D-01
  -0.1095D-02  -0.6252D-02  -0.4075D-02  -0.1133D-01  -0.1095D-02  -0.6252D-02  -0.4075D-02  -0.1133D-01
  2.000  2.000
  -0.2788D+01   0.0000D+00  -0.3684D+01   0.0000D+00   0.0000D+00   0.0000D+00  -0.3676D+01   0.0000D+00  -0.2788D+01   0.0000D+00  -0.3684D+01   0.0000D+00
   0.5831D+00   0.0000D+00   0.1059D+00   0.0000D+00   0.1420D+00   0.0000D+00   0.2339D+00   0.0000D+00   0.5198D-01   0.0000D+00   0.0000D+00   0.0000D+00   0.5831D+00   0.0000D+00   0.1059D+00   0.0000D+00   0.1420D+00   0.0000D+00
   0.0000D+00   0.0000D+00   0.0000D+00   0.0000D+00   0.0000D+00   0.0000D+00   0.0000D+00   0.0000D+00
  -0.2688D+01   0.4907D+00  -0.3949D+01   0.2947D+00   0.2575D+00  -0.3373D+00  -0.4196D+01  -0.1860D-01  -0.2688D+01   0.4907D+00  -0.3949D+01   0.2947D+00
   0.6535D+00  -0.1594D-01   0.1195D+00  -0.6472D-02   0.1146D+00  -0.4941D-01   0.2617D+00   0.0000D+00   0.6489D-01   0.5840D-02  -0.3249D-04   0.1911D-01   0.6535D+00  -0.1594D-01   0.1195D+00  -0.6472D-02   0.1146D+00  -0.4941D-01
  -0.1002D-02  -0.5723D-02  -0.3730D-02  -0.1037D-01  -0.1002D-02  -0.5723D-02  -0.3730D-02  -0.1037D-01
