 LHC=           1 sqrts=   8000.0000000000000      ang=           4 mode=fital                                                                                               scalescheme=           1 R=  0.69999999999999996     
 CT10nlo_rand5678                                                                                             231
 Bin information: chid, chiu, md, mu, mu0
   0.0000000000000000       0.50000000000000000        196.00000000000000        220.00000000000000        208.00000000000000     
 9 scales(muf, mur)*(LO(38), NLO(38))
  0.500  0.500
  -0.4314D+01   0.0000D+00  -0.5643D+01   0.0000D+00   0.0000D+00   0.0000D+00  -0.5678D+01   0.0000D+00  -0.4314D+01   0.0000D+00  -0.5643D+01   0.0000D+00
   0.5933D+00   0.0000D+00   0.1076D+00   0.0000D+00   0.1468D+00   0.0000D+00   0.2427D+00   0.0000D+00   0.5393D-01   0.0000D+00   0.0000D+00   0.0000D+00   0.5933D+00   0.0000D+00   0.1076D+00   0.0000D+00   0.1468D+00   0.0000D+00
   0.0000D+00   0.0000D+00   0.0000D+00   0.0000D+00   0.0000D+00   0.0000D+00   0.0000D+00   0.0000D+00
  -0.3072D+01   0.9035D+00  -0.4777D+01   0.5483D+00   0.4565D+00  -0.6273D+00  -0.5219D+01  -0.3952D-01  -0.3072D+01   0.9035D+00  -0.4777D+01   0.5483D+00
   0.6964D+00  -0.1978D-01   0.1276D+00  -0.8052D-02   0.1166D+00  -0.6175D-01   0.2807D+00   0.0000D+00   0.7074D-01   0.7272D-02   0.7862D-04   0.2380D-01   0.6964D+00  -0.1978D-01   0.1276D+00  -0.8052D-02   0.1166D+00  -0.6175D-01
  -0.1169D-02  -0.7084D-02  -0.4439D-02  -0.1273D-01  -0.1169D-02  -0.7084D-02  -0.4439D-02  -0.1273D-01
  0.500  1.000
  -0.3914D+01   0.0000D+00  -0.5120D+01   0.0000D+00   0.0000D+00   0.0000D+00  -0.5152D+01   0.0000D+00  -0.3914D+01   0.0000D+00  -0.5120D+01   0.0000D+00
   0.5933D+00   0.0000D+00   0.1076D+00   0.0000D+00   0.1468D+00   0.0000D+00   0.2427D+00   0.0000D+00   0.5393D-01   0.0000D+00   0.0000D+00   0.0000D+00   0.5933D+00   0.0000D+00   0.1076D+00   0.0000D+00   0.1468D+00   0.0000D+00
   0.0000D+00   0.0000D+00   0.0000D+00   0.0000D+00   0.0000D+00   0.0000D+00   0.0000D+00   0.0000D+00
  -0.3241D+01   0.7437D+00  -0.4865D+01   0.4513D+00   0.3756D+00  -0.5163D+00  -0.5235D+01  -0.3253D-01  -0.3241D+01   0.7437D+00  -0.4865D+01   0.4513D+00
   0.6877D+00  -0.1795D-01   0.1259D+00  -0.7306D-02   0.1196D+00  -0.5603D-01   0.2774D+00   0.0000D+00   0.6925D-01   0.6598D-02   0.8141D-04   0.2159D-01   0.6877D+00  -0.1795D-01   0.1259D+00  -0.7306D-02   0.1196D+00  -0.5603D-01
  -0.1060D-02  -0.6427D-02  -0.4027D-02  -0.1155D-01  -0.1060D-02  -0.6427D-02  -0.4027D-02  -0.1155D-01
  0.500  2.000
  -0.3583D+01   0.0000D+00  -0.4686D+01   0.0000D+00   0.0000D+00   0.0000D+00  -0.4716D+01   0.0000D+00  -0.3583D+01   0.0000D+00  -0.4686D+01   0.0000D+00
   0.5933D+00   0.0000D+00   0.1076D+00   0.0000D+00   0.1468D+00   0.0000D+00   0.2427D+00   0.0000D+00   0.5393D-01   0.0000D+00   0.0000D+00   0.0000D+00   0.5933D+00   0.0000D+00   0.1076D+00   0.0000D+00   0.1468D+00   0.0000D+00
   0.0000D+00   0.0000D+00   0.0000D+00   0.0000D+00   0.0000D+00   0.0000D+00   0.0000D+00   0.0000D+00
  -0.3312D+01   0.6232D+00  -0.4856D+01   0.3782D+00   0.3147D+00  -0.4326D+00  -0.5171D+01  -0.2726D-01  -0.3312D+01   0.6232D+00  -0.4856D+01   0.3782D+00
   0.6804D+00  -0.1643D-01   0.1244D+00  -0.6688D-02   0.1221D+00  -0.5129D-01   0.2747D+00   0.0000D+00   0.6801D-01   0.6040D-02   0.8237D-04   0.1977D-01   0.6804D+00  -0.1643D-01   0.1244D+00  -0.6688D-02   0.1221D+00  -0.5129D-01
  -0.9707D-03  -0.5884D-02  -0.3687D-02  -0.1057D-01  -0.9707D-03  -0.5884D-02  -0.3687D-02  -0.1057D-01
  1.000  0.500
  -0.4185D+01   0.0000D+00  -0.5581D+01   0.0000D+00   0.0000D+00   0.0000D+00  -0.5570D+01   0.0000D+00  -0.4185D+01   0.0000D+00  -0.5581D+01   0.0000D+00
   0.5851D+00   0.0000D+00   0.1060D+00   0.0000D+00   0.1426D+00   0.0000D+00   0.2379D+00   0.0000D+00   0.5287D-01   0.0000D+00   0.0000D+00   0.0000D+00   0.5851D+00   0.0000D+00   0.1060D+00   0.0000D+00   0.1426D+00   0.0000D+00
   0.0000D+00   0.0000D+00   0.0000D+00   0.0000D+00   0.0000D+00   0.0000D+00   0.0000D+00   0.0000D+00
  -0.3046D+01   0.8906D+00  -0.4804D+01   0.5405D+00   0.4493D+00  -0.6169D+00  -0.5207D+01  -0.3830D-01  -0.3046D+01   0.8906D+00  -0.4804D+01   0.5405D+00
   0.6846D+00  -0.1925D-01   0.1257D+00  -0.7879D-02   0.1131D+00  -0.6067D-01   0.2735D+00   0.0000D+00   0.6922D-01   0.7134D-02   0.3057D-03   0.2335D-01   0.6846D+00  -0.1925D-01   0.1257D+00  -0.7879D-02   0.1131D+00  -0.6067D-01
  -0.1151D-02  -0.7022D-02  -0.4404D-02  -0.1252D-01  -0.1151D-02  -0.7022D-02  -0.4404D-02  -0.1252D-01
  1.000  1.000
  -0.3797D+01   0.0000D+00  -0.5063D+01   0.0000D+00   0.0000D+00   0.0000D+00  -0.5053D+01   0.0000D+00  -0.3797D+01   0.0000D+00  -0.5063D+01   0.0000D+00
   0.5851D+00   0.0000D+00   0.1060D+00   0.0000D+00   0.1426D+00   0.0000D+00   0.2379D+00   0.0000D+00   0.5287D-01   0.0000D+00   0.0000D+00   0.0000D+00   0.5851D+00   0.0000D+00   0.1060D+00   0.0000D+00   0.1426D+00   0.0000D+00
   0.0000D+00   0.0000D+00   0.0000D+00   0.0000D+00   0.0000D+00   0.0000D+00   0.0000D+00   0.0000D+00
  -0.3199D+01   0.7331D+00  -0.4876D+01   0.4449D+00   0.3697D+00  -0.5078D+00  -0.5207D+01  -0.3153D-01  -0.3199D+01   0.7331D+00  -0.4876D+01   0.4449D+00
   0.6762D+00  -0.1747D-01   0.1240D+00  -0.7148D-02   0.1160D+00  -0.5505D-01   0.2705D+00   0.0000D+00   0.6777D-01   0.6473D-02   0.2868D-03   0.2118D-01   0.6762D+00  -0.1747D-01   0.1240D+00  -0.7148D-02   0.1160D+00  -0.5505D-01
  -0.1044D-02  -0.6371D-02  -0.3996D-02  -0.1136D-01  -0.1044D-02  -0.6371D-02  -0.3996D-02  -0.1136D-01
  1.000  2.000
  -0.3476D+01   0.0000D+00  -0.4635D+01   0.0000D+00   0.0000D+00   0.0000D+00  -0.4626D+01   0.0000D+00  -0.3476D+01   0.0000D+00  -0.4635D+01   0.0000D+00
   0.5851D+00   0.0000D+00   0.1060D+00   0.0000D+00   0.1426D+00   0.0000D+00   0.2379D+00   0.0000D+00   0.5287D-01   0.0000D+00   0.0000D+00   0.0000D+00   0.5851D+00   0.0000D+00   0.1060D+00   0.0000D+00   0.1426D+00   0.0000D+00
   0.0000D+00   0.0000D+00   0.0000D+00   0.0000D+00   0.0000D+00   0.0000D+00   0.0000D+00   0.0000D+00
  -0.3259D+01   0.6143D+00  -0.4857D+01   0.3728D+00   0.3097D+00  -0.4255D+00  -0.5132D+01  -0.2642D-01  -0.3259D+01   0.6143D+00  -0.4857D+01   0.3728D+00
   0.6691D+00  -0.1599D-01   0.1226D+00  -0.6544D-02   0.1184D+00  -0.5039D-01   0.2679D+00   0.0000D+00   0.6656D-01   0.5925D-02   0.2698D-03   0.1939D-01   0.6691D+00  -0.1599D-01   0.1226D+00  -0.6544D-02   0.1184D+00  -0.5039D-01
  -0.9558D-03  -0.5832D-02  -0.3658D-02  -0.1040D-01  -0.9558D-03  -0.5832D-02  -0.3658D-02  -0.1040D-01
  2.000  0.500
  -0.4084D+01   0.0000D+00  -0.5481D+01   0.0000D+00   0.0000D+00   0.0000D+00  -0.5480D+01   0.0000D+00  -0.4084D+01   0.0000D+00  -0.5481D+01   0.0000D+00
   0.5731D+00   0.0000D+00   0.1038D+00   0.0000D+00   0.1392D+00   0.0000D+00   0.2326D+00   0.0000D+00   0.5168D-01   0.0000D+00   0.0000D+00   0.0000D+00   0.5731D+00   0.0000D+00   0.1038D+00   0.0000D+00   0.1392D+00   0.0000D+00
   0.0000D+00   0.0000D+00   0.0000D+00   0.0000D+00   0.0000D+00   0.0000D+00   0.0000D+00   0.0000D+00
  -0.3130D+01   0.8781D+00  -0.4850D+01   0.5291D+00   0.4422D+00  -0.6056D+00  -0.5327D+01  -0.3757D-01  -0.3130D+01   0.8781D+00  -0.4850D+01   0.5291D+00
   0.6783D+00  -0.1880D-01   0.1244D+00  -0.7691D-02   0.1131D+00  -0.5912D-01   0.2726D+00   0.0000D+00   0.6854D-01   0.6982D-02   0.2479D-03   0.2285D-01   0.6783D+00  -0.1880D-01   0.1244D+00  -0.7691D-02   0.1131D+00  -0.5912D-01
  -0.1124D-02  -0.6637D-02  -0.4339D-02  -0.1228D-01  -0.1124D-02  -0.6637D-02  -0.4339D-02  -0.1228D-01
  2.000  1.000
  -0.3705D+01   0.0000D+00  -0.4972D+01   0.0000D+00   0.0000D+00   0.0000D+00  -0.4972D+01   0.0000D+00  -0.3705D+01   0.0000D+00  -0.4972D+01   0.0000D+00
   0.5731D+00   0.0000D+00   0.1038D+00   0.0000D+00   0.1392D+00   0.0000D+00   0.2326D+00   0.0000D+00   0.5168D-01   0.0000D+00   0.0000D+00   0.0000D+00   0.5731D+00   0.0000D+00   0.1038D+00   0.0000D+00   0.1392D+00   0.0000D+00
   0.0000D+00   0.0000D+00   0.0000D+00   0.0000D+00   0.0000D+00   0.0000D+00   0.0000D+00   0.0000D+00
  -0.3244D+01   0.7227D+00  -0.4891D+01   0.4355D+00   0.3638D+00  -0.4984D+00  -0.5285D+01  -0.3092D-01  -0.3244D+01   0.7227D+00  -0.4891D+01   0.4355D+00
   0.6630D+00  -0.1706D-01   0.1216D+00  -0.6978D-02   0.1138D+00  -0.5363D-01   0.2678D+00   0.0000D+00   0.6665D-01   0.6335D-02   0.2146D-03   0.2073D-01   0.6630D+00  -0.1706D-01   0.1216D+00  -0.6978D-02   0.1138D+00  -0.5363D-01
  -0.1019D-02  -0.6021D-02  -0.3937D-02  -0.1114D-01  -0.1019D-02  -0.6021D-02  -0.3937D-02  -0.1114D-01
  2.000  2.000
  -0.3392D+01   0.0000D+00  -0.4551D+01   0.0000D+00   0.0000D+00   0.0000D+00  -0.4551D+01   0.0000D+00  -0.3392D+01   0.0000D+00  -0.4551D+01   0.0000D+00
   0.5731D+00   0.0000D+00   0.1038D+00   0.0000D+00   0.1392D+00   0.0000D+00   0.2326D+00   0.0000D+00   0.5168D-01   0.0000D+00   0.0000D+00   0.0000D+00   0.5731D+00   0.0000D+00   0.1038D+00   0.0000D+00   0.1392D+00   0.0000D+00
   0.0000D+00   0.0000D+00   0.0000D+00   0.0000D+00   0.0000D+00   0.0000D+00   0.0000D+00   0.0000D+00
  -0.3283D+01   0.6056D+00  -0.4856D+01   0.3649D+00   0.3048D+00  -0.4176D+00  -0.5186D+01  -0.2591D-01  -0.3283D+01   0.6056D+00  -0.4856D+01   0.3649D+00
   0.6561D+00  -0.1562D-01   0.1202D+00  -0.6387D-02   0.1161D+00  -0.4910D-01   0.2650D+00   0.0000D+00   0.6544D-01   0.5799D-02   0.2031D-03   0.1898D-01   0.6561D+00  -0.1562D-01   0.1202D+00  -0.6387D-02   0.1161D+00  -0.4910D-01
  -0.9332D-03  -0.5512D-02  -0.3604D-02  -0.1020D-01  -0.9332D-03  -0.5512D-02  -0.3604D-02  -0.1020D-01
