 LHC=           1 sqrts=   8000.0000000000000      ang=           4 mode=fital                                                                                               scalescheme=           1 R=  0.69999999999999996     
 CT10nlo_rand5678                                                                                             458
 Bin information: chid, chiu, md, mu, mu0
   0.0000000000000000       0.50000000000000000        114.00000000000000        133.00000000000000        123.50000000000000     
 9 scales(muf, mur)*(LO(38), NLO(38))
  0.500  0.500
  -0.1065D+02   0.0000D+00  -0.1589D+02   0.0000D+00   0.0000D+00   0.0000D+00  -0.1671D+02   0.0000D+00  -0.1065D+02   0.0000D+00  -0.1589D+02   0.0000D+00
   0.5322D+00   0.0000D+00   0.9841D-01   0.0000D+00   0.1178D+00   0.0000D+00   0.2303D+00   0.0000D+00   0.5119D-01   0.0000D+00   0.0000D+00   0.0000D+00   0.5322D+00   0.0000D+00   0.9841D-01   0.0000D+00   0.1178D+00   0.0000D+00
   0.0000D+00   0.0000D+00   0.0000D+00   0.0000D+00   0.0000D+00   0.0000D+00   0.0000D+00   0.0000D+00
  -0.7447D+01   0.2783D+01  -0.1294D+02   0.1680D+01   0.1330D+01  -0.2008D+01  -0.1505D+02  -0.1788D+00  -0.7447D+01   0.2783D+01  -0.1294D+02   0.1680D+01
   0.8425D+00  -0.1737D-01   0.1554D+00  -0.7537D-02   0.1361D+00  -0.5997D-01   0.3400D+00   0.0000D+00   0.8726D-01   0.7515D-02   0.3763D-02   0.2459D-01   0.8425D+00  -0.1737D-01   0.1554D+00  -0.7537D-02   0.1361D+00  -0.5997D-01
  -0.6939D-03  -0.6641D-02  -0.3996D-02  -0.1295D-01  -0.6939D-03  -0.6641D-02  -0.3996D-02  -0.1295D-01
  0.500  1.000
  -0.9586D+01   0.0000D+00  -0.1430D+02   0.0000D+00   0.0000D+00   0.0000D+00  -0.1503D+02   0.0000D+00  -0.9586D+01   0.0000D+00  -0.1430D+02   0.0000D+00
   0.5322D+00   0.0000D+00   0.9841D-01   0.0000D+00   0.1178D+00   0.0000D+00   0.2303D+00   0.0000D+00   0.5119D-01   0.0000D+00   0.0000D+00   0.0000D+00   0.5322D+00   0.0000D+00   0.9841D-01   0.0000D+00   0.1178D+00   0.0000D+00
   0.0000D+00   0.0000D+00   0.0000D+00   0.0000D+00   0.0000D+00   0.0000D+00   0.0000D+00   0.0000D+00
  -0.7916D+01   0.2253D+01  -0.1329D+02   0.1360D+01   0.1076D+01  -0.1625D+01  -0.1514D+02  -0.1447D+00  -0.7916D+01   0.2253D+01  -0.1329D+02   0.1360D+01
   0.8136D+00  -0.1563D-01   0.1501D+00  -0.6782D-02   0.1348D+00  -0.5397D-01   0.3297D+00   0.0000D+00   0.8383D-01   0.6762D-02   0.3422D-02   0.2213D-01   0.8136D+00  -0.1563D-01   0.1501D+00  -0.6782D-02   0.1348D+00  -0.5397D-01
  -0.6242D-03  -0.5976D-02  -0.3595D-02  -0.1165D-01  -0.6242D-03  -0.5976D-02  -0.3595D-02  -0.1165D-01
  0.500  2.000
  -0.8717D+01   0.0000D+00  -0.1300D+02   0.0000D+00   0.0000D+00   0.0000D+00  -0.1367D+02   0.0000D+00  -0.8717D+01   0.0000D+00  -0.1300D+02   0.0000D+00
   0.5322D+00   0.0000D+00   0.9841D-01   0.0000D+00   0.1178D+00   0.0000D+00   0.2303D+00   0.0000D+00   0.5119D-01   0.0000D+00   0.0000D+00   0.0000D+00   0.5322D+00   0.0000D+00   0.9841D-01   0.0000D+00   0.1178D+00   0.0000D+00
   0.0000D+00   0.0000D+00   0.0000D+00   0.0000D+00   0.0000D+00   0.0000D+00   0.0000D+00   0.0000D+00
  -0.8099D+01   0.1863D+01  -0.1331D+02   0.1124D+01   0.8894D+00  -0.1344D+01  -0.1496D+02  -0.1197D+00  -0.8099D+01   0.1863D+01  -0.1331D+02   0.1124D+01
   0.7897D+00  -0.1421D-01   0.1457D+00  -0.6168D-02   0.1336D+00  -0.4908D-01   0.3211D+00   0.0000D+00   0.8100D-01   0.6149D-02   0.3138D-02   0.2012D-01   0.7897D+00  -0.1421D-01   0.1457D+00  -0.6168D-02   0.1336D+00  -0.4908D-01
  -0.5676D-03  -0.5435D-02  -0.3269D-02  -0.1060D-01  -0.5676D-03  -0.5435D-02  -0.3269D-02  -0.1060D-01
  1.000  0.500
  -0.1073D+02   0.0000D+00  -0.1634D+02   0.0000D+00   0.0000D+00   0.0000D+00  -0.1735D+02   0.0000D+00  -0.1073D+02   0.0000D+00  -0.1634D+02   0.0000D+00
   0.5466D+00   0.0000D+00   0.1009D+00   0.0000D+00   0.1192D+00   0.0000D+00   0.2378D+00   0.0000D+00   0.5283D-01   0.0000D+00   0.0000D+00   0.0000D+00   0.5466D+00   0.0000D+00   0.1009D+00   0.0000D+00   0.1192D+00   0.0000D+00
   0.0000D+00   0.0000D+00   0.0000D+00   0.0000D+00   0.0000D+00   0.0000D+00   0.0000D+00   0.0000D+00
  -0.7347D+01   0.2890D+01  -0.1287D+02   0.1734D+01   0.1350D+01  -0.2082D+01  -0.1539D+02  -0.1830D+00  -0.7347D+01   0.2890D+01  -0.1287D+02   0.1734D+01
   0.8114D+00  -0.1741D-01   0.1492D+00  -0.7668D-02   0.1264D+00  -0.6162D-01   0.3312D+00   0.0000D+00   0.8515D-01   0.7724D-02   0.4149D-02   0.2528D-01   0.8114D+00  -0.1741D-01   0.1492D+00  -0.7668D-02   0.1264D+00  -0.6162D-01
  -0.7149D-03  -0.6853D-02  -0.4199D-02  -0.1322D-01  -0.7149D-03  -0.6853D-02  -0.4199D-02  -0.1322D-01
  1.000  1.000
  -0.9654D+01   0.0000D+00  -0.1470D+02   0.0000D+00   0.0000D+00   0.0000D+00  -0.1561D+02   0.0000D+00  -0.9654D+01   0.0000D+00  -0.1470D+02   0.0000D+00
   0.5466D+00   0.0000D+00   0.1009D+00   0.0000D+00   0.1192D+00   0.0000D+00   0.2378D+00   0.0000D+00   0.5283D-01   0.0000D+00   0.0000D+00   0.0000D+00   0.5466D+00   0.0000D+00   0.1009D+00   0.0000D+00   0.1192D+00   0.0000D+00
   0.0000D+00   0.0000D+00   0.0000D+00   0.0000D+00   0.0000D+00   0.0000D+00   0.0000D+00   0.0000D+00
  -0.7852D+01   0.2339D+01  -0.1331D+02   0.1404D+01   0.1092D+01  -0.1686D+01  -0.1553D+02  -0.1481D+00  -0.7852D+01   0.2339D+01  -0.1331D+02   0.1404D+01
   0.7913D+00  -0.1567D-01   0.1455D+00  -0.6900D-02   0.1276D+00  -0.5545D-01   0.3232D+00   0.0000D+00   0.8233D-01   0.6950D-02   0.3763D-02   0.2275D-01   0.7913D+00  -0.1567D-01   0.1455D+00  -0.6900D-02   0.1276D+00  -0.5545D-01
  -0.6431D-03  -0.6167D-02  -0.3778D-02  -0.1190D-01  -0.6431D-03  -0.6167D-02  -0.3778D-02  -0.1190D-01
  1.000  2.000
  -0.8779D+01   0.0000D+00  -0.1337D+02   0.0000D+00   0.0000D+00   0.0000D+00  -0.1420D+02   0.0000D+00  -0.8779D+01   0.0000D+00  -0.1337D+02   0.0000D+00
   0.5466D+00   0.0000D+00   0.1009D+00   0.0000D+00   0.1192D+00   0.0000D+00   0.2378D+00   0.0000D+00   0.5283D-01   0.0000D+00   0.0000D+00   0.0000D+00   0.5466D+00   0.0000D+00   0.1009D+00   0.0000D+00   0.1192D+00   0.0000D+00
   0.0000D+00   0.0000D+00   0.0000D+00   0.0000D+00   0.0000D+00   0.0000D+00   0.0000D+00   0.0000D+00
  -0.8057D+01   0.1934D+01  -0.1339D+02   0.1161D+01   0.9029D+00  -0.1394D+01  -0.1537D+02  -0.1225D+00  -0.8057D+01   0.1934D+01  -0.1339D+02   0.1161D+01
   0.7706D+00  -0.1425D-01   0.1417D+00  -0.6275D-02   0.1272D+00  -0.5042D-01   0.3159D+00   0.0000D+00   0.7979D-01   0.6320D-02   0.3445D-02   0.2068D-01   0.7706D+00  -0.1425D-01   0.1417D+00  -0.6275D-02   0.1272D+00  -0.5042D-01
  -0.5847D-03  -0.5608D-02  -0.3436D-02  -0.1082D-01  -0.5847D-03  -0.5608D-02  -0.3436D-02  -0.1082D-01
  2.000  0.500
  -0.1066D+02   0.0000D+00  -0.1670D+02   0.0000D+00   0.0000D+00   0.0000D+00  -0.1764D+02   0.0000D+00  -0.1066D+02   0.0000D+00  -0.1670D+02   0.0000D+00
   0.5503D+00   0.0000D+00   0.1026D+00   0.0000D+00   0.1196D+00   0.0000D+00   0.2390D+00   0.0000D+00   0.5311D-01   0.0000D+00   0.0000D+00   0.0000D+00   0.5503D+00   0.0000D+00   0.1026D+00   0.0000D+00   0.1196D+00   0.0000D+00
   0.0000D+00   0.0000D+00   0.0000D+00   0.0000D+00   0.0000D+00   0.0000D+00   0.0000D+00   0.0000D+00
  -0.7167D+01   0.2930D+01  -0.1313D+02   0.1765D+01   0.1364D+01  -0.2127D+01  -0.1537D+02  -0.1837D+00  -0.7167D+01   0.2930D+01  -0.1313D+02   0.1765D+01
   0.7919D+00  -0.1749D-01   0.1483D+00  -0.7795D-02   0.1234D+00  -0.6257D-01   0.3224D+00   0.0000D+00   0.8427D-01   0.7775D-02   0.3644D-02   0.2545D-01   0.7919D+00  -0.1749D-01   0.1483D+00  -0.7795D-02   0.1234D+00  -0.6257D-01
  -0.7377D-03  -0.6818D-02  -0.4313D-02  -0.1340D-01  -0.7377D-03  -0.6818D-02  -0.4313D-02  -0.1340D-01
  2.000  1.000
  -0.9589D+01   0.0000D+00  -0.1503D+02   0.0000D+00   0.0000D+00   0.0000D+00  -0.1587D+02   0.0000D+00  -0.9589D+01   0.0000D+00  -0.1503D+02   0.0000D+00
   0.5503D+00   0.0000D+00   0.1026D+00   0.0000D+00   0.1196D+00   0.0000D+00   0.2390D+00   0.0000D+00   0.5311D-01   0.0000D+00   0.0000D+00   0.0000D+00   0.5503D+00   0.0000D+00   0.1026D+00   0.0000D+00   0.1196D+00   0.0000D+00
   0.0000D+00   0.0000D+00   0.0000D+00   0.0000D+00   0.0000D+00   0.0000D+00   0.0000D+00   0.0000D+00
  -0.7638D+01   0.2372D+01  -0.1353D+02   0.1429D+01   0.1104D+01  -0.1722D+01  -0.1552D+02  -0.1487D+00  -0.7638D+01   0.2372D+01  -0.1353D+02   0.1429D+01
   0.7366D+00  -0.1573D-01   0.1386D+00  -0.7014D-02   0.1135D+00  -0.5630D-01   0.3076D+00   0.0000D+00   0.7915D-01   0.6996D-02   0.3185D-02   0.2290D-01   0.7366D+00  -0.1573D-01   0.1386D+00  -0.7014D-02   0.1135D+00  -0.5630D-01
  -0.6636D-03  -0.6135D-02  -0.3881D-02  -0.1206D-01  -0.6636D-03  -0.6135D-02  -0.3881D-02  -0.1206D-01
  2.000  2.000
  -0.8720D+01   0.0000D+00  -0.1367D+02   0.0000D+00   0.0000D+00   0.0000D+00  -0.1443D+02   0.0000D+00  -0.8720D+01   0.0000D+00  -0.1367D+02   0.0000D+00
   0.5503D+00   0.0000D+00   0.1026D+00   0.0000D+00   0.1196D+00   0.0000D+00   0.2390D+00   0.0000D+00   0.5311D-01   0.0000D+00   0.0000D+00   0.0000D+00   0.5503D+00   0.0000D+00   0.1026D+00   0.0000D+00   0.1196D+00   0.0000D+00
   0.0000D+00   0.0000D+00   0.0000D+00   0.0000D+00   0.0000D+00   0.0000D+00   0.0000D+00   0.0000D+00
  -0.7900D+01   0.1962D+01  -0.1365D+02   0.1182D+01   0.9119D+00  -0.1424D+01  -0.1543D+02  -0.1230D+00  -0.7900D+01   0.1962D+01  -0.1365D+02   0.1182D+01
   0.7425D+00  -0.1431D-01   0.1391D+00  -0.6379D-02   0.1208D+00  -0.5120D-01   0.3064D+00   0.0000D+00   0.7832D-01   0.6362D-02   0.3007D-02   0.2082D-01   0.7425D+00  -0.1431D-01   0.1391D+00  -0.6379D-02   0.1208D+00  -0.5120D-01
  -0.6033D-03  -0.5579D-02  -0.3529D-02  -0.1097D-01  -0.6033D-03  -0.5579D-02  -0.3529D-02  -0.1097D-01
