 LHC=           1 sqrts=   8000.0000000000000      ang=           4 mode=fital                                                                                               scalescheme=           1 R=  0.69999999999999996     
 CT10nlo_rand5678                                                                                             485
 Bin information: chid, chiu, md, mu, mu0
   0.0000000000000000       0.50000000000000000        638.00000000000000        686.00000000000000        662.00000000000000     
 9 scales(muf, mur)*(LO(38), NLO(38))
  0.500  0.500
  -0.4553D+00   0.0000D+00  -0.3890D+00   0.0000D+00   0.0000D+00   0.0000D+00  -0.2785D+00   0.0000D+00  -0.4553D+00   0.0000D+00  -0.3890D+00   0.0000D+00
   0.4944D+00   0.0000D+00   0.8143D-01   0.0000D+00   0.1712D+00   0.0000D+00   0.1326D+00   0.0000D+00   0.2946D-01   0.0000D+00   0.0000D+00   0.0000D+00   0.4944D+00   0.0000D+00   0.8143D-01   0.0000D+00   0.1712D+00   0.0000D+00
   0.0000D+00   0.0000D+00   0.0000D+00   0.0000D+00   0.0000D+00   0.0000D+00   0.0000D+00   0.0000D+00
  -0.3503D+00   0.5072D-01  -0.3379D+00   0.2991D-01   0.3114D-01  -0.2629D-01  -0.2552D+00   0.4387D-02  -0.3503D+00   0.5072D-01  -0.3379D+00   0.2991D-01
   0.4049D+00  -0.1975D-01   0.6865D-01  -0.6431D-02   0.9517D-01  -0.4255D-01   0.1184D+00   0.0000D+00   0.2956D-01   0.3399D-02  -0.2655D-02   0.1113D-01   0.4049D+00  -0.1975D-01   0.6865D-01  -0.6431D-02   0.9517D-01  -0.4255D-01
  -0.1833D-02  -0.5703D-02  -0.3063D-02  -0.7162D-02  -0.1833D-02  -0.5703D-02  -0.3063D-02  -0.7162D-02
  0.500  1.000
  -0.4190D+00   0.0000D+00  -0.3580D+00   0.0000D+00   0.0000D+00   0.0000D+00  -0.2563D+00   0.0000D+00  -0.4190D+00   0.0000D+00  -0.3580D+00   0.0000D+00
   0.4944D+00   0.0000D+00   0.8143D-01   0.0000D+00   0.1712D+00   0.0000D+00   0.1326D+00   0.0000D+00   0.2946D-01   0.0000D+00   0.0000D+00   0.0000D+00   0.4944D+00   0.0000D+00   0.8143D-01   0.0000D+00   0.1712D+00   0.0000D+00
   0.0000D+00   0.0000D+00   0.0000D+00   0.0000D+00   0.0000D+00   0.0000D+00   0.0000D+00   0.0000D+00
  -0.3624D+00   0.4294D-01  -0.3423D+00   0.2532D-01   0.2637D-01  -0.2226D-01  -0.2563D+00   0.3714D-02  -0.3624D+00   0.4294D-01  -0.3423D+00   0.2532D-01
   0.4121D+00  -0.1817D-01   0.6969D-01  -0.5917D-02   0.1013D+00  -0.3915D-01   0.1195D+00   0.0000D+00   0.2956D-01   0.3128D-02  -0.2443D-02   0.1024D-01   0.4121D+00  -0.1817D-01   0.6969D-01  -0.5917D-02   0.1013D+00  -0.3915D-01
  -0.1686D-02  -0.5247D-02  -0.2818D-02  -0.6590D-02  -0.1686D-02  -0.5247D-02  -0.2818D-02  -0.6590D-02
  0.500  2.000
  -0.3880D+00   0.0000D+00  -0.3316D+00   0.0000D+00   0.0000D+00   0.0000D+00  -0.2374D+00   0.0000D+00  -0.3880D+00   0.0000D+00  -0.3316D+00   0.0000D+00
   0.4944D+00   0.0000D+00   0.8143D-01   0.0000D+00   0.1712D+00   0.0000D+00   0.1326D+00   0.0000D+00   0.2946D-01   0.0000D+00   0.0000D+00   0.0000D+00   0.4944D+00   0.0000D+00   0.8143D-01   0.0000D+00   0.1712D+00   0.0000D+00
   0.0000D+00   0.0000D+00   0.0000D+00   0.0000D+00   0.0000D+00   0.0000D+00   0.0000D+00   0.0000D+00
  -0.3672D+00   0.3684D-01  -0.3418D+00   0.2172D-01   0.2262D-01  -0.1909D-01  -0.2543D+00   0.3186D-02  -0.3672D+00   0.3684D-01  -0.3418D+00   0.2172D-01
   0.4183D+00  -0.1683D-01   0.7057D-01  -0.5481D-02   0.1065D+00  -0.3626D-01   0.1205D+00   0.0000D+00   0.2956D-01   0.2897D-02  -0.2263D-02   0.9481D-02   0.4183D+00  -0.1683D-01   0.7057D-01  -0.5481D-02   0.1065D+00  -0.3626D-01
  -0.1562D-02  -0.4860D-02  -0.2610D-02  -0.6103D-02  -0.1562D-02  -0.4860D-02  -0.2610D-02  -0.6103D-02
  1.000  0.500
  -0.4188D+00   0.0000D+00  -0.3581D+00   0.0000D+00   0.0000D+00   0.0000D+00  -0.2551D+00   0.0000D+00  -0.4188D+00   0.0000D+00  -0.3581D+00   0.0000D+00
   0.4546D+00   0.0000D+00   0.7481D-01   0.0000D+00   0.1573D+00   0.0000D+00   0.1215D+00   0.0000D+00   0.2701D-01   0.0000D+00   0.0000D+00   0.0000D+00   0.4546D+00   0.0000D+00   0.7481D-01   0.0000D+00   0.1573D+00   0.0000D+00
   0.0000D+00   0.0000D+00   0.0000D+00   0.0000D+00   0.0000D+00   0.0000D+00   0.0000D+00   0.0000D+00
  -0.3543D+00   0.4664D-01  -0.3407D+00   0.2744D-01   0.2878D-01  -0.2409D-01  -0.2548D+00   0.4073D-02  -0.3543D+00   0.4664D-01  -0.3407D+00   0.2744D-01
   0.4082D+00  -0.1815D-01   0.6915D-01  -0.5912D-02   0.9924D-01  -0.3905D-01   0.1184D+00   0.0000D+00   0.2933D-01   0.3116D-02  -0.2426D-02   0.1020D-01   0.4082D+00  -0.1815D-01   0.6915D-01  -0.5912D-02   0.9924D-01  -0.3905D-01
  -0.1684D-02  -0.5247D-02  -0.2818D-02  -0.6567D-02  -0.1684D-02  -0.5247D-02  -0.2818D-02  -0.6567D-02
  1.000  1.000
  -0.3853D+00   0.0000D+00  -0.3295D+00   0.0000D+00   0.0000D+00   0.0000D+00  -0.2347D+00   0.0000D+00  -0.3853D+00   0.0000D+00  -0.3295D+00   0.0000D+00
   0.4546D+00   0.0000D+00   0.7481D-01   0.0000D+00   0.1573D+00   0.0000D+00   0.1215D+00   0.0000D+00   0.2701D-01   0.0000D+00   0.0000D+00   0.0000D+00   0.4546D+00   0.0000D+00   0.7481D-01   0.0000D+00   0.1573D+00   0.0000D+00
   0.0000D+00   0.0000D+00   0.0000D+00   0.0000D+00   0.0000D+00   0.0000D+00   0.0000D+00   0.0000D+00
  -0.3605D+00   0.3949D-01  -0.3402D+00   0.2323D-01   0.2437D-01  -0.2039D-01  -0.2526D+00   0.3448D-02  -0.3605D+00   0.3949D-01  -0.3402D+00   0.2323D-01
   0.4120D+00  -0.1670D-01   0.6962D-01  -0.5440D-02   0.1039D+00  -0.3593D-01   0.1187D+00   0.0000D+00   0.2915D-01   0.2867D-02  -0.2232D-02   0.9383D-02   0.4120D+00  -0.1670D-01   0.6962D-01  -0.5440D-02   0.1039D+00  -0.3593D-01
  -0.1550D-02  -0.4827D-02  -0.2593D-02  -0.6042D-02  -0.1550D-02  -0.4827D-02  -0.2593D-02  -0.6042D-02
  1.000  2.000
  -0.3569D+00   0.0000D+00  -0.3052D+00   0.0000D+00   0.0000D+00   0.0000D+00  -0.2174D+00   0.0000D+00  -0.3569D+00   0.0000D+00  -0.3052D+00   0.0000D+00
   0.4546D+00   0.0000D+00   0.7481D-01   0.0000D+00   0.1573D+00   0.0000D+00   0.1215D+00   0.0000D+00   0.2701D-01   0.0000D+00   0.0000D+00   0.0000D+00   0.4546D+00   0.0000D+00   0.7481D-01   0.0000D+00   0.1573D+00   0.0000D+00
   0.0000D+00   0.0000D+00   0.0000D+00   0.0000D+00   0.0000D+00   0.0000D+00   0.0000D+00   0.0000D+00
  -0.3611D+00   0.3388D-01  -0.3362D+00   0.1993D-01   0.2090D-01  -0.1749D-01  -0.2483D+00   0.2958D-02  -0.3611D+00   0.3388D-01  -0.3362D+00   0.1993D-01
   0.4152D+00  -0.1547D-01   0.7001D-01  -0.5038D-02   0.1079D+00  -0.3328D-01   0.1189D+00   0.0000D+00   0.2900D-01   0.2655D-02  -0.2068D-02   0.8690D-02   0.4152D+00  -0.1547D-01   0.7001D-01  -0.5038D-02   0.1079D+00  -0.3328D-01
  -0.1436D-02  -0.4471D-02  -0.2401D-02  -0.5597D-02  -0.1436D-02  -0.4471D-02  -0.2401D-02  -0.5597D-02
  2.000  0.500
  -0.3873D+00   0.0000D+00  -0.3320D+00   0.0000D+00   0.0000D+00   0.0000D+00  -0.2349D+00   0.0000D+00  -0.3873D+00   0.0000D+00  -0.3320D+00   0.0000D+00
   0.4197D+00   0.0000D+00   0.6908D-01   0.0000D+00   0.1456D+00   0.0000D+00   0.1119D+00   0.0000D+00   0.2487D-01   0.0000D+00   0.0000D+00   0.0000D+00   0.4197D+00   0.0000D+00   0.6908D-01   0.0000D+00   0.1456D+00   0.0000D+00
   0.0000D+00   0.0000D+00   0.0000D+00   0.0000D+00   0.0000D+00   0.0000D+00   0.0000D+00   0.0000D+00
  -0.3641D+00   0.4326D-01  -0.3439D+00   0.2537D-01   0.2624D-01  -0.2219D-01  -0.2547D+00   0.3801D-02  -0.3641D+00   0.4326D-01  -0.3439D+00   0.2537D-01
   0.4114D+00  -0.1680D-01   0.6976D-01  -0.5467D-02   0.1048D+00  -0.3597D-01   0.1186D+00   0.0000D+00   0.2912D-01   0.2870D-02  -0.2218D-02   0.9392D-02   0.4114D+00  -0.1680D-01   0.6976D-01  -0.5467D-02   0.1048D+00  -0.3597D-01
  -0.1563D-02  -0.4831D-02  -0.2608D-02  -0.6050D-02  -0.1563D-02  -0.4831D-02  -0.2608D-02  -0.6050D-02
  2.000  1.000
  -0.3564D+00   0.0000D+00  -0.3055D+00   0.0000D+00   0.0000D+00   0.0000D+00  -0.2161D+00   0.0000D+00  -0.3564D+00   0.0000D+00  -0.3055D+00   0.0000D+00
   0.4197D+00   0.0000D+00   0.6908D-01   0.0000D+00   0.1456D+00   0.0000D+00   0.1119D+00   0.0000D+00   0.2487D-01   0.0000D+00   0.0000D+00   0.0000D+00   0.4197D+00   0.0000D+00   0.6908D-01   0.0000D+00   0.1456D+00   0.0000D+00
   0.0000D+00   0.0000D+00   0.0000D+00   0.0000D+00   0.0000D+00   0.0000D+00   0.0000D+00   0.0000D+00
  -0.3642D+00   0.3662D-01  -0.3391D+00   0.2148D-01   0.2222D-01  -0.1878D-01  -0.2496D+00   0.3218D-02  -0.3642D+00   0.3662D-01  -0.3391D+00   0.2148D-01
   0.4122D+00  -0.1546D-01   0.6972D-01  -0.5030D-02   0.1081D+00  -0.3310D-01   0.1181D+00   0.0000D+00   0.2879D-01   0.2641D-02  -0.2041D-02   0.8642D-02   0.4122D+00  -0.1546D-01   0.6972D-01  -0.5030D-02   0.1081D+00  -0.3310D-01
  -0.1438D-02  -0.4445D-02  -0.2399D-02  -0.5567D-02  -0.1438D-02  -0.4445D-02  -0.2399D-02  -0.5567D-02
  2.000  2.000
  -0.3301D+00   0.0000D+00  -0.2829D+00   0.0000D+00   0.0000D+00   0.0000D+00  -0.2002D+00   0.0000D+00  -0.3301D+00   0.0000D+00  -0.2829D+00   0.0000D+00
   0.4197D+00   0.0000D+00   0.6908D-01   0.0000D+00   0.1456D+00   0.0000D+00   0.1119D+00   0.0000D+00   0.2487D-01   0.0000D+00   0.0000D+00   0.0000D+00   0.4197D+00   0.0000D+00   0.6908D-01   0.0000D+00   0.1456D+00   0.0000D+00
   0.0000D+00   0.0000D+00   0.0000D+00   0.0000D+00   0.0000D+00   0.0000D+00   0.0000D+00   0.0000D+00
  -0.3604D+00   0.3142D-01  -0.3320D+00   0.1843D-01   0.1906D-01  -0.1611D-01  -0.2432D+00   0.2761D-02  -0.3604D+00   0.3142D-01  -0.3320D+00   0.1843D-01
   0.4128D+00  -0.1432D-01   0.6968D-01  -0.4659D-02   0.1109D+00  -0.3065D-01   0.1177D+00   0.0000D+00   0.2850D-01   0.2446D-02  -0.1890D-02   0.8005D-02   0.4128D+00  -0.1432D-01   0.6968D-01  -0.4659D-02   0.1109D+00  -0.3065D-01
  -0.1332D-02  -0.4117D-02  -0.2222D-02  -0.5156D-02  -0.1332D-02  -0.4117D-02  -0.2222D-02  -0.5156D-02
