 LHC=           1 sqrts=   8000.0000000000000      ang=           4 mode=fital                                                                                               scalescheme=           1 R=  0.69999999999999996     
 CT10nlo_rand5678                                                                                             485
 Bin information: chid, chiu, md, mu, mu0
   0.0000000000000000       0.50000000000000000        1172.0000000000000        1248.0000000000000        1210.0000000000000     
 9 scales(muf, mur)*(LO(38), NLO(38))
  0.500  0.500
  -0.6250D-01   0.0000D+00  -0.4270D-01   0.0000D+00   0.0000D+00   0.0000D+00  -0.2234D-01   0.0000D+00  -0.6250D-01   0.0000D+00  -0.4270D-01   0.0000D+00
   0.1946D+00   0.0000D+00   0.2972D-01   0.0000D+00   0.8146D-01   0.0000D+00   0.3525D-01   0.0000D+00   0.7833D-02   0.0000D+00   0.0000D+00   0.0000D+00   0.1946D+00   0.0000D+00   0.2972D-01   0.0000D+00   0.8146D-01   0.0000D+00
   0.0000D+00   0.0000D+00   0.0000D+00   0.0000D+00   0.0000D+00   0.0000D+00   0.0000D+00   0.0000D+00
  -0.5141D-01   0.5013D-02  -0.3752D-01   0.2930D-02   0.2684D-02  -0.1961D-02  -0.1986D-01   0.8830D-03  -0.5141D-01   0.5013D-02  -0.3752D-01   0.2930D-02
   0.1453D+00  -0.8735D-02   0.2278D-01  -0.2554D-02   0.4646D-01  -0.1528D-01   0.2953D-01   0.0000D+00   0.7346D-02   0.8406D-03  -0.1288D-02   0.2751D-02   0.1453D+00  -0.8735D-02   0.2278D-01  -0.2554D-02   0.4646D-01  -0.1528D-01
  -0.8971D-03  -0.2287D-02  -0.9997D-03  -0.2161D-02  -0.8971D-03  -0.2287D-02  -0.9997D-03  -0.2161D-02
  0.500  1.000
  -0.5784D-01   0.0000D+00  -0.3952D-01   0.0000D+00   0.0000D+00   0.0000D+00  -0.2068D-01   0.0000D+00  -0.5784D-01   0.0000D+00  -0.3952D-01   0.0000D+00
   0.1946D+00   0.0000D+00   0.2972D-01   0.0000D+00   0.8146D-01   0.0000D+00   0.3525D-01   0.0000D+00   0.7833D-02   0.0000D+00   0.0000D+00   0.0000D+00   0.1946D+00   0.0000D+00   0.2972D-01   0.0000D+00   0.8146D-01   0.0000D+00
   0.0000D+00   0.0000D+00   0.0000D+00   0.0000D+00   0.0000D+00   0.0000D+00   0.0000D+00   0.0000D+00
  -0.5252D-01   0.4294D-02  -0.3793D-01   0.2509D-02   0.2299D-02  -0.1680D-02  -0.2004D-01   0.7563D-03  -0.5252D-01   0.4294D-02  -0.3793D-01   0.2509D-02
   0.1490D+00  -0.8084D-02   0.2330D-01  -0.2364D-02   0.4908D-01  -0.1414D-01   0.2996D-01   0.0000D+00   0.7383D-02   0.7779D-03  -0.1192D-02   0.2546D-02   0.1490D+00  -0.8084D-02   0.2330D-01  -0.2364D-02   0.4908D-01  -0.1414D-01
  -0.8302D-03  -0.2116D-02  -0.9252D-03  -0.2000D-02  -0.8302D-03  -0.2116D-02  -0.9252D-03  -0.2000D-02
  0.500  2.000
  -0.5384D-01   0.0000D+00  -0.3679D-01   0.0000D+00   0.0000D+00   0.0000D+00  -0.1925D-01   0.0000D+00  -0.5384D-01   0.0000D+00  -0.3679D-01   0.0000D+00
   0.1946D+00   0.0000D+00   0.2972D-01   0.0000D+00   0.8146D-01   0.0000D+00   0.3525D-01   0.0000D+00   0.7833D-02   0.0000D+00   0.0000D+00   0.0000D+00   0.1946D+00   0.0000D+00   0.2972D-01   0.0000D+00   0.8146D-01   0.0000D+00
   0.0000D+00   0.0000D+00   0.0000D+00   0.0000D+00   0.0000D+00   0.0000D+00   0.0000D+00   0.0000D+00
  -0.5284D-01   0.3720D-02  -0.3788D-01   0.2174D-02   0.1992D-02  -0.1455D-02  -0.1999D-01   0.6552D-03  -0.5284D-01   0.3720D-02  -0.3788D-01   0.2174D-02
   0.1522D+00  -0.7525D-02   0.2375D-01  -0.2200D-02   0.5133D-01  -0.1317D-01   0.3033D-01   0.0000D+00   0.7415D-02   0.7241D-03  -0.1110D-02   0.2370D-02   0.1522D+00  -0.7525D-02   0.2375D-01  -0.2200D-02   0.5133D-01  -0.1317D-01
  -0.7728D-03  -0.1970D-02  -0.8612D-03  -0.1861D-02  -0.7728D-03  -0.1970D-02  -0.8612D-03  -0.1861D-02
  1.000  0.500
  -0.5517D-01   0.0000D+00  -0.3761D-01   0.0000D+00   0.0000D+00   0.0000D+00  -0.1960D-01   0.0000D+00  -0.5517D-01   0.0000D+00  -0.3761D-01   0.0000D+00
   0.1715D+00   0.0000D+00   0.2616D-01   0.0000D+00   0.7181D-01   0.0000D+00   0.3094D-01   0.0000D+00   0.6875D-02   0.0000D+00   0.0000D+00   0.0000D+00   0.1715D+00   0.0000D+00   0.2616D-01   0.0000D+00   0.7181D-01   0.0000D+00
   0.0000D+00   0.0000D+00   0.0000D+00   0.0000D+00   0.0000D+00   0.0000D+00   0.0000D+00   0.0000D+00
  -0.5236D-01   0.4412D-02  -0.3781D-01   0.2580D-02   0.2346D-02  -0.1721D-02  -0.1998D-01   0.7791D-03  -0.5236D-01   0.4412D-02  -0.3781D-01   0.2580D-02
   0.1496D+00  -0.7705D-02   0.2343D-01  -0.2250D-02   0.4995D-01  -0.1346D-01   0.2993D-01   0.0000D+00   0.7347D-02   0.7376D-03  -0.1115D-02   0.2414D-02   0.1496D+00  -0.7705D-02   0.2343D-01  -0.2250D-02   0.4995D-01  -0.1346D-01
  -0.7929D-03  -0.2011D-02  -0.8797D-03  -0.1900D-02  -0.7929D-03  -0.2011D-02  -0.8797D-03  -0.1900D-02
  1.000  1.000
  -0.5106D-01   0.0000D+00  -0.3480D-01   0.0000D+00   0.0000D+00   0.0000D+00  -0.1814D-01   0.0000D+00  -0.5106D-01   0.0000D+00  -0.3480D-01   0.0000D+00
   0.1715D+00   0.0000D+00   0.2616D-01   0.0000D+00   0.7181D-01   0.0000D+00   0.3094D-01   0.0000D+00   0.6875D-02   0.0000D+00   0.0000D+00   0.0000D+00   0.1715D+00   0.0000D+00   0.2616D-01   0.0000D+00   0.7181D-01   0.0000D+00
   0.0000D+00   0.0000D+00   0.0000D+00   0.0000D+00   0.0000D+00   0.0000D+00   0.0000D+00   0.0000D+00
  -0.5234D-01   0.3779D-02  -0.3749D-01   0.2210D-02   0.2009D-02  -0.1474D-02  -0.1977D-01   0.6673D-03  -0.5234D-01   0.3779D-02  -0.3749D-01   0.2210D-02
   0.1513D+00  -0.7131D-02   0.2363D-01  -0.2083D-02   0.5159D-01  -0.1245D-01   0.3001D-01   0.0000D+00   0.7312D-02   0.6826D-03  -0.1032D-02   0.2234D-02   0.1513D+00  -0.7131D-02   0.2363D-01  -0.2083D-02   0.5159D-01  -0.1245D-01
  -0.7338D-03  -0.1861D-02  -0.8141D-03  -0.1758D-02  -0.7338D-03  -0.1861D-02  -0.8141D-03  -0.1758D-02
  1.000  2.000
  -0.4752D-01   0.0000D+00  -0.3240D-01   0.0000D+00   0.0000D+00   0.0000D+00  -0.1689D-01   0.0000D+00  -0.4752D-01   0.0000D+00  -0.3240D-01   0.0000D+00
   0.1715D+00   0.0000D+00   0.2616D-01   0.0000D+00   0.7181D-01   0.0000D+00   0.3094D-01   0.0000D+00   0.6875D-02   0.0000D+00   0.0000D+00   0.0000D+00   0.1715D+00   0.0000D+00   0.2616D-01   0.0000D+00   0.7181D-01   0.0000D+00
   0.0000D+00   0.0000D+00   0.0000D+00   0.0000D+00   0.0000D+00   0.0000D+00   0.0000D+00   0.0000D+00
  -0.5182D-01   0.3274D-02  -0.3690D-01   0.1915D-02   0.1741D-02  -0.1277D-02  -0.1943D-01   0.5782D-03  -0.5182D-01   0.3274D-02  -0.3690D-01   0.1915D-02
   0.1527D+00  -0.6637D-02   0.2381D-01  -0.1939D-02   0.5299D-01  -0.1159D-01   0.3008D-01   0.0000D+00   0.7283D-02   0.6354D-03  -0.9603D-03   0.2079D-02   0.1527D+00  -0.6637D-02   0.2381D-01  -0.1939D-02   0.5299D-01  -0.1159D-01
  -0.6830D-03  -0.1732D-02  -0.7578D-03  -0.1637D-02  -0.6830D-03  -0.1732D-02  -0.7578D-03  -0.1637D-02
  2.000  0.500
  -0.4902D-01   0.0000D+00  -0.3336D-01   0.0000D+00   0.0000D+00   0.0000D+00  -0.1735D-01   0.0000D+00  -0.4902D-01   0.0000D+00  -0.3336D-01   0.0000D+00
   0.1521D+00   0.0000D+00   0.2318D-01   0.0000D+00   0.6388D-01   0.0000D+00   0.2740D-01   0.0000D+00   0.6089D-02   0.0000D+00   0.0000D+00   0.0000D+00   0.1521D+00   0.0000D+00   0.2318D-01   0.0000D+00   0.6388D-01   0.0000D+00
   0.0000D+00   0.0000D+00   0.0000D+00   0.0000D+00   0.0000D+00   0.0000D+00   0.0000D+00   0.0000D+00
  -0.5281D-01   0.3923D-02  -0.3787D-01   0.2287D-02   0.2044D-02  -0.1524D-02  -0.1995D-01   0.6929D-03  -0.5281D-01   0.3923D-02  -0.3787D-01   0.2287D-02
   0.1525D+00  -0.6854D-02   0.2377D-01  -0.1998D-02   0.5269D-01  -0.1193D-01   0.3008D-01   0.0000D+00   0.7311D-02   0.6533D-03  -0.9766D-03   0.2138D-02   0.1525D+00  -0.6854D-02   0.2377D-01  -0.1998D-02   0.5269D-01  -0.1193D-01
  -0.7048D-03  -0.1792D-02  -0.7786D-03  -0.1684D-02  -0.7048D-03  -0.1792D-02  -0.7786D-03  -0.1684D-02
  2.000  1.000
  -0.4537D-01   0.0000D+00  -0.3088D-01   0.0000D+00   0.0000D+00   0.0000D+00  -0.1606D-01   0.0000D+00  -0.4537D-01   0.0000D+00  -0.3088D-01   0.0000D+00
   0.1521D+00   0.0000D+00   0.2318D-01   0.0000D+00   0.6388D-01   0.0000D+00   0.2740D-01   0.0000D+00   0.6089D-02   0.0000D+00   0.0000D+00   0.0000D+00   0.1521D+00   0.0000D+00   0.2318D-01   0.0000D+00   0.6388D-01   0.0000D+00
   0.0000D+00   0.0000D+00   0.0000D+00   0.0000D+00   0.0000D+00   0.0000D+00   0.0000D+00   0.0000D+00
  -0.5189D-01   0.3360D-02  -0.3697D-01   0.1959D-02   0.1751D-02  -0.1305D-02  -0.1944D-01   0.5935D-03  -0.5189D-01   0.3360D-02  -0.3697D-01   0.1959D-02
   0.1525D+00  -0.6343D-02   0.2372D-01  -0.1849D-02   0.5353D-01  -0.1105D-01   0.2988D-01   0.0000D+00   0.7220D-02   0.6046D-03  -0.9039D-03   0.1979D-02   0.1525D+00  -0.6343D-02   0.2372D-01  -0.1849D-02   0.5353D-01  -0.1105D-01
  -0.6523D-03  -0.1658D-02  -0.7206D-03  -0.1559D-02  -0.6523D-03  -0.1658D-02  -0.7206D-03  -0.1559D-02
  2.000  2.000
  -0.4223D-01   0.0000D+00  -0.2874D-01   0.0000D+00   0.0000D+00   0.0000D+00  -0.1495D-01   0.0000D+00  -0.4223D-01   0.0000D+00  -0.2874D-01   0.0000D+00
   0.1521D+00   0.0000D+00   0.2318D-01   0.0000D+00   0.6388D-01   0.0000D+00   0.2740D-01   0.0000D+00   0.6089D-02   0.0000D+00   0.0000D+00   0.0000D+00   0.1521D+00   0.0000D+00   0.2318D-01   0.0000D+00   0.6388D-01   0.0000D+00
   0.0000D+00   0.0000D+00   0.0000D+00   0.0000D+00   0.0000D+00   0.0000D+00   0.0000D+00   0.0000D+00
  -0.5071D-01   0.2911D-02  -0.3595D-01   0.1697D-02   0.1517D-02  -0.1131D-02  -0.1888D-01   0.5142D-03  -0.5071D-01   0.2911D-02  -0.3595D-01   0.1697D-02
   0.1525D+00  -0.5904D-02   0.2369D-01  -0.1721D-02   0.5425D-01  -0.1028D-01   0.2971D-01   0.0000D+00   0.7142D-02   0.5628D-03  -0.8414D-03   0.1842D-02   0.1525D+00  -0.5904D-02   0.2369D-01  -0.1721D-02   0.5425D-01  -0.1028D-01
  -0.6072D-03  -0.1544D-02  -0.6707D-03  -0.1451D-02  -0.6072D-03  -0.1544D-02  -0.6707D-03  -0.1451D-02
