 LHC=           1 sqrts=   8000.0000000000000      ang=           4 mode=fital                                                                                               scalescheme=           1 R=  0.69999999999999996     
 CT10nlo_rand5678                                                                                             112
 Bin information: chid, chiu, md, mu, mu0
   0.0000000000000000       0.50000000000000000        2750.0000000000000        3000.0000000000000        2875.0000000000000     
 9 scales(muf, mur)*(LO(38), NLO(38))
  0.500  0.500
  -0.1039D-04   0.0000D+00  -0.4171D-05   0.0000D+00   0.0000D+00   0.0000D+00  -0.1763D-05   0.0000D+00  -0.1039D-04   0.0000D+00  -0.4171D-05   0.0000D+00
   0.1335D-03   0.0000D+00   0.1633D-04   0.0000D+00   0.7997D-04   0.0000D+00   0.1522D-04   0.0000D+00   0.3382D-05   0.0000D+00   0.0000D+00   0.0000D+00   0.1335D-03   0.0000D+00   0.1633D-04   0.0000D+00   0.7997D-04   0.0000D+00
   0.0000D+00   0.0000D+00   0.0000D+00   0.0000D+00   0.0000D+00   0.0000D+00   0.0000D+00   0.0000D+00
  -0.1062D-04   0.4388D-06  -0.4170D-05   0.3191D-06   0.6887D-07  -0.1408D-06  -0.1689D-05   0.9915D-07  -0.1062D-04   0.4388D-06  -0.4170D-05   0.3191D-06
   0.1114D-03  -0.7806D-05   0.1324D-04  -0.1903D-05   0.6317D-04  -0.9112D-05   0.1390D-04   0.0000D+00   0.3372D-05   0.3302D-06  -0.3741D-06   0.1081D-05   0.1114D-03  -0.7806D-05   0.1324D-04  -0.1903D-05   0.6317D-04  -0.9112D-05
  -0.8735D-06  -0.1897D-05  -0.5055D-06  -0.1004D-05  -0.8735D-06  -0.1897D-05  -0.5055D-06  -0.1004D-05
  0.500  1.000
  -0.9679D-05   0.0000D+00  -0.3887D-05   0.0000D+00   0.0000D+00   0.0000D+00  -0.1643D-05   0.0000D+00  -0.9679D-05   0.0000D+00  -0.3887D-05   0.0000D+00
   0.1335D-03   0.0000D+00   0.1633D-04   0.0000D+00   0.7997D-04   0.0000D+00   0.1522D-04   0.0000D+00   0.3382D-05   0.0000D+00   0.0000D+00   0.0000D+00   0.1335D-03   0.0000D+00   0.1633D-04   0.0000D+00   0.7997D-04   0.0000D+00
   0.0000D+00   0.0000D+00   0.0000D+00   0.0000D+00   0.0000D+00   0.0000D+00   0.0000D+00   0.0000D+00
  -0.1052D-04   0.3811D-06  -0.4143D-05   0.2771D-06   0.5982D-07  -0.1223D-06  -0.1687D-05   0.8611D-07  -0.1052D-04   0.3811D-06  -0.4143D-05   0.2771D-06
   0.1129D-03  -0.7275D-05   0.1345D-04  -0.1773D-05   0.6432D-04  -0.8492D-05   0.1399D-04   0.0000D+00   0.3373D-05   0.3077D-06  -0.3486D-06   0.1007D-05   0.1129D-03  -0.7275D-05   0.1345D-04  -0.1773D-05   0.6432D-04  -0.8492D-05
  -0.8140D-06  -0.1768D-05  -0.4711D-06  -0.9358D-06  -0.8140D-06  -0.1768D-05  -0.4711D-06  -0.9358D-06
  0.500  2.000
  -0.9064D-05   0.0000D+00  -0.3640D-05   0.0000D+00   0.0000D+00   0.0000D+00  -0.1538D-05   0.0000D+00  -0.9064D-05   0.0000D+00  -0.3640D-05   0.0000D+00
   0.1335D-03   0.0000D+00   0.1633D-04   0.0000D+00   0.7997D-04   0.0000D+00   0.1522D-04   0.0000D+00   0.3382D-05   0.0000D+00   0.0000D+00   0.0000D+00   0.1335D-03   0.0000D+00   0.1633D-04   0.0000D+00   0.7997D-04   0.0000D+00
   0.0000D+00   0.0000D+00   0.0000D+00   0.0000D+00   0.0000D+00   0.0000D+00   0.0000D+00   0.0000D+00
  -0.1036D-04   0.3341D-06  -0.4089D-05   0.2430D-06   0.5246D-07  -0.1073D-06  -0.1672D-05   0.7550D-07  -0.1036D-04   0.3341D-06  -0.4089D-05   0.2430D-06
   0.1142D-03  -0.6812D-05   0.1363D-04  -0.1661D-05   0.6532D-04  -0.7952D-05   0.1407D-04   0.0000D+00   0.3373D-05   0.2882D-06  -0.3265D-06   0.9431D-06   0.1142D-03  -0.6812D-05   0.1363D-04  -0.1661D-05   0.6532D-04  -0.7952D-05
  -0.7623D-06  -0.1656D-05  -0.4412D-06  -0.8763D-06  -0.7623D-06  -0.1656D-05  -0.4412D-06  -0.8763D-06
  1.000  0.500
  -0.8126D-05   0.0000D+00  -0.3248D-05   0.0000D+00   0.0000D+00   0.0000D+00  -0.1376D-05   0.0000D+00  -0.8126D-05   0.0000D+00  -0.3248D-05   0.0000D+00
   0.1041D-03   0.0000D+00   0.1271D-04   0.0000D+00   0.6253D-04   0.0000D+00   0.1189D-04   0.0000D+00   0.2642D-05   0.0000D+00   0.0000D+00   0.0000D+00   0.1041D-03   0.0000D+00   0.1271D-04   0.0000D+00   0.6253D-04   0.0000D+00
   0.0000D+00   0.0000D+00   0.0000D+00   0.0000D+00   0.0000D+00   0.0000D+00   0.0000D+00   0.0000D+00
  -0.1031D-04   0.3415D-06  -0.4057D-05   0.2492D-06   0.5282D-07  -0.1099D-06  -0.1657D-05   0.7705D-07  -0.1031D-04   0.3415D-06  -0.4057D-05   0.2492D-06
   0.1128D-03  -0.6105D-05   0.1346D-04  -0.1486D-05   0.6481D-04  -0.7102D-05   0.1379D-04   0.0000D+00   0.3282D-05   0.2580D-06  -0.2830D-06   0.8442D-06   0.1128D-03  -0.6105D-05   0.1346D-04  -0.1486D-05   0.6481D-04  -0.7102D-05
  -0.6834D-06  -0.1482D-05  -0.3941D-06  -0.7834D-06  -0.6834D-06  -0.1482D-05  -0.3941D-06  -0.7834D-06
  1.000  1.000
  -0.7573D-05   0.0000D+00  -0.3027D-05   0.0000D+00   0.0000D+00   0.0000D+00  -0.1282D-05   0.0000D+00  -0.7573D-05   0.0000D+00  -0.3027D-05   0.0000D+00
   0.1041D-03   0.0000D+00   0.1271D-04   0.0000D+00   0.6253D-04   0.0000D+00   0.1189D-04   0.0000D+00   0.2642D-05   0.0000D+00   0.0000D+00   0.0000D+00   0.1041D-03   0.0000D+00   0.1271D-04   0.0000D+00   0.6253D-04   0.0000D+00
   0.0000D+00   0.0000D+00   0.0000D+00   0.0000D+00   0.0000D+00   0.0000D+00   0.0000D+00   0.0000D+00
  -0.9967D-05   0.2966D-06  -0.3929D-05   0.2164D-06   0.4588D-07  -0.9546D-07  -0.1611D-05   0.6691D-07  -0.9967D-05   0.2966D-06  -0.3929D-05   0.2164D-06
   0.1122D-03  -0.5690D-05   0.1341D-04  -0.1385D-05   0.6466D-04  -0.6618D-05   0.1366D-04   0.0000D+00   0.3239D-05   0.2404D-06  -0.2637D-06   0.7867D-06   0.1122D-03  -0.5690D-05   0.1341D-04  -0.1385D-05   0.6466D-04  -0.6618D-05
  -0.6368D-06  -0.1381D-05  -0.3672D-06  -0.7300D-06  -0.6368D-06  -0.1381D-05  -0.3672D-06  -0.7300D-06
  1.000  2.000
  -0.7091D-05   0.0000D+00  -0.2834D-05   0.0000D+00   0.0000D+00   0.0000D+00  -0.1201D-05   0.0000D+00  -0.7091D-05   0.0000D+00  -0.2834D-05   0.0000D+00
   0.1041D-03   0.0000D+00   0.1271D-04   0.0000D+00   0.6253D-04   0.0000D+00   0.1189D-04   0.0000D+00   0.2642D-05   0.0000D+00   0.0000D+00   0.0000D+00   0.1041D-03   0.0000D+00   0.1271D-04   0.0000D+00   0.6253D-04   0.0000D+00
   0.0000D+00   0.0000D+00   0.0000D+00   0.0000D+00   0.0000D+00   0.0000D+00   0.0000D+00   0.0000D+00
  -0.9629D-05   0.2601D-06  -0.3800D-05   0.1898D-06   0.4023D-07  -0.8370D-07  -0.1563D-05   0.5867D-07  -0.9629D-05   0.2601D-06  -0.3800D-05   0.1898D-06
   0.1117D-03  -0.5328D-05   0.1337D-04  -0.1297D-05   0.6452D-04  -0.6198D-05   0.1354D-04   0.0000D+00   0.3201D-05   0.2251D-06  -0.2470D-06   0.7367D-06   0.1117D-03  -0.5328D-05   0.1337D-04  -0.1297D-05   0.6452D-04  -0.6198D-05
  -0.5963D-06  -0.1294D-05  -0.3439D-06  -0.6836D-06  -0.5963D-06  -0.1294D-05  -0.3439D-06  -0.6836D-06
  2.000  0.500
  -0.6460D-05   0.0000D+00  -0.2570D-05   0.0000D+00   0.0000D+00   0.0000D+00  -0.1091D-05   0.0000D+00  -0.6460D-05   0.0000D+00  -0.2570D-05   0.0000D+00
   0.8252D-04   0.0000D+00   0.1006D-04   0.0000D+00   0.4965D-04   0.0000D+00   0.9432D-05   0.0000D+00   0.2096D-05   0.0000D+00   0.0000D+00   0.0000D+00   0.8252D-04   0.0000D+00   0.1006D-04   0.0000D+00   0.4965D-04   0.0000D+00
   0.0000D+00   0.0000D+00   0.0000D+00   0.0000D+00   0.0000D+00   0.0000D+00   0.0000D+00   0.0000D+00
  -0.9795D-05   0.2703D-06  -0.3855D-05   0.1978D-06   0.4292D-07  -0.8716D-07  -0.1587D-05   0.6087D-07  -0.9795D-05   0.2703D-06  -0.3855D-05   0.1978D-06
   0.1100D-03  -0.4848D-05   0.1317D-04  -0.1180D-05   0.6377D-04  -0.5631D-05   0.1328D-04   0.0000D+00   0.3125D-05   0.2046D-06  -0.2213D-06   0.6697D-06   0.1100D-03  -0.4848D-05   0.1317D-04  -0.1180D-05   0.6377D-04  -0.5631D-05
  -0.5432D-06  -0.1176D-05  -0.3121D-06  -0.6201D-06  -0.5432D-06  -0.1176D-05  -0.3121D-06  -0.6201D-06
  2.000  1.000
  -0.6021D-05   0.0000D+00  -0.2395D-05   0.0000D+00   0.0000D+00   0.0000D+00  -0.1017D-05   0.0000D+00  -0.6021D-05   0.0000D+00  -0.2395D-05   0.0000D+00
   0.8252D-04   0.0000D+00   0.1006D-04   0.0000D+00   0.4965D-04   0.0000D+00   0.9432D-05   0.0000D+00   0.2096D-05   0.0000D+00   0.0000D+00   0.0000D+00   0.8252D-04   0.0000D+00   0.1006D-04   0.0000D+00   0.4965D-04   0.0000D+00
   0.0000D+00   0.0000D+00   0.0000D+00   0.0000D+00   0.0000D+00   0.0000D+00   0.0000D+00   0.0000D+00
  -0.9314D-05   0.2347D-06  -0.3669D-05   0.1718D-06   0.3728D-07  -0.7570D-07  -0.1515D-05   0.5287D-07  -0.9314D-05   0.2347D-06  -0.3669D-05   0.1718D-06
   0.1081D-03  -0.4518D-05   0.1296D-04  -0.1099D-05   0.6281D-04  -0.5247D-05   0.1302D-04   0.0000D+00   0.3055D-05   0.1907D-06  -0.2062D-06   0.6241D-06   0.1081D-03  -0.4518D-05   0.1296D-04  -0.1099D-05   0.6281D-04  -0.5247D-05
  -0.5062D-06  -0.1096D-05  -0.2909D-06  -0.5779D-06  -0.5062D-06  -0.1096D-05  -0.2909D-06  -0.5779D-06
  2.000  2.000
  -0.5638D-05   0.0000D+00  -0.2243D-05   0.0000D+00   0.0000D+00   0.0000D+00  -0.9520D-06   0.0000D+00  -0.5638D-05   0.0000D+00  -0.2243D-05   0.0000D+00
   0.8252D-04   0.0000D+00   0.1006D-04   0.0000D+00   0.4965D-04   0.0000D+00   0.9432D-05   0.0000D+00   0.2096D-05   0.0000D+00   0.0000D+00   0.0000D+00   0.8252D-04   0.0000D+00   0.1006D-04   0.0000D+00   0.4965D-04   0.0000D+00
   0.0000D+00   0.0000D+00   0.0000D+00   0.0000D+00   0.0000D+00   0.0000D+00   0.0000D+00   0.0000D+00
  -0.8874D-05   0.2058D-06  -0.3498D-05   0.1506D-06   0.3269D-07  -0.6637D-07  -0.1447D-05   0.4635D-07  -0.8874D-05   0.2058D-06  -0.3498D-05   0.1506D-06
   0.1065D-03  -0.4231D-05   0.1278D-04  -0.1029D-05   0.6198D-04  -0.4914D-05   0.1279D-04   0.0000D+00   0.2994D-05   0.1786D-06  -0.1931D-06   0.5844D-06   0.1065D-03  -0.4231D-05   0.1278D-04  -0.1029D-05   0.6198D-04  -0.4914D-05
  -0.4740D-06  -0.1026D-05  -0.2724D-06  -0.5411D-06  -0.4740D-06  -0.1026D-05  -0.2724D-06  -0.5411D-06
