 LHC=           1 sqrts=   8000.0000000000000      ang=           4 mode=fital                                                                                               scalescheme=           1 R=  0.69999999999999996     
 NNPDF23_nlo_as_0118                                                                                           45
 Bin information: chid, chiu, md, mu, mu0
   0.0000000000000000       0.50000000000000000        967.00000000000000        1032.0000000000000        999.50000000000000     
 9 scales(muf, mur)*(LO(38), NLO(38))
  0.500  0.500
  -0.1472D+00   0.0000D+00  -0.1059D+00   0.0000D+00   0.0000D+00   0.0000D+00  -0.5602D-01   0.0000D+00  -0.1472D+00   0.0000D+00  -0.1059D+00   0.0000D+00
   0.3189D+00   0.0000D+00   0.4964D-01   0.0000D+00   0.1273D+00   0.0000D+00   0.5979D-01   0.0000D+00   0.1329D-01   0.0000D+00   0.0000D+00   0.0000D+00   0.3189D+00   0.0000D+00   0.4964D-01   0.0000D+00   0.1273D+00   0.0000D+00
   0.0000D+00   0.0000D+00   0.0000D+00   0.0000D+00   0.0000D+00   0.0000D+00   0.0000D+00   0.0000D+00
  -0.1181D+00   0.1292D-01  -0.9262D-01   0.7385D-02   0.7566D-02  -0.5092D-02  -0.4928D-01   0.2249D-02  -0.1181D+00   0.1292D-01  -0.9262D-01   0.7385D-02
   0.2412D+00  -0.1414D-01   0.3871D-01  -0.4235D-02   0.6999D-01  -0.2603D-01   0.5067D-01   0.0000D+00   0.1247D-01   0.1474D-02  -0.2566D-02   0.4825D-02   0.2412D+00  -0.1414D-01   0.3871D-01  -0.4235D-02   0.6999D-01  -0.2603D-01
  -0.1420D-02  -0.3752D-02  -0.1702D-02  -0.3764D-02  -0.1420D-02  -0.3752D-02  -0.1702D-02  -0.3764D-02
  0.500  1.000
  -0.1368D+00   0.0000D+00  -0.9850D-01   0.0000D+00   0.0000D+00   0.0000D+00  -0.5209D-01   0.0000D+00  -0.1368D+00   0.0000D+00  -0.9850D-01   0.0000D+00
   0.3189D+00   0.0000D+00   0.4964D-01   0.0000D+00   0.1273D+00   0.0000D+00   0.5979D-01   0.0000D+00   0.1329D-01   0.0000D+00   0.0000D+00   0.0000D+00   0.3189D+00   0.0000D+00   0.4964D-01   0.0000D+00   0.1273D+00   0.0000D+00
   0.0000D+00   0.0000D+00   0.0000D+00   0.0000D+00   0.0000D+00   0.0000D+00   0.0000D+00   0.0000D+00
  -0.1220D+00   0.1117D-01  -0.9438D-01   0.6385D-02   0.6542D-02  -0.4402D-02  -0.5017D-01   0.1945D-02  -0.1220D+00   0.1117D-01  -0.9438D-01   0.6385D-02
   0.2467D+00  -0.1314D-01   0.3949D-01  -0.3937D-02   0.7403D-01  -0.2421D-01   0.5131D-01   0.0000D+00   0.1253D-01   0.1371D-02  -0.2386D-02   0.4487D-02   0.2467D+00  -0.1314D-01   0.3949D-01  -0.3937D-02   0.7403D-01  -0.2421D-01
  -0.1321D-02  -0.3489D-02  -0.1583D-02  -0.3500D-02  -0.1321D-02  -0.3489D-02  -0.1583D-02  -0.3500D-02
  0.500  2.000
  -0.1279D+00   0.0000D+00  -0.9205D-01   0.0000D+00   0.0000D+00   0.0000D+00  -0.4867D-01   0.0000D+00  -0.1279D+00   0.0000D+00  -0.9205D-01   0.0000D+00
   0.3189D+00   0.0000D+00   0.4964D-01   0.0000D+00   0.1273D+00   0.0000D+00   0.5979D-01   0.0000D+00   0.1329D-01   0.0000D+00   0.0000D+00   0.0000D+00   0.3189D+00   0.0000D+00   0.4964D-01   0.0000D+00   0.1273D+00   0.0000D+00
   0.0000D+00   0.0000D+00   0.0000D+00   0.0000D+00   0.0000D+00   0.0000D+00   0.0000D+00   0.0000D+00
  -0.1239D+00   0.9756D-02  -0.9490D-01   0.5576D-02   0.5713D-02  -0.3844D-02  -0.5041D-01   0.1698D-02  -0.1239D+00   0.9756D-02  -0.9490D-01   0.5576D-02
   0.2514D+00  -0.1228D-01   0.4016D-01  -0.3680D-02   0.7753D-01  -0.2262D-01   0.5187D-01   0.0000D+00   0.1258D-01   0.1281D-02  -0.2230D-02   0.4193D-02   0.2514D+00  -0.1228D-01   0.4016D-01  -0.3680D-02   0.7753D-01  -0.2262D-01
  -0.1234D-02  -0.3261D-02  -0.1479D-02  -0.3271D-02  -0.1234D-02  -0.3261D-02  -0.1479D-02  -0.3271D-02
  1.000  0.500
  -0.1316D+00   0.0000D+00  -0.9451D-01   0.0000D+00   0.0000D+00   0.0000D+00  -0.4973D-01   0.0000D+00  -0.1316D+00   0.0000D+00  -0.9451D-01   0.0000D+00
   0.2846D+00   0.0000D+00   0.4430D-01   0.0000D+00   0.1137D+00   0.0000D+00   0.5294D-01   0.0000D+00   0.1176D-01   0.0000D+00   0.0000D+00   0.0000D+00   0.2846D+00   0.0000D+00   0.4430D-01   0.0000D+00   0.1137D+00   0.0000D+00
   0.0000D+00   0.0000D+00   0.0000D+00   0.0000D+00   0.0000D+00   0.0000D+00   0.0000D+00   0.0000D+00
  -0.1201D+00   0.1153D-01  -0.9329D-01   0.6567D-02   0.6638D-02  -0.4519D-02  -0.4944D-01   0.2024D-02  -0.1201D+00   0.1153D-01  -0.9329D-01   0.6567D-02
   0.2473D+00  -0.1266D-01   0.3957D-01  -0.3794D-02   0.7532D-01  -0.2324D-01   0.5122D-01   0.0000D+00   0.1243D-01   0.1307D-02  -0.2306D-02   0.4277D-02   0.2473D+00  -0.1266D-01   0.3957D-01  -0.3794D-02   0.7532D-01  -0.2324D-01
  -0.1272D-02  -0.3346D-02  -0.1516D-02  -0.3342D-02  -0.1272D-02  -0.3346D-02  -0.1516D-02  -0.3342D-02
  1.000  1.000
  -0.1223D+00   0.0000D+00  -0.8788D-01   0.0000D+00   0.0000D+00   0.0000D+00  -0.4624D-01   0.0000D+00  -0.1223D+00   0.0000D+00  -0.8788D-01   0.0000D+00
   0.2846D+00   0.0000D+00   0.4430D-01   0.0000D+00   0.1137D+00   0.0000D+00   0.5294D-01   0.0000D+00   0.1176D-01   0.0000D+00   0.0000D+00   0.0000D+00   0.2846D+00   0.0000D+00   0.4430D-01   0.0000D+00   0.1137D+00   0.0000D+00
   0.0000D+00   0.0000D+00   0.0000D+00   0.0000D+00   0.0000D+00   0.0000D+00   0.0000D+00   0.0000D+00
  -0.1216D+00   0.9964D-02  -0.9341D-01   0.5677D-02   0.5740D-02  -0.3906D-02  -0.4945D-01   0.1750D-02  -0.1216D+00   0.9964D-02  -0.9341D-01   0.5677D-02
   0.2500D+00  -0.1177D-01   0.3991D-01  -0.3527D-02   0.7803D-01  -0.2161D-01   0.5134D-01   0.0000D+00   0.1238D-01   0.1215D-02  -0.2144D-02   0.3976D-02   0.2500D+00  -0.1177D-01   0.3991D-01  -0.3527D-02   0.7803D-01  -0.2161D-01
  -0.1183D-02  -0.3111D-02  -0.1410D-02  -0.3107D-02  -0.1183D-02  -0.3111D-02  -0.1410D-02  -0.3107D-02
  1.000  2.000
  -0.1143D+00   0.0000D+00  -0.8212D-01   0.0000D+00   0.0000D+00   0.0000D+00  -0.4321D-01   0.0000D+00  -0.1143D+00   0.0000D+00  -0.8212D-01   0.0000D+00
   0.2846D+00   0.0000D+00   0.4430D-01   0.0000D+00   0.1137D+00   0.0000D+00   0.5294D-01   0.0000D+00   0.1176D-01   0.0000D+00   0.0000D+00   0.0000D+00   0.2846D+00   0.0000D+00   0.4430D-01   0.0000D+00   0.1137D+00   0.0000D+00
   0.0000D+00   0.0000D+00   0.0000D+00   0.0000D+00   0.0000D+00   0.0000D+00   0.0000D+00   0.0000D+00
  -0.1217D+00   0.8701D-02  -0.9271D-01   0.4958D-02   0.5013D-02  -0.3412D-02  -0.4905D-01   0.1528D-02  -0.1217D+00   0.8701D-02  -0.9271D-01   0.4958D-02
   0.2523D+00  -0.1100D-01   0.4020D-01  -0.3296D-02   0.8037D-01  -0.2019D-01   0.5145D-01   0.0000D+00   0.1234D-01   0.1135D-02  -0.2004D-02   0.3716D-02   0.2523D+00  -0.1100D-01   0.4020D-01  -0.3296D-02   0.8037D-01  -0.2019D-01
  -0.1106D-02  -0.2908D-02  -0.1317D-02  -0.2904D-02  -0.1106D-02  -0.2908D-02  -0.1317D-02  -0.2904D-02
  2.000  0.500
  -0.1185D+00   0.0000D+00  -0.8490D-01   0.0000D+00   0.0000D+00   0.0000D+00  -0.4441D-01   0.0000D+00  -0.1185D+00   0.0000D+00  -0.8490D-01   0.0000D+00
   0.2559D+00   0.0000D+00   0.3980D-01   0.0000D+00   0.1025D+00   0.0000D+00   0.4720D-01   0.0000D+00   0.1049D-01   0.0000D+00   0.0000D+00   0.0000D+00   0.2559D+00   0.0000D+00   0.3980D-01   0.0000D+00   0.1025D+00   0.0000D+00
   0.0000D+00   0.0000D+00   0.0000D+00   0.0000D+00   0.0000D+00   0.0000D+00   0.0000D+00   0.0000D+00
  -0.1219D+00   0.1034D-01  -0.9348D-01   0.5885D-02   0.5890D-02  -0.4038D-02  -0.4965D-01   0.1831D-02  -0.1219D+00   0.1034D-01  -0.9348D-01   0.5885D-02
   0.2517D+00  -0.1138D-01   0.4016D-01  -0.3409D-02   0.7923D-01  -0.2093D-01   0.5143D-01   0.0000D+00   0.1236D-01   0.1165D-02  -0.2069D-02   0.3813D-02   0.2517D+00  -0.1138D-01   0.4016D-01  -0.3409D-02   0.7923D-01  -0.2093D-01
  -0.1146D-02  -0.3012D-02  -0.1360D-02  -0.2999D-02  -0.1146D-02  -0.3012D-02  -0.1360D-02  -0.2999D-02
  2.000  1.000
  -0.1101D+00   0.0000D+00  -0.7894D-01   0.0000D+00   0.0000D+00   0.0000D+00  -0.4130D-01   0.0000D+00  -0.1101D+00   0.0000D+00  -0.7894D-01   0.0000D+00
   0.2559D+00   0.0000D+00   0.3980D-01   0.0000D+00   0.1025D+00   0.0000D+00   0.4720D-01   0.0000D+00   0.1049D-01   0.0000D+00   0.0000D+00   0.0000D+00   0.2559D+00   0.0000D+00   0.3980D-01   0.0000D+00   0.1025D+00   0.0000D+00
   0.0000D+00   0.0000D+00   0.0000D+00   0.0000D+00   0.0000D+00   0.0000D+00   0.0000D+00   0.0000D+00
  -0.1214D+00   0.8938D-02  -0.9228D-01   0.5088D-02   0.5092D-02  -0.3491D-02  -0.4892D-01   0.1583D-02  -0.1214D+00   0.8938D-02  -0.9228D-01   0.5088D-02
   0.2520D+00  -0.1058D-01   0.4014D-01  -0.3170D-02   0.8087D-01  -0.1946D-01   0.5114D-01   0.0000D+00   0.1223D-01   0.1083D-02  -0.1924D-02   0.3545D-02   0.2520D+00  -0.1058D-01   0.4014D-01  -0.3170D-02   0.8087D-01  -0.1946D-01
  -0.1066D-02  -0.2801D-02  -0.1264D-02  -0.2788D-02  -0.1066D-02  -0.2801D-02  -0.1264D-02  -0.2788D-02
  2.000  2.000
  -0.1029D+00   0.0000D+00  -0.7377D-01   0.0000D+00   0.0000D+00   0.0000D+00  -0.3859D-01   0.0000D+00  -0.1029D+00   0.0000D+00  -0.7377D-01   0.0000D+00
   0.2559D+00   0.0000D+00   0.3980D-01   0.0000D+00   0.1025D+00   0.0000D+00   0.4720D-01   0.0000D+00   0.1049D-01   0.0000D+00   0.0000D+00   0.0000D+00   0.2559D+00   0.0000D+00   0.3980D-01   0.0000D+00   0.1025D+00   0.0000D+00
   0.0000D+00   0.0000D+00   0.0000D+00   0.0000D+00   0.0000D+00   0.0000D+00   0.0000D+00   0.0000D+00
  -0.1200D+00   0.7806D-02  -0.9059D-01   0.4443D-02   0.4448D-02  -0.3049D-02  -0.4795D-01   0.1382D-02  -0.1200D+00   0.7806D-02  -0.9059D-01   0.4443D-02
   0.2523D+00  -0.9885D-02   0.4012D-01  -0.2962D-02   0.8229D-01  -0.1818D-01   0.5089D-01   0.0000D+00   0.1211D-01   0.1012D-02  -0.1798D-02   0.3313D-02   0.2523D+00  -0.9885D-02   0.4012D-01  -0.2962D-02   0.8229D-01  -0.1818D-01
  -0.9959D-03  -0.2617D-02  -0.1181D-02  -0.2606D-02  -0.9959D-03  -0.2617D-02  -0.1181D-02  -0.2606D-02
