 LHC=           1 sqrts=   8000.0000000000000      ang=           4 mode=fital                                                                                               scalescheme=           1 R=  0.69999999999999996     
 NNPDF23_nlo_as_0118                                                                                           30
 Bin information: chid, chiu, md, mu, mu0
   0.0000000000000000       0.50000000000000000        592.00000000000000        638.00000000000000        615.00000000000000     
 9 scales(muf, mur)*(LO(38), NLO(38))
  0.500  0.500
  -0.5685D+00   0.0000D+00  -0.4935D+00   0.0000D+00   0.0000D+00   0.0000D+00  -0.3589D+00   0.0000D+00  -0.5685D+00   0.0000D+00  -0.4935D+00   0.0000D+00
   0.5367D+00   0.0000D+00   0.8907D-01   0.0000D+00   0.1821D+00   0.0000D+00   0.1464D+00   0.0000D+00   0.3254D-01   0.0000D+00   0.0000D+00   0.0000D+00   0.5367D+00   0.0000D+00   0.8907D-01   0.0000D+00   0.1821D+00   0.0000D+00
   0.0000D+00   0.0000D+00   0.0000D+00   0.0000D+00   0.0000D+00   0.0000D+00   0.0000D+00   0.0000D+00
  -0.4329D+00   0.6546D-01  -0.4269D+00   0.3865D-01   0.4091D-01  -0.3447D-01  -0.3285D+00   0.5383D-02  -0.4329D+00   0.6546D-01  -0.4269D+00   0.3865D-01
   0.4435D+00  -0.2136D-01   0.7608D-01  -0.7045D-02   0.1014D+00  -0.4699D-01   0.1308D+00   0.0000D+00   0.3274D-01   0.3818D-02  -0.3106D-02   0.1249D-01   0.4435D+00  -0.2136D-01   0.7608D-01  -0.7045D-02   0.1014D+00  -0.4699D-01
  -0.1948D-02  -0.6235D-02  -0.3371D-02  -0.7978D-02  -0.1948D-02  -0.6235D-02  -0.3371D-02  -0.7978D-02
  0.500  1.000
  -0.5265D+00   0.0000D+00  -0.4571D+00   0.0000D+00   0.0000D+00   0.0000D+00  -0.3323D+00   0.0000D+00  -0.5265D+00   0.0000D+00  -0.4571D+00   0.0000D+00
   0.5367D+00   0.0000D+00   0.8907D-01   0.0000D+00   0.1821D+00   0.0000D+00   0.1464D+00   0.0000D+00   0.3254D-01   0.0000D+00   0.0000D+00   0.0000D+00   0.5367D+00   0.0000D+00   0.8907D-01   0.0000D+00   0.1821D+00   0.0000D+00
   0.0000D+00   0.0000D+00   0.0000D+00   0.0000D+00   0.0000D+00   0.0000D+00   0.0000D+00   0.0000D+00
  -0.4517D+00   0.5613D-01  -0.4360D+00   0.3314D-01   0.3508D-01  -0.2956D-01  -0.3325D+00   0.4616D-02  -0.4517D+00   0.5613D-01  -0.4360D+00   0.3314D-01
   0.4505D+00  -0.1978D-01   0.7705D-01  -0.6525D-02   0.1074D+00  -0.4352D-01   0.1320D+00   0.0000D+00   0.3273D-01   0.3536D-02  -0.2876D-02   0.1157D-01   0.4505D+00  -0.1978D-01   0.7705D-01  -0.6525D-02   0.1074D+00  -0.4352D-01
  -0.1804D-02  -0.5774D-02  -0.3122D-02  -0.7388D-02  -0.1804D-02  -0.5774D-02  -0.3122D-02  -0.7388D-02
  0.500  2.000
  -0.4903D+00   0.0000D+00  -0.4256D+00   0.0000D+00   0.0000D+00   0.0000D+00  -0.3095D+00   0.0000D+00  -0.4903D+00   0.0000D+00  -0.4256D+00   0.0000D+00
   0.5367D+00   0.0000D+00   0.8907D-01   0.0000D+00   0.1821D+00   0.0000D+00   0.1464D+00   0.0000D+00   0.3254D-01   0.0000D+00   0.0000D+00   0.0000D+00   0.5367D+00   0.0000D+00   0.8907D-01   0.0000D+00   0.1821D+00   0.0000D+00
   0.0000D+00   0.0000D+00   0.0000D+00   0.0000D+00   0.0000D+00   0.0000D+00   0.0000D+00   0.0000D+00
  -0.4615D+00   0.4868D-01  -0.4387D+00   0.2874D-01   0.3042D-01  -0.2564D-01  -0.3324D+00   0.4003D-02  -0.4615D+00   0.4868D-01  -0.4387D+00   0.2874D-01
   0.4565D+00  -0.1842D-01   0.7789D-01  -0.6076D-02   0.1126D+00  -0.4053D-01   0.1330D+00   0.0000D+00   0.3272D-01   0.3293D-02  -0.2679D-02   0.1078D-01   0.4565D+00  -0.1842D-01   0.7789D-01  -0.6076D-02   0.1126D+00  -0.4053D-01
  -0.1680D-02  -0.5377D-02  -0.2907D-02  -0.6880D-02  -0.1680D-02  -0.5377D-02  -0.2907D-02  -0.6880D-02
  1.000  0.500
  -0.5253D+00   0.0000D+00  -0.4561D+00   0.0000D+00   0.0000D+00   0.0000D+00  -0.3296D+00   0.0000D+00  -0.5253D+00   0.0000D+00  -0.4561D+00   0.0000D+00
   0.4947D+00   0.0000D+00   0.8171D-01   0.0000D+00   0.1685D+00   0.0000D+00   0.1346D+00   0.0000D+00   0.2991D-01   0.0000D+00   0.0000D+00   0.0000D+00   0.4947D+00   0.0000D+00   0.8171D-01   0.0000D+00   0.1685D+00   0.0000D+00
   0.0000D+00   0.0000D+00   0.0000D+00   0.0000D+00   0.0000D+00   0.0000D+00   0.0000D+00   0.0000D+00
  -0.4431D+00   0.6047D-01  -0.4318D+00   0.3562D-01   0.3789D-01  -0.3163D-01  -0.3281D+00   0.5034D-02  -0.4431D+00   0.6047D-01  -0.4318D+00   0.3562D-01
   0.4470D+00  -0.1975D-01   0.7598D-01  -0.6501D-02   0.1063D+00  -0.4327D-01   0.1312D+00   0.0000D+00   0.3249D-01   0.3507D-02  -0.2934D-02   0.1148D-01   0.4470D+00  -0.1975D-01   0.7598D-01  -0.6501D-02   0.1063D+00  -0.4327D-01
  -0.1804D-02  -0.5770D-02  -0.3109D-02  -0.7365D-02  -0.1804D-02  -0.5770D-02  -0.3109D-02  -0.7365D-02
  1.000  1.000
  -0.4865D+00   0.0000D+00  -0.4224D+00   0.0000D+00   0.0000D+00   0.0000D+00  -0.3052D+00   0.0000D+00  -0.4865D+00   0.0000D+00  -0.4224D+00   0.0000D+00
   0.4947D+00   0.0000D+00   0.8171D-01   0.0000D+00   0.1685D+00   0.0000D+00   0.1346D+00   0.0000D+00   0.2991D-01   0.0000D+00   0.0000D+00   0.0000D+00   0.4947D+00   0.0000D+00   0.8171D-01   0.0000D+00   0.1685D+00   0.0000D+00
   0.0000D+00   0.0000D+00   0.0000D+00   0.0000D+00   0.0000D+00   0.0000D+00   0.0000D+00   0.0000D+00
  -0.4544D+00   0.5186D-01  -0.4349D+00   0.3055D-01   0.3249D-01  -0.2713D-01  -0.3280D+00   0.4317D-02  -0.4544D+00   0.5186D-01  -0.4349D+00   0.3055D-01
   0.4506D+00  -0.1829D-01   0.7642D-01  -0.6021D-02   0.1110D+00  -0.4007D-01   0.1314D+00   0.0000D+00   0.3230D-01   0.3248D-02  -0.2717D-02   0.1063D-01   0.4506D+00  -0.1829D-01   0.7642D-01  -0.6021D-02   0.1110D+00  -0.4007D-01
  -0.1671D-02  -0.5343D-02  -0.2879D-02  -0.6821D-02  -0.1671D-02  -0.5343D-02  -0.2879D-02  -0.6821D-02
  1.000  2.000
  -0.4530D+00   0.0000D+00  -0.3934D+00   0.0000D+00   0.0000D+00   0.0000D+00  -0.2842D+00   0.0000D+00  -0.4530D+00   0.0000D+00  -0.3934D+00   0.0000D+00
   0.4947D+00   0.0000D+00   0.8171D-01   0.0000D+00   0.1685D+00   0.0000D+00   0.1346D+00   0.0000D+00   0.2991D-01   0.0000D+00   0.0000D+00   0.0000D+00   0.4947D+00   0.0000D+00   0.8171D-01   0.0000D+00   0.1685D+00   0.0000D+00
   0.0000D+00   0.0000D+00   0.0000D+00   0.0000D+00   0.0000D+00   0.0000D+00   0.0000D+00   0.0000D+00
  -0.4585D+00   0.4498D-01  -0.4331D+00   0.2649D-01   0.2818D-01  -0.2353D-01  -0.3249D+00   0.3744D-02  -0.4585D+00   0.4498D-01  -0.4331D+00   0.2649D-01
   0.4537D+00  -0.1704D-01   0.7679D-01  -0.5607D-02   0.1149D+00  -0.3732D-01   0.1317D+00   0.0000D+00   0.3214D-01   0.3025D-02  -0.2531D-02   0.9899D-02   0.4537D+00  -0.1704D-01   0.7679D-01  -0.5607D-02   0.1149D+00  -0.3732D-01
  -0.1556D-02  -0.4976D-02  -0.2681D-02  -0.6352D-02  -0.1556D-02  -0.4976D-02  -0.2681D-02  -0.6352D-02
  2.000  0.500
  -0.4877D+00   0.0000D+00  -0.4221D+00   0.0000D+00   0.0000D+00   0.0000D+00  -0.3043D+00   0.0000D+00  -0.4877D+00   0.0000D+00  -0.4221D+00   0.0000D+00
   0.4569D+00   0.0000D+00   0.7556D-01   0.0000D+00   0.1561D+00   0.0000D+00   0.1238D+00   0.0000D+00   0.2752D-01   0.0000D+00   0.0000D+00   0.0000D+00   0.4569D+00   0.0000D+00   0.7556D-01   0.0000D+00   0.1561D+00   0.0000D+00
   0.0000D+00   0.0000D+00   0.0000D+00   0.0000D+00   0.0000D+00   0.0000D+00   0.0000D+00   0.0000D+00
  -0.4507D+00   0.5602D-01  -0.4352D+00   0.3297D-01   0.3488D-01  -0.2920D-01  -0.3298D+00   0.4720D-02  -0.4507D+00   0.5602D-01  -0.4352D+00   0.3297D-01
   0.4498D+00  -0.1832D-01   0.7653D-01  -0.6012D-02   0.1115D+00  -0.4002D-01   0.1316D+00   0.0000D+00   0.3223D-01   0.3226D-02  -0.2727D-02   0.1056D-01   0.4498D+00  -0.1832D-01   0.7653D-01  -0.6012D-02   0.1115D+00  -0.4002D-01
  -0.1679D-02  -0.5314D-02  -0.2875D-02  -0.6762D-02  -0.1679D-02  -0.5314D-02  -0.2875D-02  -0.6762D-02
  2.000  1.000
  -0.4517D+00   0.0000D+00  -0.3909D+00   0.0000D+00   0.0000D+00   0.0000D+00  -0.2818D+00   0.0000D+00  -0.4517D+00   0.0000D+00  -0.3909D+00   0.0000D+00
   0.4569D+00   0.0000D+00   0.7556D-01   0.0000D+00   0.1561D+00   0.0000D+00   0.1238D+00   0.0000D+00   0.2752D-01   0.0000D+00   0.0000D+00   0.0000D+00   0.4569D+00   0.0000D+00   0.7556D-01   0.0000D+00   0.1561D+00   0.0000D+00
   0.0000D+00   0.0000D+00   0.0000D+00   0.0000D+00   0.0000D+00   0.0000D+00   0.0000D+00   0.0000D+00
  -0.4556D+00   0.4804D-01  -0.4330D+00   0.2827D-01   0.2991D-01  -0.2504D-01  -0.3259D+00   0.4048D-02  -0.4556D+00   0.4804D-01  -0.4330D+00   0.2827D-01
   0.4504D+00  -0.1696D-01   0.7647D-01  -0.5568D-02   0.1148D+00  -0.3706D-01   0.1310D+00   0.0000D+00   0.3189D-01   0.2988D-02  -0.2526D-02   0.9778D-02   0.4504D+00  -0.1696D-01   0.7647D-01  -0.5568D-02   0.1148D+00  -0.3706D-01
  -0.1555D-02  -0.4921D-02  -0.2662D-02  -0.6262D-02  -0.1555D-02  -0.4921D-02  -0.2662D-02  -0.6262D-02
  2.000  2.000
  -0.4206D+00   0.0000D+00  -0.3640D+00   0.0000D+00   0.0000D+00   0.0000D+00  -0.2624D+00   0.0000D+00  -0.4206D+00   0.0000D+00  -0.3640D+00   0.0000D+00
   0.4569D+00   0.0000D+00   0.7556D-01   0.0000D+00   0.1561D+00   0.0000D+00   0.1238D+00   0.0000D+00   0.2752D-01   0.0000D+00   0.0000D+00   0.0000D+00   0.4569D+00   0.0000D+00   0.7556D-01   0.0000D+00   0.1561D+00   0.0000D+00
   0.0000D+00   0.0000D+00   0.0000D+00   0.0000D+00   0.0000D+00   0.0000D+00   0.0000D+00   0.0000D+00
  -0.4550D+00   0.4167D-01  -0.4273D+00   0.2452D-01   0.2594D-01  -0.2171D-01  -0.3200D+00   0.3510D-02  -0.4550D+00   0.4167D-01  -0.4273D+00   0.2452D-01
   0.4509D+00  -0.1580D-01   0.7642D-01  -0.5185D-02   0.1177D+00  -0.3452D-01   0.1305D+00   0.0000D+00   0.3159D-01   0.2782D-02  -0.2352D-02   0.9106D-02   0.4509D+00  -0.1580D-01   0.7642D-01  -0.5185D-02   0.1177D+00  -0.3452D-01
  -0.1448D-02  -0.4583D-02  -0.2479D-02  -0.5832D-02  -0.1448D-02  -0.4583D-02  -0.2479D-02  -0.5832D-02
