 LHC=           1 sqrts=   8000.0000000000000      ang=           4 mode=fital                                                                                               scalescheme=           1 R=  0.69999999999999996     
 CT10nlo_rand5678                                                                                             104
 Bin information: chid, chiu, md, mu, mu0
   0.0000000000000000       0.50000000000000000        395.00000000000000        430.00000000000000        412.50000000000000     
 9 scales(muf, mur)*(LO(38), NLO(38))
  0.500  0.500
  -0.1311D+01   0.0000D+00  -0.1305D+01   0.0000D+00   0.0000D+00   0.0000D+00  -0.1093D+01   0.0000D+00  -0.1311D+01   0.0000D+00  -0.1305D+01   0.0000D+00
   0.6078D+00   0.0000D+00   0.1043D+00   0.0000D+00   0.1852D+00   0.0000D+00   0.1958D+00   0.0000D+00   0.4350D-01   0.0000D+00   0.0000D+00   0.0000D+00   0.6078D+00   0.0000D+00   0.1043D+00   0.0000D+00   0.1852D+00   0.0000D+00
   0.0000D+00   0.0000D+00   0.0000D+00   0.0000D+00   0.0000D+00   0.0000D+00   0.0000D+00   0.0000D+00
  -0.9713D+00   0.1849D+00  -0.1116D+01   0.1105D+00   0.1128D+00  -0.1097D+00  -0.1003D+01   0.5846D-02  -0.9713D+00   0.1849D+00  -0.1116D+01   0.1105D+00
   0.5567D+00  -0.2272D-01   0.9801D-01  -0.7978D-02   0.1123D+00  -0.5598D-01   0.1890D+00   0.0000D+00   0.4720D-01   0.5338D-02  -0.2814D-02   0.1747D-01   0.5567D+00  -0.2272D-01   0.9801D-01  -0.7978D-02   0.1123D+00  -0.5598D-01
  -0.1862D-02  -0.7077D-02  -0.4117D-02  -0.1036D-01  -0.1862D-02  -0.7077D-02  -0.4117D-02  -0.1036D-01
  0.500  1.000
  -0.1200D+01   0.0000D+00  -0.1195D+01   0.0000D+00   0.0000D+00   0.0000D+00  -0.1000D+01   0.0000D+00  -0.1200D+01   0.0000D+00  -0.1195D+01   0.0000D+00
   0.6078D+00   0.0000D+00   0.1043D+00   0.0000D+00   0.1852D+00   0.0000D+00   0.1958D+00   0.0000D+00   0.4350D-01   0.0000D+00   0.0000D+00   0.0000D+00   0.6078D+00   0.0000D+00   0.1043D+00   0.0000D+00   0.1852D+00   0.0000D+00
   0.0000D+00   0.0000D+00   0.0000D+00   0.0000D+00   0.0000D+00   0.0000D+00   0.0000D+00   0.0000D+00
  -0.1013D+01   0.1549D+00  -0.1134D+01   0.9257D-01   0.9448D-01  -0.9192D-01  -0.1007D+01   0.4898D-02  -0.1013D+01   0.1549D+00  -0.1134D+01   0.9257D-01
   0.5613D+00  -0.2080D-01   0.9859D-01  -0.7302D-02   0.1186D+00  -0.5124D-01   0.1896D+00   0.0000D+00   0.4690D-01   0.4886D-02  -0.2575D-02   0.1599D-01   0.5613D+00  -0.2080D-01   0.9859D-01  -0.7302D-02   0.1186D+00  -0.5124D-01
  -0.1705D-02  -0.6478D-02  -0.3768D-02  -0.9487D-02  -0.1705D-02  -0.6478D-02  -0.3768D-02  -0.9487D-02
  0.500  2.000
  -0.1106D+01   0.0000D+00  -0.1102D+01   0.0000D+00   0.0000D+00   0.0000D+00  -0.9222D+00   0.0000D+00  -0.1106D+01   0.0000D+00  -0.1102D+01   0.0000D+00
   0.6078D+00   0.0000D+00   0.1043D+00   0.0000D+00   0.1852D+00   0.0000D+00   0.1958D+00   0.0000D+00   0.4350D-01   0.0000D+00   0.0000D+00   0.0000D+00   0.6078D+00   0.0000D+00   0.1043D+00   0.0000D+00   0.1852D+00   0.0000D+00
   0.0000D+00   0.0000D+00   0.0000D+00   0.0000D+00   0.0000D+00   0.0000D+00   0.0000D+00   0.0000D+00
  -0.1031D+01   0.1317D+00  -0.1133D+01   0.7872D-01   0.8034D-01  -0.7817D-01  -0.9972D+00   0.4165D-02  -0.1031D+01   0.1317D+00  -0.1133D+01   0.7872D-01
   0.5651D+00  -0.1918D-01   0.9906D-01  -0.6734D-02   0.1238D+00  -0.4725D-01   0.1901D+00   0.0000D+00   0.4665D-01   0.4505D-02  -0.2374D-02   0.1474D-01   0.5651D+00  -0.1918D-01   0.9906D-01  -0.6734D-02   0.1238D+00  -0.4725D-01
  -0.1572D-02  -0.5974D-02  -0.3475D-02  -0.8748D-02  -0.1572D-02  -0.5974D-02  -0.3475D-02  -0.8748D-02
  1.000  0.500
  -0.1238D+01   0.0000D+00  -0.1236D+01   0.0000D+00   0.0000D+00   0.0000D+00  -0.1033D+01   0.0000D+00  -0.1238D+01   0.0000D+00  -0.1236D+01   0.0000D+00
   0.5729D+00   0.0000D+00   0.9817D-01   0.0000D+00   0.1744D+00   0.0000D+00   0.1851D+00   0.0000D+00   0.4113D-01   0.0000D+00   0.0000D+00   0.0000D+00   0.5729D+00   0.0000D+00   0.9817D-01   0.0000D+00   0.1744D+00   0.0000D+00
   0.0000D+00   0.0000D+00   0.0000D+00   0.0000D+00   0.0000D+00   0.0000D+00   0.0000D+00   0.0000D+00
  -0.9935D+00   0.1749D+00  -0.1123D+01   0.1044D+00   0.1063D+00  -0.1038D+00  -0.1009D+01   0.5637D-02  -0.9935D+00   0.1749D+00  -0.1123D+01   0.1044D+00
   0.5527D+00  -0.2139D-01   0.9711D-01  -0.7531D-02   0.1139D+00  -0.5308D-01   0.1878D+00   0.0000D+00   0.4654D-01   0.5045D-02  -0.2870D-02   0.1651D-01   0.5527D+00  -0.2139D-01   0.9711D-01  -0.7531D-02   0.1139D+00  -0.5308D-01
  -0.1764D-02  -0.6797D-02  -0.3906D-02  -0.9777D-02  -0.1764D-02  -0.6797D-02  -0.3906D-02  -0.9777D-02
  1.000  1.000
  -0.1133D+01   0.0000D+00  -0.1131D+01   0.0000D+00   0.0000D+00   0.0000D+00  -0.9459D+00   0.0000D+00  -0.1133D+01   0.0000D+00  -0.1131D+01   0.0000D+00
   0.5729D+00   0.0000D+00   0.9817D-01   0.0000D+00   0.1744D+00   0.0000D+00   0.1851D+00   0.0000D+00   0.4113D-01   0.0000D+00   0.0000D+00   0.0000D+00   0.5729D+00   0.0000D+00   0.9817D-01   0.0000D+00   0.1744D+00   0.0000D+00
   0.0000D+00   0.0000D+00   0.0000D+00   0.0000D+00   0.0000D+00   0.0000D+00   0.0000D+00   0.0000D+00
  -0.1021D+01   0.1465D+00  -0.1129D+01   0.8742D-01   0.8904D-01  -0.8694D-01  -0.1003D+01   0.4723D-02  -0.1021D+01   0.1465D+00  -0.1129D+01   0.8742D-01
   0.5546D+00  -0.1957D-01   0.9724D-01  -0.6893D-02   0.1191D+00  -0.4858D-01   0.1877D+00   0.0000D+00   0.4610D-01   0.4618D-02  -0.2627D-02   0.1511D-01   0.5546D+00  -0.1957D-01   0.9724D-01  -0.6893D-02   0.1191D+00  -0.4858D-01
  -0.1615D-02  -0.6221D-02  -0.3575D-02  -0.8949D-02  -0.1615D-02  -0.6221D-02  -0.3575D-02  -0.8949D-02
  1.000  2.000
  -0.1045D+01   0.0000D+00  -0.1043D+01   0.0000D+00   0.0000D+00   0.0000D+00  -0.8723D+00   0.0000D+00  -0.1045D+01   0.0000D+00  -0.1043D+01   0.0000D+00
   0.5729D+00   0.0000D+00   0.9817D-01   0.0000D+00   0.1744D+00   0.0000D+00   0.1851D+00   0.0000D+00   0.4113D-01   0.0000D+00   0.0000D+00   0.0000D+00   0.5729D+00   0.0000D+00   0.9817D-01   0.0000D+00   0.1744D+00   0.0000D+00
   0.0000D+00   0.0000D+00   0.0000D+00   0.0000D+00   0.0000D+00   0.0000D+00   0.0000D+00   0.0000D+00
  -0.1028D+01   0.1246D+00  -0.1120D+01   0.7434D-01   0.7571D-01  -0.7393D-01  -0.9862D+00   0.4016D-02  -0.1028D+01   0.1246D+00  -0.1120D+01   0.7434D-01
   0.5562D+00  -0.1805D-01   0.9735D-01  -0.6357D-02   0.1234D+00  -0.4480D-01   0.1875D+00   0.0000D+00   0.4572D-01   0.4259D-02  -0.2422D-02   0.1394D-01   0.5562D+00  -0.1805D-01   0.9735D-01  -0.6357D-02   0.1234D+00  -0.4480D-01
  -0.1489D-02  -0.5737D-02  -0.3297D-02  -0.8253D-02  -0.1489D-02  -0.5737D-02  -0.3297D-02  -0.8253D-02
  2.000  0.500
  -0.1171D+01   0.0000D+00  -0.1174D+01   0.0000D+00   0.0000D+00   0.0000D+00  -0.9797D+00   0.0000D+00  -0.1171D+01   0.0000D+00  -0.1174D+01   0.0000D+00
   0.5419D+00   0.0000D+00   0.9316D-01   0.0000D+00   0.1647D+00   0.0000D+00   0.1745D+00   0.0000D+00   0.3878D-01   0.0000D+00   0.0000D+00   0.0000D+00   0.5419D+00   0.0000D+00   0.9316D-01   0.0000D+00   0.1647D+00   0.0000D+00
   0.0000D+00   0.0000D+00   0.0000D+00   0.0000D+00   0.0000D+00   0.0000D+00   0.0000D+00   0.0000D+00
  -0.1011D+01   0.1657D+00  -0.1141D+01   0.9877D-01   0.1011D+00  -0.9835D-01  -0.1023D+01   0.5416D-02  -0.1011D+01   0.1657D+00  -0.1141D+01   0.9877D-01
   0.5531D+00  -0.2020D-01   0.9711D-01  -0.7108D-02   0.1161D+00  -0.4980D-01   0.1877D+00   0.0000D+00   0.4624D-01   0.4758D-02  -0.2516D-02   0.1557D-01   0.5531D+00  -0.2020D-01   0.9711D-01  -0.7108D-02   0.1161D+00  -0.4980D-01
  -0.1673D-02  -0.6426D-02  -0.3713D-02  -0.9242D-02  -0.1673D-02  -0.6426D-02  -0.3713D-02  -0.9242D-02
  2.000  1.000
  -0.1072D+01   0.0000D+00  -0.1075D+01   0.0000D+00   0.0000D+00   0.0000D+00  -0.8967D+00   0.0000D+00  -0.1072D+01   0.0000D+00  -0.1075D+01   0.0000D+00
   0.5419D+00   0.0000D+00   0.9316D-01   0.0000D+00   0.1647D+00   0.0000D+00   0.1745D+00   0.0000D+00   0.3878D-01   0.0000D+00   0.0000D+00   0.0000D+00   0.5419D+00   0.0000D+00   0.9316D-01   0.0000D+00   0.1647D+00   0.0000D+00
   0.0000D+00   0.0000D+00   0.0000D+00   0.0000D+00   0.0000D+00   0.0000D+00   0.0000D+00   0.0000D+00
  -0.1026D+01   0.1388D+00  -0.1135D+01   0.8275D-01   0.8467D-01  -0.8240D-01  -0.1006D+01   0.4538D-02  -0.1026D+01   0.1388D+00  -0.1135D+01   0.8275D-01
   0.5523D+00  -0.1849D-01   0.9681D-01  -0.6507D-02   0.1203D+00  -0.4558D-01   0.1867D+00   0.0000D+00   0.4562D-01   0.4355D-02  -0.2303D-02   0.1425D-01   0.5523D+00  -0.1849D-01   0.9681D-01  -0.6507D-02   0.1203D+00  -0.4558D-01
  -0.1531D-02  -0.5882D-02  -0.3399D-02  -0.8460D-02  -0.1531D-02  -0.5882D-02  -0.3399D-02  -0.8460D-02
  2.000  2.000
  -0.9888D+00   0.0000D+00  -0.9911D+00   0.0000D+00   0.0000D+00   0.0000D+00  -0.8269D+00   0.0000D+00  -0.9888D+00   0.0000D+00  -0.9911D+00   0.0000D+00
   0.5419D+00   0.0000D+00   0.9316D-01   0.0000D+00   0.1647D+00   0.0000D+00   0.1745D+00   0.0000D+00   0.3878D-01   0.0000D+00   0.0000D+00   0.0000D+00   0.5419D+00   0.0000D+00   0.9316D-01   0.0000D+00   0.1647D+00   0.0000D+00
   0.0000D+00   0.0000D+00   0.0000D+00   0.0000D+00   0.0000D+00   0.0000D+00   0.0000D+00   0.0000D+00
  -0.1024D+01   0.1180D+00  -0.1117D+01   0.7037D-01   0.7200D-01  -0.7007D-01  -0.9822D+00   0.3859D-02  -0.1024D+01   0.1180D+00  -0.1117D+01   0.7037D-01
   0.5517D+00  -0.1705D-01   0.9655D-01  -0.6000D-02   0.1238D+00  -0.4203D-01   0.1858D+00   0.0000D+00   0.4510D-01   0.4016D-02  -0.2123D-02   0.1314D-01   0.5517D+00  -0.1705D-01   0.9655D-01  -0.6000D-02   0.1238D+00  -0.4203D-01
  -0.1412D-02  -0.5424D-02  -0.3134D-02  -0.7801D-02  -0.1412D-02  -0.5424D-02  -0.3134D-02  -0.7801D-02
