 LHC=           1 sqrts=   8000.0000000000000      ang=           4 mode=fital                                                                                               scalescheme=           1 R=  0.69999999999999996     
 CT10nlo_rand5678                                                                                             307
 Bin information: chid, chiu, md, mu, mu0
   0.0000000000000000       0.50000000000000000        548.00000000000000        592.00000000000000        570.00000000000000     
 9 scales(muf, mur)*(LO(38), NLO(38))
  0.500  0.500
  -0.6763D+00   0.0000D+00  -0.6066D+00   0.0000D+00   0.0000D+00   0.0000D+00  -0.4420D+00   0.0000D+00  -0.6763D+00   0.0000D+00  -0.6066D+00   0.0000D+00
   0.5544D+00   0.0000D+00   0.9218D-01   0.0000D+00   0.1855D+00   0.0000D+00   0.1514D+00   0.0000D+00   0.3365D-01   0.0000D+00   0.0000D+00   0.0000D+00   0.5544D+00   0.0000D+00   0.9218D-01   0.0000D+00   0.1855D+00   0.0000D+00
   0.0000D+00   0.0000D+00   0.0000D+00   0.0000D+00   0.0000D+00   0.0000D+00   0.0000D+00   0.0000D+00
  -0.5131D+00   0.8070D-01  -0.5247D+00   0.4713D-01   0.5096D-01  -0.4255D-01  -0.4007D+00   0.6439D-02  -0.5131D+00   0.8070D-01  -0.5247D+00   0.4713D-01
   0.4655D+00  -0.2182D-01   0.8010D-01  -0.7269D-02   0.1037D+00  -0.4876D-01   0.1379D+00   0.0000D+00   0.3430D-01   0.3959D-02  -0.3394D-02   0.1296D-01   0.4655D+00  -0.2182D-01   0.8010D-01  -0.7269D-02   0.1037D+00  -0.4876D-01
  -0.1982D-02  -0.6358D-02  -0.3509D-02  -0.8276D-02  -0.1982D-02  -0.6358D-02  -0.3509D-02  -0.8276D-02
  0.500  1.000
  -0.6213D+00   0.0000D+00  -0.5573D+00   0.0000D+00   0.0000D+00   0.0000D+00  -0.4061D+00   0.0000D+00  -0.6213D+00   0.0000D+00  -0.5573D+00   0.0000D+00
   0.5544D+00   0.0000D+00   0.9218D-01   0.0000D+00   0.1855D+00   0.0000D+00   0.1514D+00   0.0000D+00   0.3365D-01   0.0000D+00   0.0000D+00   0.0000D+00   0.5544D+00   0.0000D+00   0.9218D-01   0.0000D+00   0.1855D+00   0.0000D+00
   0.0000D+00   0.0000D+00   0.0000D+00   0.0000D+00   0.0000D+00   0.0000D+00   0.0000D+00   0.0000D+00
  -0.5324D+00   0.6811D-01  -0.5320D+00   0.3978D-01   0.4301D-01  -0.3591D-01  -0.4031D+00   0.5434D-02  -0.5324D+00   0.6811D-01  -0.5320D+00   0.3978D-01
   0.4729D+00  -0.2005D-01   0.8111D-01  -0.6678D-02   0.1104D+00  -0.4480D-01   0.1390D+00   0.0000D+00   0.3426D-01   0.3637D-02  -0.3118D-02   0.1190D-01   0.4729D+00  -0.2005D-01   0.8111D-01  -0.6678D-02   0.1104D+00  -0.4480D-01
  -0.1821D-02  -0.5841D-02  -0.3224D-02  -0.7603D-02  -0.1821D-02  -0.5841D-02  -0.3224D-02  -0.7603D-02
  0.500  2.000
  -0.5747D+00   0.0000D+00  -0.5155D+00   0.0000D+00   0.0000D+00   0.0000D+00  -0.3756D+00   0.0000D+00  -0.5747D+00   0.0000D+00  -0.5155D+00   0.0000D+00
   0.5544D+00   0.0000D+00   0.9218D-01   0.0000D+00   0.1855D+00   0.0000D+00   0.1514D+00   0.0000D+00   0.3365D-01   0.0000D+00   0.0000D+00   0.0000D+00   0.5544D+00   0.0000D+00   0.9218D-01   0.0000D+00   0.1855D+00   0.0000D+00
   0.0000D+00   0.0000D+00   0.0000D+00   0.0000D+00   0.0000D+00   0.0000D+00   0.0000D+00   0.0000D+00
  -0.5404D+00   0.5828D-01  -0.5313D+00   0.3404D-01   0.3680D-01  -0.3073D-01  -0.4004D+00   0.4650D-02  -0.5404D+00   0.5828D-01  -0.5313D+00   0.3404D-01
   0.4791D+00  -0.1855D-01   0.8196D-01  -0.6177D-02   0.1161D+00  -0.4144D-01   0.1400D+00   0.0000D+00   0.3422D-01   0.3364D-02  -0.2884D-02   0.1101D-01   0.4791D+00  -0.1855D-01   0.8196D-01  -0.6177D-02   0.1161D+00  -0.4144D-01
  -0.1685D-02  -0.5403D-02  -0.2982D-02  -0.7033D-02  -0.1685D-02  -0.5403D-02  -0.2982D-02  -0.7033D-02
  1.000  0.500
  -0.6274D+00   0.0000D+00  -0.5629D+00   0.0000D+00   0.0000D+00   0.0000D+00  -0.4087D+00   0.0000D+00  -0.6274D+00   0.0000D+00  -0.5629D+00   0.0000D+00
   0.5138D+00   0.0000D+00   0.8554D-01   0.0000D+00   0.1719D+00   0.0000D+00   0.1402D+00   0.0000D+00   0.3115D-01   0.0000D+00   0.0000D+00   0.0000D+00   0.5138D+00   0.0000D+00   0.8554D-01   0.0000D+00   0.1719D+00   0.0000D+00
   0.0000D+00   0.0000D+00   0.0000D+00   0.0000D+00   0.0000D+00   0.0000D+00   0.0000D+00   0.0000D+00
  -0.5207D+00   0.7487D-01  -0.5283D+00   0.4370D-01   0.4733D-01  -0.3935D-01  -0.4007D+00   0.6042D-02  -0.5207D+00   0.7487D-01  -0.5283D+00   0.4370D-01
   0.4666D+00  -0.2021D-01   0.8050D-01  -0.6723D-02   0.1077D+00  -0.4523D-01   0.1372D+00   0.0000D+00   0.3405D-01   0.3663D-02  -0.3165D-02   0.1199D-01   0.4666D+00  -0.2021D-01   0.8050D-01  -0.6723D-02   0.1077D+00  -0.4523D-01
  -0.1838D-02  -0.5956D-02  -0.3263D-02  -0.7684D-02  -0.1838D-02  -0.5956D-02  -0.3263D-02  -0.7684D-02
  1.000  1.000
  -0.5763D+00   0.0000D+00  -0.5171D+00   0.0000D+00   0.0000D+00   0.0000D+00  -0.3755D+00   0.0000D+00  -0.5763D+00   0.0000D+00  -0.5171D+00   0.0000D+00
   0.5138D+00   0.0000D+00   0.8554D-01   0.0000D+00   0.1719D+00   0.0000D+00   0.1402D+00   0.0000D+00   0.3115D-01   0.0000D+00   0.0000D+00   0.0000D+00   0.5138D+00   0.0000D+00   0.8554D-01   0.0000D+00   0.1719D+00   0.0000D+00
   0.0000D+00   0.0000D+00   0.0000D+00   0.0000D+00   0.0000D+00   0.0000D+00   0.0000D+00   0.0000D+00
  -0.5316D+00   0.6319D-01  -0.5285D+00   0.3688D-01   0.3995D-01  -0.3321D-01  -0.3982D+00   0.5099D-02  -0.5316D+00   0.6319D-01  -0.5285D+00   0.3688D-01
   0.4706D+00  -0.1857D-01   0.8093D-01  -0.6176D-02   0.1130D+00  -0.4156D-01   0.1375D+00   0.0000D+00   0.3382D-01   0.3365D-02  -0.2908D-02   0.1101D-01   0.4706D+00  -0.1857D-01   0.8093D-01  -0.6176D-02   0.1130D+00  -0.4156D-01
  -0.1688D-02  -0.5472D-02  -0.2997D-02  -0.7059D-02  -0.1688D-02  -0.5472D-02  -0.2997D-02  -0.7059D-02
  1.000  2.000
  -0.5331D+00   0.0000D+00  -0.4783D+00   0.0000D+00   0.0000D+00   0.0000D+00  -0.3473D+00   0.0000D+00  -0.5331D+00   0.0000D+00  -0.4783D+00   0.0000D+00
   0.5138D+00   0.0000D+00   0.8554D-01   0.0000D+00   0.1719D+00   0.0000D+00   0.1402D+00   0.0000D+00   0.3115D-01   0.0000D+00   0.0000D+00   0.0000D+00   0.5138D+00   0.0000D+00   0.8554D-01   0.0000D+00   0.1719D+00   0.0000D+00
   0.0000D+00   0.0000D+00   0.0000D+00   0.0000D+00   0.0000D+00   0.0000D+00   0.0000D+00   0.0000D+00
  -0.5335D+00   0.5406D-01  -0.5229D+00   0.3155D-01   0.3418D-01  -0.2842D-01  -0.3920D+00   0.4363D-02  -0.5335D+00   0.5406D-01  -0.5229D+00   0.3155D-01
   0.4739D+00  -0.1718D-01   0.8130D-01  -0.5713D-02   0.1174D+00  -0.3844D-01   0.1377D+00   0.0000D+00   0.3363D-01   0.3113D-02  -0.2690D-02   0.1019D-01   0.4739D+00  -0.1718D-01   0.8130D-01  -0.5713D-02   0.1174D+00  -0.3844D-01
  -0.1562D-02  -0.5061D-02  -0.2772D-02  -0.6529D-02  -0.1562D-02  -0.5061D-02  -0.2772D-02  -0.6529D-02
  2.000  0.500
  -0.5851D+00   0.0000D+00  -0.5252D+00   0.0000D+00   0.0000D+00   0.0000D+00  -0.3798D+00   0.0000D+00  -0.5851D+00   0.0000D+00  -0.5252D+00   0.0000D+00
   0.4789D+00   0.0000D+00   0.7956D-01   0.0000D+00   0.1601D+00   0.0000D+00   0.1301D+00   0.0000D+00   0.2891D-01   0.0000D+00   0.0000D+00   0.0000D+00   0.4789D+00   0.0000D+00   0.7956D-01   0.0000D+00   0.1601D+00   0.0000D+00
   0.0000D+00   0.0000D+00   0.0000D+00   0.0000D+00   0.0000D+00   0.0000D+00   0.0000D+00   0.0000D+00
  -0.5320D+00   0.6993D-01  -0.5337D+00   0.4071D-01   0.4338D-01  -0.3655D-01  -0.4059D+00   0.5718D-02  -0.5320D+00   0.6993D-01  -0.5337D+00   0.4071D-01
   0.4720D+00  -0.1883D-01   0.8073D-01  -0.6265D-02   0.1128D+00  -0.4203D-01   0.1380D+00   0.0000D+00   0.3389D-01   0.3398D-02  -0.3006D-02   0.1112D-01   0.4720D+00  -0.1883D-01   0.8073D-01  -0.6265D-02   0.1128D+00  -0.4203D-01
  -0.1717D-02  -0.5529D-02  -0.3039D-02  -0.7137D-02  -0.1717D-02  -0.5529D-02  -0.3039D-02  -0.7137D-02
  2.000  1.000
  -0.5375D+00   0.0000D+00  -0.4825D+00   0.0000D+00   0.0000D+00   0.0000D+00  -0.3489D+00   0.0000D+00  -0.5375D+00   0.0000D+00  -0.4825D+00   0.0000D+00
   0.4789D+00   0.0000D+00   0.7956D-01   0.0000D+00   0.1601D+00   0.0000D+00   0.1301D+00   0.0000D+00   0.2891D-01   0.0000D+00   0.0000D+00   0.0000D+00   0.4789D+00   0.0000D+00   0.7956D-01   0.0000D+00   0.1601D+00   0.0000D+00
   0.0000D+00   0.0000D+00   0.0000D+00   0.0000D+00   0.0000D+00   0.0000D+00   0.0000D+00   0.0000D+00
  -0.5349D+00   0.5902D-01  -0.5276D+00   0.3436D-01   0.3661D-01  -0.3084D-01  -0.3984D+00   0.4826D-02  -0.5349D+00   0.5902D-01  -0.5276D+00   0.3436D-01
   0.4727D+00  -0.1730D-01   0.8066D-01  -0.5755D-02   0.1167D+00  -0.3861D-01   0.1374D+00   0.0000D+00   0.3349D-01   0.3122D-02  -0.2761D-02   0.1022D-01   0.4727D+00  -0.1730D-01   0.8066D-01  -0.5755D-02   0.1167D+00  -0.3861D-01
  -0.1578D-02  -0.5079D-02  -0.2792D-02  -0.6557D-02  -0.1578D-02  -0.5079D-02  -0.2792D-02  -0.6557D-02
  2.000  2.000
  -0.4972D+00   0.0000D+00  -0.4463D+00   0.0000D+00   0.0000D+00   0.0000D+00  -0.3227D+00   0.0000D+00  -0.4972D+00   0.0000D+00  -0.4463D+00   0.0000D+00
   0.4789D+00   0.0000D+00   0.7956D-01   0.0000D+00   0.1601D+00   0.0000D+00   0.1301D+00   0.0000D+00   0.2891D-01   0.0000D+00   0.0000D+00   0.0000D+00   0.4789D+00   0.0000D+00   0.7956D-01   0.0000D+00   0.1601D+00   0.0000D+00
   0.0000D+00   0.0000D+00   0.0000D+00   0.0000D+00   0.0000D+00   0.0000D+00   0.0000D+00   0.0000D+00
  -0.5311D+00   0.5049D-01  -0.5173D+00   0.2940D-01   0.3132D-01  -0.2639D-01  -0.3885D+00   0.4129D-02  -0.5311D+00   0.5049D-01  -0.5173D+00   0.2940D-01
   0.4733D+00  -0.1600D-01   0.8059D-01  -0.5323D-02   0.1199D+00  -0.3571D-01   0.1368D+00   0.0000D+00   0.3316D-01   0.2888D-02  -0.2554D-02   0.9451D-02   0.4733D+00  -0.1600D-01   0.8059D-01  -0.5323D-02   0.1199D+00  -0.3571D-01
  -0.1459D-02  -0.4698D-02  -0.2583D-02  -0.6065D-02  -0.1459D-02  -0.4698D-02  -0.2583D-02  -0.6065D-02
