 LHC=           1 sqrts=   8000.0000000000000      ang=           4 mode=fital                                                                                               scalescheme=           1 R=  0.69999999999999996     
 CT10nlo_rand5678                                                                                             307
 Bin information: chid, chiu, md, mu, mu0
   0.0000000000000000       0.50000000000000000        1410.0000000000000        1497.0000000000000        1453.5000000000000     
 9 scales(muf, mur)*(LO(38), NLO(38))
  0.500  0.500
  -0.2404D-01   0.0000D+00  -0.1595D-01   0.0000D+00   0.0000D+00   0.0000D+00  -0.7002D-02   0.0000D+00  -0.2404D-01   0.0000D+00  -0.1595D-01   0.0000D+00
   0.1043D+00   0.0000D+00   0.1559D-01   0.0000D+00   0.4553D-01   0.0000D+00   0.1498D-01   0.0000D+00   0.3330D-02   0.0000D+00   0.0000D+00   0.0000D+00   0.1043D+00   0.0000D+00   0.1559D-01   0.0000D+00   0.4553D-01   0.0000D+00
   0.0000D+00   0.0000D+00   0.0000D+00   0.0000D+00   0.0000D+00   0.0000D+00   0.0000D+00   0.0000D+00
  -0.2026D-01   0.1811D-02  -0.1418D-01   0.1026D-02   0.8049D-03  -0.6020D-03  -0.6095D-02   0.3938D-03  -0.2026D-01   0.1811D-02  -0.1418D-01   0.1026D-02
   0.7715D-01  -0.4783D-02   0.1184D-01  -0.1367D-02   0.2649D-01  -0.7975D-02   0.1244D-01   0.0000D+00   0.3078D-02   0.3500D-03  -0.7591D-03   0.1145D-02   0.7715D-01  -0.4783D-02   0.1184D-01  -0.1367D-02   0.2649D-01  -0.7975D-02
  -0.5047D-03  -0.1218D-02  -0.4978D-03  -0.1039D-02  -0.5047D-03  -0.1218D-02  -0.4978D-03  -0.1039D-02
  0.500  1.000
  -0.2228D-01   0.0000D+00  -0.1478D-01   0.0000D+00   0.0000D+00   0.0000D+00  -0.6491D-02   0.0000D+00  -0.2228D-01   0.0000D+00  -0.1478D-01   0.0000D+00
   0.1043D+00   0.0000D+00   0.1559D-01   0.0000D+00   0.4553D-01   0.0000D+00   0.1498D-01   0.0000D+00   0.3330D-02   0.0000D+00   0.0000D+00   0.0000D+00   0.1043D+00   0.0000D+00   0.1559D-01   0.0000D+00   0.4553D-01   0.0000D+00
   0.0000D+00   0.0000D+00   0.0000D+00   0.0000D+00   0.0000D+00   0.0000D+00   0.0000D+00   0.0000D+00
  -0.2061D-01   0.1556D-02  -0.1431D-01   0.8819D-03   0.6917D-03  -0.5173D-03  -0.6170D-02   0.3383D-03  -0.2061D-01   0.1556D-02  -0.1431D-01   0.8819D-03
   0.7915D-01  -0.4434D-02   0.1211D-01  -0.1267D-02   0.2788D-01  -0.7393D-02   0.1263D-01   0.0000D+00   0.3097D-02   0.3244D-03  -0.7037D-03   0.1062D-02   0.7915D-01  -0.4434D-02   0.1211D-01  -0.1267D-02   0.2788D-01  -0.7393D-02
  -0.4678D-03  -0.1129D-02  -0.4615D-03  -0.9634D-03  -0.4678D-03  -0.1129D-02  -0.4615D-03  -0.9634D-03
  0.500  2.000
  -0.2077D-01   0.0000D+00  -0.1378D-01   0.0000D+00   0.0000D+00   0.0000D+00  -0.6050D-02   0.0000D+00  -0.2077D-01   0.0000D+00  -0.1378D-01   0.0000D+00
   0.1043D+00   0.0000D+00   0.1559D-01   0.0000D+00   0.4553D-01   0.0000D+00   0.1498D-01   0.0000D+00   0.3330D-02   0.0000D+00   0.0000D+00   0.0000D+00   0.1043D+00   0.0000D+00   0.1559D-01   0.0000D+00   0.4553D-01   0.0000D+00
   0.0000D+00   0.0000D+00   0.0000D+00   0.0000D+00   0.0000D+00   0.0000D+00   0.0000D+00   0.0000D+00
  -0.2069D-01   0.1352D-02  -0.1427D-01   0.7662D-03   0.6010D-03  -0.4494D-03  -0.6170D-02   0.2940D-03  -0.2069D-01   0.1352D-02  -0.1427D-01   0.7662D-03
   0.8086D-01  -0.4133D-02   0.1235D-01  -0.1181D-02   0.2909D-01  -0.6891D-02   0.1279D-01   0.0000D+00   0.3113D-02   0.3024D-03  -0.6559D-03   0.9896D-03   0.8086D-01  -0.4133D-02   0.1235D-01  -0.1181D-02   0.2909D-01  -0.6891D-02
  -0.4360D-03  -0.1052D-02  -0.4301D-03  -0.8980D-03  -0.4360D-03  -0.1052D-02  -0.4301D-03  -0.8980D-03
  1.000  0.500
  -0.2078D-01   0.0000D+00  -0.1376D-01   0.0000D+00   0.0000D+00   0.0000D+00  -0.6042D-02   0.0000D+00  -0.2078D-01   0.0000D+00  -0.1376D-01   0.0000D+00
   0.9011D-01   0.0000D+00   0.1345D-01   0.0000D+00   0.3939D-01   0.0000D+00   0.1293D-01   0.0000D+00   0.2872D-02   0.0000D+00   0.0000D+00   0.0000D+00   0.9011D-01   0.0000D+00   0.1345D-01   0.0000D+00   0.3939D-01   0.0000D+00
   0.0000D+00   0.0000D+00   0.0000D+00   0.0000D+00   0.0000D+00   0.0000D+00   0.0000D+00   0.0000D+00
  -0.2051D-01   0.1563D-02  -0.1424D-01   0.8864D-03   0.6940D-03  -0.5191D-03  -0.6148D-02   0.3412D-03  -0.2051D-01   0.1563D-02  -0.1424D-01   0.8864D-03
   0.7967D-01  -0.4135D-02   0.1215D-01  -0.1181D-02   0.2865D-01  -0.6904D-02   0.1263D-01   0.0000D+00   0.3072D-02   0.3018D-03  -0.6553D-03   0.9876D-03   0.7967D-01  -0.4135D-02   0.1215D-01  -0.1181D-02   0.2865D-01  -0.6904D-02
  -0.4371D-03  -0.1052D-02  -0.4297D-03  -0.8980D-03  -0.4371D-03  -0.1052D-02  -0.4297D-03  -0.8980D-03
  1.000  1.000
  -0.1926D-01   0.0000D+00  -0.1275D-01   0.0000D+00   0.0000D+00   0.0000D+00  -0.5600D-02   0.0000D+00  -0.1926D-01   0.0000D+00  -0.1275D-01   0.0000D+00
   0.9011D-01   0.0000D+00   0.1345D-01   0.0000D+00   0.3939D-01   0.0000D+00   0.1293D-01   0.0000D+00   0.2872D-02   0.0000D+00   0.0000D+00   0.0000D+00   0.9011D-01   0.0000D+00   0.1345D-01   0.0000D+00   0.3939D-01   0.0000D+00
   0.0000D+00   0.0000D+00   0.0000D+00   0.0000D+00   0.0000D+00   0.0000D+00   0.0000D+00   0.0000D+00
  -0.2040D-01   0.1343D-02  -0.1407D-01   0.7617D-03   0.5964D-03  -0.4461D-03  -0.6088D-02   0.2932D-03  -0.2040D-01   0.1343D-02  -0.1407D-01   0.7617D-03
   0.8044D-01  -0.3833D-02   0.1225D-01  -0.1095D-02   0.2944D-01  -0.6400D-02   0.1265D-01   0.0000D+00   0.3058D-02   0.2797D-03  -0.6075D-03   0.9154D-03   0.8044D-01  -0.3833D-02   0.1225D-01  -0.1095D-02   0.2944D-01  -0.6400D-02
  -0.4052D-03  -0.9752D-03  -0.3983D-03  -0.8324D-03  -0.4052D-03  -0.9752D-03  -0.3983D-03  -0.8324D-03
  1.000  2.000
  -0.1795D-01   0.0000D+00  -0.1189D-01   0.0000D+00   0.0000D+00   0.0000D+00  -0.5220D-02   0.0000D+00  -0.1795D-01   0.0000D+00  -0.1189D-01   0.0000D+00
   0.9011D-01   0.0000D+00   0.1345D-01   0.0000D+00   0.3939D-01   0.0000D+00   0.1293D-01   0.0000D+00   0.2872D-02   0.0000D+00   0.0000D+00   0.0000D+00   0.9011D-01   0.0000D+00   0.1345D-01   0.0000D+00   0.3939D-01   0.0000D+00
   0.0000D+00   0.0000D+00   0.0000D+00   0.0000D+00   0.0000D+00   0.0000D+00   0.0000D+00   0.0000D+00
  -0.2012D-01   0.1167D-02  -0.1382D-01   0.6617D-03   0.5182D-03  -0.3875D-03  -0.5987D-02   0.2547D-03  -0.2012D-01   0.1167D-02  -0.1382D-01   0.6617D-03
   0.8110D-01  -0.3573D-02   0.1233D-01  -0.1020D-02   0.3012D-01  -0.5965D-02   0.1267D-01   0.0000D+00   0.3045D-02   0.2607D-03  -0.5662D-03   0.8533D-03   0.8110D-01  -0.3573D-02   0.1233D-01  -0.1020D-02   0.3012D-01  -0.5965D-02
  -0.3777D-03  -0.9090D-03  -0.3712D-03  -0.7759D-03  -0.3777D-03  -0.9090D-03  -0.3712D-03  -0.7759D-03
  2.000  0.500
  -0.1816D-01   0.0000D+00  -0.1200D-01   0.0000D+00   0.0000D+00   0.0000D+00  -0.5256D-02   0.0000D+00  -0.1816D-01   0.0000D+00  -0.1200D-01   0.0000D+00
   0.7855D-01   0.0000D+00   0.1173D-01   0.0000D+00   0.3439D-01   0.0000D+00   0.1125D-01   0.0000D+00   0.2500D-02   0.0000D+00   0.0000D+00   0.0000D+00   0.7855D-01   0.0000D+00   0.1173D-01   0.0000D+00   0.3439D-01   0.0000D+00
   0.0000D+00   0.0000D+00   0.0000D+00   0.0000D+00   0.0000D+00   0.0000D+00   0.0000D+00   0.0000D+00
  -0.2063D-01   0.1363D-02  -0.1419D-01   0.7741D-03   0.6029D-03  -0.4518D-03  -0.6139D-02   0.2983D-03  -0.2063D-01   0.1363D-02  -0.1419D-01   0.7741D-03
   0.8095D-01  -0.3614D-02   0.1234D-01  -0.1030D-02   0.3002D-01  -0.6005D-02   0.1268D-01   0.0000D+00   0.3048D-02   0.2626D-03  -0.5726D-03   0.8594D-03   0.8095D-01  -0.3614D-02   0.1234D-01  -0.1030D-02   0.3002D-01  -0.6005D-02
  -0.3826D-03  -0.9165D-03  -0.3746D-03  -0.7816D-03  -0.3826D-03  -0.9165D-03  -0.3746D-03  -0.7816D-03
  2.000  1.000
  -0.1683D-01   0.0000D+00  -0.1112D-01   0.0000D+00   0.0000D+00   0.0000D+00  -0.4872D-02   0.0000D+00  -0.1683D-01   0.0000D+00  -0.1112D-01   0.0000D+00
   0.7855D-01   0.0000D+00   0.1173D-01   0.0000D+00   0.3439D-01   0.0000D+00   0.1125D-01   0.0000D+00   0.2500D-02   0.0000D+00   0.0000D+00   0.0000D+00   0.7855D-01   0.0000D+00   0.1173D-01   0.0000D+00   0.3439D-01   0.0000D+00
   0.0000D+00   0.0000D+00   0.0000D+00   0.0000D+00   0.0000D+00   0.0000D+00   0.0000D+00   0.0000D+00
  -0.2014D-01   0.1171D-02  -0.1379D-01   0.6652D-03   0.5181D-03  -0.3882D-03  -0.5975D-02   0.2563D-03  -0.2014D-01   0.1171D-02  -0.1379D-01   0.6652D-03
   0.8078D-01  -0.3350D-02   0.1229D-01  -0.9549D-03   0.3034D-01  -0.5566D-02   0.1258D-01   0.0000D+00   0.3009D-02   0.2434D-03  -0.5308D-03   0.7967D-03   0.8078D-01  -0.3350D-02   0.1229D-01  -0.9549D-03   0.3034D-01  -0.5566D-02
  -0.3547D-03  -0.8495D-03  -0.3473D-03  -0.7245D-03  -0.3547D-03  -0.8495D-03  -0.3473D-03  -0.7245D-03
  2.000  2.000
  -0.1569D-01   0.0000D+00  -0.1037D-01   0.0000D+00   0.0000D+00   0.0000D+00  -0.4541D-02   0.0000D+00  -0.1569D-01   0.0000D+00  -0.1037D-01   0.0000D+00
   0.7855D-01   0.0000D+00   0.1173D-01   0.0000D+00   0.3439D-01   0.0000D+00   0.1125D-01   0.0000D+00   0.2500D-02   0.0000D+00   0.0000D+00   0.0000D+00   0.7855D-01   0.0000D+00   0.1173D-01   0.0000D+00   0.3439D-01   0.0000D+00
   0.0000D+00   0.0000D+00   0.0000D+00   0.0000D+00   0.0000D+00   0.0000D+00   0.0000D+00   0.0000D+00
  -0.1960D-01   0.1018D-02  -0.1337D-01   0.5779D-03   0.4502D-03  -0.3373D-03  -0.5799D-02   0.2227D-03  -0.1960D-01   0.1018D-02  -0.1337D-01   0.5779D-03
   0.8064D-01  -0.3123D-02   0.1225D-01  -0.8901D-03   0.3062D-01  -0.5188D-02   0.1249D-01   0.0000D+00   0.2974D-02   0.2269D-03  -0.4948D-03   0.7426D-03   0.8064D-01  -0.3123D-02   0.1225D-01  -0.8901D-03   0.3062D-01  -0.5188D-02
  -0.3306D-03  -0.7919D-03  -0.3237D-03  -0.6753D-03  -0.3306D-03  -0.7919D-03  -0.3237D-03  -0.6753D-03
