 LHC=           1 sqrts=   8000.0000000000000      ang=           4 mode=fital                                                                                               scalescheme=           1 R=  0.69999999999999996     
 CT10nlo_rand5678                                                                                             307
 Bin information: chid, chiu, md, mu, mu0
   0.0000000000000000       0.50000000000000000        2116.0000000000000        2250.0000000000000        2183.0000000000000     
 9 scales(muf, mur)*(LO(38), NLO(38))
  0.500  0.500
  -0.7235D-03   0.0000D+00  -0.4461D-03   0.0000D+00   0.0000D+00   0.0000D+00  -0.1675D-03   0.0000D+00  -0.7235D-03   0.0000D+00  -0.4461D-03   0.0000D+00
   0.6862D-02   0.0000D+00   0.9935D-03   0.0000D+00   0.3190D-02   0.0000D+00   0.7905D-03   0.0000D+00   0.1757D-03   0.0000D+00   0.0000D+00   0.0000D+00   0.6862D-02   0.0000D+00   0.9935D-03   0.0000D+00   0.3190D-02   0.0000D+00
   0.0000D+00   0.0000D+00   0.0000D+00   0.0000D+00   0.0000D+00   0.0000D+00   0.0000D+00   0.0000D+00
  -0.6651D-03   0.4786D-04  -0.4179D-03   0.2711D-04   0.1294D-04  -0.1377D-04  -0.1489D-03   0.1197D-04  -0.6651D-03   0.4786D-04  -0.4179D-03   0.2711D-04
   0.5306D-02  -0.3204D-03   0.7754D-03  -0.8848D-04   0.2091D-02  -0.4987D-03   0.6737D-03   0.0000D+00   0.1647D-03   0.1764D-04  -0.3801D-04   0.5774D-04   0.5306D-02  -0.3204D-03   0.7754D-03  -0.8848D-04   0.2091D-02  -0.4987D-03
  -0.3480D-04  -0.7921D-04  -0.2974D-04  -0.6033D-04  -0.3480D-04  -0.7921D-04  -0.2974D-04  -0.6033D-04
  0.500  1.000
  -0.6729D-03   0.0000D+00  -0.4149D-03   0.0000D+00   0.0000D+00   0.0000D+00  -0.1558D-03   0.0000D+00  -0.6729D-03   0.0000D+00  -0.4149D-03   0.0000D+00
   0.6862D-02   0.0000D+00   0.9935D-03   0.0000D+00   0.3190D-02   0.0000D+00   0.7905D-03   0.0000D+00   0.1757D-03   0.0000D+00   0.0000D+00   0.0000D+00   0.6862D-02   0.0000D+00   0.9935D-03   0.0000D+00   0.3190D-02   0.0000D+00
   0.0000D+00   0.0000D+00   0.0000D+00   0.0000D+00   0.0000D+00   0.0000D+00   0.0000D+00   0.0000D+00
  -0.6680D-03   0.4140D-04  -0.4186D-03   0.2345D-04   0.1120D-04  -0.1191D-04  -0.1502D-03   0.1035D-04  -0.6680D-03   0.4140D-04  -0.4186D-03   0.2345D-04
   0.5415D-02  -0.2980D-03   0.7907D-03  -0.8229D-04   0.2168D-02  -0.4638D-03   0.6819D-03   0.0000D+00   0.1655D-03   0.1641D-04  -0.3536D-04   0.5370D-04   0.5415D-02  -0.2980D-03   0.7907D-03  -0.8229D-04   0.2168D-02  -0.4638D-03
  -0.3237D-04  -0.7367D-04  -0.2766D-04  -0.5611D-04  -0.3237D-04  -0.7367D-04  -0.2766D-04  -0.5611D-04
  0.500  2.000
  -0.6290D-03   0.0000D+00  -0.3878D-03   0.0000D+00   0.0000D+00   0.0000D+00  -0.1456D-03   0.0000D+00  -0.6290D-03   0.0000D+00  -0.3878D-03   0.0000D+00
   0.6862D-02   0.0000D+00   0.9935D-03   0.0000D+00   0.3190D-02   0.0000D+00   0.7905D-03   0.0000D+00   0.1757D-03   0.0000D+00   0.0000D+00   0.0000D+00   0.6862D-02   0.0000D+00   0.9935D-03   0.0000D+00   0.3190D-02   0.0000D+00
   0.0000D+00   0.0000D+00   0.0000D+00   0.0000D+00   0.0000D+00   0.0000D+00   0.0000D+00   0.0000D+00
  -0.6645D-03   0.3617D-04  -0.4156D-03   0.2049D-04   0.9786D-05  -0.1041D-04  -0.1500D-03   0.9046D-05  -0.6645D-03   0.3617D-04  -0.4156D-03   0.2049D-04
   0.5510D-02  -0.2785D-03   0.8040D-03  -0.7692D-04   0.2235D-02  -0.4336D-03   0.6890D-03   0.0000D+00   0.1662D-03   0.1534D-04  -0.3305D-04   0.5020D-04   0.5510D-02  -0.2785D-03   0.8040D-03  -0.7692D-04   0.2235D-02  -0.4336D-03
  -0.3026D-04  -0.6886D-04  -0.2585D-04  -0.5245D-04  -0.3026D-04  -0.6886D-04  -0.2585D-04  -0.5245D-04
  1.000  0.500
  -0.5941D-03   0.0000D+00  -0.3669D-03   0.0000D+00   0.0000D+00   0.0000D+00  -0.1375D-03   0.0000D+00  -0.5941D-03   0.0000D+00  -0.3669D-03   0.0000D+00
   0.5637D-02   0.0000D+00   0.8163D-03   0.0000D+00   0.2618D-02   0.0000D+00   0.6486D-03   0.0000D+00   0.1441D-03   0.0000D+00   0.0000D+00   0.0000D+00   0.5637D-02   0.0000D+00   0.8163D-03   0.0000D+00   0.2618D-02   0.0000D+00
   0.0000D+00   0.0000D+00   0.0000D+00   0.0000D+00   0.0000D+00   0.0000D+00   0.0000D+00   0.0000D+00
  -0.6639D-03   0.3935D-04  -0.4154D-03   0.2227D-04   0.1054D-04  -0.1130D-04  -0.1494D-03   0.9845D-05  -0.6639D-03   0.3935D-04  -0.4154D-03   0.2227D-04
   0.5467D-02  -0.2630D-03   0.7967D-03  -0.7267D-04   0.2229D-02  -0.4098D-03   0.6804D-03   0.0000D+00   0.1635D-03   0.1448D-04  -0.3060D-04   0.4738D-04   0.5467D-02  -0.2630D-03   0.7967D-03  -0.7267D-04   0.2229D-02  -0.4098D-03
  -0.2860D-04  -0.6503D-04  -0.2444D-04  -0.4957D-04  -0.2860D-04  -0.6503D-04  -0.2444D-04  -0.4957D-04
  1.000  1.000
  -0.5525D-03   0.0000D+00  -0.3412D-03   0.0000D+00   0.0000D+00   0.0000D+00  -0.1279D-03   0.0000D+00  -0.5525D-03   0.0000D+00  -0.3412D-03   0.0000D+00
   0.5637D-02   0.0000D+00   0.8163D-03   0.0000D+00   0.2618D-02   0.0000D+00   0.6486D-03   0.0000D+00   0.1441D-03   0.0000D+00   0.0000D+00   0.0000D+00   0.5637D-02   0.0000D+00   0.8163D-03   0.0000D+00   0.2618D-02   0.0000D+00
   0.0000D+00   0.0000D+00   0.0000D+00   0.0000D+00   0.0000D+00   0.0000D+00   0.0000D+00   0.0000D+00
  -0.6504D-03   0.3403D-04  -0.4063D-03   0.1926D-04   0.9117D-05  -0.9773D-05  -0.1468D-03   0.8516D-05  -0.6504D-03   0.3403D-04  -0.4063D-03   0.1926D-04
   0.5479D-02  -0.2446D-03   0.7981D-03  -0.6758D-04   0.2256D-02  -0.3811D-03   0.6782D-03   0.0000D+00   0.1621D-03   0.1346D-04  -0.2846D-04   0.4406D-04   0.5479D-02  -0.2446D-03   0.7981D-03  -0.6758D-04   0.2256D-02  -0.3811D-03
  -0.2660D-04  -0.6048D-04  -0.2273D-04  -0.4610D-04  -0.2660D-04  -0.6048D-04  -0.2273D-04  -0.4610D-04
  1.000  2.000
  -0.5165D-03   0.0000D+00  -0.3189D-03   0.0000D+00   0.0000D+00   0.0000D+00  -0.1195D-03   0.0000D+00  -0.5165D-03   0.0000D+00  -0.3189D-03   0.0000D+00
   0.5637D-02   0.0000D+00   0.8163D-03   0.0000D+00   0.2618D-02   0.0000D+00   0.6486D-03   0.0000D+00   0.1441D-03   0.0000D+00   0.0000D+00   0.0000D+00   0.5637D-02   0.0000D+00   0.8163D-03   0.0000D+00   0.2618D-02   0.0000D+00
   0.0000D+00   0.0000D+00   0.0000D+00   0.0000D+00   0.0000D+00   0.0000D+00   0.0000D+00   0.0000D+00
  -0.6347D-03   0.2974D-04  -0.3961D-03   0.1683D-04   0.7967D-05  -0.8539D-05  -0.1436D-03   0.7441D-05  -0.6347D-03   0.2974D-04  -0.3961D-03   0.1683D-04
   0.5489D-02  -0.2286D-03   0.7993D-03  -0.6318D-04   0.2280D-02  -0.3563D-03   0.6763D-03   0.0000D+00   0.1610D-03   0.1259D-04  -0.2660D-04   0.4119D-04   0.5489D-02  -0.2286D-03   0.7993D-03  -0.6318D-04   0.2280D-02  -0.3563D-03
  -0.2486D-04  -0.5654D-04  -0.2125D-04  -0.4310D-04  -0.2486D-04  -0.5654D-04  -0.2125D-04  -0.4310D-04
  2.000  0.500
  -0.4943D-03   0.0000D+00  -0.3054D-03   0.0000D+00   0.0000D+00   0.0000D+00  -0.1143D-03   0.0000D+00  -0.4943D-03   0.0000D+00  -0.3054D-03   0.0000D+00
   0.4691D-02   0.0000D+00   0.6796D-03   0.0000D+00   0.2177D-02   0.0000D+00   0.5392D-03   0.0000D+00   0.1198D-03   0.0000D+00   0.0000D+00   0.0000D+00   0.4691D-02   0.0000D+00   0.6796D-03   0.0000D+00   0.2177D-02   0.0000D+00
   0.0000D+00   0.0000D+00   0.0000D+00   0.0000D+00   0.0000D+00   0.0000D+00   0.0000D+00   0.0000D+00
  -0.6502D-03   0.3276D-04  -0.4063D-03   0.1854D-04   0.8687D-05  -0.9392D-05  -0.1469D-03   0.8205D-05  -0.6502D-03   0.3276D-04  -0.4063D-03   0.1854D-04
   0.5480D-02  -0.2187D-03   0.7978D-03  -0.6044D-04   0.2290D-02  -0.3410D-03   0.6728D-03   0.0000D+00   0.1598D-03   0.1204D-04  -0.2513D-04   0.3939D-04   0.5480D-02  -0.2187D-03   0.7978D-03  -0.6044D-04   0.2290D-02  -0.3410D-03
  -0.2379D-04  -0.5419D-04  -0.2034D-04  -0.4125D-04  -0.2379D-04  -0.5419D-04  -0.2034D-04  -0.4125D-04
  2.000  1.000
  -0.4597D-03   0.0000D+00  -0.2840D-03   0.0000D+00   0.0000D+00   0.0000D+00  -0.1063D-03   0.0000D+00  -0.4597D-03   0.0000D+00  -0.2840D-03   0.0000D+00
   0.4691D-02   0.0000D+00   0.6796D-03   0.0000D+00   0.2177D-02   0.0000D+00   0.5392D-03   0.0000D+00   0.1198D-03   0.0000D+00   0.0000D+00   0.0000D+00   0.4691D-02   0.0000D+00   0.6796D-03   0.0000D+00   0.2177D-02   0.0000D+00
   0.0000D+00   0.0000D+00   0.0000D+00   0.0000D+00   0.0000D+00   0.0000D+00   0.0000D+00   0.0000D+00
  -0.6258D-03   0.2833D-04  -0.3905D-03   0.1604D-04   0.7515D-05  -0.8124D-05  -0.1417D-03   0.7097D-05  -0.6258D-03   0.2833D-04  -0.3905D-03   0.1604D-04
   0.5425D-02  -0.2034D-03   0.7895D-03  -0.5622D-04   0.2283D-02  -0.3172D-03   0.6635D-03   0.0000D+00   0.1570D-03   0.1119D-04  -0.2338D-04   0.3663D-04   0.5425D-02  -0.2034D-03   0.7895D-03  -0.5622D-04   0.2283D-02  -0.3172D-03
  -0.2213D-04  -0.5040D-04  -0.1892D-04  -0.3837D-04  -0.2213D-04  -0.5040D-04  -0.1892D-04  -0.3837D-04
  2.000  2.000
  -0.4297D-03   0.0000D+00  -0.2655D-03   0.0000D+00   0.0000D+00   0.0000D+00  -0.9936D-04   0.0000D+00  -0.4297D-03   0.0000D+00  -0.2655D-03   0.0000D+00
   0.4691D-02   0.0000D+00   0.6796D-03   0.0000D+00   0.2177D-02   0.0000D+00   0.5392D-03   0.0000D+00   0.1198D-03   0.0000D+00   0.0000D+00   0.0000D+00   0.4691D-02   0.0000D+00   0.6796D-03   0.0000D+00   0.2177D-02   0.0000D+00
   0.0000D+00   0.0000D+00   0.0000D+00   0.0000D+00   0.0000D+00   0.0000D+00   0.0000D+00   0.0000D+00
  -0.6020D-03   0.2476D-04  -0.3754D-03   0.1401D-04   0.6567D-05  -0.7098D-05  -0.1366D-03   0.6201D-05  -0.6020D-03   0.2476D-04  -0.3754D-03   0.1401D-04
   0.5377D-02  -0.1901D-03   0.7824D-03  -0.5255D-04   0.2276D-02  -0.2965D-03   0.6554D-03   0.0000D+00   0.1546D-03   0.1046D-04  -0.2185D-04   0.3424D-04   0.5377D-02  -0.1901D-03   0.7824D-03  -0.5255D-04   0.2276D-02  -0.2965D-03
  -0.2068D-04  -0.4711D-04  -0.1769D-04  -0.3586D-04  -0.2068D-04  -0.4711D-04  -0.1769D-04  -0.3586D-04
