 LHC=           1 sqrts=   8000.0000000000000      ang=           4 mode=fital                                                                                               scalescheme=           1 R=  0.69999999999999996     
 CT10nlo_rand5678                                                                                             385
 Bin information: chid, chiu, md, mu, mu0
   0.0000000000000000       0.50000000000000000        737.00000000000000        790.00000000000000        763.50000000000000     
 9 scales(muf, mur)*(LO(38), NLO(38))
  0.500  0.500
  -0.3230D+00   0.0000D+00  -0.2642D+00   0.0000D+00   0.0000D+00   0.0000D+00  -0.1748D+00   0.0000D+00  -0.3230D+00   0.0000D+00  -0.2642D+00   0.0000D+00
   0.4514D+00   0.0000D+00   0.7313D-01   0.0000D+00   0.1627D+00   0.0000D+00   0.1103D+00   0.0000D+00   0.2452D-01   0.0000D+00   0.0000D+00   0.0000D+00   0.4514D+00   0.0000D+00   0.7313D-01   0.0000D+00   0.1627D+00   0.0000D+00
   0.0000D+00   0.0000D+00   0.0000D+00   0.0000D+00   0.0000D+00   0.0000D+00   0.0000D+00   0.0000D+00
  -0.2510D+00   0.3348D-01  -0.2299D+00   0.1955D-01   0.2043D-01  -0.1621D-01  -0.1588D+00   0.3703D-02  -0.2510D+00   0.3348D-01  -0.2299D+00   0.1955D-01
   0.3589D+00  -0.1845D-01   0.6014D-01  -0.5862D-02   0.8973D-01  -0.3796D-01   0.9643D-01   0.0000D+00   0.2413D-01   0.2779D-02  -0.2739D-02   0.9095D-02   0.3589D+00  -0.1845D-01   0.6014D-01  -0.5862D-02   0.8973D-01  -0.3796D-01
  -0.1755D-02  -0.5216D-02  -0.2681D-02  -0.6136D-02  -0.1755D-02  -0.5216D-02  -0.2681D-02  -0.6136D-02
  0.500  1.000
  -0.2976D+00   0.0000D+00  -0.2434D+00   0.0000D+00   0.0000D+00   0.0000D+00  -0.1611D+00   0.0000D+00  -0.2976D+00   0.0000D+00  -0.2434D+00   0.0000D+00
   0.4514D+00   0.0000D+00   0.7313D-01   0.0000D+00   0.1627D+00   0.0000D+00   0.1103D+00   0.0000D+00   0.2452D-01   0.0000D+00   0.0000D+00   0.0000D+00   0.4514D+00   0.0000D+00   0.7313D-01   0.0000D+00   0.1627D+00   0.0000D+00
   0.0000D+00   0.0000D+00   0.0000D+00   0.0000D+00   0.0000D+00   0.0000D+00   0.0000D+00   0.0000D+00
  -0.2591D+00   0.2843D-01  -0.2328D+00   0.1660D-01   0.1735D-01  -0.1376D-01  -0.1597D+00   0.3144D-02  -0.2591D+00   0.2843D-01  -0.2328D+00   0.1660D-01
   0.3663D+00  -0.1700D-01   0.6118D-01  -0.5402D-02   0.9549D-01  -0.3498D-01   0.9754D-01   0.0000D+00   0.2417D-01   0.2561D-02  -0.2524D-02   0.8381D-02   0.3663D+00  -0.1700D-01   0.6118D-01  -0.5402D-02   0.9549D-01  -0.3498D-01
  -0.1617D-02  -0.4807D-02  -0.2471D-02  -0.5654D-02  -0.1617D-02  -0.4807D-02  -0.2471D-02  -0.5654D-02
  0.500  2.000
  -0.2760D+00   0.0000D+00  -0.2257D+00   0.0000D+00   0.0000D+00   0.0000D+00  -0.1494D+00   0.0000D+00  -0.2760D+00   0.0000D+00  -0.2257D+00   0.0000D+00
   0.4514D+00   0.0000D+00   0.7313D-01   0.0000D+00   0.1627D+00   0.0000D+00   0.1103D+00   0.0000D+00   0.2452D-01   0.0000D+00   0.0000D+00   0.0000D+00   0.4514D+00   0.0000D+00   0.7313D-01   0.0000D+00   0.1627D+00   0.0000D+00
   0.0000D+00   0.0000D+00   0.0000D+00   0.0000D+00   0.0000D+00   0.0000D+00   0.0000D+00   0.0000D+00
  -0.2623D+00   0.2445D-01  -0.2325D+00   0.1427D-01   0.1492D-01  -0.1184D-01  -0.1587D+00   0.2704D-02  -0.2623D+00   0.2445D-01  -0.2325D+00   0.1427D-01
   0.3725D+00  -0.1576D-01   0.6206D-01  -0.5010D-02   0.1004D+00  -0.3244D-01   0.9848D-01   0.0000D+00   0.2420D-01   0.2375D-02  -0.2340D-02   0.7772D-02   0.3725D+00  -0.1576D-01   0.6206D-01  -0.5010D-02   0.1004D+00  -0.3244D-01
  -0.1500D-02  -0.4458D-02  -0.2291D-02  -0.5243D-02  -0.1500D-02  -0.4458D-02  -0.2291D-02  -0.5243D-02
  1.000  0.500
  -0.2944D+00   0.0000D+00  -0.2415D+00   0.0000D+00   0.0000D+00   0.0000D+00  -0.1591D+00   0.0000D+00  -0.2944D+00   0.0000D+00  -0.2415D+00   0.0000D+00
   0.4113D+00   0.0000D+00   0.6670D-01   0.0000D+00   0.1483D+00   0.0000D+00   0.1003D+00   0.0000D+00   0.2228D-01   0.0000D+00   0.0000D+00   0.0000D+00   0.4113D+00   0.0000D+00   0.6670D-01   0.0000D+00   0.1483D+00   0.0000D+00
   0.0000D+00   0.0000D+00   0.0000D+00   0.0000D+00   0.0000D+00   0.0000D+00   0.0000D+00   0.0000D+00
  -0.2553D+00   0.3060D-01  -0.2319D+00   0.1781D-01   0.1852D-01  -0.1475D-01  -0.1592D+00   0.3406D-02  -0.2553D+00   0.3060D-01  -0.2319D+00   0.1781D-01
   0.3635D+00  -0.1682D-01   0.6084D-01  -0.5348D-02   0.9477D-01  -0.3462D-01   0.9703D-01   0.0000D+00   0.2400D-01   0.2526D-02  -0.2464D-02   0.8266D-02   0.3635D+00  -0.1682D-01   0.6084D-01  -0.5348D-02   0.9477D-01  -0.3462D-01
  -0.1606D-02  -0.4761D-02  -0.2447D-02  -0.5567D-02  -0.1606D-02  -0.4761D-02  -0.2447D-02  -0.5567D-02
  1.000  1.000
  -0.2713D+00   0.0000D+00  -0.2225D+00   0.0000D+00   0.0000D+00   0.0000D+00  -0.1466D+00   0.0000D+00  -0.2713D+00   0.0000D+00  -0.2225D+00   0.0000D+00
   0.4113D+00   0.0000D+00   0.6670D-01   0.0000D+00   0.1483D+00   0.0000D+00   0.1003D+00   0.0000D+00   0.2228D-01   0.0000D+00   0.0000D+00   0.0000D+00   0.4113D+00   0.0000D+00   0.6670D-01   0.0000D+00   0.1483D+00   0.0000D+00
   0.0000D+00   0.0000D+00   0.0000D+00   0.0000D+00   0.0000D+00   0.0000D+00   0.0000D+00   0.0000D+00
  -0.2587D+00   0.2598D-01  -0.2313D+00   0.1512D-01   0.1572D-01  -0.1252D-01  -0.1578D+00   0.2892D-02  -0.2587D+00   0.2598D-01  -0.2313D+00   0.1512D-01
   0.3673D+00  -0.1550D-01   0.6131D-01  -0.4928D-02   0.9900D-01  -0.3190D-01   0.9730D-01   0.0000D+00   0.2387D-01   0.2327D-02  -0.2271D-02   0.7616D-02   0.3673D+00  -0.1550D-01   0.6131D-01  -0.4928D-02   0.9900D-01  -0.3190D-01
  -0.1480D-02  -0.4387D-02  -0.2255D-02  -0.5129D-02  -0.1480D-02  -0.4387D-02  -0.2255D-02  -0.5129D-02
  1.000  2.000
  -0.2516D+00   0.0000D+00  -0.2064D+00   0.0000D+00   0.0000D+00   0.0000D+00  -0.1359D+00   0.0000D+00  -0.2516D+00   0.0000D+00  -0.2064D+00   0.0000D+00
   0.4113D+00   0.0000D+00   0.6670D-01   0.0000D+00   0.1483D+00   0.0000D+00   0.1003D+00   0.0000D+00   0.2228D-01   0.0000D+00   0.0000D+00   0.0000D+00   0.4113D+00   0.0000D+00   0.6670D-01   0.0000D+00   0.1483D+00   0.0000D+00
   0.0000D+00   0.0000D+00   0.0000D+00   0.0000D+00   0.0000D+00   0.0000D+00   0.0000D+00   0.0000D+00
  -0.2584D+00   0.2235D-01  -0.2284D+00   0.1300D-01   0.1352D-01  -0.1077D-01  -0.1552D+00   0.2487D-02  -0.2584D+00   0.2235D-01  -0.2284D+00   0.1300D-01
   0.3706D+00  -0.1438D-01   0.6171D-01  -0.4570D-02   0.1026D+00  -0.2958D-01   0.9753D-01   0.0000D+00   0.2376D-01   0.2158D-02  -0.2106D-02   0.7063D-02   0.3706D+00  -0.1438D-01   0.6171D-01  -0.4570D-02   0.1026D+00  -0.2958D-01
  -0.1372D-02  -0.4069D-02  -0.2091D-02  -0.4757D-02  -0.1372D-02  -0.4069D-02  -0.2091D-02  -0.4757D-02
  2.000  0.500
  -0.2705D+00   0.0000D+00  -0.2216D+00   0.0000D+00   0.0000D+00   0.0000D+00  -0.1458D+00   0.0000D+00  -0.2705D+00   0.0000D+00  -0.2216D+00   0.0000D+00
   0.3763D+00   0.0000D+00   0.6116D-01   0.0000D+00   0.1362D+00   0.0000D+00   0.9164D-01   0.0000D+00   0.2036D-01   0.0000D+00   0.0000D+00   0.0000D+00   0.3763D+00   0.0000D+00   0.6116D-01   0.0000D+00   0.1362D+00   0.0000D+00
   0.0000D+00   0.0000D+00   0.0000D+00   0.0000D+00   0.0000D+00   0.0000D+00   0.0000D+00   0.0000D+00
  -0.2603D+00   0.2814D-01  -0.2339D+00   0.1632D-01   0.1690D-01  -0.1352D-01  -0.1595D+00   0.3144D-02  -0.2603D+00   0.2814D-01  -0.2339D+00   0.1632D-01
   0.3668D+00  -0.1543D-01   0.6161D-01  -0.4896D-02   0.9962D-01  -0.3172D-01   0.9716D-01   0.0000D+00   0.2386D-01   0.2309D-02  -0.2101D-02   0.7557D-02   0.3668D+00  -0.1543D-01   0.6161D-01  -0.4896D-02   0.9962D-01  -0.3172D-01
  -0.1476D-02  -0.4382D-02  -0.2247D-02  -0.5107D-02  -0.1476D-02  -0.4382D-02  -0.2247D-02  -0.5107D-02
  2.000  1.000
  -0.2493D+00   0.0000D+00  -0.2042D+00   0.0000D+00   0.0000D+00   0.0000D+00  -0.1343D+00   0.0000D+00  -0.2493D+00   0.0000D+00  -0.2042D+00   0.0000D+00
   0.3763D+00   0.0000D+00   0.6116D-01   0.0000D+00   0.1362D+00   0.0000D+00   0.9164D-01   0.0000D+00   0.2036D-01   0.0000D+00   0.0000D+00   0.0000D+00   0.3763D+00   0.0000D+00   0.6116D-01   0.0000D+00   0.1362D+00   0.0000D+00
   0.0000D+00   0.0000D+00   0.0000D+00   0.0000D+00   0.0000D+00   0.0000D+00   0.0000D+00   0.0000D+00
  -0.2595D+00   0.2389D-01  -0.2301D+00   0.1386D-01   0.1435D-01  -0.1148D-01  -0.1562D+00   0.2670D-02  -0.2595D+00   0.2389D-01  -0.2301D+00   0.1386D-01
   0.3676D+00  -0.1422D-01   0.6158D-01  -0.4512D-02   0.1025D+00  -0.2923D-01   0.9674D-01   0.0000D+00   0.2359D-01   0.2128D-02  -0.1936D-02   0.6963D-02   0.3676D+00  -0.1422D-01   0.6158D-01  -0.4512D-02   0.1025D+00  -0.2923D-01
  -0.1360D-02  -0.4038D-02  -0.2070D-02  -0.4706D-02  -0.1360D-02  -0.4038D-02  -0.2070D-02  -0.4706D-02
  2.000  2.000
  -0.2312D+00   0.0000D+00  -0.1893D+00   0.0000D+00   0.0000D+00   0.0000D+00  -0.1246D+00   0.0000D+00  -0.2312D+00   0.0000D+00  -0.1893D+00   0.0000D+00
   0.3763D+00   0.0000D+00   0.6116D-01   0.0000D+00   0.1362D+00   0.0000D+00   0.9164D-01   0.0000D+00   0.2036D-01   0.0000D+00   0.0000D+00   0.0000D+00   0.3763D+00   0.0000D+00   0.6116D-01   0.0000D+00   0.1362D+00   0.0000D+00
   0.0000D+00   0.0000D+00   0.0000D+00   0.0000D+00   0.0000D+00   0.0000D+00   0.0000D+00   0.0000D+00
  -0.2562D+00   0.2054D-01  -0.2250D+00   0.1192D-01   0.1234D-01  -0.9872D-02  -0.1522D+00   0.2296D-02  -0.2562D+00   0.2054D-01  -0.2250D+00   0.1192D-01
   0.3683D+00  -0.1319D-01   0.6156D-01  -0.4184D-02   0.1050D+00  -0.2710D-01   0.9638D-01   0.0000D+00   0.2336D-01   0.1973D-02  -0.1796D-02   0.6457D-02   0.3683D+00  -0.1319D-01   0.6156D-01  -0.4184D-02   0.1050D+00  -0.2710D-01
  -0.1261D-02  -0.3745D-02  -0.1920D-02  -0.4364D-02  -0.1261D-02  -0.3745D-02  -0.1920D-02  -0.4364D-02
