 LHC=           1 sqrts=   8000.0000000000000      ang=           4 mode=fital                                                                                               scalescheme=           1 R=  0.69999999999999996     
 CT10nlo_rand5678                                                                                             399
 Bin information: chid, chiu, md, mu, mu0
   0.0000000000000000       0.50000000000000000        967.00000000000000        1032.0000000000000        999.50000000000000     
 9 scales(muf, mur)*(LO(38), NLO(38))
  0.500  0.500
  -0.1376D+00   0.0000D+00  -0.1005D+00   0.0000D+00   0.0000D+00   0.0000D+00  -0.5385D-01   0.0000D+00  -0.1376D+00   0.0000D+00  -0.1005D+00   0.0000D+00
   0.2998D+00   0.0000D+00   0.4665D-01   0.0000D+00   0.1197D+00   0.0000D+00   0.5583D-01   0.0000D+00   0.1241D-01   0.0000D+00   0.0000D+00   0.0000D+00   0.2998D+00   0.0000D+00   0.4665D-01   0.0000D+00   0.1197D+00   0.0000D+00
   0.0000D+00   0.0000D+00   0.0000D+00   0.0000D+00   0.0000D+00   0.0000D+00   0.0000D+00   0.0000D+00
  -0.1105D+00   0.1213D-01  -0.8804D-01   0.6913D-02   0.6926D-02  -0.4836D-02  -0.4763D-01   0.2070D-02  -0.1105D+00   0.1213D-01  -0.8804D-01   0.6913D-02
   0.2264D+00  -0.1314D-01   0.3649D-01  -0.3934D-02   0.6621D-01  -0.2418D-01   0.4711D-01   0.0000D+00   0.1173D-01   0.1360D-02  -0.2293D-02   0.4451D-02   0.2264D+00  -0.1314D-01   0.3649D-01  -0.3934D-02   0.6621D-01  -0.2418D-01
  -0.1329D-02  -0.3483D-02  -0.1601D-02  -0.3487D-02  -0.1329D-02  -0.3483D-02  -0.1601D-02  -0.3487D-02
  0.500  1.000
  -0.1271D+00   0.0000D+00  -0.9285D-01   0.0000D+00   0.0000D+00   0.0000D+00  -0.4975D-01   0.0000D+00  -0.1271D+00   0.0000D+00  -0.9285D-01   0.0000D+00
   0.2998D+00   0.0000D+00   0.4665D-01   0.0000D+00   0.1197D+00   0.0000D+00   0.5583D-01   0.0000D+00   0.1241D-01   0.0000D+00   0.0000D+00   0.0000D+00   0.2998D+00   0.0000D+00   0.4665D-01   0.0000D+00   0.1197D+00   0.0000D+00
   0.0000D+00   0.0000D+00   0.0000D+00   0.0000D+00   0.0000D+00   0.0000D+00   0.0000D+00   0.0000D+00
  -0.1134D+00   0.1035D-01  -0.8906D-01   0.5901D-02   0.5912D-02  -0.4128D-02  -0.4811D-01   0.1766D-02  -0.1134D+00   0.1035D-01  -0.8906D-01   0.5901D-02
   0.2321D+00  -0.1214D-01   0.3727D-01  -0.3634D-02   0.7030D-01  -0.2234D-01   0.4778D-01   0.0000D+00   0.1178D-01   0.1257D-02  -0.2119D-02   0.4113D-02   0.2321D+00  -0.1214D-01   0.3727D-01  -0.3634D-02   0.7030D-01  -0.2234D-01
  -0.1228D-02  -0.3218D-02  -0.1479D-02  -0.3222D-02  -0.1228D-02  -0.3218D-02  -0.1479D-02  -0.3222D-02
  0.500  2.000
  -0.1181D+00   0.0000D+00  -0.8630D-01   0.0000D+00   0.0000D+00   0.0000D+00  -0.4624D-01   0.0000D+00  -0.1181D+00   0.0000D+00  -0.8630D-01   0.0000D+00
   0.2998D+00   0.0000D+00   0.4665D-01   0.0000D+00   0.1197D+00   0.0000D+00   0.5583D-01   0.0000D+00   0.1241D-01   0.0000D+00   0.0000D+00   0.0000D+00   0.2998D+00   0.0000D+00   0.4665D-01   0.0000D+00   0.1197D+00   0.0000D+00
   0.0000D+00   0.0000D+00   0.0000D+00   0.0000D+00   0.0000D+00   0.0000D+00   0.0000D+00   0.0000D+00
  -0.1144D+00   0.8940D-02  -0.8893D-01   0.5097D-02   0.5107D-02  -0.3566D-02  -0.4799D-01   0.1526D-02  -0.1144D+00   0.8940D-02  -0.8893D-01   0.5097D-02
   0.2369D+00  -0.1128D-01   0.3793D-01  -0.3378D-02   0.7380D-01  -0.2076D-01   0.4835D-01   0.0000D+00   0.1182D-01   0.1168D-02  -0.1969D-02   0.3822D-02   0.2369D+00  -0.1128D-01   0.3793D-01  -0.3378D-02   0.7380D-01  -0.2076D-01
  -0.1141D-02  -0.2991D-02  -0.1375D-02  -0.2995D-02  -0.1141D-02  -0.2991D-02  -0.1375D-02  -0.2995D-02
  1.000  0.500
  -0.1230D+00   0.0000D+00  -0.8968D-01   0.0000D+00   0.0000D+00   0.0000D+00  -0.4790D-01   0.0000D+00  -0.1230D+00   0.0000D+00  -0.8968D-01   0.0000D+00
   0.2676D+00   0.0000D+00   0.4164D-01   0.0000D+00   0.1070D+00   0.0000D+00   0.4953D-01   0.0000D+00   0.1101D-01   0.0000D+00   0.0000D+00   0.0000D+00   0.2676D+00   0.0000D+00   0.4164D-01   0.0000D+00   0.1070D+00   0.0000D+00
   0.0000D+00   0.0000D+00   0.0000D+00   0.0000D+00   0.0000D+00   0.0000D+00   0.0000D+00   0.0000D+00
  -0.1123D+00   0.1082D-01  -0.8863D-01   0.6153D-02   0.6091D-02  -0.4301D-02  -0.4775D-01   0.1858D-02  -0.1123D+00   0.1082D-01  -0.8863D-01   0.6153D-02
   0.2322D+00  -0.1176D-01   0.3727D-01  -0.3525D-02   0.7114D-01  -0.2159D-01   0.4764D-01   0.0000D+00   0.1168D-01   0.1208D-02  -0.2052D-02   0.3953D-02   0.2322D+00  -0.1176D-01   0.3727D-01  -0.3525D-02   0.7114D-01  -0.2159D-01
  -0.1191D-02  -0.3108D-02  -0.1427D-02  -0.3099D-02  -0.1191D-02  -0.3108D-02  -0.1427D-02  -0.3099D-02
  1.000  1.000
  -0.1136D+00   0.0000D+00  -0.8285D-01   0.0000D+00   0.0000D+00   0.0000D+00  -0.4425D-01   0.0000D+00  -0.1136D+00   0.0000D+00  -0.8285D-01   0.0000D+00
   0.2676D+00   0.0000D+00   0.4164D-01   0.0000D+00   0.1070D+00   0.0000D+00   0.4953D-01   0.0000D+00   0.1101D-01   0.0000D+00   0.0000D+00   0.0000D+00   0.2676D+00   0.0000D+00   0.4164D-01   0.0000D+00   0.1070D+00   0.0000D+00
   0.0000D+00   0.0000D+00   0.0000D+00   0.0000D+00   0.0000D+00   0.0000D+00   0.0000D+00   0.0000D+00
  -0.1129D+00   0.9234D-02  -0.8806D-01   0.5251D-02   0.5199D-02  -0.3671D-02  -0.4739D-01   0.1586D-02  -0.1129D+00   0.9234D-02  -0.8806D-01   0.5251D-02
   0.2349D+00  -0.1087D-01   0.3761D-01  -0.3257D-02   0.7388D-01  -0.1994D-01   0.4779D-01   0.0000D+00   0.1163D-01   0.1116D-02  -0.1896D-02   0.3653D-02   0.2349D+00  -0.1087D-01   0.3761D-01  -0.3257D-02   0.7388D-01  -0.1994D-01
  -0.1100D-02  -0.2871D-02  -0.1318D-02  -0.2863D-02  -0.1100D-02  -0.2871D-02  -0.1318D-02  -0.2863D-02
  1.000  2.000
  -0.1056D+00   0.0000D+00  -0.7701D-01   0.0000D+00   0.0000D+00   0.0000D+00  -0.4113D-01   0.0000D+00  -0.1056D+00   0.0000D+00  -0.7701D-01   0.0000D+00
   0.2676D+00   0.0000D+00   0.4164D-01   0.0000D+00   0.1070D+00   0.0000D+00   0.4953D-01   0.0000D+00   0.1101D-01   0.0000D+00   0.0000D+00   0.0000D+00   0.2676D+00   0.0000D+00   0.4164D-01   0.0000D+00   0.1070D+00   0.0000D+00
   0.0000D+00   0.0000D+00   0.0000D+00   0.0000D+00   0.0000D+00   0.0000D+00   0.0000D+00   0.0000D+00
  -0.1122D+00   0.7977D-02  -0.8678D-01   0.4536D-02   0.4491D-02  -0.3171D-02  -0.4665D-01   0.1370D-02  -0.1122D+00   0.7977D-02  -0.8678D-01   0.4536D-02
   0.2373D+00  -0.1010D-01   0.3790D-01  -0.3027D-02   0.7623D-01  -0.1854D-01   0.4792D-01   0.0000D+00   0.1158D-01   0.1037D-02  -0.1763D-02   0.3395D-02   0.2373D+00  -0.1010D-01   0.3790D-01  -0.3027D-02   0.7623D-01  -0.1854D-01
  -0.1022D-02  -0.2669D-02  -0.1225D-02  -0.2661D-02  -0.1022D-02  -0.2669D-02  -0.1225D-02  -0.2661D-02
  2.000  0.500
  -0.1108D+00   0.0000D+00  -0.8064D-01   0.0000D+00   0.0000D+00   0.0000D+00  -0.4290D-01   0.0000D+00  -0.1108D+00   0.0000D+00  -0.8064D-01   0.0000D+00
   0.2409D+00   0.0000D+00   0.3745D-01   0.0000D+00   0.9648D-01   0.0000D+00   0.4429D-01   0.0000D+00   0.9843D-02   0.0000D+00   0.0000D+00   0.0000D+00   0.2409D+00   0.0000D+00   0.3745D-01   0.0000D+00   0.9648D-01   0.0000D+00
   0.0000D+00   0.0000D+00   0.0000D+00   0.0000D+00   0.0000D+00   0.0000D+00   0.0000D+00   0.0000D+00
  -0.1141D+00   0.9716D-02  -0.8884D-01   0.5522D-02   0.5406D-02  -0.3854D-02  -0.4796D-01   0.1678D-02  -0.1141D+00   0.9716D-02  -0.8884D-01   0.5522D-02
   0.2364D+00  -0.1058D-01   0.3784D-01  -0.3171D-02   0.7483D-01  -0.1946D-01   0.4788D-01   0.0000D+00   0.1161D-01   0.1080D-02  -0.1840D-02   0.3535D-02   0.2364D+00  -0.1058D-01   0.3784D-01  -0.3171D-02   0.7483D-01  -0.1946D-01
  -0.1073D-02  -0.2801D-02  -0.1282D-02  -0.2786D-02  -0.1073D-02  -0.2801D-02  -0.1282D-02  -0.2786D-02
  2.000  1.000
  -0.1024D+00   0.0000D+00  -0.7450D-01   0.0000D+00   0.0000D+00   0.0000D+00  -0.3964D-01   0.0000D+00  -0.1024D+00   0.0000D+00  -0.7450D-01   0.0000D+00
   0.2409D+00   0.0000D+00   0.3745D-01   0.0000D+00   0.9648D-01   0.0000D+00   0.4429D-01   0.0000D+00   0.9843D-02   0.0000D+00   0.0000D+00   0.0000D+00   0.2409D+00   0.0000D+00   0.3745D-01   0.0000D+00   0.9648D-01   0.0000D+00
   0.0000D+00   0.0000D+00   0.0000D+00   0.0000D+00   0.0000D+00   0.0000D+00   0.0000D+00   0.0000D+00
  -0.1127D+00   0.8293D-02  -0.8699D-01   0.4713D-02   0.4615D-02  -0.3289D-02  -0.4687D-01   0.1433D-02  -0.1127D+00   0.8293D-02  -0.8699D-01   0.4713D-02
   0.2368D+00  -0.9778D-02   0.3781D-01  -0.2930D-02   0.7649D-01  -0.1798D-01   0.4761D-01   0.0000D+00   0.1148D-01   0.9979D-03  -0.1700D-02   0.3266D-02   0.2368D+00  -0.9778D-02   0.3781D-01  -0.2930D-02   0.7649D-01  -0.1798D-01
  -0.9917D-03  -0.2588D-02  -0.1184D-02  -0.2574D-02  -0.9917D-03  -0.2588D-02  -0.1184D-02  -0.2574D-02
  2.000  2.000
  -0.9517D-01   0.0000D+00  -0.6924D-01   0.0000D+00   0.0000D+00   0.0000D+00  -0.3684D-01   0.0000D+00  -0.9517D-01   0.0000D+00  -0.6924D-01   0.0000D+00
   0.2409D+00   0.0000D+00   0.3745D-01   0.0000D+00   0.9648D-01   0.0000D+00   0.4429D-01   0.0000D+00   0.9843D-02   0.0000D+00   0.0000D+00   0.0000D+00   0.2409D+00   0.0000D+00   0.3745D-01   0.0000D+00   0.9648D-01   0.0000D+00
   0.0000D+00   0.0000D+00   0.0000D+00   0.0000D+00   0.0000D+00   0.0000D+00   0.0000D+00   0.0000D+00
  -0.1106D+00   0.7164D-02  -0.8477D-01   0.4071D-02   0.3987D-02  -0.2841D-02  -0.4561D-01   0.1238D-02  -0.1106D+00   0.7164D-02  -0.8477D-01   0.4071D-02
   0.2371D+00  -0.9088D-02   0.3779D-01  -0.2723D-02   0.7791D-01  -0.1671D-01   0.4738D-01   0.0000D+00   0.1136D-01   0.9275D-03  -0.1580D-02   0.3035D-02   0.2371D+00  -0.9088D-02   0.3779D-01  -0.2723D-02   0.7791D-01  -0.1671D-01
  -0.9217D-03  -0.2405D-02  -0.1101D-02  -0.2392D-02  -0.9217D-03  -0.2405D-02  -0.1101D-02  -0.2392D-02
