 LHC=           1 sqrts=   8000.0000000000000      ang=           4 mode=fital                                                                                               scalescheme=           1 R=  0.69999999999999996     
 CT10nlo_rand5678                                                                                              97
 Bin information: chid, chiu, md, mu, mu0
   0.0000000000000000       0.50000000000000000        395.00000000000000        430.00000000000000        412.50000000000000     
 9 scales(muf, mur)*(LO(38), NLO(38))
  0.500  0.500
  -0.1268D+01   0.0000D+00  -0.1294D+01   0.0000D+00   0.0000D+00   0.0000D+00  -0.1092D+01   0.0000D+00  -0.1268D+01   0.0000D+00  -0.1294D+01   0.0000D+00
   0.5951D+00   0.0000D+00   0.1025D+00   0.0000D+00   0.1791D+00   0.0000D+00   0.1935D+00   0.0000D+00   0.4300D-01   0.0000D+00   0.0000D+00   0.0000D+00   0.5951D+00   0.0000D+00   0.1025D+00   0.0000D+00   0.1791D+00   0.0000D+00
   0.0000D+00   0.0000D+00   0.0000D+00   0.0000D+00   0.0000D+00   0.0000D+00   0.0000D+00   0.0000D+00
  -0.9337D+00   0.1834D+00  -0.1107D+01   0.1093D+00   0.1112D+00  -0.1097D+00  -0.1002D+01   0.5241D-02  -0.9337D+00   0.1834D+00  -0.1107D+01   0.1093D+00
   0.5466D+00  -0.2196D-01   0.9688D-01  -0.7774D-02   0.1081D+00  -0.5486D-01   0.1866D+00   0.0000D+00   0.4684D-01   0.5275D-02  -0.2552D-02   0.1727D-01   0.5466D+00  -0.2196D-01   0.9688D-01  -0.7774D-02   0.1081D+00  -0.5486D-01
  -0.1799D-02  -0.6882D-02  -0.4081D-02  -0.1021D-01  -0.1799D-02  -0.6882D-02  -0.4081D-02  -0.1021D-01
  0.500  1.000
  -0.1160D+01   0.0000D+00  -0.1184D+01   0.0000D+00   0.0000D+00   0.0000D+00  -0.9995D+00   0.0000D+00  -0.1160D+01   0.0000D+00  -0.1184D+01   0.0000D+00
   0.5951D+00   0.0000D+00   0.1025D+00   0.0000D+00   0.1791D+00   0.0000D+00   0.1935D+00   0.0000D+00   0.4300D-01   0.0000D+00   0.0000D+00   0.0000D+00   0.5951D+00   0.0000D+00   0.1025D+00   0.0000D+00   0.1791D+00   0.0000D+00
   0.0000D+00   0.0000D+00   0.0000D+00   0.0000D+00   0.0000D+00   0.0000D+00   0.0000D+00   0.0000D+00
  -0.9754D+00   0.1537D+00  -0.1124D+01   0.9158D-01   0.9316D-01  -0.9187D-01  -0.1006D+01   0.4391D-02  -0.9754D+00   0.1537D+00  -0.1124D+01   0.9158D-01
   0.5510D+00  -0.2010D-01   0.9740D-01  -0.7116D-02   0.1142D+00  -0.5022D-01   0.1872D+00   0.0000D+00   0.4653D-01   0.4829D-02  -0.2336D-02   0.1580D-01   0.5510D+00  -0.2010D-01   0.9740D-01  -0.7116D-02   0.1142D+00  -0.5022D-01
  -0.1647D-02  -0.6299D-02  -0.3736D-02  -0.9347D-02  -0.1647D-02  -0.6299D-02  -0.3736D-02  -0.9347D-02
  0.500  2.000
  -0.1070D+01   0.0000D+00  -0.1092D+01   0.0000D+00   0.0000D+00   0.0000D+00  -0.9217D+00   0.0000D+00  -0.1070D+01   0.0000D+00  -0.1092D+01   0.0000D+00
   0.5951D+00   0.0000D+00   0.1025D+00   0.0000D+00   0.1791D+00   0.0000D+00   0.1935D+00   0.0000D+00   0.4300D-01   0.0000D+00   0.0000D+00   0.0000D+00   0.5951D+00   0.0000D+00   0.1025D+00   0.0000D+00   0.1791D+00   0.0000D+00
   0.0000D+00   0.0000D+00   0.0000D+00   0.0000D+00   0.0000D+00   0.0000D+00   0.0000D+00   0.0000D+00
  -0.9934D+00   0.1307D+00  -0.1123D+01   0.7787D-01   0.7922D-01  -0.7813D-01  -0.9968D+00   0.3734D-02  -0.9934D+00   0.1307D+00  -0.1123D+01   0.7787D-01
   0.5546D+00  -0.1854D-01   0.9783D-01  -0.6562D-02   0.1193D+00  -0.4631D-01   0.1878D+00   0.0000D+00   0.4627D-01   0.4453D-02  -0.2153D-02   0.1457D-01   0.5546D+00  -0.1854D-01   0.9783D-01  -0.6562D-02   0.1193D+00  -0.4631D-01
  -0.1518D-02  -0.5809D-02  -0.3445D-02  -0.8620D-02  -0.1518D-02  -0.5809D-02  -0.3445D-02  -0.8620D-02
  1.000  0.500
  -0.1199D+01   0.0000D+00  -0.1228D+01   0.0000D+00   0.0000D+00   0.0000D+00  -0.1035D+01   0.0000D+00  -0.1199D+01   0.0000D+00  -0.1228D+01   0.0000D+00
   0.5620D+00   0.0000D+00   0.9668D-01   0.0000D+00   0.1688D+00   0.0000D+00   0.1833D+00   0.0000D+00   0.4073D-01   0.0000D+00   0.0000D+00   0.0000D+00   0.5620D+00   0.0000D+00   0.9668D-01   0.0000D+00   0.1688D+00   0.0000D+00
   0.0000D+00   0.0000D+00   0.0000D+00   0.0000D+00   0.0000D+00   0.0000D+00   0.0000D+00   0.0000D+00
  -0.9554D+00   0.1738D+00  -0.1114D+01   0.1034D+00   0.1049D+00  -0.1039D+00  -0.1009D+01   0.5073D-02  -0.9554D+00   0.1738D+00  -0.1114D+01   0.1034D+00
   0.5424D+00  -0.2070D-01   0.9593D-01  -0.7352D-02   0.1094D+00  -0.5212D-01   0.1854D+00   0.0000D+00   0.4618D-01   0.4996D-02  -0.2647D-02   0.1635D-01   0.5424D+00  -0.2070D-01   0.9593D-01  -0.7352D-02   0.1094D+00  -0.5212D-01
  -0.1707D-02  -0.6625D-02  -0.3879D-02  -0.9652D-02  -0.1707D-02  -0.6625D-02  -0.3879D-02  -0.9652D-02
  1.000  1.000
  -0.1098D+01   0.0000D+00  -0.1124D+01   0.0000D+00   0.0000D+00   0.0000D+00  -0.9471D+00   0.0000D+00  -0.1098D+01   0.0000D+00  -0.1124D+01   0.0000D+00
   0.5620D+00   0.0000D+00   0.9668D-01   0.0000D+00   0.1688D+00   0.0000D+00   0.1833D+00   0.0000D+00   0.4073D-01   0.0000D+00   0.0000D+00   0.0000D+00   0.5620D+00   0.0000D+00   0.9668D-01   0.0000D+00   0.1688D+00   0.0000D+00
   0.0000D+00   0.0000D+00   0.0000D+00   0.0000D+00   0.0000D+00   0.0000D+00   0.0000D+00   0.0000D+00
  -0.9832D+00   0.1456D+00  -0.1120D+01   0.8663D-01   0.8789D-01  -0.8705D-01  -0.1003D+01   0.4251D-02  -0.9832D+00   0.1456D+00  -0.1120D+01   0.8663D-01
   0.5443D+00  -0.1895D-01   0.9604D-01  -0.6729D-02   0.1145D+00  -0.4771D-01   0.1853D+00   0.0000D+00   0.4573D-01   0.4573D-02  -0.2422D-02   0.1497D-01   0.5443D+00  -0.1895D-01   0.9604D-01  -0.6729D-02   0.1145D+00  -0.4771D-01
  -0.1563D-02  -0.6064D-02  -0.3551D-02  -0.8835D-02  -0.1563D-02  -0.6064D-02  -0.3551D-02  -0.8835D-02
  1.000  2.000
  -0.1012D+01   0.0000D+00  -0.1036D+01   0.0000D+00   0.0000D+00   0.0000D+00  -0.8733D+00   0.0000D+00  -0.1012D+01   0.0000D+00  -0.1036D+01   0.0000D+00
   0.5620D+00   0.0000D+00   0.9668D-01   0.0000D+00   0.1688D+00   0.0000D+00   0.1833D+00   0.0000D+00   0.4073D-01   0.0000D+00   0.0000D+00   0.0000D+00   0.5620D+00   0.0000D+00   0.9668D-01   0.0000D+00   0.1688D+00   0.0000D+00
   0.0000D+00   0.0000D+00   0.0000D+00   0.0000D+00   0.0000D+00   0.0000D+00   0.0000D+00   0.0000D+00
  -0.9911D+00   0.1238D+00  -0.1111D+01   0.7367D-01   0.7474D-01  -0.7403D-01  -0.9865D+00   0.3615D-02  -0.9911D+00   0.1238D+00  -0.1111D+01   0.7367D-01
   0.5458D+00  -0.1748D-01   0.9612D-01  -0.6206D-02   0.1188D+00  -0.4399D-01   0.1852D+00   0.0000D+00   0.4536D-01   0.4217D-02  -0.2233D-02   0.1380D-01   0.5458D+00  -0.1748D-01   0.9612D-01  -0.6206D-02   0.1188D+00  -0.4399D-01
  -0.1441D-02  -0.5592D-02  -0.3274D-02  -0.8147D-02  -0.1441D-02  -0.5592D-02  -0.3274D-02  -0.8147D-02
  2.000  0.500
  -0.1137D+01   0.0000D+00  -0.1168D+01   0.0000D+00   0.0000D+00   0.0000D+00  -0.9823D+00   0.0000D+00  -0.1137D+01   0.0000D+00  -0.1168D+01   0.0000D+00
   0.5324D+00   0.0000D+00   0.9189D-01   0.0000D+00   0.1597D+00   0.0000D+00   0.1731D+00   0.0000D+00   0.3847D-01   0.0000D+00   0.0000D+00   0.0000D+00   0.5324D+00   0.0000D+00   0.9189D-01   0.0000D+00   0.1597D+00   0.0000D+00
   0.0000D+00   0.0000D+00   0.0000D+00   0.0000D+00   0.0000D+00   0.0000D+00   0.0000D+00   0.0000D+00
  -0.9729D+00   0.1650D+00  -0.1131D+01   0.9802D-01   0.9997D-01  -0.9862D-01  -0.1023D+01   0.4890D-02  -0.9729D+00   0.1650D+00  -0.1131D+01   0.9802D-01
   0.5428D+00  -0.1959D-01   0.9590D-01  -0.6950D-02   0.1116D+00  -0.4898D-01   0.1854D+00   0.0000D+00   0.4588D-01   0.4719D-02  -0.2305D-02   0.1545D-01   0.5428D+00  -0.1959D-01   0.9590D-01  -0.6950D-02   0.1116D+00  -0.4898D-01
  -0.1621D-02  -0.6272D-02  -0.3694D-02  -0.9138D-02  -0.1621D-02  -0.6272D-02  -0.3694D-02  -0.9138D-02
  2.000  1.000
  -0.1040D+01   0.0000D+00  -0.1069D+01   0.0000D+00   0.0000D+00   0.0000D+00  -0.8991D+00   0.0000D+00  -0.1040D+01   0.0000D+00  -0.1069D+01   0.0000D+00
   0.5324D+00   0.0000D+00   0.9189D-01   0.0000D+00   0.1597D+00   0.0000D+00   0.1731D+00   0.0000D+00   0.3847D-01   0.0000D+00   0.0000D+00   0.0000D+00   0.5324D+00   0.0000D+00   0.9189D-01   0.0000D+00   0.1597D+00   0.0000D+00
   0.0000D+00   0.0000D+00   0.0000D+00   0.0000D+00   0.0000D+00   0.0000D+00   0.0000D+00   0.0000D+00
  -0.9883D+00   0.1382D+00  -0.1125D+01   0.8212D-01   0.8375D-01  -0.8262D-01  -0.1007D+01   0.4097D-02  -0.9883D+00   0.1382D+00  -0.1125D+01   0.8212D-01
   0.5421D+00  -0.1793D-01   0.9559D-01  -0.6362D-02   0.1157D+00  -0.4483D-01   0.1844D+00   0.0000D+00   0.4526D-01   0.4320D-02  -0.2110D-02   0.1414D-01   0.5421D+00  -0.1793D-01   0.9559D-01  -0.6362D-02   0.1157D+00  -0.4483D-01
  -0.1484D-02  -0.5741D-02  -0.3381D-02  -0.8364D-02  -0.1484D-02  -0.5741D-02  -0.3381D-02  -0.8364D-02
  2.000  2.000
  -0.9594D+00   0.0000D+00  -0.9856D+00   0.0000D+00   0.0000D+00   0.0000D+00  -0.8291D+00   0.0000D+00  -0.9594D+00   0.0000D+00  -0.9856D+00   0.0000D+00
   0.5324D+00   0.0000D+00   0.9189D-01   0.0000D+00   0.1597D+00   0.0000D+00   0.1731D+00   0.0000D+00   0.3847D-01   0.0000D+00   0.0000D+00   0.0000D+00   0.5324D+00   0.0000D+00   0.9189D-01   0.0000D+00   0.1597D+00   0.0000D+00
   0.0000D+00   0.0000D+00   0.0000D+00   0.0000D+00   0.0000D+00   0.0000D+00   0.0000D+00   0.0000D+00
  -0.9874D+00   0.1175D+00  -0.1108D+01   0.6983D-01   0.7122D-01  -0.7026D-01  -0.9830D+00   0.3484D-02  -0.9874D+00   0.1175D+00  -0.1108D+01   0.6983D-01
   0.5416D+00  -0.1653D-01   0.9534D-01  -0.5867D-02   0.1192D+00  -0.4134D-01   0.1836D+00   0.0000D+00   0.4475D-01   0.3984D-02  -0.1945D-02   0.1304D-01   0.5416D+00  -0.1653D-01   0.9534D-01  -0.5867D-02   0.1192D+00  -0.4134D-01
  -0.1368D-02  -0.5294D-02  -0.3118D-02  -0.7713D-02  -0.1368D-02  -0.5294D-02  -0.3118D-02  -0.7713D-02
