 LHC=           1 sqrts=   8000.0000000000000      ang=           4 mode=fital                                                                                               scalescheme=           1 R=  0.69999999999999996     
 CT10nlo_rand5678                                                                                              97
 Bin information: chid, chiu, md, mu, mu0
   0.0000000000000000       0.50000000000000000        1032.0000000000000        1101.0000000000000        1066.5000000000000     
 9 scales(muf, mur)*(LO(38), NLO(38))
  0.500  0.500
  -0.1116D+00   0.0000D+00  -0.7880D-01   0.0000D+00   0.0000D+00   0.0000D+00  -0.4200D-01   0.0000D+00  -0.1116D+00   0.0000D+00  -0.7880D-01   0.0000D+00
   0.2712D+00   0.0000D+00   0.4167D-01   0.0000D+00   0.1113D+00   0.0000D+00   0.4934D-01   0.0000D+00   0.1097D-01   0.0000D+00   0.0000D+00   0.0000D+00   0.2712D+00   0.0000D+00   0.4167D-01   0.0000D+00   0.1113D+00   0.0000D+00
   0.0000D+00   0.0000D+00   0.0000D+00   0.0000D+00   0.0000D+00   0.0000D+00   0.0000D+00   0.0000D+00
  -0.9050D-01   0.9409D-02  -0.6879D-01   0.5446D-02   0.5203D-02  -0.3743D-02  -0.3689D-01   0.1622D-02  -0.9050D-01   0.9409D-02  -0.6879D-01   0.5446D-02
   0.2038D+00  -0.1212D-01   0.3234D-01  -0.3581D-02   0.6255D-01  -0.2168D-01   0.4146D-01   0.0000D+00   0.1035D-01   0.1193D-02  -0.1988D-02   0.3906D-02   0.2038D+00  -0.1212D-01   0.3234D-01  -0.3581D-02   0.6255D-01  -0.2168D-01
  -0.1234D-02  -0.3187D-02  -0.1423D-02  -0.3078D-02  -0.1234D-02  -0.3187D-02  -0.1423D-02  -0.3078D-02
  0.500  1.000
  -0.1032D+00   0.0000D+00  -0.7285D-01   0.0000D+00   0.0000D+00   0.0000D+00  -0.3883D-01   0.0000D+00  -0.1032D+00   0.0000D+00  -0.7285D-01   0.0000D+00
   0.2712D+00   0.0000D+00   0.4167D-01   0.0000D+00   0.1113D+00   0.0000D+00   0.4934D-01   0.0000D+00   0.1097D-01   0.0000D+00   0.0000D+00   0.0000D+00   0.2712D+00   0.0000D+00   0.4167D-01   0.0000D+00   0.1113D+00   0.0000D+00
   0.0000D+00   0.0000D+00   0.0000D+00   0.0000D+00   0.0000D+00   0.0000D+00   0.0000D+00   0.0000D+00
  -0.9269D-01   0.8040D-02  -0.6962D-01   0.4654D-02   0.4446D-02  -0.3198D-02  -0.3730D-01   0.1386D-02  -0.9269D-01   0.8040D-02  -0.6962D-01   0.4654D-02
   0.2089D+00  -0.1121D-01   0.3305D-01  -0.3311D-02   0.6625D-01  -0.2004D-01   0.4206D-01   0.0000D+00   0.1040D-01   0.1103D-02  -0.1838D-02   0.3610D-02   0.2089D+00  -0.1121D-01   0.3305D-01  -0.3311D-02   0.6625D-01  -0.2004D-01
  -0.1141D-02  -0.2946D-02  -0.1315D-02  -0.2845D-02  -0.1141D-02  -0.2946D-02  -0.1315D-02  -0.2845D-02
  0.500  2.000
  -0.9597D-01   0.0000D+00  -0.6774D-01   0.0000D+00   0.0000D+00   0.0000D+00  -0.3611D-01   0.0000D+00  -0.9597D-01   0.0000D+00  -0.6774D-01   0.0000D+00
   0.2712D+00   0.0000D+00   0.4167D-01   0.0000D+00   0.1113D+00   0.0000D+00   0.4934D-01   0.0000D+00   0.1097D-01   0.0000D+00   0.0000D+00   0.0000D+00   0.2712D+00   0.0000D+00   0.4167D-01   0.0000D+00   0.1113D+00   0.0000D+00
   0.0000D+00   0.0000D+00   0.0000D+00   0.0000D+00   0.0000D+00   0.0000D+00   0.0000D+00   0.0000D+00
  -0.9340D-01   0.6953D-02  -0.6955D-01   0.4024D-02   0.3845D-02  -0.2765D-02  -0.3724D-01   0.1199D-02  -0.9340D-01   0.6953D-02  -0.6955D-01   0.4024D-02
   0.2133D+00  -0.1042D-01   0.3366D-01  -0.3079D-02   0.6942D-01  -0.1864D-01   0.4257D-01   0.0000D+00   0.1044D-01   0.1026D-02  -0.1709D-02   0.3357D-02   0.2133D+00  -0.1042D-01   0.3366D-01  -0.3079D-02   0.6942D-01  -0.1864D-01
  -0.1061D-02  -0.2740D-02  -0.1223D-02  -0.2646D-02  -0.1061D-02  -0.2740D-02  -0.1223D-02  -0.2646D-02
  1.000  0.500
  -0.9962D-01   0.0000D+00  -0.7023D-01   0.0000D+00   0.0000D+00   0.0000D+00  -0.3728D-01   0.0000D+00  -0.9962D-01   0.0000D+00  -0.7023D-01   0.0000D+00
   0.2410D+00   0.0000D+00   0.3702D-01   0.0000D+00   0.9920D-01   0.0000D+00   0.4375D-01   0.0000D+00   0.9721D-02   0.0000D+00   0.0000D+00   0.0000D+00   0.2410D+00   0.0000D+00   0.3702D-01   0.0000D+00   0.9920D-01   0.0000D+00
   0.0000D+00   0.0000D+00   0.0000D+00   0.0000D+00   0.0000D+00   0.0000D+00   0.0000D+00   0.0000D+00
  -0.9216D-01   0.8364D-02  -0.6931D-01   0.4835D-02   0.4591D-02  -0.3322D-02  -0.3716D-01   0.1445D-02  -0.9216D-01   0.8364D-02  -0.6931D-01   0.4835D-02
   0.2088D+00  -0.1080D-01   0.3297D-01  -0.3189D-02   0.6722D-01  -0.1925D-01   0.4198D-01   0.0000D+00   0.1032D-01   0.1059D-02  -0.1731D-02   0.3466D-02   0.2088D+00  -0.1080D-01   0.3297D-01  -0.3189D-02   0.6722D-01  -0.1925D-01
  -0.1101D-02  -0.2842D-02  -0.1264D-02  -0.2730D-02  -0.1101D-02  -0.2842D-02  -0.1264D-02  -0.2730D-02
  1.000  1.000
  -0.9209D-01   0.0000D+00  -0.6492D-01   0.0000D+00   0.0000D+00   0.0000D+00  -0.3446D-01   0.0000D+00  -0.9209D-01   0.0000D+00  -0.6492D-01   0.0000D+00
   0.2410D+00   0.0000D+00   0.3702D-01   0.0000D+00   0.9920D-01   0.0000D+00   0.4375D-01   0.0000D+00   0.9721D-02   0.0000D+00   0.0000D+00   0.0000D+00   0.2410D+00   0.0000D+00   0.3702D-01   0.0000D+00   0.9920D-01   0.0000D+00
   0.0000D+00   0.0000D+00   0.0000D+00   0.0000D+00   0.0000D+00   0.0000D+00   0.0000D+00   0.0000D+00
  -0.9245D-01   0.7148D-02  -0.6888D-01   0.4132D-02   0.3923D-02  -0.2839D-02  -0.3688D-01   0.1234D-02  -0.9245D-01   0.7148D-02  -0.6888D-01   0.4132D-02
   0.2112D+00  -0.9986D-02   0.3328D-01  -0.2948D-02   0.6965D-01  -0.1779D-01   0.4212D-01   0.0000D+00   0.1027D-01   0.9790D-03  -0.1600D-02   0.3204D-02   0.2112D+00  -0.9986D-02   0.3328D-01  -0.2948D-02   0.6965D-01  -0.1779D-01
  -0.1017D-02  -0.2627D-02  -0.1168D-02  -0.2524D-02  -0.1017D-02  -0.2627D-02  -0.1168D-02  -0.2524D-02
  1.000  2.000
  -0.8564D-01   0.0000D+00  -0.6037D-01   0.0000D+00   0.0000D+00   0.0000D+00  -0.3205D-01   0.0000D+00  -0.8564D-01   0.0000D+00  -0.6037D-01   0.0000D+00
   0.2410D+00   0.0000D+00   0.3702D-01   0.0000D+00   0.9920D-01   0.0000D+00   0.4375D-01   0.0000D+00   0.9721D-02   0.0000D+00   0.0000D+00   0.0000D+00   0.2410D+00   0.0000D+00   0.3702D-01   0.0000D+00   0.9920D-01   0.0000D+00
   0.0000D+00   0.0000D+00   0.0000D+00   0.0000D+00   0.0000D+00   0.0000D+00   0.0000D+00   0.0000D+00
  -0.9177D-01   0.6181D-02  -0.6790D-01   0.3573D-02   0.3393D-02  -0.2455D-02  -0.3632D-01   0.1067D-02  -0.9177D-01   0.6181D-02  -0.6790D-01   0.3573D-02
   0.2134D+00  -0.9286D-02   0.3354D-01  -0.2741D-02   0.7173D-01  -0.1654D-01   0.4224D-01   0.0000D+00   0.1023D-01   0.9103D-03  -0.1488D-02   0.2979D-02   0.2134D+00  -0.9286D-02   0.3354D-01  -0.2741D-02   0.7173D-01  -0.1654D-01
  -0.9461D-03  -0.2443D-02  -0.1086D-02  -0.2347D-02  -0.9461D-03  -0.2443D-02  -0.1086D-02  -0.2347D-02
  2.000  0.500
  -0.8949D-01   0.0000D+00  -0.6292D-01   0.0000D+00   0.0000D+00   0.0000D+00  -0.3336D-01   0.0000D+00  -0.8949D-01   0.0000D+00  -0.6292D-01   0.0000D+00
   0.2160D+00   0.0000D+00   0.3314D-01   0.0000D+00   0.8911D-01   0.0000D+00   0.3913D-01   0.0000D+00   0.8696D-02   0.0000D+00   0.0000D+00   0.0000D+00   0.2160D+00   0.0000D+00   0.3314D-01   0.0000D+00   0.8911D-01   0.0000D+00
   0.0000D+00   0.0000D+00   0.0000D+00   0.0000D+00   0.0000D+00   0.0000D+00   0.0000D+00   0.0000D+00
  -0.9337D-01   0.7501D-02  -0.6978D-01   0.4334D-02   0.4091D-02  -0.2973D-02  -0.3750D-01   0.1297D-02  -0.9337D-01   0.7501D-02  -0.6978D-01   0.4334D-02
   0.2129D+00  -0.9702D-02   0.3346D-01  -0.2855D-02   0.7094D-01  -0.1721D-01   0.4216D-01   0.0000D+00   0.1028D-01   0.9469D-03  -0.1551D-02   0.3099D-02   0.2129D+00  -0.9702D-02   0.3346D-01  -0.2855D-02   0.7094D-01  -0.1721D-01
  -0.9891D-03  -0.2555D-02  -0.1133D-02  -0.2445D-02  -0.9891D-03  -0.2555D-02  -0.1133D-02  -0.2445D-02
  2.000  1.000
  -0.8272D-01   0.0000D+00  -0.5816D-01   0.0000D+00   0.0000D+00   0.0000D+00  -0.3084D-01   0.0000D+00  -0.8272D-01   0.0000D+00  -0.5816D-01   0.0000D+00
   0.2160D+00   0.0000D+00   0.3314D-01   0.0000D+00   0.8911D-01   0.0000D+00   0.3913D-01   0.0000D+00   0.8696D-02   0.0000D+00   0.0000D+00   0.0000D+00   0.2160D+00   0.0000D+00   0.3314D-01   0.0000D+00   0.8911D-01   0.0000D+00
   0.0000D+00   0.0000D+00   0.0000D+00   0.0000D+00   0.0000D+00   0.0000D+00   0.0000D+00   0.0000D+00
  -0.9209D-01   0.6410D-02  -0.6829D-01   0.3704D-02   0.3497D-02  -0.2541D-02  -0.3663D-01   0.1108D-02  -0.9209D-01   0.6410D-02  -0.6829D-01   0.3704D-02
   0.2131D+00  -0.8969D-02   0.3344D-01  -0.2639D-02   0.7233D-01  -0.1591D-01   0.4194D-01   0.0000D+00   0.1016D-01   0.8753D-03  -0.1434D-02   0.2865D-02   0.2131D+00  -0.8969D-02   0.3344D-01  -0.2639D-02   0.7233D-01  -0.1591D-01
  -0.9144D-03  -0.2362D-02  -0.1047D-02  -0.2260D-02  -0.9144D-03  -0.2362D-02  -0.1047D-02  -0.2260D-02
  2.000  2.000
  -0.7692D-01   0.0000D+00  -0.5409D-01   0.0000D+00   0.0000D+00   0.0000D+00  -0.2868D-01   0.0000D+00  -0.7692D-01   0.0000D+00  -0.5409D-01   0.0000D+00
   0.2160D+00   0.0000D+00   0.3314D-01   0.0000D+00   0.8911D-01   0.0000D+00   0.3913D-01   0.0000D+00   0.8696D-02   0.0000D+00   0.0000D+00   0.0000D+00   0.2160D+00   0.0000D+00   0.3314D-01   0.0000D+00   0.8911D-01   0.0000D+00
   0.0000D+00   0.0000D+00   0.0000D+00   0.0000D+00   0.0000D+00   0.0000D+00   0.0000D+00   0.0000D+00
  -0.9025D-01   0.5543D-02  -0.6652D-01   0.3203D-02   0.3024D-02  -0.2197D-02  -0.3563D-01   0.9585D-03  -0.9025D-01   0.5543D-02  -0.6652D-01   0.3203D-02
   0.2134D+00  -0.8340D-02   0.3342D-01  -0.2454D-02   0.7351D-01  -0.1479D-01   0.4174D-01   0.0000D+00   0.1006D-01   0.8139D-03  -0.1333D-02   0.2664D-02   0.2134D+00  -0.8340D-02   0.3342D-01  -0.2454D-02   0.7351D-01  -0.1479D-01
  -0.8503D-03  -0.2197D-02  -0.9737D-03  -0.2102D-02  -0.8503D-03  -0.2197D-02  -0.9737D-03  -0.2102D-02
