 LHC=           1 sqrts=   8000.0000000000000      ang=           4 mode=fital                                                                                               scalescheme=           1 R=  0.69999999999999996     
 CT10nlo_rand5678                                                                                              19
 Bin information: chid, chiu, md, mu, mu0
   0.0000000000000000       0.50000000000000000        49.000000000000000        56.000000000000000        52.500000000000000     
 9 scales(muf, mur)*(LO(38), NLO(38))
  0.500  0.500
  -0.2189D+02   0.0000D+00  -0.3748D+02   0.0000D+00   0.0000D+00   0.0000D+00  -0.4227D+02   0.0000D+00  -0.2189D+02   0.0000D+00  -0.3748D+02   0.0000D+00
   0.1882D+00   0.0000D+00   0.3579D-01   0.0000D+00   0.3749D-01   0.0000D+00   0.8284D-01   0.0000D+00   0.1841D-01   0.0000D+00   0.0000D+00   0.0000D+00   0.1882D+00   0.0000D+00   0.3579D-01   0.0000D+00   0.3749D-01   0.0000D+00
   0.0000D+00   0.0000D+00   0.0000D+00   0.0000D+00   0.0000D+00   0.0000D+00   0.0000D+00   0.0000D+00
  -0.1511D+02   0.7558D+01  -0.3096D+02   0.4802D+01   0.3550D+01  -0.5867D+01  -0.3809D+02  -0.5665D+00  -0.1511D+02   0.7558D+01  -0.3096D+02   0.4802D+01
   0.6362D+00  -0.6208D-02   0.1190D+00  -0.3092D-02   0.1050D+00  -0.2515D-01   0.2468D+00   0.0000D+00   0.6813D-01   0.2962D-02   0.1078D-01   0.9694D-02   0.6362D+00  -0.6208D-02   0.1190D+00  -0.3092D-02   0.1050D+00  -0.2515D-01
  -0.5975D-04  -0.2505D-02  -0.1395D-02  -0.5175D-02  -0.5975D-04  -0.2505D-02  -0.1395D-02  -0.5175D-02
  0.500  1.000
  -0.1937D+02   0.0000D+00  -0.3317D+02   0.0000D+00   0.0000D+00   0.0000D+00  -0.3741D+02   0.0000D+00  -0.1937D+02   0.0000D+00  -0.3317D+02   0.0000D+00
   0.1882D+00   0.0000D+00   0.3579D-01   0.0000D+00   0.3749D-01   0.0000D+00   0.8284D-01   0.0000D+00   0.1841D-01   0.0000D+00   0.0000D+00   0.0000D+00   0.1882D+00   0.0000D+00   0.3579D-01   0.0000D+00   0.3749D-01   0.0000D+00
   0.0000D+00   0.0000D+00   0.0000D+00   0.0000D+00   0.0000D+00   0.0000D+00   0.0000D+00   0.0000D+00
  -0.1621D+02   0.5921D+01  -0.3173D+02   0.3762D+01   0.2778D+01  -0.4596D+01  -0.3828D+02  -0.4438D+00  -0.1621D+02   0.5921D+01  -0.3173D+02   0.3762D+01
   0.5802D+00  -0.5495D-02   0.1088D+00  -0.2737D-02   0.9531D-01  -0.2226D-01   0.2276D+00   0.0000D+00   0.6227D-01   0.2622D-02   0.9614D-02   0.8581D-02   0.5802D+00  -0.5495D-02   0.1088D+00  -0.2737D-02   0.9531D-01  -0.2226D-01
  -0.5282D-04  -0.2218D-02  -0.1235D-02  -0.4580D-02  -0.5282D-04  -0.2218D-02  -0.1235D-02  -0.4580D-02
  0.500  2.000
  -0.1738D+02   0.0000D+00  -0.2977D+02   0.0000D+00   0.0000D+00   0.0000D+00  -0.3357D+02   0.0000D+00  -0.1738D+02   0.0000D+00  -0.2977D+02   0.0000D+00
   0.1882D+00   0.0000D+00   0.3579D-01   0.0000D+00   0.3749D-01   0.0000D+00   0.8284D-01   0.0000D+00   0.1841D-01   0.0000D+00   0.0000D+00   0.0000D+00   0.1882D+00   0.0000D+00   0.3579D-01   0.0000D+00   0.3749D-01   0.0000D+00
   0.0000D+00   0.0000D+00   0.0000D+00   0.0000D+00   0.0000D+00   0.0000D+00   0.0000D+00   0.0000D+00
  -0.1656D+02   0.4768D+01  -0.3156D+02   0.3029D+01   0.2235D+01  -0.3701D+01  -0.3760D+02  -0.3574D+00  -0.1656D+02   0.4768D+01  -0.3156D+02   0.3029D+01
   0.5432D+00  -0.4931D-02   0.1019D+00  -0.2456D-02   0.9009D-01  -0.1997D-01   0.2138D+00   0.0000D+00   0.5807D-01   0.2353D-02   0.8703D-02   0.7700D-02   0.5432D+00  -0.4931D-02   0.1019D+00  -0.2456D-02   0.9009D-01  -0.1997D-01
  -0.4736D-04  -0.1990D-02  -0.1108D-02  -0.4110D-02  -0.4736D-04  -0.1990D-02  -0.1108D-02  -0.4110D-02
  1.000  0.500
  -0.2342D+02   0.0000D+00  -0.4138D+02   0.0000D+00   0.0000D+00   0.0000D+00  -0.4490D+02   0.0000D+00  -0.2342D+02   0.0000D+00  -0.4138D+02   0.0000D+00
   0.2079D+00   0.0000D+00   0.4108D-01   0.0000D+00   0.4155D-01   0.0000D+00   0.9805D-01   0.0000D+00   0.2179D-01   0.0000D+00   0.0000D+00   0.0000D+00   0.2079D+00   0.0000D+00   0.4108D-01   0.0000D+00   0.4155D-01   0.0000D+00
   0.0000D+00   0.0000D+00   0.0000D+00   0.0000D+00   0.0000D+00   0.0000D+00   0.0000D+00   0.0000D+00
  -0.1376D+02   0.8478D+01  -0.2780D+02   0.5263D+01   0.4128D+01  -0.6140D+01  -0.3562D+02  -0.6248D+00  -0.1376D+02   0.8478D+01  -0.2780D+02   0.5263D+01
   0.5795D+00  -0.6973D-02   0.1091D+00  -0.3426D-02   0.8468D-01  -0.2673D-01   0.2371D+00   0.0000D+00   0.6498D-01   0.3574D-02   0.9168D-02   0.1170D-01   0.5795D+00  -0.6973D-02   0.1091D+00  -0.3426D-02   0.8468D-01  -0.2673D-01
  -0.1010D-03  -0.2826D-02  -0.1634D-02  -0.5904D-02  -0.1010D-03  -0.2826D-02  -0.1634D-02  -0.5904D-02
  1.000  1.000
  -0.2073D+02   0.0000D+00  -0.3662D+02   0.0000D+00   0.0000D+00   0.0000D+00  -0.3974D+02   0.0000D+00  -0.2073D+02   0.0000D+00  -0.3662D+02   0.0000D+00
   0.2079D+00   0.0000D+00   0.4108D-01   0.0000D+00   0.4155D-01   0.0000D+00   0.9805D-01   0.0000D+00   0.2179D-01   0.0000D+00   0.0000D+00   0.0000D+00   0.2079D+00   0.0000D+00   0.4108D-01   0.0000D+00   0.4155D-01   0.0000D+00
   0.0000D+00   0.0000D+00   0.0000D+00   0.0000D+00   0.0000D+00   0.0000D+00   0.0000D+00   0.0000D+00
  -0.1558D+02   0.6641D+01  -0.3017D+02   0.4123D+01   0.3230D+01  -0.4810D+01  -0.3699D+02  -0.4895D+00  -0.1558D+02   0.6641D+01  -0.3017D+02   0.4123D+01
   0.6036D+00  -0.6172D-02   0.1127D+00  -0.3033D-02   0.9826D-01  -0.2366D-01   0.2367D+00   0.0000D+00   0.6478D-01   0.3164D-02   0.8557D-02   0.1035D-01   0.6036D+00  -0.6172D-02   0.1127D+00  -0.3033D-02   0.9826D-01  -0.2366D-01
  -0.8928D-04  -0.2502D-02  -0.1446D-02  -0.5226D-02  -0.8928D-04  -0.2502D-02  -0.1446D-02  -0.5226D-02
  1.000  2.000
  -0.1860D+02   0.0000D+00  -0.3286D+02   0.0000D+00   0.0000D+00   0.0000D+00  -0.3567D+02   0.0000D+00  -0.1860D+02   0.0000D+00  -0.3286D+02   0.0000D+00
   0.2079D+00   0.0000D+00   0.4108D-01   0.0000D+00   0.4155D-01   0.0000D+00   0.9805D-01   0.0000D+00   0.2179D-01   0.0000D+00   0.0000D+00   0.0000D+00   0.2079D+00   0.0000D+00   0.4108D-01   0.0000D+00   0.4155D-01   0.0000D+00
   0.0000D+00   0.0000D+00   0.0000D+00   0.0000D+00   0.0000D+00   0.0000D+00   0.0000D+00   0.0000D+00
  -0.1624D+02   0.5348D+01  -0.3086D+02   0.3321D+01   0.2600D+01  -0.3873D+01  -0.3693D+02  -0.3941D+00  -0.1624D+02   0.5348D+01  -0.3086D+02   0.3321D+01
   0.5293D+00  -0.5539D-02   0.9966D-01  -0.2722D-02   0.8270D-01  -0.2123D-01   0.2151D+00   0.0000D+00   0.5810D-01   0.2839D-02   0.7543D-02   0.9292D-02   0.5293D+00  -0.5539D-02   0.9966D-01  -0.2722D-02   0.8270D-01  -0.2123D-01
  -0.8006D-04  -0.2246D-02  -0.1297D-02  -0.4690D-02  -0.8006D-04  -0.2246D-02  -0.1297D-02  -0.4690D-02
  2.000  0.500
  -0.2531D+02   0.0000D+00  -0.4747D+02   0.0000D+00   0.0000D+00   0.0000D+00  -0.5007D+02   0.0000D+00  -0.2531D+02   0.0000D+00  -0.4747D+02   0.0000D+00
   0.2402D+00   0.0000D+00   0.4353D-01   0.0000D+00   0.4351D-01   0.0000D+00   0.1049D+00   0.0000D+00   0.2332D-01   0.0000D+00   0.0000D+00   0.0000D+00   0.2402D+00   0.0000D+00   0.4353D-01   0.0000D+00   0.4351D-01   0.0000D+00
   0.0000D+00   0.0000D+00   0.0000D+00   0.0000D+00   0.0000D+00   0.0000D+00   0.0000D+00   0.0000D+00
  -0.1290D+02   0.9503D+01  -0.2914D+02   0.5665D+01   0.4441D+01  -0.6890D+01  -0.3557D+02  -0.6564D+00  -0.1290D+02   0.9503D+01  -0.2914D+02   0.5665D+01
   0.5789D+00  -0.7259D-02   0.1039D+00  -0.3490D-02   0.7456D-01  -0.3071D-01   0.2269D+00   0.0000D+00   0.6345D-01   0.4028D-02   0.9093D-02   0.1318D-01   0.5789D+00  -0.7259D-02   0.1039D+00  -0.3490D-02   0.7456D-01  -0.3071D-01
  -0.1067D-03  -0.3007D-02  -0.1844D-02  -0.6594D-02  -0.1067D-03  -0.3007D-02  -0.1844D-02  -0.6594D-02
  2.000  1.000
  -0.2240D+02   0.0000D+00  -0.4201D+02   0.0000D+00   0.0000D+00   0.0000D+00  -0.4432D+02   0.0000D+00  -0.2240D+02   0.0000D+00  -0.4201D+02   0.0000D+00
   0.2402D+00   0.0000D+00   0.4353D-01   0.0000D+00   0.4351D-01   0.0000D+00   0.1049D+00   0.0000D+00   0.2332D-01   0.0000D+00   0.0000D+00   0.0000D+00   0.2402D+00   0.0000D+00   0.4353D-01   0.0000D+00   0.4351D-01   0.0000D+00
   0.0000D+00   0.0000D+00   0.0000D+00   0.0000D+00   0.0000D+00   0.0000D+00   0.0000D+00   0.0000D+00
  -0.1498D+02   0.7444D+01  -0.3207D+02   0.4437D+01   0.3484D+01  -0.5398D+01  -0.3764D+02  -0.5142D+00  -0.1498D+02   0.7444D+01  -0.3207D+02   0.4437D+01
   0.4794D+00  -0.6426D-02   0.8653D-01  -0.3089D-02   0.5425D-01  -0.2719D-01   0.1984D+00   0.0000D+00   0.5446D-01   0.3565D-02   0.7345D-02   0.1167D-01   0.4794D+00  -0.6426D-02   0.8653D-01  -0.3089D-02   0.5425D-01  -0.2719D-01
  -0.9438D-04  -0.2661D-02  -0.1632D-02  -0.5836D-02  -0.9438D-04  -0.2661D-02  -0.1632D-02  -0.5836D-02
  2.000  2.000
  -0.2010D+02   0.0000D+00  -0.3770D+02   0.0000D+00   0.0000D+00   0.0000D+00  -0.3977D+02   0.0000D+00  -0.2010D+02   0.0000D+00  -0.3770D+02   0.0000D+00
   0.2402D+00   0.0000D+00   0.4353D-01   0.0000D+00   0.4351D-01   0.0000D+00   0.1049D+00   0.0000D+00   0.2332D-01   0.0000D+00   0.0000D+00   0.0000D+00   0.2402D+00   0.0000D+00   0.4353D-01   0.0000D+00   0.4351D-01   0.0000D+00
   0.0000D+00   0.0000D+00   0.0000D+00   0.0000D+00   0.0000D+00   0.0000D+00   0.0000D+00   0.0000D+00
  -0.1658D+02   0.5995D+01  -0.3402D+02   0.3573D+01   0.2783D+01  -0.4347D+01  -0.3893D+02  -0.4142D+00  -0.1658D+02   0.5995D+01  -0.3402D+02   0.3573D+01
   0.6391D+00  -0.5767D-02   0.1139D+00  -0.2772D-02   0.1033D+00  -0.2440D-01   0.2344D+00   0.0000D+00   0.6492D-01   0.3199D-02   0.8925D-02   0.1047D-01   0.6391D+00  -0.5767D-02   0.1139D+00  -0.2772D-02   0.1033D+00  -0.2440D-01
  -0.8465D-04  -0.2388D-02  -0.1465D-02  -0.5237D-02  -0.8465D-04  -0.2388D-02  -0.1465D-02  -0.5237D-02
