 LHC=           1 sqrts=   8000.0000000000000      ang=           4 mode=fital                                                                                               scalescheme=           1 R=  0.69999999999999996     
 CT10nlo_rand5678                                                                                              19
 Bin information: chid, chiu, md, mu, mu0
   0.0000000000000000       0.50000000000000000        133.00000000000000        153.00000000000000        143.00000000000000     
 9 scales(muf, mur)*(LO(38), NLO(38))
  0.500  0.500
  -0.8126D+01   0.0000D+00  -0.1220D+02   0.0000D+00   0.0000D+00   0.0000D+00  -0.1277D+02   0.0000D+00  -0.8126D+01   0.0000D+00  -0.1220D+02   0.0000D+00
   0.5560D+00   0.0000D+00   0.1034D+00   0.0000D+00   0.1249D+00   0.0000D+00   0.2428D+00   0.0000D+00   0.5396D-01   0.0000D+00   0.0000D+00   0.0000D+00   0.5560D+00   0.0000D+00   0.1034D+00   0.0000D+00   0.1249D+00   0.0000D+00
   0.0000D+00   0.0000D+00   0.0000D+00   0.0000D+00   0.0000D+00   0.0000D+00   0.0000D+00   0.0000D+00
  -0.5639D+01   0.2076D+01  -0.1005D+02   0.1257D+01   0.9668D+00  -0.1498D+01  -0.1153D+02  -0.1259D+00  -0.5639D+01   0.2076D+01  -0.1005D+02   0.1257D+01
   0.7972D+00  -0.1775D-01   0.1474D+00  -0.7732D-02   0.1267D+00  -0.6140D-01   0.3275D+00   0.0000D+00   0.8400D-01   0.7784D-02   0.2409D-02   0.2547D-01   0.7972D+00  -0.1775D-01   0.1474D+00  -0.7732D-02   0.1267D+00  -0.6140D-01
  -0.7802D-03  -0.6946D-02  -0.4252D-02  -0.1328D-01  -0.7802D-03  -0.6946D-02  -0.4252D-02  -0.1328D-01
  0.500  1.000
  -0.7331D+01   0.0000D+00  -0.1101D+02   0.0000D+00   0.0000D+00   0.0000D+00  -0.1152D+02   0.0000D+00  -0.7331D+01   0.0000D+00  -0.1101D+02   0.0000D+00
   0.5560D+00   0.0000D+00   0.1034D+00   0.0000D+00   0.1249D+00   0.0000D+00   0.2428D+00   0.0000D+00   0.5396D-01   0.0000D+00   0.0000D+00   0.0000D+00   0.5560D+00   0.0000D+00   0.1034D+00   0.0000D+00   0.1249D+00   0.0000D+00
   0.0000D+00   0.0000D+00   0.0000D+00   0.0000D+00   0.0000D+00   0.0000D+00   0.0000D+00   0.0000D+00
  -0.5999D+01   0.1689D+01  -0.1029D+02   0.1023D+01   0.7866D+00  -0.1219D+01  -0.1160D+02  -0.1025D+00  -0.5999D+01   0.1689D+01  -0.1029D+02   0.1023D+01
   0.7753D+00  -0.1602D-01   0.1434D+00  -0.6976D-02   0.1270D+00  -0.5540D-01   0.3197D+00   0.0000D+00   0.8119D-01   0.7023D-02   0.2197D-02   0.2298D-01   0.7753D+00  -0.1602D-01   0.1434D+00  -0.6976D-02   0.1270D+00  -0.5540D-01
  -0.7037D-03  -0.6267D-02  -0.3836D-02  -0.1198D-01  -0.7037D-03  -0.6267D-02  -0.3836D-02  -0.1198D-01
  0.500  2.000
  -0.6679D+01   0.0000D+00  -0.1003D+02   0.0000D+00   0.0000D+00   0.0000D+00  -0.1050D+02   0.0000D+00  -0.6679D+01   0.0000D+00  -0.1003D+02   0.0000D+00
   0.5560D+00   0.0000D+00   0.1034D+00   0.0000D+00   0.1249D+00   0.0000D+00   0.2428D+00   0.0000D+00   0.5396D-01   0.0000D+00   0.0000D+00   0.0000D+00   0.5560D+00   0.0000D+00   0.1034D+00   0.0000D+00   0.1249D+00   0.0000D+00
   0.0000D+00   0.0000D+00   0.0000D+00   0.0000D+00   0.0000D+00   0.0000D+00   0.0000D+00   0.0000D+00
  -0.6147D+01   0.1402D+01  -0.1030D+02   0.8494D+00   0.6526D+00  -0.1012D+01  -0.1146D+02  -0.8503D-01  -0.6147D+01   0.1402D+01  -0.1030D+02   0.8494D+00
   0.7570D+00  -0.1459D-01   0.1400D+00  -0.6355D-02   0.1271D+00  -0.5047D-01   0.3133D+00   0.0000D+00   0.7888D-01   0.6398D-02   0.2021D-02   0.2094D-01   0.7570D+00  -0.1459D-01   0.1400D+00  -0.6355D-02   0.1271D+00  -0.5047D-01
  -0.6410D-03  -0.5709D-02  -0.3495D-02  -0.1092D-01  -0.6410D-03  -0.5709D-02  -0.3495D-02  -0.1092D-01
  1.000  0.500
  -0.8116D+01   0.0000D+00  -0.1239D+02   0.0000D+00   0.0000D+00   0.0000D+00  -0.1291D+02   0.0000D+00  -0.8116D+01   0.0000D+00  -0.1239D+02   0.0000D+00
   0.5626D+00   0.0000D+00   0.1040D+00   0.0000D+00   0.1244D+00   0.0000D+00   0.2427D+00   0.0000D+00   0.5393D-01   0.0000D+00   0.0000D+00   0.0000D+00   0.5626D+00   0.0000D+00   0.1040D+00   0.0000D+00   0.1244D+00   0.0000D+00
   0.0000D+00   0.0000D+00   0.0000D+00   0.0000D+00   0.0000D+00   0.0000D+00   0.0000D+00   0.0000D+00
  -0.5590D+01   0.2117D+01  -0.9995D+01   0.1275D+01   0.9939D+00  -0.1512D+01  -0.1145D+02  -0.1260D+00  -0.5590D+01   0.2117D+01  -0.9995D+01   0.1275D+01
   0.7781D+00  -0.1779D-01   0.1427D+00  -0.7767D-02   0.1190D+00  -0.6234D-01   0.3195D+00   0.0000D+00   0.8184D-01   0.7697D-02   0.2721D-02   0.2519D-01   0.7781D+00  -0.1779D-01   0.1427D+00  -0.7767D-02   0.1190D+00  -0.6234D-01
  -0.8110D-03  -0.6735D-02  -0.4344D-02  -0.1330D-01  -0.8110D-03  -0.6735D-02  -0.4344D-02  -0.1330D-01
  1.000  1.000
  -0.7322D+01   0.0000D+00  -0.1118D+02   0.0000D+00   0.0000D+00   0.0000D+00  -0.1165D+02   0.0000D+00  -0.7322D+01   0.0000D+00  -0.1118D+02   0.0000D+00
   0.5626D+00   0.0000D+00   0.1040D+00   0.0000D+00   0.1244D+00   0.0000D+00   0.2427D+00   0.0000D+00   0.5393D-01   0.0000D+00   0.0000D+00   0.0000D+00   0.5626D+00   0.0000D+00   0.1040D+00   0.0000D+00   0.1244D+00   0.0000D+00
   0.0000D+00   0.0000D+00   0.0000D+00   0.0000D+00   0.0000D+00   0.0000D+00   0.0000D+00   0.0000D+00
  -0.5955D+01   0.1723D+01  -0.1028D+02   0.1037D+01   0.8085D+00  -0.1231D+01  -0.1156D+02  -0.1025D+00  -0.5955D+01   0.1723D+01  -0.1028D+02   0.1037D+01
   0.7565D+00  -0.1605D-01   0.1388D+00  -0.7007D-02   0.1192D+00  -0.5625D-01   0.3121D+00   0.0000D+00   0.7912D-01   0.6945D-02   0.2479D-02   0.2273D-01   0.7565D+00  -0.1605D-01   0.1388D+00  -0.7007D-02   0.1192D+00  -0.5625D-01
  -0.7316D-03  -0.6077D-02  -0.3919D-02  -0.1200D-01  -0.7316D-03  -0.6077D-02  -0.3919D-02  -0.1200D-01
  1.000  2.000
  -0.6671D+01   0.0000D+00  -0.1018D+02   0.0000D+00   0.0000D+00   0.0000D+00  -0.1061D+02   0.0000D+00  -0.6671D+01   0.0000D+00  -0.1018D+02   0.0000D+00
   0.5626D+00   0.0000D+00   0.1040D+00   0.0000D+00   0.1244D+00   0.0000D+00   0.2427D+00   0.0000D+00   0.5393D-01   0.0000D+00   0.0000D+00   0.0000D+00   0.5626D+00   0.0000D+00   0.1040D+00   0.0000D+00   0.1244D+00   0.0000D+00
   0.0000D+00   0.0000D+00   0.0000D+00   0.0000D+00   0.0000D+00   0.0000D+00   0.0000D+00   0.0000D+00
  -0.6109D+01   0.1430D+01  -0.1031D+02   0.8609D+00   0.6707D+00  -0.1021D+01  -0.1145D+02  -0.8511D-01  -0.6109D+01   0.1430D+01  -0.1031D+02   0.8609D+00
   0.7405D+00  -0.1462D-01   0.1360D+00  -0.6384D-02   0.1200D+00  -0.5125D-01   0.3063D+00   0.0000D+00   0.7699D-01   0.6327D-02   0.2276D-02   0.2071D-01   0.7405D+00  -0.1462D-01   0.1360D+00  -0.6384D-02   0.1200D+00  -0.5125D-01
  -0.6664D-03  -0.5536D-02  -0.3571D-02  -0.1093D-01  -0.6664D-03  -0.5536D-02  -0.3571D-02  -0.1093D-01
  2.000  0.500
  -0.8054D+01   0.0000D+00  -0.1245D+02   0.0000D+00   0.0000D+00   0.0000D+00  -0.1308D+02   0.0000D+00  -0.8054D+01   0.0000D+00  -0.1245D+02   0.0000D+00
   0.5669D+00   0.0000D+00   0.1048D+00   0.0000D+00   0.1241D+00   0.0000D+00   0.2465D+00   0.0000D+00   0.5478D-01   0.0000D+00   0.0000D+00   0.0000D+00   0.5669D+00   0.0000D+00   0.1048D+00   0.0000D+00   0.1241D+00   0.0000D+00
   0.0000D+00   0.0000D+00   0.0000D+00   0.0000D+00   0.0000D+00   0.0000D+00   0.0000D+00   0.0000D+00
  -0.5604D+01   0.2123D+01  -0.1009D+02   0.1272D+01   0.9779D+00  -0.1528D+01  -0.1185D+02  -0.1255D+00  -0.5604D+01   0.2123D+01  -0.1009D+02   0.1272D+01
   0.7865D+00  -0.1767D-01   0.1451D+00  -0.7814D-02   0.1232D+00  -0.6267D-01   0.3210D+00   0.0000D+00   0.8246D-01   0.7819D-02   0.2518D-02   0.2559D-01   0.7865D+00  -0.1767D-01   0.1451D+00  -0.7814D-02   0.1232D+00  -0.6267D-01
  -0.8208D-03  -0.6765D-02  -0.4413D-02  -0.1336D-01  -0.8208D-03  -0.6765D-02  -0.4413D-02  -0.1336D-01
  2.000  1.000
  -0.7266D+01   0.0000D+00  -0.1123D+02   0.0000D+00   0.0000D+00   0.0000D+00  -0.1180D+02   0.0000D+00  -0.7266D+01   0.0000D+00  -0.1123D+02   0.0000D+00
   0.5669D+00   0.0000D+00   0.1048D+00   0.0000D+00   0.1241D+00   0.0000D+00   0.2465D+00   0.0000D+00   0.5478D-01   0.0000D+00   0.0000D+00   0.0000D+00   0.5669D+00   0.0000D+00   0.1048D+00   0.0000D+00   0.1241D+00   0.0000D+00
   0.0000D+00   0.0000D+00   0.0000D+00   0.0000D+00   0.0000D+00   0.0000D+00   0.0000D+00   0.0000D+00
  -0.5939D+01   0.1728D+01  -0.1035D+02   0.1035D+01   0.7954D+00  -0.1243D+01  -0.1190D+02  -0.1022D+00  -0.5939D+01   0.1728D+01  -0.1035D+02   0.1035D+01
   0.7539D+00  -0.1594D-01   0.1393D+00  -0.7049D-02   0.1197D+00  -0.5654D-01   0.3113D+00   0.0000D+00   0.7905D-01   0.7054D-02   0.2234D-02   0.2308D-01   0.7539D+00  -0.1594D-01   0.1393D+00  -0.7049D-02   0.1197D+00  -0.5654D-01
  -0.7404D-03  -0.6103D-02  -0.3981D-02  -0.1206D-01  -0.7404D-03  -0.6103D-02  -0.3981D-02  -0.1206D-01
  2.000  2.000
  -0.6619D+01   0.0000D+00  -0.1023D+02   0.0000D+00   0.0000D+00   0.0000D+00  -0.1075D+02   0.0000D+00  -0.6619D+01   0.0000D+00  -0.1023D+02   0.0000D+00
   0.5669D+00   0.0000D+00   0.1048D+00   0.0000D+00   0.1241D+00   0.0000D+00   0.2465D+00   0.0000D+00   0.5478D-01   0.0000D+00   0.0000D+00   0.0000D+00   0.5669D+00   0.0000D+00   0.1048D+00   0.0000D+00   0.1241D+00   0.0000D+00
   0.0000D+00   0.0000D+00   0.0000D+00   0.0000D+00   0.0000D+00   0.0000D+00   0.0000D+00   0.0000D+00
  -0.6071D+01   0.1434D+01  -0.1037D+02   0.8588D+00   0.6598D+00  -0.1032D+01  -0.1174D+02  -0.8479D-01  -0.6071D+01   0.1434D+01  -0.1037D+02   0.8588D+00
   0.7268D+00  -0.1453D-01   0.1345D+00  -0.6422D-02   0.1166D+00  -0.5151D-01   0.3033D+00   0.0000D+00   0.7624D-01   0.6426D-02   0.2012D-02   0.2103D-01   0.7268D+00  -0.1453D-01   0.1345D+00  -0.6422D-02   0.1166D+00  -0.5151D-01
  -0.6744D-03  -0.5560D-02  -0.3627D-02  -0.1098D-01  -0.6744D-03  -0.5560D-02  -0.3627D-02  -0.1098D-01
