 LHC=           1 sqrts=   8000.0000000000000      ang=           4 mode=fital                                                                                               scalescheme=           1 R=  0.69999999999999996     
 CT10nlo_rand5678                                                                                             233
 Bin information: chid, chiu, md, mu, mu0
   0.0000000000000000       0.50000000000000000        97.000000000000000        114.00000000000000        105.50000000000000     
 9 scales(muf, mur)*(LO(38), NLO(38))
  0.500  0.500
  -0.1259D+02   0.0000D+00  -0.1990D+02   0.0000D+00   0.0000D+00   0.0000D+00  -0.2118D+02   0.0000D+00  -0.1259D+02   0.0000D+00  -0.1990D+02   0.0000D+00
   0.4613D+00   0.0000D+00   0.8617D-01   0.0000D+00   0.1007D+00   0.0000D+00   0.2043D+00   0.0000D+00   0.4539D-01   0.0000D+00   0.0000D+00   0.0000D+00   0.4613D+00   0.0000D+00   0.8617D-01   0.0000D+00   0.1007D+00   0.0000D+00
   0.0000D+00   0.0000D+00   0.0000D+00   0.0000D+00   0.0000D+00   0.0000D+00   0.0000D+00   0.0000D+00
  -0.8577D+01   0.3569D+01  -0.1626D+02   0.2139D+01   0.1627D+01  -0.2595D+01  -0.1875D+02  -0.2305D+00  -0.8577D+01   0.3569D+01  -0.1626D+02   0.2139D+01
   0.8239D+00  -0.1503D-01   0.1534D+00  -0.6696D-02   0.1332D+00  -0.5393D-01   0.3321D+00   0.0000D+00   0.8630D-01   0.6795D-02   0.4771D-02   0.2224D-01   0.8239D+00  -0.1503D-01   0.1534D+00  -0.6696D-02   0.1332D+00  -0.5393D-01
  -0.5284D-03  -0.5803D-02  -0.3516D-02  -0.1169D-01  -0.5284D-03  -0.5803D-02  -0.3516D-02  -0.1169D-01
  0.500  1.000
  -0.1130D+02   0.0000D+00  -0.1785D+02   0.0000D+00   0.0000D+00   0.0000D+00  -0.1901D+02   0.0000D+00  -0.1130D+02   0.0000D+00  -0.1785D+02   0.0000D+00
   0.4613D+00   0.0000D+00   0.8617D-01   0.0000D+00   0.1007D+00   0.0000D+00   0.2043D+00   0.0000D+00   0.4539D-01   0.0000D+00   0.0000D+00   0.0000D+00   0.4613D+00   0.0000D+00   0.8617D-01   0.0000D+00   0.1007D+00   0.0000D+00
   0.0000D+00   0.0000D+00   0.0000D+00   0.0000D+00   0.0000D+00   0.0000D+00   0.0000D+00   0.0000D+00
  -0.9184D+01   0.2874D+01  -0.1669D+02   0.1722D+01   0.1309D+01  -0.2089D+01  -0.1893D+02  -0.1856D+00  -0.9184D+01   0.2874D+01  -0.1669D+02   0.1722D+01
   0.7893D+00  -0.1349D-01   0.1469D+00  -0.6010D-02   0.1305D+00  -0.4840D-01   0.3198D+00   0.0000D+00   0.8233D-01   0.6098D-02   0.4324D-02   0.1996D-01   0.7893D+00  -0.1349D-01   0.1469D+00  -0.6010D-02   0.1305D+00  -0.4840D-01
  -0.4741D-03  -0.5208D-02  -0.3156D-02  -0.1049D-01  -0.4741D-03  -0.5208D-02  -0.3156D-02  -0.1049D-01
  0.500  2.000
  -0.1025D+02   0.0000D+00  -0.1620D+02   0.0000D+00   0.0000D+00   0.0000D+00  -0.1725D+02   0.0000D+00  -0.1025D+02   0.0000D+00  -0.1620D+02   0.0000D+00
   0.4613D+00   0.0000D+00   0.8617D-01   0.0000D+00   0.1007D+00   0.0000D+00   0.2043D+00   0.0000D+00   0.4539D-01   0.0000D+00   0.0000D+00   0.0000D+00   0.4613D+00   0.0000D+00   0.8617D-01   0.0000D+00   0.1007D+00   0.0000D+00
   0.0000D+00   0.0000D+00   0.0000D+00   0.0000D+00   0.0000D+00   0.0000D+00   0.0000D+00   0.0000D+00
  -0.9430D+01   0.2367D+01  -0.1669D+02   0.1418D+01   0.1077D+01  -0.1720D+01  -0.1872D+02  -0.1528D+00  -0.9430D+01   0.2367D+01  -0.1669D+02   0.1418D+01
   0.7610D+00  -0.1224D-01   0.1417D+00  -0.5454D-02   0.1282D+00  -0.4392D-01   0.3097D+00   0.0000D+00   0.7908D-01   0.5534D-02   0.3955D-02   0.1811D-01   0.7610D+00  -0.1224D-01   0.1417D+00  -0.5454D-02   0.1282D+00  -0.4392D-01
  -0.4301D-03  -0.4726D-02  -0.2863D-02  -0.9521D-02  -0.4301D-03  -0.4726D-02  -0.2863D-02  -0.9521D-02
  1.000  0.500
  -0.1286D+02   0.0000D+00  -0.2058D+02   0.0000D+00   0.0000D+00   0.0000D+00  -0.2213D+02   0.0000D+00  -0.1286D+02   0.0000D+00  -0.2058D+02   0.0000D+00
   0.4818D+00   0.0000D+00   0.8968D-01   0.0000D+00   0.1027D+00   0.0000D+00   0.2101D+00   0.0000D+00   0.4669D-01   0.0000D+00   0.0000D+00   0.0000D+00   0.4818D+00   0.0000D+00   0.8968D-01   0.0000D+00   0.1027D+00   0.0000D+00
   0.0000D+00   0.0000D+00   0.0000D+00   0.0000D+00   0.0000D+00   0.0000D+00   0.0000D+00   0.0000D+00
  -0.8414D+01   0.3733D+01  -0.1569D+02   0.2233D+01   0.1830D+01  -0.2722D+01  -0.1885D+02  -0.2421D+00  -0.8414D+01   0.3733D+01  -0.1569D+02   0.2233D+01
   0.8025D+00  -0.1544D-01   0.1481D+00  -0.6894D-02   0.1249D+00  -0.5561D-01   0.3206D+00   0.0000D+00   0.8360D-01   0.7043D-02   0.5192D-02   0.2305D-01   0.8025D+00  -0.1544D-01   0.1481D+00  -0.6894D-02   0.1249D+00  -0.5561D-01
  -0.5596D-03  -0.6100D-02  -0.3744D-02  -0.1207D-01  -0.5596D-03  -0.6100D-02  -0.3744D-02  -0.1207D-01
  1.000  1.000
  -0.1154D+02   0.0000D+00  -0.1847D+02   0.0000D+00   0.0000D+00   0.0000D+00  -0.1986D+02   0.0000D+00  -0.1154D+02   0.0000D+00  -0.1847D+02   0.0000D+00
   0.4818D+00   0.0000D+00   0.8968D-01   0.0000D+00   0.1027D+00   0.0000D+00   0.2101D+00   0.0000D+00   0.4669D-01   0.0000D+00   0.0000D+00   0.0000D+00   0.4818D+00   0.0000D+00   0.8968D-01   0.0000D+00   0.1027D+00   0.0000D+00
   0.0000D+00   0.0000D+00   0.0000D+00   0.0000D+00   0.0000D+00   0.0000D+00   0.0000D+00   0.0000D+00
  -0.9095D+01   0.3006D+01  -0.1635D+02   0.1798D+01   0.1473D+01  -0.2192D+01  -0.1918D+02  -0.1949D+00  -0.9095D+01   0.3006D+01  -0.1635D+02   0.1798D+01
   0.7668D+00  -0.1386D-01   0.1417D+00  -0.6187D-02   0.1216D+00  -0.4991D-01   0.3089D+00   0.0000D+00   0.7969D-01   0.6321D-02   0.4700D-02   0.2069D-01   0.7668D+00  -0.1386D-01   0.1417D+00  -0.6187D-02   0.1216D+00  -0.4991D-01
  -0.5021D-03  -0.5474D-02  -0.3359D-02  -0.1084D-01  -0.5021D-03  -0.5474D-02  -0.3359D-02  -0.1084D-01
  1.000  2.000
  -0.1047D+02   0.0000D+00  -0.1676D+02   0.0000D+00   0.0000D+00   0.0000D+00  -0.1802D+02   0.0000D+00  -0.1047D+02   0.0000D+00  -0.1676D+02   0.0000D+00
   0.4818D+00   0.0000D+00   0.8968D-01   0.0000D+00   0.1027D+00   0.0000D+00   0.2101D+00   0.0000D+00   0.4669D-01   0.0000D+00   0.0000D+00   0.0000D+00   0.4818D+00   0.0000D+00   0.8968D-01   0.0000D+00   0.1027D+00   0.0000D+00
   0.0000D+00   0.0000D+00   0.0000D+00   0.0000D+00   0.0000D+00   0.0000D+00   0.0000D+00   0.0000D+00
  -0.9395D+01   0.2475D+01  -0.1652D+02   0.1481D+01   0.1212D+01  -0.1805D+01  -0.1907D+02  -0.1605D+00  -0.9395D+01   0.2475D+01  -0.1652D+02   0.1481D+01
   0.7424D+00  -0.1257D-01   0.1372D+00  -0.5615D-02   0.1203D+00  -0.4529D-01   0.3004D+00   0.0000D+00   0.7680D-01   0.5736D-02   0.4294D-02   0.1877D-01   0.7424D+00  -0.1257D-01   0.1372D+00  -0.5615D-02   0.1203D+00  -0.4529D-01
  -0.4555D-03  -0.4968D-02  -0.3048D-02  -0.9833D-02  -0.4555D-03  -0.4968D-02  -0.3048D-02  -0.9833D-02
  2.000  0.500
  -0.1320D+02   0.0000D+00  -0.2137D+02   0.0000D+00   0.0000D+00   0.0000D+00  -0.2269D+02   0.0000D+00  -0.1320D+02   0.0000D+00  -0.2137D+02   0.0000D+00
   0.5002D+00   0.0000D+00   0.9306D-01   0.0000D+00   0.1047D+00   0.0000D+00   0.2200D+00   0.0000D+00   0.4889D-01   0.0000D+00   0.0000D+00   0.0000D+00   0.5002D+00   0.0000D+00   0.9306D-01   0.0000D+00   0.1047D+00   0.0000D+00
   0.0000D+00   0.0000D+00   0.0000D+00   0.0000D+00   0.0000D+00   0.0000D+00   0.0000D+00   0.0000D+00
  -0.8295D+01   0.3846D+01  -0.1581D+02   0.2308D+01   0.1950D+01  -0.2789D+01  -0.1906D+02  -0.2452D+00  -0.8295D+01   0.3846D+01  -0.1581D+02   0.2308D+01
   0.7517D+00  -0.1579D-01   0.1393D+00  -0.7095D-02   0.1103D+00  -0.5873D-01   0.3094D+00   0.0000D+00   0.8018D-01   0.7314D-02   0.4517D-02   0.2394D-01   0.7517D+00  -0.1579D-01   0.1393D+00  -0.7095D-02   0.1103D+00  -0.5873D-01
  -0.5905D-03  -0.6339D-02  -0.3932D-02  -0.1265D-01  -0.5905D-03  -0.6339D-02  -0.3932D-02  -0.1265D-01
  2.000  1.000
  -0.1185D+02   0.0000D+00  -0.1917D+02   0.0000D+00   0.0000D+00   0.0000D+00  -0.2036D+02   0.0000D+00  -0.1185D+02   0.0000D+00  -0.1917D+02   0.0000D+00
   0.5002D+00   0.0000D+00   0.9306D-01   0.0000D+00   0.1047D+00   0.0000D+00   0.2200D+00   0.0000D+00   0.4889D-01   0.0000D+00   0.0000D+00   0.0000D+00   0.5002D+00   0.0000D+00   0.9306D-01   0.0000D+00   0.1047D+00   0.0000D+00
   0.0000D+00   0.0000D+00   0.0000D+00   0.0000D+00   0.0000D+00   0.0000D+00   0.0000D+00   0.0000D+00
  -0.9149D+01   0.3097D+01  -0.1668D+02   0.1858D+01   0.1568D+01  -0.2246D+01  -0.1952D+02  -0.1975D+00  -0.9149D+01   0.3097D+01  -0.1668D+02   0.1858D+01
   0.7790D+00  -0.1417D-01   0.1433D+00  -0.6368D-02   0.1246D+00  -0.5271D-01   0.3125D+00   0.0000D+00   0.8053D-01   0.6565D-02   0.4451D-02   0.2148D-01   0.7790D+00  -0.1417D-01   0.1433D+00  -0.6368D-02   0.1246D+00  -0.5271D-01
  -0.5298D-03  -0.5689D-02  -0.3529D-02  -0.1136D-01  -0.5298D-03  -0.5689D-02  -0.3529D-02  -0.1136D-01
  2.000  2.000
  -0.1075D+02   0.0000D+00  -0.1740D+02   0.0000D+00   0.0000D+00   0.0000D+00  -0.1847D+02   0.0000D+00  -0.1075D+02   0.0000D+00  -0.1740D+02   0.0000D+00
   0.5002D+00   0.0000D+00   0.9306D-01   0.0000D+00   0.1047D+00   0.0000D+00   0.2200D+00   0.0000D+00   0.4889D-01   0.0000D+00   0.0000D+00   0.0000D+00   0.5002D+00   0.0000D+00   0.9306D-01   0.0000D+00   0.1047D+00   0.0000D+00
   0.0000D+00   0.0000D+00   0.0000D+00   0.0000D+00   0.0000D+00   0.0000D+00   0.0000D+00   0.0000D+00
  -0.9457D+01   0.2550D+01  -0.1687D+02   0.1530D+01   0.1291D+01  -0.1849D+01  -0.1941D+02  -0.1626D+00  -0.9457D+01   0.2550D+01  -0.1687D+02   0.1530D+01
   0.7325D+00  -0.1286D-01   0.1353D+00  -0.5778D-02   0.1168D+00  -0.4783D-01   0.2994D+00   0.0000D+00   0.7627D-01   0.5957D-02   0.3914D-02   0.1950D-01   0.7325D+00  -0.1286D-01   0.1353D+00  -0.5778D-02   0.1168D+00  -0.4783D-01
  -0.4806D-03  -0.5163D-02  -0.3202D-02  -0.1031D-01  -0.4806D-03  -0.5163D-02  -0.3202D-02  -0.1031D-01
