 LHC=           1 sqrts=   8000.0000000000000      ang=           4 mode=fital                                                                                               scalescheme=           1 R=  0.69999999999999996     
 CT10nlo_rand5678                                                                                              21
 Bin information: chid, chiu, md, mu, mu0
   0.0000000000000000       0.50000000000000000        1497.0000000000000        1588.0000000000000        1542.5000000000000     
 9 scales(muf, mur)*(LO(38), NLO(38))
  0.500  0.500
  -0.1533D-01   0.0000D+00  -0.1035D-01   0.0000D+00   0.0000D+00   0.0000D+00  -0.4470D-02   0.0000D+00  -0.1533D-01   0.0000D+00  -0.1035D-01   0.0000D+00
   0.7600D-01   0.0000D+00   0.1142D-01   0.0000D+00   0.3283D-01   0.0000D+00   0.1069D-01   0.0000D+00   0.2376D-02   0.0000D+00   0.0000D+00   0.0000D+00   0.7600D-01   0.0000D+00   0.1142D-01   0.0000D+00   0.3283D-01   0.0000D+00
   0.0000D+00   0.0000D+00   0.0000D+00   0.0000D+00   0.0000D+00   0.0000D+00   0.0000D+00   0.0000D+00
  -0.1301D-01   0.1166D-02  -0.9263D-02   0.6522D-03   0.4985D-03  -0.3816D-03  -0.3894D-02   0.2580D-03  -0.1301D-01   0.1166D-02  -0.9263D-02   0.6522D-03
   0.5639D-01  -0.3425D-02   0.8698D-02  -0.9839D-03   0.1917D-01  -0.5789D-02   0.8867D-02   0.0000D+00   0.2194D-02   0.2477D-03  -0.5384D-03   0.8108D-03   0.5639D-01  -0.3425D-02   0.8698D-02  -0.9839D-03   0.1917D-01  -0.5789D-02
  -0.3638D-03  -0.8691D-03  -0.3610D-03  -0.7519D-03  -0.3638D-03  -0.8691D-03  -0.3610D-03  -0.7519D-03
  0.500  1.000
  -0.1422D-01   0.0000D+00  -0.9602D-02   0.0000D+00   0.0000D+00   0.0000D+00  -0.4145D-02   0.0000D+00  -0.1422D-01   0.0000D+00  -0.9602D-02   0.0000D+00
   0.7600D-01   0.0000D+00   0.1142D-01   0.0000D+00   0.3283D-01   0.0000D+00   0.1069D-01   0.0000D+00   0.2376D-02   0.0000D+00   0.0000D+00   0.0000D+00   0.7600D-01   0.0000D+00   0.1142D-01   0.0000D+00   0.3283D-01   0.0000D+00
   0.0000D+00   0.0000D+00   0.0000D+00   0.0000D+00   0.0000D+00   0.0000D+00   0.0000D+00   0.0000D+00
  -0.1322D-01   0.1003D-02  -0.9339D-02   0.5610D-03   0.4288D-03  -0.3282D-03  -0.3942D-02   0.2219D-03  -0.1322D-01   0.1003D-02  -0.9339D-02   0.5610D-03
   0.5782D-01  -0.3177D-02   0.8896D-02  -0.9125D-03   0.2016D-01  -0.5369D-02   0.9000D-02   0.0000D+00   0.2208D-02   0.2298D-03  -0.4993D-03   0.7520D-03   0.5782D-01  -0.3177D-02   0.8896D-02  -0.9125D-03   0.2016D-01  -0.5369D-02
  -0.3374D-03  -0.8060D-03  -0.3348D-03  -0.6974D-03  -0.3374D-03  -0.8060D-03  -0.3348D-03  -0.6974D-03
  0.500  2.000
  -0.1326D-01   0.0000D+00  -0.8954D-02   0.0000D+00   0.0000D+00   0.0000D+00  -0.3865D-02   0.0000D+00  -0.1326D-01   0.0000D+00  -0.8954D-02   0.0000D+00
   0.7600D-01   0.0000D+00   0.1142D-01   0.0000D+00   0.3283D-01   0.0000D+00   0.1069D-01   0.0000D+00   0.2376D-02   0.0000D+00   0.0000D+00   0.0000D+00   0.7600D-01   0.0000D+00   0.1142D-01   0.0000D+00   0.3283D-01   0.0000D+00
   0.0000D+00   0.0000D+00   0.0000D+00   0.0000D+00   0.0000D+00   0.0000D+00   0.0000D+00   0.0000D+00
  -0.1326D-01   0.8721D-03  -0.9312D-02   0.4878D-03   0.3729D-03  -0.2854D-03  -0.3942D-02   0.1930D-03  -0.1326D-01   0.8721D-03  -0.9312D-02   0.4878D-03
   0.5905D-01  -0.2962D-02   0.9067D-02  -0.8509D-03   0.2102D-01  -0.5007D-02   0.9115D-02   0.0000D+00   0.2219D-02   0.2143D-03  -0.4657D-03   0.7012D-03   0.5905D-01  -0.2962D-02   0.9067D-02  -0.8509D-03   0.2102D-01  -0.5007D-02
  -0.3146D-03  -0.7516D-03  -0.3122D-03  -0.6503D-03  -0.3146D-03  -0.7516D-03  -0.3122D-03  -0.6503D-03
  1.000  0.500
  -0.1318D-01   0.0000D+00  -0.8891D-02   0.0000D+00   0.0000D+00   0.0000D+00  -0.3832D-02   0.0000D+00  -0.1318D-01   0.0000D+00  -0.8891D-02   0.0000D+00
   0.6530D-01   0.0000D+00   0.9795D-02   0.0000D+00   0.2827D-01   0.0000D+00   0.9153D-02   0.0000D+00   0.2034D-02   0.0000D+00   0.0000D+00   0.0000D+00   0.6530D-01   0.0000D+00   0.9795D-02   0.0000D+00   0.2827D-01   0.0000D+00
   0.0000D+00   0.0000D+00   0.0000D+00   0.0000D+00   0.0000D+00   0.0000D+00   0.0000D+00   0.0000D+00
  -0.1317D-01   0.1001D-02  -0.9297D-02   0.5605D-03   0.4266D-03  -0.3271D-03  -0.3921D-02   0.2221D-03  -0.1317D-01   0.1001D-02  -0.9297D-02   0.5605D-03
   0.5829D-01  -0.2949D-02   0.8943D-02  -0.8462D-03   0.2072D-01  -0.4972D-02   0.8973D-02   0.0000D+00   0.2190D-02   0.2123D-03  -0.4560D-03   0.6947D-03   0.5829D-01  -0.2949D-02   0.8943D-02  -0.8462D-03   0.2072D-01  -0.4972D-02
  -0.3131D-03  -0.7471D-03  -0.3099D-03  -0.6451D-03  -0.3131D-03  -0.7471D-03  -0.3099D-03  -0.6451D-03
  1.000  1.000
  -0.1222D-01   0.0000D+00  -0.8246D-02   0.0000D+00   0.0000D+00   0.0000D+00  -0.3554D-02   0.0000D+00  -0.1222D-01   0.0000D+00  -0.8246D-02   0.0000D+00
   0.6530D-01   0.0000D+00   0.9795D-02   0.0000D+00   0.2827D-01   0.0000D+00   0.9153D-02   0.0000D+00   0.2034D-02   0.0000D+00   0.0000D+00   0.0000D+00   0.6530D-01   0.0000D+00   0.9795D-02   0.0000D+00   0.2827D-01   0.0000D+00
   0.0000D+00   0.0000D+00   0.0000D+00   0.0000D+00   0.0000D+00   0.0000D+00   0.0000D+00   0.0000D+00
  -0.1307D-01   0.8609D-03  -0.9175D-02   0.4821D-03   0.3669D-03  -0.2814D-03  -0.3880D-02   0.1910D-03  -0.1307D-01   0.8609D-03  -0.9175D-02   0.4821D-03
   0.5881D-01  -0.2735D-02   0.9006D-02  -0.7848D-03   0.2127D-01  -0.4611D-02   0.8987D-02   0.0000D+00   0.2179D-02   0.1969D-03  -0.4230D-03   0.6443D-03   0.5881D-01  -0.2735D-02   0.9006D-02  -0.7848D-03   0.2127D-01  -0.4611D-02
  -0.2904D-03  -0.6928D-03  -0.2874D-03  -0.5983D-03  -0.2904D-03  -0.6928D-03  -0.2874D-03  -0.5983D-03
  1.000  2.000
  -0.1140D-01   0.0000D+00  -0.7689D-02   0.0000D+00   0.0000D+00   0.0000D+00  -0.3314D-02   0.0000D+00  -0.1140D-01   0.0000D+00  -0.7689D-02   0.0000D+00
   0.6530D-01   0.0000D+00   0.9795D-02   0.0000D+00   0.2827D-01   0.0000D+00   0.9153D-02   0.0000D+00   0.2034D-02   0.0000D+00   0.0000D+00   0.0000D+00   0.6530D-01   0.0000D+00   0.9795D-02   0.0000D+00   0.2827D-01   0.0000D+00
   0.0000D+00   0.0000D+00   0.0000D+00   0.0000D+00   0.0000D+00   0.0000D+00   0.0000D+00   0.0000D+00
  -0.1288D-01   0.7486D-03  -0.9001D-02   0.4192D-03   0.3191D-03  -0.2447D-03  -0.3815D-02   0.1661D-03  -0.1288D-01   0.7486D-03  -0.9001D-02   0.4192D-03
   0.5925D-01  -0.2551D-02   0.9060D-02  -0.7319D-03   0.2175D-01  -0.4300D-02   0.8999D-02   0.0000D+00   0.2169D-02   0.1836D-03  -0.3944D-03   0.6008D-03   0.5925D-01  -0.2551D-02   0.9060D-02  -0.7319D-03   0.2175D-01  -0.4300D-02
  -0.2708D-03  -0.6461D-03  -0.2680D-03  -0.5579D-03  -0.2708D-03  -0.6461D-03  -0.2680D-03  -0.5579D-03
  2.000  0.500
  -0.1145D-01   0.0000D+00  -0.7714D-02   0.0000D+00   0.0000D+00   0.0000D+00  -0.3316D-02   0.0000D+00  -0.1145D-01   0.0000D+00  -0.7714D-02   0.0000D+00
   0.5671D-01   0.0000D+00   0.8500D-02   0.0000D+00   0.2456D-01   0.0000D+00   0.7923D-02   0.0000D+00   0.1761D-02   0.0000D+00   0.0000D+00   0.0000D+00   0.5671D-01   0.0000D+00   0.8500D-02   0.0000D+00   0.2456D-01   0.0000D+00
   0.0000D+00   0.0000D+00   0.0000D+00   0.0000D+00   0.0000D+00   0.0000D+00   0.0000D+00   0.0000D+00
  -0.1318D-01   0.8681D-03  -0.9255D-02   0.4866D-03   0.3688D-03  -0.2832D-03  -0.3913D-02   0.1932D-03  -0.1318D-01   0.8681D-03  -0.9255D-02   0.4866D-03
   0.5926D-01  -0.2563D-02   0.9061D-02  -0.7350D-03   0.2181D-01  -0.4313D-02   0.9010D-02   0.0000D+00   0.2169D-02   0.1837D-03  -0.3916D-03   0.6012D-03   0.5926D-01  -0.2563D-02   0.9061D-02  -0.7350D-03   0.2181D-01  -0.4313D-02
  -0.2721D-03  -0.6492D-03  -0.2687D-03  -0.5588D-03  -0.2721D-03  -0.6492D-03  -0.2687D-03  -0.5588D-03
  2.000  1.000
  -0.1062D-01   0.0000D+00  -0.7154D-02   0.0000D+00   0.0000D+00   0.0000D+00  -0.3076D-02   0.0000D+00  -0.1062D-01   0.0000D+00  -0.7154D-02   0.0000D+00
   0.5671D-01   0.0000D+00   0.8500D-02   0.0000D+00   0.2456D-01   0.0000D+00   0.7923D-02   0.0000D+00   0.1761D-02   0.0000D+00   0.0000D+00   0.0000D+00   0.5671D-01   0.0000D+00   0.8500D-02   0.0000D+00   0.2456D-01   0.0000D+00
   0.0000D+00   0.0000D+00   0.0000D+00   0.0000D+00   0.0000D+00   0.0000D+00   0.0000D+00   0.0000D+00
  -0.1286D-01   0.7467D-03  -0.8982D-02   0.4185D-03   0.3172D-03  -0.2436D-03  -0.3805D-02   0.1662D-03  -0.1286D-01   0.7467D-03  -0.8982D-02   0.4185D-03
   0.5908D-01  -0.2377D-02   0.9021D-02  -0.6817D-03   0.2201D-01  -0.4000D-02   0.8932D-02   0.0000D+00   0.2140D-02   0.1704D-03  -0.3632D-03   0.5576D-03   0.5908D-01  -0.2377D-02   0.9021D-02  -0.6817D-03   0.2201D-01  -0.4000D-02
  -0.2524D-03  -0.6021D-03  -0.2492D-03  -0.5182D-03  -0.2524D-03  -0.6021D-03  -0.2492D-03  -0.5182D-03
  2.000  2.000
  -0.9906D-02   0.0000D+00  -0.6671D-02   0.0000D+00   0.0000D+00   0.0000D+00  -0.2868D-02   0.0000D+00  -0.9906D-02   0.0000D+00  -0.6671D-02   0.0000D+00
   0.5671D-01   0.0000D+00   0.8500D-02   0.0000D+00   0.2456D-01   0.0000D+00   0.7923D-02   0.0000D+00   0.1761D-02   0.0000D+00   0.0000D+00   0.0000D+00   0.5671D-01   0.0000D+00   0.8500D-02   0.0000D+00   0.2456D-01   0.0000D+00
   0.0000D+00   0.0000D+00   0.0000D+00   0.0000D+00   0.0000D+00   0.0000D+00   0.0000D+00   0.0000D+00
  -0.1250D-01   0.6493D-03  -0.8698D-02   0.3639D-03   0.2759D-03  -0.2118D-03  -0.3690D-02   0.1445D-03  -0.1250D-01   0.6493D-03  -0.8698D-02   0.3639D-03
   0.5892D-01  -0.2217D-02   0.8986D-02  -0.6357D-03   0.2218D-01  -0.3730D-02   0.8864D-02   0.0000D+00   0.2114D-02   0.1589D-03  -0.3387D-03   0.5199D-03   0.5892D-01  -0.2217D-02   0.8986D-02  -0.6357D-03   0.2218D-01  -0.3730D-02
  -0.2353D-03  -0.5614D-03  -0.2324D-03  -0.4833D-03  -0.2353D-03  -0.5614D-03  -0.2324D-03  -0.4833D-03
