 LHC=           1 sqrts=   8000.0000000000000      ang=           4 mode=fital                                                                                               scalescheme=           1 R=  0.69999999999999996     
 CT10nlo_rand5678                                                                                               6
 Bin information: chid, chiu, md, mu, mu0
   0.0000000000000000       0.50000000000000000        686.00000000000000        737.00000000000000        711.50000000000000     
 9 scales(muf, mur)*(LO(38), NLO(38))
  0.500  0.500
  -0.3919D+00   0.0000D+00  -0.3138D+00   0.0000D+00   0.0000D+00   0.0000D+00  -0.2035D+00   0.0000D+00  -0.3919D+00   0.0000D+00  -0.3138D+00   0.0000D+00
   0.4651D+00   0.0000D+00   0.7518D-01   0.0000D+00   0.1696D+00   0.0000D+00   0.1109D+00   0.0000D+00   0.2465D-01   0.0000D+00   0.0000D+00   0.0000D+00   0.4651D+00   0.0000D+00   0.7518D-01   0.0000D+00   0.1696D+00   0.0000D+00
   0.0000D+00   0.0000D+00   0.0000D+00   0.0000D+00   0.0000D+00   0.0000D+00   0.0000D+00   0.0000D+00
  -0.3050D+00   0.4018D-01  -0.2728D+00   0.2338D-01   0.2529D-01  -0.1905D-01  -0.1820D+00   0.4712D-02  -0.3050D+00   0.4018D-01  -0.2728D+00   0.2338D-01
   0.3720D+00  -0.1940D-01   0.6209D-01  -0.6129D-02   0.9432D-01  -0.3948D-01   0.9783D-01   0.0000D+00   0.2425D-01   0.2818D-02  -0.3390D-02   0.9223D-02   0.3720D+00  -0.1940D-01   0.6209D-01  -0.6129D-02   0.9432D-01  -0.3948D-01
  -0.1844D-02  -0.5436D-02  -0.2740D-02  -0.6302D-02  -0.1844D-02  -0.5436D-02  -0.2740D-02  -0.6302D-02
  0.500  1.000
  -0.3609D+00   0.0000D+00  -0.2890D+00   0.0000D+00   0.0000D+00   0.0000D+00  -0.1874D+00   0.0000D+00  -0.3609D+00   0.0000D+00  -0.2890D+00   0.0000D+00
   0.4651D+00   0.0000D+00   0.7518D-01   0.0000D+00   0.1696D+00   0.0000D+00   0.1109D+00   0.0000D+00   0.2465D-01   0.0000D+00   0.0000D+00   0.0000D+00   0.4651D+00   0.0000D+00   0.7518D-01   0.0000D+00   0.1696D+00   0.0000D+00
   0.0000D+00   0.0000D+00   0.0000D+00   0.0000D+00   0.0000D+00   0.0000D+00   0.0000D+00   0.0000D+00
  -0.3148D+00   0.3406D-01  -0.2763D+00   0.1982D-01   0.2145D-01  -0.1615D-01  -0.1835D+00   0.3995D-02  -0.3148D+00   0.3406D-01  -0.2763D+00   0.1982D-01
   0.3794D+00  -0.1786D-01   0.6314D-01  -0.5644D-02   0.1003D+00  -0.3635D-01   0.9889D-01   0.0000D+00   0.2429D-01   0.2595D-02  -0.3122D-02   0.8493D-02   0.3794D+00  -0.1786D-01   0.6314D-01  -0.5644D-02   0.1003D+00  -0.3635D-01
  -0.1698D-02  -0.5005D-02  -0.2523D-02  -0.5803D-02  -0.1698D-02  -0.5005D-02  -0.2523D-02  -0.5803D-02
  0.500  2.000
  -0.3345D+00   0.0000D+00  -0.2678D+00   0.0000D+00   0.0000D+00   0.0000D+00  -0.1737D+00   0.0000D+00  -0.3345D+00   0.0000D+00  -0.2678D+00   0.0000D+00
   0.4651D+00   0.0000D+00   0.7518D-01   0.0000D+00   0.1696D+00   0.0000D+00   0.1109D+00   0.0000D+00   0.2465D-01   0.0000D+00   0.0000D+00   0.0000D+00   0.4651D+00   0.0000D+00   0.7518D-01   0.0000D+00   0.1696D+00   0.0000D+00
   0.0000D+00   0.0000D+00   0.0000D+00   0.0000D+00   0.0000D+00   0.0000D+00   0.0000D+00   0.0000D+00
  -0.3186D+00   0.2926D-01  -0.2760D+00   0.1703D-01   0.1842D-01  -0.1387D-01  -0.1826D+00   0.3432D-02  -0.3186D+00   0.2926D-01  -0.2760D+00   0.1703D-01
   0.3858D+00  -0.1656D-01   0.6403D-01  -0.5231D-02   0.1054D+00  -0.3369D-01   0.9978D-01   0.0000D+00   0.2432D-01   0.2405D-02  -0.2894D-02   0.7871D-02   0.3858D+00  -0.1656D-01   0.6403D-01  -0.5231D-02   0.1054D+00  -0.3369D-01
  -0.1574D-02  -0.4639D-02  -0.2338D-02  -0.5378D-02  -0.1574D-02  -0.4639D-02  -0.2338D-02  -0.5378D-02
  1.000  0.500
  -0.3587D+00   0.0000D+00  -0.2871D+00   0.0000D+00   0.0000D+00   0.0000D+00  -0.1855D+00   0.0000D+00  -0.3587D+00   0.0000D+00  -0.2871D+00   0.0000D+00
   0.4259D+00   0.0000D+00   0.6874D-01   0.0000D+00   0.1553D+00   0.0000D+00   0.1008D+00   0.0000D+00   0.2241D-01   0.0000D+00   0.0000D+00   0.0000D+00   0.4259D+00   0.0000D+00   0.6874D-01   0.0000D+00   0.1553D+00   0.0000D+00
   0.0000D+00   0.0000D+00   0.0000D+00   0.0000D+00   0.0000D+00   0.0000D+00   0.0000D+00   0.0000D+00
  -0.3097D+00   0.3666D-01  -0.2749D+00   0.2135D-01   0.2303D-01  -0.1735D-01  -0.1839D+00   0.4349D-02  -0.3097D+00   0.3666D-01  -0.2749D+00   0.2135D-01
   0.3770D+00  -0.1775D-01   0.6277D-01  -0.5609D-02   0.9940D-01  -0.3620D-01   0.9799D-01   0.0000D+00   0.2404D-01   0.2564D-02  -0.3050D-02   0.8390D-02   0.3770D+00  -0.1775D-01   0.6277D-01  -0.5609D-02   0.9940D-01  -0.3620D-01
  -0.1691D-02  -0.5008D-02  -0.2503D-02  -0.5755D-02  -0.1691D-02  -0.5008D-02  -0.2503D-02  -0.5755D-02
  1.000  1.000
  -0.3303D+00   0.0000D+00  -0.2644D+00   0.0000D+00   0.0000D+00   0.0000D+00  -0.1708D+00   0.0000D+00  -0.3303D+00   0.0000D+00  -0.2644D+00   0.0000D+00
   0.4259D+00   0.0000D+00   0.6874D-01   0.0000D+00   0.1553D+00   0.0000D+00   0.1008D+00   0.0000D+00   0.2241D-01   0.0000D+00   0.0000D+00   0.0000D+00   0.4259D+00   0.0000D+00   0.6874D-01   0.0000D+00   0.1553D+00   0.0000D+00
   0.0000D+00   0.0000D+00   0.0000D+00   0.0000D+00   0.0000D+00   0.0000D+00   0.0000D+00   0.0000D+00
  -0.3140D+00   0.3108D-01  -0.2743D+00   0.1810D-01   0.1953D-01  -0.1471D-01  -0.1825D+00   0.3687D-02  -0.3140D+00   0.3108D-01  -0.2743D+00   0.1810D-01
   0.3809D+00  -0.1634D-01   0.6326D-01  -0.5164D-02   0.1039D+00  -0.3334D-01   0.9823D-01   0.0000D+00   0.2392D-01   0.2361D-02  -0.2809D-02   0.7725D-02   0.3809D+00  -0.1634D-01   0.6326D-01  -0.5164D-02   0.1039D+00  -0.3334D-01
  -0.1557D-02  -0.4611D-02  -0.2305D-02  -0.5299D-02  -0.1557D-02  -0.4611D-02  -0.2305D-02  -0.5299D-02
  1.000  2.000
  -0.3061D+00   0.0000D+00  -0.2450D+00   0.0000D+00   0.0000D+00   0.0000D+00  -0.1583D+00   0.0000D+00  -0.3061D+00   0.0000D+00  -0.2450D+00   0.0000D+00
   0.4259D+00   0.0000D+00   0.6874D-01   0.0000D+00   0.1553D+00   0.0000D+00   0.1008D+00   0.0000D+00   0.2241D-01   0.0000D+00   0.0000D+00   0.0000D+00   0.4259D+00   0.0000D+00   0.6874D-01   0.0000D+00   0.1553D+00   0.0000D+00
   0.0000D+00   0.0000D+00   0.0000D+00   0.0000D+00   0.0000D+00   0.0000D+00   0.0000D+00   0.0000D+00
  -0.3139D+00   0.2670D-01  -0.2709D+00   0.1555D-01   0.1677D-01  -0.1264D-01  -0.1796D+00   0.3167D-02  -0.3139D+00   0.2670D-01  -0.2709D+00   0.1555D-01
   0.3843D+00  -0.1514D-01   0.6367D-01  -0.4786D-02   0.1076D+00  -0.3090D-01   0.9844D-01   0.0000D+00   0.2381D-01   0.2188D-02  -0.2603D-02   0.7160D-02   0.3843D+00  -0.1514D-01   0.6367D-01  -0.4786D-02   0.1076D+00  -0.3090D-01
  -0.1443D-02  -0.4274D-02  -0.2136D-02  -0.4912D-02  -0.1443D-02  -0.4274D-02  -0.2136D-02  -0.4912D-02
  2.000  0.500
  -0.3307D+00   0.0000D+00  -0.2643D+00   0.0000D+00   0.0000D+00   0.0000D+00  -0.1703D+00   0.0000D+00  -0.3307D+00   0.0000D+00  -0.2643D+00   0.0000D+00
   0.3913D+00   0.0000D+00   0.6319D-01   0.0000D+00   0.1430D+00   0.0000D+00   0.9227D-01   0.0000D+00   0.2051D-01   0.0000D+00   0.0000D+00   0.0000D+00   0.3913D+00   0.0000D+00   0.6319D-01   0.0000D+00   0.1430D+00   0.0000D+00
   0.0000D+00   0.0000D+00   0.0000D+00   0.0000D+00   0.0000D+00   0.0000D+00   0.0000D+00   0.0000D+00
  -0.3156D+00   0.3371D-01  -0.2779D+00   0.1965D-01   0.2115D-01  -0.1593D-01  -0.1847D+00   0.4041D-02  -0.3156D+00   0.3371D-01  -0.2779D+00   0.1965D-01
   0.3811D+00  -0.1635D-01   0.6339D-01  -0.5157D-02   0.1041D+00  -0.3319D-01   0.9804D-01   0.0000D+00   0.2396D-01   0.2346D-02  -0.2796D-02   0.7676D-02   0.3811D+00  -0.1635D-01   0.6339D-01  -0.5157D-02   0.1041D+00  -0.3319D-01
  -0.1560D-02  -0.4618D-02  -0.2299D-02  -0.5279D-02  -0.1560D-02  -0.4618D-02  -0.2299D-02  -0.5279D-02
  2.000  1.000
  -0.3045D+00   0.0000D+00  -0.2434D+00   0.0000D+00   0.0000D+00   0.0000D+00  -0.1568D+00   0.0000D+00  -0.3045D+00   0.0000D+00  -0.2434D+00   0.0000D+00
   0.3913D+00   0.0000D+00   0.6319D-01   0.0000D+00   0.1430D+00   0.0000D+00   0.9227D-01   0.0000D+00   0.2051D-01   0.0000D+00   0.0000D+00   0.0000D+00   0.3913D+00   0.0000D+00   0.6319D-01   0.0000D+00   0.1430D+00   0.0000D+00
   0.0000D+00   0.0000D+00   0.0000D+00   0.0000D+00   0.0000D+00   0.0000D+00   0.0000D+00   0.0000D+00
  -0.3150D+00   0.2858D-01  -0.2736D+00   0.1666D-01   0.1793D-01  -0.1351D-01  -0.1810D+00   0.3427D-02  -0.3150D+00   0.2858D-01  -0.2736D+00   0.1666D-01
   0.3820D+00  -0.1506D-01   0.6338D-01  -0.4748D-02   0.1072D+00  -0.3056D-01   0.9760D-01   0.0000D+00   0.2369D-01   0.2160D-02  -0.2575D-02   0.7068D-02   0.3820D+00  -0.1506D-01   0.6338D-01  -0.4748D-02   0.1072D+00  -0.3056D-01
  -0.1436D-02  -0.4252D-02  -0.2117D-02  -0.4861D-02  -0.1436D-02  -0.4252D-02  -0.2117D-02  -0.4861D-02
  2.000  2.000
  -0.2822D+00   0.0000D+00  -0.2255D+00   0.0000D+00   0.0000D+00   0.0000D+00  -0.1453D+00   0.0000D+00  -0.2822D+00   0.0000D+00  -0.2255D+00   0.0000D+00
   0.3913D+00   0.0000D+00   0.6319D-01   0.0000D+00   0.1430D+00   0.0000D+00   0.9227D-01   0.0000D+00   0.2051D-01   0.0000D+00   0.0000D+00   0.0000D+00   0.3913D+00   0.0000D+00   0.6319D-01   0.0000D+00   0.1430D+00   0.0000D+00
   0.0000D+00   0.0000D+00   0.0000D+00   0.0000D+00   0.0000D+00   0.0000D+00   0.0000D+00   0.0000D+00
  -0.3113D+00   0.2455D-01  -0.2675D+00   0.1431D-01   0.1541D-01  -0.1160D-01  -0.1764D+00   0.2943D-02  -0.3113D+00   0.2455D-01  -0.2675D+00   0.1431D-01
   0.3827D+00  -0.1395D-01   0.6338D-01  -0.4401D-02   0.1099D+00  -0.2832D-01   0.9722D-01   0.0000D+00   0.2346D-01   0.2002D-02  -0.2387D-02   0.6551D-02   0.3827D+00  -0.1395D-01   0.6338D-01  -0.4401D-02   0.1099D+00  -0.2832D-01
  -0.1331D-02  -0.3941D-02  -0.1962D-02  -0.4505D-02  -0.1331D-02  -0.3941D-02  -0.1962D-02  -0.4505D-02
