 LHC=           1 sqrts=   8000.0000000000000      ang=           4 mode=fital                                                                                               scalescheme=           1 R=  0.69999999999999996     
 NNPDF23_nlo_as_0118                                                                                           88
 Bin information: chid, chiu, md, mu, mu0
   0.0000000000000000       0.50000000000000000        133.00000000000000        153.00000000000000        143.00000000000000     
 9 scales(muf, mur)*(LO(38), NLO(38))
  0.500  0.500
  -0.7883D+01   0.0000D+00  -0.1161D+02   0.0000D+00   0.0000D+00   0.0000D+00  -0.1216D+02   0.0000D+00  -0.7883D+01   0.0000D+00  -0.1161D+02   0.0000D+00
   0.5318D+00   0.0000D+00   0.9865D-01   0.0000D+00   0.1209D+00   0.0000D+00   0.2315D+00   0.0000D+00   0.5145D-01   0.0000D+00   0.0000D+00   0.0000D+00   0.5318D+00   0.0000D+00   0.9865D-01   0.0000D+00   0.1209D+00   0.0000D+00
   0.0000D+00   0.0000D+00   0.0000D+00   0.0000D+00   0.0000D+00   0.0000D+00   0.0000D+00   0.0000D+00
  -0.5496D+01   0.1975D+01  -0.9451D+01   0.1201D+01   0.9215D+00  -0.1427D+01  -0.1087D+02  -0.1205D+00  -0.5496D+01   0.1975D+01  -0.9451D+01   0.1201D+01
   0.7803D+00  -0.1718D-01   0.1434D+00  -0.7421D-02   0.1275D+00  -0.5871D-01   0.3186D+00   0.0000D+00   0.8153D-01   0.7424D-02   0.2275D-02   0.2430D-01   0.7803D+00  -0.1718D-01   0.1434D+00  -0.7421D-02   0.1275D+00  -0.5871D-01
  -0.7479D-03  -0.6681D-02  -0.4020D-02  -0.1267D-01  -0.7479D-03  -0.6681D-02  -0.4020D-02  -0.1267D-01
  0.500  1.000
  -0.7111D+01   0.0000D+00  -0.1047D+02   0.0000D+00   0.0000D+00   0.0000D+00  -0.1097D+02   0.0000D+00  -0.7111D+01   0.0000D+00  -0.1047D+02   0.0000D+00
   0.5318D+00   0.0000D+00   0.9865D-01   0.0000D+00   0.1209D+00   0.0000D+00   0.2315D+00   0.0000D+00   0.5145D-01   0.0000D+00   0.0000D+00   0.0000D+00   0.5318D+00   0.0000D+00   0.9865D-01   0.0000D+00   0.1209D+00   0.0000D+00
   0.0000D+00   0.0000D+00   0.0000D+00   0.0000D+00   0.0000D+00   0.0000D+00   0.0000D+00   0.0000D+00
  -0.5843D+01   0.1607D+01  -0.9707D+01   0.9771D+00   0.7494D+00  -0.1161D+01  -0.1095D+02  -0.9808D-01  -0.5843D+01   0.1607D+01  -0.9707D+01   0.9771D+00
   0.7583D+00  -0.1550D-01   0.1394D+00  -0.6694D-02   0.1274D+00  -0.5296D-01   0.3108D+00   0.0000D+00   0.7878D-01   0.6697D-02   0.2087D-02   0.2192D-01   0.7583D+00  -0.1550D-01   0.1394D+00  -0.6694D-02   0.1274D+00  -0.5296D-01
  -0.6746D-03  -0.6027D-02  -0.3626D-02  -0.1143D-01  -0.6746D-03  -0.6027D-02  -0.3626D-02  -0.1143D-01
  0.500  2.000
  -0.6519D+01   0.0000D+00  -0.9602D+01   0.0000D+00   0.0000D+00   0.0000D+00  -0.1006D+02   0.0000D+00  -0.6519D+01   0.0000D+00  -0.9602D+01   0.0000D+00
   0.5318D+00   0.0000D+00   0.9865D-01   0.0000D+00   0.1209D+00   0.0000D+00   0.2315D+00   0.0000D+00   0.5145D-01   0.0000D+00   0.0000D+00   0.0000D+00   0.5318D+00   0.0000D+00   0.9865D-01   0.0000D+00   0.1209D+00   0.0000D+00
   0.0000D+00   0.0000D+00   0.0000D+00   0.0000D+00   0.0000D+00   0.0000D+00   0.0000D+00   0.0000D+00
  -0.6018D+01   0.1351D+01  -0.9789D+01   0.8211D+00   0.6295D+00  -0.9756D+00  -0.1092D+02  -0.8241D-01  -0.6018D+01   0.1351D+01  -0.9789D+01   0.8211D+00
   0.7408D+00  -0.1421D-01   0.1363D+00  -0.6137D-02   0.1272D+00  -0.4855D-01   0.3047D+00   0.0000D+00   0.7663D-01   0.6140D-02   0.1934D-02   0.2009D-01   0.7408D+00  -0.1421D-01   0.1363D+00  -0.6137D-02   0.1272D+00  -0.4855D-01
  -0.6183D-03  -0.5526D-02  -0.3324D-02  -0.1048D-01  -0.6183D-03  -0.5526D-02  -0.3324D-02  -0.1048D-01
  1.000  0.500
  -0.7907D+01   0.0000D+00  -0.1187D+02   0.0000D+00   0.0000D+00   0.0000D+00  -0.1239D+02   0.0000D+00  -0.7907D+01   0.0000D+00  -0.1187D+02   0.0000D+00
   0.5417D+00   0.0000D+00   0.9993D-01   0.0000D+00   0.1210D+00   0.0000D+00   0.2330D+00   0.0000D+00   0.5178D-01   0.0000D+00   0.0000D+00   0.0000D+00   0.5417D+00   0.0000D+00   0.9993D-01   0.0000D+00   0.1210D+00   0.0000D+00
   0.0000D+00   0.0000D+00   0.0000D+00   0.0000D+00   0.0000D+00   0.0000D+00   0.0000D+00   0.0000D+00
  -0.5434D+01   0.2030D+01  -0.9392D+01   0.1225D+01   0.9515D+00  -0.1450D+01  -0.1079D+02  -0.1217D+00  -0.5434D+01   0.2030D+01  -0.9392D+01   0.1225D+01
   0.7615D+00  -0.1729D-01   0.1388D+00  -0.7499D-02   0.1194D+00  -0.5999D-01   0.3107D+00   0.0000D+00   0.7946D-01   0.7390D-02   0.2612D-02   0.2419D-01   0.7615D+00  -0.1729D-01   0.1388D+00  -0.7499D-02   0.1194D+00  -0.5999D-01
  -0.7813D-03  -0.6518D-02  -0.4141D-02  -0.1277D-01  -0.7813D-03  -0.6518D-02  -0.4141D-02  -0.1277D-01
  1.000  1.000
  -0.7132D+01   0.0000D+00  -0.1071D+02   0.0000D+00   0.0000D+00   0.0000D+00  -0.1118D+02   0.0000D+00  -0.7132D+01   0.0000D+00  -0.1071D+02   0.0000D+00
   0.5417D+00   0.0000D+00   0.9993D-01   0.0000D+00   0.1210D+00   0.0000D+00   0.2330D+00   0.0000D+00   0.5178D-01   0.0000D+00   0.0000D+00   0.0000D+00   0.5417D+00   0.0000D+00   0.9993D-01   0.0000D+00   0.1210D+00   0.0000D+00
   0.0000D+00   0.0000D+00   0.0000D+00   0.0000D+00   0.0000D+00   0.0000D+00   0.0000D+00   0.0000D+00
  -0.5793D+01   0.1652D+01  -0.9703D+01   0.9971D+00   0.7737D+00  -0.1180D+01  -0.1093D+02  -0.9898D-01  -0.5793D+01   0.1652D+01  -0.9703D+01   0.9971D+00
   0.7392D+00  -0.1560D-01   0.1349D+00  -0.6765D-02   0.1191D+00  -0.5411D-01   0.3033D+00   0.0000D+00   0.7677D-01   0.6667D-02   0.2396D-02   0.2182D-01   0.7392D+00  -0.1560D-01   0.1349D+00  -0.6765D-02   0.1191D+00  -0.5411D-01
  -0.7047D-03  -0.5880D-02  -0.3736D-02  -0.1152D-01  -0.7047D-03  -0.5880D-02  -0.3736D-02  -0.1152D-01
  1.000  2.000
  -0.6538D+01   0.0000D+00  -0.9819D+01   0.0000D+00   0.0000D+00   0.0000D+00  -0.1025D+02   0.0000D+00  -0.6538D+01   0.0000D+00  -0.9819D+01   0.0000D+00
   0.5417D+00   0.0000D+00   0.9993D-01   0.0000D+00   0.1210D+00   0.0000D+00   0.2330D+00   0.0000D+00   0.5178D-01   0.0000D+00   0.0000D+00   0.0000D+00   0.5417D+00   0.0000D+00   0.9993D-01   0.0000D+00   0.1210D+00   0.0000D+00
   0.0000D+00   0.0000D+00   0.0000D+00   0.0000D+00   0.0000D+00   0.0000D+00   0.0000D+00   0.0000D+00
  -0.5979D+01   0.1388D+01  -0.9822D+01   0.8379D+00   0.6498D+00  -0.9918D+00  -0.1093D+02  -0.8318D-01  -0.5979D+01   0.1388D+01  -0.9822D+01   0.8379D+00
   0.7245D+00  -0.1430D-01   0.1323D+00  -0.6202D-02   0.1197D+00  -0.4961D-01   0.2979D+00   0.0000D+00   0.7482D-01   0.6112D-02   0.2215D-02   0.2000D-01   0.7245D+00  -0.1430D-01   0.1323D+00  -0.6202D-02   0.1197D+00  -0.4961D-01
  -0.6458D-03  -0.5390D-02  -0.3424D-02  -0.1056D-01  -0.6458D-03  -0.5390D-02  -0.3424D-02  -0.1056D-01
  2.000  0.500
  -0.7873D+01   0.0000D+00  -0.1200D+02   0.0000D+00   0.0000D+00   0.0000D+00  -0.1262D+02   0.0000D+00  -0.7873D+01   0.0000D+00  -0.1200D+02   0.0000D+00
   0.5485D+00   0.0000D+00   0.1013D+00   0.0000D+00   0.1211D+00   0.0000D+00   0.2381D+00   0.0000D+00   0.5292D-01   0.0000D+00   0.0000D+00   0.0000D+00   0.5485D+00   0.0000D+00   0.1013D+00   0.0000D+00   0.1211D+00   0.0000D+00
   0.0000D+00   0.0000D+00   0.0000D+00   0.0000D+00   0.0000D+00   0.0000D+00   0.0000D+00   0.0000D+00
  -0.5402D+01   0.2046D+01  -0.9475D+01   0.1229D+01   0.9447D+00  -0.1474D+01  -0.1118D+02  -0.1220D+00  -0.5402D+01   0.2046D+01  -0.9475D+01   0.1229D+01
   0.7388D+00  -0.1724D-01   0.1360D+00  -0.7580D-02   0.1134D+00  -0.6061D-01   0.3054D+00   0.0000D+00   0.7811D-01   0.7553D-02   0.2286D-02   0.2472D-01   0.7388D+00  -0.1724D-01   0.1360D+00  -0.7580D-02   0.1134D+00  -0.6061D-01
  -0.7939D-03  -0.6574D-02  -0.4234D-02  -0.1291D-01  -0.7939D-03  -0.6574D-02  -0.4234D-02  -0.1291D-01
  2.000  1.000
  -0.7102D+01   0.0000D+00  -0.1083D+02   0.0000D+00   0.0000D+00   0.0000D+00  -0.1139D+02   0.0000D+00  -0.7102D+01   0.0000D+00  -0.1083D+02   0.0000D+00
   0.5485D+00   0.0000D+00   0.1013D+00   0.0000D+00   0.1211D+00   0.0000D+00   0.2381D+00   0.0000D+00   0.5292D-01   0.0000D+00   0.0000D+00   0.0000D+00   0.5485D+00   0.0000D+00   0.1013D+00   0.0000D+00   0.1211D+00   0.0000D+00
   0.0000D+00   0.0000D+00   0.0000D+00   0.0000D+00   0.0000D+00   0.0000D+00   0.0000D+00   0.0000D+00
  -0.5788D+01   0.1665D+01  -0.9817D+01   0.1000D+01   0.7684D+00  -0.1199D+01  -0.1131D+02  -0.9927D-01  -0.5788D+01   0.1665D+01  -0.9817D+01   0.1000D+01
   0.7388D+00  -0.1556D-01   0.1358D+00  -0.6838D-02   0.1199D+00  -0.5468D-01   0.3031D+00   0.0000D+00   0.7686D-01   0.6814D-02   0.2133D-02   0.2230D-01   0.7388D+00  -0.1556D-01   0.1358D+00  -0.6838D-02   0.1199D+00  -0.5468D-01
  -0.7161D-03  -0.5931D-02  -0.3819D-02  -0.1165D-01  -0.7161D-03  -0.5931D-02  -0.3819D-02  -0.1165D-01
  2.000  2.000
  -0.6510D+01   0.0000D+00  -0.9925D+01   0.0000D+00   0.0000D+00   0.0000D+00  -0.1044D+02   0.0000D+00  -0.6510D+01   0.0000D+00  -0.9925D+01   0.0000D+00
   0.5485D+00   0.0000D+00   0.1013D+00   0.0000D+00   0.1211D+00   0.0000D+00   0.2381D+00   0.0000D+00   0.5292D-01   0.0000D+00   0.0000D+00   0.0000D+00   0.5485D+00   0.0000D+00   0.1013D+00   0.0000D+00   0.1211D+00   0.0000D+00
   0.0000D+00   0.0000D+00   0.0000D+00   0.0000D+00   0.0000D+00   0.0000D+00   0.0000D+00   0.0000D+00
  -0.5949D+01   0.1399D+01  -0.9917D+01   0.8404D+00   0.6450D+00  -0.1008D+01  -0.1126D+02  -0.8341D-01  -0.5949D+01   0.1399D+01  -0.9917D+01   0.8404D+00
   0.7090D+00  -0.1426D-01   0.1306D+00  -0.6269D-02   0.1154D+00  -0.5013D-01   0.2947D+00   0.0000D+00   0.7402D-01   0.6246D-02   0.1934D-02   0.2044D-01   0.7090D+00  -0.1426D-01   0.1306D+00  -0.6269D-02   0.1154D+00  -0.5013D-01
  -0.6563D-03  -0.5437D-02  -0.3501D-02  -0.1068D-01  -0.6563D-03  -0.5437D-02  -0.3501D-02  -0.1068D-01
