 LHC=           1 sqrts=   8000.0000000000000      ang=           4 mode=fital                                                                                               scalescheme=           1 R=  0.69999999999999996     
 NNPDF23_nlo_as_0118                                                                                           88
 Bin information: chid, chiu, md, mu, mu0
   0.0000000000000000       0.50000000000000000        468.00000000000000        507.00000000000000        487.50000000000000     
 9 scales(muf, mur)*(LO(38), NLO(38))
  0.500  0.500
  -0.9369D+00   0.0000D+00  -0.8827D+00   0.0000D+00   0.0000D+00   0.0000D+00  -0.7156D+00   0.0000D+00  -0.9369D+00   0.0000D+00  -0.8827D+00   0.0000D+00
   0.5928D+00   0.0000D+00   0.1005D+00   0.0000D+00   0.1872D+00   0.0000D+00   0.1852D+00   0.0000D+00   0.4115D-01   0.0000D+00   0.0000D+00   0.0000D+00   0.5928D+00   0.0000D+00   0.1005D+00   0.0000D+00   0.1872D+00   0.0000D+00
   0.0000D+00   0.0000D+00   0.0000D+00   0.0000D+00   0.0000D+00   0.0000D+00   0.0000D+00   0.0000D+00
  -0.7036D+00   0.1221D+00  -0.7611D+00   0.7305D-01   0.7401D-01  -0.7054D-01  -0.6601D+00   0.5139D-02  -0.7036D+00   0.1221D+00  -0.7611D+00   0.7305D-01
   0.5233D+00  -0.2257D-01   0.9081D-01  -0.7794D-02   0.1099D+00  -0.5383D-01   0.1737D+00   0.0000D+00   0.4305D-01   0.4959D-02  -0.2828D-02   0.1623D-01   0.5233D+00  -0.2257D-01   0.9081D-01  -0.7794D-02   0.1099D+00  -0.5383D-01
  -0.1910D-02  -0.6939D-02  -0.3922D-02  -0.9690D-02  -0.1910D-02  -0.6939D-02  -0.3922D-02  -0.9690D-02
  0.500  1.000
  -0.8658D+00   0.0000D+00  -0.8157D+00   0.0000D+00   0.0000D+00   0.0000D+00  -0.6613D+00   0.0000D+00  -0.8658D+00   0.0000D+00  -0.8157D+00   0.0000D+00
   0.5928D+00   0.0000D+00   0.1005D+00   0.0000D+00   0.1872D+00   0.0000D+00   0.1852D+00   0.0000D+00   0.4115D-01   0.0000D+00   0.0000D+00   0.0000D+00   0.5928D+00   0.0000D+00   0.1005D+00   0.0000D+00   0.1872D+00   0.0000D+00
   0.0000D+00   0.0000D+00   0.0000D+00   0.0000D+00   0.0000D+00   0.0000D+00   0.0000D+00   0.0000D+00
  -0.7367D+00   0.1043D+00  -0.7779D+00   0.6239D-01   0.6320D-01  -0.6024D-01  -0.6674D+00   0.4389D-02  -0.7367D+00   0.1043D+00  -0.7779D+00   0.6239D-01
   0.5287D+00  -0.2086D-01   0.9157D-01  -0.7203D-02   0.1158D+00  -0.4974D-01   0.1746D+00   0.0000D+00   0.4291D-01   0.4583D-02  -0.2613D-02   0.1500D-01   0.5287D+00  -0.2086D-01   0.9157D-01  -0.7203D-02   0.1158D+00  -0.4974D-01
  -0.1765D-02  -0.6413D-02  -0.3624D-02  -0.8955D-02  -0.1765D-02  -0.6413D-02  -0.3624D-02  -0.8955D-02
  0.500  2.000
  -0.8049D+00   0.0000D+00  -0.7583D+00   0.0000D+00   0.0000D+00   0.0000D+00  -0.6147D+00   0.0000D+00  -0.8049D+00   0.0000D+00  -0.7583D+00   0.0000D+00
   0.5928D+00   0.0000D+00   0.1005D+00   0.0000D+00   0.1872D+00   0.0000D+00   0.1852D+00   0.0000D+00   0.4115D-01   0.0000D+00   0.0000D+00   0.0000D+00   0.5928D+00   0.0000D+00   0.1005D+00   0.0000D+00   0.1872D+00   0.0000D+00
   0.0000D+00   0.0000D+00   0.0000D+00   0.0000D+00   0.0000D+00   0.0000D+00   0.0000D+00   0.0000D+00
  -0.7538D+00   0.9011D-01  -0.7827D+00   0.5392D-01   0.5462D-01  -0.5206D-01  -0.6663D+00   0.3793D-02  -0.7538D+00   0.9011D-01  -0.7827D+00   0.5392D-01
   0.5334D+00  -0.1939D-01   0.9222D-01  -0.6696D-02   0.1209D+00  -0.4624D-01   0.1754D+00   0.0000D+00   0.4280D-01   0.4260D-02  -0.2429D-02   0.1394D-01   0.5334D+00  -0.1939D-01   0.9222D-01  -0.6696D-02   0.1209D+00  -0.4624D-01
  -0.1641D-02  -0.5961D-02  -0.3369D-02  -0.8325D-02  -0.1641D-02  -0.5961D-02  -0.3369D-02  -0.8325D-02
  1.000  0.500
  -0.8774D+00   0.0000D+00  -0.8249D+00   0.0000D+00   0.0000D+00   0.0000D+00  -0.6693D+00   0.0000D+00  -0.8774D+00   0.0000D+00  -0.8249D+00   0.0000D+00
   0.5561D+00   0.0000D+00   0.9398D-01   0.0000D+00   0.1753D+00   0.0000D+00   0.1729D+00   0.0000D+00   0.3841D-01   0.0000D+00   0.0000D+00   0.0000D+00   0.5561D+00   0.0000D+00   0.9398D-01   0.0000D+00   0.1753D+00   0.0000D+00
   0.0000D+00   0.0000D+00   0.0000D+00   0.0000D+00   0.0000D+00   0.0000D+00   0.0000D+00   0.0000D+00
  -0.7146D+00   0.1144D+00  -0.7638D+00   0.6849D-01   0.7036D-01  -0.6596D-01  -0.6611D+00   0.4959D-02  -0.7146D+00   0.1144D+00  -0.7638D+00   0.6849D-01
   0.5236D+00  -0.2112D-01   0.9049D-01  -0.7282D-02   0.1131D+00  -0.5028D-01   0.1722D+00   0.0000D+00   0.4260D-01   0.4625D-02  -0.2623D-02   0.1514D-01   0.5236D+00  -0.2112D-01   0.9049D-01  -0.7282D-02   0.1131D+00  -0.5028D-01
  -0.1797D-02  -0.6518D-02  -0.3678D-02  -0.9073D-02  -0.1797D-02  -0.6518D-02  -0.3678D-02  -0.9073D-02
  1.000  1.000
  -0.8109D+00   0.0000D+00  -0.7623D+00   0.0000D+00   0.0000D+00   0.0000D+00  -0.6185D+00   0.0000D+00  -0.8109D+00   0.0000D+00  -0.7623D+00   0.0000D+00
   0.5561D+00   0.0000D+00   0.9398D-01   0.0000D+00   0.1753D+00   0.0000D+00   0.1729D+00   0.0000D+00   0.3841D-01   0.0000D+00   0.0000D+00   0.0000D+00   0.5561D+00   0.0000D+00   0.9398D-01   0.0000D+00   0.1753D+00   0.0000D+00
   0.0000D+00   0.0000D+00   0.0000D+00   0.0000D+00   0.0000D+00   0.0000D+00   0.0000D+00   0.0000D+00
  -0.7375D+00   0.9767D-01  -0.7719D+00   0.5849D-01   0.6009D-01  -0.5633D-01  -0.6616D+00   0.4235D-02  -0.7375D+00   0.9767D-01  -0.7719D+00   0.5849D-01
   0.5262D+00  -0.1952D-01   0.9078D-01  -0.6729D-02   0.1179D+00  -0.4647D-01   0.1723D+00   0.0000D+00   0.4229D-01   0.4274D-02  -0.2424D-02   0.1399D-01   0.5262D+00  -0.1952D-01   0.9078D-01  -0.6729D-02   0.1179D+00  -0.4647D-01
  -0.1661D-02  -0.6024D-02  -0.3399D-02  -0.8384D-02  -0.1661D-02  -0.6024D-02  -0.3399D-02  -0.8384D-02
  1.000  2.000
  -0.7538D+00   0.0000D+00  -0.7086D+00   0.0000D+00   0.0000D+00   0.0000D+00  -0.5749D+00   0.0000D+00  -0.7538D+00   0.0000D+00  -0.7086D+00   0.0000D+00
   0.5561D+00   0.0000D+00   0.9398D-01   0.0000D+00   0.1753D+00   0.0000D+00   0.1729D+00   0.0000D+00   0.3841D-01   0.0000D+00   0.0000D+00   0.0000D+00   0.5561D+00   0.0000D+00   0.9398D-01   0.0000D+00   0.1753D+00   0.0000D+00
   0.0000D+00   0.0000D+00   0.0000D+00   0.0000D+00   0.0000D+00   0.0000D+00   0.0000D+00   0.0000D+00
  -0.7471D+00   0.8440D-01  -0.7702D+00   0.5055D-01   0.5193D-01  -0.4868D-01  -0.6554D+00   0.3660D-02  -0.7471D+00   0.8440D-01  -0.7702D+00   0.5055D-01
   0.5284D+00  -0.1815D-01   0.9103D-01  -0.6256D-02   0.1220D+00  -0.4320D-01   0.1724D+00   0.0000D+00   0.4203D-01   0.3974D-02  -0.2253D-02   0.1300D-01   0.5284D+00  -0.1815D-01   0.9103D-01  -0.6256D-02   0.1220D+00  -0.4320D-01
  -0.1544D-02  -0.5600D-02  -0.3160D-02  -0.7794D-02  -0.1544D-02  -0.5600D-02  -0.3160D-02  -0.7794D-02
  2.000  0.500
  -0.8236D+00   0.0000D+00  -0.7758D+00   0.0000D+00   0.0000D+00   0.0000D+00  -0.6266D+00   0.0000D+00  -0.8236D+00   0.0000D+00  -0.7758D+00   0.0000D+00
   0.5224D+00   0.0000D+00   0.8824D-01   0.0000D+00   0.1643D+00   0.0000D+00   0.1614D+00   0.0000D+00   0.3586D-01   0.0000D+00   0.0000D+00   0.0000D+00   0.5224D+00   0.0000D+00   0.8824D-01   0.0000D+00   0.1643D+00   0.0000D+00
   0.0000D+00   0.0000D+00   0.0000D+00   0.0000D+00   0.0000D+00   0.0000D+00   0.0000D+00   0.0000D+00
  -0.7287D+00   0.1077D+00  -0.7700D+00   0.6442D-01   0.6549D-01  -0.6185D-01  -0.6641D+00   0.4819D-02  -0.7287D+00   0.1077D+00  -0.7700D+00   0.6442D-01
   0.5254D+00  -0.1980D-01   0.9085D-01  -0.6841D-02   0.1165D+00  -0.4720D-01   0.1723D+00   0.0000D+00   0.4232D-01   0.4319D-02  -0.2701D-02   0.1414D-01   0.5254D+00  -0.1980D-01   0.9085D-01  -0.6841D-02   0.1165D+00  -0.4720D-01
  -0.1696D-02  -0.6139D-02  -0.3461D-02  -0.8515D-02  -0.1696D-02  -0.6139D-02  -0.3461D-02  -0.8515D-02
  2.000  1.000
  -0.7611D+00   0.0000D+00  -0.7169D+00   0.0000D+00   0.0000D+00   0.0000D+00  -0.5791D+00   0.0000D+00  -0.7611D+00   0.0000D+00  -0.7169D+00   0.0000D+00
   0.5224D+00   0.0000D+00   0.8824D-01   0.0000D+00   0.1643D+00   0.0000D+00   0.1614D+00   0.0000D+00   0.3586D-01   0.0000D+00   0.0000D+00   0.0000D+00   0.5224D+00   0.0000D+00   0.8824D-01   0.0000D+00   0.1643D+00   0.0000D+00
   0.0000D+00   0.0000D+00   0.0000D+00   0.0000D+00   0.0000D+00   0.0000D+00   0.0000D+00   0.0000D+00
  -0.7415D+00   0.9194D-01  -0.7699D+00   0.5501D-01   0.5592D-01  -0.5282D-01  -0.6579D+00   0.4115D-02  -0.7415D+00   0.9194D-01  -0.7699D+00   0.5501D-01
   0.5250D+00  -0.1830D-01   0.9063D-01  -0.6322D-02   0.1201D+00  -0.4362D-01   0.1715D+00   0.0000D+00   0.4183D-01   0.3992D-02  -0.2494D-02   0.1306D-01   0.5250D+00  -0.1830D-01   0.9063D-01  -0.6322D-02   0.1201D+00  -0.4362D-01
  -0.1568D-02  -0.5673D-02  -0.3198D-02  -0.7869D-02  -0.1568D-02  -0.5673D-02  -0.3198D-02  -0.7869D-02
  2.000  2.000
  -0.7076D+00   0.0000D+00  -0.6664D+00   0.0000D+00   0.0000D+00   0.0000D+00  -0.5383D+00   0.0000D+00  -0.7076D+00   0.0000D+00  -0.6664D+00   0.0000D+00
   0.5224D+00   0.0000D+00   0.8824D-01   0.0000D+00   0.1643D+00   0.0000D+00   0.1614D+00   0.0000D+00   0.3586D-01   0.0000D+00   0.0000D+00   0.0000D+00   0.5224D+00   0.0000D+00   0.8824D-01   0.0000D+00   0.1643D+00   0.0000D+00
   0.0000D+00   0.0000D+00   0.0000D+00   0.0000D+00   0.0000D+00   0.0000D+00   0.0000D+00   0.0000D+00
  -0.7439D+00   0.7945D-01  -0.7624D+00   0.4754D-01   0.4833D-01  -0.4564D-01  -0.6469D+00   0.3556D-02  -0.7439D+00   0.7945D-01  -0.7624D+00   0.4754D-01
   0.5250D+00  -0.1701D-01   0.9048D-01  -0.5877D-02   0.1232D+00  -0.4055D-01   0.1708D+00   0.0000D+00   0.4142D-01   0.3711D-02  -0.2319D-02   0.1214D-01   0.5250D+00  -0.1701D-01   0.9048D-01  -0.5877D-02   0.1232D+00  -0.4055D-01
  -0.1457D-02  -0.5274D-02  -0.2973D-02  -0.7315D-02  -0.1457D-02  -0.5274D-02  -0.2973D-02  -0.7315D-02
