 LHC=           1 sqrts=   8000.0000000000000      ang=           4 mode=fital                                                                                               scalescheme=           1 R=  0.69999999999999996     
 CT10nlo_rand5678                                                                                              54
 Bin information: chid, chiu, md, mu, mu0
   0.0000000000000000       0.50000000000000000        133.00000000000000        153.00000000000000        143.00000000000000     
 9 scales(muf, mur)*(LO(38), NLO(38))
  0.500  0.500
  -0.7908D+01   0.0000D+00  -0.1175D+02   0.0000D+00   0.0000D+00   0.0000D+00  -0.1228D+02   0.0000D+00  -0.7908D+01   0.0000D+00  -0.1175D+02   0.0000D+00
   0.5356D+00   0.0000D+00   0.9943D-01   0.0000D+00   0.1212D+00   0.0000D+00   0.2330D+00   0.0000D+00   0.5177D-01   0.0000D+00   0.0000D+00   0.0000D+00   0.5356D+00   0.0000D+00   0.9943D-01   0.0000D+00   0.1212D+00   0.0000D+00
   0.0000D+00   0.0000D+00   0.0000D+00   0.0000D+00   0.0000D+00   0.0000D+00   0.0000D+00   0.0000D+00
  -0.5497D+01   0.1998D+01  -0.9625D+01   0.1212D+01   0.9405D+00  -0.1441D+01  -0.1102D+02  -0.1202D+00  -0.5497D+01   0.1998D+01  -0.9625D+01   0.1212D+01
   0.7719D+00  -0.1724D-01   0.1425D+00  -0.7465D-02   0.1249D+00  -0.5913D-01   0.3142D+00   0.0000D+00   0.8061D-01   0.7470D-02   0.1818D-02   0.2445D-01   0.7719D+00  -0.1724D-01   0.1425D+00  -0.7465D-02   0.1249D+00  -0.5913D-01
  -0.7616D-03  -0.6709D-02  -0.4081D-02  -0.1276D-01  -0.7616D-03  -0.6709D-02  -0.4081D-02  -0.1276D-01
  0.500  1.000
  -0.7135D+01   0.0000D+00  -0.1060D+02   0.0000D+00   0.0000D+00   0.0000D+00  -0.1108D+02   0.0000D+00  -0.7135D+01   0.0000D+00  -0.1060D+02   0.0000D+00
   0.5356D+00   0.0000D+00   0.9943D-01   0.0000D+00   0.1212D+00   0.0000D+00   0.2330D+00   0.0000D+00   0.5177D-01   0.0000D+00   0.0000D+00   0.0000D+00   0.5356D+00   0.0000D+00   0.9943D-01   0.0000D+00   0.1212D+00   0.0000D+00
   0.0000D+00   0.0000D+00   0.0000D+00   0.0000D+00   0.0000D+00   0.0000D+00   0.0000D+00   0.0000D+00
  -0.5847D+01   0.1626D+01  -0.9872D+01   0.9864D+00   0.7652D+00  -0.1173D+01  -0.1110D+02  -0.9785D-01  -0.5847D+01   0.1626D+01  -0.9872D+01   0.9864D+00
   0.7504D+00  -0.1555D-01   0.1386D+00  -0.6735D-02   0.1250D+00  -0.5335D-01   0.3067D+00   0.0000D+00   0.7792D-01   0.6739D-02   0.1661D-02   0.2206D-01   0.7504D+00  -0.1555D-01   0.1386D+00  -0.6735D-02   0.1250D+00  -0.5335D-01
  -0.6870D-03  -0.6054D-02  -0.3682D-02  -0.1151D-01  -0.6870D-03  -0.6054D-02  -0.3682D-02  -0.1151D-01
  0.500  2.000
  -0.6500D+01   0.0000D+00  -0.9657D+01   0.0000D+00   0.0000D+00   0.0000D+00  -0.1010D+02   0.0000D+00  -0.6500D+01   0.0000D+00  -0.9657D+01   0.0000D+00
   0.5356D+00   0.0000D+00   0.9943D-01   0.0000D+00   0.1212D+00   0.0000D+00   0.2330D+00   0.0000D+00   0.5177D-01   0.0000D+00   0.0000D+00   0.0000D+00   0.5356D+00   0.0000D+00   0.9943D-01   0.0000D+00   0.1212D+00   0.0000D+00
   0.0000D+00   0.0000D+00   0.0000D+00   0.0000D+00   0.0000D+00   0.0000D+00   0.0000D+00   0.0000D+00
  -0.5989D+01   0.1350D+01  -0.9881D+01   0.8187D+00   0.6349D+00  -0.9734D+00  -0.1098D+02  -0.8121D-01  -0.5989D+01   0.1350D+01  -0.9881D+01   0.8187D+00
   0.7325D+00  -0.1417D-01   0.1353D+00  -0.6136D-02   0.1250D+00  -0.4860D-01   0.3005D+00   0.0000D+00   0.7569D-01   0.6140D-02   0.1530D-02   0.2009D-01   0.7325D+00  -0.1417D-01   0.1353D+00  -0.6136D-02   0.1250D+00  -0.4860D-01
  -0.6258D-03  -0.5515D-02  -0.3354D-02  -0.1049D-01  -0.6258D-03  -0.5515D-02  -0.3354D-02  -0.1049D-01
  1.000  0.500
  -0.7908D+01   0.0000D+00  -0.1195D+02   0.0000D+00   0.0000D+00   0.0000D+00  -0.1245D+02   0.0000D+00  -0.7908D+01   0.0000D+00  -0.1195D+02   0.0000D+00
   0.5430D+00   0.0000D+00   0.1002D+00   0.0000D+00   0.1210D+00   0.0000D+00   0.2333D+00   0.0000D+00   0.5185D-01   0.0000D+00   0.0000D+00   0.0000D+00   0.5430D+00   0.0000D+00   0.1002D+00   0.0000D+00   0.1210D+00   0.0000D+00
   0.0000D+00   0.0000D+00   0.0000D+00   0.0000D+00   0.0000D+00   0.0000D+00   0.0000D+00   0.0000D+00
  -0.5446D+01   0.2043D+01  -0.9571D+01   0.1231D+01   0.9686D+00  -0.1457D+01  -0.1095D+02  -0.1206D+00  -0.5446D+01   0.2043D+01  -0.9571D+01   0.1231D+01
   0.7535D+00  -0.1729D-01   0.1379D+00  -0.7511D-02   0.1171D+00  -0.6013D-01   0.3066D+00   0.0000D+00   0.7859D-01   0.7401D-02   0.2161D-02   0.2422D-01   0.7535D+00  -0.1729D-01   0.1379D+00  -0.7511D-02   0.1171D+00  -0.6013D-01
  -0.7925D-03  -0.6519D-02  -0.4179D-02  -0.1280D-01  -0.7925D-03  -0.6519D-02  -0.4179D-02  -0.1280D-01
  1.000  1.000
  -0.7134D+01   0.0000D+00  -0.1078D+02   0.0000D+00   0.0000D+00   0.0000D+00  -0.1123D+02   0.0000D+00  -0.7134D+01   0.0000D+00  -0.1078D+02   0.0000D+00
   0.5430D+00   0.0000D+00   0.1002D+00   0.0000D+00   0.1210D+00   0.0000D+00   0.2333D+00   0.0000D+00   0.5185D-01   0.0000D+00   0.0000D+00   0.0000D+00   0.5430D+00   0.0000D+00   0.1002D+00   0.0000D+00   0.1210D+00   0.0000D+00
   0.0000D+00   0.0000D+00   0.0000D+00   0.0000D+00   0.0000D+00   0.0000D+00   0.0000D+00   0.0000D+00
  -0.5802D+01   0.1663D+01  -0.9862D+01   0.1002D+01   0.7880D+00  -0.1186D+01  -0.1107D+02  -0.9814D-01  -0.5802D+01   0.1663D+01  -0.9862D+01   0.1002D+01
   0.7323D+00  -0.1560D-01   0.1342D+00  -0.6777D-02   0.1172D+00  -0.5425D-01   0.2995D+00   0.0000D+00   0.7598D-01   0.6677D-02   0.1974D-02   0.2185D-01   0.7323D+00  -0.1560D-01   0.1342D+00  -0.6777D-02   0.1172D+00  -0.5425D-01
  -0.7149D-03  -0.5882D-02  -0.3770D-02  -0.1155D-01  -0.7149D-03  -0.5882D-02  -0.3770D-02  -0.1155D-01
  1.000  2.000
  -0.6500D+01   0.0000D+00  -0.9825D+01   0.0000D+00   0.0000D+00   0.0000D+00  -0.1023D+02   0.0000D+00  -0.6500D+01   0.0000D+00  -0.9825D+01   0.0000D+00
   0.5430D+00   0.0000D+00   0.1002D+00   0.0000D+00   0.1210D+00   0.0000D+00   0.2333D+00   0.0000D+00   0.5185D-01   0.0000D+00   0.0000D+00   0.0000D+00   0.5430D+00   0.0000D+00   0.1002D+00   0.0000D+00   0.1210D+00   0.0000D+00
   0.0000D+00   0.0000D+00   0.0000D+00   0.0000D+00   0.0000D+00   0.0000D+00   0.0000D+00   0.0000D+00
  -0.5952D+01   0.1380D+01  -0.9903D+01   0.8314D+00   0.6537D+00  -0.9842D+00  -0.1097D+02  -0.8145D-01  -0.5952D+01   0.1380D+01  -0.9903D+01   0.8314D+00
   0.7168D+00  -0.1421D-01   0.1314D+00  -0.6174D-02   0.1178D+00  -0.4943D-01   0.2940D+00   0.0000D+00   0.7394D-01   0.6083D-02   0.1814D-02   0.1991D-01   0.7168D+00  -0.1421D-01   0.1314D+00  -0.6174D-02   0.1178D+00  -0.4943D-01
  -0.6512D-03  -0.5359D-02  -0.3435D-02  -0.1052D-01  -0.6512D-03  -0.5359D-02  -0.3435D-02  -0.1052D-01
  2.000  0.500
  -0.7855D+01   0.0000D+00  -0.1203D+02   0.0000D+00   0.0000D+00   0.0000D+00  -0.1263D+02   0.0000D+00  -0.7855D+01   0.0000D+00  -0.1203D+02   0.0000D+00
   0.5478D+00   0.0000D+00   0.1012D+00   0.0000D+00   0.1207D+00   0.0000D+00   0.2374D+00   0.0000D+00   0.5275D-01   0.0000D+00   0.0000D+00   0.0000D+00   0.5478D+00   0.0000D+00   0.1012D+00   0.0000D+00   0.1207D+00   0.0000D+00
   0.0000D+00   0.0000D+00   0.0000D+00   0.0000D+00   0.0000D+00   0.0000D+00   0.0000D+00   0.0000D+00
  -0.5458D+01   0.2051D+01  -0.9673D+01   0.1230D+01   0.9548D+00  -0.1475D+01  -0.1135D+02  -0.1203D+00  -0.5458D+01   0.2051D+01  -0.9673D+01   0.1230D+01
   0.7619D+00  -0.1720D-01   0.1404D+00  -0.7566D-02   0.1213D+00  -0.6054D-01   0.3081D+00   0.0000D+00   0.7920D-01   0.7529D-02   0.1996D-02   0.2464D-01   0.7619D+00  -0.1720D-01   0.1404D+00  -0.7566D-02   0.1213D+00  -0.6054D-01
  -0.8029D-03  -0.6553D-02  -0.4253D-02  -0.1288D-01  -0.8029D-03  -0.6553D-02  -0.4253D-02  -0.1288D-01
  2.000  1.000
  -0.7086D+01   0.0000D+00  -0.1086D+02   0.0000D+00   0.0000D+00   0.0000D+00  -0.1139D+02   0.0000D+00  -0.7086D+01   0.0000D+00  -0.1086D+02   0.0000D+00
   0.5478D+00   0.0000D+00   0.1012D+00   0.0000D+00   0.1207D+00   0.0000D+00   0.2374D+00   0.0000D+00   0.5275D-01   0.0000D+00   0.0000D+00   0.0000D+00   0.5478D+00   0.0000D+00   0.1012D+00   0.0000D+00   0.1207D+00   0.0000D+00
   0.0000D+00   0.0000D+00   0.0000D+00   0.0000D+00   0.0000D+00   0.0000D+00   0.0000D+00   0.0000D+00
  -0.5786D+01   0.1669D+01  -0.9941D+01   0.1001D+01   0.7765D+00  -0.1200D+01  -0.1141D+02  -0.9786D-01  -0.5786D+01   0.1669D+01  -0.9941D+01   0.1001D+01
   0.7299D+00  -0.1551D-01   0.1347D+00  -0.6826D-02   0.1176D+00  -0.5461D-01   0.2989D+00   0.0000D+00   0.7593D-01   0.6792D-02   0.1779D-02   0.2223D-01   0.7299D+00  -0.1551D-01   0.1347D+00  -0.6826D-02   0.1176D+00  -0.5461D-01
  -0.7242D-03  -0.5912D-02  -0.3837D-02  -0.1162D-01  -0.7242D-03  -0.5912D-02  -0.3837D-02  -0.1162D-01
  2.000  2.000
  -0.6456D+01   0.0000D+00  -0.9890D+01   0.0000D+00   0.0000D+00   0.0000D+00  -0.1038D+02   0.0000D+00  -0.6456D+01   0.0000D+00  -0.9890D+01   0.0000D+00
   0.5478D+00   0.0000D+00   0.1012D+00   0.0000D+00   0.1207D+00   0.0000D+00   0.2374D+00   0.0000D+00   0.5275D-01   0.0000D+00   0.0000D+00   0.0000D+00   0.5478D+00   0.0000D+00   0.1012D+00   0.0000D+00   0.1207D+00   0.0000D+00
   0.0000D+00   0.0000D+00   0.0000D+00   0.0000D+00   0.0000D+00   0.0000D+00   0.0000D+00   0.0000D+00
  -0.5915D+01   0.1386D+01  -0.9965D+01   0.8306D+00   0.6440D+00  -0.9960D+00  -0.1127D+02  -0.8122D-01  -0.5915D+01   0.1386D+01  -0.9965D+01   0.8306D+00
   0.7033D+00  -0.1413D-01   0.1300D+00  -0.6219D-02   0.1144D+00  -0.4976D-01   0.2913D+00   0.0000D+00   0.7324D-01   0.6188D-02   0.1612D-02   0.2025D-01   0.7033D+00  -0.1413D-01   0.1300D+00  -0.6219D-02   0.1144D+00  -0.4976D-01
  -0.6597D-03  -0.5386D-02  -0.3495D-02  -0.1059D-01  -0.6597D-03  -0.5386D-02  -0.3495D-02  -0.1059D-01
