 LHC=           1 sqrts=   8000.0000000000000      ang=           4 mode=fital                                                                                               scalescheme=           1 R=  0.69999999999999996     
 NNPDF23_nlo_as_0118                                                                                           61
 Bin information: chid, chiu, md, mu, mu0
   0.0000000000000000       0.50000000000000000        153.00000000000000        174.00000000000000        163.50000000000000     
 9 scales(muf, mur)*(LO(38), NLO(38))
  0.500  0.500
  -0.6141D+01   0.0000D+00  -0.8860D+01   0.0000D+00   0.0000D+00   0.0000D+00  -0.9088D+01   0.0000D+00  -0.6141D+01   0.0000D+00  -0.8860D+01   0.0000D+00
   0.5454D+00   0.0000D+00   0.9982D-01   0.0000D+00   0.1267D+00   0.0000D+00   0.2307D+00   0.0000D+00   0.5127D-01   0.0000D+00   0.0000D+00   0.0000D+00   0.5454D+00   0.0000D+00   0.9982D-01   0.0000D+00   0.1267D+00   0.0000D+00
   0.0000D+00   0.0000D+00   0.0000D+00   0.0000D+00   0.0000D+00   0.0000D+00   0.0000D+00   0.0000D+00
  -0.4226D+01   0.1480D+01  -0.7282D+01   0.8863D+00   0.7326D+00  -0.1042D+01  -0.8156D+01  -0.7842D-01  -0.4226D+01   0.1480D+01  -0.7282D+01   0.8863D+00
   0.7377D+00  -0.1773D-01   0.1346D+00  -0.7492D-02   0.1188D+00  -0.5874D-01   0.2957D+00   0.0000D+00   0.7553D-01   0.7163D-02   0.1084D-02   0.2344D-01   0.7377D+00  -0.1773D-01   0.1346D+00  -0.7492D-02   0.1188D+00  -0.5874D-01
  -0.8769D-03  -0.6555D-02  -0.4097D-02  -0.1235D-01  -0.8769D-03  -0.6555D-02  -0.4097D-02  -0.1235D-01
  0.500  1.000
  -0.5552D+01   0.0000D+00  -0.8010D+01   0.0000D+00   0.0000D+00   0.0000D+00  -0.8216D+01   0.0000D+00  -0.5552D+01   0.0000D+00  -0.8010D+01   0.0000D+00
   0.5454D+00   0.0000D+00   0.9982D-01   0.0000D+00   0.1267D+00   0.0000D+00   0.2307D+00   0.0000D+00   0.5127D-01   0.0000D+00   0.0000D+00   0.0000D+00   0.5454D+00   0.0000D+00   0.9982D-01   0.0000D+00   0.1267D+00   0.0000D+00
   0.0000D+00   0.0000D+00   0.0000D+00   0.0000D+00   0.0000D+00   0.0000D+00   0.0000D+00   0.0000D+00
  -0.4504D+01   0.1209D+01  -0.7465D+01   0.7244D+00   0.5984D+00  -0.8519D+00  -0.8218D+01  -0.6409D-01  -0.4504D+01   0.1209D+01  -0.7465D+01   0.7244D+00
   0.7212D+00  -0.1603D-01   0.1316D+00  -0.6774D-02   0.1200D+00  -0.5311D-01   0.2900D+00   0.0000D+00   0.7336D-01   0.6476D-02   0.1005D-02   0.2120D-01   0.7212D+00  -0.1603D-01   0.1316D+00  -0.6774D-02   0.1200D+00  -0.5311D-01
  -0.7927D-03  -0.5926D-02  -0.3704D-02  -0.1117D-01  -0.7927D-03  -0.5926D-02  -0.3704D-02  -0.1117D-01
  0.500  2.000
  -0.5106D+01   0.0000D+00  -0.7366D+01   0.0000D+00   0.0000D+00   0.0000D+00  -0.7555D+01   0.0000D+00  -0.5106D+01   0.0000D+00  -0.7366D+01   0.0000D+00
   0.5454D+00   0.0000D+00   0.9982D-01   0.0000D+00   0.1267D+00   0.0000D+00   0.2307D+00   0.0000D+00   0.5127D-01   0.0000D+00   0.0000D+00   0.0000D+00   0.5454D+00   0.0000D+00   0.9982D-01   0.0000D+00   0.1267D+00   0.0000D+00
   0.0000D+00   0.0000D+00   0.0000D+00   0.0000D+00   0.0000D+00   0.0000D+00   0.0000D+00   0.0000D+00
  -0.4653D+01   0.1023D+01  -0.7531D+01   0.6125D+00   0.5058D+00  -0.7204D+00  -0.8199D+01  -0.5419D-01  -0.4653D+01   0.1023D+01  -0.7531D+01   0.6125D+00
   0.7080D+00  -0.1474D-01   0.1293D+00  -0.6229D-02   0.1208D+00  -0.4884D-01   0.2855D+00   0.0000D+00   0.7167D-01   0.5956D-02   0.9361D-03   0.1949D-01   0.7080D+00  -0.1474D-01   0.1293D+00  -0.6229D-02   0.1208D+00  -0.4884D-01
  -0.7288D-03  -0.5449D-02  -0.3406D-02  -0.1027D-01  -0.7288D-03  -0.5449D-02  -0.3406D-02  -0.1027D-01
  1.000  0.500
  -0.6134D+01   0.0000D+00  -0.8957D+01   0.0000D+00   0.0000D+00   0.0000D+00  -0.9214D+01   0.0000D+00  -0.6134D+01   0.0000D+00  -0.8957D+01   0.0000D+00
   0.5454D+00   0.0000D+00   0.1006D+00   0.0000D+00   0.1255D+00   0.0000D+00   0.2313D+00   0.0000D+00   0.5140D-01   0.0000D+00   0.0000D+00   0.0000D+00   0.5454D+00   0.0000D+00   0.1006D+00   0.0000D+00   0.1255D+00   0.0000D+00
   0.0000D+00   0.0000D+00   0.0000D+00   0.0000D+00   0.0000D+00   0.0000D+00   0.0000D+00   0.0000D+00
  -0.4209D+01   0.1492D+01  -0.7253D+01   0.8980D+00   0.7158D+00  -0.1056D+01  -0.8228D+01  -0.7776D-01  -0.4209D+01   0.1492D+01  -0.7253D+01   0.8980D+00
   0.7107D+00  -0.1759D-01   0.1312D+00  -0.7494D-02   0.1132D+00  -0.5862D-01   0.2892D+00   0.0000D+00   0.7350D-01   0.7212D-02   0.1068D-02   0.2360D-01   0.7107D+00  -0.1759D-01   0.1312D+00  -0.7494D-02   0.1132D+00  -0.5862D-01
  -0.8859D-03  -0.6680D-02  -0.4170D-02  -0.1255D-01  -0.8859D-03  -0.6680D-02  -0.4170D-02  -0.1255D-01
  1.000  1.000
  -0.5545D+01   0.0000D+00  -0.8097D+01   0.0000D+00   0.0000D+00   0.0000D+00  -0.8330D+01   0.0000D+00  -0.5545D+01   0.0000D+00  -0.8097D+01   0.0000D+00
   0.5454D+00   0.0000D+00   0.1006D+00   0.0000D+00   0.1255D+00   0.0000D+00   0.2313D+00   0.0000D+00   0.5140D-01   0.0000D+00   0.0000D+00   0.0000D+00   0.5454D+00   0.0000D+00   0.1006D+00   0.0000D+00   0.1255D+00   0.0000D+00
   0.0000D+00   0.0000D+00   0.0000D+00   0.0000D+00   0.0000D+00   0.0000D+00   0.0000D+00   0.0000D+00
  -0.4487D+01   0.1219D+01  -0.7457D+01   0.7340D+00   0.5847D+00  -0.8628D+00  -0.8297D+01  -0.6356D-01  -0.4487D+01   0.1219D+01  -0.7457D+01   0.7340D+00
   0.6962D+00  -0.1591D-01   0.1285D+00  -0.6776D-02   0.1147D+00  -0.5300D-01   0.2841D+00   0.0000D+00   0.7150D-01   0.6520D-02   0.9891D-03   0.2134D-01   0.6962D+00  -0.1591D-01   0.1285D+00  -0.6776D-02   0.1147D+00  -0.5300D-01
  -0.8008D-03  -0.6040D-02  -0.3770D-02  -0.1135D-01  -0.8008D-03  -0.6040D-02  -0.3770D-02  -0.1135D-01
  1.000  2.000
  -0.5099D+01   0.0000D+00  -0.7446D+01   0.0000D+00   0.0000D+00   0.0000D+00  -0.7659D+01   0.0000D+00  -0.5099D+01   0.0000D+00  -0.7446D+01   0.0000D+00
   0.5454D+00   0.0000D+00   0.1006D+00   0.0000D+00   0.1255D+00   0.0000D+00   0.2313D+00   0.0000D+00   0.5140D-01   0.0000D+00   0.0000D+00   0.0000D+00   0.5454D+00   0.0000D+00   0.1006D+00   0.0000D+00   0.1255D+00   0.0000D+00
   0.0000D+00   0.0000D+00   0.0000D+00   0.0000D+00   0.0000D+00   0.0000D+00   0.0000D+00   0.0000D+00
  -0.4638D+01   0.1031D+01  -0.7538D+01   0.6206D+00   0.4942D+00  -0.7295D+00  -0.8284D+01  -0.5374D-01  -0.4638D+01   0.1031D+01  -0.7538D+01   0.6206D+00
   0.6850D+00  -0.1463D-01   0.1264D+00  -0.6231D-02   0.1158D+00  -0.4874D-01   0.2801D+00   0.0000D+00   0.6996D-01   0.5996D-02   0.9216D-03   0.1962D-01   0.6850D+00  -0.1463D-01   0.1264D+00  -0.6231D-02   0.1158D+00  -0.4874D-01
  -0.7363D-03  -0.5554D-02  -0.3466D-02  -0.1044D-01  -0.7363D-03  -0.5554D-02  -0.3466D-02  -0.1044D-01
  2.000  0.500
  -0.6052D+01   0.0000D+00  -0.8974D+01   0.0000D+00   0.0000D+00   0.0000D+00  -0.9195D+01   0.0000D+00  -0.6052D+01   0.0000D+00  -0.8974D+01   0.0000D+00
   0.5469D+00   0.0000D+00   0.1001D+00   0.0000D+00   0.1234D+00   0.0000D+00   0.2293D+00   0.0000D+00   0.5096D-01   0.0000D+00   0.0000D+00   0.0000D+00   0.5469D+00   0.0000D+00   0.1001D+00   0.0000D+00   0.1234D+00   0.0000D+00
   0.0000D+00   0.0000D+00   0.0000D+00   0.0000D+00   0.0000D+00   0.0000D+00   0.0000D+00   0.0000D+00
  -0.4259D+01   0.1495D+01  -0.7471D+01   0.8987D+00   0.7436D+00  -0.1056D+01  -0.8339D+01  -0.7695D-01  -0.4259D+01   0.1495D+01  -0.7471D+01   0.8987D+00
   0.6952D+00  -0.1733D-01   0.1282D+00  -0.7426D-02   0.1083D+00  -0.5867D-01   0.2815D+00   0.0000D+00   0.7152D-01   0.7175D-02   0.8073D-03   0.2348D-01   0.6952D+00  -0.1733D-01   0.1282D+00  -0.7426D-02   0.1083D+00  -0.5867D-01
  -0.8872D-03  -0.6557D-02  -0.4220D-02  -0.1242D-01  -0.8872D-03  -0.6557D-02  -0.4220D-02  -0.1242D-01
  2.000  1.000
  -0.5472D+01   0.0000D+00  -0.8114D+01   0.0000D+00   0.0000D+00   0.0000D+00  -0.8313D+01   0.0000D+00  -0.5472D+01   0.0000D+00  -0.8114D+01   0.0000D+00
   0.5469D+00   0.0000D+00   0.1001D+00   0.0000D+00   0.1234D+00   0.0000D+00   0.2293D+00   0.0000D+00   0.5096D-01   0.0000D+00   0.0000D+00   0.0000D+00   0.5469D+00   0.0000D+00   0.1001D+00   0.0000D+00   0.1234D+00   0.0000D+00
   0.0000D+00   0.0000D+00   0.0000D+00   0.0000D+00   0.0000D+00   0.0000D+00   0.0000D+00   0.0000D+00
  -0.4517D+01   0.1222D+01  -0.7641D+01   0.7345D+00   0.6074D+00  -0.8629D+00  -0.8388D+01  -0.6289D-01  -0.4517D+01   0.1222D+01  -0.7641D+01   0.7345D+00
   0.6842D+00  -0.1567D-01   0.1261D+00  -0.6714D-02   0.1106D+00  -0.5305D-01   0.2775D+00   0.0000D+00   0.6981D-01   0.6487D-02   0.7758D-03   0.2123D-01   0.6842D+00  -0.1567D-01   0.1261D+00  -0.6714D-02   0.1106D+00  -0.5305D-01
  -0.8020D-03  -0.5928D-02  -0.3816D-02  -0.1123D-01  -0.8020D-03  -0.5928D-02  -0.3816D-02  -0.1123D-01
  2.000  2.000
  -0.5031D+01   0.0000D+00  -0.7461D+01   0.0000D+00   0.0000D+00   0.0000D+00  -0.7644D+01   0.0000D+00  -0.5031D+01   0.0000D+00  -0.7461D+01   0.0000D+00
   0.5469D+00   0.0000D+00   0.1001D+00   0.0000D+00   0.1234D+00   0.0000D+00   0.2293D+00   0.0000D+00   0.5096D-01   0.0000D+00   0.0000D+00   0.0000D+00   0.5469D+00   0.0000D+00   0.1001D+00   0.0000D+00   0.1234D+00   0.0000D+00
   0.0000D+00   0.0000D+00   0.0000D+00   0.0000D+00   0.0000D+00   0.0000D+00   0.0000D+00   0.0000D+00
  -0.4651D+01   0.1033D+01  -0.7694D+01   0.6211D+00   0.5135D+00  -0.7296D+00  -0.8356D+01  -0.5318D-01  -0.4651D+01   0.1033D+01  -0.7694D+01   0.6211D+00
   0.6730D+00  -0.1441D-01   0.1240D+00  -0.6174D-02   0.1116D+00  -0.4878D-01   0.2736D+00   0.0000D+00   0.6828D-01   0.5965D-02   0.7071D-03   0.1952D-01   0.6730D+00  -0.1441D-01   0.1240D+00  -0.6174D-02   0.1116D+00  -0.4878D-01
  -0.7374D-03  -0.5451D-02  -0.3508D-02  -0.1032D-01  -0.7374D-03  -0.5451D-02  -0.3508D-02  -0.1032D-01
