 LHC=           1 sqrts=   8000.0000000000000      ang=           4 mode=fital                                                                                               scalescheme=           1 R=  0.69999999999999996     
 CT10nlo_rand5678                                                                                              42
 Bin information: chid, chiu, md, mu, mu0
   0.0000000000000000       0.50000000000000000        56.000000000000000        64.000000000000000        60.000000000000000     
 9 scales(muf, mur)*(LO(38), NLO(38))
  0.500  0.500
  -0.1781D+02   0.0000D+00  -0.3257D+02   0.0000D+00   0.0000D+00   0.0000D+00  -0.3451D+02   0.0000D+00  -0.1781D+02   0.0000D+00  -0.3257D+02   0.0000D+00
   0.2046D+00   0.0000D+00   0.3951D-01   0.0000D+00   0.4284D-01   0.0000D+00   0.9627D-01   0.0000D+00   0.2139D-01   0.0000D+00   0.0000D+00   0.0000D+00   0.2046D+00   0.0000D+00   0.3951D-01   0.0000D+00   0.4284D-01   0.0000D+00
   0.0000D+00   0.0000D+00   0.0000D+00   0.0000D+00   0.0000D+00   0.0000D+00   0.0000D+00   0.0000D+00
  -0.1215D+02   0.6426D+01  -0.2565D+02   0.3847D+01   0.3339D+01  -0.4749D+01  -0.3088D+02  -0.4436D+00  -0.1215D+02   0.6426D+01  -0.2565D+02   0.3847D+01
   0.6092D+00  -0.7147D-02   0.1159D+00  -0.3318D-02   0.9941D-01  -0.2706D-01   0.2429D+00   0.0000D+00   0.6665D-01   0.3467D-02   0.8570D-02   0.1135D-01   0.6092D+00  -0.7147D-02   0.1159D+00  -0.3318D-02   0.9941D-01  -0.2706D-01
  -0.1142D-03  -0.2302D-02  -0.1614D-02  -0.5973D-02  -0.1142D-03  -0.2302D-02  -0.1614D-02  -0.5973D-02
  0.500  1.000
  -0.1581D+02   0.0000D+00  -0.2891D+02   0.0000D+00   0.0000D+00   0.0000D+00  -0.3064D+02   0.0000D+00  -0.1581D+02   0.0000D+00  -0.2891D+02   0.0000D+00
   0.2046D+00   0.0000D+00   0.3951D-01   0.0000D+00   0.4284D-01   0.0000D+00   0.9627D-01   0.0000D+00   0.2139D-01   0.0000D+00   0.0000D+00   0.0000D+00   0.2046D+00   0.0000D+00   0.3951D-01   0.0000D+00   0.4284D-01   0.0000D+00
   0.0000D+00   0.0000D+00   0.0000D+00   0.0000D+00   0.0000D+00   0.0000D+00   0.0000D+00   0.0000D+00
  -0.1307D+02   0.5065D+01  -0.2660D+02   0.3033D+01   0.2630D+01  -0.3743D+01  -0.3110D+02  -0.3497D+00  -0.1307D+02   0.5065D+01  -0.2660D+02   0.3033D+01
   0.5740D+00  -0.6345D-02   0.1091D+00  -0.2946D-02   0.9597D-01  -0.2403D-01   0.2289D+00   0.0000D+00   0.6231D-01   0.3078D-02   0.7700D-02   0.1007D-01   0.5740D+00  -0.6345D-02   0.1091D+00  -0.2946D-02   0.9597D-01  -0.2403D-01
  -0.1013D-03  -0.2044D-02  -0.1433D-02  -0.5303D-02  -0.1013D-03  -0.2044D-02  -0.1433D-02  -0.5303D-02
  0.500  2.000
  -0.1422D+02   0.0000D+00  -0.2600D+02   0.0000D+00   0.0000D+00   0.0000D+00  -0.2755D+02   0.0000D+00  -0.1422D+02   0.0000D+00  -0.2600D+02   0.0000D+00
   0.2046D+00   0.0000D+00   0.3951D-01   0.0000D+00   0.4284D-01   0.0000D+00   0.9627D-01   0.0000D+00   0.2139D-01   0.0000D+00   0.0000D+00   0.0000D+00   0.2046D+00   0.0000D+00   0.3951D-01   0.0000D+00   0.4284D-01   0.0000D+00
   0.0000D+00   0.0000D+00   0.0000D+00   0.0000D+00   0.0000D+00   0.0000D+00   0.0000D+00   0.0000D+00
  -0.1339D+02   0.4097D+01  -0.2666D+02   0.2453D+01   0.2125D+01  -0.3027D+01  -0.3061D+02  -0.2828D+00  -0.1339D+02   0.4097D+01  -0.2666D+02   0.2453D+01
   0.5396D+00  -0.5707D-02   0.1026D+00  -0.2650D-02   0.9123D-01  -0.2161D-01   0.2164D+00   0.0000D+00   0.5845D-01   0.2769D-02   0.6986D-02   0.9061D-02   0.5396D+00  -0.5707D-02   0.1026D+00  -0.2650D-02   0.9123D-01  -0.2161D-01
  -0.9105D-04  -0.1838D-02  -0.1289D-02  -0.4769D-02  -0.9105D-04  -0.1838D-02  -0.1289D-02  -0.4769D-02
  1.000  0.500
  -0.1930D+02   0.0000D+00  -0.3583D+02   0.0000D+00   0.0000D+00   0.0000D+00  -0.3878D+02   0.0000D+00  -0.1930D+02   0.0000D+00  -0.3583D+02   0.0000D+00
   0.2276D+00   0.0000D+00   0.4375D-01   0.0000D+00   0.4580D-01   0.0000D+00   0.1031D+00   0.0000D+00   0.2291D-01   0.0000D+00   0.0000D+00   0.0000D+00   0.2276D+00   0.0000D+00   0.4375D-01   0.0000D+00   0.4580D-01   0.0000D+00
   0.0000D+00   0.0000D+00   0.0000D+00   0.0000D+00   0.0000D+00   0.0000D+00   0.0000D+00   0.0000D+00
  -0.1111D+02   0.6984D+01  -0.2541D+02   0.4316D+01   0.3215D+01  -0.5358D+01  -0.3108D+02  -0.5115D+00  -0.1111D+02   0.6984D+01  -0.2541D+02   0.4316D+01
   0.5931D+00  -0.7413D-02   0.1119D+00  -0.3562D-02   0.9394D-01  -0.3073D-01   0.2367D+00   0.0000D+00   0.6433D-01   0.3847D-02   0.8250D-02   0.1259D-01   0.5931D+00  -0.7413D-02   0.1119D+00  -0.3562D-02   0.9394D-01  -0.3073D-01
  -0.1277D-03  -0.3330D-02  -0.1872D-02  -0.6587D-02  -0.1277D-03  -0.3330D-02  -0.1872D-02  -0.6587D-02
  1.000  1.000
  -0.1714D+02   0.0000D+00  -0.3181D+02   0.0000D+00   0.0000D+00   0.0000D+00  -0.3443D+02   0.0000D+00  -0.1714D+02   0.0000D+00  -0.3181D+02   0.0000D+00
   0.2276D+00   0.0000D+00   0.4375D-01   0.0000D+00   0.4580D-01   0.0000D+00   0.1031D+00   0.0000D+00   0.2291D-01   0.0000D+00   0.0000D+00   0.0000D+00   0.2276D+00   0.0000D+00   0.4375D-01   0.0000D+00   0.4580D-01   0.0000D+00
   0.0000D+00   0.0000D+00   0.0000D+00   0.0000D+00   0.0000D+00   0.0000D+00   0.0000D+00   0.0000D+00
  -0.1248D+02   0.5505D+01  -0.2699D+02   0.3402D+01   0.2531D+01  -0.4223D+01  -0.3205D+02  -0.4031D+00  -0.1248D+02   0.5505D+01  -0.2699D+02   0.3402D+01
   0.5278D+00  -0.6582D-02   0.9998D-01  -0.3163D-02   0.8092D-01  -0.2728D-01   0.2168D+00   0.0000D+00   0.5810D-01   0.3415D-02   0.7233D-02   0.1118D-01   0.5278D+00  -0.6582D-02   0.9998D-01  -0.3163D-02   0.8092D-01  -0.2728D-01
  -0.1133D-03  -0.2956D-02  -0.1662D-02  -0.5848D-02  -0.1133D-03  -0.2956D-02  -0.1662D-02  -0.5848D-02
  1.000  2.000
  -0.1541D+02   0.0000D+00  -0.2861D+02   0.0000D+00   0.0000D+00   0.0000D+00  -0.3096D+02   0.0000D+00  -0.1541D+02   0.0000D+00  -0.2861D+02   0.0000D+00
   0.2276D+00   0.0000D+00   0.4375D-01   0.0000D+00   0.4580D-01   0.0000D+00   0.1031D+00   0.0000D+00   0.2291D-01   0.0000D+00   0.0000D+00   0.0000D+00   0.2276D+00   0.0000D+00   0.4375D-01   0.0000D+00   0.4580D-01   0.0000D+00
   0.0000D+00   0.0000D+00   0.0000D+00   0.0000D+00   0.0000D+00   0.0000D+00   0.0000D+00   0.0000D+00
  -0.1319D+02   0.4452D+01  -0.2754D+02   0.2751D+01   0.2045D+01  -0.3416D+01  -0.3209D+02  -0.3261D+00  -0.1319D+02   0.4452D+01  -0.2754D+02   0.2751D+01
   0.5300D+00  -0.5920D-02   0.1001D+00  -0.2844D-02   0.8687D-01  -0.2454D-01   0.2129D+00   0.0000D+00   0.5688D-01   0.3072D-02   0.6758D-02   0.1005D-01   0.5300D+00  -0.5920D-02   0.1001D+00  -0.2844D-02   0.8687D-01  -0.2454D-01
  -0.1018D-03  -0.2659D-02  -0.1495D-02  -0.5260D-02  -0.1018D-03  -0.2659D-02  -0.1495D-02  -0.5260D-02
  2.000  0.500
  -0.2077D+02   0.0000D+00  -0.3798D+02   0.0000D+00   0.0000D+00   0.0000D+00  -0.4128D+02   0.0000D+00  -0.2077D+02   0.0000D+00  -0.3798D+02   0.0000D+00
   0.2319D+00   0.0000D+00   0.4736D-01   0.0000D+00   0.4902D-01   0.0000D+00   0.1147D+00   0.0000D+00   0.2548D-01   0.0000D+00   0.0000D+00   0.0000D+00   0.2319D+00   0.0000D+00   0.4736D-01   0.0000D+00   0.4902D-01   0.0000D+00
   0.0000D+00   0.0000D+00   0.0000D+00   0.0000D+00   0.0000D+00   0.0000D+00   0.0000D+00   0.0000D+00
  -0.1053D+02   0.7710D+01  -0.2370D+02   0.4685D+01   0.3493D+01  -0.5308D+01  -0.2996D+02  -0.5471D+00  -0.1053D+02   0.7710D+01  -0.2370D+02   0.4685D+01
   0.6115D+00  -0.7990D-02   0.1219D+00  -0.3527D-02   0.9657D-01  -0.3000D-01   0.2490D+00   0.0000D+00   0.6761D-01   0.4268D-02   0.8094D-02   0.1397D-01   0.6115D+00  -0.7990D-02   0.1219D+00  -0.3527D-02   0.9657D-01  -0.3000D-01
  -0.1516D-03  -0.3091D-02  -0.2090D-02  -0.7382D-02  -0.1516D-03  -0.3091D-02  -0.2090D-02  -0.7382D-02
  2.000  1.000
  -0.1844D+02   0.0000D+00  -0.3371D+02   0.0000D+00   0.0000D+00   0.0000D+00  -0.3665D+02   0.0000D+00  -0.1844D+02   0.0000D+00  -0.3371D+02   0.0000D+00
   0.2319D+00   0.0000D+00   0.4736D-01   0.0000D+00   0.4902D-01   0.0000D+00   0.1147D+00   0.0000D+00   0.2548D-01   0.0000D+00   0.0000D+00   0.0000D+00   0.2319D+00   0.0000D+00   0.4736D-01   0.0000D+00   0.4902D-01   0.0000D+00
   0.0000D+00   0.0000D+00   0.0000D+00   0.0000D+00   0.0000D+00   0.0000D+00   0.0000D+00   0.0000D+00
  -0.1221D+02   0.6077D+01  -0.2593D+02   0.3693D+01   0.2752D+01  -0.4184D+01  -0.3152D+02  -0.4312D+00  -0.1221D+02   0.6077D+01  -0.2593D+02   0.3693D+01
   0.5142D+00  -0.7094D-02   0.1039D+00  -0.3131D-02   0.7687D-01  -0.2664D-01   0.2212D+00   0.0000D+00   0.5887D-01   0.3789D-02   0.6564D-02   0.1240D-01   0.5142D+00  -0.7094D-02   0.1039D+00  -0.3131D-02   0.7687D-01  -0.2664D-01
  -0.1345D-03  -0.2744D-02  -0.1855D-02  -0.6554D-02  -0.1345D-03  -0.2744D-02  -0.1855D-02  -0.6554D-02
  2.000  2.000
  -0.1658D+02   0.0000D+00  -0.3032D+02   0.0000D+00   0.0000D+00   0.0000D+00  -0.3296D+02   0.0000D+00  -0.1658D+02   0.0000D+00  -0.3032D+02   0.0000D+00
   0.2319D+00   0.0000D+00   0.4736D-01   0.0000D+00   0.4902D-01   0.0000D+00   0.1147D+00   0.0000D+00   0.2548D-01   0.0000D+00   0.0000D+00   0.0000D+00   0.2319D+00   0.0000D+00   0.4736D-01   0.0000D+00   0.4902D-01   0.0000D+00
   0.0000D+00   0.0000D+00   0.0000D+00   0.0000D+00   0.0000D+00   0.0000D+00   0.0000D+00   0.0000D+00
  -0.1295D+02   0.4915D+01  -0.2673D+02   0.2987D+01   0.2227D+01  -0.3385D+01  -0.3178D+02  -0.3488D+00  -0.1295D+02   0.4915D+01  -0.2673D+02   0.2987D+01
   0.3983D+00  -0.6380D-02   0.8285D-01  -0.2816D-02   0.5073D-01  -0.2396D-01   0.1907D+00   0.0000D+00   0.4923D-01   0.3408D-02   0.5001D-02   0.1115D-01   0.3983D+00  -0.6380D-02   0.8285D-01  -0.2816D-02   0.5073D-01  -0.2396D-01
  -0.1209D-03  -0.2468D-02  -0.1668D-02  -0.5894D-02  -0.1209D-03  -0.2468D-02  -0.1668D-02  -0.5894D-02
