 LHC=           1 sqrts=   8000.0000000000000      ang=           4 mode=fital                                                                                               scalescheme=           1 R=  0.69999999999999996     
 NNPDF23_nlo_as_0118                                                                                           20
 Bin information: chid, chiu, md, mu, mu0
   0.0000000000000000       0.50000000000000000        330.00000000000000        362.00000000000000        346.00000000000000     
 9 scales(muf, mur)*(LO(38), NLO(38))
  0.500  0.500
  -0.1762D+01   0.0000D+00  -0.1911D+01   0.0000D+00   0.0000D+00   0.0000D+00  -0.1762D+01   0.0000D+00  -0.1762D+01   0.0000D+00  -0.1911D+01   0.0000D+00
   0.6186D+00   0.0000D+00   0.1083D+00   0.0000D+00   0.1733D+00   0.0000D+00   0.2225D+00   0.0000D+00   0.4944D-01   0.0000D+00   0.0000D+00   0.0000D+00   0.6186D+00   0.0000D+00   0.1083D+00   0.0000D+00   0.1733D+00   0.0000D+00
   0.0000D+00   0.0000D+00   0.0000D+00   0.0000D+00   0.0000D+00   0.0000D+00   0.0000D+00   0.0000D+00
  -0.1289D+01   0.2812D+00  -0.1639D+01   0.1700D+00   0.1613D+00  -0.1812D+00  -0.1623D+01  -0.7879D-03  -0.1289D+01   0.2812D+00  -0.1639D+01   0.1700D+00
   0.6022D+00  -0.2179D-01   0.1076D+00  -0.8077D-02   0.1115D+00  -0.5868D-01   0.2225D+00   0.0000D+00   0.5565D-01   0.6215D-02  -0.1988D-02   0.2034D-01   0.6022D+00  -0.2179D-01   0.1076D+00  -0.8077D-02   0.1115D+00  -0.5868D-01
  -0.1645D-02  -0.7261D-02  -0.4372D-02  -0.1150D-01  -0.1645D-02  -0.7261D-02  -0.4372D-02  -0.1150D-01
  0.500  1.000
  -0.1622D+01   0.0000D+00  -0.1759D+01   0.0000D+00   0.0000D+00   0.0000D+00  -0.1622D+01   0.0000D+00  -0.1622D+01   0.0000D+00  -0.1759D+01   0.0000D+00
   0.6186D+00   0.0000D+00   0.1083D+00   0.0000D+00   0.1733D+00   0.0000D+00   0.2225D+00   0.0000D+00   0.4944D-01   0.0000D+00   0.0000D+00   0.0000D+00   0.6186D+00   0.0000D+00   0.1083D+00   0.0000D+00   0.1733D+00   0.0000D+00
   0.0000D+00   0.0000D+00   0.0000D+00   0.0000D+00   0.0000D+00   0.0000D+00   0.0000D+00   0.0000D+00
  -0.1358D+01   0.2384D+00  -0.1677D+01   0.1441D+00   0.1367D+00  -0.1536D+00  -0.1641D+01  -0.6672D-03  -0.1358D+01   0.2384D+00  -0.1677D+01   0.1441D+00
   0.6038D+00  -0.2006D-01   0.1077D+00  -0.7436D-02   0.1165D+00  -0.5403D-01   0.2226D+00   0.0000D+00   0.5518D-01   0.5722D-02  -0.1828D-02   0.1873D-01   0.6038D+00  -0.2006D-01   0.1077D+00  -0.7436D-02   0.1165D+00  -0.5403D-01
  -0.1514D-02  -0.6685D-02  -0.4025D-02  -0.1059D-01  -0.1514D-02  -0.6685D-02  -0.4025D-02  -0.1059D-01
  0.500  2.000
  -0.1504D+01   0.0000D+00  -0.1631D+01   0.0000D+00   0.0000D+00   0.0000D+00  -0.1503D+01   0.0000D+00  -0.1504D+01   0.0000D+00  -0.1631D+01   0.0000D+00
   0.6186D+00   0.0000D+00   0.1083D+00   0.0000D+00   0.1733D+00   0.0000D+00   0.2225D+00   0.0000D+00   0.4944D-01   0.0000D+00   0.0000D+00   0.0000D+00   0.6186D+00   0.0000D+00   0.1083D+00   0.0000D+00   0.1733D+00   0.0000D+00
   0.0000D+00   0.0000D+00   0.0000D+00   0.0000D+00   0.0000D+00   0.0000D+00   0.0000D+00   0.0000D+00
  -0.1394D+01   0.2048D+00  -0.1687D+01   0.1238D+00   0.1174D+00  -0.1320D+00  -0.1637D+01  -0.5731D-03  -0.1394D+01   0.2048D+00  -0.1687D+01   0.1238D+00
   0.6052D+00  -0.1860D-01   0.1078D+00  -0.6894D-02   0.1207D+00  -0.5008D-01   0.2227D+00   0.0000D+00   0.5478D-01   0.5304D-02  -0.1694D-02   0.1736D-01   0.6052D+00  -0.1860D-01   0.1078D+00  -0.6894D-02   0.1207D+00  -0.5008D-01
  -0.1404D-02  -0.6197D-02  -0.3731D-02  -0.9815D-02  -0.1404D-02  -0.6197D-02  -0.3731D-02  -0.9815D-02
  1.000  0.500
  -0.1675D+01   0.0000D+00  -0.1834D+01   0.0000D+00   0.0000D+00   0.0000D+00  -0.1683D+01   0.0000D+00  -0.1675D+01   0.0000D+00  -0.1834D+01   0.0000D+00
   0.5891D+00   0.0000D+00   0.1034D+00   0.0000D+00   0.1654D+00   0.0000D+00   0.2124D+00   0.0000D+00   0.4720D-01   0.0000D+00   0.0000D+00   0.0000D+00   0.5891D+00   0.0000D+00   0.1034D+00   0.0000D+00   0.1654D+00   0.0000D+00
   0.0000D+00   0.0000D+00   0.0000D+00   0.0000D+00   0.0000D+00   0.0000D+00   0.0000D+00   0.0000D+00
  -0.1310D+01   0.2692D+00  -0.1647D+01   0.1634D+00   0.1571D+00  -0.1730D+00  -0.1630D+01  -0.5402D-03  -0.1310D+01   0.2692D+00  -0.1647D+01   0.1634D+00
   0.5932D+00  -0.2077D-01   0.1063D+00  -0.7688D-02   0.1113D+00  -0.5578D-01   0.2194D+00   0.0000D+00   0.5496D-01   0.5937D-02  -0.2034D-02   0.1943D-01   0.5932D+00  -0.2077D-01   0.1063D+00  -0.7688D-02   0.1113D+00  -0.5578D-01
  -0.1577D-02  -0.6914D-02  -0.4199D-02  -0.1098D-01  -0.1577D-02  -0.6914D-02  -0.4199D-02  -0.1098D-01
  1.000  1.000
  -0.1542D+01   0.0000D+00  -0.1689D+01   0.0000D+00   0.0000D+00   0.0000D+00  -0.1549D+01   0.0000D+00  -0.1542D+01   0.0000D+00  -0.1689D+01   0.0000D+00
   0.5891D+00   0.0000D+00   0.1034D+00   0.0000D+00   0.1654D+00   0.0000D+00   0.2124D+00   0.0000D+00   0.4720D-01   0.0000D+00   0.0000D+00   0.0000D+00   0.5891D+00   0.0000D+00   0.1034D+00   0.0000D+00   0.1654D+00   0.0000D+00
   0.0000D+00   0.0000D+00   0.0000D+00   0.0000D+00   0.0000D+00   0.0000D+00   0.0000D+00   0.0000D+00
  -0.1363D+01   0.2282D+00  -0.1673D+01   0.1384D+00   0.1331D+00  -0.1466D+00  -0.1635D+01  -0.4571D-03  -0.1363D+01   0.2282D+00  -0.1673D+01   0.1384D+00
   0.5932D+00  -0.1912D-01   0.1061D+00  -0.7078D-02   0.1157D+00  -0.5135D-01   0.2189D+00   0.0000D+00   0.5436D-01   0.5466D-02  -0.1871D-02   0.1789D-01   0.5932D+00  -0.1912D-01   0.1061D+00  -0.7078D-02   0.1157D+00  -0.5135D-01
  -0.1452D-02  -0.6365D-02  -0.3866D-02  -0.1011D-01  -0.1452D-02  -0.6365D-02  -0.3866D-02  -0.1011D-01
  1.000  2.000
  -0.1430D+01   0.0000D+00  -0.1565D+01   0.0000D+00   0.0000D+00   0.0000D+00  -0.1436D+01   0.0000D+00  -0.1430D+01   0.0000D+00  -0.1565D+01   0.0000D+00
   0.5891D+00   0.0000D+00   0.1034D+00   0.0000D+00   0.1654D+00   0.0000D+00   0.2124D+00   0.0000D+00   0.4720D-01   0.0000D+00   0.0000D+00   0.0000D+00   0.5891D+00   0.0000D+00   0.1034D+00   0.0000D+00   0.1654D+00   0.0000D+00
   0.0000D+00   0.0000D+00   0.0000D+00   0.0000D+00   0.0000D+00   0.0000D+00   0.0000D+00   0.0000D+00
  -0.1387D+01   0.1961D+00  -0.1674D+01   0.1190D+00   0.1144D+00  -0.1260D+00  -0.1622D+01  -0.3926D-03  -0.1387D+01   0.1961D+00  -0.1674D+01   0.1190D+00
   0.5931D+00  -0.1773D-01   0.1060D+00  -0.6562D-02   0.1194D+00  -0.4760D-01   0.2185D+00   0.0000D+00   0.5386D-01   0.5067D-02  -0.1733D-02   0.1658D-01   0.5931D+00  -0.1773D-01   0.1060D+00  -0.6562D-02   0.1194D+00  -0.4760D-01
  -0.1346D-02  -0.5901D-02  -0.3583D-02  -0.9370D-02  -0.1346D-02  -0.5901D-02  -0.3583D-02  -0.9370D-02
  2.000  0.500
  -0.1596D+01   0.0000D+00  -0.1758D+01   0.0000D+00   0.0000D+00   0.0000D+00  -0.1610D+01   0.0000D+00  -0.1596D+01   0.0000D+00  -0.1758D+01   0.0000D+00
   0.5628D+00   0.0000D+00   0.9895D-01   0.0000D+00   0.1575D+00   0.0000D+00   0.2027D+00   0.0000D+00   0.4505D-01   0.0000D+00   0.0000D+00   0.0000D+00   0.5628D+00   0.0000D+00   0.9895D-01   0.0000D+00   0.1575D+00   0.0000D+00
   0.0000D+00   0.0000D+00   0.0000D+00   0.0000D+00   0.0000D+00   0.0000D+00   0.0000D+00   0.0000D+00
  -0.1332D+01   0.2579D+00  -0.1667D+01   0.1556D+00   0.1472D+00  -0.1656D+00  -0.1653D+01  -0.3105D-03  -0.1332D+01   0.2579D+00  -0.1667D+01   0.1556D+00
   0.5904D+00  -0.1979D-01   0.1058D+00  -0.7351D-02   0.1133D+00  -0.5340D-01   0.2193D+00   0.0000D+00   0.5448D-01   0.5664D-02  -0.1909D-02   0.1854D-01   0.5904D+00  -0.1979D-01   0.1058D+00  -0.7351D-02   0.1133D+00  -0.5340D-01
  -0.1509D-02  -0.6640D-02  -0.4024D-02  -0.1047D-01  -0.1509D-02  -0.6640D-02  -0.4024D-02  -0.1047D-01
  2.000  1.000
  -0.1469D+01   0.0000D+00  -0.1619D+01   0.0000D+00   0.0000D+00   0.0000D+00  -0.1482D+01   0.0000D+00  -0.1469D+01   0.0000D+00  -0.1619D+01   0.0000D+00
   0.5628D+00   0.0000D+00   0.9895D-01   0.0000D+00   0.1575D+00   0.0000D+00   0.2027D+00   0.0000D+00   0.4505D-01   0.0000D+00   0.0000D+00   0.0000D+00   0.5628D+00   0.0000D+00   0.9895D-01   0.0000D+00   0.1575D+00   0.0000D+00
   0.0000D+00   0.0000D+00   0.0000D+00   0.0000D+00   0.0000D+00   0.0000D+00   0.0000D+00   0.0000D+00
  -0.1369D+01   0.2186D+00  -0.1678D+01   0.1319D+00   0.1247D+00  -0.1404D+00  -0.1644D+01  -0.2624D-03  -0.1369D+01   0.2186D+00  -0.1678D+01   0.1319D+00
   0.5885D+00  -0.1822D-01   0.1053D+00  -0.6767D-02   0.1169D+00  -0.4916D-01   0.2181D+00   0.0000D+00   0.5375D-01   0.5214D-02  -0.1756D-02   0.1706D-01   0.5885D+00  -0.1822D-01   0.1053D+00  -0.6767D-02   0.1169D+00  -0.4916D-01
  -0.1389D-02  -0.6113D-02  -0.3704D-02  -0.9635D-02  -0.1389D-02  -0.6113D-02  -0.3704D-02  -0.9635D-02
  2.000  2.000
  -0.1362D+01   0.0000D+00  -0.1501D+01   0.0000D+00   0.0000D+00   0.0000D+00  -0.1374D+01   0.0000D+00  -0.1362D+01   0.0000D+00  -0.1501D+01   0.0000D+00
   0.5628D+00   0.0000D+00   0.9895D-01   0.0000D+00   0.1575D+00   0.0000D+00   0.2027D+00   0.0000D+00   0.4505D-01   0.0000D+00   0.0000D+00   0.0000D+00   0.5628D+00   0.0000D+00   0.9895D-01   0.0000D+00   0.1575D+00   0.0000D+00
   0.0000D+00   0.0000D+00   0.0000D+00   0.0000D+00   0.0000D+00   0.0000D+00   0.0000D+00   0.0000D+00
  -0.1382D+01   0.1878D+00  -0.1669D+01   0.1133D+00   0.1072D+00  -0.1206D+00  -0.1620D+01  -0.2252D-03  -0.1382D+01   0.1878D+00  -0.1669D+01   0.1133D+00
   0.5869D+00  -0.1689D-01   0.1049D+00  -0.6273D-02   0.1199D+00  -0.4557D-01   0.2170D+00   0.0000D+00   0.5313D-01   0.4833D-02  -0.1627D-02   0.1582D-01   0.5869D+00  -0.1689D-01   0.1049D+00  -0.6273D-02   0.1199D+00  -0.4557D-01
  -0.1287D-02  -0.5667D-02  -0.3434D-02  -0.8931D-02  -0.1287D-02  -0.5667D-02  -0.3434D-02  -0.8931D-02
