 LHC=           1 sqrts=   8000.0000000000000      ang=           4 mode=fital                                                                                               scalescheme=           1 R=  0.69999999999999996     
 CT10nlo_rand5678                                                                                              16
 Bin information: chid, chiu, md, mu, mu0
   0.0000000000000000       0.50000000000000000        114.00000000000000        133.00000000000000        123.50000000000000     
 9 scales(muf, mur)*(LO(38), NLO(38))
  0.500  0.500
  -0.1054D+02   0.0000D+00  -0.1611D+02   0.0000D+00   0.0000D+00   0.0000D+00  -0.1686D+02   0.0000D+00  -0.1054D+02   0.0000D+00  -0.1611D+02   0.0000D+00
   0.5325D+00   0.0000D+00   0.9872D-01   0.0000D+00   0.1164D+00   0.0000D+00   0.2301D+00   0.0000D+00   0.5113D-01   0.0000D+00   0.0000D+00   0.0000D+00   0.5325D+00   0.0000D+00   0.9872D-01   0.0000D+00   0.1164D+00   0.0000D+00
   0.0000D+00   0.0000D+00   0.0000D+00   0.0000D+00   0.0000D+00   0.0000D+00   0.0000D+00   0.0000D+00
  -0.7239D+01   0.2819D+01  -0.1314D+02   0.1691D+01   0.1352D+01  -0.2026D+01  -0.1517D+02  -0.1754D+00  -0.7239D+01   0.2819D+01  -0.1314D+02   0.1691D+01
   0.8425D+00  -0.1715D-01   0.1565D+00  -0.7512D-02   0.1318D+00  -0.6005D-01   0.3392D+00   0.0000D+00   0.8731D-01   0.7506D-02   0.3700D-02   0.2457D-01   0.8425D+00  -0.1715D-01   0.1565D+00  -0.7512D-02   0.1318D+00  -0.6005D-01
  -0.6905D-03  -0.6593D-02  -0.4045D-02  -0.1296D-01  -0.6905D-03  -0.6593D-02  -0.4045D-02  -0.1296D-01
  0.500  1.000
  -0.9484D+01   0.0000D+00  -0.1449D+02   0.0000D+00   0.0000D+00   0.0000D+00  -0.1517D+02   0.0000D+00  -0.9484D+01   0.0000D+00  -0.1449D+02   0.0000D+00
   0.5325D+00   0.0000D+00   0.9872D-01   0.0000D+00   0.1164D+00   0.0000D+00   0.2301D+00   0.0000D+00   0.5113D-01   0.0000D+00   0.0000D+00   0.0000D+00   0.5325D+00   0.0000D+00   0.9872D-01   0.0000D+00   0.1164D+00   0.0000D+00
   0.0000D+00   0.0000D+00   0.0000D+00   0.0000D+00   0.0000D+00   0.0000D+00   0.0000D+00   0.0000D+00
  -0.7727D+01   0.2282D+01  -0.1349D+02   0.1369D+01   0.1094D+01  -0.1640D+01  -0.1526D+02  -0.1420D+00  -0.7727D+01   0.2282D+01  -0.1349D+02   0.1369D+01
   0.8135D+00  -0.1543D-01   0.1511D+00  -0.6759D-02   0.1308D+00  -0.5403D-01   0.3289D+00   0.0000D+00   0.8387D-01   0.6754D-02   0.3364D-02   0.2211D-01   0.8135D+00  -0.1543D-01   0.1511D+00  -0.6759D-02   0.1308D+00  -0.5403D-01
  -0.6211D-03  -0.5933D-02  -0.3640D-02  -0.1166D-01  -0.6211D-03  -0.5933D-02  -0.3640D-02  -0.1166D-01
  0.500  2.000
  -0.8624D+01   0.0000D+00  -0.1318D+02   0.0000D+00   0.0000D+00   0.0000D+00  -0.1379D+02   0.0000D+00  -0.8624D+01   0.0000D+00  -0.1318D+02   0.0000D+00
   0.5325D+00   0.0000D+00   0.9872D-01   0.0000D+00   0.1164D+00   0.0000D+00   0.2301D+00   0.0000D+00   0.5113D-01   0.0000D+00   0.0000D+00   0.0000D+00   0.5325D+00   0.0000D+00   0.9872D-01   0.0000D+00   0.1164D+00   0.0000D+00
   0.0000D+00   0.0000D+00   0.0000D+00   0.0000D+00   0.0000D+00   0.0000D+00   0.0000D+00   0.0000D+00
  -0.7927D+01   0.1887D+01  -0.1350D+02   0.1132D+01   0.9039D+00  -0.1356D+01  -0.1508D+02  -0.1174D+00  -0.7927D+01   0.1887D+01  -0.1350D+02   0.1132D+01
   0.7897D+00  -0.1403D-01   0.1467D+00  -0.6147D-02   0.1299D+00  -0.4914D-01   0.3204D+00   0.0000D+00   0.8104D-01   0.6142D-02   0.3086D-02   0.2010D-01   0.7897D+00  -0.1403D-01   0.1467D+00  -0.6147D-02   0.1299D+00  -0.4914D-01
  -0.5647D-03  -0.5395D-02  -0.3310D-02  -0.1061D-01  -0.5647D-03  -0.5395D-02  -0.3310D-02  -0.1061D-01
  1.000  0.500
  -0.1063D+02   0.0000D+00  -0.1657D+02   0.0000D+00   0.0000D+00   0.0000D+00  -0.1752D+02   0.0000D+00  -0.1063D+02   0.0000D+00  -0.1657D+02   0.0000D+00
   0.5475D+00   0.0000D+00   0.1013D+00   0.0000D+00   0.1179D+00   0.0000D+00   0.2378D+00   0.0000D+00   0.5285D-01   0.0000D+00   0.0000D+00   0.0000D+00   0.5475D+00   0.0000D+00   0.1013D+00   0.0000D+00   0.1179D+00   0.0000D+00
   0.0000D+00   0.0000D+00   0.0000D+00   0.0000D+00   0.0000D+00   0.0000D+00   0.0000D+00   0.0000D+00
  -0.7140D+01   0.2928D+01  -0.1306D+02   0.1747D+01   0.1374D+01  -0.2102D+01  -0.1551D+02  -0.1798D+00  -0.7140D+01   0.2928D+01  -0.1306D+02   0.1747D+01
   0.8113D+00  -0.1722D-01   0.1502D+00  -0.7652D-02   0.1224D+00  -0.6176D-01   0.3305D+00   0.0000D+00   0.8520D-01   0.7725D-02   0.4104D-02   0.2528D-01   0.8113D+00  -0.1722D-01   0.1502D+00  -0.7652D-02   0.1224D+00  -0.6176D-01
  -0.7122D-03  -0.6811D-02  -0.4252D-02  -0.1325D-01  -0.7122D-03  -0.6811D-02  -0.4252D-02  -0.1325D-01
  1.000  1.000
  -0.9563D+01   0.0000D+00  -0.1491D+02   0.0000D+00   0.0000D+00   0.0000D+00  -0.1576D+02   0.0000D+00  -0.9563D+01   0.0000D+00  -0.1491D+02   0.0000D+00
   0.5475D+00   0.0000D+00   0.1013D+00   0.0000D+00   0.1179D+00   0.0000D+00   0.2378D+00   0.0000D+00   0.5285D-01   0.0000D+00   0.0000D+00   0.0000D+00   0.5475D+00   0.0000D+00   0.1013D+00   0.0000D+00   0.1179D+00   0.0000D+00
   0.0000D+00   0.0000D+00   0.0000D+00   0.0000D+00   0.0000D+00   0.0000D+00   0.0000D+00   0.0000D+00
  -0.7666D+01   0.2370D+01  -0.1351D+02   0.1414D+01   0.1112D+01  -0.1702D+01  -0.1566D+02  -0.1456D+00  -0.7666D+01   0.2370D+01  -0.1351D+02   0.1414D+01
   0.7913D+00  -0.1549D-01   0.1464D+00  -0.6885D-02   0.1238D+00  -0.5557D-01   0.3226D+00   0.0000D+00   0.8238D-01   0.6951D-02   0.3721D-02   0.2275D-01   0.7913D+00  -0.1549D-01   0.1464D+00  -0.6885D-02   0.1238D+00  -0.5557D-01
  -0.6407D-03  -0.6128D-02  -0.3826D-02  -0.1192D-01  -0.6407D-03  -0.6128D-02  -0.3826D-02  -0.1192D-01
  1.000  2.000
  -0.8696D+01   0.0000D+00  -0.1356D+02   0.0000D+00   0.0000D+00   0.0000D+00  -0.1433D+02   0.0000D+00  -0.8696D+01   0.0000D+00  -0.1356D+02   0.0000D+00
   0.5475D+00   0.0000D+00   0.1013D+00   0.0000D+00   0.1179D+00   0.0000D+00   0.2378D+00   0.0000D+00   0.5285D-01   0.0000D+00   0.0000D+00   0.0000D+00   0.5475D+00   0.0000D+00   0.1013D+00   0.0000D+00   0.1179D+00   0.0000D+00
   0.0000D+00   0.0000D+00   0.0000D+00   0.0000D+00   0.0000D+00   0.0000D+00   0.0000D+00   0.0000D+00
  -0.7889D+01   0.1960D+01  -0.1359D+02   0.1169D+01   0.9188D+00  -0.1407D+01  -0.1550D+02  -0.1204D+00  -0.7889D+01   0.1960D+01  -0.1359D+02   0.1169D+01
   0.7707D+00  -0.1409D-01   0.1426D+00  -0.6261D-02   0.1236D+00  -0.5054D-01   0.3153D+00   0.0000D+00   0.7984D-01   0.6321D-02   0.3406D-02   0.2069D-01   0.7707D+00  -0.1409D-01   0.1426D+00  -0.6261D-02   0.1236D+00  -0.5054D-01
  -0.5825D-03  -0.5573D-02  -0.3479D-02  -0.1084D-01  -0.5825D-03  -0.5573D-02  -0.3479D-02  -0.1084D-01
  2.000  0.500
  -0.1057D+02   0.0000D+00  -0.1694D+02   0.0000D+00   0.0000D+00   0.0000D+00  -0.1781D+02   0.0000D+00  -0.1057D+02   0.0000D+00  -0.1694D+02   0.0000D+00
   0.5517D+00   0.0000D+00   0.1031D+00   0.0000D+00   0.1184D+00   0.0000D+00   0.2393D+00   0.0000D+00   0.5317D-01   0.0000D+00   0.0000D+00   0.0000D+00   0.5517D+00   0.0000D+00   0.1031D+00   0.0000D+00   0.1184D+00   0.0000D+00
   0.0000D+00   0.0000D+00   0.0000D+00   0.0000D+00   0.0000D+00   0.0000D+00   0.0000D+00   0.0000D+00
  -0.6961D+01   0.2970D+01  -0.1332D+02   0.1779D+01   0.1386D+01  -0.2148D+01  -0.1549D+02  -0.1808D+00  -0.6961D+01   0.2970D+01  -0.1332D+02   0.1779D+01
   0.7917D+00  -0.1731D-01   0.1492D+00  -0.7785D-02   0.1194D+00  -0.6276D-01   0.3217D+00   0.0000D+00   0.8432D-01   0.7784D-02   0.3613D-02   0.2548D-01   0.7917D+00  -0.1731D-01   0.1492D+00  -0.7785D-02   0.1194D+00  -0.6276D-01
  -0.7355D-03  -0.6784D-02  -0.4369D-02  -0.1345D-01  -0.7355D-03  -0.6784D-02  -0.4369D-02  -0.1345D-01
  2.000  1.000
  -0.9506D+01   0.0000D+00  -0.1524D+02   0.0000D+00   0.0000D+00   0.0000D+00  -0.1603D+02   0.0000D+00  -0.9506D+01   0.0000D+00  -0.1524D+02   0.0000D+00
   0.5517D+00   0.0000D+00   0.1031D+00   0.0000D+00   0.1184D+00   0.0000D+00   0.2393D+00   0.0000D+00   0.5317D-01   0.0000D+00   0.0000D+00   0.0000D+00   0.5517D+00   0.0000D+00   0.1031D+00   0.0000D+00   0.1184D+00   0.0000D+00
   0.0000D+00   0.0000D+00   0.0000D+00   0.0000D+00   0.0000D+00   0.0000D+00   0.0000D+00   0.0000D+00
  -0.7457D+01   0.2404D+01  -0.1373D+02   0.1440D+01   0.1121D+01  -0.1739D+01  -0.1565D+02  -0.1464D+00  -0.7457D+01   0.2404D+01  -0.1373D+02   0.1440D+01
   0.7367D+00  -0.1558D-01   0.1394D+00  -0.7005D-02   0.1102D+00  -0.5647D-01   0.3070D+00   0.0000D+00   0.7920D-01   0.7004D-02   0.3159D-02   0.2292D-01   0.7367D+00  -0.1558D-01   0.1394D+00  -0.7005D-02   0.1102D+00  -0.5647D-01
  -0.6616D-03  -0.6104D-02  -0.3931D-02  -0.1210D-01  -0.6616D-03  -0.6104D-02  -0.3931D-02  -0.1210D-01
  2.000  2.000
  -0.8644D+01   0.0000D+00  -0.1386D+02   0.0000D+00   0.0000D+00   0.0000D+00  -0.1457D+02   0.0000D+00  -0.8644D+01   0.0000D+00  -0.1386D+02   0.0000D+00
   0.5517D+00   0.0000D+00   0.1031D+00   0.0000D+00   0.1184D+00   0.0000D+00   0.2393D+00   0.0000D+00   0.5317D-01   0.0000D+00   0.0000D+00   0.0000D+00   0.5517D+00   0.0000D+00   0.1031D+00   0.0000D+00   0.1184D+00   0.0000D+00
   0.0000D+00   0.0000D+00   0.0000D+00   0.0000D+00   0.0000D+00   0.0000D+00   0.0000D+00   0.0000D+00
  -0.7735D+01   0.1988D+01  -0.1386D+02   0.1191D+01   0.9265D+00  -0.1438D+01  -0.1556D+02  -0.1210D+00  -0.7735D+01   0.1988D+01  -0.1386D+02   0.1191D+01
   0.7426D+00  -0.1416D-01   0.1400D+00  -0.6370D-02   0.1174D+00  -0.5136D-01   0.3059D+00   0.0000D+00   0.7837D-01   0.6370D-02   0.2982D-02   0.2085D-01   0.7426D+00  -0.1416D-01   0.1400D+00  -0.6370D-02   0.1174D+00  -0.5136D-01
  -0.6015D-03  -0.5551D-02  -0.3574D-02  -0.1100D-01  -0.6015D-03  -0.5551D-02  -0.3574D-02  -0.1100D-01
