 LHC=           1 sqrts=   8000.0000000000000      ang=           4 mode=fital                                                                                               scalescheme=           1 R=  0.69999999999999996     
 CT10nlo_rand5678                                                                                              16
 Bin information: chid, chiu, md, mu, mu0
   0.0000000000000000       0.50000000000000000        1327.0000000000000        1410.0000000000000        1368.5000000000000     
 9 scales(muf, mur)*(LO(38), NLO(38))
  0.500  0.500
  -0.3374D-01   0.0000D+00  -0.2295D-01   0.0000D+00   0.0000D+00   0.0000D+00  -0.1045D-01   0.0000D+00  -0.3374D-01   0.0000D+00  -0.2295D-01   0.0000D+00
   0.1326D+00   0.0000D+00   0.2005D-01   0.0000D+00   0.5645D-01   0.0000D+00   0.2026D-01   0.0000D+00   0.4501D-02   0.0000D+00   0.0000D+00   0.0000D+00   0.1326D+00   0.0000D+00   0.2005D-01   0.0000D+00   0.5645D-01   0.0000D+00
   0.0000D+00   0.0000D+00   0.0000D+00   0.0000D+00   0.0000D+00   0.0000D+00   0.0000D+00   0.0000D+00
  -0.2812D-01   0.2631D-02  -0.2033D-01   0.1486D-02   0.1249D-02  -0.9042D-03  -0.9125D-02   0.5495D-03  -0.2812D-01   0.2631D-02  -0.2033D-01   0.1486D-02
   0.9850D-01  -0.5973D-02   0.1528D-01  -0.1730D-02   0.3234D-01  -0.1025D-01   0.1690D-01   0.0000D+00   0.4163D-02   0.4761D-03  -0.9742D-03   0.1558D-02   0.9850D-01  -0.5973D-02   0.1528D-01  -0.1730D-02   0.3234D-01  -0.1025D-01
  -0.6242D-03  -0.1523D-02  -0.6469D-03  -0.1365D-02  -0.6242D-03  -0.1523D-02  -0.6469D-03  -0.1365D-02
  0.500  1.000
  -0.3126D-01   0.0000D+00  -0.2126D-01   0.0000D+00   0.0000D+00   0.0000D+00  -0.9681D-02   0.0000D+00  -0.3126D-01   0.0000D+00  -0.2126D-01   0.0000D+00
   0.1326D+00   0.0000D+00   0.2005D-01   0.0000D+00   0.5645D-01   0.0000D+00   0.2026D-01   0.0000D+00   0.4501D-02   0.0000D+00   0.0000D+00   0.0000D+00   0.1326D+00   0.0000D+00   0.2005D-01   0.0000D+00   0.5645D-01   0.0000D+00
   0.0000D+00   0.0000D+00   0.0000D+00   0.0000D+00   0.0000D+00   0.0000D+00   0.0000D+00   0.0000D+00
  -0.2866D-01   0.2258D-02  -0.2053D-01   0.1275D-02   0.1072D-02  -0.7762D-03  -0.9234D-02   0.4717D-03  -0.2866D-01   0.2258D-02  -0.2053D-01   0.1275D-02
   0.1010D+00  -0.5534D-02   0.1563D-01  -0.1602D-02   0.3412D-01  -0.9497D-02   0.1714D-01   0.0000D+00   0.4189D-02   0.4411D-03  -0.9026D-03   0.1444D-02   0.1010D+00  -0.5534D-02   0.1563D-01  -0.1602D-02   0.3412D-01  -0.9497D-02
  -0.5783D-03  -0.1411D-02  -0.5993D-03  -0.1265D-02  -0.5783D-03  -0.1411D-02  -0.5993D-03  -0.1265D-02
  0.500  2.000
  -0.2912D-01   0.0000D+00  -0.1981D-01   0.0000D+00   0.0000D+00   0.0000D+00  -0.9020D-02   0.0000D+00  -0.2912D-01   0.0000D+00  -0.1981D-01   0.0000D+00
   0.1326D+00   0.0000D+00   0.2005D-01   0.0000D+00   0.5645D-01   0.0000D+00   0.2026D-01   0.0000D+00   0.4501D-02   0.0000D+00   0.0000D+00   0.0000D+00   0.1326D+00   0.0000D+00   0.2005D-01   0.0000D+00   0.5645D-01   0.0000D+00
   0.0000D+00   0.0000D+00   0.0000D+00   0.0000D+00   0.0000D+00   0.0000D+00   0.0000D+00   0.0000D+00
  -0.2880D-01   0.1960D-02  -0.2048D-01   0.1107D-02   0.9305D-03  -0.6737D-03  -0.9229D-02   0.4095D-03  -0.2880D-01   0.1960D-02  -0.2048D-01   0.1107D-02
   0.1032D+00  -0.5156D-02   0.1594D-01  -0.1493D-02   0.3565D-01  -0.8848D-02   0.1736D-01   0.0000D+00   0.4210D-02   0.4110D-03  -0.8410D-03   0.1345D-02   0.1032D+00  -0.5156D-02   0.1594D-01  -0.1493D-02   0.3565D-01  -0.8848D-02
  -0.5388D-03  -0.1314D-02  -0.5584D-03  -0.1178D-02  -0.5388D-03  -0.1314D-02  -0.5584D-03  -0.1178D-02
  1.000  0.500
  -0.2936D-01   0.0000D+00  -0.1996D-01   0.0000D+00   0.0000D+00   0.0000D+00  -0.9067D-02   0.0000D+00  -0.2936D-01   0.0000D+00  -0.1996D-01   0.0000D+00
   0.1152D+00   0.0000D+00   0.1742D-01   0.0000D+00   0.4908D-01   0.0000D+00   0.1756D-01   0.0000D+00   0.3902D-02   0.0000D+00   0.0000D+00   0.0000D+00   0.1152D+00   0.0000D+00   0.1742D-01   0.0000D+00   0.4908D-01   0.0000D+00
   0.0000D+00   0.0000D+00   0.0000D+00   0.0000D+00   0.0000D+00   0.0000D+00   0.0000D+00   0.0000D+00
  -0.2856D-01   0.2286D-02  -0.2047D-01   0.1291D-02   0.1078D-02  -0.7846D-03  -0.9195D-02   0.4795D-03  -0.2856D-01   0.2286D-02  -0.2047D-01   0.1291D-02
   0.1014D+00  -0.5191D-02   0.1570D-01  -0.1502D-02   0.3496D-01  -0.8912D-02   0.1710D-01   0.0000D+00   0.4163D-02   0.4127D-03  -0.8515D-03   0.1351D-02   0.1014D+00  -0.5191D-02   0.1570D-01  -0.1502D-02   0.3496D-01  -0.8912D-02
  -0.5439D-03  -0.1343D-02  -0.5614D-03  -0.1186D-02  -0.5439D-03  -0.1343D-02  -0.5614D-03  -0.1186D-02
  1.000  1.000
  -0.2721D-01   0.0000D+00  -0.1849D-01   0.0000D+00   0.0000D+00   0.0000D+00  -0.8400D-02   0.0000D+00  -0.2721D-01   0.0000D+00  -0.1849D-01   0.0000D+00
   0.1152D+00   0.0000D+00   0.1742D-01   0.0000D+00   0.4908D-01   0.0000D+00   0.1756D-01   0.0000D+00   0.3902D-02   0.0000D+00   0.0000D+00   0.0000D+00   0.1152D+00   0.0000D+00   0.1742D-01   0.0000D+00   0.4908D-01   0.0000D+00
   0.0000D+00   0.0000D+00   0.0000D+00   0.0000D+00   0.0000D+00   0.0000D+00   0.0000D+00   0.0000D+00
  -0.2845D-01   0.1962D-02  -0.2024D-01   0.1108D-02   0.9252D-03  -0.6735D-03  -0.9109D-02   0.4116D-03  -0.2845D-01   0.1962D-02  -0.2024D-01   0.1108D-02
   0.1024D+00  -0.4810D-02   0.1582D-01  -0.1392D-02   0.3600D-01  -0.8257D-02   0.1714D-01   0.0000D+00   0.4144D-02   0.3824D-03  -0.7890D-03   0.1251D-02   0.1024D+00  -0.4810D-02   0.1582D-01  -0.1392D-02   0.3600D-01  -0.8257D-02
  -0.5039D-03  -0.1245D-02  -0.5201D-03  -0.1099D-02  -0.5039D-03  -0.1245D-02  -0.5201D-03  -0.1099D-02
  1.000  2.000
  -0.2535D-01   0.0000D+00  -0.1723D-01   0.0000D+00   0.0000D+00   0.0000D+00  -0.7826D-02   0.0000D+00  -0.2535D-01   0.0000D+00  -0.1723D-01   0.0000D+00
   0.1152D+00   0.0000D+00   0.1742D-01   0.0000D+00   0.4908D-01   0.0000D+00   0.1756D-01   0.0000D+00   0.3902D-02   0.0000D+00   0.0000D+00   0.0000D+00   0.1152D+00   0.0000D+00   0.1742D-01   0.0000D+00   0.4908D-01   0.0000D+00
   0.0000D+00   0.0000D+00   0.0000D+00   0.0000D+00   0.0000D+00   0.0000D+00   0.0000D+00   0.0000D+00
  -0.2811D-01   0.1703D-02  -0.1989D-01   0.9617D-03   0.8031D-03  -0.5846D-03  -0.8960D-02   0.3573D-03  -0.2811D-01   0.1703D-02  -0.1989D-01   0.9617D-03
   0.1033D+00  -0.4481D-02   0.1593D-01  -0.1297D-02   0.3690D-01  -0.7693D-02   0.1717D-01   0.0000D+00   0.4128D-02   0.3563D-03  -0.7351D-03   0.1166D-02   0.1033D+00  -0.4481D-02   0.1593D-01  -0.1297D-02   0.3690D-01  -0.7693D-02
  -0.4695D-03  -0.1160D-02  -0.4846D-03  -0.1024D-02  -0.4695D-03  -0.1160D-02  -0.4846D-03  -0.1024D-02
  2.000  0.500
  -0.2582D-01   0.0000D+00  -0.1753D-01   0.0000D+00   0.0000D+00   0.0000D+00  -0.7945D-02   0.0000D+00  -0.2582D-01   0.0000D+00  -0.1753D-01   0.0000D+00
   0.1010D+00   0.0000D+00   0.1527D-01   0.0000D+00   0.4318D-01   0.0000D+00   0.1536D-01   0.0000D+00   0.3412D-02   0.0000D+00   0.0000D+00   0.0000D+00   0.1010D+00   0.0000D+00   0.1527D-01   0.0000D+00   0.4318D-01   0.0000D+00
   0.0000D+00   0.0000D+00   0.0000D+00   0.0000D+00   0.0000D+00   0.0000D+00   0.0000D+00   0.0000D+00
  -0.2871D-01   0.2006D-02  -0.2045D-01   0.1132D-02   0.9421D-03  -0.6871D-03  -0.9192D-02   0.4220D-03  -0.2871D-01   0.2006D-02  -0.2045D-01   0.1132D-02
   0.1031D+00  -0.4566D-02   0.1594D-01  -0.1319D-02   0.3674D-01  -0.7798D-02   0.1717D-01   0.0000D+00   0.4133D-02   0.3610D-03  -0.7450D-03   0.1181D-02   0.1031D+00  -0.4566D-02   0.1594D-01  -0.1319D-02   0.3674D-01  -0.7798D-02
  -0.4788D-03  -0.1171D-02  -0.4926D-03  -0.1040D-02  -0.4788D-03  -0.1171D-02  -0.4926D-03  -0.1040D-02
  2.000  1.000
  -0.2392D-01   0.0000D+00  -0.1624D-01   0.0000D+00   0.0000D+00   0.0000D+00  -0.7361D-02   0.0000D+00  -0.2392D-01   0.0000D+00  -0.1624D-01   0.0000D+00
   0.1010D+00   0.0000D+00   0.1527D-01   0.0000D+00   0.4318D-01   0.0000D+00   0.1536D-01   0.0000D+00   0.3412D-02   0.0000D+00   0.0000D+00   0.0000D+00   0.1010D+00   0.0000D+00   0.1527D-01   0.0000D+00   0.4318D-01   0.0000D+00
   0.0000D+00   0.0000D+00   0.0000D+00   0.0000D+00   0.0000D+00   0.0000D+00   0.0000D+00   0.0000D+00
  -0.2811D-01   0.1722D-02  -0.1991D-01   0.9718D-03   0.8088D-03  -0.5898D-03  -0.8955D-02   0.3622D-03  -0.2811D-01   0.1722D-02  -0.1991D-01   0.9718D-03
   0.1029D+00  -0.4230D-02   0.1589D-01  -0.1222D-02   0.3721D-01  -0.7225D-02   0.1704D-01   0.0000D+00   0.4080D-02   0.3345D-03  -0.6902D-03   0.1095D-02   0.1029D+00  -0.4230D-02   0.1589D-01  -0.1222D-02   0.3721D-01  -0.7225D-02
  -0.4436D-03  -0.1085D-02  -0.4563D-03  -0.9637D-03  -0.4436D-03  -0.1085D-02  -0.4563D-03  -0.9637D-03
  2.000  2.000
  -0.2228D-01   0.0000D+00  -0.1513D-01   0.0000D+00   0.0000D+00   0.0000D+00  -0.6858D-02   0.0000D+00  -0.2228D-01   0.0000D+00  -0.1513D-01   0.0000D+00
   0.1010D+00   0.0000D+00   0.1527D-01   0.0000D+00   0.4318D-01   0.0000D+00   0.1536D-01   0.0000D+00   0.3412D-02   0.0000D+00   0.0000D+00   0.0000D+00   0.1010D+00   0.0000D+00   0.1527D-01   0.0000D+00   0.4318D-01   0.0000D+00
   0.0000D+00   0.0000D+00   0.0000D+00   0.0000D+00   0.0000D+00   0.0000D+00   0.0000D+00   0.0000D+00
  -0.2740D-01   0.1495D-02  -0.1932D-01   0.8435D-03   0.7021D-03  -0.5119D-03  -0.8697D-02   0.3144D-03  -0.2740D-01   0.1495D-02  -0.1932D-01   0.8435D-03
   0.1028D+00  -0.3941D-02   0.1585D-01  -0.1138D-02   0.3763D-01  -0.6731D-02   0.1693D-01   0.0000D+00   0.4035D-02   0.3116D-03  -0.6431D-03   0.1020D-02   0.1028D+00  -0.3941D-02   0.1585D-01  -0.1138D-02   0.3763D-01  -0.6731D-02
  -0.4133D-03  -0.1011D-02  -0.4252D-03  -0.8978D-03  -0.4133D-03  -0.1011D-02  -0.4252D-03  -0.8978D-03
