 LHC=           1 sqrts=   8000.0000000000000      ang=           4 mode=fital                                                                                               scalescheme=           1 R=  0.69999999999999996     
 CT10nlo_rand5678                                                                                             442
 Bin information: chid, chiu, md, mu, mu0
   0.0000000000000000       0.50000000000000000        1172.0000000000000        1248.0000000000000        1210.0000000000000     
 9 scales(muf, mur)*(LO(38), NLO(38))
  0.500  0.500
  -0.6224D-01   0.0000D+00  -0.4362D-01   0.0000D+00   0.0000D+00   0.0000D+00  -0.2193D-01   0.0000D+00  -0.6224D-01   0.0000D+00  -0.4362D-01   0.0000D+00
   0.1952D+00   0.0000D+00   0.2995D-01   0.0000D+00   0.8085D-01   0.0000D+00   0.3376D-01   0.0000D+00   0.7503D-02   0.0000D+00   0.0000D+00   0.0000D+00   0.1952D+00   0.0000D+00   0.2995D-01   0.0000D+00   0.8085D-01   0.0000D+00
   0.0000D+00   0.0000D+00   0.0000D+00   0.0000D+00   0.0000D+00   0.0000D+00   0.0000D+00   0.0000D+00
  -0.5099D-01   0.5103D-02  -0.3833D-01   0.2922D-02   0.2658D-02  -0.1925D-02  -0.1928D-01   0.9491D-03  -0.5099D-01   0.5103D-02  -0.3833D-01   0.2922D-02
   0.1456D+00  -0.8669D-02   0.2301D-01  -0.2550D-02   0.4552D-01  -0.1535D-01   0.2826D-01   0.0000D+00   0.7022D-02   0.8051D-03  -0.1380D-02   0.2635D-02   0.1456D+00  -0.8669D-02   0.2301D-01  -0.2550D-02   0.4552D-01  -0.1535D-01
  -0.8950D-03  -0.2259D-02  -0.9984D-03  -0.2142D-02  -0.8950D-03  -0.2259D-02  -0.9984D-03  -0.2142D-02
  0.500  1.000
  -0.5760D-01   0.0000D+00  -0.4037D-01   0.0000D+00   0.0000D+00   0.0000D+00  -0.2030D-01   0.0000D+00  -0.5760D-01   0.0000D+00  -0.4037D-01   0.0000D+00
   0.1952D+00   0.0000D+00   0.2995D-01   0.0000D+00   0.8085D-01   0.0000D+00   0.3376D-01   0.0000D+00   0.7503D-02   0.0000D+00   0.0000D+00   0.0000D+00   0.1952D+00   0.0000D+00   0.2995D-01   0.0000D+00   0.8085D-01   0.0000D+00
   0.0000D+00   0.0000D+00   0.0000D+00   0.0000D+00   0.0000D+00   0.0000D+00   0.0000D+00   0.0000D+00
  -0.5212D-01   0.4371D-02  -0.3875D-01   0.2502D-02   0.2277D-02  -0.1649D-02  -0.1949D-01   0.8129D-03  -0.5212D-01   0.4371D-02  -0.3875D-01   0.2502D-02
   0.1493D+00  -0.8023D-02   0.2353D-01  -0.2360D-02   0.4816D-01  -0.1420D-01   0.2867D-01   0.0000D+00   0.7059D-02   0.7451D-03  -0.1278D-02   0.2439D-02   0.1493D+00  -0.8023D-02   0.2353D-01  -0.2360D-02   0.4816D-01  -0.1420D-01
  -0.8283D-03  -0.2091D-02  -0.9240D-03  -0.1982D-02  -0.8283D-03  -0.2091D-02  -0.9240D-03  -0.1982D-02
  0.500  2.000
  -0.5362D-01   0.0000D+00  -0.3758D-01   0.0000D+00   0.0000D+00   0.0000D+00  -0.1889D-01   0.0000D+00  -0.5362D-01   0.0000D+00  -0.3758D-01   0.0000D+00
   0.1952D+00   0.0000D+00   0.2995D-01   0.0000D+00   0.8085D-01   0.0000D+00   0.3376D-01   0.0000D+00   0.7503D-02   0.0000D+00   0.0000D+00   0.0000D+00   0.1952D+00   0.0000D+00   0.2995D-01   0.0000D+00   0.8085D-01   0.0000D+00
   0.0000D+00   0.0000D+00   0.0000D+00   0.0000D+00   0.0000D+00   0.0000D+00   0.0000D+00   0.0000D+00
  -0.5247D-01   0.3787D-02  -0.3869D-01   0.2168D-02   0.1973D-02  -0.1429D-02  -0.1946D-01   0.7043D-03  -0.5247D-01   0.3787D-02  -0.3869D-01   0.2168D-02
   0.1525D+00  -0.7468D-02   0.2397D-01  -0.2196D-02   0.5043D-01  -0.1322D-01   0.2903D-01   0.0000D+00   0.7090D-02   0.6936D-03  -0.1189D-02   0.2270D-02   0.1525D+00  -0.7468D-02   0.2397D-01  -0.2196D-02   0.5043D-01  -0.1322D-01
  -0.7710D-03  -0.1946D-02  -0.8601D-03  -0.1845D-02  -0.7710D-03  -0.1946D-02  -0.8601D-03  -0.1845D-02
  1.000  0.500
  -0.5483D-01   0.0000D+00  -0.3845D-01   0.0000D+00   0.0000D+00   0.0000D+00  -0.1930D-01   0.0000D+00  -0.5483D-01   0.0000D+00  -0.3845D-01   0.0000D+00
   0.1720D+00   0.0000D+00   0.2639D-01   0.0000D+00   0.7113D-01   0.0000D+00   0.2972D-01   0.0000D+00   0.6605D-02   0.0000D+00   0.0000D+00   0.0000D+00   0.1720D+00   0.0000D+00   0.2639D-01   0.0000D+00   0.7113D-01   0.0000D+00
   0.0000D+00   0.0000D+00   0.0000D+00   0.0000D+00   0.0000D+00   0.0000D+00   0.0000D+00   0.0000D+00
  -0.5196D-01   0.4496D-02  -0.3864D-01   0.2573D-02   0.2326D-02  -0.1694D-02  -0.1944D-01   0.8363D-03  -0.5196D-01   0.4496D-02  -0.3864D-01   0.2573D-02
   0.1499D+00  -0.7632D-02   0.2366D-01  -0.2245D-02   0.4907D-01  -0.1352D-01   0.2864D-01   0.0000D+00   0.7029D-02   0.7087D-03  -0.1188D-02   0.2319D-02   0.1499D+00  -0.7632D-02   0.2366D-01  -0.2245D-02   0.4907D-01  -0.1352D-01
  -0.7893D-03  -0.1984D-02  -0.8802D-03  -0.1887D-02  -0.7893D-03  -0.1984D-02  -0.8802D-03  -0.1887D-02
  1.000  1.000
  -0.5074D-01   0.0000D+00  -0.3558D-01   0.0000D+00   0.0000D+00   0.0000D+00  -0.1786D-01   0.0000D+00  -0.5074D-01   0.0000D+00  -0.3558D-01   0.0000D+00
   0.1720D+00   0.0000D+00   0.2639D-01   0.0000D+00   0.7113D-01   0.0000D+00   0.2972D-01   0.0000D+00   0.6605D-02   0.0000D+00   0.0000D+00   0.0000D+00   0.1720D+00   0.0000D+00   0.2639D-01   0.0000D+00   0.7113D-01   0.0000D+00
   0.0000D+00   0.0000D+00   0.0000D+00   0.0000D+00   0.0000D+00   0.0000D+00   0.0000D+00   0.0000D+00
  -0.5195D-01   0.3851D-02  -0.3831D-01   0.2204D-02   0.1992D-02  -0.1451D-02  -0.1927D-01   0.7163D-03  -0.5195D-01   0.3851D-02  -0.3831D-01   0.2204D-02
   0.1516D+00  -0.7063D-02   0.2387D-01  -0.2078D-02   0.5072D-01  -0.1251D-01   0.2873D-01   0.0000D+00   0.6998D-02   0.6559D-03  -0.1100D-02   0.2146D-02   0.1516D+00  -0.7063D-02   0.2387D-01  -0.2078D-02   0.5072D-01  -0.1251D-01
  -0.7305D-03  -0.1836D-02  -0.8146D-03  -0.1746D-02  -0.7305D-03  -0.1836D-02  -0.8146D-03  -0.1746D-02
  1.000  2.000
  -0.4723D-01   0.0000D+00  -0.3312D-01   0.0000D+00   0.0000D+00   0.0000D+00  -0.1662D-01   0.0000D+00  -0.4723D-01   0.0000D+00  -0.3312D-01   0.0000D+00
   0.1720D+00   0.0000D+00   0.2639D-01   0.0000D+00   0.7113D-01   0.0000D+00   0.2972D-01   0.0000D+00   0.6605D-02   0.0000D+00   0.0000D+00   0.0000D+00   0.1720D+00   0.0000D+00   0.2639D-01   0.0000D+00   0.7113D-01   0.0000D+00
   0.0000D+00   0.0000D+00   0.0000D+00   0.0000D+00   0.0000D+00   0.0000D+00   0.0000D+00   0.0000D+00
  -0.5144D-01   0.3337D-02  -0.3771D-01   0.1910D-02   0.1726D-02  -0.1257D-02  -0.1896D-01   0.6206D-03  -0.5144D-01   0.3337D-02  -0.3771D-01   0.1910D-02
   0.1530D+00  -0.6575D-02   0.2404D-01  -0.1934D-02   0.5214D-01  -0.1164D-01   0.2880D-01   0.0000D+00   0.6971D-02   0.6105D-03  -0.1024D-02   0.1998D-02   0.1530D+00  -0.6575D-02   0.2404D-01  -0.1934D-02   0.5214D-01  -0.1164D-01
  -0.6800D-03  -0.1709D-02  -0.7582D-03  -0.1625D-02  -0.6800D-03  -0.1709D-02  -0.7582D-03  -0.1625D-02
  2.000  0.500
  -0.4863D-01   0.0000D+00  -0.3414D-01   0.0000D+00   0.0000D+00   0.0000D+00  -0.1712D-01   0.0000D+00  -0.4863D-01   0.0000D+00  -0.3414D-01   0.0000D+00
   0.1526D+00   0.0000D+00   0.2341D-01   0.0000D+00   0.6316D-01   0.0000D+00   0.2640D-01   0.0000D+00   0.5866D-02   0.0000D+00   0.0000D+00   0.0000D+00   0.1526D+00   0.0000D+00   0.2341D-01   0.0000D+00   0.6316D-01   0.0000D+00
   0.0000D+00   0.0000D+00   0.0000D+00   0.0000D+00   0.0000D+00   0.0000D+00   0.0000D+00   0.0000D+00
  -0.5241D-01   0.4002D-02  -0.3872D-01   0.2282D-02   0.2025D-02  -0.1504D-02  -0.1944D-01   0.7428D-03  -0.5241D-01   0.4002D-02  -0.3872D-01   0.2282D-02
   0.1529D+00  -0.6777D-02   0.2401D-01  -0.1991D-02   0.5183D-01  -0.1199D-01   0.2879D-01   0.0000D+00   0.6999D-02   0.6294D-03  -0.1040D-02   0.2060D-02   0.1529D+00  -0.6777D-02   0.2401D-01  -0.1991D-02   0.5183D-01  -0.1199D-01
  -0.7003D-03  -0.1766D-02  -0.7798D-03  -0.1675D-02  -0.7003D-03  -0.1766D-02  -0.7798D-03  -0.1675D-02
  2.000  1.000
  -0.4501D-01   0.0000D+00  -0.3159D-01   0.0000D+00   0.0000D+00   0.0000D+00  -0.1585D-01   0.0000D+00  -0.4501D-01   0.0000D+00  -0.3159D-01   0.0000D+00
   0.1526D+00   0.0000D+00   0.2341D-01   0.0000D+00   0.6316D-01   0.0000D+00   0.2640D-01   0.0000D+00   0.5866D-02   0.0000D+00   0.0000D+00   0.0000D+00   0.1526D+00   0.0000D+00   0.2341D-01   0.0000D+00   0.6316D-01   0.0000D+00
   0.0000D+00   0.0000D+00   0.0000D+00   0.0000D+00   0.0000D+00   0.0000D+00   0.0000D+00   0.0000D+00
  -0.5149D-01   0.3427D-02  -0.3780D-01   0.1955D-02   0.1735D-02  -0.1288D-02  -0.1897D-01   0.6362D-03  -0.5149D-01   0.3427D-02  -0.3780D-01   0.1955D-02
   0.1529D+00  -0.6272D-02   0.2396D-01  -0.1843D-02   0.5268D-01  -0.1110D-01   0.2861D-01   0.0000D+00   0.6915D-02   0.5825D-03  -0.9628D-03   0.1906D-02   0.1529D+00  -0.6272D-02   0.2396D-01  -0.1843D-02   0.5268D-01  -0.1110D-01
  -0.6481D-03  -0.1634D-02  -0.7217D-03  -0.1550D-02  -0.6481D-03  -0.1634D-02  -0.7217D-03  -0.1550D-02
  2.000  2.000
  -0.4189D-01   0.0000D+00  -0.2941D-01   0.0000D+00   0.0000D+00   0.0000D+00  -0.1475D-01   0.0000D+00  -0.4189D-01   0.0000D+00  -0.2941D-01   0.0000D+00
   0.1526D+00   0.0000D+00   0.2341D-01   0.0000D+00   0.6316D-01   0.0000D+00   0.2640D-01   0.0000D+00   0.5866D-02   0.0000D+00   0.0000D+00   0.0000D+00   0.1526D+00   0.0000D+00   0.2341D-01   0.0000D+00   0.6316D-01   0.0000D+00
   0.0000D+00   0.0000D+00   0.0000D+00   0.0000D+00   0.0000D+00   0.0000D+00   0.0000D+00   0.0000D+00
  -0.5032D-01   0.2970D-02  -0.3676D-01   0.1694D-02   0.1503D-02  -0.1116D-02  -0.1845D-01   0.5512D-03  -0.5032D-01   0.2970D-02  -0.3676D-01   0.1694D-02
   0.1529D+00  -0.5838D-02   0.2393D-01  -0.1715D-02   0.5341D-01  -0.1033D-01   0.2846D-01   0.0000D+00   0.6843D-02   0.5422D-03  -0.8963D-03   0.1774D-02   0.1529D+00  -0.5838D-02   0.2393D-01  -0.1715D-02   0.5341D-01  -0.1033D-01
  -0.6033D-03  -0.1521D-02  -0.6718D-03  -0.1443D-02  -0.6033D-03  -0.1521D-02  -0.6718D-03  -0.1443D-02
