 LHC=           1 sqrts=   8000.0000000000000      ang=           4 mode=fital                                                                                               scalescheme=           1 R=  0.69999999999999996     
 MSTW2008nlo68cl_rand1235                                                                                       6
 Bin information: chid, chiu, md, mu, mu0
   0.0000000000000000       0.50000000000000000        84.000000000000000        97.000000000000000        90.500000000000000     
 9 scales(muf, mur)*(LO(38), NLO(38))
  0.500  0.500
  -0.1423D+02   0.0000D+00  -0.2365D+02   0.0000D+00   0.0000D+00   0.0000D+00  -0.2558D+02   0.0000D+00  -0.1423D+02   0.0000D+00  -0.2365D+02   0.0000D+00
   0.3820D+00   0.0000D+00   0.7141D-01   0.0000D+00   0.7993D-01   0.0000D+00   0.1708D+00   0.0000D+00   0.3795D-01   0.0000D+00   0.0000D+00   0.0000D+00   0.3820D+00   0.0000D+00   0.7141D-01   0.0000D+00   0.7993D-01   0.0000D+00
   0.0000D+00   0.0000D+00   0.0000D+00   0.0000D+00   0.0000D+00   0.0000D+00   0.0000D+00   0.0000D+00
  -0.9809D+01   0.4442D+01  -0.1894D+02   0.2684D+01   0.2089D+01  -0.3279D+01  -0.2262D+02  -0.3078D+00  -0.9809D+01   0.4442D+01  -0.1894D+02   0.2684D+01
   0.7781D+00  -0.1274D-01   0.1437D+00  -0.5725D-02   0.1198D+00  -0.4601D-01   0.3152D+00   0.0000D+00   0.8316D-01   0.5950D-02   0.8057D-02   0.1947D-01   0.7781D+00  -0.1274D-01   0.1437D+00  -0.5725D-02   0.1198D+00  -0.4601D-01
  -0.3485D-03  -0.4749D-02  -0.2986D-02  -0.1008D-01  -0.3485D-03  -0.4749D-02  -0.2986D-02  -0.1008D-01
  0.500  1.000
  -0.1271D+02   0.0000D+00  -0.2112D+02   0.0000D+00   0.0000D+00   0.0000D+00  -0.2284D+02   0.0000D+00  -0.1271D+02   0.0000D+00  -0.2112D+02   0.0000D+00
   0.3820D+00   0.0000D+00   0.7141D-01   0.0000D+00   0.7993D-01   0.0000D+00   0.1708D+00   0.0000D+00   0.3795D-01   0.0000D+00   0.0000D+00   0.0000D+00   0.3820D+00   0.0000D+00   0.7141D-01   0.0000D+00   0.7993D-01   0.0000D+00
   0.0000D+00   0.0000D+00   0.0000D+00   0.0000D+00   0.0000D+00   0.0000D+00   0.0000D+00   0.0000D+00
  -0.1049D+02   0.3542D+01  -0.1954D+02   0.2140D+01   0.1664D+01  -0.2615D+01  -0.2284D+02  -0.2454D+00  -0.1049D+02   0.3542D+01  -0.1954D+02   0.2140D+01
   0.7384D+00  -0.1138D-01   0.1364D+00  -0.5112D-02   0.1161D+00  -0.4109D-01   0.3006D+00   0.0000D+00   0.7858D-01   0.5313D-02   0.7256D-02   0.1739D-01   0.7384D+00  -0.1138D-01   0.1364D+00  -0.5112D-02   0.1161D+00  -0.4109D-01
  -0.3111D-03  -0.4241D-02  -0.2666D-02  -0.9005D-02  -0.3111D-03  -0.4241D-02  -0.2666D-02  -0.9005D-02
  0.500  2.000
  -0.1148D+02   0.0000D+00  -0.1909D+02   0.0000D+00   0.0000D+00   0.0000D+00  -0.2064D+02   0.0000D+00  -0.1148D+02   0.0000D+00  -0.1909D+02   0.0000D+00
   0.3820D+00   0.0000D+00   0.7141D-01   0.0000D+00   0.7993D-01   0.0000D+00   0.1708D+00   0.0000D+00   0.3795D-01   0.0000D+00   0.0000D+00   0.0000D+00   0.3820D+00   0.0000D+00   0.7141D-01   0.0000D+00   0.7993D-01   0.0000D+00
   0.0000D+00   0.0000D+00   0.0000D+00   0.0000D+00   0.0000D+00   0.0000D+00   0.0000D+00   0.0000D+00
  -0.1074D+02   0.2893D+01  -0.1957D+02   0.1748D+01   0.1358D+01  -0.2136D+01  -0.2256D+02  -0.2005D+00  -0.1074D+02   0.2893D+01  -0.1957D+02   0.1748D+01
   0.7066D+00  -0.1028D-01   0.1306D+00  -0.4621D-02   0.1132D+00  -0.3714D-01   0.2889D+00   0.0000D+00   0.7489D-01   0.4802D-02   0.6605D-02   0.1572D-01   0.7066D+00  -0.1028D-01   0.1306D+00  -0.4621D-02   0.1132D+00  -0.3714D-01
  -0.2811D-03  -0.3833D-02  -0.2409D-02  -0.8139D-02  -0.2811D-03  -0.3833D-02  -0.2409D-02  -0.8139D-02
  1.000  0.500
  -0.1480D+02   0.0000D+00  -0.2486D+02   0.0000D+00   0.0000D+00   0.0000D+00  -0.2675D+02   0.0000D+00  -0.1480D+02   0.0000D+00  -0.2486D+02   0.0000D+00
   0.4041D+00   0.0000D+00   0.7460D-01   0.0000D+00   0.8288D-01   0.0000D+00   0.1800D+00   0.0000D+00   0.4000D-01   0.0000D+00   0.0000D+00   0.0000D+00   0.4041D+00   0.0000D+00   0.7460D-01   0.0000D+00   0.8288D-01   0.0000D+00
   0.0000D+00   0.0000D+00   0.0000D+00   0.0000D+00   0.0000D+00   0.0000D+00   0.0000D+00   0.0000D+00
  -0.9273D+01   0.4719D+01  -0.1911D+02   0.2803D+01   0.2139D+01  -0.3442D+01  -0.2237D+02  -0.3231D+00  -0.9273D+01   0.4719D+01  -0.1911D+02   0.2803D+01
   0.7496D+00  -0.1304D-01   0.1384D+00  -0.6000D-02   0.1131D+00  -0.4915D-01   0.3058D+00   0.0000D+00   0.8093D-01   0.6205D-02   0.7406D-02   0.2031D-01   0.7496D+00  -0.1304D-01   0.1384D+00  -0.6000D-02   0.1131D+00  -0.4915D-01
  -0.3780D-03  -0.4823D-02  -0.3224D-02  -0.1057D-01  -0.3780D-03  -0.4823D-02  -0.3224D-02  -0.1057D-01
  1.000  1.000
  -0.1321D+02   0.0000D+00  -0.2220D+02   0.0000D+00   0.0000D+00   0.0000D+00  -0.2389D+02   0.0000D+00  -0.1321D+02   0.0000D+00  -0.2220D+02   0.0000D+00
   0.4041D+00   0.0000D+00   0.7460D-01   0.0000D+00   0.8288D-01   0.0000D+00   0.1800D+00   0.0000D+00   0.4000D-01   0.0000D+00   0.0000D+00   0.0000D+00   0.4041D+00   0.0000D+00   0.7460D-01   0.0000D+00   0.8288D-01   0.0000D+00
   0.0000D+00   0.0000D+00   0.0000D+00   0.0000D+00   0.0000D+00   0.0000D+00   0.0000D+00   0.0000D+00
  -0.1017D+02   0.3762D+01  -0.1990D+02   0.2235D+01   0.1704D+01  -0.2744D+01  -0.2286D+02  -0.2576D+00  -0.1017D+02   0.3762D+01  -0.1990D+02   0.2235D+01
   0.7167D+00  -0.1165D-01   0.1323D+00  -0.5358D-02   0.1109D+00  -0.4389D-01   0.2936D+00   0.0000D+00   0.7689D-01   0.5541D-02   0.6679D-02   0.1813D-01   0.7167D+00  -0.1165D-01   0.1323D+00  -0.5358D-02   0.1109D+00  -0.4389D-01
  -0.3374D-03  -0.4307D-02  -0.2878D-02  -0.9437D-02  -0.3374D-03  -0.4307D-02  -0.2878D-02  -0.9437D-02
  1.000  2.000
  -0.1194D+02   0.0000D+00  -0.2006D+02   0.0000D+00   0.0000D+00   0.0000D+00  -0.2159D+02   0.0000D+00  -0.1194D+02   0.0000D+00  -0.2006D+02   0.0000D+00
   0.4041D+00   0.0000D+00   0.7460D-01   0.0000D+00   0.8288D-01   0.0000D+00   0.1800D+00   0.0000D+00   0.4000D-01   0.0000D+00   0.0000D+00   0.0000D+00   0.4041D+00   0.0000D+00   0.7460D-01   0.0000D+00   0.8288D-01   0.0000D+00
   0.0000D+00   0.0000D+00   0.0000D+00   0.0000D+00   0.0000D+00   0.0000D+00   0.0000D+00   0.0000D+00
  -0.1057D+02   0.3073D+01  -0.2005D+02   0.1825D+01   0.1391D+01  -0.2241D+01  -0.2275D+02  -0.2104D+00  -0.1057D+02   0.3073D+01  -0.2005D+02   0.1825D+01
   0.6863D+00  -0.1053D-01   0.1267D+00  -0.4843D-02   0.1079D+00  -0.3967D-01   0.2828D+00   0.0000D+00   0.7338D-01   0.5008D-02   0.6069D-02   0.1639D-01   0.6863D+00  -0.1053D-01   0.1267D+00  -0.4843D-02   0.1079D+00  -0.3967D-01
  -0.3049D-03  -0.3893D-02  -0.2601D-02  -0.8529D-02  -0.3049D-03  -0.3893D-02  -0.2601D-02  -0.8529D-02
  2.000  0.500
  -0.1511D+02   0.0000D+00  -0.2618D+02   0.0000D+00   0.0000D+00   0.0000D+00  -0.2806D+02   0.0000D+00  -0.1511D+02   0.0000D+00  -0.2618D+02   0.0000D+00
   0.4162D+00   0.0000D+00   0.7872D-01   0.0000D+00   0.8651D-01   0.0000D+00   0.1860D+00   0.0000D+00   0.4132D-01   0.0000D+00   0.0000D+00   0.0000D+00   0.4162D+00   0.0000D+00   0.7872D-01   0.0000D+00   0.8651D-01   0.0000D+00
   0.0000D+00   0.0000D+00   0.0000D+00   0.0000D+00   0.0000D+00   0.0000D+00   0.0000D+00   0.0000D+00
  -0.8962D+01   0.4972D+01  -0.1876D+02   0.2948D+01   0.2317D+01  -0.3602D+01  -0.2249D+02  -0.3333D+00  -0.8962D+01   0.4972D+01  -0.1876D+02   0.2948D+01
   0.6957D+00  -0.1357D-01   0.1314D+00  -0.6173D-02   0.1075D+00  -0.4991D-01   0.2934D+00   0.0000D+00   0.7791D-01   0.6539D-02   0.6339D-02   0.2140D-01   0.6957D+00  -0.1357D-01   0.1314D+00  -0.6173D-02   0.1075D+00  -0.4991D-01
  -0.4119D-03  -0.5138D-02  -0.3392D-02  -0.1103D-01  -0.4119D-03  -0.5138D-02  -0.3392D-02  -0.1103D-01
  2.000  1.000
  -0.1349D+02   0.0000D+00  -0.2338D+02   0.0000D+00   0.0000D+00   0.0000D+00  -0.2506D+02   0.0000D+00  -0.1349D+02   0.0000D+00  -0.2338D+02   0.0000D+00
   0.4162D+00   0.0000D+00   0.7872D-01   0.0000D+00   0.8651D-01   0.0000D+00   0.1860D+00   0.0000D+00   0.4132D-01   0.0000D+00   0.0000D+00   0.0000D+00   0.4162D+00   0.0000D+00   0.7872D-01   0.0000D+00   0.8651D-01   0.0000D+00
   0.0000D+00   0.0000D+00   0.0000D+00   0.0000D+00   0.0000D+00   0.0000D+00   0.0000D+00   0.0000D+00
  -0.1003D+02   0.3965D+01  -0.1992D+02   0.2351D+01   0.1846D+01  -0.2872D+01  -0.2324D+02  -0.2658D+00  -0.1003D+02   0.3965D+01  -0.1992D+02   0.2351D+01
   0.6916D+00  -0.1212D-01   0.1302D+00  -0.5512D-02   0.1122D+00  -0.4457D-01   0.2884D+00   0.0000D+00   0.7598D-01   0.5839D-02   0.5971D-02   0.1911D-01   0.6916D+00  -0.1212D-01   0.1302D+00  -0.5512D-02   0.1122D+00  -0.4457D-01
  -0.3677D-03  -0.4589D-02  -0.3029D-02  -0.9849D-02  -0.3677D-03  -0.4589D-02  -0.3029D-02  -0.9849D-02
  2.000  2.000
  -0.1219D+02   0.0000D+00  -0.2113D+02   0.0000D+00   0.0000D+00   0.0000D+00  -0.2264D+02   0.0000D+00  -0.1219D+02   0.0000D+00  -0.2113D+02   0.0000D+00
   0.4162D+00   0.0000D+00   0.7872D-01   0.0000D+00   0.8651D-01   0.0000D+00   0.1860D+00   0.0000D+00   0.4132D-01   0.0000D+00   0.0000D+00   0.0000D+00   0.4162D+00   0.0000D+00   0.7872D-01   0.0000D+00   0.8651D-01   0.0000D+00
   0.0000D+00   0.0000D+00   0.0000D+00   0.0000D+00   0.0000D+00   0.0000D+00   0.0000D+00   0.0000D+00
  -0.1050D+02   0.3238D+01  -0.2028D+02   0.1920D+01   0.1507D+01  -0.2346D+01  -0.2327D+02  -0.2171D+00  -0.1050D+02   0.3238D+01  -0.2028D+02   0.1920D+01
   0.6721D+00  -0.1095D-01   0.1265D+00  -0.4982D-02   0.1115D+00  -0.4028D-01   0.2804D+00   0.0000D+00   0.7321D-01   0.5277D-02   0.5495D-02   0.1727D-01   0.6721D+00  -0.1095D-01   0.1265D+00  -0.4982D-02   0.1115D+00  -0.4028D-01
  -0.3322D-03  -0.4147D-02  -0.2738D-02  -0.8901D-02  -0.3322D-03  -0.4147D-02  -0.2738D-02  -0.8901D-02
