 LHC=           1 sqrts=   8000.0000000000000      ang=           4 mode=fital                                                                                               scalescheme=           1 R=  0.69999999999999996     
 CT10nlo_rand5678                                                                                             208
 Bin information: chid, chiu, md, mu, mu0
   0.0000000000000000       0.50000000000000000        395.00000000000000        430.00000000000000        412.50000000000000     
 9 scales(muf, mur)*(LO(38), NLO(38))
  0.500  0.500
  -0.1318D+01   0.0000D+00  -0.1310D+01   0.0000D+00   0.0000D+00   0.0000D+00  -0.1113D+01   0.0000D+00  -0.1318D+01   0.0000D+00  -0.1310D+01   0.0000D+00
   0.6142D+00   0.0000D+00   0.1054D+00   0.0000D+00   0.1869D+00   0.0000D+00   0.2009D+00   0.0000D+00   0.4464D-01   0.0000D+00   0.0000D+00   0.0000D+00   0.6142D+00   0.0000D+00   0.1054D+00   0.0000D+00   0.1869D+00   0.0000D+00
   0.0000D+00   0.0000D+00   0.0000D+00   0.0000D+00   0.0000D+00   0.0000D+00   0.0000D+00   0.0000D+00
  -0.9805D+00   0.1859D+00  -0.1125D+01   0.1118D+00   0.1126D+00  -0.1117D+00  -0.1029D+01   0.4897D-02  -0.9805D+00   0.1859D+00  -0.1125D+01   0.1118D+00
   0.5642D+00  -0.2292D-01   0.9929D-01  -0.8057D-02   0.1135D+00  -0.5657D-01   0.1942D+00   0.0000D+00   0.4857D-01   0.5477D-02  -0.2439D-02   0.1793D-01   0.5642D+00  -0.2292D-01   0.9929D-01  -0.8057D-02   0.1135D+00  -0.5657D-01
  -0.1867D-02  -0.7171D-02  -0.4172D-02  -0.1055D-01  -0.1867D-02  -0.7171D-02  -0.4172D-02  -0.1055D-01
  0.500  1.000
  -0.1206D+01   0.0000D+00  -0.1199D+01   0.0000D+00   0.0000D+00   0.0000D+00  -0.1018D+01   0.0000D+00  -0.1206D+01   0.0000D+00  -0.1199D+01   0.0000D+00
   0.6142D+00   0.0000D+00   0.1054D+00   0.0000D+00   0.1869D+00   0.0000D+00   0.2009D+00   0.0000D+00   0.4464D-01   0.0000D+00   0.0000D+00   0.0000D+00   0.6142D+00   0.0000D+00   0.1054D+00   0.0000D+00   0.1869D+00   0.0000D+00
   0.0000D+00   0.0000D+00   0.0000D+00   0.0000D+00   0.0000D+00   0.0000D+00   0.0000D+00   0.0000D+00
  -0.1022D+01   0.1558D+00  -0.1142D+01   0.9366D-01   0.9431D-01  -0.9360D-01  -0.1032D+01   0.4103D-02  -0.1022D+01   0.1558D+00  -0.1142D+01   0.9366D-01
   0.5687D+00  -0.2098D-01   0.9985D-01  -0.7374D-02   0.1198D+00  -0.5178D-01   0.1949D+00   0.0000D+00   0.4826D-01   0.5013D-02  -0.2232D-02   0.1641D-01   0.5687D+00  -0.2098D-01   0.9985D-01  -0.7374D-02   0.1198D+00  -0.5178D-01
  -0.1709D-02  -0.6564D-02  -0.3819D-02  -0.9655D-02  -0.1709D-02  -0.6564D-02  -0.3819D-02  -0.9655D-02
  0.500  2.000
  -0.1112D+01   0.0000D+00  -0.1106D+01   0.0000D+00   0.0000D+00   0.0000D+00  -0.9390D+00   0.0000D+00  -0.1112D+01   0.0000D+00  -0.1106D+01   0.0000D+00
   0.6142D+00   0.0000D+00   0.1054D+00   0.0000D+00   0.1869D+00   0.0000D+00   0.2009D+00   0.0000D+00   0.4464D-01   0.0000D+00   0.0000D+00   0.0000D+00   0.6142D+00   0.0000D+00   0.1054D+00   0.0000D+00   0.1869D+00   0.0000D+00
   0.0000D+00   0.0000D+00   0.0000D+00   0.0000D+00   0.0000D+00   0.0000D+00   0.0000D+00   0.0000D+00
  -0.1040D+01   0.1325D+00  -0.1140D+01   0.7965D-01   0.8020D-01  -0.7960D-01  -0.1021D+01   0.3489D-02  -0.1040D+01   0.1325D+00  -0.1140D+01   0.7965D-01
   0.5725D+00  -0.1935D-01   0.1003D+00  -0.6801D-02   0.1250D+00  -0.4775D-01   0.1954D+00   0.0000D+00   0.4799D-01   0.4623D-02  -0.2057D-02   0.1513D-01   0.5725D+00  -0.1935D-01   0.1003D+00  -0.6801D-02   0.1250D+00  -0.4775D-01
  -0.1576D-02  -0.6053D-02  -0.3522D-02  -0.8904D-02  -0.1576D-02  -0.6053D-02  -0.3522D-02  -0.8904D-02
  1.000  0.500
  -0.1244D+01   0.0000D+00  -0.1240D+01   0.0000D+00   0.0000D+00   0.0000D+00  -0.1051D+01   0.0000D+00  -0.1244D+01   0.0000D+00  -0.1240D+01   0.0000D+00
   0.5786D+00   0.0000D+00   0.9919D-01   0.0000D+00   0.1758D+00   0.0000D+00   0.1897D+00   0.0000D+00   0.4216D-01   0.0000D+00   0.0000D+00   0.0000D+00   0.5786D+00   0.0000D+00   0.9919D-01   0.0000D+00   0.1758D+00   0.0000D+00
   0.0000D+00   0.0000D+00   0.0000D+00   0.0000D+00   0.0000D+00   0.0000D+00   0.0000D+00   0.0000D+00
  -0.1003D+01   0.1757D+00  -0.1131D+01   0.1055D+00   0.1060D+00  -0.1055D+00  -0.1035D+01   0.4765D-02  -0.1003D+01   0.1757D+00  -0.1131D+01   0.1055D+00
   0.5600D+00  -0.2156D-01   0.9835D-01  -0.7601D-02   0.1151D+00  -0.5361D-01   0.1931D+00   0.0000D+00   0.4787D-01   0.5171D-02  -0.2557D-02   0.1692D-01   0.5600D+00  -0.2156D-01   0.9835D-01  -0.7601D-02   0.1151D+00  -0.5361D-01
  -0.1768D-02  -0.6885D-02  -0.3954D-02  -0.9941D-02  -0.1768D-02  -0.6885D-02  -0.3954D-02  -0.9941D-02
  1.000  1.000
  -0.1139D+01   0.0000D+00  -0.1135D+01   0.0000D+00   0.0000D+00   0.0000D+00  -0.9620D+00   0.0000D+00  -0.1139D+01   0.0000D+00  -0.1135D+01   0.0000D+00
   0.5786D+00   0.0000D+00   0.9919D-01   0.0000D+00   0.1758D+00   0.0000D+00   0.1897D+00   0.0000D+00   0.4216D-01   0.0000D+00   0.0000D+00   0.0000D+00   0.5786D+00   0.0000D+00   0.9919D-01   0.0000D+00   0.1758D+00   0.0000D+00
   0.0000D+00   0.0000D+00   0.0000D+00   0.0000D+00   0.0000D+00   0.0000D+00   0.0000D+00   0.0000D+00
  -0.1029D+01   0.1472D+00  -0.1137D+01   0.8836D-01   0.8883D-01  -0.8842D-01  -0.1027D+01   0.3993D-02  -0.1029D+01   0.1472D+00  -0.1137D+01   0.8836D-01
   0.5618D+00  -0.1974D-01   0.9847D-01  -0.6958D-02   0.1203D+00  -0.4907D-01   0.1929D+00   0.0000D+00   0.4740D-01   0.4733D-02  -0.2340D-02   0.1549D-01   0.5618D+00  -0.1974D-01   0.9847D-01  -0.6958D-02   0.1203D+00  -0.4907D-01
  -0.1619D-02  -0.6302D-02  -0.3619D-02  -0.9099D-02  -0.1619D-02  -0.6302D-02  -0.3619D-02  -0.9099D-02
  1.000  2.000
  -0.1050D+01   0.0000D+00  -0.1046D+01   0.0000D+00   0.0000D+00   0.0000D+00  -0.8871D+00   0.0000D+00  -0.1050D+01   0.0000D+00  -0.1046D+01   0.0000D+00
   0.5786D+00   0.0000D+00   0.9919D-01   0.0000D+00   0.1758D+00   0.0000D+00   0.1897D+00   0.0000D+00   0.4216D-01   0.0000D+00   0.0000D+00   0.0000D+00   0.5786D+00   0.0000D+00   0.9919D-01   0.0000D+00   0.1758D+00   0.0000D+00
   0.0000D+00   0.0000D+00   0.0000D+00   0.0000D+00   0.0000D+00   0.0000D+00   0.0000D+00   0.0000D+00
  -0.1036D+01   0.1252D+00  -0.1127D+01   0.7514D-01   0.7553D-01  -0.7519D-01  -0.1009D+01   0.3396D-02  -0.1036D+01   0.1252D+00  -0.1127D+01   0.7514D-01
   0.5633D+00  -0.1820D-01   0.9855D-01  -0.6416D-02   0.1247D+00  -0.4525D-01   0.1927D+00   0.0000D+00   0.4701D-01   0.4365D-02  -0.2157D-02   0.1428D-01   0.5633D+00  -0.1820D-01   0.9855D-01  -0.6416D-02   0.1247D+00  -0.4525D-01
  -0.1493D-02  -0.5811D-02  -0.3338D-02  -0.8391D-02  -0.1493D-02  -0.5811D-02  -0.3338D-02  -0.8391D-02
  2.000  0.500
  -0.1177D+01   0.0000D+00  -0.1177D+01   0.0000D+00   0.0000D+00   0.0000D+00  -0.9953D+00   0.0000D+00  -0.1177D+01   0.0000D+00  -0.1177D+01   0.0000D+00
   0.5469D+00   0.0000D+00   0.9406D-01   0.0000D+00   0.1660D+00   0.0000D+00   0.1787D+00   0.0000D+00   0.3972D-01   0.0000D+00   0.0000D+00   0.0000D+00   0.5469D+00   0.0000D+00   0.9406D-01   0.0000D+00   0.1660D+00   0.0000D+00
   0.0000D+00   0.0000D+00   0.0000D+00   0.0000D+00   0.0000D+00   0.0000D+00   0.0000D+00   0.0000D+00
  -0.1020D+01   0.1664D+00  -0.1148D+01   0.9975D-01   0.1009D+00  -0.9992D-01  -0.1048D+01   0.4606D-02  -0.1020D+01   0.1664D+00  -0.1148D+01   0.9975D-01
   0.5602D+00  -0.2036D-01   0.9834D-01  -0.7172D-02   0.1174D+00  -0.5027D-01   0.1929D+00   0.0000D+00   0.4753D-01   0.4872D-02  -0.2245D-02   0.1595D-01   0.5602D+00  -0.2036D-01   0.9834D-01  -0.7172D-02   0.1174D+00  -0.5027D-01
  -0.1676D-02  -0.6507D-02  -0.3756D-02  -0.9390D-02  -0.1676D-02  -0.6507D-02  -0.3756D-02  -0.9390D-02
  2.000  1.000
  -0.1077D+01   0.0000D+00  -0.1077D+01   0.0000D+00   0.0000D+00   0.0000D+00  -0.9110D+00   0.0000D+00  -0.1077D+01   0.0000D+00  -0.1077D+01   0.0000D+00
   0.5469D+00   0.0000D+00   0.9406D-01   0.0000D+00   0.1660D+00   0.0000D+00   0.1787D+00   0.0000D+00   0.3972D-01   0.0000D+00   0.0000D+00   0.0000D+00   0.5469D+00   0.0000D+00   0.9406D-01   0.0000D+00   0.1660D+00   0.0000D+00
   0.0000D+00   0.0000D+00   0.0000D+00   0.0000D+00   0.0000D+00   0.0000D+00   0.0000D+00   0.0000D+00
  -0.1034D+01   0.1394D+00  -0.1141D+01   0.8357D-01   0.8452D-01  -0.8371D-01  -0.1030D+01   0.3859D-02  -0.1034D+01   0.1394D+00  -0.1141D+01   0.8357D-01
   0.5593D+00  -0.1864D-01   0.9801D-01  -0.6564D-02   0.1216D+00  -0.4602D-01   0.1918D+00   0.0000D+00   0.4688D-01   0.4460D-02  -0.2054D-02   0.1460D-01   0.5593D+00  -0.1864D-01   0.9801D-01  -0.6564D-02   0.1216D+00  -0.4602D-01
  -0.1534D-02  -0.5956D-02  -0.3438D-02  -0.8595D-02  -0.1534D-02  -0.5956D-02  -0.3438D-02  -0.8595D-02
  2.000  2.000
  -0.9936D+00   0.0000D+00  -0.9933D+00   0.0000D+00   0.0000D+00   0.0000D+00  -0.8401D+00   0.0000D+00  -0.9936D+00   0.0000D+00  -0.9933D+00   0.0000D+00
   0.5469D+00   0.0000D+00   0.9406D-01   0.0000D+00   0.1660D+00   0.0000D+00   0.1787D+00   0.0000D+00   0.3972D-01   0.0000D+00   0.0000D+00   0.0000D+00   0.5469D+00   0.0000D+00   0.9406D-01   0.0000D+00   0.1660D+00   0.0000D+00
   0.0000D+00   0.0000D+00   0.0000D+00   0.0000D+00   0.0000D+00   0.0000D+00   0.0000D+00   0.0000D+00
  -0.1032D+01   0.1185D+00  -0.1123D+01   0.7107D-01   0.7187D-01  -0.7118D-01  -0.1004D+01   0.3282D-02  -0.1032D+01   0.1185D+00  -0.1123D+01   0.7107D-01
   0.5586D+00  -0.1719D-01   0.9774D-01  -0.6054D-02   0.1251D+00  -0.4244D-01   0.1908D+00   0.0000D+00   0.4634D-01   0.4113D-02  -0.1894D-02   0.1346D-01   0.5586D+00  -0.1719D-01   0.9774D-01  -0.6054D-02   0.1251D+00  -0.4244D-01
  -0.1415D-02  -0.5492D-02  -0.3171D-02  -0.7926D-02  -0.1415D-02  -0.5492D-02  -0.3171D-02  -0.7926D-02
