 LHC=           1 sqrts=   8000.0000000000000      ang=           4 mode=fital                                                                                               scalescheme=           1 R=  0.69999999999999996     
 NNPDF23_nlo_as_0118                                                                                           78
 Bin information: chid, chiu, md, mu, mu0
   0.0000000000000000       0.50000000000000000        56.000000000000000        64.000000000000000        60.000000000000000     
 9 scales(muf, mur)*(LO(38), NLO(38))
  0.500  0.500
  -0.1732D+02   0.0000D+00  -0.3148D+02   0.0000D+00   0.0000D+00   0.0000D+00  -0.3341D+02   0.0000D+00  -0.1732D+02   0.0000D+00  -0.3148D+02   0.0000D+00
   0.1984D+00   0.0000D+00   0.3825D-01   0.0000D+00   0.4167D-01   0.0000D+00   0.9327D-01   0.0000D+00   0.2073D-01   0.0000D+00   0.0000D+00   0.0000D+00   0.1984D+00   0.0000D+00   0.3825D-01   0.0000D+00   0.4167D-01   0.0000D+00
   0.0000D+00   0.0000D+00   0.0000D+00   0.0000D+00   0.0000D+00   0.0000D+00   0.0000D+00   0.0000D+00
  -0.1183D+02   0.6212D+01  -0.2449D+02   0.3724D+01   0.3232D+01  -0.4594D+01  -0.2962D+02  -0.4328D+00  -0.1183D+02   0.6212D+01  -0.2449D+02   0.3724D+01
   0.6056D+00  -0.6950D-02   0.1143D+00  -0.3217D-02   0.9995D-01  -0.2622D-01   0.2407D+00   0.0000D+00   0.6571D-01   0.3358D-02   0.8648D-02   0.1099D-01   0.6056D+00  -0.6950D-02   0.1143D+00  -0.3217D-02   0.9995D-01  -0.2622D-01
  -0.1091D-03  -0.2229D-02  -0.1557D-02  -0.5783D-02  -0.1091D-03  -0.2229D-02  -0.1557D-02  -0.5783D-02
  0.500  1.000
  -0.1538D+02   0.0000D+00  -0.2795D+02   0.0000D+00   0.0000D+00   0.0000D+00  -0.2966D+02   0.0000D+00  -0.1538D+02   0.0000D+00  -0.2795D+02   0.0000D+00
   0.1984D+00   0.0000D+00   0.3825D-01   0.0000D+00   0.4167D-01   0.0000D+00   0.9327D-01   0.0000D+00   0.2073D-01   0.0000D+00   0.0000D+00   0.0000D+00   0.1984D+00   0.0000D+00   0.3825D-01   0.0000D+00   0.4167D-01   0.0000D+00
   0.0000D+00   0.0000D+00   0.0000D+00   0.0000D+00   0.0000D+00   0.0000D+00   0.0000D+00   0.0000D+00
  -0.1273D+02   0.4896D+01  -0.2548D+02   0.2936D+01   0.2546D+01  -0.3621D+01  -0.2989D+02  -0.3411D+00  -0.1273D+02   0.4896D+01  -0.2548D+02   0.2936D+01
   0.5726D+00  -0.6170D-02   0.1079D+00  -0.2856D-02   0.9720D-01  -0.2328D-01   0.2271D+00   0.0000D+00   0.6155D-01   0.2981D-02   0.7773D-02   0.9756D-02   0.5726D+00  -0.6170D-02   0.1079D+00  -0.2856D-02   0.9720D-01  -0.2328D-01
  -0.9678D-04  -0.1978D-02  -0.1382D-02  -0.5134D-02  -0.9678D-04  -0.1978D-02  -0.1382D-02  -0.5134D-02
  0.500  2.000
  -0.1383D+02   0.0000D+00  -0.2514D+02   0.0000D+00   0.0000D+00   0.0000D+00  -0.2668D+02   0.0000D+00  -0.1383D+02   0.0000D+00  -0.2514D+02   0.0000D+00
   0.1984D+00   0.0000D+00   0.3825D-01   0.0000D+00   0.4167D-01   0.0000D+00   0.9327D-01   0.0000D+00   0.2073D-01   0.0000D+00   0.0000D+00   0.0000D+00   0.1984D+00   0.0000D+00   0.3825D-01   0.0000D+00   0.4167D-01   0.0000D+00
   0.0000D+00   0.0000D+00   0.0000D+00   0.0000D+00   0.0000D+00   0.0000D+00   0.0000D+00   0.0000D+00
  -0.1303D+02   0.3961D+01  -0.2559D+02   0.2375D+01   0.2058D+01  -0.2930D+01  -0.2947D+02  -0.2760D+00  -0.1303D+02   0.3961D+01  -0.2559D+02   0.2375D+01
   0.5309D+00  -0.5551D-02   0.1003D+00  -0.2569D-02   0.8978D-01  -0.2094D-01   0.2134D+00   0.0000D+00   0.5734D-01   0.2682D-02   0.7072D-02   0.8777D-02   0.5309D+00  -0.5551D-02   0.1003D+00  -0.2569D-02   0.8978D-01  -0.2094D-01
  -0.8700D-04  -0.1780D-02  -0.1243D-02  -0.4619D-02  -0.8700D-04  -0.1780D-02  -0.1243D-02  -0.4619D-02
  1.000  0.500
  -0.1887D+02   0.0000D+00  -0.3488D+02   0.0000D+00   0.0000D+00   0.0000D+00  -0.3779D+02   0.0000D+00  -0.1887D+02   0.0000D+00  -0.3488D+02   0.0000D+00
   0.2220D+00   0.0000D+00   0.4264D-01   0.0000D+00   0.4477D-01   0.0000D+00   0.1006D+00   0.0000D+00   0.2237D-01   0.0000D+00   0.0000D+00   0.0000D+00   0.2220D+00   0.0000D+00   0.4264D-01   0.0000D+00   0.4477D-01   0.0000D+00
   0.0000D+00   0.0000D+00   0.0000D+00   0.0000D+00   0.0000D+00   0.0000D+00   0.0000D+00   0.0000D+00
  -0.1078D+02   0.6798D+01  -0.2426D+02   0.4205D+01   0.3125D+01  -0.5223D+01  -0.2983D+02  -0.5019D+00  -0.1078D+02   0.6798D+01  -0.2426D+02   0.4205D+01
   0.5884D+00  -0.7244D-02   0.1103D+00  -0.3476D-02   0.9358D-01  -0.2996D-01   0.2351D+00   0.0000D+00   0.6357D-01   0.3754D-02   0.8418D-02   0.1228D-01   0.5884D+00  -0.7244D-02   0.1103D+00  -0.3476D-02   0.9358D-01  -0.2996D-01
  -0.1228D-03  -0.3259D-02  -0.1819D-02  -0.6423D-02  -0.1228D-03  -0.3259D-02  -0.1819D-02  -0.6423D-02
  1.000  1.000
  -0.1676D+02   0.0000D+00  -0.3096D+02   0.0000D+00   0.0000D+00   0.0000D+00  -0.3354D+02   0.0000D+00  -0.1676D+02   0.0000D+00  -0.3096D+02   0.0000D+00
   0.2220D+00   0.0000D+00   0.4264D-01   0.0000D+00   0.4477D-01   0.0000D+00   0.1006D+00   0.0000D+00   0.2237D-01   0.0000D+00   0.0000D+00   0.0000D+00   0.2220D+00   0.0000D+00   0.4264D-01   0.0000D+00   0.4477D-01   0.0000D+00
   0.0000D+00   0.0000D+00   0.0000D+00   0.0000D+00   0.0000D+00   0.0000D+00   0.0000D+00   0.0000D+00
  -0.1219D+02   0.5358D+01  -0.2595D+02   0.3314D+01   0.2460D+01  -0.4116D+01  -0.3090D+02  -0.3956D+00  -0.1219D+02   0.5358D+01  -0.2595D+02   0.3314D+01
   0.5501D+00  -0.6432D-02   0.1032D+00  -0.3086D-02   0.8865D-01  -0.2660D-01   0.2210D+00   0.0000D+00   0.5923D-01   0.3333D-02   0.7549D-02   0.1091D-01   0.5501D+00  -0.6432D-02   0.1032D+00  -0.3086D-02   0.8865D-01  -0.2660D-01
  -0.1089D-03  -0.2894D-02  -0.1615D-02  -0.5702D-02  -0.1089D-03  -0.2894D-02  -0.1615D-02  -0.5702D-02
  1.000  2.000
  -0.1507D+02   0.0000D+00  -0.2785D+02   0.0000D+00   0.0000D+00   0.0000D+00  -0.3017D+02   0.0000D+00  -0.1507D+02   0.0000D+00  -0.2785D+02   0.0000D+00
   0.2220D+00   0.0000D+00   0.4264D-01   0.0000D+00   0.4477D-01   0.0000D+00   0.1006D+00   0.0000D+00   0.2237D-01   0.0000D+00   0.0000D+00   0.0000D+00   0.2220D+00   0.0000D+00   0.4264D-01   0.0000D+00   0.4477D-01   0.0000D+00
   0.0000D+00   0.0000D+00   0.0000D+00   0.0000D+00   0.0000D+00   0.0000D+00   0.0000D+00   0.0000D+00
  -0.1292D+02   0.4335D+01  -0.2657D+02   0.2682D+01   0.1989D+01  -0.3330D+01  -0.3103D+02  -0.3200D+00  -0.1292D+02   0.4335D+01  -0.2657D+02   0.2682D+01
   0.5590D+00  -0.5786D-02   0.1044D+00  -0.2776D-02   0.9694D-01  -0.2393D-01   0.2184D+00   0.0000D+00   0.5842D-01   0.2998D-02   0.7067D-02   0.9811D-02   0.5590D+00  -0.5786D-02   0.1044D+00  -0.2776D-02   0.9694D-01  -0.2393D-01
  -0.9792D-04  -0.2603D-02  -0.1453D-02  -0.5129D-02  -0.9792D-04  -0.2603D-02  -0.1453D-02  -0.5129D-02
  2.000  0.500
  -0.2037D+02   0.0000D+00  -0.3713D+02   0.0000D+00   0.0000D+00   0.0000D+00  -0.4045D+02   0.0000D+00  -0.2037D+02   0.0000D+00  -0.3713D+02   0.0000D+00
   0.2273D+00   0.0000D+00   0.4639D-01   0.0000D+00   0.4813D-01   0.0000D+00   0.1124D+00   0.0000D+00   0.2498D-01   0.0000D+00   0.0000D+00   0.0000D+00   0.2273D+00   0.0000D+00   0.4639D-01   0.0000D+00   0.4813D-01   0.0000D+00
   0.0000D+00   0.0000D+00   0.0000D+00   0.0000D+00   0.0000D+00   0.0000D+00   0.0000D+00   0.0000D+00
  -0.1002D+02   0.7539D+01  -0.2241D+02   0.4590D+01   0.3412D+01  -0.5195D+01  -0.2858D+02  -0.5397D+00  -0.1002D+02   0.7539D+01  -0.2241D+02   0.4590D+01
   0.5514D+00  -0.7847D-02   0.1108D+00  -0.3459D-02   0.8085D-01  -0.2940D-01   0.2350D+00   0.0000D+00   0.6302D-01   0.4187D-02   0.7752D-02   0.1370D-01   0.5514D+00  -0.7847D-02   0.1108D+00  -0.3459D-02   0.8085D-01  -0.2940D-01
  -0.1467D-03  -0.3031D-02  -0.2042D-02  -0.7239D-02  -0.1467D-03  -0.3031D-02  -0.2042D-02  -0.7239D-02
  2.000  1.000
  -0.1808D+02   0.0000D+00  -0.3296D+02   0.0000D+00   0.0000D+00   0.0000D+00  -0.3591D+02   0.0000D+00  -0.1808D+02   0.0000D+00  -0.3296D+02   0.0000D+00
   0.2273D+00   0.0000D+00   0.4639D-01   0.0000D+00   0.4813D-01   0.0000D+00   0.1124D+00   0.0000D+00   0.2498D-01   0.0000D+00   0.0000D+00   0.0000D+00   0.2273D+00   0.0000D+00   0.4639D-01   0.0000D+00   0.4813D-01   0.0000D+00
   0.0000D+00   0.0000D+00   0.0000D+00   0.0000D+00   0.0000D+00   0.0000D+00   0.0000D+00   0.0000D+00
  -0.1189D+02   0.5942D+01  -0.2493D+02   0.3617D+01   0.2685D+01  -0.4095D+01  -0.3045D+02  -0.4254D+00  -0.1189D+02   0.5942D+01  -0.2493D+02   0.3617D+01
   0.5208D+00  -0.6967D-02   0.1046D+00  -0.3071D-02   0.7850D-01  -0.2610D-01   0.2229D+00   0.0000D+00   0.5925D-01   0.3717D-02   0.6990D-02   0.1217D-01   0.5208D+00  -0.6967D-02   0.1046D+00  -0.3071D-02   0.7850D-01  -0.2610D-01
  -0.1302D-03  -0.2691D-02  -0.1813D-02  -0.6427D-02  -0.1302D-03  -0.2691D-02  -0.1813D-02  -0.6427D-02
  2.000  2.000
  -0.1626D+02   0.0000D+00  -0.2965D+02   0.0000D+00   0.0000D+00   0.0000D+00  -0.3230D+02   0.0000D+00  -0.1626D+02   0.0000D+00  -0.2965D+02   0.0000D+00
   0.2273D+00   0.0000D+00   0.4639D-01   0.0000D+00   0.4813D-01   0.0000D+00   0.1124D+00   0.0000D+00   0.2498D-01   0.0000D+00   0.0000D+00   0.0000D+00   0.2273D+00   0.0000D+00   0.4639D-01   0.0000D+00   0.4813D-01   0.0000D+00
   0.0000D+00   0.0000D+00   0.0000D+00   0.0000D+00   0.0000D+00   0.0000D+00   0.0000D+00   0.0000D+00
  -0.1283D+02   0.4808D+01  -0.2603D+02   0.2927D+01   0.2170D+01  -0.3314D+01  -0.3101D+02  -0.3442D+00  -0.1283D+02   0.4808D+01  -0.2603D+02   0.2927D+01
   0.4914D+00  -0.6267D-02   0.9878D-01  -0.2763D-02   0.7526D-01  -0.2348D-01   0.2122D+00   0.0000D+00   0.5588D-01   0.3344D-02   0.6330D-02   0.1094D-01   0.4914D+00  -0.6267D-02   0.9878D-01  -0.2763D-02   0.7526D-01  -0.2348D-01
  -0.1170D-03  -0.2421D-02  -0.1631D-02  -0.5781D-02  -0.1170D-03  -0.2421D-02  -0.1631D-02  -0.5781D-02
