 LHC=           1 sqrts=   8000.0000000000000      ang=           4 mode=fital                                                                                               scalescheme=           1 R=  0.69999999999999996     
 CT10nlo_rand5678                                                                                             400
 Bin information: chid, chiu, md, mu, mu0
   0.0000000000000000       0.50000000000000000        1248.0000000000000        1327.0000000000000        1287.5000000000000     
 9 scales(muf, mur)*(LO(38), NLO(38))
  0.500  0.500
  -0.4772D-01   0.0000D+00  -0.3129D-01   0.0000D+00   0.0000D+00   0.0000D+00  -0.1523D-01   0.0000D+00  -0.4772D-01   0.0000D+00  -0.3129D-01   0.0000D+00
   0.1632D+00   0.0000D+00   0.2447D-01   0.0000D+00   0.7069D-01   0.0000D+00   0.2692D-01   0.0000D+00   0.5983D-02   0.0000D+00   0.0000D+00   0.0000D+00   0.1632D+00   0.0000D+00   0.2447D-01   0.0000D+00   0.7069D-01   0.0000D+00
   0.0000D+00   0.0000D+00   0.0000D+00   0.0000D+00   0.0000D+00   0.0000D+00   0.0000D+00   0.0000D+00
  -0.3967D-01   0.3626D-02  -0.2751D-01   0.2123D-02   0.1860D-02  -0.1328D-02  -0.1334D-01   0.7025D-03  -0.3967D-01   0.3626D-02  -0.2751D-01   0.2123D-02
   0.1213D+00  -0.7535D-02   0.1862D-01  -0.2158D-02   0.4092D-01  -0.1270D-01   0.2248D-01   0.0000D+00   0.5566D-02   0.6375D-03  -0.1159D-02   0.2086D-02   0.1213D+00  -0.7535D-02   0.1862D-01  -0.2158D-02   0.4092D-01  -0.1270D-01
  -0.7818D-03  -0.1948D-02  -0.8027D-03  -0.1730D-02  -0.7818D-03  -0.1948D-02  -0.8027D-03  -0.1730D-02
  0.500  1.000
  -0.4419D-01   0.0000D+00  -0.2898D-01   0.0000D+00   0.0000D+00   0.0000D+00  -0.1410D-01   0.0000D+00  -0.4419D-01   0.0000D+00  -0.2898D-01   0.0000D+00
   0.1632D+00   0.0000D+00   0.2447D-01   0.0000D+00   0.7069D-01   0.0000D+00   0.2692D-01   0.0000D+00   0.5983D-02   0.0000D+00   0.0000D+00   0.0000D+00   0.1632D+00   0.0000D+00   0.2447D-01   0.0000D+00   0.7069D-01   0.0000D+00
   0.0000D+00   0.0000D+00   0.0000D+00   0.0000D+00   0.0000D+00   0.0000D+00   0.0000D+00   0.0000D+00
  -0.4045D-01   0.3109D-02  -0.2781D-01   0.1821D-02   0.1595D-02  -0.1138D-02  -0.1350D-01   0.6024D-03  -0.4045D-01   0.3109D-02  -0.2781D-01   0.1821D-02
   0.1244D+00  -0.6977D-02   0.1906D-01  -0.1998D-02   0.4313D-01  -0.1176D-01   0.2281D-01   0.0000D+00   0.5597D-02   0.5903D-03  -0.1073D-02   0.1932D-02   0.1244D+00  -0.6977D-02   0.1906D-01  -0.1998D-02   0.4313D-01  -0.1176D-01
  -0.7239D-03  -0.1804D-02  -0.7433D-03  -0.1602D-02  -0.7239D-03  -0.1804D-02  -0.7433D-03  -0.1602D-02
  0.500  2.000
  -0.4115D-01   0.0000D+00  -0.2699D-01   0.0000D+00   0.0000D+00   0.0000D+00  -0.1313D-01   0.0000D+00  -0.4115D-01   0.0000D+00  -0.2699D-01   0.0000D+00
   0.1632D+00   0.0000D+00   0.2447D-01   0.0000D+00   0.7069D-01   0.0000D+00   0.2692D-01   0.0000D+00   0.5983D-02   0.0000D+00   0.0000D+00   0.0000D+00   0.1632D+00   0.0000D+00   0.2447D-01   0.0000D+00   0.7069D-01   0.0000D+00
   0.0000D+00   0.0000D+00   0.0000D+00   0.0000D+00   0.0000D+00   0.0000D+00   0.0000D+00   0.0000D+00
  -0.4066D-01   0.2696D-02  -0.2777D-01   0.1579D-02   0.1384D-02  -0.9873D-03  -0.1348D-01   0.5224D-03  -0.4066D-01   0.2696D-02  -0.2777D-01   0.1579D-02
   0.1271D+00  -0.6498D-02   0.1943D-01  -0.1861D-02   0.4503D-01  -0.1095D-01   0.2309D-01   0.0000D+00   0.5624D-02   0.5497D-03  -0.9994D-03   0.1799D-02   0.1271D+00  -0.6498D-02   0.1943D-01  -0.1861D-02   0.4503D-01  -0.1095D-01
  -0.6742D-03  -0.1680D-02  -0.6922D-03  -0.1492D-02  -0.6742D-03  -0.1680D-02  -0.6922D-03  -0.1492D-02
  1.000  0.500
  -0.4183D-01   0.0000D+00  -0.2742D-01   0.0000D+00   0.0000D+00   0.0000D+00  -0.1330D-01   0.0000D+00  -0.4183D-01   0.0000D+00  -0.2742D-01   0.0000D+00
   0.1429D+00   0.0000D+00   0.2145D-01   0.0000D+00   0.6190D-01   0.0000D+00   0.2349D-01   0.0000D+00   0.5221D-02   0.0000D+00   0.0000D+00   0.0000D+00   0.1429D+00   0.0000D+00   0.2145D-01   0.0000D+00   0.6190D-01   0.0000D+00
   0.0000D+00   0.0000D+00   0.0000D+00   0.0000D+00   0.0000D+00   0.0000D+00   0.0000D+00   0.0000D+00
  -0.4030D-01   0.3177D-02  -0.2772D-01   0.1860D-02   0.1608D-02  -0.1159D-02  -0.1345D-01   0.6165D-03  -0.4030D-01   0.3177D-02  -0.2772D-01   0.1860D-02
   0.1249D+00  -0.6594D-02   0.1916D-01  -0.1892D-02   0.4399D-01  -0.1112D-01   0.2281D-01   0.0000D+00   0.5554D-02   0.5564D-03  -0.1019D-02   0.1821D-02   0.1249D+00  -0.6594D-02   0.1916D-01  -0.1892D-02   0.4399D-01  -0.1112D-01
  -0.6856D-03  -0.1712D-02  -0.7026D-03  -0.1514D-02  -0.6856D-03  -0.1712D-02  -0.7026D-03  -0.1514D-02
  1.000  1.000
  -0.3874D-01   0.0000D+00  -0.2539D-01   0.0000D+00   0.0000D+00   0.0000D+00  -0.1231D-01   0.0000D+00  -0.3874D-01   0.0000D+00  -0.2539D-01   0.0000D+00
   0.1429D+00   0.0000D+00   0.2145D-01   0.0000D+00   0.6190D-01   0.0000D+00   0.2349D-01   0.0000D+00   0.5221D-02   0.0000D+00   0.0000D+00   0.0000D+00   0.1429D+00   0.0000D+00   0.2145D-01   0.0000D+00   0.6190D-01   0.0000D+00
   0.0000D+00   0.0000D+00   0.0000D+00   0.0000D+00   0.0000D+00   0.0000D+00   0.0000D+00   0.0000D+00
  -0.4020D-01   0.2724D-02  -0.2747D-01   0.1595D-02   0.1379D-02  -0.9939D-03  -0.1333D-01   0.5286D-03  -0.4020D-01   0.2724D-02  -0.2747D-01   0.1595D-02
   0.1262D+00  -0.6106D-02   0.1933D-01  -0.1752D-02   0.4533D-01  -0.1030D-01   0.2286D-01   0.0000D+00   0.5530D-02   0.5152D-03  -0.9433D-03   0.1686D-02   0.1262D+00  -0.6106D-02   0.1933D-01  -0.1752D-02   0.4533D-01  -0.1030D-01
  -0.6349D-03  -0.1585D-02  -0.6506D-03  -0.1402D-02  -0.6349D-03  -0.1585D-02  -0.6506D-03  -0.1402D-02
  1.000  2.000
  -0.3607D-01   0.0000D+00  -0.2365D-01   0.0000D+00   0.0000D+00   0.0000D+00  -0.1147D-01   0.0000D+00  -0.3607D-01   0.0000D+00  -0.2365D-01   0.0000D+00
   0.1429D+00   0.0000D+00   0.2145D-01   0.0000D+00   0.6190D-01   0.0000D+00   0.2349D-01   0.0000D+00   0.5221D-02   0.0000D+00   0.0000D+00   0.0000D+00   0.1429D+00   0.0000D+00   0.2145D-01   0.0000D+00   0.6190D-01   0.0000D+00
   0.0000D+00   0.0000D+00   0.0000D+00   0.0000D+00   0.0000D+00   0.0000D+00   0.0000D+00   0.0000D+00
  -0.3975D-01   0.2362D-02  -0.2703D-01   0.1383D-02   0.1196D-02  -0.8620D-03  -0.1311D-01   0.4584D-03  -0.3975D-01   0.2362D-02  -0.2703D-01   0.1383D-02
   0.1274D+00  -0.5686D-02   0.1948D-01  -0.1631D-02   0.4647D-01  -0.9591D-02   0.2290D-01   0.0000D+00   0.5509D-02   0.4798D-03  -0.8785D-03   0.1570D-02   0.1274D+00  -0.5686D-02   0.1948D-01  -0.1631D-02   0.4647D-01  -0.9591D-02
  -0.5912D-03  -0.1476D-02  -0.6059D-03  -0.1306D-02  -0.5912D-03  -0.1476D-02  -0.6059D-03  -0.1306D-02
  2.000  0.500
  -0.3703D-01   0.0000D+00  -0.2423D-01   0.0000D+00   0.0000D+00   0.0000D+00  -0.1173D-01   0.0000D+00  -0.3703D-01   0.0000D+00  -0.2423D-01   0.0000D+00
   0.1263D+00   0.0000D+00   0.1892D-01   0.0000D+00   0.5472D-01   0.0000D+00   0.2069D-01   0.0000D+00   0.4599D-02   0.0000D+00   0.0000D+00   0.0000D+00   0.1263D+00   0.0000D+00   0.1892D-01   0.0000D+00   0.5472D-01   0.0000D+00
   0.0000D+00   0.0000D+00   0.0000D+00   0.0000D+00   0.0000D+00   0.0000D+00   0.0000D+00   0.0000D+00
  -0.4058D-01   0.2807D-02  -0.2772D-01   0.1642D-02   0.1387D-02  -0.1022D-02  -0.1345D-01   0.5465D-03  -0.4058D-01   0.2807D-02  -0.2772D-01   0.1642D-02
   0.1272D+00  -0.5831D-02   0.1944D-01  -0.1673D-02   0.4631D-01  -0.9825D-02   0.2290D-01   0.0000D+00   0.5520D-02   0.4898D-03  -0.8881D-03   0.1603D-02   0.1272D+00  -0.5831D-02   0.1944D-01  -0.1673D-02   0.4631D-01  -0.9825D-02
  -0.6065D-03  -0.1502D-02  -0.6202D-03  -0.1332D-02  -0.6065D-03  -0.1502D-02  -0.6202D-03  -0.1332D-02
  2.000  1.000
  -0.3429D-01   0.0000D+00  -0.2244D-01   0.0000D+00   0.0000D+00   0.0000D+00  -0.1086D-01   0.0000D+00  -0.3429D-01   0.0000D+00  -0.2244D-01   0.0000D+00
   0.1263D+00   0.0000D+00   0.1892D-01   0.0000D+00   0.5472D-01   0.0000D+00   0.2069D-01   0.0000D+00   0.4599D-02   0.0000D+00   0.0000D+00   0.0000D+00   0.1263D+00   0.0000D+00   0.1892D-01   0.0000D+00   0.5472D-01   0.0000D+00
   0.0000D+00   0.0000D+00   0.0000D+00   0.0000D+00   0.0000D+00   0.0000D+00   0.0000D+00   0.0000D+00
  -0.3979D-01   0.2407D-02  -0.2704D-01   0.1408D-02   0.1189D-02  -0.8766D-03  -0.1312D-01   0.4686D-03  -0.3979D-01   0.2407D-02  -0.2704D-01   0.1408D-02
   0.1272D+00  -0.5400D-02   0.1940D-01  -0.1550D-02   0.4694D-01  -0.9098D-02   0.2274D-01   0.0000D+00   0.5452D-02   0.4536D-03  -0.8224D-03   0.1484D-02   0.1272D+00  -0.5400D-02   0.1940D-01  -0.1550D-02   0.4694D-01  -0.9098D-02
  -0.5616D-03  -0.1391D-02  -0.5743D-03  -0.1233D-02  -0.5616D-03  -0.1391D-02  -0.5743D-03  -0.1233D-02
  2.000  2.000
  -0.3193D-01   0.0000D+00  -0.2090D-01   0.0000D+00   0.0000D+00   0.0000D+00  -0.1011D-01   0.0000D+00  -0.3193D-01   0.0000D+00  -0.2090D-01   0.0000D+00
   0.1263D+00   0.0000D+00   0.1892D-01   0.0000D+00   0.5472D-01   0.0000D+00   0.2069D-01   0.0000D+00   0.4599D-02   0.0000D+00   0.0000D+00   0.0000D+00   0.1263D+00   0.0000D+00   0.1892D-01   0.0000D+00   0.5472D-01   0.0000D+00
   0.0000D+00   0.0000D+00   0.0000D+00   0.0000D+00   0.0000D+00   0.0000D+00   0.0000D+00   0.0000D+00
  -0.3883D-01   0.2087D-02  -0.2628D-01   0.1221D-02   0.1031D-02  -0.7602D-03  -0.1275D-01   0.4064D-03  -0.3883D-01   0.2087D-02  -0.2628D-01   0.1221D-02
   0.1271D+00  -0.5029D-02   0.1937D-01  -0.1443D-02   0.4748D-01  -0.8473D-02   0.2260D-01   0.0000D+00   0.5394D-02   0.4224D-03  -0.7659D-03   0.1382D-02   0.1271D+00  -0.5029D-02   0.1937D-01  -0.1443D-02   0.4748D-01  -0.8473D-02
  -0.5230D-03  -0.1295D-02  -0.5348D-03  -0.1149D-02  -0.5230D-03  -0.1295D-02  -0.5348D-03  -0.1149D-02
