 LHC=           1 sqrts=   8000.0000000000000      ang=           4 mode=fital                                                                                               scalescheme=           1 R=  0.69999999999999996     
 CT10nlo_rand5678                                                                                             470
 Bin information: chid, chiu, md, mu, mu0
   0.0000000000000000       0.50000000000000000        686.00000000000000        737.00000000000000        711.50000000000000     
 9 scales(muf, mur)*(LO(38), NLO(38))
  0.500  0.500
  -0.4038D+00   0.0000D+00  -0.3314D+00   0.0000D+00   0.0000D+00   0.0000D+00  -0.2166D+00   0.0000D+00  -0.4038D+00   0.0000D+00  -0.3314D+00   0.0000D+00
   0.4838D+00   0.0000D+00   0.7855D-01   0.0000D+00   0.1744D+00   0.0000D+00   0.1161D+00   0.0000D+00   0.2581D-01   0.0000D+00   0.0000D+00   0.0000D+00   0.4838D+00   0.0000D+00   0.7855D-01   0.0000D+00   0.1744D+00   0.0000D+00
   0.0000D+00   0.0000D+00   0.0000D+00   0.0000D+00   0.0000D+00   0.0000D+00   0.0000D+00   0.0000D+00
  -0.3123D+00   0.4246D-01  -0.2877D+00   0.2457D-01   0.2662D-01  -0.2028D-01  -0.1931D+00   0.4874D-02  -0.3123D+00   0.4246D-01  -0.2877D+00   0.2457D-01
   0.3863D+00  -0.1995D-01   0.6500D-01  -0.6346D-02   0.9600D-01  -0.4112D-01   0.1018D+00   0.0000D+00   0.2540D-01   0.2951D-02  -0.3488D-02   0.9657D-02   0.3863D+00  -0.1995D-01   0.6500D-01  -0.6346D-02   0.9600D-01  -0.4112D-01
  -0.1902D-02  -0.5608D-02  -0.2888D-02  -0.6590D-02  -0.1902D-02  -0.5608D-02  -0.2888D-02  -0.6590D-02
  0.500  1.000
  -0.3719D+00   0.0000D+00  -0.3051D+00   0.0000D+00   0.0000D+00   0.0000D+00  -0.1995D+00   0.0000D+00  -0.3719D+00   0.0000D+00  -0.3051D+00   0.0000D+00
   0.4838D+00   0.0000D+00   0.7855D-01   0.0000D+00   0.1744D+00   0.0000D+00   0.1161D+00   0.0000D+00   0.2581D-01   0.0000D+00   0.0000D+00   0.0000D+00   0.4838D+00   0.0000D+00   0.7855D-01   0.0000D+00   0.1744D+00   0.0000D+00
   0.0000D+00   0.0000D+00   0.0000D+00   0.0000D+00   0.0000D+00   0.0000D+00   0.0000D+00   0.0000D+00
  -0.3227D+00   0.3600D-01  -0.2914D+00   0.2083D-01   0.2257D-01  -0.1719D-01  -0.1948D+00   0.4133D-02  -0.3227D+00   0.3600D-01  -0.2914D+00   0.2083D-01
   0.3942D+00  -0.1837D-01   0.6609D-01  -0.5843D-02   0.1022D+00  -0.3786D-01   0.1030D+00   0.0000D+00   0.2544D-01   0.2717D-02  -0.3212D-02   0.8892D-02   0.3942D+00  -0.1837D-01   0.6609D-01  -0.5843D-02   0.1022D+00  -0.3786D-01
  -0.1751D-02  -0.5164D-02  -0.2659D-02  -0.6068D-02  -0.1751D-02  -0.5164D-02  -0.2659D-02  -0.6068D-02
  0.500  2.000
  -0.3446D+00   0.0000D+00  -0.2828D+00   0.0000D+00   0.0000D+00   0.0000D+00  -0.1849D+00   0.0000D+00  -0.3446D+00   0.0000D+00  -0.2828D+00   0.0000D+00
   0.4838D+00   0.0000D+00   0.7855D-01   0.0000D+00   0.1744D+00   0.0000D+00   0.1161D+00   0.0000D+00   0.2581D-01   0.0000D+00   0.0000D+00   0.0000D+00   0.4838D+00   0.0000D+00   0.7855D-01   0.0000D+00   0.1744D+00   0.0000D+00
   0.0000D+00   0.0000D+00   0.0000D+00   0.0000D+00   0.0000D+00   0.0000D+00   0.0000D+00   0.0000D+00
  -0.3269D+00   0.3092D-01  -0.2911D+00   0.1789D-01   0.1939D-01  -0.1477D-01  -0.1939D+00   0.3550D-02  -0.3269D+00   0.3092D-01  -0.2911D+00   0.1789D-01
   0.4008D+00  -0.1703D-01   0.6701D-01  -0.5416D-02   0.1076D+00  -0.3509D-01   0.1040D+00   0.0000D+00   0.2547D-01   0.2518D-02  -0.2977D-02   0.8241D-02   0.4008D+00  -0.1703D-01   0.6701D-01  -0.5416D-02   0.1076D+00  -0.3509D-01
  -0.1623D-02  -0.4786D-02  -0.2464D-02  -0.5624D-02  -0.1623D-02  -0.4786D-02  -0.2464D-02  -0.5624D-02
  1.000  0.500
  -0.3698D+00   0.0000D+00  -0.3035D+00   0.0000D+00   0.0000D+00   0.0000D+00  -0.1977D+00   0.0000D+00  -0.3698D+00   0.0000D+00  -0.3035D+00   0.0000D+00
   0.4434D+00   0.0000D+00   0.7188D-01   0.0000D+00   0.1598D+00   0.0000D+00   0.1057D+00   0.0000D+00   0.2348D-01   0.0000D+00   0.0000D+00   0.0000D+00   0.4434D+00   0.0000D+00   0.7188D-01   0.0000D+00   0.1598D+00   0.0000D+00
   0.0000D+00   0.0000D+00   0.0000D+00   0.0000D+00   0.0000D+00   0.0000D+00   0.0000D+00   0.0000D+00
  -0.3173D+00   0.3879D-01  -0.2900D+00   0.2245D-01   0.2428D-01  -0.1849D-01  -0.1953D+00   0.4507D-02  -0.3173D+00   0.3879D-01  -0.2900D+00   0.2245D-01
   0.3915D+00  -0.1826D-01   0.6570D-01  -0.5810D-02   0.1013D+00  -0.3773D-01   0.1021D+00   0.0000D+00   0.2519D-01   0.2686D-02  -0.3131D-02   0.8790D-02   0.3915D+00  -0.1826D-01   0.6570D-01  -0.5810D-02   0.1013D+00  -0.3773D-01
  -0.1744D-02  -0.5170D-02  -0.2641D-02  -0.6023D-02  -0.1744D-02  -0.5170D-02  -0.2641D-02  -0.6023D-02
  1.000  1.000
  -0.3405D+00   0.0000D+00  -0.2795D+00   0.0000D+00   0.0000D+00   0.0000D+00  -0.1820D+00   0.0000D+00  -0.3405D+00   0.0000D+00  -0.2795D+00   0.0000D+00
   0.4434D+00   0.0000D+00   0.7188D-01   0.0000D+00   0.1598D+00   0.0000D+00   0.1057D+00   0.0000D+00   0.2348D-01   0.0000D+00   0.0000D+00   0.0000D+00   0.4434D+00   0.0000D+00   0.7188D-01   0.0000D+00   0.1598D+00   0.0000D+00
   0.0000D+00   0.0000D+00   0.0000D+00   0.0000D+00   0.0000D+00   0.0000D+00   0.0000D+00   0.0000D+00
  -0.3221D+00   0.3289D-01  -0.2894D+00   0.1903D-01   0.2059D-01  -0.1568D-01  -0.1940D+00   0.3821D-02  -0.3221D+00   0.3289D-01  -0.2894D+00   0.1903D-01
   0.3957D+00  -0.1681D-01   0.6620D-01  -0.5350D-02   0.1059D+00  -0.3474D-01   0.1024D+00   0.0000D+00   0.2505D-01   0.2473D-02  -0.2883D-02   0.8094D-02   0.3957D+00  -0.1681D-01   0.6620D-01  -0.5350D-02   0.1059D+00  -0.3474D-01
  -0.1606D-02  -0.4760D-02  -0.2432D-02  -0.5546D-02  -0.1606D-02  -0.4760D-02  -0.2432D-02  -0.5546D-02
  1.000  2.000
  -0.3156D+00   0.0000D+00  -0.2590D+00   0.0000D+00   0.0000D+00   0.0000D+00  -0.1687D+00   0.0000D+00  -0.3156D+00   0.0000D+00  -0.2590D+00   0.0000D+00
   0.4434D+00   0.0000D+00   0.7188D-01   0.0000D+00   0.1598D+00   0.0000D+00   0.1057D+00   0.0000D+00   0.2348D-01   0.0000D+00   0.0000D+00   0.0000D+00   0.4434D+00   0.0000D+00   0.7188D-01   0.0000D+00   0.1598D+00   0.0000D+00
   0.0000D+00   0.0000D+00   0.0000D+00   0.0000D+00   0.0000D+00   0.0000D+00   0.0000D+00   0.0000D+00
  -0.3221D+00   0.2825D-01  -0.2859D+00   0.1635D-01   0.1769D-01  -0.1347D-01  -0.1909D+00   0.3282D-02  -0.3221D+00   0.2825D-01  -0.2859D+00   0.1635D-01
   0.3993D+00  -0.1558D-01   0.6663D-01  -0.4959D-02   0.1099D+00  -0.3220D-01   0.1026D+00   0.0000D+00   0.2494D-01   0.2292D-02  -0.2672D-02   0.7501D-02   0.3993D+00  -0.1558D-01   0.6663D-01  -0.4959D-02   0.1099D+00  -0.3220D-01
  -0.1489D-02  -0.4412D-02  -0.2254D-02  -0.5140D-02  -0.1489D-02  -0.4412D-02  -0.2254D-02  -0.5140D-02
  2.000  0.500
  -0.3411D+00   0.0000D+00  -0.2797D+00   0.0000D+00   0.0000D+00   0.0000D+00  -0.1816D+00   0.0000D+00  -0.3411D+00   0.0000D+00  -0.2797D+00   0.0000D+00
   0.4077D+00   0.0000D+00   0.6614D-01   0.0000D+00   0.1471D+00   0.0000D+00   0.9671D-01   0.0000D+00   0.2149D-01   0.0000D+00   0.0000D+00   0.0000D+00   0.4077D+00   0.0000D+00   0.6614D-01   0.0000D+00   0.1471D+00   0.0000D+00
   0.0000D+00   0.0000D+00   0.0000D+00   0.0000D+00   0.0000D+00   0.0000D+00   0.0000D+00   0.0000D+00
  -0.3236D+00   0.3571D-01  -0.2933D+00   0.2068D-01   0.2232D-01  -0.1699D-01  -0.1963D+00   0.4195D-02  -0.3236D+00   0.3571D-01  -0.2933D+00   0.2068D-01
   0.3959D+00  -0.1683D-01   0.6634D-01  -0.5345D-02   0.1062D+00  -0.3462D-01   0.1022D+00   0.0000D+00   0.2510D-01   0.2459D-02  -0.2869D-02   0.8046D-02   0.3959D+00  -0.1683D-01   0.6634D-01  -0.5345D-02   0.1062D+00  -0.3462D-01
  -0.1610D-02  -0.4770D-02  -0.2427D-02  -0.5528D-02  -0.1610D-02  -0.4770D-02  -0.2427D-02  -0.5528D-02
  2.000  1.000
  -0.3140D+00   0.0000D+00  -0.2575D+00   0.0000D+00   0.0000D+00   0.0000D+00  -0.1673D+00   0.0000D+00  -0.3140D+00   0.0000D+00  -0.2575D+00   0.0000D+00
   0.4077D+00   0.0000D+00   0.6614D-01   0.0000D+00   0.1471D+00   0.0000D+00   0.9671D-01   0.0000D+00   0.2149D-01   0.0000D+00   0.0000D+00   0.0000D+00   0.4077D+00   0.0000D+00   0.6614D-01   0.0000D+00   0.1471D+00   0.0000D+00
   0.0000D+00   0.0000D+00   0.0000D+00   0.0000D+00   0.0000D+00   0.0000D+00   0.0000D+00   0.0000D+00
  -0.3233D+00   0.3027D-01  -0.2888D+00   0.1753D-01   0.1893D-01  -0.1441D-01  -0.1925D+00   0.3557D-02  -0.3233D+00   0.3027D-01  -0.2888D+00   0.1753D-01
   0.3969D+00  -0.1549D-01   0.6633D-01  -0.4922D-02   0.1094D+00  -0.3187D-01   0.1017D+00   0.0000D+00   0.2482D-01   0.2264D-02  -0.2642D-02   0.7409D-02   0.3969D+00  -0.1549D-01   0.6633D-01  -0.4922D-02   0.1094D+00  -0.3187D-01
  -0.1482D-02  -0.4392D-02  -0.2235D-02  -0.5090D-02  -0.1482D-02  -0.4392D-02  -0.2235D-02  -0.5090D-02
  2.000  2.000
  -0.2910D+00   0.0000D+00  -0.2387D+00   0.0000D+00   0.0000D+00   0.0000D+00  -0.1550D+00   0.0000D+00  -0.2910D+00   0.0000D+00  -0.2387D+00   0.0000D+00
   0.4077D+00   0.0000D+00   0.6614D-01   0.0000D+00   0.1471D+00   0.0000D+00   0.9671D-01   0.0000D+00   0.2149D-01   0.0000D+00   0.0000D+00   0.0000D+00   0.4077D+00   0.0000D+00   0.6614D-01   0.0000D+00   0.1471D+00   0.0000D+00
   0.0000D+00   0.0000D+00   0.0000D+00   0.0000D+00   0.0000D+00   0.0000D+00   0.0000D+00   0.0000D+00
  -0.3197D+00   0.2600D-01  -0.2825D+00   0.1506D-01   0.1626D-01  -0.1238D-01  -0.1877D+00   0.3055D-02  -0.3197D+00   0.2600D-01  -0.2825D+00   0.1506D-01
   0.3978D+00  -0.1436D-01   0.6633D-01  -0.4562D-02   0.1122D+00  -0.2954D-01   0.1014D+00   0.0000D+00   0.2458D-01   0.2098D-02  -0.2449D-02   0.6866D-02   0.3978D+00  -0.1436D-01   0.6633D-01  -0.4562D-02   0.1122D+00  -0.2954D-01
  -0.1374D-02  -0.4070D-02  -0.2071D-02  -0.4718D-02  -0.1374D-02  -0.4070D-02  -0.2071D-02  -0.4718D-02
