 LHC=           1 sqrts=   8000.0000000000000      ang=           4 mode=fital                                                                                               scalescheme=           1 R=  0.69999999999999996     
 CT10nlo_rand5678                                                                                             375
 Bin information: chid, chiu, md, mu, mu0
   0.0000000000000000       0.50000000000000000        3250.0000000000000        3500.0000000000000        3375.0000000000000     
 9 scales(muf, mur)*(LO(38), NLO(38))
  0.500  0.500
  -0.5194D-07   0.0000D+00  -0.2702D-07   0.0000D+00   0.0000D+00   0.0000D+00  -0.9461D-08   0.0000D+00  -0.5194D-07   0.0000D+00  -0.2702D-07   0.0000D+00
   0.1065D-05   0.0000D+00   0.1444D-06   0.0000D+00   0.5542D-06   0.0000D+00   0.1094D-06   0.0000D+00   0.2432D-07   0.0000D+00   0.0000D+00   0.0000D+00   0.1065D-05   0.0000D+00   0.1444D-06   0.0000D+00   0.5542D-06   0.0000D+00
   0.0000D+00   0.0000D+00   0.0000D+00   0.0000D+00   0.0000D+00   0.0000D+00   0.0000D+00   0.0000D+00
  -0.5885D-07   0.2760D-08  -0.2977D-07   0.1688D-08  -0.9939D-10  -0.7435D-09  -0.9767D-08   0.7254D-09  -0.5885D-07   0.2760D-08  -0.2977D-07   0.1688D-08
   0.9981D-06  -0.5323D-07   0.1331D-06  -0.1388D-07   0.4857D-06  -0.7300D-07   0.1087D-06   0.0000D+00   0.2620D-07   0.2335D-08  -0.1242D-08   0.7643D-08   0.9981D-06  -0.5323D-07   0.1331D-06  -0.1388D-07   0.4857D-06  -0.7300D-07
  -0.6068D-08  -0.1295D-07  -0.4248D-08  -0.8267D-08  -0.6068D-08  -0.1295D-07  -0.4248D-08  -0.8267D-08
  0.500  1.000
  -0.4846D-07   0.0000D+00  -0.2521D-07   0.0000D+00   0.0000D+00   0.0000D+00  -0.8827D-08   0.0000D+00  -0.4846D-07   0.0000D+00  -0.2521D-07   0.0000D+00
   0.1065D-05   0.0000D+00   0.1444D-06   0.0000D+00   0.5542D-06   0.0000D+00   0.1094D-06   0.0000D+00   0.2432D-07   0.0000D+00   0.0000D+00   0.0000D+00   0.1065D-05   0.0000D+00   0.1444D-06   0.0000D+00   0.5542D-06   0.0000D+00
   0.0000D+00   0.0000D+00   0.0000D+00   0.0000D+00   0.0000D+00   0.0000D+00   0.0000D+00   0.0000D+00
  -0.5762D-07   0.2403D-08  -0.2924D-07   0.1469D-08  -0.8650D-10  -0.6472D-09  -0.9667D-08   0.6315D-09  -0.5762D-07   0.2403D-08  -0.2924D-07   0.1469D-08
   0.1003D-05  -0.4966D-07   0.1338D-06  -0.1295D-07   0.4903D-06  -0.6810D-07   0.1088D-06   0.0000D+00   0.2607D-07   0.2179D-08  -0.1159D-08   0.7131D-08   0.1003D-05  -0.4966D-07   0.1338D-06  -0.1295D-07   0.4903D-06  -0.6810D-07
  -0.5661D-08  -0.1208D-07  -0.3963D-08  -0.7713D-08  -0.5661D-08  -0.1208D-07  -0.3963D-08  -0.7713D-08
  0.500  2.000
  -0.4542D-07   0.0000D+00  -0.2363D-07   0.0000D+00   0.0000D+00   0.0000D+00  -0.8273D-08   0.0000D+00  -0.4542D-07   0.0000D+00  -0.2363D-07   0.0000D+00
   0.1065D-05   0.0000D+00   0.1444D-06   0.0000D+00   0.5542D-06   0.0000D+00   0.1094D-06   0.0000D+00   0.2432D-07   0.0000D+00   0.0000D+00   0.0000D+00   0.1065D-05   0.0000D+00   0.1444D-06   0.0000D+00   0.5542D-06   0.0000D+00
   0.0000D+00   0.0000D+00   0.0000D+00   0.0000D+00   0.0000D+00   0.0000D+00   0.0000D+00   0.0000D+00
  -0.5624D-07   0.2111D-08  -0.2861D-07   0.1291D-08  -0.7598D-10  -0.5686D-09  -0.9516D-08   0.5548D-09  -0.5624D-07   0.2111D-08  -0.2861D-07   0.1291D-08
   0.1006D-05  -0.4655D-07   0.1345D-06  -0.1214D-07   0.4943D-06  -0.6384D-07   0.1088D-06   0.0000D+00   0.2596D-07   0.2042D-08  -0.1086D-08   0.6684D-08   0.1006D-05  -0.4655D-07   0.1345D-06  -0.1214D-07   0.4943D-06  -0.6384D-07
  -0.5306D-08  -0.1132D-07  -0.3715D-08  -0.7230D-08  -0.5306D-08  -0.1132D-07  -0.3715D-08  -0.7230D-08
  1.000  0.500
  -0.3855D-07   0.0000D+00  -0.2013D-07   0.0000D+00   0.0000D+00   0.0000D+00  -0.7039D-08   0.0000D+00  -0.3855D-07   0.0000D+00  -0.2013D-07   0.0000D+00
   0.7919D-06   0.0000D+00   0.1074D-06   0.0000D+00   0.4114D-06   0.0000D+00   0.8144D-07   0.0000D+00   0.1810D-07   0.0000D+00   0.0000D+00   0.0000D+00   0.7919D-06   0.0000D+00   0.1074D-06   0.0000D+00   0.4114D-06   0.0000D+00
   0.0000D+00   0.0000D+00   0.0000D+00   0.0000D+00   0.0000D+00   0.0000D+00   0.0000D+00   0.0000D+00
  -0.5522D-07   0.2056D-08  -0.2812D-07   0.1254D-08  -0.9799D-10  -0.5532D-09  -0.9343D-08   0.5406D-09  -0.5522D-07   0.2056D-08  -0.2812D-07   0.1254D-08
   0.9780D-06  -0.3951D-07   0.1307D-06  -0.1031D-07   0.4832D-06  -0.5432D-07   0.1050D-06   0.0000D+00   0.2484D-07   0.1738D-08  -0.8703D-09   0.5689D-08   0.9780D-06  -0.3951D-07   0.1307D-06  -0.1031D-07   0.4832D-06  -0.5432D-07
  -0.4503D-08  -0.9610D-08  -0.3163D-08  -0.6176D-08  -0.4503D-08  -0.9610D-08  -0.3163D-08  -0.6176D-08
  1.000  1.000
  -0.3597D-07   0.0000D+00  -0.1878D-07   0.0000D+00   0.0000D+00   0.0000D+00  -0.6567D-08   0.0000D+00  -0.3597D-07   0.0000D+00  -0.1878D-07   0.0000D+00
   0.7919D-06   0.0000D+00   0.1074D-06   0.0000D+00   0.4114D-06   0.0000D+00   0.8144D-07   0.0000D+00   0.1810D-07   0.0000D+00   0.0000D+00   0.0000D+00   0.7919D-06   0.0000D+00   0.1074D-06   0.0000D+00   0.4114D-06   0.0000D+00
   0.0000D+00   0.0000D+00   0.0000D+00   0.0000D+00   0.0000D+00   0.0000D+00   0.0000D+00   0.0000D+00
  -0.5281D-07   0.1789D-08  -0.2695D-07   0.1091D-08  -0.8528D-10  -0.4815D-09  -0.8999D-08   0.4706D-09  -0.5281D-07   0.1789D-08  -0.2695D-07   0.1091D-08
   0.9655D-06  -0.3687D-07   0.1291D-06  -0.9617D-08   0.4784D-06  -0.5068D-07   0.1034D-06   0.0000D+00   0.2438D-07   0.1622D-08  -0.8120D-09   0.5307D-08   0.9655D-06  -0.3687D-07   0.1291D-06  -0.9617D-08   0.4784D-06  -0.5068D-07
  -0.4202D-08  -0.8966D-08  -0.2951D-08  -0.5762D-08  -0.4202D-08  -0.8966D-08  -0.2951D-08  -0.5762D-08
  1.000  2.000
  -0.3371D-07   0.0000D+00  -0.1760D-07   0.0000D+00   0.0000D+00   0.0000D+00  -0.6156D-08   0.0000D+00  -0.3371D-07   0.0000D+00  -0.1760D-07   0.0000D+00
   0.7919D-06   0.0000D+00   0.1074D-06   0.0000D+00   0.4114D-06   0.0000D+00   0.8144D-07   0.0000D+00   0.1810D-07   0.0000D+00   0.0000D+00   0.0000D+00   0.7919D-06   0.0000D+00   0.1074D-06   0.0000D+00   0.4114D-06   0.0000D+00
   0.0000D+00   0.0000D+00   0.0000D+00   0.0000D+00   0.0000D+00   0.0000D+00   0.0000D+00   0.0000D+00
  -0.5056D-07   0.1572D-08  -0.2585D-07   0.9588D-09  -0.7491D-10  -0.4231D-09  -0.8667D-08   0.4134D-09  -0.5056D-07   0.1572D-08  -0.2585D-07   0.9588D-09
   0.9546D-06  -0.3456D-07   0.1278D-06  -0.9014D-08   0.4742D-06  -0.4751D-07   0.1020D-06   0.0000D+00   0.2399D-07   0.1520D-08  -0.7612D-09   0.4975D-08   0.9546D-06  -0.3456D-07   0.1278D-06  -0.9014D-08   0.4742D-06  -0.4751D-07
  -0.3938D-08  -0.8404D-08  -0.2766D-08  -0.5401D-08  -0.3938D-08  -0.8404D-08  -0.2766D-08  -0.5401D-08
  2.000  0.500
  -0.2920D-07   0.0000D+00  -0.1528D-07   0.0000D+00   0.0000D+00   0.0000D+00  -0.5338D-08   0.0000D+00  -0.2920D-07   0.0000D+00  -0.1528D-07   0.0000D+00
   0.6009D-06   0.0000D+00   0.8156D-07   0.0000D+00   0.3114D-06   0.0000D+00   0.6174D-07   0.0000D+00   0.1372D-07   0.0000D+00   0.0000D+00   0.0000D+00   0.6009D-06   0.0000D+00   0.8156D-07   0.0000D+00   0.3114D-06   0.0000D+00
   0.0000D+00   0.0000D+00   0.0000D+00   0.0000D+00   0.0000D+00   0.0000D+00   0.0000D+00   0.0000D+00
  -0.5056D-07   0.1561D-08  -0.2587D-07   0.9505D-09  -0.6699D-10  -0.4196D-09  -0.8669D-08   0.4106D-09  -0.5056D-07   0.1561D-08  -0.2587D-07   0.9505D-09
   0.9213D-06  -0.2991D-07   0.1235D-06  -0.7816D-08   0.4590D-06  -0.4115D-07   0.9790D-07   0.0000D+00   0.2290D-07   0.1318D-08  -0.6429D-09   0.4312D-08   0.9213D-06  -0.2991D-07   0.1235D-06  -0.7816D-08   0.4590D-06  -0.4115D-07
  -0.3411D-08  -0.7271D-08  -0.2398D-08  -0.4678D-08  -0.3411D-08  -0.7271D-08  -0.2398D-08  -0.4678D-08
  2.000  1.000
  -0.2724D-07   0.0000D+00  -0.1426D-07   0.0000D+00   0.0000D+00   0.0000D+00  -0.4981D-08   0.0000D+00  -0.2724D-07   0.0000D+00  -0.1426D-07   0.0000D+00
   0.6009D-06   0.0000D+00   0.8156D-07   0.0000D+00   0.3114D-06   0.0000D+00   0.6174D-07   0.0000D+00   0.1372D-07   0.0000D+00   0.0000D+00   0.0000D+00   0.6009D-06   0.0000D+00   0.8156D-07   0.0000D+00   0.3114D-06   0.0000D+00
   0.0000D+00   0.0000D+00   0.0000D+00   0.0000D+00   0.0000D+00   0.0000D+00   0.0000D+00   0.0000D+00
  -0.4760D-07   0.1359D-08  -0.2440D-07   0.8273D-09  -0.5830D-10  -0.3653D-09  -0.8204D-08   0.3575D-09  -0.4760D-07   0.1359D-08  -0.2440D-07   0.8273D-09
   0.8998D-06  -0.2790D-07   0.1207D-06  -0.7292D-08   0.4491D-06  -0.3839D-07   0.9548D-07   0.0000D+00   0.2229D-07   0.1229D-08  -0.5998D-09   0.4023D-08   0.8998D-06  -0.2790D-07   0.1207D-06  -0.7292D-08   0.4491D-06  -0.3839D-07
  -0.3183D-08  -0.6783D-08  -0.2237D-08  -0.4364D-08  -0.3183D-08  -0.6783D-08  -0.2237D-08  -0.4364D-08
  2.000  2.000
  -0.2553D-07   0.0000D+00  -0.1336D-07   0.0000D+00   0.0000D+00   0.0000D+00  -0.4668D-08   0.0000D+00  -0.2553D-07   0.0000D+00  -0.1336D-07   0.0000D+00
   0.6009D-06   0.0000D+00   0.8156D-07   0.0000D+00   0.3114D-06   0.0000D+00   0.6174D-07   0.0000D+00   0.1372D-07   0.0000D+00   0.0000D+00   0.0000D+00   0.6009D-06   0.0000D+00   0.8156D-07   0.0000D+00   0.3114D-06   0.0000D+00
   0.0000D+00   0.0000D+00   0.0000D+00   0.0000D+00   0.0000D+00   0.0000D+00   0.0000D+00   0.0000D+00
  -0.4498D-07   0.1194D-08  -0.2309D-07   0.7269D-09  -0.5121D-10  -0.3209D-09  -0.7784D-08   0.3141D-09  -0.4498D-07   0.1194D-08  -0.2309D-07   0.7269D-09
   0.8811D-06  -0.2615D-07   0.1182D-06  -0.6835D-08   0.4405D-06  -0.3599D-07   0.9336D-07   0.0000D+00   0.2175D-07   0.1152D-08  -0.5623D-09   0.3771D-08   0.8811D-06  -0.2615D-07   0.1182D-06  -0.6835D-08   0.4405D-06  -0.3599D-07
  -0.2983D-08  -0.6358D-08  -0.2097D-08  -0.4091D-08  -0.2983D-08  -0.6358D-08  -0.2097D-08  -0.4091D-08
