 LHC=           1 sqrts=   8000.0000000000000      ang=           4 mode=fital                                                                                               scalescheme=           1 R=  0.69999999999999996     
 CT10nlo_rand5678                                                                                             250
 Bin information: chid, chiu, md, mu, mu0
   0.0000000000000000       0.50000000000000000        153.00000000000000        174.00000000000000        163.50000000000000     
 9 scales(muf, mur)*(LO(38), NLO(38))
  0.500  0.500
  -0.6113D+01   0.0000D+00  -0.9250D+01   0.0000D+00   0.0000D+00   0.0000D+00  -0.9501D+01   0.0000D+00  -0.6113D+01   0.0000D+00  -0.9250D+01   0.0000D+00
   0.5582D+00   0.0000D+00   0.1027D+00   0.0000D+00   0.1262D+00   0.0000D+00   0.2382D+00   0.0000D+00   0.5294D-01   0.0000D+00   0.0000D+00   0.0000D+00   0.5582D+00   0.0000D+00   0.1027D+00   0.0000D+00   0.1262D+00   0.0000D+00
   0.0000D+00   0.0000D+00   0.0000D+00   0.0000D+00   0.0000D+00   0.0000D+00   0.0000D+00   0.0000D+00
  -0.4175D+01   0.1545D+01  -0.7699D+01   0.9183D+00   0.7547D+00  -0.1090D+01  -0.8634D+01  -0.8283D-01  -0.4175D+01   0.1545D+01  -0.7699D+01   0.9183D+00
   0.7455D+00  -0.1767D-01   0.1374D+00  -0.7605D-02   0.1157D+00  -0.6021D-01   0.3019D+00   0.0000D+00   0.7766D-01   0.7396D-02   0.1694D-02   0.2420D-01   0.7455D+00  -0.1767D-01   0.1374D+00  -0.7605D-02   0.1157D+00  -0.6021D-01
  -0.8778D-03  -0.6628D-02  -0.4300D-02  -0.1273D-01  -0.8778D-03  -0.6628D-02  -0.4300D-02  -0.1273D-01
  0.500  1.000
  -0.5528D+01   0.0000D+00  -0.8364D+01   0.0000D+00   0.0000D+00   0.0000D+00  -0.8591D+01   0.0000D+00  -0.5528D+01   0.0000D+00  -0.8364D+01   0.0000D+00
   0.5582D+00   0.0000D+00   0.1027D+00   0.0000D+00   0.1262D+00   0.0000D+00   0.2382D+00   0.0000D+00   0.5294D-01   0.0000D+00   0.0000D+00   0.0000D+00   0.5582D+00   0.0000D+00   0.1027D+00   0.0000D+00   0.1262D+00   0.0000D+00
   0.0000D+00   0.0000D+00   0.0000D+00   0.0000D+00   0.0000D+00   0.0000D+00   0.0000D+00   0.0000D+00
  -0.4454D+01   0.1263D+01  -0.7870D+01   0.7508D+00   0.6168D+00  -0.8908D+00  -0.8677D+01  -0.6772D-01  -0.4454D+01   0.1263D+01  -0.7870D+01   0.7508D+00
   0.7288D+00  -0.1597D-01   0.1343D+00  -0.6877D-02   0.1170D+00  -0.5445D-01   0.2962D+00   0.0000D+00   0.7540D-01   0.6688D-02   0.1548D-02   0.2189D-01   0.7288D+00  -0.1597D-01   0.1343D+00  -0.6877D-02   0.1170D+00  -0.5445D-01
  -0.7936D-03  -0.5993D-02  -0.3888D-02  -0.1151D-01  -0.7936D-03  -0.5993D-02  -0.3888D-02  -0.1151D-01
  0.500  2.000
  -0.5045D+01   0.0000D+00  -0.7633D+01   0.0000D+00   0.0000D+00   0.0000D+00  -0.7840D+01   0.0000D+00  -0.5045D+01   0.0000D+00  -0.7633D+01   0.0000D+00
   0.5582D+00   0.0000D+00   0.1027D+00   0.0000D+00   0.1262D+00   0.0000D+00   0.2382D+00   0.0000D+00   0.5294D-01   0.0000D+00   0.0000D+00   0.0000D+00   0.5582D+00   0.0000D+00   0.1027D+00   0.0000D+00   0.1262D+00   0.0000D+00
   0.0000D+00   0.0000D+00   0.0000D+00   0.0000D+00   0.0000D+00   0.0000D+00   0.0000D+00   0.0000D+00
  -0.4577D+01   0.1052D+01  -0.7866D+01   0.6253D+00   0.5135D+00  -0.7419D+00  -0.8573D+01  -0.5640D-01  -0.4577D+01   0.1052D+01  -0.7866D+01   0.6253D+00
   0.7149D+00  -0.1458D-01   0.1317D+00  -0.6276D-02   0.1180D+00  -0.4969D-01   0.2914D+00   0.0000D+00   0.7352D-01   0.6103D-02   0.1426D-02   0.1997D-01   0.7149D+00  -0.1458D-01   0.1317D+00  -0.6276D-02   0.1180D+00  -0.4969D-01
  -0.7242D-03  -0.5469D-02  -0.3548D-02  -0.1051D-01  -0.7242D-03  -0.5469D-02  -0.3548D-02  -0.1051D-01
  1.000  0.500
  -0.6095D+01   0.0000D+00  -0.9288D+01   0.0000D+00   0.0000D+00   0.0000D+00  -0.9567D+01   0.0000D+00  -0.6095D+01   0.0000D+00  -0.9288D+01   0.0000D+00
   0.5557D+00   0.0000D+00   0.1030D+00   0.0000D+00   0.1248D+00   0.0000D+00   0.2375D+00   0.0000D+00   0.5279D-01   0.0000D+00   0.0000D+00   0.0000D+00   0.5557D+00   0.0000D+00   0.1030D+00   0.0000D+00   0.1248D+00   0.0000D+00
   0.0000D+00   0.0000D+00   0.0000D+00   0.0000D+00   0.0000D+00   0.0000D+00   0.0000D+00   0.0000D+00
  -0.4164D+01   0.1547D+01  -0.7667D+01   0.9252D+00   0.7329D+00  -0.1096D+01  -0.8703D+01  -0.8164D-01  -0.4164D+01   0.1547D+01  -0.7667D+01   0.9252D+00
   0.7192D+00  -0.1749D-01   0.1340D+00  -0.7578D-02   0.1105D+00  -0.5978D-01   0.2956D+00   0.0000D+00   0.7557D-01   0.7404D-02   0.1610D-02   0.2423D-01   0.7192D+00  -0.1749D-01   0.1340D+00  -0.7578D-02   0.1105D+00  -0.5978D-01
  -0.8850D-03  -0.6727D-02  -0.4344D-02  -0.1287D-01  -0.8850D-03  -0.6727D-02  -0.4344D-02  -0.1287D-01
  1.000  1.000
  -0.5511D+01   0.0000D+00  -0.8398D+01   0.0000D+00   0.0000D+00   0.0000D+00  -0.8651D+01   0.0000D+00  -0.5511D+01   0.0000D+00  -0.8398D+01   0.0000D+00
   0.5557D+00   0.0000D+00   0.1030D+00   0.0000D+00   0.1248D+00   0.0000D+00   0.2375D+00   0.0000D+00   0.5279D-01   0.0000D+00   0.0000D+00   0.0000D+00   0.5557D+00   0.0000D+00   0.1030D+00   0.0000D+00   0.1248D+00   0.0000D+00
   0.0000D+00   0.0000D+00   0.0000D+00   0.0000D+00   0.0000D+00   0.0000D+00   0.0000D+00   0.0000D+00
  -0.4442D+01   0.1265D+01  -0.7850D+01   0.7564D+00   0.5989D+00  -0.8961D+00  -0.8744D+01  -0.6674D-01  -0.4442D+01   0.1265D+01  -0.7850D+01   0.7564D+00
   0.7047D+00  -0.1582D-01   0.1312D+00  -0.6852D-02   0.1122D+00  -0.5406D-01   0.2903D+00   0.0000D+00   0.7348D-01   0.6695D-02   0.1471D-02   0.2191D-01   0.7047D+00  -0.1582D-01   0.1312D+00  -0.6852D-02   0.1122D+00  -0.5406D-01
  -0.8002D-03  -0.6083D-02  -0.3927D-02  -0.1163D-01  -0.8002D-03  -0.6083D-02  -0.3927D-02  -0.1163D-01
  1.000  2.000
  -0.5029D+01   0.0000D+00  -0.7664D+01   0.0000D+00   0.0000D+00   0.0000D+00  -0.7895D+01   0.0000D+00  -0.5029D+01   0.0000D+00  -0.7664D+01   0.0000D+00
   0.5557D+00   0.0000D+00   0.1030D+00   0.0000D+00   0.1248D+00   0.0000D+00   0.2375D+00   0.0000D+00   0.5279D-01   0.0000D+00   0.0000D+00   0.0000D+00   0.5557D+00   0.0000D+00   0.1030D+00   0.0000D+00   0.1248D+00   0.0000D+00
   0.0000D+00   0.0000D+00   0.0000D+00   0.0000D+00   0.0000D+00   0.0000D+00   0.0000D+00   0.0000D+00
  -0.4564D+01   0.1054D+01  -0.7854D+01   0.6299D+00   0.4986D+00  -0.7463D+00  -0.8638D+01  -0.5559D-01  -0.4564D+01   0.1054D+01  -0.7854D+01   0.6299D+00
   0.6926D+00  -0.1444D-01   0.1289D+00  -0.6253D-02   0.1135D+00  -0.4934D-01   0.2860D+00   0.0000D+00   0.7175D-01   0.6110D-02   0.1356D-02   0.2000D-01   0.6926D+00  -0.1444D-01   0.1289D+00  -0.6253D-02   0.1135D+00  -0.4934D-01
  -0.7302D-03  -0.5551D-02  -0.3584D-02  -0.1062D-01  -0.7302D-03  -0.5551D-02  -0.3584D-02  -0.1062D-01
  2.000  0.500
  -0.6005D+01   0.0000D+00  -0.9258D+01   0.0000D+00   0.0000D+00   0.0000D+00  -0.9499D+01   0.0000D+00  -0.6005D+01   0.0000D+00  -0.9258D+01   0.0000D+00
   0.5550D+00   0.0000D+00   0.1021D+00   0.0000D+00   0.1225D+00   0.0000D+00   0.2345D+00   0.0000D+00   0.5211D-01   0.0000D+00   0.0000D+00   0.0000D+00   0.5550D+00   0.0000D+00   0.1021D+00   0.0000D+00   0.1225D+00   0.0000D+00
   0.0000D+00   0.0000D+00   0.0000D+00   0.0000D+00   0.0000D+00   0.0000D+00   0.0000D+00   0.0000D+00
  -0.4172D+01   0.1542D+01  -0.7826D+01   0.9216D+00   0.7558D+00  -0.1090D+01  -0.8756D+01  -0.8039D-01  -0.4172D+01   0.1542D+01  -0.7826D+01   0.9216D+00
   0.6775D+00  -0.1721D-01   0.1267D+00  -0.7485D-02   0.9843D-01  -0.5960D-01   0.2825D+00   0.0000D+00   0.7189D-01   0.7334D-02   0.1242D-02   0.2400D-01   0.6775D+00  -0.1721D-01   0.1267D+00  -0.7485D-02   0.9843D-01  -0.5960D-01
  -0.8850D-03  -0.6585D-02  -0.4371D-02  -0.1267D-01  -0.8850D-03  -0.6585D-02  -0.4371D-02  -0.1267D-01
  2.000  1.000
  -0.5430D+01   0.0000D+00  -0.8371D+01   0.0000D+00   0.0000D+00   0.0000D+00  -0.8589D+01   0.0000D+00  -0.5430D+01   0.0000D+00  -0.8371D+01   0.0000D+00
   0.5550D+00   0.0000D+00   0.1021D+00   0.0000D+00   0.1225D+00   0.0000D+00   0.2345D+00   0.0000D+00   0.5211D-01   0.0000D+00   0.0000D+00   0.0000D+00   0.5550D+00   0.0000D+00   0.1021D+00   0.0000D+00   0.1225D+00   0.0000D+00
   0.0000D+00   0.0000D+00   0.0000D+00   0.0000D+00   0.0000D+00   0.0000D+00   0.0000D+00   0.0000D+00
  -0.4466D+01   0.1261D+01  -0.8008D+01   0.7535D+00   0.6181D+00  -0.8916D+00  -0.8801D+01  -0.6573D-01  -0.4466D+01   0.1261D+01  -0.8008D+01   0.7535D+00
   0.6940D+00  -0.1556D-01   0.1289D+00  -0.6768D-02   0.1087D+00  -0.5390D-01   0.2838D+00   0.0000D+00   0.7175D-01   0.6632D-02   0.1218D-02   0.2170D-01   0.6940D+00  -0.1556D-01   0.1289D+00  -0.6768D-02   0.1087D+00  -0.5390D-01
  -0.8001D-03  -0.5954D-02  -0.3952D-02  -0.1146D-01  -0.8001D-03  -0.5954D-02  -0.3952D-02  -0.1146D-01
  2.000  2.000
  -0.4955D+01   0.0000D+00  -0.7639D+01   0.0000D+00   0.0000D+00   0.0000D+00  -0.7838D+01   0.0000D+00  -0.4955D+01   0.0000D+00  -0.7639D+01   0.0000D+00
   0.5550D+00   0.0000D+00   0.1021D+00   0.0000D+00   0.1225D+00   0.0000D+00   0.2345D+00   0.0000D+00   0.5211D-01   0.0000D+00   0.0000D+00   0.0000D+00   0.5550D+00   0.0000D+00   0.1021D+00   0.0000D+00   0.1225D+00   0.0000D+00
   0.0000D+00   0.0000D+00   0.0000D+00   0.0000D+00   0.0000D+00   0.0000D+00   0.0000D+00   0.0000D+00
  -0.4571D+01   0.1050D+01  -0.7981D+01   0.6276D+00   0.5147D+00  -0.7426D+00  -0.8676D+01  -0.5474D-01  -0.4571D+01   0.1050D+01  -0.7981D+01   0.6276D+00
   0.6828D+00  -0.1420D-01   0.1268D+00  -0.6177D-02   0.1101D+00  -0.4919D-01   0.2798D+00   0.0000D+00   0.7011D-01   0.6053D-02   0.1122D-02   0.1981D-01   0.6828D+00  -0.1420D-01   0.1268D+00  -0.6177D-02   0.1101D+00  -0.4919D-01
  -0.7302D-03  -0.5434D-02  -0.3607D-02  -0.1046D-01  -0.7302D-03  -0.5434D-02  -0.3607D-02  -0.1046D-01
