 LHC=           1 sqrts=   8000.0000000000000      ang=           4 mode=fital                                                                                               scalescheme=           1 R=  0.69999999999999996     
 CT10nlo_rand5678                                                                                             250
 Bin information: chid, chiu, md, mu, mu0
   0.0000000000000000       0.50000000000000000        430.00000000000000        468.00000000000000        449.00000000000000     
 9 scales(muf, mur)*(LO(38), NLO(38))
  0.500  0.500
  -0.1108D+01   0.0000D+00  -0.1101D+01   0.0000D+00   0.0000D+00   0.0000D+00  -0.9286D+00   0.0000D+00  -0.1108D+01   0.0000D+00  -0.1101D+01   0.0000D+00
   0.6154D+00   0.0000D+00   0.1052D+00   0.0000D+00   0.1873D+00   0.0000D+00   0.1983D+00   0.0000D+00   0.4408D-01   0.0000D+00   0.0000D+00   0.0000D+00   0.6154D+00   0.0000D+00   0.1052D+00   0.0000D+00   0.1873D+00   0.0000D+00
   0.0000D+00   0.0000D+00   0.0000D+00   0.0000D+00   0.0000D+00   0.0000D+00   0.0000D+00   0.0000D+00
  -0.8236D+00   0.1546D+00  -0.9492D+00   0.9245D-01   0.9391D-01  -0.9213D-01  -0.8585D+00   0.4841D-02  -0.8236D+00   0.1546D+00  -0.9492D+00   0.9245D-01
   0.5534D+00  -0.2272D-01   0.9747D-01  -0.8014D-02   0.1101D+00  -0.5625D-01   0.1871D+00   0.0000D+00   0.4689D-01   0.5348D-02  -0.2484D-02   0.1750D-01   0.5534D+00  -0.2272D-01   0.9747D-01  -0.8014D-02   0.1101D+00  -0.5625D-01
  -0.1888D-02  -0.7160D-02  -0.4172D-02  -0.1033D-01  -0.1888D-02  -0.7160D-02  -0.4172D-02  -0.1033D-01
  0.500  1.000
  -0.1015D+01   0.0000D+00  -0.1009D+01   0.0000D+00   0.0000D+00   0.0000D+00  -0.8508D+00   0.0000D+00  -0.1015D+01   0.0000D+00  -0.1009D+01   0.0000D+00
   0.6154D+00   0.0000D+00   0.1052D+00   0.0000D+00   0.1873D+00   0.0000D+00   0.1983D+00   0.0000D+00   0.4408D-01   0.0000D+00   0.0000D+00   0.0000D+00   0.6154D+00   0.0000D+00   0.1052D+00   0.0000D+00   0.1873D+00   0.0000D+00
   0.0000D+00   0.0000D+00   0.0000D+00   0.0000D+00   0.0000D+00   0.0000D+00   0.0000D+00   0.0000D+00
  -0.8585D+00   0.1298D+00  -0.9630D+00   0.7761D-01   0.7883D-01  -0.7734D-01  -0.8608D+00   0.4064D-02  -0.8585D+00   0.1298D+00  -0.9630D+00   0.7761D-01
   0.5588D+00  -0.2082D-01   0.9816D-01  -0.7343D-02   0.1167D+00  -0.5154D-01   0.1881D+00   0.0000D+00   0.4667D-01   0.4900D-02  -0.2275D-02   0.1604D-01   0.5588D+00  -0.2082D-01   0.9816D-01  -0.7343D-02   0.1167D+00  -0.5154D-01
  -0.1730D-02  -0.6561D-02  -0.3822D-02  -0.9467D-02  -0.1730D-02  -0.6561D-02  -0.3822D-02  -0.9467D-02
  0.500  2.000
  -0.9367D+00   0.0000D+00  -0.9313D+00   0.0000D+00   0.0000D+00   0.0000D+00  -0.7852D+00   0.0000D+00  -0.9367D+00   0.0000D+00  -0.9313D+00   0.0000D+00
   0.6154D+00   0.0000D+00   0.1052D+00   0.0000D+00   0.1873D+00   0.0000D+00   0.1983D+00   0.0000D+00   0.4408D-01   0.0000D+00   0.0000D+00   0.0000D+00   0.6154D+00   0.0000D+00   0.1052D+00   0.0000D+00   0.1873D+00   0.0000D+00
   0.0000D+00   0.0000D+00   0.0000D+00   0.0000D+00   0.0000D+00   0.0000D+00   0.0000D+00   0.0000D+00
  -0.8733D+00   0.1106D+00  -0.9616D+00   0.6611D-01   0.6715D-01  -0.6588D-01  -0.8523D+00   0.3462D-02  -0.8733D+00   0.1106D+00  -0.9616D+00   0.6611D-01
   0.5633D+00  -0.1921D-01   0.9874D-01  -0.6777D-02   0.1222D+00  -0.4757D-01   0.1890D+00   0.0000D+00   0.4648D-01   0.4522D-02  -0.2099D-02   0.1480D-01   0.5633D+00  -0.1921D-01   0.9874D-01  -0.6777D-02   0.1222D+00  -0.4757D-01
  -0.1597D-02  -0.6055D-02  -0.3528D-02  -0.8738D-02  -0.1597D-02  -0.6055D-02  -0.3528D-02  -0.8738D-02
  1.000  0.500
  -0.1042D+01   0.0000D+00  -0.1038D+01   0.0000D+00   0.0000D+00   0.0000D+00  -0.8701D+00   0.0000D+00  -0.1042D+01   0.0000D+00  -0.1038D+01   0.0000D+00
   0.5758D+00   0.0000D+00   0.9878D-01   0.0000D+00   0.1757D+00   0.0000D+00   0.1854D+00   0.0000D+00   0.4121D-01   0.0000D+00   0.0000D+00   0.0000D+00   0.5758D+00   0.0000D+00   0.9878D-01   0.0000D+00   0.1757D+00   0.0000D+00
   0.0000D+00   0.0000D+00   0.0000D+00   0.0000D+00   0.0000D+00   0.0000D+00   0.0000D+00   0.0000D+00
  -0.8426D+00   0.1457D+00  -0.9558D+00   0.8660D-01   0.8781D-01  -0.8640D-01  -0.8590D+00   0.4710D-02  -0.8426D+00   0.1457D+00  -0.9558D+00   0.8660D-01
   0.5479D+00  -0.2131D-01   0.9643D-01  -0.7528D-02   0.1135D+00  -0.5278D-01   0.1864D+00   0.0000D+00   0.4636D-01   0.5000D-02  -0.2329D-02   0.1636D-01   0.5479D+00  -0.2131D-01   0.9643D-01  -0.7528D-02   0.1135D+00  -0.5278D-01
  -0.1781D-02  -0.6772D-02  -0.3930D-02  -0.9664D-02  -0.1781D-02  -0.6772D-02  -0.3930D-02  -0.9664D-02
  1.000  1.000
  -0.9551D+00   0.0000D+00  -0.9515D+00   0.0000D+00   0.0000D+00   0.0000D+00  -0.7972D+00   0.0000D+00  -0.9551D+00   0.0000D+00  -0.9515D+00   0.0000D+00
   0.5758D+00   0.0000D+00   0.9878D-01   0.0000D+00   0.1757D+00   0.0000D+00   0.1854D+00   0.0000D+00   0.4121D-01   0.0000D+00   0.0000D+00   0.0000D+00   0.5758D+00   0.0000D+00   0.9878D-01   0.0000D+00   0.1757D+00   0.0000D+00
   0.0000D+00   0.0000D+00   0.0000D+00   0.0000D+00   0.0000D+00   0.0000D+00   0.0000D+00   0.0000D+00
  -0.8647D+00   0.1223D+00  -0.9591D+00   0.7270D-01   0.7371D-01  -0.7253D-01  -0.8524D+00   0.3955D-02  -0.8647D+00   0.1223D+00  -0.9591D+00   0.7270D-01
   0.5504D+00  -0.1953D-01   0.9666D-01  -0.6897D-02   0.1188D+00  -0.4836D-01   0.1864D+00   0.0000D+00   0.4595D-01   0.4581D-02  -0.2133D-02   0.1499D-01   0.5504D+00  -0.1953D-01   0.9666D-01  -0.6897D-02   0.1188D+00  -0.4836D-01
  -0.1632D-02  -0.6205D-02  -0.3601D-02  -0.8854D-02  -0.1632D-02  -0.6205D-02  -0.3601D-02  -0.8854D-02
  1.000  2.000
  -0.8815D+00   0.0000D+00  -0.8782D+00   0.0000D+00   0.0000D+00   0.0000D+00  -0.7357D+00   0.0000D+00  -0.8815D+00   0.0000D+00  -0.8782D+00   0.0000D+00
   0.5758D+00   0.0000D+00   0.9878D-01   0.0000D+00   0.1757D+00   0.0000D+00   0.1854D+00   0.0000D+00   0.4121D-01   0.0000D+00   0.0000D+00   0.0000D+00   0.5758D+00   0.0000D+00   0.9878D-01   0.0000D+00   0.1757D+00   0.0000D+00
   0.0000D+00   0.0000D+00   0.0000D+00   0.0000D+00   0.0000D+00   0.0000D+00   0.0000D+00   0.0000D+00
  -0.8702D+00   0.1042D+00  -0.9502D+00   0.6192D-01   0.6278D-01  -0.6178D-01  -0.8377D+00   0.3369D-02  -0.8702D+00   0.1042D+00  -0.9502D+00   0.6192D-01
   0.5526D+00  -0.1802D-01   0.9685D-01  -0.6366D-02   0.1232D+00  -0.4463D-01   0.1863D+00   0.0000D+00   0.4559D-01   0.4228D-02  -0.1969D-02   0.1384D-01   0.5526D+00  -0.1802D-01   0.9685D-01  -0.6366D-02   0.1232D+00  -0.4463D-01
  -0.1506D-02  -0.5727D-02  -0.3323D-02  -0.8172D-02  -0.1506D-02  -0.5727D-02  -0.3323D-02  -0.8172D-02
  2.000  0.500
  -0.9805D+00   0.0000D+00  -0.9805D+00   0.0000D+00   0.0000D+00   0.0000D+00  -0.8185D+00   0.0000D+00  -0.9805D+00   0.0000D+00  -0.9805D+00   0.0000D+00
   0.5419D+00   0.0000D+00   0.9302D-01   0.0000D+00   0.1655D+00   0.0000D+00   0.1742D+00   0.0000D+00   0.3870D-01   0.0000D+00   0.0000D+00   0.0000D+00   0.5419D+00   0.0000D+00   0.9302D-01   0.0000D+00   0.1655D+00   0.0000D+00
   0.0000D+00   0.0000D+00   0.0000D+00   0.0000D+00   0.0000D+00   0.0000D+00   0.0000D+00   0.0000D+00
  -0.8527D+00   0.1380D+00  -0.9696D+00   0.8181D-01   0.8419D-01  -0.8126D-01  -0.8625D+00   0.4591D-02  -0.8527D+00   0.1380D+00  -0.9696D+00   0.8181D-01
   0.5490D+00  -0.2007D-01   0.9671D-01  -0.7064D-02   0.1162D+00  -0.4948D-01   0.1856D+00   0.0000D+00   0.4608D-01   0.4694D-02  -0.2120D-02   0.1536D-01   0.5490D+00  -0.2007D-01   0.9671D-01  -0.7064D-02   0.1162D+00  -0.4948D-01
  -0.1688D-02  -0.6302D-02  -0.3712D-02  -0.9105D-02  -0.1688D-02  -0.6302D-02  -0.3712D-02  -0.9105D-02
  2.000  1.000
  -0.8983D+00   0.0000D+00  -0.8984D+00   0.0000D+00   0.0000D+00   0.0000D+00  -0.7500D+00   0.0000D+00  -0.8983D+00   0.0000D+00  -0.8984D+00   0.0000D+00
   0.5419D+00   0.0000D+00   0.9302D-01   0.0000D+00   0.1655D+00   0.0000D+00   0.1742D+00   0.0000D+00   0.3870D-01   0.0000D+00   0.0000D+00   0.0000D+00   0.5419D+00   0.0000D+00   0.9302D-01   0.0000D+00   0.1655D+00   0.0000D+00
   0.0000D+00   0.0000D+00   0.0000D+00   0.0000D+00   0.0000D+00   0.0000D+00   0.0000D+00   0.0000D+00
  -0.8637D+00   0.1158D+00  -0.9619D+00   0.6868D-01   0.7067D-01  -0.6821D-01  -0.8476D+00   0.3854D-02  -0.8637D+00   0.1158D+00  -0.9619D+00   0.6868D-01
   0.5486D+00  -0.1839D-01   0.9644D-01  -0.6473D-02   0.1204D+00  -0.4533D-01   0.1846D+00   0.0000D+00   0.4548D-01   0.4301D-02  -0.1942D-02   0.1408D-01   0.5486D+00  -0.1839D-01   0.9644D-01  -0.6473D-02   0.1204D+00  -0.4533D-01
  -0.1546D-02  -0.5775D-02  -0.3401D-02  -0.8342D-02  -0.1546D-02  -0.5775D-02  -0.3401D-02  -0.8342D-02
  2.000  2.000
  -0.8291D+00   0.0000D+00  -0.8291D+00   0.0000D+00   0.0000D+00   0.0000D+00  -0.6922D+00   0.0000D+00  -0.8291D+00   0.0000D+00  -0.8291D+00   0.0000D+00
   0.5419D+00   0.0000D+00   0.9302D-01   0.0000D+00   0.1655D+00   0.0000D+00   0.1742D+00   0.0000D+00   0.3870D-01   0.0000D+00   0.0000D+00   0.0000D+00   0.5419D+00   0.0000D+00   0.9302D-01   0.0000D+00   0.1655D+00   0.0000D+00
   0.0000D+00   0.0000D+00   0.0000D+00   0.0000D+00   0.0000D+00   0.0000D+00   0.0000D+00   0.0000D+00
  -0.8615D+00   0.9867D-01  -0.9452D+00   0.5850D-01   0.6019D-01  -0.5810D-01  -0.8269D+00   0.3283D-02  -0.8615D+00   0.9867D-01  -0.9452D+00   0.5850D-01
   0.5482D+00  -0.1697D-01   0.9620D-01  -0.5974D-02   0.1239D+00  -0.4184D-01   0.1839D+00   0.0000D+00   0.4496D-01   0.3970D-02  -0.1792D-02   0.1299D-01   0.5482D+00  -0.1697D-01   0.9620D-01  -0.5974D-02   0.1239D+00  -0.4184D-01
  -0.1427D-02  -0.5330D-02  -0.3139D-02  -0.7699D-02  -0.1427D-02  -0.5330D-02  -0.3139D-02  -0.7699D-02
