 LHC=           1 sqrts=   8000.0000000000000      ang=           4 mode=fital                                                                                               scalescheme=           1 R=  0.69999999999999996     
 MSTW2008nlo68cl_rand1235                                                                                      24
 Bin information: chid, chiu, md, mu, mu0
   0.0000000000000000       0.50000000000000000        245.00000000000000        272.00000000000000        258.50000000000000     
 9 scales(muf, mur)*(LO(38), NLO(38))
  0.500  0.500
  -0.2951D+01   0.0000D+00  -0.3659D+01   0.0000D+00   0.0000D+00   0.0000D+00  -0.3572D+01   0.0000D+00  -0.2951D+01   0.0000D+00  -0.3659D+01   0.0000D+00
   0.6116D+00   0.0000D+00   0.1098D+00   0.0000D+00   0.1567D+00   0.0000D+00   0.2410D+00   0.0000D+00   0.5356D-01   0.0000D+00   0.0000D+00   0.0000D+00   0.6116D+00   0.0000D+00   0.1098D+00   0.0000D+00   0.1567D+00   0.0000D+00
   0.0000D+00   0.0000D+00   0.0000D+00   0.0000D+00   0.0000D+00   0.0000D+00   0.0000D+00   0.0000D+00
  -0.2114D+01   0.5717D+00  -0.3073D+01   0.3460D+00   0.2968D+00  -0.3904D+00  -0.3315D+01  -0.1768D-01  -0.2114D+01   0.5717D+00  -0.3073D+01   0.3460D+00
   0.6615D+00  -0.2090D-01   0.1203D+00  -0.8226D-02   0.1102D+00  -0.6202D-01   0.2594D+00   0.0000D+00   0.6603D-01   0.7137D-02  -0.3036D-03   0.2336D-01   0.6615D+00  -0.2090D-01   0.1203D+00  -0.8226D-02   0.1102D+00  -0.6202D-01
  -0.1367D-02  -0.7449D-02  -0.4618D-02  -0.1270D-01  -0.1367D-02  -0.7449D-02  -0.4618D-02  -0.1270D-01
  0.500  1.000
  -0.2680D+01   0.0000D+00  -0.3324D+01   0.0000D+00   0.0000D+00   0.0000D+00  -0.3245D+01   0.0000D+00  -0.2680D+01   0.0000D+00  -0.3324D+01   0.0000D+00
   0.6116D+00   0.0000D+00   0.1098D+00   0.0000D+00   0.1567D+00   0.0000D+00   0.2410D+00   0.0000D+00   0.5356D-01   0.0000D+00   0.0000D+00   0.0000D+00   0.6116D+00   0.0000D+00   0.1098D+00   0.0000D+00   0.1567D+00   0.0000D+00
   0.0000D+00   0.0000D+00   0.0000D+00   0.0000D+00   0.0000D+00   0.0000D+00   0.0000D+00   0.0000D+00
  -0.2227D+01   0.4718D+00  -0.3134D+01   0.2856D+00   0.2449D+00  -0.3222D+00  -0.3319D+01  -0.1459D-01  -0.2227D+01   0.4718D+00  -0.3134D+01   0.2856D+00
   0.6576D+00  -0.1899D-01   0.1194D+00  -0.7473D-02   0.1146D+00  -0.5634D-01   0.2579D+00   0.0000D+00   0.6494D-01   0.6484D-02  -0.2697D-03   0.2122D-01   0.6576D+00  -0.1899D-01   0.1194D+00  -0.7473D-02   0.1146D+00  -0.5634D-01
  -0.1241D-02  -0.6767D-02  -0.4196D-02  -0.1154D-01  -0.1241D-02  -0.6767D-02  -0.4196D-02  -0.1154D-01
  0.500  2.000
  -0.2456D+01   0.0000D+00  -0.3047D+01   0.0000D+00   0.0000D+00   0.0000D+00  -0.2974D+01   0.0000D+00  -0.2456D+01   0.0000D+00  -0.3047D+01   0.0000D+00
   0.6116D+00   0.0000D+00   0.1098D+00   0.0000D+00   0.1567D+00   0.0000D+00   0.2410D+00   0.0000D+00   0.5356D-01   0.0000D+00   0.0000D+00   0.0000D+00   0.6116D+00   0.0000D+00   0.1098D+00   0.0000D+00   0.1567D+00   0.0000D+00
   0.0000D+00   0.0000D+00   0.0000D+00   0.0000D+00   0.0000D+00   0.0000D+00   0.0000D+00   0.0000D+00
  -0.2274D+01   0.3963D+00  -0.3133D+01   0.2398D+00   0.2056D+00  -0.2706D+00  -0.3276D+01  -0.1225D-01  -0.2274D+01   0.3963D+00  -0.3133D+01   0.2398D+00
   0.6542D+00  -0.1740D-01   0.1187D+00  -0.6849D-02   0.1183D+00  -0.5164D-01   0.2566D+00   0.0000D+00   0.6402D-01   0.5943D-02  -0.2425D-03   0.1945D-01   0.6542D+00  -0.1740D-01   0.1187D+00  -0.6849D-02   0.1183D+00  -0.5164D-01
  -0.1138D-02  -0.6202D-02  -0.3845D-02  -0.1058D-01  -0.1138D-02  -0.6202D-02  -0.3845D-02  -0.1058D-01
  1.000  0.500
  -0.2848D+01   0.0000D+00  -0.3566D+01   0.0000D+00   0.0000D+00   0.0000D+00  -0.3494D+01   0.0000D+00  -0.2848D+01   0.0000D+00  -0.3566D+01   0.0000D+00
   0.5921D+00   0.0000D+00   0.1065D+00   0.0000D+00   0.1522D+00   0.0000D+00   0.2339D+00   0.0000D+00   0.5197D-01   0.0000D+00   0.0000D+00   0.0000D+00   0.5921D+00   0.0000D+00   0.1065D+00   0.0000D+00   0.1522D+00   0.0000D+00
   0.0000D+00   0.0000D+00   0.0000D+00   0.0000D+00   0.0000D+00   0.0000D+00   0.0000D+00   0.0000D+00
  -0.2122D+01   0.5603D+00  -0.3086D+01   0.3382D+00   0.2891D+00  -0.3804D+00  -0.3357D+01  -0.1676D-01  -0.2122D+01   0.5603D+00  -0.3086D+01   0.3382D+00
   0.6472D+00  -0.2026D-01   0.1178D+00  -0.7970D-02   0.1103D+00  -0.5974D-01   0.2573D+00   0.0000D+00   0.6442D-01   0.6932D-02  -0.3337D-03   0.2269D-01   0.6472D+00  -0.2026D-01   0.1178D+00  -0.7970D-02   0.1103D+00  -0.5974D-01
  -0.1334D-02  -0.7128D-02  -0.4506D-02  -0.1230D-01  -0.1334D-02  -0.7128D-02  -0.4506D-02  -0.1230D-01
  1.000  1.000
  -0.2587D+01   0.0000D+00  -0.3240D+01   0.0000D+00   0.0000D+00   0.0000D+00  -0.3174D+01   0.0000D+00  -0.2587D+01   0.0000D+00  -0.3240D+01   0.0000D+00
   0.5921D+00   0.0000D+00   0.1065D+00   0.0000D+00   0.1522D+00   0.0000D+00   0.2339D+00   0.0000D+00   0.5197D-01   0.0000D+00   0.0000D+00   0.0000D+00   0.5921D+00   0.0000D+00   0.1065D+00   0.0000D+00   0.1522D+00   0.0000D+00
   0.0000D+00   0.0000D+00   0.0000D+00   0.0000D+00   0.0000D+00   0.0000D+00   0.0000D+00   0.0000D+00
  -0.2216D+01   0.4624D+00  -0.3130D+01   0.2791D+00   0.2385D+00  -0.3140D+00  -0.3341D+01  -0.1383D-01  -0.2216D+01   0.4624D+00  -0.3130D+01   0.2791D+00
   0.6428D+00  -0.1841D-01   0.1169D+00  -0.7240D-02   0.1143D+00  -0.5427D-01   0.2553D+00   0.0000D+00   0.6333D-01   0.6298D-02  -0.2983D-03   0.2061D-01   0.6428D+00  -0.1841D-01   0.1169D+00  -0.7240D-02   0.1143D+00  -0.5427D-01
  -0.1212D-02  -0.6476D-02  -0.4094D-02  -0.1117D-01  -0.1212D-02  -0.6476D-02  -0.4094D-02  -0.1117D-01
  1.000  2.000
  -0.2371D+01   0.0000D+00  -0.2969D+01   0.0000D+00   0.0000D+00   0.0000D+00  -0.2909D+01   0.0000D+00  -0.2371D+01   0.0000D+00  -0.2969D+01   0.0000D+00
   0.5921D+00   0.0000D+00   0.1065D+00   0.0000D+00   0.1522D+00   0.0000D+00   0.2339D+00   0.0000D+00   0.5197D-01   0.0000D+00   0.0000D+00   0.0000D+00   0.5921D+00   0.0000D+00   0.1065D+00   0.0000D+00   0.1522D+00   0.0000D+00
   0.0000D+00   0.0000D+00   0.0000D+00   0.0000D+00   0.0000D+00   0.0000D+00   0.0000D+00   0.0000D+00
  -0.2251D+01   0.3883D+00  -0.3116D+01   0.2344D+00   0.2003D+00  -0.2637D+00  -0.3284D+01  -0.1162D-01  -0.2251D+01   0.3883D+00  -0.3116D+01   0.2344D+00
   0.6389D+00  -0.1687D-01   0.1161D+00  -0.6635D-02   0.1176D+00  -0.4974D-01   0.2536D+00   0.0000D+00   0.6241D-01   0.5772D-02  -0.2695D-03   0.1889D-01   0.6389D+00  -0.1687D-01   0.1161D+00  -0.6635D-02   0.1176D+00  -0.4974D-01
  -0.1111D-02  -0.5935D-02  -0.3752D-02  -0.1024D-01  -0.1111D-02  -0.5935D-02  -0.3752D-02  -0.1024D-01
  2.000  0.500
  -0.2753D+01   0.0000D+00  -0.3462D+01   0.0000D+00   0.0000D+00   0.0000D+00  -0.3381D+01   0.0000D+00  -0.2753D+01   0.0000D+00  -0.3462D+01   0.0000D+00
   0.5733D+00   0.0000D+00   0.1033D+00   0.0000D+00   0.1465D+00   0.0000D+00   0.2274D+00   0.0000D+00   0.5054D-01   0.0000D+00   0.0000D+00   0.0000D+00   0.5733D+00   0.0000D+00   0.1033D+00   0.0000D+00   0.1465D+00   0.0000D+00
   0.0000D+00   0.0000D+00   0.0000D+00   0.0000D+00   0.0000D+00   0.0000D+00   0.0000D+00   0.0000D+00
  -0.2164D+01   0.5419D+00  -0.3127D+01   0.3282D+00   0.2974D+00  -0.3690D+00  -0.3357D+01  -0.1595D-01  -0.2164D+01   0.5419D+00  -0.3127D+01   0.3282D+00
   0.6381D+00  -0.1955D-01   0.1167D+00  -0.7716D-02   0.1089D+00  -0.5790D-01   0.2558D+00   0.0000D+00   0.6415D-01   0.6743D-02  -0.4269D-03   0.2207D-01   0.6381D+00  -0.1955D-01   0.1167D+00  -0.7716D-02   0.1089D+00  -0.5790D-01
  -0.1299D-02  -0.7073D-02  -0.4408D-02  -0.1191D-01  -0.1299D-02  -0.7073D-02  -0.4408D-02  -0.1191D-01
  2.000  1.000
  -0.2501D+01   0.0000D+00  -0.3145D+01   0.0000D+00   0.0000D+00   0.0000D+00  -0.3071D+01   0.0000D+00  -0.2501D+01   0.0000D+00  -0.3145D+01   0.0000D+00
   0.5733D+00   0.0000D+00   0.1033D+00   0.0000D+00   0.1465D+00   0.0000D+00   0.2274D+00   0.0000D+00   0.5054D-01   0.0000D+00   0.0000D+00   0.0000D+00   0.5733D+00   0.0000D+00   0.1033D+00   0.0000D+00   0.1465D+00   0.0000D+00
   0.0000D+00   0.0000D+00   0.0000D+00   0.0000D+00   0.0000D+00   0.0000D+00   0.0000D+00   0.0000D+00
  -0.2236D+01   0.4472D+00  -0.3146D+01   0.2708D+00   0.2454D+00  -0.3045D+00  -0.3323D+01  -0.1317D-01  -0.2236D+01   0.4472D+00  -0.3146D+01   0.2708D+00
   0.6326D+00  -0.1776D-01   0.1156D+00  -0.7010D-02   0.1125D+00  -0.5260D-01   0.2534D+00   0.0000D+00   0.6294D-01   0.6126D-02  -0.3839D-03   0.2005D-01   0.6326D+00  -0.1776D-01   0.1156D+00  -0.7010D-02   0.1125D+00  -0.5260D-01
  -0.1180D-02  -0.6426D-02  -0.4005D-02  -0.1082D-01  -0.1180D-02  -0.6426D-02  -0.4005D-02  -0.1082D-01
  2.000  2.000
  -0.2292D+01   0.0000D+00  -0.2883D+01   0.0000D+00   0.0000D+00   0.0000D+00  -0.2815D+01   0.0000D+00  -0.2292D+01   0.0000D+00  -0.2883D+01   0.0000D+00
   0.5733D+00   0.0000D+00   0.1033D+00   0.0000D+00   0.1465D+00   0.0000D+00   0.2274D+00   0.0000D+00   0.5054D-01   0.0000D+00   0.0000D+00   0.0000D+00   0.5733D+00   0.0000D+00   0.1033D+00   0.0000D+00   0.1465D+00   0.0000D+00
   0.0000D+00   0.0000D+00   0.0000D+00   0.0000D+00   0.0000D+00   0.0000D+00   0.0000D+00   0.0000D+00
  -0.2255D+01   0.3756D+00  -0.3116D+01   0.2275D+00   0.2060D+00  -0.2557D+00  -0.3253D+01  -0.1106D-01  -0.2255D+01   0.3756D+00  -0.3116D+01   0.2275D+00
   0.6283D+00  -0.1628D-01   0.1146D+00  -0.6424D-02   0.1155D+00  -0.4821D-01   0.2514D+00   0.0000D+00   0.6195D-01   0.5615D-02  -0.3482D-03   0.1838D-01   0.6283D+00  -0.1628D-01   0.1146D+00  -0.6424D-02   0.1155D+00  -0.4821D-01
  -0.1081D-02  -0.5889D-02  -0.3670D-02  -0.9920D-02  -0.1081D-02  -0.5889D-02  -0.3670D-02  -0.9920D-02
