 LHC=           1 sqrts=   8000.0000000000000      ang=           4 mode=fital                                                                                               scalescheme=           1 R=  0.69999999999999996     
 NNPDF23_nlo_as_0118                                                                                           74
 Bin information: chid, chiu, md, mu, mu0
   0.0000000000000000       0.50000000000000000        362.00000000000000        395.00000000000000        378.50000000000000     
 9 scales(muf, mur)*(LO(38), NLO(38))
  0.500  0.500
  -0.1489D+01   0.0000D+00  -0.1548D+01   0.0000D+00   0.0000D+00   0.0000D+00  -0.1355D+01   0.0000D+00  -0.1489D+01   0.0000D+00  -0.1548D+01   0.0000D+00
   0.6022D+00   0.0000D+00   0.1045D+00   0.0000D+00   0.1762D+00   0.0000D+00   0.2043D+00   0.0000D+00   0.4540D-01   0.0000D+00   0.0000D+00   0.0000D+00   0.6022D+00   0.0000D+00   0.1045D+00   0.0000D+00   0.1762D+00   0.0000D+00
   0.0000D+00   0.0000D+00   0.0000D+00   0.0000D+00   0.0000D+00   0.0000D+00   0.0000D+00   0.0000D+00
  -0.1092D+01   0.2225D+00  -0.1320D+01   0.1349D+00   0.1334D+00  -0.1376D+00  -0.1249D+01   0.3481D-02  -0.1092D+01   0.2225D+00  -0.1320D+01   0.1349D+00
   0.5685D+00  -0.2191D-01   0.1009D+00  -0.7913D-02   0.1091D+00  -0.5661D-01   0.1997D+00   0.0000D+00   0.4998D-01   0.5641D-02  -0.2584D-02   0.1846D-01   0.5685D+00  -0.2191D-01   0.1009D+00  -0.7913D-02   0.1091D+00  -0.5661D-01
  -0.1729D-02  -0.7063D-02  -0.4156D-02  -0.1068D-01  -0.1729D-02  -0.7063D-02  -0.4156D-02  -0.1068D-01
  0.500  1.000
  -0.1372D+01   0.0000D+00  -0.1427D+01   0.0000D+00   0.0000D+00   0.0000D+00  -0.1249D+01   0.0000D+00  -0.1372D+01   0.0000D+00  -0.1427D+01   0.0000D+00
   0.6022D+00   0.0000D+00   0.1045D+00   0.0000D+00   0.1762D+00   0.0000D+00   0.2043D+00   0.0000D+00   0.4540D-01   0.0000D+00   0.0000D+00   0.0000D+00   0.6022D+00   0.0000D+00   0.1045D+00   0.0000D+00   0.1762D+00   0.0000D+00
   0.0000D+00   0.0000D+00   0.0000D+00   0.0000D+00   0.0000D+00   0.0000D+00   0.0000D+00   0.0000D+00
  -0.1150D+01   0.1891D+00  -0.1352D+01   0.1147D+00   0.1134D+00  -0.1169D+00  -0.1263D+01   0.2959D-02  -0.1150D+01   0.1891D+00  -0.1352D+01   0.1147D+00
   0.5714D+00  -0.2020D-01   0.1012D+00  -0.7295D-02   0.1144D+00  -0.5219D-01   0.2002D+00   0.0000D+00   0.4964D-01   0.5200D-02  -0.2382D-02   0.1702D-01   0.5714D+00  -0.2020D-01   0.1012D+00  -0.7295D-02   0.1144D+00  -0.5219D-01
  -0.1594D-02  -0.6511D-02  -0.3832D-02  -0.9844D-02  -0.1594D-02  -0.6511D-02  -0.3832D-02  -0.9844D-02
  0.500  2.000
  -0.1273D+01   0.0000D+00  -0.1324D+01   0.0000D+00   0.0000D+00   0.0000D+00  -0.1159D+01   0.0000D+00  -0.1273D+01   0.0000D+00  -0.1324D+01   0.0000D+00
   0.6022D+00   0.0000D+00   0.1045D+00   0.0000D+00   0.1762D+00   0.0000D+00   0.2043D+00   0.0000D+00   0.4540D-01   0.0000D+00   0.0000D+00   0.0000D+00   0.6022D+00   0.0000D+00   0.1045D+00   0.0000D+00   0.1762D+00   0.0000D+00
   0.0000D+00   0.0000D+00   0.0000D+00   0.0000D+00   0.0000D+00   0.0000D+00   0.0000D+00   0.0000D+00
  -0.1180D+01   0.1628D+00  -0.1362D+01   0.9871D-01   0.9760D-01  -0.1006D+00  -0.1260D+01   0.2547D-02  -0.1180D+01   0.1628D+00  -0.1362D+01   0.9871D-01
   0.5738D+00  -0.1874D-01   0.1015D+00  -0.6768D-02   0.1189D+00  -0.4842D-01   0.2005D+00   0.0000D+00   0.4934D-01   0.4824D-02  -0.2209D-02   0.1579D-01   0.5738D+00  -0.1874D-01   0.1015D+00  -0.6768D-02   0.1189D+00  -0.4842D-01
  -0.1479D-02  -0.6041D-02  -0.3555D-02  -0.9133D-02  -0.1479D-02  -0.6041D-02  -0.3555D-02  -0.9133D-02
  1.000  0.500
  -0.1409D+01   0.0000D+00  -0.1476D+01   0.0000D+00   0.0000D+00   0.0000D+00  -0.1288D+01   0.0000D+00  -0.1409D+01   0.0000D+00  -0.1476D+01   0.0000D+00
   0.5709D+00   0.0000D+00   0.9919D-01   0.0000D+00   0.1667D+00   0.0000D+00   0.1933D+00   0.0000D+00   0.4297D-01   0.0000D+00   0.0000D+00   0.0000D+00   0.5709D+00   0.0000D+00   0.9919D-01   0.0000D+00   0.1667D+00   0.0000D+00
   0.0000D+00   0.0000D+00   0.0000D+00   0.0000D+00   0.0000D+00   0.0000D+00   0.0000D+00   0.0000D+00
  -0.1125D+01   0.2120D+00  -0.1343D+01   0.1280D+00   0.1260D+00  -0.1310D+00  -0.1253D+01   0.3539D-02  -0.1125D+01   0.2120D+00  -0.1343D+01   0.1280D+00
   0.5649D+00  -0.2072D-01   0.1004D+00  -0.7499D-02   0.1105D+00  -0.5352D-01   0.1977D+00   0.0000D+00   0.4919D-01   0.5340D-02  -0.2808D-02   0.1747D-01   0.5649D+00  -0.2072D-01   0.1004D+00  -0.7499D-02   0.1105D+00  -0.5352D-01
  -0.1648D-02  -0.6699D-02  -0.3963D-02  -0.1015D-01  -0.1648D-02  -0.6699D-02  -0.3963D-02  -0.1015D-01
  1.000  1.000
  -0.1299D+01   0.0000D+00  -0.1361D+01   0.0000D+00   0.0000D+00   0.0000D+00  -0.1187D+01   0.0000D+00  -0.1299D+01   0.0000D+00  -0.1361D+01   0.0000D+00
   0.5709D+00   0.0000D+00   0.9919D-01   0.0000D+00   0.1667D+00   0.0000D+00   0.1933D+00   0.0000D+00   0.4297D-01   0.0000D+00   0.0000D+00   0.0000D+00   0.5709D+00   0.0000D+00   0.9919D-01   0.0000D+00   0.1667D+00   0.0000D+00
   0.0000D+00   0.0000D+00   0.0000D+00   0.0000D+00   0.0000D+00   0.0000D+00   0.0000D+00   0.0000D+00
  -0.1166D+01   0.1802D+00  -0.1361D+01   0.1088D+00   0.1071D+00  -0.1113D+00  -0.1256D+01   0.3008D-02  -0.1166D+01   0.1802D+00  -0.1361D+01   0.1088D+00
   0.5656D+00  -0.1910D-01   0.1004D+00  -0.6913D-02   0.1149D+00  -0.4934D-01   0.1974D+00   0.0000D+00   0.4871D-01   0.4923D-02  -0.2588D-02   0.1611D-01   0.5656D+00  -0.1910D-01   0.1004D+00  -0.6913D-02   0.1149D+00  -0.4934D-01
  -0.1519D-02  -0.6176D-02  -0.3654D-02  -0.9353D-02  -0.1519D-02  -0.6176D-02  -0.3654D-02  -0.9353D-02
  1.000  2.000
  -0.1205D+01   0.0000D+00  -0.1262D+01   0.0000D+00   0.0000D+00   0.0000D+00  -0.1101D+01   0.0000D+00  -0.1205D+01   0.0000D+00  -0.1262D+01   0.0000D+00
   0.5709D+00   0.0000D+00   0.9919D-01   0.0000D+00   0.1667D+00   0.0000D+00   0.1933D+00   0.0000D+00   0.4297D-01   0.0000D+00   0.0000D+00   0.0000D+00   0.5709D+00   0.0000D+00   0.9919D-01   0.0000D+00   0.1667D+00   0.0000D+00
   0.0000D+00   0.0000D+00   0.0000D+00   0.0000D+00   0.0000D+00   0.0000D+00   0.0000D+00   0.0000D+00
  -0.1183D+01   0.1551D+00  -0.1360D+01   0.9363D-01   0.9216D-01  -0.9578D-01  -0.1246D+01   0.2589D-02  -0.1183D+01   0.1551D+00  -0.1360D+01   0.9363D-01
   0.5662D+00  -0.1772D-01   0.1003D+00  -0.6414D-02   0.1187D+00  -0.4578D-01   0.1972D+00   0.0000D+00   0.4831D-01   0.4567D-02  -0.2401D-02   0.1495D-01   0.5662D+00  -0.1772D-01   0.1003D+00  -0.6414D-02   0.1187D+00  -0.4578D-01
  -0.1409D-02  -0.5729D-02  -0.3389D-02  -0.8677D-02  -0.1409D-02  -0.5729D-02  -0.3389D-02  -0.8677D-02
  2.000  0.500
  -0.1340D+01   0.0000D+00  -0.1405D+01   0.0000D+00   0.0000D+00   0.0000D+00  -0.1223D+01   0.0000D+00  -0.1340D+01   0.0000D+00  -0.1405D+01   0.0000D+00
   0.5423D+00   0.0000D+00   0.9418D-01   0.0000D+00   0.1581D+00   0.0000D+00   0.1827D+00   0.0000D+00   0.4060D-01   0.0000D+00   0.0000D+00   0.0000D+00   0.5423D+00   0.0000D+00   0.9418D-01   0.0000D+00   0.1581D+00   0.0000D+00
   0.0000D+00   0.0000D+00   0.0000D+00   0.0000D+00   0.0000D+00   0.0000D+00   0.0000D+00   0.0000D+00
  -0.1136D+01   0.2022D+00  -0.1360D+01   0.1216D+00   0.1206D+00  -0.1243D+00  -0.1263D+01   0.3597D-02  -0.1136D+01   0.2022D+00  -0.1360D+01   0.1216D+00
   0.5615D+00  -0.1965D-01   0.9947D-01  -0.7117D-02   0.1124D+00  -0.5096D-01   0.1970D+00   0.0000D+00   0.4854D-01   0.5052D-02  -0.2343D-02   0.1653D-01   0.5615D+00  -0.1965D-01   0.9947D-01  -0.7117D-02   0.1124D+00  -0.5096D-01
  -0.1572D-02  -0.6358D-02  -0.3770D-02  -0.9613D-02  -0.1572D-02  -0.6358D-02  -0.3770D-02  -0.9613D-02
  2.000  1.000
  -0.1235D+01   0.0000D+00  -0.1295D+01   0.0000D+00   0.0000D+00   0.0000D+00  -0.1127D+01   0.0000D+00  -0.1235D+01   0.0000D+00  -0.1295D+01   0.0000D+00
   0.5423D+00   0.0000D+00   0.9418D-01   0.0000D+00   0.1581D+00   0.0000D+00   0.1827D+00   0.0000D+00   0.4060D-01   0.0000D+00   0.0000D+00   0.0000D+00   0.5423D+00   0.0000D+00   0.9418D-01   0.0000D+00   0.1581D+00   0.0000D+00
   0.0000D+00   0.0000D+00   0.0000D+00   0.0000D+00   0.0000D+00   0.0000D+00   0.0000D+00   0.0000D+00
  -0.1166D+01   0.1719D+00  -0.1366D+01   0.1033D+00   0.1025D+00  -0.1056D+00  -0.1256D+01   0.3058D-02  -0.1166D+01   0.1719D+00  -0.1366D+01   0.1033D+00
   0.5614D+00  -0.1811D-01   0.9928D-01  -0.6562D-02   0.1165D+00  -0.4698D-01   0.1962D+00   0.0000D+00   0.4799D-01   0.4658D-02  -0.2165D-02   0.1524D-01   0.5614D+00  -0.1811D-01   0.9928D-01  -0.6562D-02   0.1165D+00  -0.4698D-01
  -0.1449D-02  -0.5861D-02  -0.3476D-02  -0.8862D-02  -0.1449D-02  -0.5861D-02  -0.3476D-02  -0.8862D-02
  2.000  2.000
  -0.1146D+01   0.0000D+00  -0.1201D+01   0.0000D+00   0.0000D+00   0.0000D+00  -0.1046D+01   0.0000D+00  -0.1146D+01   0.0000D+00  -0.1201D+01   0.0000D+00
   0.5423D+00   0.0000D+00   0.9418D-01   0.0000D+00   0.1581D+00   0.0000D+00   0.1827D+00   0.0000D+00   0.4060D-01   0.0000D+00   0.0000D+00   0.0000D+00   0.5423D+00   0.0000D+00   0.9418D-01   0.0000D+00   0.1581D+00   0.0000D+00
   0.0000D+00   0.0000D+00   0.0000D+00   0.0000D+00   0.0000D+00   0.0000D+00   0.0000D+00   0.0000D+00
  -0.1175D+01   0.1479D+00  -0.1355D+01   0.8893D-01   0.8824D-01  -0.9092D-01  -0.1238D+01   0.2632D-02  -0.1175D+01   0.1479D+00  -0.1355D+01   0.8893D-01
   0.5602D+00  -0.1680D-01   0.9894D-01  -0.6087D-02   0.1195D+00  -0.4359D-01   0.1952D+00   0.0000D+00   0.4747D-01   0.4321D-02  -0.2009D-02   0.1414D-01   0.5602D+00  -0.1680D-01   0.9894D-01  -0.6087D-02   0.1195D+00  -0.4359D-01
  -0.1344D-02  -0.5438D-02  -0.3225D-02  -0.8221D-02  -0.1344D-02  -0.5438D-02  -0.3225D-02  -0.8221D-02
