 LHC=           1 sqrts=   8000.0000000000000      ang=           4 mode=fital                                                                                               scalescheme=           1 R=  0.69999999999999996     
 CT10nlo_rand5678                                                                                             122
 Bin information: chid, chiu, md, mu, mu0
   0.0000000000000000       0.50000000000000000        2750.0000000000000        3000.0000000000000        2875.0000000000000     
 9 scales(muf, mur)*(LO(38), NLO(38))
  0.500  0.500
  -0.1055D-04   0.0000D+00  -0.4678D-05   0.0000D+00   0.0000D+00   0.0000D+00  -0.2163D-05   0.0000D+00  -0.1055D-04   0.0000D+00  -0.4678D-05   0.0000D+00
   0.1442D-03   0.0000D+00   0.1847D-04   0.0000D+00   0.8140D-04   0.0000D+00   0.1911D-04   0.0000D+00   0.4246D-05   0.0000D+00   0.0000D+00   0.0000D+00   0.1442D-03   0.0000D+00   0.1847D-04   0.0000D+00   0.8140D-04   0.0000D+00
   0.0000D+00   0.0000D+00   0.0000D+00   0.0000D+00   0.0000D+00   0.0000D+00   0.0000D+00   0.0000D+00
  -0.1076D-04   0.4954D-06  -0.4668D-05   0.3461D-06   0.1070D-06  -0.1728D-06  -0.2087D-05   0.1021D-06  -0.1076D-04   0.4954D-06  -0.4668D-05   0.3461D-06
   0.1207D-03  -0.7946D-05   0.1514D-04  -0.1991D-05   0.6366D-04  -0.9930D-05   0.1731D-04   0.0000D+00   0.4231D-05   0.4145D-06  -0.3506D-06   0.1357D-05   0.1207D-03  -0.7946D-05   0.1514D-04  -0.1991D-05   0.6366D-04  -0.9930D-05
  -0.8875D-06  -0.1960D-05  -0.5862D-06  -0.1171D-05  -0.8875D-06  -0.1960D-05  -0.5862D-06  -0.1171D-05
  0.500  1.000
  -0.9835D-05   0.0000D+00  -0.4360D-05   0.0000D+00   0.0000D+00   0.0000D+00  -0.2016D-05   0.0000D+00  -0.9835D-05   0.0000D+00  -0.4360D-05   0.0000D+00
   0.1442D-03   0.0000D+00   0.1847D-04   0.0000D+00   0.8140D-04   0.0000D+00   0.1911D-04   0.0000D+00   0.4246D-05   0.0000D+00   0.0000D+00   0.0000D+00   0.1442D-03   0.0000D+00   0.1847D-04   0.0000D+00   0.8140D-04   0.0000D+00
   0.0000D+00   0.0000D+00   0.0000D+00   0.0000D+00   0.0000D+00   0.0000D+00   0.0000D+00   0.0000D+00
  -0.1067D-04   0.4302D-06  -0.4639D-05   0.3006D-06   0.9296D-07  -0.1501D-06  -0.2083D-05   0.8866D-07  -0.1067D-04   0.4302D-06  -0.4639D-05   0.3006D-06
   0.1223D-03  -0.7405D-05   0.1537D-04  -0.1856D-05   0.6487D-04  -0.9254D-05   0.1744D-04   0.0000D+00   0.4232D-05   0.3863D-06  -0.3268D-06   0.1264D-05   0.1223D-03  -0.7405D-05   0.1537D-04  -0.1856D-05   0.6487D-04  -0.9254D-05
  -0.8271D-06  -0.1826D-05  -0.5463D-06  -0.1091D-05  -0.8271D-06  -0.1826D-05  -0.5463D-06  -0.1091D-05
  0.500  2.000
  -0.9209D-05   0.0000D+00  -0.4083D-05   0.0000D+00   0.0000D+00   0.0000D+00  -0.1887D-05   0.0000D+00  -0.9209D-05   0.0000D+00  -0.4083D-05   0.0000D+00
   0.1442D-03   0.0000D+00   0.1847D-04   0.0000D+00   0.8140D-04   0.0000D+00   0.1911D-04   0.0000D+00   0.4246D-05   0.0000D+00   0.0000D+00   0.0000D+00   0.1442D-03   0.0000D+00   0.1847D-04   0.0000D+00   0.8140D-04   0.0000D+00
   0.0000D+00   0.0000D+00   0.0000D+00   0.0000D+00   0.0000D+00   0.0000D+00   0.0000D+00   0.0000D+00
  -0.1051D-04   0.3773D-06  -0.4580D-05   0.2636D-06   0.8152D-07  -0.1316D-06  -0.2063D-05   0.7775D-07  -0.1051D-04   0.3773D-06  -0.4580D-05   0.2636D-06
   0.1237D-03  -0.6934D-05   0.1557D-04  -0.1738D-05   0.6592D-04  -0.8666D-05   0.1754D-04   0.0000D+00   0.4233D-05   0.3618D-06  -0.3060D-06   0.1184D-05   0.1237D-03  -0.6934D-05   0.1557D-04  -0.1738D-05   0.6592D-04  -0.8666D-05
  -0.7745D-06  -0.1710D-05  -0.5116D-06  -0.1021D-05  -0.7745D-06  -0.1710D-05  -0.5116D-06  -0.1021D-05
  1.000  0.500
  -0.8253D-05   0.0000D+00  -0.3658D-05   0.0000D+00   0.0000D+00   0.0000D+00  -0.1698D-05   0.0000D+00  -0.8253D-05   0.0000D+00  -0.3658D-05   0.0000D+00
   0.1127D-03   0.0000D+00   0.1443D-04   0.0000D+00   0.6363D-04   0.0000D+00   0.1502D-04   0.0000D+00   0.3338D-05   0.0000D+00   0.0000D+00   0.0000D+00   0.1127D-03   0.0000D+00   0.1443D-04   0.0000D+00   0.6363D-04   0.0000D+00
   0.0000D+00   0.0000D+00   0.0000D+00   0.0000D+00   0.0000D+00   0.0000D+00   0.0000D+00   0.0000D+00
  -0.1045D-04   0.3873D-06  -0.4551D-05   0.2709D-06   0.8354D-07  -0.1357D-06  -0.2049D-05   0.7944D-07  -0.1045D-04   0.3873D-06  -0.4551D-05   0.2709D-06
   0.1222D-03  -0.6212D-05   0.1539D-04  -0.1556D-05   0.6545D-04  -0.7759D-05   0.1723D-04   0.0000D+00   0.4128D-05   0.3259D-06  -0.2625D-06   0.1067D-05   0.1222D-03  -0.6212D-05   0.1539D-04  -0.1556D-05   0.6545D-04  -0.7759D-05
  -0.6940D-06  -0.1531D-05  -0.4592D-06  -0.9175D-06  -0.6940D-06  -0.1531D-05  -0.4592D-06  -0.9175D-06
  1.000  1.000
  -0.7691D-05   0.0000D+00  -0.3409D-05   0.0000D+00   0.0000D+00   0.0000D+00  -0.1583D-05   0.0000D+00  -0.7691D-05   0.0000D+00  -0.3409D-05   0.0000D+00
   0.1127D-03   0.0000D+00   0.1443D-04   0.0000D+00   0.6363D-04   0.0000D+00   0.1502D-04   0.0000D+00   0.3338D-05   0.0000D+00   0.0000D+00   0.0000D+00   0.1127D-03   0.0000D+00   0.1443D-04   0.0000D+00   0.6363D-04   0.0000D+00
   0.0000D+00   0.0000D+00   0.0000D+00   0.0000D+00   0.0000D+00   0.0000D+00   0.0000D+00   0.0000D+00
  -0.1011D-04   0.3363D-06  -0.4410D-05   0.2353D-06   0.7256D-07  -0.1178D-06  -0.1992D-05   0.6900D-07  -0.1011D-04   0.3363D-06  -0.4410D-05   0.2353D-06
   0.1216D-03  -0.5789D-05   0.1533D-04  -0.1450D-05   0.6533D-04  -0.7231D-05   0.1708D-04   0.0000D+00   0.4074D-05   0.3037D-06  -0.2446D-06   0.9939D-06   0.1216D-03  -0.5789D-05   0.1533D-04  -0.1450D-05   0.6533D-04  -0.7231D-05
  -0.6468D-06  -0.1427D-05  -0.4279D-06  -0.8551D-06  -0.6468D-06  -0.1427D-05  -0.4279D-06  -0.8551D-06
  1.000  2.000
  -0.7202D-05   0.0000D+00  -0.3192D-05   0.0000D+00   0.0000D+00   0.0000D+00  -0.1482D-05   0.0000D+00  -0.7202D-05   0.0000D+00  -0.3192D-05   0.0000D+00
   0.1127D-03   0.0000D+00   0.1443D-04   0.0000D+00   0.6363D-04   0.0000D+00   0.1502D-04   0.0000D+00   0.3338D-05   0.0000D+00   0.0000D+00   0.0000D+00   0.1127D-03   0.0000D+00   0.1443D-04   0.0000D+00   0.6363D-04   0.0000D+00
   0.0000D+00   0.0000D+00   0.0000D+00   0.0000D+00   0.0000D+00   0.0000D+00   0.0000D+00   0.0000D+00
  -0.9765D-05   0.2949D-06  -0.4267D-05   0.2063D-06   0.6363D-07  -0.1033D-06  -0.1933D-05   0.6050D-07  -0.9765D-05   0.2949D-06  -0.4267D-05   0.2063D-06
   0.1210D-03  -0.5421D-05   0.1527D-04  -0.1358D-05   0.6522D-04  -0.6771D-05   0.1695D-04   0.0000D+00   0.4028D-05   0.2844D-06  -0.2291D-06   0.9307D-06   0.1210D-03  -0.5421D-05   0.1527D-04  -0.1358D-05   0.6522D-04  -0.6771D-05
  -0.6057D-06  -0.1336D-05  -0.4007D-06  -0.8007D-06  -0.6057D-06  -0.1336D-05  -0.4007D-06  -0.8007D-06
  2.000  0.500
  -0.6558D-05   0.0000D+00  -0.2906D-05   0.0000D+00   0.0000D+00   0.0000D+00  -0.1355D-05   0.0000D+00  -0.6558D-05   0.0000D+00  -0.2906D-05   0.0000D+00
   0.8950D-04   0.0000D+00   0.1147D-04   0.0000D+00   0.5050D-04   0.0000D+00   0.1199D-04   0.0000D+00   0.2664D-05   0.0000D+00   0.0000D+00   0.0000D+00   0.8950D-04   0.0000D+00   0.1147D-04   0.0000D+00   0.5050D-04   0.0000D+00
   0.0000D+00   0.0000D+00   0.0000D+00   0.0000D+00   0.0000D+00   0.0000D+00   0.0000D+00   0.0000D+00
  -0.9933D-05   0.3077D-06  -0.4336D-05   0.2155D-06   0.6787D-07  -0.1082D-06  -0.1968D-05   0.6286D-07  -0.9933D-05   0.3077D-06  -0.4336D-05   0.2155D-06
   0.1193D-03  -0.4931D-05   0.1507D-04  -0.1236D-05   0.6447D-04  -0.6166D-05   0.1667D-04   0.0000D+00   0.3944D-05   0.2601D-06  -0.2054D-06   0.8511D-06   0.1193D-03  -0.4931D-05   0.1507D-04  -0.1236D-05   0.6447D-04  -0.6166D-05
  -0.5515D-06  -0.1215D-05  -0.3654D-06  -0.7296D-06  -0.5515D-06  -0.1215D-05  -0.3654D-06  -0.7296D-06
  2.000  1.000
  -0.6112D-05   0.0000D+00  -0.2708D-05   0.0000D+00   0.0000D+00   0.0000D+00  -0.1263D-05   0.0000D+00  -0.6112D-05   0.0000D+00  -0.2708D-05   0.0000D+00
   0.8950D-04   0.0000D+00   0.1147D-04   0.0000D+00   0.5050D-04   0.0000D+00   0.1199D-04   0.0000D+00   0.2664D-05   0.0000D+00   0.0000D+00   0.0000D+00   0.8950D-04   0.0000D+00   0.1147D-04   0.0000D+00   0.5050D-04   0.0000D+00
   0.0000D+00   0.0000D+00   0.0000D+00   0.0000D+00   0.0000D+00   0.0000D+00   0.0000D+00   0.0000D+00
  -0.9446D-05   0.2673D-06  -0.4129D-05   0.1871D-06   0.5895D-07  -0.9401D-07  -0.1878D-05   0.5459D-07  -0.9446D-05   0.2673D-06  -0.4129D-05   0.1871D-06
   0.1172D-03  -0.4595D-05   0.1483D-04  -0.1152D-05   0.6353D-04  -0.5746D-05   0.1635D-04   0.0000D+00   0.3857D-05   0.2424D-06  -0.1914D-06   0.7932D-06   0.1172D-03  -0.4595D-05   0.1483D-04  -0.1152D-05   0.6353D-04  -0.5746D-05
  -0.5139D-06  -0.1132D-05  -0.3405D-06  -0.6800D-06  -0.5139D-06  -0.1132D-05  -0.3405D-06  -0.6800D-06
  2.000  2.000
  -0.5723D-05   0.0000D+00  -0.2536D-05   0.0000D+00   0.0000D+00   0.0000D+00  -0.1182D-05   0.0000D+00  -0.5723D-05   0.0000D+00  -0.2536D-05   0.0000D+00
   0.8950D-04   0.0000D+00   0.1147D-04   0.0000D+00   0.5050D-04   0.0000D+00   0.1199D-04   0.0000D+00   0.2664D-05   0.0000D+00   0.0000D+00   0.0000D+00   0.8950D-04   0.0000D+00   0.1147D-04   0.0000D+00   0.5050D-04   0.0000D+00
   0.0000D+00   0.0000D+00   0.0000D+00   0.0000D+00   0.0000D+00   0.0000D+00   0.0000D+00   0.0000D+00
  -0.9000D-05   0.2343D-06  -0.3938D-05   0.1641D-06   0.5169D-07  -0.8243D-07  -0.1795D-05   0.4787D-07  -0.9000D-05   0.2343D-06  -0.3938D-05   0.1641D-06
   0.1155D-03  -0.4303D-05   0.1462D-04  -0.1079D-05   0.6270D-04  -0.5381D-05   0.1607D-04   0.0000D+00   0.3781D-05   0.2270D-06  -0.1793D-06   0.7428D-06   0.1155D-03  -0.4303D-05   0.1462D-04  -0.1079D-05   0.6270D-04  -0.5381D-05
  -0.4812D-06  -0.1060D-05  -0.3189D-06  -0.6367D-06  -0.4812D-06  -0.1060D-05  -0.3189D-06  -0.6367D-06
