 LHC=           1 sqrts=   8000.0000000000000      ang=           4 mode=fital                                                                                               scalescheme=           1 R=  0.69999999999999996     
 CT10nlo_rand5678                                                                                              84
 Bin information: chid, chiu, md, mu, mu0
   0.0000000000000000       0.50000000000000000        2250.0000000000000        2500.0000000000000        2375.0000000000000     
 9 scales(muf, mur)*(LO(38), NLO(38))
  0.500  0.500
  -0.4017D-03   0.0000D+00  -0.2337D-03   0.0000D+00   0.0000D+00   0.0000D+00  -0.1042D-03   0.0000D+00  -0.4017D-03   0.0000D+00  -0.2337D-03   0.0000D+00
   0.4321D-02   0.0000D+00   0.6145D-03   0.0000D+00   0.2076D-02   0.0000D+00   0.6010D-03   0.0000D+00   0.1336D-03   0.0000D+00   0.0000D+00   0.0000D+00   0.4321D-02   0.0000D+00   0.6145D-03   0.0000D+00   0.2076D-02   0.0000D+00
   0.0000D+00   0.0000D+00   0.0000D+00   0.0000D+00   0.0000D+00   0.0000D+00   0.0000D+00   0.0000D+00
  -0.3787D-03   0.2519D-04  -0.2214D-03   0.1521D-04   0.7103D-05  -0.8493D-05  -0.9595D-04   0.5396D-05  -0.3787D-03   0.2519D-04  -0.2214D-03   0.1521D-04
   0.3405D-02  -0.2068D-03   0.4857D-03  -0.5613D-04   0.1423D-02  -0.3102D-03   0.5151D-03   0.0000D+00   0.1280D-03   0.1330D-04  -0.1577D-04   0.4354D-04   0.3405D-02  -0.2068D-03   0.4857D-03  -0.5613D-04   0.1423D-02  -0.3102D-03
  -0.2290D-04  -0.5184D-04  -0.1956D-04  -0.3912D-04  -0.2290D-04  -0.5184D-04  -0.1956D-04  -0.3912D-04
  0.500  1.000
  -0.3738D-03   0.0000D+00  -0.2175D-03   0.0000D+00   0.0000D+00   0.0000D+00  -0.9696D-04   0.0000D+00  -0.3738D-03   0.0000D+00  -0.2175D-03   0.0000D+00
   0.4321D-02   0.0000D+00   0.6145D-03   0.0000D+00   0.2076D-02   0.0000D+00   0.6010D-03   0.0000D+00   0.1336D-03   0.0000D+00   0.0000D+00   0.0000D+00   0.4321D-02   0.0000D+00   0.6145D-03   0.0000D+00   0.2076D-02   0.0000D+00
   0.0000D+00   0.0000D+00   0.0000D+00   0.0000D+00   0.0000D+00   0.0000D+00   0.0000D+00   0.0000D+00
  -0.3791D-03   0.2181D-04  -0.2214D-03   0.1317D-04   0.6152D-05  -0.7355D-05  -0.9635D-04   0.4673D-05  -0.3791D-03   0.2181D-04  -0.2214D-03   0.1317D-04
   0.3469D-02  -0.1925D-03   0.4947D-03  -0.5223D-04   0.1468D-02  -0.2887D-03   0.5211D-03   0.0000D+00   0.1284D-03   0.1238D-04  -0.1468D-04   0.4052D-04   0.3469D-02  -0.1925D-03   0.4947D-03  -0.5223D-04   0.1468D-02  -0.2887D-03
  -0.2131D-04  -0.4825D-04  -0.1821D-04  -0.3641D-04  -0.2131D-04  -0.4825D-04  -0.1821D-04  -0.3641D-04
  0.500  2.000
  -0.3496D-03   0.0000D+00  -0.2034D-03   0.0000D+00   0.0000D+00   0.0000D+00  -0.9068D-04   0.0000D+00  -0.3496D-03   0.0000D+00  -0.2034D-03   0.0000D+00
   0.4321D-02   0.0000D+00   0.6145D-03   0.0000D+00   0.2076D-02   0.0000D+00   0.6010D-03   0.0000D+00   0.1336D-03   0.0000D+00   0.0000D+00   0.0000D+00   0.4321D-02   0.0000D+00   0.6145D-03   0.0000D+00   0.2076D-02   0.0000D+00
   0.0000D+00   0.0000D+00   0.0000D+00   0.0000D+00   0.0000D+00   0.0000D+00   0.0000D+00   0.0000D+00
  -0.3762D-03   0.1908D-04  -0.2196D-03   0.1152D-04   0.5381D-05  -0.6433D-05  -0.9585D-04   0.4087D-05  -0.3762D-03   0.1908D-04  -0.2196D-03   0.1152D-04
   0.3525D-02  -0.1800D-03   0.5025D-03  -0.4885D-04   0.1508D-02  -0.2700D-03   0.5263D-03   0.0000D+00   0.1288D-03   0.1158D-04  -0.1373D-04   0.3790D-04   0.3525D-02  -0.1800D-03   0.5025D-03  -0.4885D-04   0.1508D-02  -0.2700D-03
  -0.1993D-04  -0.4512D-04  -0.1703D-04  -0.3405D-04  -0.1993D-04  -0.4512D-04  -0.1703D-04  -0.3405D-04
  1.000  0.500
  -0.3260D-03   0.0000D+00  -0.1901D-03   0.0000D+00   0.0000D+00   0.0000D+00  -0.8526D-04   0.0000D+00  -0.3260D-03   0.0000D+00  -0.1901D-03   0.0000D+00
   0.3513D-02   0.0000D+00   0.5000D-03   0.0000D+00   0.1684D-02   0.0000D+00   0.4922D-03   0.0000D+00   0.1094D-03   0.0000D+00   0.0000D+00   0.0000D+00   0.3513D-02   0.0000D+00   0.5000D-03   0.0000D+00   0.1684D-02   0.0000D+00
   0.0000D+00   0.0000D+00   0.0000D+00   0.0000D+00   0.0000D+00   0.0000D+00   0.0000D+00   0.0000D+00
  -0.3749D-03   0.2050D-04  -0.2192D-03   0.1239D-04   0.5784D-05  -0.6950D-05  -0.9577D-04   0.4363D-05  -0.3749D-03   0.2050D-04  -0.2192D-03   0.1239D-04
   0.3494D-02  -0.1678D-03   0.4985D-03  -0.4561D-04   0.1505D-02  -0.2524D-03   0.5199D-03   0.0000D+00   0.1267D-03   0.1090D-04  -0.1248D-04   0.3566D-04   0.3494D-02  -0.1678D-03   0.4985D-03  -0.4561D-04   0.1505D-02  -0.2524D-03
  -0.1860D-04  -0.4206D-04  -0.1594D-04  -0.3192D-04  -0.1860D-04  -0.4206D-04  -0.1594D-04  -0.3192D-04
  1.000  1.000
  -0.3034D-03   0.0000D+00  -0.1769D-03   0.0000D+00   0.0000D+00   0.0000D+00  -0.7934D-04   0.0000D+00  -0.3034D-03   0.0000D+00  -0.1769D-03   0.0000D+00
   0.3513D-02   0.0000D+00   0.5000D-03   0.0000D+00   0.1684D-02   0.0000D+00   0.4922D-03   0.0000D+00   0.1094D-03   0.0000D+00   0.0000D+00   0.0000D+00   0.3513D-02   0.0000D+00   0.5000D-03   0.0000D+00   0.1684D-02   0.0000D+00
   0.0000D+00   0.0000D+00   0.0000D+00   0.0000D+00   0.0000D+00   0.0000D+00   0.0000D+00   0.0000D+00
  -0.3661D-03   0.1775D-04  -0.2140D-03   0.1073D-04   0.5009D-05  -0.6019D-05  -0.9379D-04   0.3779D-05  -0.3661D-03   0.1775D-04  -0.2140D-03   0.1073D-04
   0.3496D-02  -0.1562D-03   0.4986D-03  -0.4245D-04   0.1517D-02  -0.2349D-03   0.5180D-03   0.0000D+00   0.1255D-03   0.1014D-04  -0.1162D-04   0.3319D-04   0.3496D-02  -0.1562D-03   0.4986D-03  -0.4245D-04   0.1517D-02  -0.2349D-03
  -0.1731D-04  -0.3914D-04  -0.1484D-04  -0.2970D-04  -0.1731D-04  -0.3914D-04  -0.1484D-04  -0.2970D-04
  1.000  2.000
  -0.2837D-03   0.0000D+00  -0.1655D-03   0.0000D+00   0.0000D+00   0.0000D+00  -0.7420D-04   0.0000D+00  -0.2837D-03   0.0000D+00  -0.1655D-03   0.0000D+00
   0.3513D-02   0.0000D+00   0.5000D-03   0.0000D+00   0.1684D-02   0.0000D+00   0.4922D-03   0.0000D+00   0.1094D-03   0.0000D+00   0.0000D+00   0.0000D+00   0.3513D-02   0.0000D+00   0.5000D-03   0.0000D+00   0.1684D-02   0.0000D+00
   0.0000D+00   0.0000D+00   0.0000D+00   0.0000D+00   0.0000D+00   0.0000D+00   0.0000D+00   0.0000D+00
  -0.3564D-03   0.1552D-04  -0.2083D-03   0.9381D-05   0.4382D-05  -0.5264D-05  -0.9150D-04   0.3305D-05  -0.3564D-03   0.1552D-04  -0.2083D-03   0.9381D-05
   0.3497D-02  -0.1460D-03   0.4987D-03  -0.3970D-04   0.1528D-02  -0.2197D-03   0.5164D-03   0.0000D+00   0.1244D-03   0.9483D-05  -0.1087D-04   0.3104D-04   0.3497D-02  -0.1460D-03   0.4987D-03  -0.3970D-04   0.1528D-02  -0.2197D-03
  -0.1618D-04  -0.3661D-04  -0.1388D-04  -0.2778D-04  -0.1618D-04  -0.3661D-04  -0.1388D-04  -0.2778D-04
  2.000  0.500
  -0.2682D-03   0.0000D+00  -0.1567D-03   0.0000D+00   0.0000D+00   0.0000D+00  -0.7068D-04   0.0000D+00  -0.2682D-03   0.0000D+00  -0.1567D-03   0.0000D+00
   0.2897D-02   0.0000D+00   0.4126D-03   0.0000D+00   0.1387D-02   0.0000D+00   0.4084D-03   0.0000D+00   0.9075D-04   0.0000D+00   0.0000D+00   0.0000D+00   0.2897D-02   0.0000D+00   0.4126D-03   0.0000D+00   0.1387D-02   0.0000D+00
   0.0000D+00   0.0000D+00   0.0000D+00   0.0000D+00   0.0000D+00   0.0000D+00   0.0000D+00   0.0000D+00
  -0.3652D-03   0.1690D-04  -0.2135D-03   0.1022D-04   0.4744D-05  -0.5756D-05  -0.9379D-04   0.3581D-05  -0.3652D-03   0.1690D-04  -0.2135D-03   0.1022D-04
   0.3487D-02  -0.1382D-03   0.4972D-03  -0.3758D-04   0.1531D-02  -0.2082D-03   0.5139D-03   0.0000D+00   0.1234D-03   0.9041D-05  -0.1016D-04   0.2959D-04   0.3487D-02  -0.1382D-03   0.4972D-03  -0.3758D-04   0.1531D-02  -0.2082D-03
  -0.1531D-04  -0.3467D-04  -0.1317D-04  -0.2635D-04  -0.1531D-04  -0.3467D-04  -0.1317D-04  -0.2635D-04
  2.000  1.000
  -0.2496D-03   0.0000D+00  -0.1459D-03   0.0000D+00   0.0000D+00   0.0000D+00  -0.6578D-04   0.0000D+00  -0.2496D-03   0.0000D+00  -0.1459D-03   0.0000D+00
   0.2897D-02   0.0000D+00   0.4126D-03   0.0000D+00   0.1387D-02   0.0000D+00   0.4084D-03   0.0000D+00   0.9075D-04   0.0000D+00   0.0000D+00   0.0000D+00   0.2897D-02   0.0000D+00   0.4126D-03   0.0000D+00   0.1387D-02   0.0000D+00
   0.0000D+00   0.0000D+00   0.0000D+00   0.0000D+00   0.0000D+00   0.0000D+00   0.0000D+00   0.0000D+00
  -0.3504D-03   0.1464D-04  -0.2048D-03   0.8847D-05   0.4109D-05  -0.4985D-05  -0.9022D-04   0.3101D-05  -0.3504D-03   0.1464D-04  -0.2048D-03   0.8847D-05
   0.3446D-02  -0.1286D-03   0.4914D-03  -0.3497D-04   0.1521D-02  -0.1937D-03   0.5066D-03   0.0000D+00   0.1212D-03   0.8414D-05  -0.9455D-05   0.2754D-04   0.3446D-02  -0.1286D-03   0.4914D-03  -0.3497D-04   0.1521D-02  -0.1937D-03
  -0.1425D-04  -0.3226D-04  -0.1226D-04  -0.2452D-04  -0.1425D-04  -0.3226D-04  -0.1226D-04  -0.2452D-04
  2.000  2.000
  -0.2334D-03   0.0000D+00  -0.1364D-03   0.0000D+00   0.0000D+00   0.0000D+00  -0.6152D-04   0.0000D+00  -0.2334D-03   0.0000D+00  -0.1364D-03   0.0000D+00
   0.2897D-02   0.0000D+00   0.4126D-03   0.0000D+00   0.1387D-02   0.0000D+00   0.4084D-03   0.0000D+00   0.9075D-04   0.0000D+00   0.0000D+00   0.0000D+00   0.2897D-02   0.0000D+00   0.4126D-03   0.0000D+00   0.1387D-02   0.0000D+00
   0.0000D+00   0.0000D+00   0.0000D+00   0.0000D+00   0.0000D+00   0.0000D+00   0.0000D+00   0.0000D+00
  -0.3363D-03   0.1280D-04  -0.1965D-03   0.7738D-05   0.3594D-05  -0.4360D-05  -0.8676D-04   0.2712D-05  -0.3363D-03   0.1280D-04  -0.1965D-03   0.7738D-05
   0.3411D-02  -0.1202D-03   0.4863D-03  -0.3271D-04   0.1512D-02  -0.1812D-03   0.5002D-03   0.0000D+00   0.1192D-03   0.7869D-05  -0.8843D-05   0.2575D-04   0.3411D-02  -0.1202D-03   0.4863D-03  -0.3271D-04   0.1512D-02  -0.1812D-03
  -0.1332D-04  -0.3017D-04  -0.1146D-04  -0.2293D-04  -0.1332D-04  -0.3017D-04  -0.1146D-04  -0.2293D-04
