 LHC=           1 sqrts=   8000.0000000000000      ang=           4 mode=fital                                                                                               scalescheme=           1 R=  0.69999999999999996     
 CT10nlo_rand5678                                                                                              56
 Bin information: chid, chiu, md, mu, mu0
   0.0000000000000000       0.50000000000000000        49.000000000000000        56.000000000000000        52.500000000000000     
 9 scales(muf, mur)*(LO(38), NLO(38))
  0.500  0.500
  -0.2236D+02   0.0000D+00  -0.4021D+02   0.0000D+00   0.0000D+00   0.0000D+00  -0.4523D+02   0.0000D+00  -0.2236D+02   0.0000D+00  -0.4021D+02   0.0000D+00
   0.1981D+00   0.0000D+00   0.3788D-01   0.0000D+00   0.3832D-01   0.0000D+00   0.8720D-01   0.0000D+00   0.1938D-01   0.0000D+00   0.0000D+00   0.0000D+00   0.1981D+00   0.0000D+00   0.3788D-01   0.0000D+00   0.3832D-01   0.0000D+00
   0.0000D+00   0.0000D+00   0.0000D+00   0.0000D+00   0.0000D+00   0.0000D+00   0.0000D+00   0.0000D+00
  -0.1473D+02   0.8113D+01  -0.3259D+02   0.5105D+01   0.3852D+01  -0.6269D+01  -0.3996D+02  -0.5911D+00  -0.1473D+02   0.8113D+01  -0.3259D+02   0.5105D+01
   0.6467D+00  -0.6351D-02   0.1217D+00  -0.3229D-02   0.1038D+00  -0.2651D-01   0.2503D+00   0.0000D+00   0.6919D-01   0.3123D-02   0.1050D-01   0.1022D-01   0.6467D+00  -0.6351D-02   0.1217D+00  -0.3229D-02   0.1038D+00  -0.2651D-01
  -0.6754D-04  -0.2587D-02  -0.1524D-02  -0.5471D-02  -0.6754D-04  -0.2587D-02  -0.1524D-02  -0.5471D-02
  0.500  1.000
  -0.1979D+02   0.0000D+00  -0.3559D+02   0.0000D+00   0.0000D+00   0.0000D+00  -0.4003D+02   0.0000D+00  -0.1979D+02   0.0000D+00  -0.3559D+02   0.0000D+00
   0.1981D+00   0.0000D+00   0.3788D-01   0.0000D+00   0.3832D-01   0.0000D+00   0.8720D-01   0.0000D+00   0.1938D-01   0.0000D+00   0.0000D+00   0.0000D+00   0.1981D+00   0.0000D+00   0.3788D-01   0.0000D+00   0.3832D-01   0.0000D+00
   0.0000D+00   0.0000D+00   0.0000D+00   0.0000D+00   0.0000D+00   0.0000D+00   0.0000D+00   0.0000D+00
  -0.1600D+02   0.6356D+01  -0.3355D+02   0.3999D+01   0.3014D+01  -0.4910D+01  -0.4033D+02  -0.4631D+00  -0.1600D+02   0.6356D+01  -0.3355D+02   0.3999D+01
   0.5905D+00  -0.5622D-02   0.1114D+00  -0.2858D-02   0.9445D-01  -0.2346D-01   0.2312D+00   0.0000D+00   0.6331D-01   0.2764D-02   0.9374D-02   0.9045D-02   0.5905D+00  -0.5622D-02   0.1114D+00  -0.2858D-02   0.9445D-01  -0.2346D-01
  -0.5971D-04  -0.2290D-02  -0.1349D-02  -0.4842D-02  -0.5971D-04  -0.2290D-02  -0.1349D-02  -0.4842D-02
  0.500  2.000
  -0.1776D+02   0.0000D+00  -0.3194D+02   0.0000D+00   0.0000D+00   0.0000D+00  -0.3592D+02   0.0000D+00  -0.1776D+02   0.0000D+00  -0.3194D+02   0.0000D+00
   0.1981D+00   0.0000D+00   0.3788D-01   0.0000D+00   0.3832D-01   0.0000D+00   0.8720D-01   0.0000D+00   0.1938D-01   0.0000D+00   0.0000D+00   0.0000D+00   0.1981D+00   0.0000D+00   0.3788D-01   0.0000D+00   0.3832D-01   0.0000D+00
   0.0000D+00   0.0000D+00   0.0000D+00   0.0000D+00   0.0000D+00   0.0000D+00   0.0000D+00   0.0000D+00
  -0.1647D+02   0.5118D+01  -0.3347D+02   0.3220D+01   0.2425D+01  -0.3954D+01  -0.3973D+02  -0.3729D+00  -0.1647D+02   0.5118D+01  -0.3347D+02   0.3220D+01
   0.5534D+00  -0.5045D-02   0.1044D+00  -0.2565D-02   0.8939D-01  -0.2106D-01   0.2174D+00   0.0000D+00   0.5910D-01   0.2480D-02   0.8485D-02   0.8118D-02   0.5534D+00  -0.5045D-02   0.1044D+00  -0.2565D-02   0.8939D-01  -0.2106D-01
  -0.5354D-04  -0.2055D-02  -0.1210D-02  -0.4346D-02  -0.5354D-04  -0.2055D-02  -0.1210D-02  -0.4346D-02
  1.000  0.500
  -0.2398D+02   0.0000D+00  -0.4415D+02   0.0000D+00   0.0000D+00   0.0000D+00  -0.4771D+02   0.0000D+00  -0.2398D+02   0.0000D+00  -0.4415D+02   0.0000D+00
   0.2182D+00   0.0000D+00   0.4328D-01   0.0000D+00   0.4255D-01   0.0000D+00   0.1030D+00   0.0000D+00   0.2289D-01   0.0000D+00   0.0000D+00   0.0000D+00   0.2182D+00   0.0000D+00   0.4328D-01   0.0000D+00   0.4255D-01   0.0000D+00
   0.0000D+00   0.0000D+00   0.0000D+00   0.0000D+00   0.0000D+00   0.0000D+00   0.0000D+00   0.0000D+00
  -0.1344D+02   0.9037D+01  -0.2941D+02   0.5569D+01   0.4429D+01  -0.6524D+01  -0.3741D+02  -0.6509D+00  -0.1344D+02   0.9037D+01  -0.2941D+02   0.5569D+01
   0.5876D+00  -0.7141D-02   0.1112D+00  -0.3572D-02   0.8369D-01  -0.2808D-01   0.2403D+00   0.0000D+00   0.6591D-01   0.3754D-02   0.8912D-02   0.1229D-01   0.5876D+00  -0.7141D-02   0.1112D+00  -0.3572D-02   0.8369D-01  -0.2808D-01
  -0.1093D-03  -0.2931D-02  -0.1766D-02  -0.6208D-02  -0.1093D-03  -0.2931D-02  -0.1766D-02  -0.6208D-02
  1.000  1.000
  -0.2122D+02   0.0000D+00  -0.3907D+02   0.0000D+00   0.0000D+00   0.0000D+00  -0.4223D+02   0.0000D+00  -0.2122D+02   0.0000D+00  -0.3907D+02   0.0000D+00
   0.2182D+00   0.0000D+00   0.4328D-01   0.0000D+00   0.4255D-01   0.0000D+00   0.1030D+00   0.0000D+00   0.2289D-01   0.0000D+00   0.0000D+00   0.0000D+00   0.2182D+00   0.0000D+00   0.4328D-01   0.0000D+00   0.4255D-01   0.0000D+00
   0.0000D+00   0.0000D+00   0.0000D+00   0.0000D+00   0.0000D+00   0.0000D+00   0.0000D+00   0.0000D+00
  -0.1544D+02   0.7079D+01  -0.3199D+02   0.4363D+01   0.3465D+01  -0.5111D+01  -0.3895D+02  -0.5099D+00  -0.1544D+02   0.7079D+01  -0.3199D+02   0.4363D+01
   0.6128D+00  -0.6321D-02   0.1151D+00  -0.3162D-02   0.9693D-01  -0.2485D-01   0.2399D+00   0.0000D+00   0.6569D-01   0.3323D-02   0.8259D-02   0.1088D-01   0.6128D+00  -0.6321D-02   0.1151D+00  -0.3162D-02   0.9693D-01  -0.2485D-01
  -0.9666D-04  -0.2595D-02  -0.1563D-02  -0.5495D-02  -0.9666D-04  -0.2595D-02  -0.1563D-02  -0.5495D-02
  1.000  2.000
  -0.1904D+02   0.0000D+00  -0.3506D+02   0.0000D+00   0.0000D+00   0.0000D+00  -0.3790D+02   0.0000D+00  -0.1904D+02   0.0000D+00  -0.3506D+02   0.0000D+00
   0.2182D+00   0.0000D+00   0.4328D-01   0.0000D+00   0.4255D-01   0.0000D+00   0.1030D+00   0.0000D+00   0.2289D-01   0.0000D+00   0.0000D+00   0.0000D+00   0.2182D+00   0.0000D+00   0.4328D-01   0.0000D+00   0.4255D-01   0.0000D+00
   0.0000D+00   0.0000D+00   0.0000D+00   0.0000D+00   0.0000D+00   0.0000D+00   0.0000D+00   0.0000D+00
  -0.1621D+02   0.5701D+01  -0.3277D+02   0.3514D+01   0.2790D+01  -0.4116D+01  -0.3895D+02  -0.4106D+00  -0.1621D+02   0.5701D+01  -0.3277D+02   0.3514D+01
   0.5381D+00  -0.5672D-02   0.1019D+00  -0.2837D-02   0.8193D-01  -0.2230D-01   0.2186D+00   0.0000D+00   0.5905D-01   0.2982D-02   0.7312D-02   0.9760D-02   0.5381D+00  -0.5672D-02   0.1019D+00  -0.2837D-02   0.8193D-01  -0.2230D-01
  -0.8669D-04  -0.2329D-02  -0.1402D-02  -0.4932D-02  -0.8669D-04  -0.2329D-02  -0.1402D-02  -0.4932D-02
  2.000  0.500
  -0.2589D+02   0.0000D+00  -0.5032D+02   0.0000D+00   0.0000D+00   0.0000D+00  -0.5289D+02   0.0000D+00  -0.2589D+02   0.0000D+00  -0.5032D+02   0.0000D+00
   0.2509D+00   0.0000D+00   0.4565D-01   0.0000D+00   0.4449D-01   0.0000D+00   0.1098D+00   0.0000D+00   0.2439D-01   0.0000D+00   0.0000D+00   0.0000D+00   0.2509D+00   0.0000D+00   0.4565D-01   0.0000D+00   0.4449D-01   0.0000D+00
   0.0000D+00   0.0000D+00   0.0000D+00   0.0000D+00   0.0000D+00   0.0000D+00   0.0000D+00   0.0000D+00
  -0.1264D+02   0.1007D+02  -0.3100D+02   0.5962D+01   0.4720D+01  -0.7281D+01  -0.3755D+02  -0.6821D+00  -0.1264D+02   0.1007D+02  -0.3100D+02   0.5962D+01
   0.5871D+00  -0.7428D-02   0.1058D+00  -0.3623D-02   0.7371D-01  -0.3209D-01   0.2297D+00   0.0000D+00   0.6426D-01   0.4220D-02   0.8796D-02   0.1381D-01   0.5871D+00  -0.7428D-02   0.1058D+00  -0.3623D-02   0.7371D-01  -0.3209D-01
  -0.1155D-03  -0.3127D-02  -0.1976D-02  -0.6916D-02  -0.1155D-03  -0.3127D-02  -0.1976D-02  -0.6916D-02
  2.000  1.000
  -0.2291D+02   0.0000D+00  -0.4454D+02   0.0000D+00   0.0000D+00   0.0000D+00  -0.4681D+02   0.0000D+00  -0.2291D+02   0.0000D+00  -0.4454D+02   0.0000D+00
   0.2509D+00   0.0000D+00   0.4565D-01   0.0000D+00   0.4449D-01   0.0000D+00   0.1098D+00   0.0000D+00   0.2439D-01   0.0000D+00   0.0000D+00   0.0000D+00   0.2509D+00   0.0000D+00   0.4565D-01   0.0000D+00   0.4449D-01   0.0000D+00
   0.0000D+00   0.0000D+00   0.0000D+00   0.0000D+00   0.0000D+00   0.0000D+00   0.0000D+00   0.0000D+00
  -0.1489D+02   0.7885D+01  -0.3410D+02   0.4670D+01   0.3702D+01  -0.5703D+01  -0.3974D+02  -0.5344D+00  -0.1489D+02   0.7885D+01  -0.3410D+02   0.4670D+01
   0.4875D+00  -0.6575D-02   0.8829D-01  -0.3207D-02   0.5408D-01  -0.2840D-01   0.2016D+00   0.0000D+00   0.5535D-01   0.3735D-02   0.7115D-02   0.1222D-01   0.4875D+00  -0.6575D-02   0.8829D-01  -0.3207D-02   0.5408D-01  -0.2840D-01
  -0.1021D-03  -0.2767D-02  -0.1748D-02  -0.6122D-02  -0.1021D-03  -0.2767D-02  -0.1748D-02  -0.6122D-02
  2.000  2.000
  -0.2056D+02   0.0000D+00  -0.3997D+02   0.0000D+00   0.0000D+00   0.0000D+00  -0.4201D+02   0.0000D+00  -0.2056D+02   0.0000D+00  -0.3997D+02   0.0000D+00
   0.2509D+00   0.0000D+00   0.4565D-01   0.0000D+00   0.4449D-01   0.0000D+00   0.1098D+00   0.0000D+00   0.2439D-01   0.0000D+00   0.0000D+00   0.0000D+00   0.2509D+00   0.0000D+00   0.4565D-01   0.0000D+00   0.4449D-01   0.0000D+00
   0.0000D+00   0.0000D+00   0.0000D+00   0.0000D+00   0.0000D+00   0.0000D+00   0.0000D+00   0.0000D+00
  -0.1660D+02   0.6350D+01  -0.3610D+02   0.3761D+01   0.2960D+01  -0.4593D+01  -0.4107D+02  -0.4304D+00  -0.1660D+02   0.6350D+01  -0.3610D+02   0.3761D+01
   0.6485D+00  -0.5900D-02   0.1162D+00  -0.2878D-02   0.1018D+00  -0.2549D-01   0.2371D+00   0.0000D+00   0.6567D-01   0.3352D-02   0.8612D-02   0.1097D-01   0.6485D+00  -0.5900D-02   0.1162D+00  -0.2878D-02   0.1018D+00  -0.2549D-01
  -0.9158D-04  -0.2483D-02  -0.1569D-02  -0.5493D-02  -0.9158D-04  -0.2483D-02  -0.1569D-02  -0.5493D-02
