 LHC=           1 sqrts=   8000.0000000000000      ang=           4 mode=fital                                                                                               scalescheme=           1 R=  0.69999999999999996     
 CT10nlo_rand5678                                                                                              56
 Bin information: chid, chiu, md, mu, mu0
   0.0000000000000000       0.50000000000000000        592.00000000000000        638.00000000000000        615.00000000000000     
 9 scales(muf, mur)*(LO(38), NLO(38))
  0.500  0.500
  -0.5692D+00   0.0000D+00  -0.4931D+00   0.0000D+00   0.0000D+00   0.0000D+00  -0.3568D+00   0.0000D+00  -0.5692D+00   0.0000D+00  -0.4931D+00   0.0000D+00
   0.5388D+00   0.0000D+00   0.8931D-01   0.0000D+00   0.1833D+00   0.0000D+00   0.1459D+00   0.0000D+00   0.3243D-01   0.0000D+00   0.0000D+00   0.0000D+00   0.5388D+00   0.0000D+00   0.8931D-01   0.0000D+00   0.1833D+00   0.0000D+00
   0.0000D+00   0.0000D+00   0.0000D+00   0.0000D+00   0.0000D+00   0.0000D+00   0.0000D+00   0.0000D+00
  -0.4344D+00   0.6492D-01  -0.4289D+00   0.3828D-01   0.4065D-01  -0.3404D-01  -0.3280D+00   0.5448D-02  -0.4344D+00   0.6492D-01  -0.4289D+00   0.3828D-01
   0.4460D+00  -0.2136D-01   0.7657D-01  -0.7031D-02   0.1023D+00  -0.4683D-01   0.1307D+00   0.0000D+00   0.3268D-01   0.3780D-02  -0.3241D-02   0.1237D-01   0.4460D+00  -0.2136D-01   0.7657D-01  -0.7031D-02   0.1023D+00  -0.4683D-01
  -0.1950D-02  -0.6220D-02  -0.3347D-02  -0.7926D-02  -0.1950D-02  -0.6220D-02  -0.3347D-02  -0.7926D-02
  0.500  1.000
  -0.5234D+00   0.0000D+00  -0.4534D+00   0.0000D+00   0.0000D+00   0.0000D+00  -0.3281D+00   0.0000D+00  -0.5234D+00   0.0000D+00  -0.4534D+00   0.0000D+00
   0.5388D+00   0.0000D+00   0.8931D-01   0.0000D+00   0.1833D+00   0.0000D+00   0.1459D+00   0.0000D+00   0.3243D-01   0.0000D+00   0.0000D+00   0.0000D+00   0.5388D+00   0.0000D+00   0.8931D-01   0.0000D+00   0.1833D+00   0.0000D+00
   0.0000D+00   0.0000D+00   0.0000D+00   0.0000D+00   0.0000D+00   0.0000D+00   0.0000D+00   0.0000D+00
  -0.4502D+00   0.5488D-01  -0.4344D+00   0.3236D-01   0.3437D-01  -0.2878D-01  -0.3293D+00   0.4605D-02  -0.4502D+00   0.5488D-01  -0.4344D+00   0.3236D-01
   0.4536D+00  -0.1964D-01   0.7762D-01  -0.6465D-02   0.1088D+00  -0.4306D-01   0.1320D+00   0.0000D+00   0.3267D-01   0.3475D-02  -0.2980D-02   0.1137D-01   0.4536D+00  -0.1964D-01   0.7762D-01  -0.6465D-02   0.1088D+00  -0.4306D-01
  -0.1792D-02  -0.5718D-02  -0.3078D-02  -0.7288D-02  -0.1792D-02  -0.5718D-02  -0.3078D-02  -0.7288D-02
  0.500  2.000
  -0.4844D+00   0.0000D+00  -0.4197D+00   0.0000D+00   0.0000D+00   0.0000D+00  -0.3037D+00   0.0000D+00  -0.4844D+00   0.0000D+00  -0.4197D+00   0.0000D+00
   0.5388D+00   0.0000D+00   0.8931D-01   0.0000D+00   0.1833D+00   0.0000D+00   0.1459D+00   0.0000D+00   0.3243D-01   0.0000D+00   0.0000D+00   0.0000D+00   0.5388D+00   0.0000D+00   0.8931D-01   0.0000D+00   0.1833D+00   0.0000D+00
   0.0000D+00   0.0000D+00   0.0000D+00   0.0000D+00   0.0000D+00   0.0000D+00   0.0000D+00   0.0000D+00
  -0.4566D+00   0.4702D-01  -0.4336D+00   0.2773D-01   0.2944D-01  -0.2465D-01  -0.3266D+00   0.3946D-02  -0.4566D+00   0.4702D-01  -0.4336D+00   0.2773D-01
   0.4601D+00  -0.1818D-01   0.7851D-01  -0.5984D-02   0.1144D+00  -0.3986D-01   0.1330D+00   0.0000D+00   0.3265D-01   0.3217D-02  -0.2758D-02   0.1053D-01   0.4601D+00  -0.1818D-01   0.7851D-01  -0.5984D-02   0.1144D+00  -0.3986D-01
  -0.1659D-02  -0.5293D-02  -0.2849D-02  -0.6746D-02  -0.1659D-02  -0.5293D-02  -0.2849D-02  -0.6746D-02
  1.000  0.500
  -0.5256D+00   0.0000D+00  -0.4558D+00   0.0000D+00   0.0000D+00   0.0000D+00  -0.3275D+00   0.0000D+00  -0.5256D+00   0.0000D+00  -0.4558D+00   0.0000D+00
   0.4964D+00   0.0000D+00   0.8192D-01   0.0000D+00   0.1695D+00   0.0000D+00   0.1340D+00   0.0000D+00   0.2978D-01   0.0000D+00   0.0000D+00   0.0000D+00   0.4964D+00   0.0000D+00   0.8192D-01   0.0000D+00   0.1695D+00   0.0000D+00
   0.0000D+00   0.0000D+00   0.0000D+00   0.0000D+00   0.0000D+00   0.0000D+00   0.0000D+00   0.0000D+00
  -0.4443D+00   0.5999D-01  -0.4331D+00   0.3528D-01   0.3763D-01  -0.3122D-01  -0.3269D+00   0.5106D-02  -0.4443D+00   0.5999D-01  -0.4331D+00   0.3528D-01
   0.4494D+00  -0.1973D-01   0.7646D-01  -0.6485D-02   0.1072D+00  -0.4311D-01   0.1310D+00   0.0000D+00   0.3242D-01   0.3469D-02  -0.3056D-02   0.1135D-01   0.4494D+00  -0.1973D-01   0.7646D-01  -0.6485D-02   0.1072D+00  -0.4311D-01
  -0.1805D-02  -0.5750D-02  -0.3086D-02  -0.7313D-02  -0.1805D-02  -0.5750D-02  -0.3086D-02  -0.7313D-02
  1.000  1.000
  -0.4832D+00   0.0000D+00  -0.4191D+00   0.0000D+00   0.0000D+00   0.0000D+00  -0.3011D+00   0.0000D+00  -0.4832D+00   0.0000D+00  -0.4191D+00   0.0000D+00
   0.4964D+00   0.0000D+00   0.8192D-01   0.0000D+00   0.1695D+00   0.0000D+00   0.1340D+00   0.0000D+00   0.2978D-01   0.0000D+00   0.0000D+00   0.0000D+00   0.4964D+00   0.0000D+00   0.8192D-01   0.0000D+00   0.1695D+00   0.0000D+00
   0.0000D+00   0.0000D+00   0.0000D+00   0.0000D+00   0.0000D+00   0.0000D+00   0.0000D+00   0.0000D+00
  -0.4522D+00   0.5071D-01  -0.4325D+00   0.2982D-01   0.3181D-01  -0.2639D-01  -0.3241D+00   0.4316D-02  -0.4522D+00   0.5071D-01  -0.4325D+00   0.2982D-01
   0.4533D+00  -0.1814D-01   0.7692D-01  -0.5962D-02   0.1123D+00  -0.3964D-01   0.1313D+00   0.0000D+00   0.3221D-01   0.3189D-02  -0.2810D-02   0.1044D-01   0.4533D+00  -0.1814D-01   0.7692D-01  -0.5962D-02   0.1123D+00  -0.3964D-01
  -0.1660D-02  -0.5287D-02  -0.2838D-02  -0.6724D-02  -0.1660D-02  -0.5287D-02  -0.2838D-02  -0.6724D-02
  1.000  2.000
  -0.4473D+00   0.0000D+00  -0.3879D+00   0.0000D+00   0.0000D+00   0.0000D+00  -0.2787D+00   0.0000D+00  -0.4473D+00   0.0000D+00  -0.3879D+00   0.0000D+00
   0.4964D+00   0.0000D+00   0.8192D-01   0.0000D+00   0.1695D+00   0.0000D+00   0.1340D+00   0.0000D+00   0.2978D-01   0.0000D+00   0.0000D+00   0.0000D+00   0.4964D+00   0.0000D+00   0.8192D-01   0.0000D+00   0.1695D+00   0.0000D+00
   0.0000D+00   0.0000D+00   0.0000D+00   0.0000D+00   0.0000D+00   0.0000D+00   0.0000D+00   0.0000D+00
  -0.4529D+00   0.4345D-01  -0.4274D+00   0.2555D-01   0.2725D-01  -0.2261D-01  -0.3185D+00   0.3698D-02  -0.4529D+00   0.4345D-01  -0.4274D+00   0.2555D-01
   0.4566D+00  -0.1679D-01   0.7730D-01  -0.5519D-02   0.1165D+00  -0.3669D-01   0.1315D+00   0.0000D+00   0.3203D-01   0.2952D-02  -0.2601D-02   0.9661D-02   0.4566D+00  -0.1679D-01   0.7730D-01  -0.5519D-02   0.1165D+00  -0.3669D-01
  -0.1536D-02  -0.4894D-02  -0.2627D-02  -0.6224D-02  -0.1536D-02  -0.4894D-02  -0.2627D-02  -0.6224D-02
  2.000  0.500
  -0.4880D+00   0.0000D+00  -0.4224D+00   0.0000D+00   0.0000D+00   0.0000D+00  -0.3027D+00   0.0000D+00  -0.4880D+00   0.0000D+00  -0.4224D+00   0.0000D+00
   0.4588D+00   0.0000D+00   0.7582D-01   0.0000D+00   0.1570D+00   0.0000D+00   0.1233D+00   0.0000D+00   0.2741D-01   0.0000D+00   0.0000D+00   0.0000D+00   0.4588D+00   0.0000D+00   0.7582D-01   0.0000D+00   0.1570D+00   0.0000D+00
   0.0000D+00   0.0000D+00   0.0000D+00   0.0000D+00   0.0000D+00   0.0000D+00   0.0000D+00   0.0000D+00
  -0.4518D+00   0.5563D-01  -0.4361D+00   0.3267D-01   0.3462D-01  -0.2884D-01  -0.3284D+00   0.4796D-02  -0.4518D+00   0.5563D-01  -0.4361D+00   0.3267D-01
   0.4522D+00  -0.1830D-01   0.7700D-01  -0.6000D-02   0.1124D+00  -0.3990D-01   0.1313D+00   0.0000D+00   0.3215D-01   0.3191D-02  -0.2841D-02   0.1044D-01   0.4522D+00  -0.1830D-01   0.7700D-01  -0.6000D-02   0.1124D+00  -0.3990D-01
  -0.1680D-02  -0.5297D-02  -0.2856D-02  -0.6718D-02  -0.1680D-02  -0.5297D-02  -0.2856D-02  -0.6718D-02
  2.000  1.000
  -0.4487D+00   0.0000D+00  -0.3883D+00   0.0000D+00   0.0000D+00   0.0000D+00  -0.2783D+00   0.0000D+00  -0.4487D+00   0.0000D+00  -0.3883D+00   0.0000D+00
   0.4588D+00   0.0000D+00   0.7582D-01   0.0000D+00   0.1570D+00   0.0000D+00   0.1233D+00   0.0000D+00   0.2741D-01   0.0000D+00   0.0000D+00   0.0000D+00   0.4588D+00   0.0000D+00   0.7582D-01   0.0000D+00   0.1570D+00   0.0000D+00
   0.0000D+00   0.0000D+00   0.0000D+00   0.0000D+00   0.0000D+00   0.0000D+00   0.0000D+00   0.0000D+00
  -0.4530D+00   0.4703D-01  -0.4302D+00   0.2762D-01   0.2927D-01  -0.2438D-01  -0.3217D+00   0.4054D-02  -0.4530D+00   0.4703D-01  -0.4302D+00   0.2762D-01
   0.4528D+00  -0.1682D-01   0.7692D-01  -0.5516D-02   0.1160D+00  -0.3669D-01   0.1307D+00   0.0000D+00   0.3178D-01   0.2934D-02  -0.2612D-02   0.9603D-02   0.4528D+00  -0.1682D-01   0.7692D-01  -0.5516D-02   0.1160D+00  -0.3669D-01
  -0.1544D-02  -0.4870D-02  -0.2626D-02  -0.6177D-02  -0.1544D-02  -0.4870D-02  -0.2626D-02  -0.6177D-02
  2.000  2.000
  -0.4153D+00   0.0000D+00  -0.3594D+00   0.0000D+00   0.0000D+00   0.0000D+00  -0.2576D+00   0.0000D+00  -0.4153D+00   0.0000D+00  -0.3594D+00   0.0000D+00
   0.4588D+00   0.0000D+00   0.7582D-01   0.0000D+00   0.1570D+00   0.0000D+00   0.1233D+00   0.0000D+00   0.2741D-01   0.0000D+00   0.0000D+00   0.0000D+00   0.4588D+00   0.0000D+00   0.7582D-01   0.0000D+00   0.1570D+00   0.0000D+00
   0.0000D+00   0.0000D+00   0.0000D+00   0.0000D+00   0.0000D+00   0.0000D+00   0.0000D+00   0.0000D+00
  -0.4489D+00   0.4029D-01  -0.4212D+00   0.2366D-01   0.2508D-01  -0.2089D-01  -0.3133D+00   0.3474D-02  -0.4489D+00   0.4029D-01  -0.4212D+00   0.2366D-01
   0.4534D+00  -0.1557D-01   0.7685D-01  -0.5106D-02   0.1191D+00  -0.3396D-01   0.1302D+00   0.0000D+00   0.3146D-01   0.2716D-02  -0.2418D-02   0.8889D-02   0.4534D+00  -0.1557D-01   0.7685D-01  -0.5106D-02   0.1191D+00  -0.3396D-01
  -0.1429D-02  -0.4508D-02  -0.2431D-02  -0.5717D-02  -0.1429D-02  -0.4508D-02  -0.2431D-02  -0.5717D-02
