 LHC=           1 sqrts=   8000.0000000000000      ang=           4 mode=fital                                                                                               scalescheme=           1 R=  0.69999999999999996     
 CT10nlo_rand5678                                                                                              56
 Bin information: chid, chiu, md, mu, mu0
   0.0000000000000000       0.50000000000000000        846.00000000000000        905.00000000000000        875.50000000000000     
 9 scales(muf, mur)*(LO(38), NLO(38))
  0.500  0.500
  -0.2198D+00   0.0000D+00  -0.1706D+00   0.0000D+00   0.0000D+00   0.0000D+00  -0.1006D+00   0.0000D+00  -0.2198D+00   0.0000D+00  -0.1706D+00   0.0000D+00
   0.3863D+00   0.0000D+00   0.6154D-01   0.0000D+00   0.1463D+00   0.0000D+00   0.8262D-01   0.0000D+00   0.1836D-01   0.0000D+00   0.0000D+00   0.0000D+00   0.3863D+00   0.0000D+00   0.6154D-01   0.0000D+00   0.1463D+00   0.0000D+00
   0.0000D+00   0.0000D+00   0.0000D+00   0.0000D+00   0.0000D+00   0.0000D+00   0.0000D+00   0.0000D+00
  -0.1733D+00   0.2107D-01  -0.1490D+00   0.1207D-01   0.1261D-01  -0.9183D-02  -0.9024D-01   0.3021D-02  -0.1733D+00   0.2107D-01  -0.1490D+00   0.1207D-01
   0.3002D+00  -0.1629D-01   0.4953D-01  -0.5038D-02   0.8020D-01  -0.3186D-01   0.7116D-01   0.0000D+00   0.1765D-01   0.2047D-02  -0.2802D-02   0.6700D-02   0.3002D+00  -0.1629D-01   0.4953D-01  -0.5038D-02   0.8020D-01  -0.3186D-01
  -0.1604D-02  -0.4484D-02  -0.2169D-02  -0.4859D-02  -0.1604D-02  -0.4484D-02  -0.2169D-02  -0.4859D-02
  0.500  1.000
  -0.2028D+00   0.0000D+00  -0.1574D+00   0.0000D+00   0.0000D+00   0.0000D+00  -0.9285D-01   0.0000D+00  -0.2028D+00   0.0000D+00  -0.1574D+00   0.0000D+00
   0.3863D+00   0.0000D+00   0.6154D-01   0.0000D+00   0.1463D+00   0.0000D+00   0.8262D-01   0.0000D+00   0.1836D-01   0.0000D+00   0.0000D+00   0.0000D+00   0.3863D+00   0.0000D+00   0.6154D-01   0.0000D+00   0.1463D+00   0.0000D+00
   0.0000D+00   0.0000D+00   0.0000D+00   0.0000D+00   0.0000D+00   0.0000D+00   0.0000D+00   0.0000D+00
  -0.1784D+00   0.1794D-01  -0.1508D+00   0.1028D-01   0.1074D-01  -0.7819D-02  -0.9095D-01   0.2572D-02  -0.1784D+00   0.1794D-01  -0.1508D+00   0.1028D-01
   0.3069D+00  -0.1503D-01   0.5046D-01  -0.4649D-02   0.8533D-01  -0.2940D-01   0.7206D-01   0.0000D+00   0.1771D-01   0.1889D-02  -0.2586D-02   0.6182D-02   0.3069D+00  -0.1503D-01   0.5046D-01  -0.4649D-02   0.8533D-01  -0.2940D-01
  -0.1480D-02  -0.4138D-02  -0.2001D-02  -0.4484D-02  -0.1480D-02  -0.4138D-02  -0.2001D-02  -0.4484D-02
  0.500  2.000
  -0.1883D+00   0.0000D+00  -0.1461D+00   0.0000D+00   0.0000D+00   0.0000D+00  -0.8620D-01   0.0000D+00  -0.1883D+00   0.0000D+00  -0.1461D+00   0.0000D+00
   0.3863D+00   0.0000D+00   0.6154D-01   0.0000D+00   0.1463D+00   0.0000D+00   0.8262D-01   0.0000D+00   0.1836D-01   0.0000D+00   0.0000D+00   0.0000D+00   0.3863D+00   0.0000D+00   0.6154D-01   0.0000D+00   0.1463D+00   0.0000D+00
   0.0000D+00   0.0000D+00   0.0000D+00   0.0000D+00   0.0000D+00   0.0000D+00   0.0000D+00   0.0000D+00
  -0.1803D+00   0.1546D-01  -0.1506D+00   0.8859D-02   0.9255D-02  -0.6739D-02  -0.9054D-01   0.2217D-02  -0.1803D+00   0.1546D-01  -0.1506D+00   0.8859D-02
   0.3126D+00  -0.1396D-01   0.5126D-01  -0.4316D-02   0.8970D-01  -0.2729D-01   0.7282D-01   0.0000D+00   0.1775D-01   0.1754D-02  -0.2401D-02   0.5739D-02   0.3126D+00  -0.1396D-01   0.5126D-01  -0.4316D-02   0.8970D-01  -0.2729D-01
  -0.1374D-02  -0.3842D-02  -0.1858D-02  -0.4163D-02  -0.1374D-02  -0.3842D-02  -0.1858D-02  -0.4163D-02
  1.000  0.500
  -0.1983D+00   0.0000D+00  -0.1540D+00   0.0000D+00   0.0000D+00   0.0000D+00  -0.9042D-01   0.0000D+00  -0.1983D+00   0.0000D+00  -0.1540D+00   0.0000D+00
   0.3483D+00   0.0000D+00   0.5542D-01   0.0000D+00   0.1319D+00   0.0000D+00   0.7405D-01   0.0000D+00   0.1646D-01   0.0000D+00   0.0000D+00   0.0000D+00   0.3483D+00   0.0000D+00   0.5542D-01   0.0000D+00   0.1319D+00   0.0000D+00
   0.0000D+00   0.0000D+00   0.0000D+00   0.0000D+00   0.0000D+00   0.0000D+00   0.0000D+00   0.0000D+00
  -0.1754D+00   0.1899D-01  -0.1504D+00   0.1088D-01   0.1131D-01  -0.8258D-02  -0.9037D-01   0.2741D-02  -0.1754D+00   0.1899D-01  -0.1504D+00   0.1088D-01
   0.3041D+00  -0.1471D-01   0.4996D-01  -0.4548D-02   0.8551D-01  -0.2868D-01   0.7136D-01   0.0000D+00   0.1753D-01   0.1835D-02  -0.2571D-02   0.6005D-02   0.3041D+00  -0.1471D-01   0.4996D-01  -0.4548D-02   0.8551D-01  -0.2868D-01
  -0.1448D-02  -0.4038D-02  -0.1955D-02  -0.4364D-02  -0.1448D-02  -0.4038D-02  -0.1955D-02  -0.4364D-02
  1.000  1.000
  -0.1829D+00   0.0000D+00  -0.1421D+00   0.0000D+00   0.0000D+00   0.0000D+00  -0.8343D-01   0.0000D+00  -0.1829D+00   0.0000D+00  -0.1421D+00   0.0000D+00
   0.3483D+00   0.0000D+00   0.5542D-01   0.0000D+00   0.1319D+00   0.0000D+00   0.7405D-01   0.0000D+00   0.1646D-01   0.0000D+00   0.0000D+00   0.0000D+00   0.3483D+00   0.0000D+00   0.5542D-01   0.0000D+00   0.1319D+00   0.0000D+00
   0.0000D+00   0.0000D+00   0.0000D+00   0.0000D+00   0.0000D+00   0.0000D+00   0.0000D+00   0.0000D+00
  -0.1772D+00   0.1617D-01  -0.1497D+00   0.9259D-02   0.9632D-02  -0.7030D-02  -0.8962D-01   0.2334D-02  -0.1772D+00   0.1617D-01  -0.1497D+00   0.9259D-02
   0.3076D+00  -0.1357D-01   0.5039D-01  -0.4196D-02   0.8912D-01  -0.2646D-01   0.7157D-01   0.0000D+00   0.1745D-01   0.1693D-02  -0.2373D-02   0.5541D-02   0.3076D+00  -0.1357D-01   0.5039D-01  -0.4196D-02   0.8912D-01  -0.2646D-01
  -0.1336D-02  -0.3726D-02  -0.1804D-02  -0.4027D-02  -0.1336D-02  -0.3726D-02  -0.1804D-02  -0.4027D-02
  1.000  2.000
  -0.1698D+00   0.0000D+00  -0.1319D+00   0.0000D+00   0.0000D+00   0.0000D+00  -0.7746D-01   0.0000D+00  -0.1698D+00   0.0000D+00  -0.1319D+00   0.0000D+00
   0.3483D+00   0.0000D+00   0.5542D-01   0.0000D+00   0.1319D+00   0.0000D+00   0.7405D-01   0.0000D+00   0.1646D-01   0.0000D+00   0.0000D+00   0.0000D+00   0.3483D+00   0.0000D+00   0.5542D-01   0.0000D+00   0.1319D+00   0.0000D+00
   0.0000D+00   0.0000D+00   0.0000D+00   0.0000D+00   0.0000D+00   0.0000D+00   0.0000D+00   0.0000D+00
  -0.1767D+00   0.1394D-01  -0.1476D+00   0.7981D-02   0.8303D-02  -0.6060D-02  -0.8817D-01   0.2012D-02  -0.1767D+00   0.1394D-01  -0.1476D+00   0.7981D-02
   0.3105D+00  -0.1260D-01   0.5076D-01  -0.3896D-02   0.9220D-01  -0.2457D-01   0.7176D-01   0.0000D+00   0.1738D-01   0.1572D-02  -0.2203D-02   0.5144D-02   0.3105D+00  -0.1260D-01   0.5076D-01  -0.3896D-02   0.9220D-01  -0.2457D-01
  -0.1240D-02  -0.3459D-02  -0.1675D-02  -0.3738D-02  -0.1240D-02  -0.3459D-02  -0.1675D-02  -0.3738D-02
  2.000  0.500
  -0.1805D+00   0.0000D+00  -0.1398D+00   0.0000D+00   0.0000D+00   0.0000D+00  -0.8185D-01   0.0000D+00  -0.1805D+00   0.0000D+00  -0.1398D+00   0.0000D+00
   0.3160D+00   0.0000D+00   0.5028D-01   0.0000D+00   0.1201D+00   0.0000D+00   0.6684D-01   0.0000D+00   0.1485D-01   0.0000D+00   0.0000D+00   0.0000D+00   0.3160D+00   0.0000D+00   0.5028D-01   0.0000D+00   0.1201D+00   0.0000D+00
   0.0000D+00   0.0000D+00   0.0000D+00   0.0000D+00   0.0000D+00   0.0000D+00   0.0000D+00   0.0000D+00
  -0.1791D+00   0.1725D-01  -0.1511D+00   0.9874D-02   0.1035D-01  -0.7465D-02  -0.9075D-01   0.2511D-02  -0.1791D+00   0.1725D-01  -0.1511D+00   0.9874D-02
   0.3085D+00  -0.1336D-01   0.5065D-01  -0.4126D-02   0.9016D-01  -0.2603D-01   0.7165D-01   0.0000D+00   0.1743D-01   0.1656D-02  -0.2262D-02   0.5420D-02   0.3085D+00  -0.1336D-01   0.5065D-01  -0.4126D-02   0.9016D-01  -0.2603D-01
  -0.1318D-02  -0.3655D-02  -0.1775D-02  -0.3949D-02  -0.1318D-02  -0.3655D-02  -0.1775D-02  -0.3949D-02
  2.000  1.000
  -0.1665D+00   0.0000D+00  -0.1290D+00   0.0000D+00   0.0000D+00   0.0000D+00  -0.7553D-01   0.0000D+00  -0.1665D+00   0.0000D+00  -0.1290D+00   0.0000D+00
   0.3160D+00   0.0000D+00   0.5028D-01   0.0000D+00   0.1201D+00   0.0000D+00   0.6684D-01   0.0000D+00   0.1485D-01   0.0000D+00   0.0000D+00   0.0000D+00   0.3160D+00   0.0000D+00   0.5028D-01   0.0000D+00   0.1201D+00   0.0000D+00
   0.0000D+00   0.0000D+00   0.0000D+00   0.0000D+00   0.0000D+00   0.0000D+00   0.0000D+00   0.0000D+00
  -0.1778D+00   0.1468D-01  -0.1482D+00   0.8406D-02   0.8814D-02  -0.6355D-02  -0.8875D-01   0.2138D-02  -0.1778D+00   0.1468D-01  -0.1482D+00   0.8406D-02
   0.3091D+00  -0.1233D-01   0.5063D-01  -0.3807D-02   0.9249D-01  -0.2402D-01   0.7128D-01   0.0000D+00   0.1723D-01   0.1528D-02  -0.2087D-02   0.5001D-02   0.3091D+00  -0.1233D-01   0.5063D-01  -0.3807D-02   0.9249D-01  -0.2402D-01
  -0.1217D-02  -0.3373D-02  -0.1638D-02  -0.3644D-02  -0.1217D-02  -0.3373D-02  -0.1638D-02  -0.3644D-02
  2.000  2.000
  -0.1546D+00   0.0000D+00  -0.1198D+00   0.0000D+00   0.0000D+00   0.0000D+00  -0.7012D-01   0.0000D+00  -0.1546D+00   0.0000D+00  -0.1198D+00   0.0000D+00
   0.3160D+00   0.0000D+00   0.5028D-01   0.0000D+00   0.1201D+00   0.0000D+00   0.6684D-01   0.0000D+00   0.1485D-01   0.0000D+00   0.0000D+00   0.0000D+00   0.3160D+00   0.0000D+00   0.5028D-01   0.0000D+00   0.1201D+00   0.0000D+00
   0.0000D+00   0.0000D+00   0.0000D+00   0.0000D+00   0.0000D+00   0.0000D+00   0.0000D+00   0.0000D+00
  -0.1750D+00   0.1266D-01  -0.1447D+00   0.7246D-02   0.7598D-02  -0.5478D-02  -0.8638D-01   0.1843D-02  -0.1750D+00   0.1266D-01  -0.1447D+00   0.7246D-02
   0.3096D+00  -0.1145D-01   0.5061D-01  -0.3535D-02   0.9448D-01  -0.2230D-01   0.7097D-01   0.0000D+00   0.1706D-01   0.1419D-02  -0.1938D-02   0.4643D-02   0.3096D+00  -0.1145D-01   0.5061D-01  -0.3535D-02   0.9448D-01  -0.2230D-01
  -0.1129D-02  -0.3131D-02  -0.1521D-02  -0.3383D-02  -0.1129D-02  -0.3131D-02  -0.1521D-02  -0.3383D-02
