 LHC=           1 sqrts=   8000.0000000000000      ang=           4 mode=fital                                                                                               scalescheme=           1 R=  0.69999999999999996     
 CT10nlo_rand5678                                                                                              39
 Bin information: chid, chiu, md, mu, mu0
   0.0000000000000000       0.50000000000000000        56.000000000000000        64.000000000000000        60.000000000000000     
 9 scales(muf, mur)*(LO(38), NLO(38))
  0.500  0.500
  -0.1784D+02   0.0000D+00  -0.3015D+02   0.0000D+00   0.0000D+00   0.0000D+00  -0.3216D+02   0.0000D+00  -0.1784D+02   0.0000D+00  -0.3015D+02   0.0000D+00
   0.1956D+00   0.0000D+00   0.3742D-01   0.0000D+00   0.4287D-01   0.0000D+00   0.9165D-01   0.0000D+00   0.2037D-01   0.0000D+00   0.0000D+00   0.0000D+00   0.1956D+00   0.0000D+00   0.3742D-01   0.0000D+00   0.4287D-01   0.0000D+00
   0.0000D+00   0.0000D+00   0.0000D+00   0.0000D+00   0.0000D+00   0.0000D+00   0.0000D+00   0.0000D+00
  -0.1270D+02   0.5956D+01  -0.2332D+02   0.3620D+01   0.3116D+01  -0.4423D+01  -0.2847D+02  -0.4283D+00  -0.1270D+02   0.5956D+01  -0.2332D+02   0.3620D+01
   0.5971D+00  -0.7155D-02   0.1114D+00  -0.3213D-02   0.1027D+00  -0.2581D-01   0.2381D+00   0.0000D+00   0.6462D-01   0.3301D-02   0.8646D-02   0.1080D-01   0.5971D+00  -0.7155D-02   0.1114D+00  -0.3213D-02   0.1027D+00  -0.2581D-01
  -0.1102D-03  -0.2234D-02  -0.1461D-02  -0.5675D-02  -0.1102D-03  -0.2234D-02  -0.1461D-02  -0.5675D-02
  0.500  1.000
  -0.1584D+02   0.0000D+00  -0.2677D+02   0.0000D+00   0.0000D+00   0.0000D+00  -0.2855D+02   0.0000D+00  -0.1584D+02   0.0000D+00  -0.2677D+02   0.0000D+00
   0.1956D+00   0.0000D+00   0.3742D-01   0.0000D+00   0.4287D-01   0.0000D+00   0.9165D-01   0.0000D+00   0.2037D-01   0.0000D+00   0.0000D+00   0.0000D+00   0.1956D+00   0.0000D+00   0.3742D-01   0.0000D+00   0.4287D-01   0.0000D+00
   0.0000D+00   0.0000D+00   0.0000D+00   0.0000D+00   0.0000D+00   0.0000D+00   0.0000D+00   0.0000D+00
  -0.1351D+02   0.4695D+01  -0.2429D+02   0.2853D+01   0.2455D+01  -0.3486D+01  -0.2874D+02  -0.3376D+00  -0.1351D+02   0.4695D+01  -0.2429D+02   0.2853D+01
   0.5622D+00  -0.6353D-02   0.1048D+00  -0.2853D-02   0.9905D-01  -0.2292D-01   0.2242D+00   0.0000D+00   0.6040D-01   0.2931D-02   0.7772D-02   0.9591D-02   0.5622D+00  -0.6353D-02   0.1048D+00  -0.2853D-02   0.9905D-01  -0.2292D-01
  -0.9781D-04  -0.1983D-02  -0.1297D-02  -0.5038D-02  -0.9781D-04  -0.1983D-02  -0.1297D-02  -0.5038D-02
  0.500  2.000
  -0.1424D+02   0.0000D+00  -0.2407D+02   0.0000D+00   0.0000D+00   0.0000D+00  -0.2568D+02   0.0000D+00  -0.1424D+02   0.0000D+00  -0.2407D+02   0.0000D+00
   0.1956D+00   0.0000D+00   0.3742D-01   0.0000D+00   0.4287D-01   0.0000D+00   0.9165D-01   0.0000D+00   0.2037D-01   0.0000D+00   0.0000D+00   0.0000D+00   0.1956D+00   0.0000D+00   0.3742D-01   0.0000D+00   0.4287D-01   0.0000D+00
   0.0000D+00   0.0000D+00   0.0000D+00   0.0000D+00   0.0000D+00   0.0000D+00   0.0000D+00   0.0000D+00
  -0.1375D+02   0.3797D+01  -0.2441D+02   0.2308D+01   0.1984D+01  -0.2819D+01  -0.2833D+02  -0.2731D+00  -0.1375D+02   0.3797D+01  -0.2441D+02   0.2308D+01
   0.5281D+00  -0.5714D-02   0.9850D-01  -0.2566D-02   0.9402D-01  -0.2061D-01   0.2117D+00   0.0000D+00   0.5663D-01   0.2636D-02   0.7051D-02   0.8626D-02   0.5281D+00  -0.5714D-02   0.9850D-01  -0.2566D-02   0.9402D-01  -0.2061D-01
  -0.8791D-04  -0.1784D-02  -0.1166D-02  -0.4531D-02  -0.8791D-04  -0.1784D-02  -0.1166D-02  -0.4531D-02
  1.000  0.500
  -0.1929D+02   0.0000D+00  -0.3344D+02   0.0000D+00   0.0000D+00   0.0000D+00  -0.3635D+02   0.0000D+00  -0.1929D+02   0.0000D+00  -0.3344D+02   0.0000D+00
   0.2183D+00   0.0000D+00   0.4163D-01   0.0000D+00   0.4575D-01   0.0000D+00   0.9861D-01   0.0000D+00   0.2191D-01   0.0000D+00   0.0000D+00   0.0000D+00   0.2183D+00   0.0000D+00   0.4163D-01   0.0000D+00   0.4575D-01   0.0000D+00
   0.0000D+00   0.0000D+00   0.0000D+00   0.0000D+00   0.0000D+00   0.0000D+00   0.0000D+00   0.0000D+00
  -0.1168D+02   0.6523D+01  -0.2310D+02   0.4082D+01   0.3015D+01  -0.5031D+01  -0.2860D+02  -0.4946D+00  -0.1168D+02   0.6523D+01  -0.2310D+02   0.4082D+01
   0.5816D+00  -0.7403D-02   0.1076D+00  -0.3455D-02   0.9731D-01  -0.2943D-01   0.2325D+00   0.0000D+00   0.6248D-01   0.3677D-02   0.8311D-02   0.1203D-01   0.5816D+00  -0.7403D-02   0.1076D+00  -0.3455D-02   0.9731D-01  -0.2943D-01
  -0.1229D-03  -0.3269D-02  -0.1717D-02  -0.6279D-02  -0.1229D-03  -0.3269D-02  -0.1717D-02  -0.6279D-02
  1.000  1.000
  -0.1712D+02   0.0000D+00  -0.2969D+02   0.0000D+00   0.0000D+00   0.0000D+00  -0.3227D+02   0.0000D+00  -0.1712D+02   0.0000D+00  -0.2969D+02   0.0000D+00
   0.2183D+00   0.0000D+00   0.4163D-01   0.0000D+00   0.4575D-01   0.0000D+00   0.9861D-01   0.0000D+00   0.2191D-01   0.0000D+00   0.0000D+00   0.0000D+00   0.2183D+00   0.0000D+00   0.4163D-01   0.0000D+00   0.4575D-01   0.0000D+00
   0.0000D+00   0.0000D+00   0.0000D+00   0.0000D+00   0.0000D+00   0.0000D+00   0.0000D+00   0.0000D+00
  -0.1293D+02   0.5141D+01  -0.2470D+02   0.3217D+01   0.2374D+01  -0.3965D+01  -0.2962D+02  -0.3898D+00  -0.1293D+02   0.5141D+01  -0.2470D+02   0.3217D+01
   0.5165D+00  -0.6573D-02   0.9601D-01  -0.3067D-02   0.8362D-01  -0.2613D-01   0.2124D+00   0.0000D+00   0.5634D-01   0.3265D-02   0.7273D-02   0.1068D-01   0.5165D+00  -0.6573D-02   0.9601D-01  -0.3067D-02   0.8362D-01  -0.2613D-01
  -0.1090D-03  -0.2903D-02  -0.1524D-02  -0.5575D-02  -0.1090D-03  -0.2903D-02  -0.1524D-02  -0.5575D-02
  1.000  2.000
  -0.1540D+02   0.0000D+00  -0.2670D+02   0.0000D+00   0.0000D+00   0.0000D+00  -0.2902D+02   0.0000D+00  -0.1540D+02   0.0000D+00  -0.2670D+02   0.0000D+00
   0.2183D+00   0.0000D+00   0.4163D-01   0.0000D+00   0.4575D-01   0.0000D+00   0.9861D-01   0.0000D+00   0.2191D-01   0.0000D+00   0.0000D+00   0.0000D+00   0.2183D+00   0.0000D+00   0.4163D-01   0.0000D+00   0.4575D-01   0.0000D+00
   0.0000D+00   0.0000D+00   0.0000D+00   0.0000D+00   0.0000D+00   0.0000D+00   0.0000D+00   0.0000D+00
  -0.1355D+02   0.4158D+01  -0.2531D+02   0.2602D+01   0.1918D+01  -0.3207D+01  -0.2974D+02  -0.3153D+00  -0.1355D+02   0.4158D+01  -0.2531D+02   0.2602D+01
   0.5188D+00  -0.5911D-02   0.9618D-01  -0.2759D-02   0.8963D-01  -0.2350D-01   0.2086D+00   0.0000D+00   0.5520D-01   0.2936D-02   0.6813D-02   0.9610D-02   0.5188D+00  -0.5911D-02   0.9618D-01  -0.2759D-02   0.8963D-01  -0.2350D-01
  -0.9800D-04  -0.2611D-02  -0.1371D-02  -0.5014D-02  -0.9800D-04  -0.2611D-02  -0.1371D-02  -0.5014D-02
  2.000  0.500
  -0.2072D+02   0.0000D+00  -0.3563D+02   0.0000D+00   0.0000D+00   0.0000D+00  -0.3896D+02   0.0000D+00  -0.2072D+02   0.0000D+00  -0.3563D+02   0.0000D+00
   0.2231D+00   0.0000D+00   0.4524D-01   0.0000D+00   0.4889D-01   0.0000D+00   0.1099D+00   0.0000D+00   0.2442D-01   0.0000D+00   0.0000D+00   0.0000D+00   0.2231D+00   0.0000D+00   0.4524D-01   0.0000D+00   0.4889D-01   0.0000D+00
   0.0000D+00   0.0000D+00   0.0000D+00   0.0000D+00   0.0000D+00   0.0000D+00   0.0000D+00   0.0000D+00
  -0.1110D+02   0.7246D+01  -0.2143D+02   0.4453D+01   0.3298D+01  -0.5013D+01  -0.2757D+02  -0.5303D+00  -0.1110D+02   0.7246D+01  -0.2143D+02   0.4453D+01
   0.6009D+00  -0.7966D-02   0.1174D+00  -0.3431D-02   0.1004D+00  -0.2887D-01   0.2446D+00   0.0000D+00   0.6566D-01   0.4090D-02   0.8165D-02   0.1339D-01   0.6009D+00  -0.7966D-02   0.1174D+00  -0.3431D-02   0.1004D+00  -0.2887D-01
  -0.1462D-03  -0.3013D-02  -0.1934D-02  -0.7062D-02  -0.1462D-03  -0.3013D-02  -0.1934D-02  -0.7062D-02
  2.000  1.000
  -0.1840D+02   0.0000D+00  -0.3163D+02   0.0000D+00   0.0000D+00   0.0000D+00  -0.3459D+02   0.0000D+00  -0.1840D+02   0.0000D+00  -0.3163D+02   0.0000D+00
   0.2231D+00   0.0000D+00   0.4524D-01   0.0000D+00   0.4889D-01   0.0000D+00   0.1099D+00   0.0000D+00   0.2442D-01   0.0000D+00   0.0000D+00   0.0000D+00   0.2231D+00   0.0000D+00   0.4524D-01   0.0000D+00   0.4889D-01   0.0000D+00
   0.0000D+00   0.0000D+00   0.0000D+00   0.0000D+00   0.0000D+00   0.0000D+00   0.0000D+00   0.0000D+00
  -0.1265D+02   0.5711D+01  -0.2369D+02   0.3510D+01   0.2599D+01  -0.3952D+01  -0.2918D+02  -0.4180D+00  -0.1265D+02   0.5711D+01  -0.2369D+02   0.3510D+01
   0.5038D+00  -0.7073D-02   0.9986D-01  -0.3046D-02   0.7980D-01  -0.2563D-01   0.2165D+00   0.0000D+00   0.5702D-01   0.3631D-02   0.6592D-02   0.1189D-01   0.5038D+00  -0.7073D-02   0.9986D-01  -0.3046D-02   0.7980D-01  -0.2563D-01
  -0.1297D-03  -0.2675D-02  -0.1717D-02  -0.6270D-02  -0.1297D-03  -0.2675D-02  -0.1717D-02  -0.6270D-02
  2.000  2.000
  -0.1655D+02   0.0000D+00  -0.2845D+02   0.0000D+00   0.0000D+00   0.0000D+00  -0.3111D+02   0.0000D+00  -0.1655D+02   0.0000D+00  -0.2845D+02   0.0000D+00
   0.2231D+00   0.0000D+00   0.4524D-01   0.0000D+00   0.4889D-01   0.0000D+00   0.1099D+00   0.0000D+00   0.2442D-01   0.0000D+00   0.0000D+00   0.0000D+00   0.2231D+00   0.0000D+00   0.4524D-01   0.0000D+00   0.4889D-01   0.0000D+00
   0.0000D+00   0.0000D+00   0.0000D+00   0.0000D+00   0.0000D+00   0.0000D+00   0.0000D+00   0.0000D+00
  -0.1329D+02   0.4619D+01  -0.2456D+02   0.2839D+01   0.2102D+01  -0.3197D+01  -0.2953D+02  -0.3381D+00  -0.1329D+02   0.4619D+01  -0.2456D+02   0.2839D+01
   0.3882D+00  -0.6361D-02   0.7933D-01  -0.2740D-02   0.5259D-01  -0.2305D-01   0.1858D+00   0.0000D+00   0.4747D-01   0.3266D-02   0.4975D-02   0.1069D-01   0.3882D+00  -0.6361D-02   0.7933D-01  -0.2740D-02   0.5259D-01  -0.2305D-01
  -0.1166D-03  -0.2406D-02  -0.1544D-02  -0.5639D-02  -0.1166D-03  -0.2406D-02  -0.1544D-02  -0.5639D-02
