 LHC=           1 sqrts=   8000.0000000000000      ang=           4 mode=fital                                                                                               scalescheme=           1 R=  0.69999999999999996     
 CT10nlo_rand5678                                                                                              39
 Bin information: chid, chiu, md, mu, mu0
   0.0000000000000000       0.50000000000000000        686.00000000000000        737.00000000000000        711.50000000000000     
 9 scales(muf, mur)*(LO(38), NLO(38))
  0.500  0.500
  -0.3959D+00   0.0000D+00  -0.3171D+00   0.0000D+00   0.0000D+00   0.0000D+00  -0.2137D+00   0.0000D+00  -0.3959D+00   0.0000D+00  -0.3171D+00   0.0000D+00
   0.4767D+00   0.0000D+00   0.7730D-01   0.0000D+00   0.1724D+00   0.0000D+00   0.1195D+00   0.0000D+00   0.2655D-01   0.0000D+00   0.0000D+00   0.0000D+00   0.4767D+00   0.0000D+00   0.7730D-01   0.0000D+00   0.1724D+00   0.0000D+00
   0.0000D+00   0.0000D+00   0.0000D+00   0.0000D+00   0.0000D+00   0.0000D+00   0.0000D+00   0.0000D+00
  -0.3077D+00   0.4076D-01  -0.2746D+00   0.2401D-01   0.2532D-01  -0.2000D-01  -0.1917D+00   0.4295D-02  -0.3077D+00   0.4076D-01  -0.2746D+00   0.2401D-01
   0.3838D+00  -0.1972D-01   0.6422D-01  -0.6260D-02   0.9649D-01  -0.4050D-01   0.1060D+00   0.0000D+00   0.2631D-01   0.3036D-02  -0.3111D-02   0.9935D-02   0.3838D+00  -0.1972D-01   0.6422D-01  -0.6260D-02   0.9649D-01  -0.4050D-01
  -0.1855D-02  -0.5585D-02  -0.2834D-02  -0.6598D-02  -0.1855D-02  -0.5585D-02  -0.2834D-02  -0.6598D-02
  0.500  1.000
  -0.3645D+00   0.0000D+00  -0.2920D+00   0.0000D+00   0.0000D+00   0.0000D+00  -0.1968D+00   0.0000D+00  -0.3645D+00   0.0000D+00  -0.2920D+00   0.0000D+00
   0.4767D+00   0.0000D+00   0.7730D-01   0.0000D+00   0.1724D+00   0.0000D+00   0.1195D+00   0.0000D+00   0.2655D-01   0.0000D+00   0.0000D+00   0.0000D+00   0.4767D+00   0.0000D+00   0.7730D-01   0.0000D+00   0.1724D+00   0.0000D+00
   0.0000D+00   0.0000D+00   0.0000D+00   0.0000D+00   0.0000D+00   0.0000D+00   0.0000D+00   0.0000D+00
  -0.3177D+00   0.3456D-01  -0.2783D+00   0.2036D-01   0.2147D-01  -0.1696D-01  -0.1932D+00   0.3641D-02  -0.3177D+00   0.3456D-01  -0.2783D+00   0.2036D-01
   0.3913D+00  -0.1816D-01   0.6527D-01  -0.5764D-02   0.1025D+00  -0.3729D-01   0.1071D+00   0.0000D+00   0.2633D-01   0.2795D-02  -0.2865D-02   0.9148D-02   0.3913D+00  -0.1816D-01   0.6527D-01  -0.5764D-02   0.1025D+00  -0.3729D-01
  -0.1708D-02  -0.5143D-02  -0.2610D-02  -0.6075D-02  -0.1708D-02  -0.5143D-02  -0.2610D-02  -0.6075D-02
  0.500  2.000
  -0.3378D+00   0.0000D+00  -0.2706D+00   0.0000D+00   0.0000D+00   0.0000D+00  -0.1824D+00   0.0000D+00  -0.3378D+00   0.0000D+00  -0.2706D+00   0.0000D+00
   0.4767D+00   0.0000D+00   0.7730D-01   0.0000D+00   0.1724D+00   0.0000D+00   0.1195D+00   0.0000D+00   0.2655D-01   0.0000D+00   0.0000D+00   0.0000D+00   0.4767D+00   0.0000D+00   0.7730D-01   0.0000D+00   0.1724D+00   0.0000D+00
   0.0000D+00   0.0000D+00   0.0000D+00   0.0000D+00   0.0000D+00   0.0000D+00   0.0000D+00   0.0000D+00
  -0.3216D+00   0.2968D-01  -0.2780D+00   0.1749D-01   0.1844D-01  -0.1457D-01  -0.1922D+00   0.3128D-02  -0.3216D+00   0.2968D-01  -0.2780D+00   0.1749D-01
   0.3976D+00  -0.1683D-01   0.6616D-01  -0.5342D-02   0.1077D+00  -0.3456D-01   0.1080D+00   0.0000D+00   0.2635D-01   0.2591D-02  -0.2655D-02   0.8478D-02   0.3976D+00  -0.1683D-01   0.6616D-01  -0.5342D-02   0.1077D+00  -0.3456D-01
  -0.1583D-02  -0.4766D-02  -0.2419D-02  -0.5630D-02  -0.1583D-02  -0.4766D-02  -0.2419D-02  -0.5630D-02
  1.000  0.500
  -0.3625D+00   0.0000D+00  -0.2911D+00   0.0000D+00   0.0000D+00   0.0000D+00  -0.1958D+00   0.0000D+00  -0.3625D+00   0.0000D+00  -0.2911D+00   0.0000D+00
   0.4375D+00   0.0000D+00   0.7089D-01   0.0000D+00   0.1579D+00   0.0000D+00   0.1091D+00   0.0000D+00   0.2424D-01   0.0000D+00   0.0000D+00   0.0000D+00   0.4375D+00   0.0000D+00   0.7089D-01   0.0000D+00   0.1579D+00   0.0000D+00
   0.0000D+00   0.0000D+00   0.0000D+00   0.0000D+00   0.0000D+00   0.0000D+00   0.0000D+00   0.0000D+00
  -0.3124D+00   0.3733D-01  -0.2768D+00   0.2199D-01   0.2315D-01  -0.1832D-01  -0.1940D+00   0.3966D-02  -0.3124D+00   0.3733D-01  -0.2768D+00   0.2199D-01
   0.3887D+00  -0.1804D-01   0.6489D-01  -0.5737D-02   0.1015D+00  -0.3723D-01   0.1061D+00   0.0000D+00   0.2608D-01   0.2773D-02  -0.2782D-02   0.9076D-02   0.3887D+00  -0.1804D-01   0.6489D-01  -0.5737D-02   0.1015D+00  -0.3723D-01
  -0.1701D-02  -0.5152D-02  -0.2600D-02  -0.6045D-02  -0.1701D-02  -0.5152D-02  -0.2600D-02  -0.6045D-02
  1.000  1.000
  -0.3338D+00   0.0000D+00  -0.2680D+00   0.0000D+00   0.0000D+00   0.0000D+00  -0.1803D+00   0.0000D+00  -0.3338D+00   0.0000D+00  -0.2680D+00   0.0000D+00
   0.4375D+00   0.0000D+00   0.7089D-01   0.0000D+00   0.1579D+00   0.0000D+00   0.1091D+00   0.0000D+00   0.2424D-01   0.0000D+00   0.0000D+00   0.0000D+00   0.4375D+00   0.0000D+00   0.7089D-01   0.0000D+00   0.1579D+00   0.0000D+00
   0.0000D+00   0.0000D+00   0.0000D+00   0.0000D+00   0.0000D+00   0.0000D+00   0.0000D+00   0.0000D+00
  -0.3169D+00   0.3165D-01  -0.2765D+00   0.1864D-01   0.1963D-01  -0.1553D-01  -0.1926D+00   0.3363D-02  -0.3169D+00   0.3165D-01  -0.2765D+00   0.1864D-01
   0.3926D+00  -0.1661D-01   0.6538D-01  -0.5282D-02   0.1060D+00  -0.3428D-01   0.1064D+00   0.0000D+00   0.2594D-01   0.2553D-02  -0.2562D-02   0.8357D-02   0.3926D+00  -0.1661D-01   0.6538D-01  -0.5282D-02   0.1060D+00  -0.3428D-01
  -0.1566D-02  -0.4744D-02  -0.2394D-02  -0.5567D-02  -0.1566D-02  -0.4744D-02  -0.2394D-02  -0.5567D-02
  1.000  2.000
  -0.3093D+00   0.0000D+00  -0.2484D+00   0.0000D+00   0.0000D+00   0.0000D+00  -0.1671D+00   0.0000D+00  -0.3093D+00   0.0000D+00  -0.2484D+00   0.0000D+00
   0.4375D+00   0.0000D+00   0.7089D-01   0.0000D+00   0.1579D+00   0.0000D+00   0.1091D+00   0.0000D+00   0.2424D-01   0.0000D+00   0.0000D+00   0.0000D+00   0.4375D+00   0.0000D+00   0.7089D-01   0.0000D+00   0.1579D+00   0.0000D+00
   0.0000D+00   0.0000D+00   0.0000D+00   0.0000D+00   0.0000D+00   0.0000D+00   0.0000D+00   0.0000D+00
  -0.3168D+00   0.2718D-01  -0.2733D+00   0.1601D-01   0.1686D-01  -0.1334D-01  -0.1895D+00   0.2889D-02  -0.3168D+00   0.2718D-01  -0.2733D+00   0.1601D-01
   0.3960D+00  -0.1540D-01   0.6579D-01  -0.4896D-02   0.1098D+00  -0.3177D-01   0.1066D+00   0.0000D+00   0.2582D-01   0.2367D-02  -0.2375D-02   0.7745D-02   0.3960D+00  -0.1540D-01   0.6579D-01  -0.4896D-02   0.1098D+00  -0.3177D-01
  -0.1451D-02  -0.4397D-02  -0.2219D-02  -0.5159D-02  -0.1451D-02  -0.4397D-02  -0.2219D-02  -0.5159D-02
  2.000  0.500
  -0.3343D+00   0.0000D+00  -0.2688D+00   0.0000D+00   0.0000D+00   0.0000D+00  -0.1805D+00   0.0000D+00  -0.3343D+00   0.0000D+00  -0.2688D+00   0.0000D+00
   0.4028D+00   0.0000D+00   0.6534D-01   0.0000D+00   0.1454D+00   0.0000D+00   0.1002D+00   0.0000D+00   0.2226D-01   0.0000D+00   0.0000D+00   0.0000D+00   0.4028D+00   0.0000D+00   0.6534D-01   0.0000D+00   0.1454D+00   0.0000D+00
   0.0000D+00   0.0000D+00   0.0000D+00   0.0000D+00   0.0000D+00   0.0000D+00   0.0000D+00   0.0000D+00
  -0.3184D+00   0.3444D-01  -0.2802D+00   0.2030D-01   0.2131D-01  -0.1689D-01  -0.1950D+00   0.3687D-02  -0.3184D+00   0.3444D-01  -0.2802D+00   0.2030D-01
   0.3928D+00  -0.1663D-01   0.6552D-01  -0.5282D-02   0.1061D+00  -0.3420D-01   0.1061D+00   0.0000D+00   0.2600D-01   0.2547D-02  -0.2528D-02   0.8335D-02   0.3928D+00  -0.1663D-01   0.6552D-01  -0.5282D-02   0.1061D+00  -0.3420D-01
  -0.1570D-02  -0.4758D-02  -0.2395D-02  -0.5562D-02  -0.1570D-02  -0.4758D-02  -0.2395D-02  -0.5562D-02
  2.000  1.000
  -0.3078D+00   0.0000D+00  -0.2475D+00   0.0000D+00   0.0000D+00   0.0000D+00  -0.1662D+00   0.0000D+00  -0.3078D+00   0.0000D+00  -0.2475D+00   0.0000D+00
   0.4028D+00   0.0000D+00   0.6534D-01   0.0000D+00   0.1454D+00   0.0000D+00   0.1002D+00   0.0000D+00   0.2226D-01   0.0000D+00   0.0000D+00   0.0000D+00   0.4028D+00   0.0000D+00   0.6534D-01   0.0000D+00   0.1454D+00   0.0000D+00
   0.0000D+00   0.0000D+00   0.0000D+00   0.0000D+00   0.0000D+00   0.0000D+00   0.0000D+00   0.0000D+00
  -0.3179D+00   0.2920D-01  -0.2761D+00   0.1721D-01   0.1807D-01  -0.1432D-01  -0.1912D+00   0.3126D-02  -0.3179D+00   0.2920D-01  -0.2761D+00   0.1721D-01
   0.3937D+00  -0.1531D-01   0.6552D-01  -0.4863D-02   0.1093D+00  -0.3149D-01   0.1057D+00   0.0000D+00   0.2571D-01   0.2345D-02  -0.2328D-02   0.7674D-02   0.3937D+00  -0.1531D-01   0.6552D-01  -0.4863D-02   0.1093D+00  -0.3149D-01
  -0.1445D-02  -0.4381D-02  -0.2205D-02  -0.5121D-02  -0.1445D-02  -0.4381D-02  -0.2205D-02  -0.5121D-02
  2.000  2.000
  -0.2853D+00   0.0000D+00  -0.2294D+00   0.0000D+00   0.0000D+00   0.0000D+00  -0.1541D+00   0.0000D+00  -0.2853D+00   0.0000D+00  -0.2294D+00   0.0000D+00
   0.4028D+00   0.0000D+00   0.6534D-01   0.0000D+00   0.1454D+00   0.0000D+00   0.1002D+00   0.0000D+00   0.2226D-01   0.0000D+00   0.0000D+00   0.0000D+00   0.4028D+00   0.0000D+00   0.6534D-01   0.0000D+00   0.1454D+00   0.0000D+00
   0.0000D+00   0.0000D+00   0.0000D+00   0.0000D+00   0.0000D+00   0.0000D+00   0.0000D+00   0.0000D+00
  -0.3142D+00   0.2508D-01  -0.2702D+00   0.1478D-01   0.1552D-01  -0.1230D-01  -0.1864D+00   0.2686D-02  -0.3142D+00   0.2508D-01  -0.2702D+00   0.1478D-01
   0.3944D+00  -0.1419D-01   0.6551D-01  -0.4507D-02   0.1119D+00  -0.2919D-01   0.1053D+00   0.0000D+00   0.2546D-01   0.2173D-02  -0.2157D-02   0.7113D-02   0.3944D+00  -0.1419D-01   0.6551D-01  -0.4507D-02   0.1119D+00  -0.2919D-01
  -0.1340D-02  -0.4061D-02  -0.2044D-02  -0.4747D-02  -0.1340D-02  -0.4061D-02  -0.2044D-02  -0.4747D-02
