 LHC=           1 sqrts=   8000.0000000000000      ang=           4 mode=fital                                                                                               scalescheme=           1 R=  0.69999999999999996     
 CT10nlo_rand5678                                                                                             225
 Bin information: chid, chiu, md, mu, mu0
   0.0000000000000000       0.50000000000000000        638.00000000000000        686.00000000000000        662.00000000000000     
 9 scales(muf, mur)*(LO(38), NLO(38))
  0.500  0.500
  -0.4602D+00   0.0000D+00  -0.3970D+00   0.0000D+00   0.0000D+00   0.0000D+00  -0.2787D+00   0.0000D+00  -0.4602D+00   0.0000D+00  -0.3970D+00   0.0000D+00
   0.5015D+00   0.0000D+00   0.8274D-01   0.0000D+00   0.1729D+00   0.0000D+00   0.1320D+00   0.0000D+00   0.2933D-01   0.0000D+00   0.0000D+00   0.0000D+00   0.5015D+00   0.0000D+00   0.8274D-01   0.0000D+00   0.1729D+00   0.0000D+00
   0.0000D+00   0.0000D+00   0.0000D+00   0.0000D+00   0.0000D+00   0.0000D+00   0.0000D+00   0.0000D+00
  -0.3526D+00   0.5164D-01  -0.3448D+00   0.3016D-01   0.3216D-01  -0.2631D-01  -0.2537D+00   0.4794D-02  -0.3526D+00   0.5164D-01  -0.3448D+00   0.3016D-01
   0.4099D+00  -0.1994D-01   0.6971D-01  -0.6511D-02   0.9529D-01  -0.4318D-01   0.1172D+00   0.0000D+00   0.2922D-01   0.3384D-02  -0.3064D-02   0.1108D-01   0.4099D+00  -0.1994D-01   0.6971D-01  -0.6511D-02   0.9529D-01  -0.4318D-01
  -0.1855D-02  -0.5740D-02  -0.3095D-02  -0.7218D-02  -0.1855D-02  -0.5740D-02  -0.3095D-02  -0.7218D-02
  0.500  1.000
  -0.4235D+00   0.0000D+00  -0.3653D+00   0.0000D+00   0.0000D+00   0.0000D+00  -0.2564D+00   0.0000D+00  -0.4235D+00   0.0000D+00  -0.3653D+00   0.0000D+00
   0.5015D+00   0.0000D+00   0.8274D-01   0.0000D+00   0.1729D+00   0.0000D+00   0.1320D+00   0.0000D+00   0.2933D-01   0.0000D+00   0.0000D+00   0.0000D+00   0.5015D+00   0.0000D+00   0.8274D-01   0.0000D+00   0.1729D+00   0.0000D+00
   0.0000D+00   0.0000D+00   0.0000D+00   0.0000D+00   0.0000D+00   0.0000D+00   0.0000D+00   0.0000D+00
  -0.3650D+00   0.4372D-01  -0.3493D+00   0.2553D-01   0.2723D-01  -0.2227D-01  -0.2550D+00   0.4058D-02  -0.3650D+00   0.4372D-01  -0.3493D+00   0.2553D-01
   0.4174D+00  -0.1835D-01   0.7077D-01  -0.5991D-02   0.1015D+00  -0.3973D-01   0.1184D+00   0.0000D+00   0.2924D-01   0.3114D-02  -0.2819D-02   0.1019D-01   0.4174D+00  -0.1835D-01   0.7077D-01  -0.5991D-02   0.1015D+00  -0.3973D-01
  -0.1707D-02  -0.5282D-02  -0.2847D-02  -0.6641D-02  -0.1707D-02  -0.5282D-02  -0.2847D-02  -0.6641D-02
  0.500  2.000
  -0.3922D+00   0.0000D+00  -0.3383D+00   0.0000D+00   0.0000D+00   0.0000D+00  -0.2375D+00   0.0000D+00  -0.3922D+00   0.0000D+00  -0.3383D+00   0.0000D+00
   0.5015D+00   0.0000D+00   0.8274D-01   0.0000D+00   0.1729D+00   0.0000D+00   0.1320D+00   0.0000D+00   0.2933D-01   0.0000D+00   0.0000D+00   0.0000D+00   0.5015D+00   0.0000D+00   0.8274D-01   0.0000D+00   0.1729D+00   0.0000D+00
   0.0000D+00   0.0000D+00   0.0000D+00   0.0000D+00   0.0000D+00   0.0000D+00   0.0000D+00   0.0000D+00
  -0.3701D+00   0.3751D-01  -0.3488D+00   0.2191D-01   0.2336D-01  -0.1911D-01  -0.2533D+00   0.3482D-02  -0.3701D+00   0.3751D-01  -0.3488D+00   0.2191D-01
   0.4237D+00  -0.1700D-01   0.7167D-01  -0.5549D-02   0.1068D+00  -0.3680D-01   0.1194D+00   0.0000D+00   0.2925D-01   0.2884D-02  -0.2612D-02   0.9439D-02   0.4237D+00  -0.1700D-01   0.7167D-01  -0.5549D-02   0.1068D+00  -0.3680D-01
  -0.1581D-02  -0.4892D-02  -0.2637D-02  -0.6151D-02  -0.1581D-02  -0.4892D-02  -0.2637D-02  -0.6151D-02
  1.000  0.500
  -0.4236D+00   0.0000D+00  -0.3656D+00   0.0000D+00   0.0000D+00   0.0000D+00  -0.2551D+00   0.0000D+00  -0.4236D+00   0.0000D+00  -0.3656D+00   0.0000D+00
   0.4611D+00   0.0000D+00   0.7600D-01   0.0000D+00   0.1588D+00   0.0000D+00   0.1208D+00   0.0000D+00   0.2684D-01   0.0000D+00   0.0000D+00   0.0000D+00   0.4611D+00   0.0000D+00   0.7600D-01   0.0000D+00   0.1588D+00   0.0000D+00
   0.0000D+00   0.0000D+00   0.0000D+00   0.0000D+00   0.0000D+00   0.0000D+00   0.0000D+00   0.0000D+00
  -0.3567D+00   0.4751D-01  -0.3478D+00   0.2768D-01   0.2974D-01  -0.2409D-01  -0.2534D+00   0.4468D-02  -0.3567D+00   0.4751D-01  -0.3478D+00   0.2768D-01
   0.4132D+00  -0.1833D-01   0.7022D-01  -0.5986D-02   0.9942D-01  -0.3962D-01   0.1173D+00   0.0000D+00   0.2901D-01   0.3097D-02  -0.2798D-02   0.1013D-01   0.4132D+00  -0.1833D-01   0.7022D-01  -0.5986D-02   0.9942D-01  -0.3962D-01
  -0.1706D-02  -0.5280D-02  -0.2846D-02  -0.6613D-02  -0.1706D-02  -0.5280D-02  -0.2846D-02  -0.6613D-02
  1.000  1.000
  -0.3897D+00   0.0000D+00  -0.3364D+00   0.0000D+00   0.0000D+00   0.0000D+00  -0.2347D+00   0.0000D+00  -0.3897D+00   0.0000D+00  -0.3364D+00   0.0000D+00
   0.4611D+00   0.0000D+00   0.7600D-01   0.0000D+00   0.1588D+00   0.0000D+00   0.1208D+00   0.0000D+00   0.2684D-01   0.0000D+00   0.0000D+00   0.0000D+00   0.4611D+00   0.0000D+00   0.7600D-01   0.0000D+00   0.1588D+00   0.0000D+00
   0.0000D+00   0.0000D+00   0.0000D+00   0.0000D+00   0.0000D+00   0.0000D+00   0.0000D+00   0.0000D+00
  -0.3632D+00   0.4022D-01  -0.3473D+00   0.2343D-01   0.2517D-01  -0.2039D-01  -0.2514D+00   0.3783D-02  -0.3632D+00   0.4022D-01  -0.3473D+00   0.2343D-01
   0.4172D+00  -0.1687D-01   0.7069D-01  -0.5508D-02   0.1042D+00  -0.3646D-01   0.1176D+00   0.0000D+00   0.2884D-01   0.2849D-02  -0.2574D-02   0.9325D-02   0.4172D+00  -0.1687D-01   0.7069D-01  -0.5508D-02   0.1042D+00  -0.3646D-01
  -0.1570D-02  -0.4858D-02  -0.2619D-02  -0.6085D-02  -0.1570D-02  -0.4858D-02  -0.2619D-02  -0.6085D-02
  1.000  2.000
  -0.3610D+00   0.0000D+00  -0.3116D+00   0.0000D+00   0.0000D+00   0.0000D+00  -0.2174D+00   0.0000D+00  -0.3610D+00   0.0000D+00  -0.3116D+00   0.0000D+00
   0.4611D+00   0.0000D+00   0.7600D-01   0.0000D+00   0.1588D+00   0.0000D+00   0.1208D+00   0.0000D+00   0.2684D-01   0.0000D+00   0.0000D+00   0.0000D+00   0.4611D+00   0.0000D+00   0.7600D-01   0.0000D+00   0.1588D+00   0.0000D+00
   0.0000D+00   0.0000D+00   0.0000D+00   0.0000D+00   0.0000D+00   0.0000D+00   0.0000D+00   0.0000D+00
  -0.3640D+00   0.3451D-01  -0.3432D+00   0.2010D-01   0.2160D-01  -0.1749D-01  -0.2473D+00   0.3245D-02  -0.3640D+00   0.3451D-01  -0.3432D+00   0.2010D-01
   0.4205D+00  -0.1562D-01   0.7110D-01  -0.5102D-02   0.1083D+00  -0.3377D-01   0.1178D+00   0.0000D+00   0.2870D-01   0.2639D-02  -0.2385D-02   0.8637D-02   0.4205D+00  -0.1562D-01   0.7110D-01  -0.5102D-02   0.1083D+00  -0.3377D-01
  -0.1454D-02  -0.4500D-02  -0.2425D-02  -0.5636D-02  -0.1454D-02  -0.4500D-02  -0.2425D-02  -0.5636D-02
  2.000  0.500
  -0.3919D+00   0.0000D+00  -0.3391D+00   0.0000D+00   0.0000D+00   0.0000D+00  -0.2348D+00   0.0000D+00  -0.3919D+00   0.0000D+00  -0.3391D+00   0.0000D+00
   0.4257D+00   0.0000D+00   0.7017D-01   0.0000D+00   0.1471D+00   0.0000D+00   0.1110D+00   0.0000D+00   0.2467D-01   0.0000D+00   0.0000D+00   0.0000D+00   0.4257D+00   0.0000D+00   0.7017D-01   0.0000D+00   0.1471D+00   0.0000D+00
   0.0000D+00   0.0000D+00   0.0000D+00   0.0000D+00   0.0000D+00   0.0000D+00   0.0000D+00   0.0000D+00
  -0.3667D+00   0.4408D-01  -0.3509D+00   0.2558D-01   0.2710D-01  -0.2217D-01  -0.2533D+00   0.4184D-02  -0.3667D+00   0.4408D-01  -0.3509D+00   0.2558D-01
   0.4166D+00  -0.1697D-01   0.7083D-01  -0.5536D-02   0.1050D+00  -0.3650D-01   0.1175D+00   0.0000D+00   0.2880D-01   0.2847D-02  -0.2567D-02   0.9319D-02   0.4166D+00  -0.1697D-01   0.7083D-01  -0.5536D-02   0.1050D+00  -0.3650D-01
  -0.1584D-02  -0.4861D-02  -0.2633D-02  -0.6088D-02  -0.1584D-02  -0.4861D-02  -0.2633D-02  -0.6088D-02
  2.000  1.000
  -0.3606D+00   0.0000D+00  -0.3120D+00   0.0000D+00   0.0000D+00   0.0000D+00  -0.2160D+00   0.0000D+00  -0.3606D+00   0.0000D+00  -0.3120D+00   0.0000D+00
   0.4257D+00   0.0000D+00   0.7017D-01   0.0000D+00   0.1471D+00   0.0000D+00   0.1110D+00   0.0000D+00   0.2467D-01   0.0000D+00   0.0000D+00   0.0000D+00   0.4257D+00   0.0000D+00   0.7017D-01   0.0000D+00   0.1471D+00   0.0000D+00
   0.0000D+00   0.0000D+00   0.0000D+00   0.0000D+00   0.0000D+00   0.0000D+00   0.0000D+00   0.0000D+00
  -0.3671D+00   0.3732D-01  -0.3461D+00   0.2166D-01   0.2294D-01  -0.1877D-01  -0.2484D+00   0.3542D-02  -0.3671D+00   0.3732D-01  -0.3461D+00   0.2166D-01
   0.4174D+00  -0.1561D-01   0.7080D-01  -0.5094D-02   0.1084D+00  -0.3358D-01   0.1170D+00   0.0000D+00   0.2848D-01   0.2620D-02  -0.2362D-02   0.8574D-02   0.4174D+00  -0.1561D-01   0.7080D-01  -0.5094D-02   0.1084D+00  -0.3358D-01
  -0.1458D-02  -0.4473D-02  -0.2423D-02  -0.5602D-02  -0.1458D-02  -0.4473D-02  -0.2423D-02  -0.5602D-02
  2.000  2.000
  -0.3340D+00   0.0000D+00  -0.2890D+00   0.0000D+00   0.0000D+00   0.0000D+00  -0.2001D+00   0.0000D+00  -0.3340D+00   0.0000D+00  -0.2890D+00   0.0000D+00
   0.4257D+00   0.0000D+00   0.7017D-01   0.0000D+00   0.1471D+00   0.0000D+00   0.1110D+00   0.0000D+00   0.2467D-01   0.0000D+00   0.0000D+00   0.0000D+00   0.4257D+00   0.0000D+00   0.7017D-01   0.0000D+00   0.1471D+00   0.0000D+00
   0.0000D+00   0.0000D+00   0.0000D+00   0.0000D+00   0.0000D+00   0.0000D+00   0.0000D+00   0.0000D+00
  -0.3635D+00   0.3201D-01  -0.3389D+00   0.1858D-01   0.1968D-01  -0.1611D-01  -0.2422D+00   0.3039D-02  -0.3635D+00   0.3201D-01  -0.3389D+00   0.1858D-01
   0.4181D+00  -0.1446D-01   0.7076D-01  -0.4718D-02   0.1113D+00  -0.3110D-01   0.1166D+00   0.0000D+00   0.2820D-01   0.2427D-02  -0.2188D-02   0.7942D-02   0.4181D+00  -0.1446D-01   0.7076D-01  -0.4718D-02   0.1113D+00  -0.3110D-01
  -0.1350D-02  -0.4143D-02  -0.2244D-02  -0.5188D-02  -0.1350D-02  -0.4143D-02  -0.2244D-02  -0.5188D-02
